0 0.839844 0.222656 0.835938 0.226562 0.832031 0.226562 0.828125 0.230469 0.828125 0.257812 0.832031 0.261719 0.832031 0.265625 0.84375 0.277344 0.847656 0.277344 0.851562 0.28125 0.855469 0.28125 0.859375 0.277344 0.863281 0.277344 0.867188 0.273438 0.867188 0.269531 0.871094 0.265625 0.871094 0.25 0.867188 0.246094 0.867188 0.242188 0.851562 0.226562 0.847656 0.226562 0.84375 0.222656
0 0.152344 0.257812 0.144531 0.265625 0.144531 0.277344 0.148438 0.28125 0.148438 0.285156 0.15625 0.292969 0.171875 0.292969 0.179688 0.285156 0.179688 0.265625 0.175781 0.265625 0.167969 0.257812
0 0.332031 0.347656 0.328125 0.351562 0.320312 0.351562 0.300781 0.371094 0.300781 0.390625 0.308594 0.398438 0.324219 0.398438 0.332031 0.390625 0.335938 0.390625 0.34375 0.382812 0.347656 0.382812 0.347656 0.378906 0.351562 0.375 0.355469 0.375 0.359375 0.371094 0.359375 0.355469 0.355469 0.351562 0.351562 0.351562 0.347656 0.347656
0 0.179688 0.796875 0.175781 0.800781 0.164062 0.800781 0.160156 0.804688 0.15625 0.804688 0.136719 0.824219 0.136719 0.835938 0.144531 0.84375 0.160156 0.84375 0.164062 0.839844 0.171875 0.839844 0.175781 0.835938 0.179688 0.835938 0.1875 0.828125 0.191406 0.828125 0.195312 0.824219 0.195312 0.808594 0.1875 0.800781 0.183594 0.800781
0 0.132812 0.386719 0.128906 0.390625 0.125 0.390625 0.113281 0.402344 0.113281 0.414062 0.117188 0.417969 0.117188 0.421875 0.121094 0.425781 0.125 0.425781 0.128906 0.429688 0.15625 0.429688 0.171875 0.414062 0.171875 0.40625 0.167969 0.402344 0.167969 0.398438 0.15625 0.386719
0 0.300781 0.257812 0.296875 0.261719 0.292969 0.261719 0.292969 0.265625 0.289062 0.269531 0.292969 0.273438 0.292969 0.277344 0.296875 0.28125 0.296875 0.285156 0.300781 0.289062 0.304688 0.289062 0.3125 0.296875 0.320312 0.296875 0.324219 0.300781 0.328125 0.300781 0.332031 0.296875 0.339844 0.296875 0.339844 0.292969 0.34375 0.289062 0.34375 0.277344 0.328125 0.261719 0.320312 0.261719 0.316406 0.257812
0 0.855469 0.523438 0.851562 0.527344 0.851562 0.53125 0.847656 0.535156 0.847656 0.550781 0.851562 0.554688 0.851562 0.558594 0.863281 0.570312 0.867188 0.570312 0.871094 0.574219 0.886719 0.574219 0.894531 0.566406 0.894531 0.550781 0.890625 0.546875 0.890625 0.542969 0.886719 0.539062 0.886719 0.535156 0.878906 0.527344 0.875 0.527344 0.871094 0.523438
0 0.972656 0.726562 0.957031 0.742188 0.957031 0.746094 0.953125 0.75 0.953125 0.761719 0.957031 0.765625 0.957031 0.769531 0.960938 0.769531 0.964844 0.773438 0.972656 0.773438 0.976562 0.769531 0.980469 0.769531 0.992188 0.757812 0.992188 0.746094 0.996094 0.742188 0.996094 0.738281 0.992188 0.734375 0.992188 0.730469 0.988281 0.730469 0.984375 0.726562
0 0.273438 0.574219 0.265625 0.582031 0.261719 0.582031 0.261719 0.585938 0.257812 0.589844 0.257812 0.605469 0.265625 0.605469 0.269531 0.609375 0.273438 0.609375 0.277344 0.613281 0.304688 0.613281 0.308594 0.609375 0.308594 0.605469 0.3125 0.601562 0.3125 0.589844 0.308594 0.585938 0.308594 0.582031 0.304688 0.582031 0.300781 0.578125 0.289062 0.578125 0.285156 0.574219
0 0.328125 0.46875 0.324219 0.472656 0.320312 0.472656 0.316406 0.476562 0.316406 0.496094 0.324219 0.503906 0.328125 0.503906 0.332031 0.507812 0.339844 0.507812 0.34375 0.511719 0.367188 0.511719 0.371094 0.507812 0.375 0.507812 0.375 0.503906 0.378906 0.5 0.378906 0.488281 0.367188 0.476562 0.363281 0.476562 0.359375 0.472656 0.351562 0.472656 0.347656 0.46875
0 0.25 0 0.261719 0.0117188 0.28125 0.0117188 0.289062 0.00390625 0.289062 0
0 0.574219 0.859375 0.570312 0.863281 0.566406 0.863281 0.554688 0.875 0.554688 0.878906 0.550781 0.882812 0.550781 0.890625 0.558594 0.898438 0.5625 0.898438 0.566406 0.902344 0.574219 0.902344 0.578125 0.898438 0.582031 0.898438 0.597656 0.882812 0.597656 0.867188 0.59375 0.863281 0.59375 0.859375
0 0.632812 0.175781 0.632812 0.179688 0.625 0.1875 0.625 0.207031 0.628906 0.210938 0.628906 0.214844 0.632812 0.21875 0.632812 0.222656 0.636719 0.226562 0.652344 0.226562 0.65625 0.222656 0.65625 0.214844 0.660156 0.210938 0.660156 0.195312 0.65625 0.191406 0.65625 0.1875 0.652344 0.183594 0.652344 0.179688 0.648438 0.175781
0 0.0976562 0 0.0976562 0.0117188 0.101562 0.015625 0.105469 0.015625 0.109375 0.0195312 0.121094 0.0195312 0.125 0.015625 0.128906 0.015625 0.144531 0
0 0.652344 0.632812 0.644531 0.640625 0.640625 0.640625 0.632812 0.648438 0.632812 0.652344 0.625 0.660156 0.625 0.671875 0.636719 0.683594 0.644531 0.683594 0.648438 0.679688 0.65625 0.679688 0.664062 0.671875 0.664062 0.667969 0.667969 0.664062 0.667969 0.660156 0.671875 0.65625 0.671875 0.648438 0.667969 0.644531 0.667969 0.640625 0.660156 0.632812
0 0.347656 0.125 0.34375 0.128906 0.339844 0.128906 0.339844 0.132812 0.335938 0.136719 0.332031 0.136719 0.332031 0.164062 0.335938 0.167969 0.339844 0.167969 0.34375 0.171875 0.347656 0.171875 0.351562 0.175781 0.371094 0.175781 0.375 0.171875 0.378906 0.171875 0.382812 0.167969 0.382812 0.148438 0.378906 0.144531 0.378906 0.140625 0.367188 0.128906 0.363281 0.128906 0.359375 0.125
0 0.421875 0.199219 0.414062 0.207031 0.414062 0.222656 0.417969 0.226562 0.417969 0.230469 0.421875 0.234375 0.425781 0.234375 0.433594 0.242188 0.4375 0.242188 0.441406 0.246094 0.445312 0.246094 0.449219 0.25 0.460938 0.25 0.464844 0.246094 0.464844 0.242188 0.46875 0.238281 0.46875 0.226562 0.460938 0.21875 0.460938 0.214844 0.453125 0.207031 0.453125 0.203125 0.449219 0.199219
0 0.238281 0.207031 0.234375 0.210938 0.234375 0.230469 0.25 0.246094 0.273438 0.246094 0.277344 0.242188 0.28125 0.242188 0.289062 0.234375 0.289062 0.222656 0.277344 0.210938 0.273438 0.210938 0.269531 0.207031
0 0.894531 0.664062 0.890625 0.667969 0.886719 0.667969 0.867188 0.6875 0.867188 0.691406 0.863281 0.695312 0.863281 0.707031 0.871094 0.714844 0.878906 0.714844 0.882812 0.71875 0.886719 0.714844 0.890625 0.71875 0.894531 0.714844 0.898438 0.714844 0.90625 0.707031 0.910156 0.707031 0.910156 0.703125 0.914062 0.699219 0.914062 0.691406 0.917969 0.6875 0.917969 0.683594 0.914062 0.679688 0.914062 0.671875 0.910156 0.667969 0.898438 0.667969
0 0.0703125 0.796875 0.0664062 0.800781 0.0625 0.800781 0.0585938 0.804688 0.0585938 0.820312 0.0703125 0.832031 0.0742188 0.832031 0.078125 0.835938 0.101562 0.835938 0.113281 0.824219 0.113281 0.808594 0.109375 0.804688 0.105469 0.804688 0.101562 0.800781 0.09375 0.800781 0.0898438 0.796875
0 0.441406 0.875 0.429688 0.886719 0.429688 0.890625 0.425781 0.894531 0.425781 0.898438 0.421875 0.902344 0.421875 0.921875 0.425781 0.925781 0.429688 0.925781 0.433594 0.929688 0.4375 0.925781 0.441406 0.925781 0.445312 0.921875 0.449219 0.921875 0.460938 0.910156 0.460938 0.90625 0.464844 0.902344 0.464844 0.878906 0.460938 0.875
0 0.539062 0.253906 0.527344 0.265625 0.527344 0.285156 0.539062 0.296875 0.546875 0.296875 0.550781 0.292969 0.554688 0.292969 0.558594 0.289062 0.558594 0.285156 0.5625 0.28125 0.5625 0.257812 0.554688 0.257812 0.550781 0.253906
0 0.761719 0.804688 0.757812 0.808594 0.753906 0.808594 0.742188 0.820312 0.738281 0.820312 0.734375 0.824219 0.734375 0.828125 0.730469 0.832031 0.730469 0.84375 0.734375 0.847656 0.738281 0.847656 0.742188 0.851562 0.75 0.851562 0.753906 0.847656 0.761719 0.847656 0.765625 0.84375 0.769531 0.84375 0.777344 0.835938 0.78125 0.835938 0.78125 0.832031 0.789062 0.824219 0.789062 0.816406 0.785156 0.8125 0.785156 0.808594 0.78125 0.808594 0.777344 0.804688
0 0.0703125 0.648438 0.0664062 0.652344 0.0625 0.652344 0.0625 0.65625 0.0546875 0.664062 0.0546875 0.679688 0.0585938 0.683594 0.0585938 0.6875 0.0625 0.6875 0.0703125 0.695312 0.101562 0.695312 0.105469 0.691406 0.109375 0.691406 0.109375 0.6875 0.113281 0.683594 0.113281 0.664062 0.0976562 0.648438
0 0.390625 0.0195312 0.386719 0.0234375 0.386719 0.0273438 0.382812 0.03125 0.382812 0.0429688 0.386719 0.046875 0.386719 0.0507812 0.390625 0.0546875 0.394531 0.0546875 0.402344 0.0625 0.421875 0.0625 0.425781 0.0585938 0.425781 0.0390625 0.421875 0.0351562 0.421875 0.03125 0.410156 0.0195312
0 0.683594 0.695312 0.675781 0.703125 0.671875 0.703125 0.671875 0.707031 0.660156 0.71875 0.660156 0.722656 0.65625 0.726562 0.65625 0.742188 0.664062 0.75 0.671875 0.75 0.675781 0.746094 0.683594 0.746094 0.691406 0.738281 0.695312 0.738281 0.695312 0.734375 0.703125 0.726562 0.703125 0.722656 0.707031 0.71875 0.707031 0.707031 0.695312 0.695312
0 0.761719 0.433594 0.75 0.445312 0.75 0.449219 0.746094 0.453125 0.746094 0.464844 0.75 0.46875 0.753906 0.46875 0.757812 0.472656 0.761719 0.472656 0.765625 0.476562 0.785156 0.476562 0.789062 0.472656 0.792969 0.472656 0.796875 0.46875 0.800781 0.46875 0.804688 0.464844 0.804688 0.441406 0.800781 0.4375 0.796875 0.4375 0.792969 0.433594
0 0.503906 0.0234375 0.496094 0.03125 0.496094 0.046875 0.511719 0.0625 0.515625 0.0625 0.519531 0.0664062 0.523438 0.0664062 0.527344 0.0703125 0.546875 0.0703125 0.550781 0.0664062 0.550781 0.0546875 0.546875 0.0507812 0.546875 0.046875 0.527344 0.0273438 0.523438 0.0273438 0.519531 0.0234375
0 0.4375 0.105469 0.433594 0.109375 0.429688 0.109375 0.429688 0.132812 0.441406 0.144531 0.445312 0.144531 0.449219 0.148438 0.457031 0.148438 0.460938 0.144531 0.464844 0.144531 0.46875 0.140625 0.46875 0.125 0.464844 0.121094 0.464844 0.117188 0.460938 0.113281 0.457031 0.113281 0.449219 0.105469
0 0.183594 0.0820312 0.171875 0.09375 0.171875 0.0976562 0.167969 0.101562 0.167969 0.113281 0.175781 0.121094 0.179688 0.121094 0.183594 0.125 0.1875 0.125 0.191406 0.121094 0.195312 0.121094 0.214844 0.101562 0.214844 0.0976562 0.210938 0.09375 0.210938 0.0898438 0.207031 0.0859375 0.203125 0.0859375 0.199219 0.0820312
0 0.164062 0.296875 0.160156 0.300781 0.15625 0.300781 0.148438 0.308594 0.148438 0.324219 0.15625 0.332031 0.160156 0.332031 0.164062 0.335938 0.191406 0.335938 0.203125 0.324219 0.203125 0.3125 0.195312 0.304688 0.191406 0.304688 0.183594 0.296875
0 0.566406 0.441406 0.542969 0.464844 0.542969 0.46875 0.539062 0.472656 0.539062 0.480469 0.535156 0.484375 0.535156 0.5 0.53125 0.503906 0.53125 0.511719 0.535156 0.515625 0.535156 0.523438 0.542969 0.53125 0.558594 0.53125 0.5625 0.527344 0.566406 0.527344 0.570312 0.523438 0.570312 0.519531 0.578125 0.511719 0.578125 0.507812 0.582031 0.503906 0.582031 0.5 0.585938 0.496094 0.585938 0.488281 0.589844 0.484375 0.589844 0.449219 0.582031 0.441406
0 0.238281 0.25 0.230469 0.257812 0.226562 0.257812 0.214844 0.269531 0.214844 0.292969 0.226562 0.304688 0.234375 0.304688 0.238281 0.300781 0.242188 0.300781 0.246094 0.296875 0.25 0.296875 0.261719 0.285156 0.261719 0.28125 0.265625 0.277344 0.265625 0.265625 0.261719 0.261719 0.261719 0.253906 0.257812 0.25
0 0 0.640625 0 0.679688 0.00390625 0.679688 0.0078125 0.683594 0.0195312 0.683594 0.0234375 0.679688 0.0273438 0.679688 0.03125 0.675781 0.0351562 0.675781 0.0351562 0.652344 0.03125 0.648438 0.0273438 0.648438 0.0234375 0.644531 0.0195312 0.644531 0.015625 0.640625
0 0.691406 0.03125 0.691406 0.0351562 0.6875 0.0390625 0.6875 0.0429688 0.691406 0.046875 0.691406 0.0507812 0.703125 0.0625 0.707031 0.0625 0.714844 0.0703125 0.730469 0.0703125 0.738281 0.0625 0.738281 0.0507812 0.730469 0.0429688 0.726562 0.0429688 0.71875 0.0351562 0.714844 0.0351562 0.710938 0.03125
0 0.0703125 0.507812 0.0664062 0.511719 0.0625 0.511719 0.0546875 0.519531 0.0546875 0.535156 0.0625 0.542969 0.0664062 0.542969 0.0703125 0.546875 0.0859375 0.546875 0.0898438 0.542969 0.101562 0.542969 0.105469 0.539062 0.105469 0.535156 0.109375 0.53125 0.109375 0.519531 0.0976562 0.507812
