0 0.7875 0.554688 0.784375 0.558594 0.78125 0.558594 0.778125 0.5625 0.778125 0.566406 0.775 0.570312 0.775 0.574219 0.76875 0.582031 0.76875 0.589844 0.7625 0.597656 0.7625 0.613281 0.759375 0.617188 0.759375 0.621094 0.7625 0.621094 0.76875 0.628906 0.771875 0.628906 0.778125 0.636719 0.78125 0.632812 0.784375 0.632812 0.7875 0.636719 0.79375 0.636719 0.796875 0.640625 0.8 0.640625 0.80625 0.632812 0.809375 0.632812 0.8125 0.628906 0.815625 0.628906 0.815625 0.625 0.81875 0.621094 0.825 0.621094 0.828125 0.617188 0.8375 0.617188 0.8375 0.605469 0.840625 0.601562 0.840625 0.585938 0.828125 0.570312 0.828125 0.566406 0.825 0.5625 0.825 0.558594 0.8125 0.558594 0.809375 0.554688
0 0.425 0.078125 0.421875 0.0820312 0.421875 0.0859375 0.425 0.0898438 0.421875 0.09375 0.41875 0.09375 0.41875 0.0976562 0.4125 0.105469 0.415625 0.109375 0.415625 0.113281 0.421875 0.121094 0.425 0.121094 0.428125 0.125 0.428125 0.128906 0.43125 0.125 0.434375 0.125 0.4375 0.121094 0.440625 0.125 0.44375 0.125 0.44375 0.113281 0.440625 0.113281 0.4375 0.109375 0.4375 0.0820312 0.434375 0.078125
0 0.65 0.140625 0.65 0.164062 0.665625 0.164062 0.665625 0.140625
0 0.2875 0.496094 0.284375 0.5 0.278125 0.5 0.265625 0.515625 0.265625 0.519531 0.2625 0.523438 0.2625 0.53125 0.265625 0.535156 0.265625 0.546875 0.259375 0.554688 0.259375 0.558594 0.2625 0.5625 0.2625 0.574219 0.271875 0.585938 0.271875 0.589844 0.290625 0.589844 0.29375 0.59375 0.303125 0.59375 0.30625 0.589844 0.309375 0.59375 0.3125 0.59375 0.315625 0.589844 0.31875 0.589844 0.33125 0.574219 0.334375 0.574219 0.334375 0.519531 0.33125 0.515625 0.33125 0.511719 0.325 0.503906 0.321875 0.503906 0.31875 0.5 0.3125 0.5 0.309375 0.496094
0 0.540625 0.109375 0.5375 0.113281 0.521875 0.113281 0.515625 0.121094 0.515625 0.125 0.5125 0.128906 0.5125 0.144531 0.509375 0.148438 0.5125 0.152344 0.5125 0.167969 0.515625 0.171875 0.515625 0.179688 0.525 0.191406 0.53125 0.191406 0.534375 0.195312 0.546875 0.195312 0.55 0.199219 0.55 0.1875 0.553125 0.183594 0.553125 0.179688 0.55625 0.175781 0.55625 0.15625 0.553125 0.152344 0.553125 0.128906 0.55 0.125 0.55 0.117188 0.546875 0.113281 0.54375 0.113281
0 0.103125 0.378906 0.1 0.382812 0.1 0.386719 0.096875 0.390625 0.096875 0.40625 0.09375 0.410156 0.090625 0.410156 0.090625 0.414062 0.0875 0.417969 0.0875 0.445312 0.090625 0.445312 0.09375 0.449219 0.096875 0.449219 0.10625 0.4375 0.109375 0.441406 0.109375 0.445312 0.1125 0.441406 0.1125 0.4375 0.115625 0.433594 0.11875 0.433594 0.121875 0.4375 0.125 0.4375 0.128125 0.441406 0.128125 0.449219 0.13125 0.453125 0.13125 0.457031 0.134375 0.457031 0.13125 0.453125 0.13125 0.441406 0.134375 0.4375 0.134375 0.425781 0.1375 0.421875 0.1375 0.414062 0.134375 0.414062 0.13125 0.410156 0.1375 0.402344 0.13125 0.394531 0.125 0.394531 0.11875 0.386719 0.115625 0.386719 0.1125 0.382812 0.109375 0.382812 0.10625 0.378906
0 0.7625 0.1875 0.759375 0.191406 0.759375 0.207031 0.7625 0.210938 0.78125 0.210938 0.78125 0.1875
0 0.89375 0.0703125 0.89375 0.0820312 0.896875 0.0859375 0.9 0.0859375 0.90625 0.09375 0.90625 0.0976562 0.909375 0.101562 0.915625 0.101562 0.915625 0.0898438 0.909375 0.0820312 0.909375 0.078125 0.90625 0.0742188 0.90625 0.0703125
0 0.078125 0.777344 0.078125 0.824219 0.08125 0.824219 0.084375 0.828125 0.10625 0.828125 0.109375 0.824219 0.109375 0.820312 0.1125 0.816406 0.1125 0.789062 0.109375 0.785156 0.10625 0.785156 0.103125 0.78125 0.0875 0.78125 0.084375 0.777344
0 0 0.671875 0 0.714844 0.00625 0.714844 0.00625 0.671875
0 0.071875 0.0703125 0.065625 0.078125 0.065625 0.109375 0.06875 0.113281 0.071875 0.113281 0.075 0.117188 0.10625 0.117188 0.10625 0.0859375 0.103125 0.0820312 0.1 0.0820312 0.090625 0.0703125
0 0.084375 0.515625 0.08125 0.519531 0.071875 0.519531 0.06875 0.523438 0.065625 0.523438 0.05625 0.535156 0.05625 0.539062 0.053125 0.542969 0.053125 0.558594 0.065625 0.574219 0.065625 0.582031 0.06875 0.585938 0.06875 0.589844 0.078125 0.601562 0.08125 0.601562 0.084375 0.605469 0.090625 0.605469 0.09375 0.601562 0.096875 0.601562 0.1 0.597656 0.103125 0.597656 0.10625 0.59375 0.115625 0.59375 0.115625 0.589844 0.125 0.578125 0.125 0.539062 0.1125 0.523438 0.109375 0.523438 0.10625 0.519531 0.1 0.519531 0.096875 0.515625
0 0.953125 0.804688 0.946875 0.8125 0.94375 0.8125 0.940625 0.816406 0.94375 0.820312 0.94375 0.824219 0.946875 0.828125 0.95 0.828125 0.953125 0.824219 0.9625 0.824219 0.965625 0.820312 0.965625 0.808594 0.95625 0.808594
0 0.590625 0.0195312 0.5875 0.0234375 0.58125 0.0234375 0.578125 0.0273438 0.575 0.0273438 0.571875 0.03125 0.565625 0.03125 0.559375 0.0390625 0.55625 0.0390625 0.55625 0.0585938 0.559375 0.0625 0.559375 0.0703125 0.5625 0.0742188 0.5625 0.078125 0.565625 0.0820312 0.565625 0.0898438 0.56875 0.09375 0.58125 0.09375 0.584375 0.0898438 0.59375 0.0898438 0.596875 0.09375 0.6 0.09375 0.603125 0.0976562 0.609375 0.0976562 0.6125 0.101562 0.61875 0.101562 0.621875 0.105469 0.625 0.101562 0.628125 0.105469 0.628125 0.121094 0.625 0.125 0.625 0.136719 0.625 0.132812 0.628125 0.128906 0.628125 0.113281 0.63125 0.109375 0.63125 0.0859375 0.634375 0.0820312 0.6375 0.0820312 0.640625 0.078125 0.64375 0.078125 0.646875 0.0742188 0.65 0.0742188 0.653125 0.0703125 0.653125 0.0507812 0.64375 0.0507812 0.640625 0.046875 0.640625 0.0429688 0.6375 0.0429688 0.63125 0.0351562 0.625 0.0351562 0.621875 0.03125 0.621875 0.0273438 0.61875 0.0234375 0.615625 0.0234375 0.6125 0.0195312 0.609375 0.0234375 0.60625 0.0234375 0.603125 0.0195312
0 0.2875 0.964844 0.2875 0.96875 0.284375 0.972656 0.284375 0.976562 0.278125 0.984375 0.278125 0.988281 0.275 0.992188 0.275 0.996094 0.278125 0.996094 0.28125 0.992188 0.284375 0.996094 0.303125 0.996094 0.30625 0.992188 0.30625 0.980469 0.3 0.972656 0.3 0.96875 0.296875 0.964844
0 0.675 0.363281 0.675 0.375 0.66875 0.382812 0.665625 0.382812 0.659375 0.375 0.6625 0.371094 0.659375 0.371094 0.65625 0.375 0.65625 0.378906 0.653125 0.382812 0.65625 0.382812 0.665625 0.394531 0.66875 0.394531 0.675 0.402344 0.675 0.417969 0.678125 0.421875 0.678125 0.425781 0.68125 0.429688 0.684375 0.429688 0.6875 0.433594 0.69375 0.433594 0.696875 0.429688 0.70625 0.429688 0.70625 0.425781 0.709375 0.421875 0.709375 0.417969 0.7125 0.414062 0.7125 0.386719 0.709375 0.382812 0.709375 0.378906 0.70625 0.378906 0.703125 0.375 0.696875 0.375 0.69375 0.371094 0.69375 0.367188 0.690625 0.363281
0 0.746875 0.9375 0.7375 0.949219 0.740625 0.949219 0.74375 0.953125 0.74375 0.960938 0.746875 0.960938 0.75 0.964844 0.753125 0.964844 0.75625 0.96875 0.75625 0.996094 0.790625 0.996094 0.790625 0.960938 0.7875 0.957031 0.7875 0.953125 0.784375 0.949219 0.78125 0.949219 0.775 0.941406 0.76875 0.941406 0.765625 0.945312 0.7625 0.945312 0.759375 0.941406 0.759375 0.9375
0 0.003125 0.449219 0.003125 0.453125 0 0.457031 0 0.535156 0.00625 0.535156 0.0125 0.527344 0.015625 0.527344 0.034375 0.503906 0.034375 0.488281 0.03125 0.484375 0.03125 0.480469 0.028125 0.476562 0.028125 0.46875 0.025 0.46875 0.01875 0.460938 0.015625 0.460938 0.009375 0.453125 0.00625 0.453125
0 0.115625 0.792969 0.115625 0.808594 0.11875 0.8125 0.128125 0.8125 0.128125 0.792969
0 0.93125 0.109375 0.928125 0.113281 0.928125 0.121094 0.953125 0.121094 0.95625 0.125 0.95625 0.148438 0.959375 0.148438 0.965625 0.15625 0.965625 0.160156 0.96875 0.164062 0.96875 0.167969 0.971875 0.171875 0.971875 0.175781 0.975 0.179688 0.975 0.183594 0.984375 0.183594 0.984375 0.179688 0.9875 0.175781 0.984375 0.171875 0.984375 0.144531 0.975 0.132812 0.975 0.125 0.971875 0.121094 0.96875 0.121094 0.965625 0.117188 0.959375 0.117188 0.95625 0.113281 0.9375 0.113281 0.934375 0.109375
0 0.0125 0.820312 0.009375 0.824219 0.00625 0.824219 0.003125 0.828125 0.003125 0.832031 0 0.835938 0 0.910156 0.00625 0.917969 0.00625 0.921875 0.0125 0.929688 0.0125 0.933594 0.01875 0.941406 0.021875 0.941406 0.025 0.945312 0.03125 0.945312 0.040625 0.933594 0.040625 0.921875 0.04375 0.917969 0.04375 0.902344 0.040625 0.898438 0.040625 0.894531 0.0375 0.890625 0.0375 0.867188 0.034375 0.863281 0.034375 0.847656 0.03125 0.84375 0.03125 0.835938 0.028125 0.835938 0.025 0.832031 0.025 0.828125 0.021875 0.824219 0.01875 0.824219 0.015625 0.820312
0 0.271875 0.929688 0.2625 0.941406 0.2625 0.953125 0.259375 0.957031 0.265625 0.957031 0.26875 0.960938 0.271875 0.960938 0.275 0.957031 0.284375 0.957031 0.2875 0.960938 0.290625 0.960938 0.290625 0.953125 0.2875 0.953125 0.28125 0.945312 0.284375 0.941406 0.284375 0.9375 0.278125 0.929688
0 0.6625 0.109375 0.6625 0.132812 0.675 0.132812 0.678125 0.128906 0.68125 0.128906 0.68125 0.109375
0 0.084375 0.277344 0.08125 0.28125 0.078125 0.28125 0.075 0.285156 0.071875 0.285156 0.071875 0.289062 0.06875 0.292969 0.06875 0.296875 0.065625 0.300781 0.065625 0.316406 0.078125 0.332031 0.09375 0.332031 0.096875 0.328125 0.1 0.328125 0.103125 0.324219 0.109375 0.324219 0.109375 0.304688 0.1 0.292969 0.1 0.289062 0.096875 0.285156 0.096875 0.28125 0.09375 0.28125 0.090625 0.277344
0 0.996875 0.570312 0.99375 0.574219 0.99375 0.578125 0.990625 0.582031 0.990625 0.605469 0.99375 0.609375 0.99375 0.621094 0.996875 0.625 0.996875 0.628906
0 0.38125 0 0.384375 0 0.3875 0.00390625 0.390625 0.00390625 0.39375 0.0078125 0.396875 0.00390625 0.4 0.0078125 0.40625 0.0078125 0.409375 0.00390625 0.41875 0.00390625 0.41875 0
0 0.103125 0.980469 0.1 0.984375 0.096875 0.984375 0.096875 0.988281 0.09375 0.992188 0.096875 0.996094 0.096875 0.988281 0.1 0.984375 0.109375 0.984375 0.1125 0.988281 0.1125 0.992188 0.115625 0.996094 0.121875 0.996094 0.11875 0.992188 0.11875 0.988281 0.1125 0.980469
0 0.81875 0.65625 0.81875 0.660156 0.815625 0.664062 0.815625 0.675781 0.834375 0.675781 0.840625 0.683594 0.8375 0.6875 0.8375 0.691406 0.834375 0.695312 0.834375 0.699219 0.83125 0.703125 0.828125 0.703125 0.825 0.707031 0.821875 0.707031 0.81875 0.710938 0.81875 0.734375 0.834375 0.734375 0.8375 0.730469 0.840625 0.730469 0.846875 0.722656 0.846875 0.71875 0.85 0.714844 0.85 0.707031 0.853125 0.703125 0.853125 0.675781 0.85 0.671875 0.85 0.664062 0.846875 0.664062 0.840625 0.65625
0 0.928125 0.816406 0.928125 0.839844 0.93125 0.84375 0.934375 0.84375 0.934375 0.839844 0.9375 0.835938 0.9375 0.832031 0.934375 0.828125 0.934375 0.824219 0.9375 0.820312 0.9375 0.816406
0 0.934375 0.21875 0.93125 0.222656 0.925 0.222656 0.921875 0.226562 0.921875 0.234375 0.915625 0.242188 0.921875 0.242188 0.925 0.246094 0.93125 0.246094 0.934375 0.242188 0.940625 0.25 0.940625 0.253906 0.934375 0.261719 0.9375 0.261719 0.94375 0.253906 0.94375 0.246094 0.940625 0.242188 0.940625 0.226562 0.9375 0.222656 0.9375 0.21875
0 0.925 0.230469 0.928125 0.226562 0.93125 0.226562 0.9375 0.234375 0.93125 0.242188 0.925 0.234375
0 0.625 0.65625 0.625 0.667969 0.621875 0.671875 0.621875 0.675781 0.625 0.679688 0.628125 0.679688 0.63125 0.683594 0.6375 0.683594 0.640625 0.6875 0.640625 0.691406 0.64375 0.695312 0.646875 0.695312 0.65 0.691406 0.646875 0.6875 0.646875 0.683594 0.64375 0.679688 0.64375 0.675781 0.646875 0.671875 0.64375 0.671875 0.640625 0.675781 0.6375 0.671875 0.6375 0.667969 0.628125 0.65625
0 0.00625 0.179688 0.003125 0.183594 0 0.183594 0 0.253906 0.003125 0.253906 0.003125 0.234375 0.009375 0.226562 0.009375 0.21875 0.0125 0.214844 0.015625 0.214844 0.01875 0.210938 0.021875 0.210938 0.025 0.207031 0.025 0.203125 0.028125 0.199219 0.028125 0.1875 0.025 0.1875 0.021875 0.183594 0.01875 0.183594 0.015625 0.179688
0 0.584375 0.546875 0.58125 0.550781 0.578125 0.550781 0.578125 0.554688 0.575 0.558594 0.575 0.5625 0.578125 0.566406 0.578125 0.585938 0.5875 0.585938 0.59375 0.59375 0.59375 0.597656 0.596875 0.601562 0.596875 0.609375 0.59375 0.613281 0.58125 0.613281 0.590625 0.613281 0.59375 0.617188 0.60625 0.617188 0.60625 0.613281 0.6125 0.605469 0.6125 0.601562 0.615625 0.597656 0.615625 0.582031 0.6125 0.578125 0.6125 0.574219 0.609375 0.570312 0.609375 0.566406 0.60625 0.5625 0.60625 0.558594 0.6 0.550781 0.59375 0.550781 0.590625 0.546875
0 0.86875 0.871094 0.865625 0.875 0.8625 0.875 0.8625 0.886719 0.865625 0.886719 0.86875 0.890625 0.86875 0.917969 0.865625 0.921875 0.865625 0.929688 0.86875 0.933594 0.86875 0.941406 0.875 0.941406 0.878125 0.9375 0.88125 0.9375 0.88125 0.878906 0.878125 0.875 0.878125 0.871094
0 0.85 0.335938 0.85 0.34375 0.84375 0.351562 0.846875 0.355469 0.846875 0.359375 0.84375 0.363281 0.834375 0.363281 0.83125 0.359375 0.828125 0.359375 0.821875 0.351562 0.821875 0.371094 0.825 0.375 0.825 0.386719 0.828125 0.386719 0.846875 0.410156 0.846875 0.40625 0.85 0.402344 0.853125 0.402344 0.85625 0.398438 0.8625 0.40625 0.865625 0.40625 0.86875 0.410156 0.871875 0.410156 0.875 0.40625 0.871875 0.40625 0.86875 0.402344 0.86875 0.398438 0.871875 0.394531 0.875 0.394531 0.878125 0.390625 0.88125 0.390625 0.88125 0.386719 0.8625 0.363281 0.8625 0.359375 0.859375 0.355469 0.859375 0.351562 0.853125 0.34375 0.853125 0.339844
0 0.746875 0.324219 0.74375 0.328125 0.7375 0.328125 0.7375 0.332031 0.734375 0.335938 0.734375 0.378906 0.7375 0.382812 0.7375 0.390625 0.74375 0.390625 0.746875 0.394531 0.75625 0.394531 0.759375 0.398438 0.7625 0.394531 0.76875 0.394531 0.771875 0.390625 0.775 0.390625 0.784375 0.378906 0.784375 0.359375 0.78125 0.355469 0.78125 0.351562 0.778125 0.347656 0.778125 0.34375 0.771875 0.335938 0.771875 0.332031 0.76875 0.328125 0.765625 0.328125 0.7625 0.324219
0 0.946875 0.960938 0.946875 0.964844 0.9375 0.976562 0.9375 0.984375 0.940625 0.988281 0.940625 0.992188 0.9375 0.996094 0.9625 0.996094 0.959375 0.996094 0.95625 0.992188 0.95625 0.988281 0.959375 0.984375 0.9625 0.984375 0.9625 0.980469 0.965625 0.976562 0.965625 0.972656 0.9625 0.972656 0.959375 0.96875 0.9625 0.964844 0.9625 0.960938 0.959375 0.964844 0.95625 0.964844 0.953125 0.960938
0 0.146875 0.863281 0.14375 0.867188 0.140625 0.867188 0.134375 0.875 0.13125 0.875 0.128125 0.878906 0.128125 0.882812 0.125 0.886719 0.125 0.890625 0.128125 0.894531 0.128125 0.898438 0.121875 0.90625 0.121875 0.910156 0.11875 0.914062 0.121875 0.917969 0.121875 0.921875 0.115625 0.929688 0.11875 0.929688 0.121875 0.925781 0.125 0.929688 0.134375 0.929688 0.1375 0.933594 0.140625 0.929688 0.14375 0.929688 0.14375 0.917969 0.15625 0.902344 0.15625 0.898438 0.153125 0.894531 0.153125 0.875 0.15625 0.871094 0.153125 0.867188 0.153125 0.863281
0 0.59375 0.148438 0.59375 0.160156 0.596875 0.164062 0.60625 0.164062 0.60625 0.148438
0 0.184375 0.371094 0.18125 0.375 0.178125 0.375 0.175 0.378906 0.171875 0.378906 0.159375 0.394531 0.1625 0.394531 0.16875 0.402344 0.171875 0.402344 0.178125 0.410156 0.18125 0.410156 0.184375 0.40625 0.1875 0.410156 0.203125 0.410156 0.20625 0.40625 0.20625 0.398438 0.209375 0.394531 0.20625 0.390625 0.20625 0.378906 0.2 0.371094
0 0.646875 0.988281 0.646875 0.996094 0.7 0.996094 0.696875 0.992188 0.6875 0.992188 0.684375 0.996094 0.671875 0.996094 0.66875 0.992188 0.665625 0.992188 0.6625 0.988281
0 0.8375 0.203125 0.834375 0.207031 0.83125 0.207031 0.828125 0.210938 0.825 0.210938 0.8125 0.226562 0.809375 0.226562 0.80625 0.230469 0.80625 0.234375 0.803125 0.238281 0.803125 0.257812 0.80625 0.261719 0.80625 0.265625 0.809375 0.261719 0.8125 0.261719 0.815625 0.265625 0.81875 0.265625 0.821875 0.269531 0.825 0.269531 0.828125 0.273438 0.834375 0.273438 0.840625 0.28125 0.84375 0.28125 0.846875 0.285156 0.859375 0.285156 0.8625 0.28125 0.86875 0.28125 0.871875 0.277344 0.871875 0.273438 0.875 0.269531 0.875 0.261719 0.871875 0.257812 0.871875 0.253906 0.86875 0.25 0.86875 0.234375 0.8625 0.226562 0.859375 0.226562 0.85625 0.222656 0.85625 0.21875 0.853125 0.214844 0.853125 0.210938 0.85 0.210938 0.846875 0.207031 0.84375 0.207031 0.840625 0.203125
0 0.478125 0.0664062 0.475 0.0703125 0.475 0.0820312 0.46875 0.0898438 0.465625 0.0859375 0.465625 0.09375 0.459375 0.101562 0.459375 0.113281 0.4625 0.113281 0.465625 0.117188 0.46875 0.117188 0.471875 0.113281 0.475 0.117188 0.475 0.121094 0.484375 0.121094 0.48125 0.121094 0.478125 0.117188 0.478125 0.113281 0.48125 0.109375 0.484375 0.109375 0.490625 0.117188 0.496875 0.117188 0.496875 0.0859375 0.484375 0.0703125 0.484375 0.0664062
0 0.840625 0.308594 0.834375 0.316406 0.81875 0.316406 0.815625 0.320312 0.815625 0.347656 0.821875 0.347656 0.828125 0.355469 0.83125 0.355469 0.834375 0.359375 0.84375 0.359375 0.84375 0.355469 0.840625 0.351562 0.846875 0.34375 0.846875 0.335938 0.85 0.332031 0.85625 0.339844 0.85625 0.34375 0.85625 0.335938 0.853125 0.332031 0.853125 0.320312 0.846875 0.3125 0.84375 0.3125
0 0.99375 0.6875 0.990625 0.691406 0.9875 0.691406 0.98125 0.699219 0.978125 0.699219 0.978125 0.714844 0.98125 0.714844 0.984375 0.71875 0.984375 0.726562 0.98125 0.730469 0.978125 0.730469 0.98125 0.734375 0.98125 0.738281 0.984375 0.742188 0.984375 0.761719 0.990625 0.769531 0.99375 0.769531 0.996875 0.773438 0.996875 0.6875
0 0.45625 0.460938 0.45625 0.464844 0.453125 0.46875 0.4625 0.480469 0.46875 0.480469 0.471875 0.484375 0.475 0.484375 0.478125 0.480469 0.475 0.476562 0.475 0.46875 0.471875 0.46875 0.465625 0.460938
0 0.55 0.5625 0.55 0.566406 0.546875 0.570312 0.54375 0.566406 0.54375 0.570312 0.540625 0.574219 0.53125 0.574219 0.528125 0.578125 0.534375 0.585938 0.534375 0.601562 0.5375 0.605469 0.54375 0.605469 0.54375 0.601562 0.546875 0.597656 0.553125 0.597656 0.55625 0.59375 0.55625 0.585938 0.55 0.578125 0.55 0.570312 0.553125 0.566406 0.553125 0.5625
0 0.403125 0.171875 0.403125 0.195312 0.41875 0.195312 0.41875 0.191406 0.421875 0.1875 0.421875 0.171875
0 0.0375 0.015625 0.009375 0.0507812 0.009375 0.105469 0.021875 0.105469 0.028125 0.113281 0.028125 0.117188 0.046875 0.117188 0.05 0.113281 0.05 0.109375 0.059375 0.0976562 0.059375 0.0859375 0.0625 0.0820312 0.0625 0.078125 0.065625 0.0742188 0.065625 0.0625 0.06875 0.0585938 0.06875 0.03125 0.05625 0.015625
0 0.390625 0.617188 0.38125 0.628906 0.378125 0.628906 0.378125 0.632812 0.371875 0.640625 0.371875 0.648438 0.375 0.652344 0.378125 0.652344 0.38125 0.65625 0.384375 0.65625 0.3875 0.652344 0.390625 0.652344 0.39375 0.65625 0.390625 0.660156 0.390625 0.664062 0.3875 0.667969 0.3875 0.675781 0.38125 0.683594 0.38125 0.691406 0.390625 0.691406 0.396875 0.699219 0.403125 0.699219 0.40625 0.703125 0.409375 0.703125 0.4125 0.707031 0.415625 0.703125 0.428125 0.703125 0.4375 0.691406 0.440625 0.691406 0.440625 0.679688 0.4375 0.675781 0.4375 0.671875 0.440625 0.667969 0.440625 0.65625 0.44375 0.652344 0.446875 0.652344 0.446875 0.640625 0.44375 0.636719 0.44375 0.632812 0.440625 0.628906 0.4375 0.628906 0.434375 0.625 0.425 0.625 0.421875 0.621094 0.41875 0.621094 0.415625 0.617188
0 0.0875 0.671875 0.08125 0.679688 0.078125 0.679688 0.078125 0.6875 0.08125 0.691406 0.08125 0.695312 0.096875 0.695312 0.096875 0.683594
0 0.8875 0.863281 0.8875 0.898438 0.890625 0.902344 0.890625 0.910156 0.89375 0.914062 0.89375 0.921875 0.896875 0.925781 0.896875 0.933594 0.909375 0.933594 0.909375 0.925781 0.9125 0.921875 0.9125 0.882812 0.909375 0.878906 0.909375 0.867188 0.90625 0.863281
0 0.00625 0.394531 0 0.402344 0 0.453125 0 0.449219 0.003125 0.445312 0.00625 0.449219 0.009375 0.449219 0.0125 0.453125 0.0125 0.441406 0.01875 0.433594 0.021875 0.433594 0.021875 0.421875 0.025 0.417969 0.025 0.410156 0.021875 0.40625 0.021875 0.398438 0.01875 0.394531
0 0.590625 0.269531 0.584375 0.277344 0.5625 0.277344 0.559375 0.28125 0.55625 0.28125 0.553125 0.285156 0.55 0.285156 0.55 0.296875 0.553125 0.300781 0.553125 0.320312 0.55625 0.316406 0.559375 0.316406 0.5625 0.320312 0.559375 0.324219 0.56875 0.324219 0.578125 0.3125 0.58125 0.316406 0.58125 0.324219 0.584375 0.324219 0.5875 0.328125 0.5875 0.320312 0.596875 0.308594 0.6125 0.308594 0.6125 0.304688 0.615625 0.300781 0.615625 0.289062 0.6125 0.289062 0.609375 0.285156 0.609375 0.28125 0.60625 0.277344 0.6 0.285156 0.59375 0.277344 0.59375 0.269531
0 0.9125 0.25 0.9125 0.265625 0.928125 0.265625 0.934375 0.257812 0.934375 0.253906 0.93125 0.25
0 0.503125 0.789062 0.496875 0.796875 0.496875 0.800781 0.490625 0.808594 0.490625 0.816406 0.48125 0.828125 0.48125 0.835938 0.484375 0.839844 0.484375 0.84375 0.4875 0.847656 0.4875 0.859375 0.496875 0.871094 0.5 0.871094 0.503125 0.875 0.51875 0.875 0.521875 0.878906 0.540625 0.878906 0.546875 0.871094 0.55 0.871094 0.55 0.867188 0.55625 0.859375 0.553125 0.855469 0.553125 0.8125 0.540625 0.796875 0.53125 0.796875 0.528125 0.792969 0.51875 0.792969 0.515625 0.789062
0 0.971875 0.921875 0.965625 0.929688 0.965625 0.933594 0.9625 0.9375 0.9625 0.945312 0.965625 0.949219 0.965625 0.953125 0.96875 0.953125 0.971875 0.957031 0.971875 0.964844 0.96875 0.96875 0.96875 0.976562 0.975 0.976562 0.98125 0.984375 0.98125 0.992188 0.98125 0.984375 0.984375 0.980469 0.99375 0.980469 0.996875 0.984375 0.996875 0.953125 0.996875 0.957031 0.99375 0.960938 0.990625 0.957031 0.990625 0.933594 0.9875 0.933594 0.984375 0.929688 0.984375 0.921875
0 0.934375 0.789062 0.93125 0.792969 0.93125 0.804688 0.925 0.8125 0.921875 0.8125 0.925 0.816406 0.925 0.824219 0.925 0.816406 0.934375 0.804688 0.9375 0.808594 0.946875 0.808594 0.946875 0.804688 0.94375 0.800781 0.94375 0.792969 0.940625 0.789062
0 0.859375 0.105469 0.85625 0.109375 0.846875 0.109375 0.84375 0.113281 0.84375 0.117188 0.840625 0.121094 0.840625 0.125 0.8375 0.128906 0.8375 0.132812 0.834375 0.136719 0.828125 0.136719 0.821875 0.144531 0.809375 0.144531 0.80625 0.148438 0.803125 0.148438 0.803125 0.160156 0.8375 0.160156 0.840625 0.15625 0.84375 0.15625 0.846875 0.152344 0.846875 0.148438 0.859375 0.132812 0.8625 0.132812 0.8625 0.105469
0 0.590625 0.929688 0.590625 0.941406 0.596875 0.949219 0.596875 0.960938 0.6 0.964844 0.6 0.972656 0.603125 0.972656 0.6 0.96875 0.6 0.945312 0.590625 0.933594
0 0.64375 0.820312 0.64375 0.824219 0.640625 0.828125 0.634375 0.828125 0.634375 0.832031 0.628125 0.839844 0.628125 0.859375 0.6375 0.871094 0.6375 0.875 0.640625 0.878906 0.64375 0.878906 0.646875 0.882812 0.653125 0.882812 0.65625 0.886719 0.6625 0.886719 0.671875 0.875 0.671875 0.867188 0.66875 0.863281 0.66875 0.851562 0.65625 0.835938 0.65625 0.832031 0.653125 0.828125 0.65 0.828125 0.646875 0.824219 0.646875 0.820312
0 0.178125 0 0.171875 0.0078125 0.171875 0.0117188 0.178125 0.0117188 0.18125 0.015625 0.18125 0.0195312 0.1875 0.0273438 0.1875 0.0429688 0.190625 0.046875 0.190625 0.0507812 0.19375 0.0546875 0.196875 0.0546875 0.2 0.0585938 0.2 0.0625 0.20625 0.0625 0.209375 0.0585938 0.215625 0.0585938 0.221875 0.0664062 0.23125 0.0664062 0.234375 0.0703125 0.2375 0.0703125 0.24375 0.078125 0.246875 0.078125 0.25 0.0820312 0.253125 0.0820312 0.259375 0.0898438 0.265625 0.0898438 0.265625 0.0664062 0.25625 0.0546875 0.253125 0.0546875 0.24375 0.0429688 0.2375 0.0429688 0.228125 0.03125 0.228125 0.0234375 0.221875 0.015625 0.221875 0.0078125 0.225 0.00390625 0.225 0
0 0.9625 0.792969 0.9625 0.796875 0.965625 0.800781 0.9625 0.804688 0.959375 0.804688 0.95625 0.800781 0.953125 0.800781 0.95625 0.804688 0.965625 0.804688 0.96875 0.808594 0.96875 0.816406 0.971875 0.820312 0.971875 0.816406 0.975 0.8125 0.975 0.796875 0.971875 0.792969
0 0.25625 0.957031 0.253125 0.960938 0.25 0.960938 0.246875 0.964844 0.24375 0.964844 0.240625 0.96875 0.240625 0.988281 0.24375 0.984375 0.25 0.992188 0.25 0.988281 0.253125 0.984375 0.25625 0.988281 0.259375 0.988281 0.2625 0.984375 0.2625 0.980469 0.265625 0.976562 0.26875 0.980469 0.26875 0.988281 0.271875 0.992188 0.275 0.988281 0.275 0.984375 0.28125 0.976562 0.28125 0.972656 0.284375 0.96875 0.284375 0.960938 0.275 0.960938 0.271875 0.964844 0.26875 0.964844 0.265625 0.960938 0.259375 0.960938
0 0.86875 0.722656 0.865625 0.726562 0.85625 0.726562 0.853125 0.730469 0.846875 0.730469 0.84375 0.734375 0.8375 0.734375 0.8375 0.738281 0.834375 0.742188 0.834375 0.757812 0.828125 0.765625 0.828125 0.777344 0.825 0.78125 0.825 0.789062 0.828125 0.792969 0.828125 0.800781 0.83125 0.804688 0.83125 0.808594 0.834375 0.8125 0.834375 0.816406 0.8625 0.816406 0.8625 0.808594 0.86875 0.800781 0.871875 0.800781 0.88125 0.789062 0.903125 0.789062 0.903125 0.78125 0.90625 0.777344 0.90625 0.773438 0.909375 0.769531 0.909375 0.761719 0.90625 0.757812 0.90625 0.753906 0.903125 0.75 0.903125 0.734375 0.9 0.730469 0.8875 0.730469 0.884375 0.726562 0.884375 0.722656
0 0.5125 0.425781 0.5125 0.4375 0.509375 0.441406 0.50625 0.441406 0.503125 0.445312 0.503125 0.449219 0.496875 0.457031 0.496875 0.460938 0.5 0.460938 0.50625 0.46875 0.50625 0.476562 0.5125 0.484375 0.5125 0.457031 0.515625 0.453125 0.51875 0.453125 0.51875 0.441406 0.5125 0.433594
0 0.540625 0.972656 0.540625 0.984375 0.54375 0.988281 0.54375 0.992188 0.546875 0.996094 0.5625 0.996094 0.5625 0.992188 0.559375 0.988281 0.559375 0.984375 0.55625 0.980469 0.553125 0.980469 0.546875 0.972656
0 0.85625 0.402344 0.853125 0.40625 0.85 0.40625 0.85 0.410156 0.846875 0.414062 0.846875 0.417969 0.85 0.421875 0.85 0.429688 0.853125 0.433594 0.85625 0.433594 0.859375 0.4375 0.88125 0.4375 0.884375 0.433594 0.890625 0.433594 0.890625 0.40625 0.8875 0.40625 0.884375 0.410156 0.875 0.410156 0.871875 0.414062 0.86875 0.414062 0.865625 0.410156 0.8625 0.410156
0 0.578125 0.316406 0.56875 0.328125 0.559375 0.328125 0.55625 0.324219 0.559375 0.320312 0.55625 0.320312 0.546875 0.332031 0.55 0.332031 0.553125 0.335938 0.546875 0.34375 0.54375 0.34375 0.540625 0.339844 0.540625 0.34375 0.5375 0.347656 0.540625 0.351562 0.546875 0.351562 0.55 0.355469 0.55 0.359375 0.553125 0.355469 0.559375 0.355469 0.565625 0.347656 0.565625 0.339844 0.56875 0.335938 0.56875 0.332031 0.575 0.324219 0.578125 0.324219
0 0.08125 0.730469 0.075 0.738281 0.075 0.773438 0.109375 0.773438 0.1125 0.769531 0.115625 0.769531 0.11875 0.765625 0.121875 0.765625 0.121875 0.757812 0.125 0.753906 0.125 0.742188 0.11875 0.734375 0.115625 0.734375 0.1125 0.730469
0 0.23125 0.15625 0.228125 0.160156 0.21875 0.160156 0.215625 0.164062 0.215625 0.183594 0.21875 0.1875 0.21875 0.195312 0.221875 0.199219 0.225 0.199219 0.23125 0.207031 0.23125 0.210938 0.234375 0.214844 0.234375 0.21875 0.240625 0.21875 0.24375 0.222656 0.253125 0.222656 0.25625 0.226562 0.259375 0.226562 0.2625 0.222656 0.26875 0.222656 0.271875 0.21875 0.275 0.21875 0.28125 0.210938 0.28125 0.199219 0.278125 0.195312 0.278125 0.1875 0.275 0.183594 0.271875 0.183594 0.26875 0.179688 0.265625 0.179688 0.2625 0.175781 0.259375 0.175781 0.246875 0.160156 0.24375 0.160156 0.240625 0.15625 0.2375 0.15625 0.234375 0.160156
0 0.50625 0.25 0.503125 0.253906 0.503125 0.261719 0.5 0.265625 0.5 0.269531 0.496875 0.273438 0.496875 0.277344 0.5 0.28125 0.5 0.289062 0.503125 0.292969 0.50625 0.289062 0.509375 0.289062 0.5125 0.292969 0.5125 0.296875 0.515625 0.296875 0.521875 0.289062 0.53125 0.289062 0.53125 0.285156 0.534375 0.28125 0.534375 0.277344 0.53125 0.273438 0.53125 0.265625 0.521875 0.253906 0.509375 0.253906
0 0.553125 0.550781 0.546875 0.558594 0.546875 0.566406 0.546875 0.5625 0.55 0.558594 0.553125 0.558594 0.55625 0.5625 0.55625 0.566406 0.553125 0.570312 0.553125 0.578125 0.559375 0.585938 0.559375 0.59375 0.553125 0.601562 0.546875 0.601562 0.546875 0.605469 0.54375 0.609375 0.540625 0.609375 0.54375 0.613281 0.546875 0.613281 0.553125 0.621094 0.5625 0.621094 0.56875 0.628906 0.575 0.628906 0.58125 0.621094 0.58125 0.617188 0.578125 0.613281 0.58125 0.609375 0.59375 0.609375 0.59375 0.601562 0.590625 0.597656 0.590625 0.59375 0.5875 0.589844 0.578125 0.589844 0.575 0.585938 0.575 0.566406 0.571875 0.5625 0.571875 0.558594 0.575 0.554688 0.5625 0.554688 0.559375 0.550781
0 0.5375 0.277344 0.5375 0.28125 0.534375 0.285156 0.534375 0.289062 0.53125 0.292969 0.521875 0.292969 0.515625 0.300781 0.509375 0.300781 0.50625 0.304688 0.503125 0.304688 0.503125 0.316406 0.5 0.320312 0.5 0.339844 0.503125 0.34375 0.503125 0.347656 0.50625 0.347656 0.5125 0.355469 0.5125 0.359375 0.521875 0.359375 0.525 0.355469 0.546875 0.355469 0.540625 0.355469 0.534375 0.347656 0.5375 0.34375 0.5375 0.339844 0.540625 0.335938 0.54375 0.339844 0.546875 0.339844 0.55 0.335938 0.546875 0.335938 0.54375 0.332031 0.55 0.324219 0.55 0.300781 0.546875 0.296875 0.546875 0.285156 0.54375 0.285156
0 0.98125 0.429688 0.978125 0.433594 0.978125 0.441406 0.96875 0.453125 0.96875 0.476562 0.971875 0.480469 0.975 0.480469 0.978125 0.484375 0.978125 0.488281 0.98125 0.488281 0.990625 0.5 0.990625 0.503906 0.99375 0.507812 0.99375 0.519531 0.996875 0.523438 0.996875 0.433594 0.99375 0.429688
0 0.74375 0.203125 0.74375 0.210938 0.740625 0.214844 0.740625 0.222656 0.7375 0.226562 0.73125 0.226562 0.73125 0.234375 0.7375 0.242188 0.74375 0.242188 0.746875 0.238281 0.746875 0.234375 0.753125 0.226562 0.746875 0.226562 0.74375 0.222656
0 0.89375 0.542969 0.890625 0.546875 0.884375 0.546875 0.88125 0.550781 0.875 0.550781 0.871875 0.554688 0.86875 0.554688 0.85625 0.570312 0.85625 0.589844 0.859375 0.59375 0.859375 0.597656 0.8625 0.601562 0.8625 0.613281 0.865625 0.617188 0.865625 0.621094 0.86875 0.625 0.875 0.625 0.878125 0.628906 0.8875 0.628906 0.890625 0.632812 0.89375 0.628906 0.9 0.628906 0.903125 0.632812 0.90625 0.628906 0.909375 0.628906 0.9125 0.625 0.915625 0.625 0.91875 0.621094 0.921875 0.621094 0.925 0.625 0.925 0.628906 0.934375 0.628906 0.9375 0.625 0.94375 0.625 0.946875 0.621094 0.95 0.621094 0.95 0.617188 0.953125 0.613281 0.953125 0.59375 0.95 0.589844 0.95 0.585938 0.9375 0.570312 0.934375 0.570312 0.93125 0.566406 0.928125 0.566406 0.925 0.5625 0.925 0.566406 0.921875 0.570312 0.915625 0.5625 0.915625 0.558594 0.9125 0.554688 0.9125 0.550781 0.909375 0.546875 0.90625 0.546875 0.903125 0.542969
0 0.934375 0.578125 0.9375 0.574219 0.95 0.589844 0.95 0.597656 0.946875 0.601562 0.946875 0.609375 0.9375 0.621094 0.934375 0.617188
0 0.821875 0.0859375 0.81875 0.0898438 0.815625 0.0898438 0.80625 0.101562 0.80625 0.105469 0.803125 0.109375 0.796875 0.109375 0.790625 0.117188 0.790625 0.128906 0.796875 0.128906 0.80625 0.117188 0.8125 0.117188 0.821875 0.105469 0.825 0.105469 0.828125 0.101562 0.83125 0.101562 0.834375 0.0976562 0.840625 0.0976562 0.84375 0.09375 0.85 0.101562 0.85 0.105469 0.85625 0.105469 0.85625 0.0976562 0.859375 0.09375 0.8625 0.09375 0.8625 0.0859375
0 0.965625 0.0429688 0.965625 0.0507812 0.9625 0.0546875 0.9625 0.0703125 0.965625 0.0742188 0.965625 0.0820312 0.96875 0.0859375 0.971875 0.0859375 0.975 0.0898438 0.984375 0.0898438 0.9875 0.0859375 0.996875 0.0859375 0.996875 0.0625 0.99375 0.0585938 0.990625 0.0585938 0.9875 0.0546875 0.984375 0.0546875 0.98125 0.0507812 0.978125 0.0507812 0.975 0.046875 0.971875 0.046875 0.96875 0.0429688
0 0.78125 0.457031 0.778125 0.460938 0.771875 0.460938 0.7625 0.472656 0.7625 0.476562 0.753125 0.488281 0.753125 0.492188 0.75625 0.496094 0.75625 0.5 0.765625 0.511719 0.784375 0.511719 0.7875 0.515625 0.78125 0.523438 0.775 0.523438 0.78125 0.523438 0.784375 0.527344 0.79375 0.515625 0.79375 0.507812 0.8 0.5 0.809375 0.5 0.8125 0.496094 0.825 0.496094 0.825 0.480469 0.821875 0.480469 0.81875 0.476562 0.81875 0.472656 0.815625 0.472656 0.809375 0.464844 0.803125 0.464844 0.8 0.460938 0.790625 0.460938 0.7875 0.457031
0 0.653125 0.195312 0.65 0.199219 0.646875 0.199219 0.64375 0.203125 0.64375 0.222656 0.653125 0.234375 0.653125 0.238281 0.65625 0.242188 0.65625 0.269531 0.65 0.277344 0.64375 0.277344 0.640625 0.273438 0.625 0.273438 0.621875 0.269531 0.61875 0.269531 0.615625 0.265625 0.6125 0.269531 0.596875 0.269531 0.596875 0.277344 0.6 0.28125 0.60625 0.273438 0.6125 0.28125 0.6125 0.285156 0.615625 0.285156 0.61875 0.289062 0.61875 0.300781 0.615625 0.304688 0.615625 0.308594 0.6125 0.3125 0.596875 0.3125 0.609375 0.3125 0.6125 0.316406 0.6125 0.320312 0.615625 0.324219 0.615625 0.328125 0.6125 0.332031 0.6125 0.347656 0.628125 0.347656 0.63125 0.34375 0.63125 0.335938 0.634375 0.332031 0.634375 0.328125 0.6375 0.324219 0.6375 0.320312 0.640625 0.316406 0.64375 0.316406 0.64375 0.3125 0.646875 0.308594 0.65 0.308594 0.653125 0.304688 0.653125 0.289062 0.659375 0.28125 0.6625 0.285156 0.665625 0.285156 0.671875 0.292969 0.675 0.292969 0.678125 0.296875 0.684375 0.296875 0.6875 0.300781 0.70625 0.300781 0.709375 0.296875 0.7125 0.296875 0.71875 0.289062 0.721875 0.289062 0.721875 0.285156 0.725 0.28125 0.725 0.261719 0.71875 0.253906 0.71875 0.25 0.715625 0.246094 0.715625 0.230469 0.7125 0.226562 0.7125 0.222656 0.70625 0.214844 0.696875 0.214844 0.69375 0.210938 0.684375 0.210938 0.68125 0.207031 0.678125 0.207031 0.671875 0.199219 0.6625 0.199219 0.659375 0.195312
0 0.51875 0.421875 0.515625 0.425781 0.515625 0.429688 0.525 0.441406 0.525 0.445312 0.521875 0.449219 0.521875 0.453125 0.51875 0.457031 0.515625 0.457031 0.51875 0.460938 0.51875 0.476562 0.521875 0.480469 0.525 0.480469 0.528125 0.484375 0.540625 0.484375 0.54375 0.480469 0.55 0.480469 0.55625 0.472656 0.559375 0.472656 0.565625 0.464844 0.5625 0.460938 0.5625 0.457031 0.55625 0.449219 0.55625 0.441406 0.559375 0.4375 0.55625 0.433594 0.546875 0.433594 0.5375 0.421875 0.534375 0.425781 0.528125 0.425781 0.525 0.421875
0 0.584375 0.722656 0.58125 0.726562 0.575 0.726562 0.571875 0.730469 0.565625 0.730469 0.5625 0.734375 0.5625 0.738281 0.565625 0.742188 0.565625 0.746094 0.571875 0.753906 0.571875 0.757812 0.575 0.761719 0.584375 0.761719 0.58125 0.761719 0.575 0.753906 0.575 0.75 0.571875 0.746094 0.571875 0.738281 0.575 0.734375 0.575 0.730469 0.578125 0.726562 0.5875 0.726562 0.590625 0.730469 0.590625 0.726562 0.5875 0.726562
0 0.76875 0.746094 0.7625 0.753906 0.7625 0.757812 0.759375 0.761719 0.759375 0.8125 0.75625 0.816406 0.75625 0.824219 0.753125 0.828125 0.7625 0.839844 0.7625 0.84375 0.76875 0.851562 0.78125 0.851562 0.784375 0.847656 0.796875 0.847656 0.8 0.84375 0.803125 0.847656 0.809375 0.839844 0.8125 0.839844 0.8125 0.832031 0.815625 0.828125 0.815625 0.808594 0.8125 0.804688 0.8125 0.789062 0.809375 0.785156 0.809375 0.78125 0.796875 0.765625 0.79375 0.765625 0.7875 0.757812 0.784375 0.757812 0.778125 0.75 0.771875 0.75
0 0.640625 0.726562 0.640625 0.746094 0.640625 0.742188 0.64375 0.738281 0.646875 0.742188 0.6625 0.742188 0.6625 0.734375 0.659375 0.734375 0.65625 0.730469 0.64375 0.730469
0 0.725 0.933594 0.71875 0.941406 0.715625 0.941406 0.709375 0.949219 0.709375 0.972656 0.71875 0.972656 0.721875 0.96875 0.725 0.972656 0.725 0.976562 0.728125 0.972656 0.728125 0.953125 0.73125 0.949219 0.73125 0.945312 0.728125 0.941406 0.728125 0.933594
