0 0.445312 0.351562 0.441406 0.355469 0.429688 0.355469 0.421875 0.363281 0.421875 0.367188 0.417969 0.371094 0.417969 0.386719 0.421875 0.390625 0.421875 0.394531 0.441406 0.414062 0.445312 0.414062 0.449219 0.417969 0.46875 0.417969 0.472656 0.414062 0.480469 0.414062 0.484375 0.410156 0.484375 0.40625 0.488281 0.402344 0.488281 0.398438 0.492188 0.394531 0.492188 0.390625 0.488281 0.386719 0.488281 0.382812 0.484375 0.378906 0.484375 0.375 0.476562 0.367188 0.476562 0.363281 0.472656 0.363281 0.464844 0.355469 0.460938 0.355469 0.457031 0.351562
0 0.996094 0.707031 0.976562 0.726562 0.976562 0.734375 0.972656 0.738281 0.972656 0.769531 0.984375 0.78125 0.992188 0.78125 0.996094 0.785156
0 0.566406 0.707031 0.5625 0.710938 0.554688 0.710938 0.539062 0.726562 0.535156 0.726562 0.535156 0.730469 0.53125 0.734375 0.53125 0.753906 0.535156 0.757812 0.535156 0.761719 0.539062 0.765625 0.539062 0.769531 0.546875 0.777344 0.554688 0.777344 0.558594 0.78125 0.5625 0.78125 0.566406 0.777344 0.574219 0.777344 0.578125 0.773438 0.582031 0.773438 0.589844 0.765625 0.59375 0.765625 0.597656 0.761719 0.605469 0.761719 0.605469 0.753906 0.609375 0.75 0.609375 0.746094 0.613281 0.742188 0.613281 0.726562 0.609375 0.722656 0.609375 0.71875 0.601562 0.710938 0.59375 0.710938 0.589844 0.707031
0 0.332031 0.335938 0.328125 0.339844 0.320312 0.339844 0.3125 0.347656 0.3125 0.363281 0.316406 0.367188 0.316406 0.378906 0.320312 0.382812 0.324219 0.382812 0.328125 0.386719 0.335938 0.386719 0.339844 0.390625 0.34375 0.390625 0.347656 0.386719 0.351562 0.386719 0.363281 0.375 0.367188 0.375 0.367188 0.351562 0.363281 0.347656 0.363281 0.34375 0.355469 0.335938
0 0.726562 0.222656 0.71875 0.230469 0.714844 0.230469 0.710938 0.234375 0.710938 0.261719 0.714844 0.265625 0.714844 0.269531 0.726562 0.28125 0.726562 0.285156 0.734375 0.285156 0.738281 0.289062 0.746094 0.289062 0.753906 0.28125 0.757812 0.28125 0.765625 0.273438 0.765625 0.257812 0.761719 0.253906 0.761719 0.246094 0.757812 0.242188 0.757812 0.234375 0.75 0.226562 0.738281 0.226562 0.734375 0.222656
0 0.398438 0.5 0.394531 0.503906 0.394531 0.519531 0.402344 0.527344 0.410156 0.527344 0.414062 0.53125 0.429688 0.53125 0.429688 0.527344 0.433594 0.523438 0.433594 0.519531 0.429688 0.515625 0.429688 0.511719 0.425781 0.511719 0.417969 0.503906 0.414062 0.503906 0.410156 0.5
0 0.464844 0.46875 0.460938 0.472656 0.453125 0.472656 0.449219 0.476562 0.449219 0.488281 0.457031 0.496094 0.457031 0.5 0.460938 0.503906 0.46875 0.503906 0.472656 0.507812 0.476562 0.507812 0.480469 0.511719 0.484375 0.511719 0.488281 0.515625 0.496094 0.515625 0.503906 0.507812 0.503906 0.5 0.507812 0.496094 0.503906 0.492188 0.503906 0.484375 0.492188 0.472656 0.480469 0.472656 0.476562 0.46875
0 0.191406 0.277344 0.1875 0.28125 0.179688 0.28125 0.171875 0.289062 0.160156 0.289062 0.160156 0.324219 0.164062 0.328125 0.164062 0.339844 0.175781 0.351562 0.179688 0.351562 0.183594 0.355469 0.203125 0.355469 0.207031 0.351562 0.210938 0.351562 0.222656 0.339844 0.222656 0.332031 0.226562 0.328125 0.226562 0.304688 0.21875 0.296875 0.21875 0.292969 0.210938 0.285156 0.207031 0.285156 0.203125 0.28125 0.195312 0.28125
0 0.859375 0.394531 0.855469 0.398438 0.851562 0.398438 0.851562 0.402344 0.835938 0.417969 0.835938 0.421875 0.832031 0.425781 0.824219 0.425781 0.824219 0.429688 0.820312 0.433594 0.820312 0.4375 0.816406 0.441406 0.816406 0.445312 0.824219 0.453125 0.824219 0.457031 0.832031 0.464844 0.832031 0.46875 0.851562 0.46875 0.855469 0.464844 0.859375 0.464844 0.863281 0.460938 0.867188 0.460938 0.871094 0.457031 0.875 0.457031 0.875 0.453125 0.878906 0.449219 0.878906 0.414062 0.875 0.410156 0.875 0.40625 0.867188 0.398438 0.863281 0.398438
0 0.660156 0.449219 0.65625 0.453125 0.652344 0.453125 0.648438 0.457031 0.648438 0.492188 0.660156 0.503906 0.679688 0.503906 0.6875 0.496094 0.691406 0.496094 0.695312 0.492188 0.695312 0.464844 0.691406 0.460938 0.6875 0.460938 0.679688 0.453125 0.671875 0.453125 0.667969 0.449219
0 0.636719 0.40625 0.632812 0.410156 0.632812 0.421875 0.640625 0.421875 0.648438 0.414062 0.648438 0.40625
0 0.105469 0.273438 0.101562 0.277344 0.0976562 0.277344 0.0820312 0.292969 0.0820312 0.296875 0.0703125 0.308594 0.0703125 0.335938 0.0742188 0.339844 0.0742188 0.34375 0.078125 0.347656 0.0820312 0.347656 0.0898438 0.355469 0.09375 0.355469 0.0976562 0.359375 0.117188 0.359375 0.121094 0.355469 0.128906 0.355469 0.136719 0.347656 0.136719 0.34375 0.140625 0.339844 0.140625 0.332031 0.144531 0.328125 0.144531 0.324219 0.148438 0.320312 0.148438 0.292969 0.144531 0.289062 0.144531 0.285156 0.140625 0.28125 0.136719 0.28125 0.128906 0.273438
0 0.589844 0.441406 0.582031 0.449219 0.578125 0.449219 0.578125 0.453125 0.574219 0.457031 0.570312 0.457031 0.5625 0.464844 0.5625 0.472656 0.558594 0.476562 0.558594 0.484375 0.554688 0.488281 0.554688 0.5 0.558594 0.503906 0.558594 0.507812 0.574219 0.523438 0.574219 0.527344 0.578125 0.527344 0.582031 0.523438 0.597656 0.523438 0.601562 0.519531 0.605469 0.519531 0.613281 0.511719 0.617188 0.511719 0.621094 0.507812 0.621094 0.492188 0.625 0.488281 0.625 0.484375 0.628906 0.480469 0.628906 0.464844 0.621094 0.457031 0.621094 0.449219 0.617188 0.449219 0.613281 0.445312 0.613281 0.441406
0 0.394531 0.53125 0.394531 0.539062 0.402344 0.546875 0.40625 0.546875 0.410156 0.550781 0.414062 0.550781 0.417969 0.554688 0.429688 0.554688 0.433594 0.550781 0.433594 0.535156 0.414062 0.535156 0.410156 0.53125
0 0.808594 0.359375 0.800781 0.367188 0.796875 0.367188 0.792969 0.371094 0.792969 0.375 0.785156 0.382812 0.785156 0.398438 0.789062 0.402344 0.789062 0.40625 0.796875 0.414062 0.804688 0.414062 0.808594 0.417969 0.8125 0.417969 0.816406 0.414062 0.820312 0.414062 0.824219 0.410156 0.832031 0.410156 0.835938 0.40625 0.835938 0.402344 0.847656 0.390625 0.847656 0.386719 0.851562 0.382812 0.851562 0.378906 0.847656 0.375 0.847656 0.371094 0.84375 0.367188 0.84375 0.363281 0.839844 0.359375
0 0.574219 0.390625 0.570312 0.394531 0.566406 0.394531 0.566406 0.40625 0.570312 0.410156 0.578125 0.410156 0.582031 0.40625 0.582031 0.402344 0.585938 0.398438 0.578125 0.390625
