0 0.699219 0.0117188 0.683594 0.0273438 0.683594 0.03125 0.664062 0.0507812 0.664062 0.0664062 0.667969 0.0703125 0.671875 0.0703125 0.679688 0.0625 0.683594 0.0625 0.6875 0.0585938 0.703125 0.0585938 0.710938 0.0664062 0.71875 0.0664062 0.726562 0.0742188 0.730469 0.0742188 0.734375 0.0703125 0.738281 0.0703125 0.753906 0.0546875 0.753906 0.046875 0.738281 0.03125 0.734375 0.03125 0.730469 0.0273438 0.726562 0.0273438 0.710938 0.0117188
0 0.667969 0.136719 0.644531 0.160156 0.644531 0.183594 0.648438 0.1875 0.648438 0.191406 0.65625 0.199219 0.664062 0.199219 0.667969 0.203125 0.671875 0.203125 0.675781 0.199219 0.683594 0.199219 0.695312 0.1875 0.695312 0.179688 0.699219 0.175781 0.699219 0.171875 0.695312 0.167969 0.695312 0.15625 0.683594 0.144531 0.679688 0.144531 0.671875 0.136719
0 0.75 0.0742188 0.746094 0.078125 0.742188 0.078125 0.734375 0.0859375 0.734375 0.0898438 0.730469 0.09375 0.730469 0.101562 0.726562 0.105469 0.726562 0.128906 0.734375 0.136719 0.734375 0.140625 0.742188 0.148438 0.753906 0.148438 0.757812 0.144531 0.761719 0.144531 0.765625 0.148438 0.769531 0.148438 0.773438 0.144531 0.785156 0.144531 0.792969 0.136719 0.792969 0.132812 0.804688 0.121094 0.804688 0.105469 0.800781 0.101562 0.800781 0.09375 0.796875 0.0898438 0.796875 0.0859375 0.789062 0.078125 0.785156 0.078125 0.78125 0.0742188
0 0.382812 0.34375 0.378906 0.347656 0.375 0.347656 0.371094 0.351562 0.363281 0.351562 0.359375 0.355469 0.359375 0.359375 0.347656 0.371094 0.347656 0.378906 0.34375 0.382812 0.34375 0.410156 0.347656 0.414062 0.347656 0.417969 0.367188 0.4375 0.378906 0.4375 0.382812 0.441406 0.390625 0.441406 0.394531 0.4375 0.402344 0.4375 0.40625 0.433594 0.410156 0.433594 0.421875 0.421875 0.421875 0.417969 0.433594 0.40625 0.433594 0.375 0.429688 0.371094 0.429688 0.367188 0.417969 0.355469 0.410156 0.355469 0.398438 0.34375
0 0.710938 0.609375 0.703125 0.617188 0.703125 0.625 0.707031 0.628906 0.714844 0.628906 0.722656 0.621094 0.722656 0.613281 0.71875 0.609375
0 0.835938 0.222656 0.820312 0.238281 0.816406 0.238281 0.8125 0.242188 0.8125 0.261719 0.820312 0.269531 0.820312 0.273438 0.824219 0.277344 0.828125 0.277344 0.835938 0.285156 0.84375 0.285156 0.847656 0.289062 0.851562 0.289062 0.855469 0.292969 0.871094 0.292969 0.875 0.289062 0.886719 0.289062 0.898438 0.277344 0.898438 0.273438 0.910156 0.261719 0.914062 0.261719 0.917969 0.257812 0.917969 0.25 0.914062 0.246094 0.914062 0.242188 0.90625 0.234375 0.90625 0.230469 0.902344 0.226562 0.878906 0.226562 0.875 0.222656
0 0.0742188 0.847656 0.0664062 0.855469 0.0625 0.855469 0.0585938 0.859375 0.0585938 0.878906 0.0625 0.882812 0.0625 0.886719 0.0664062 0.890625 0.0664062 0.894531 0.078125 0.90625 0.101562 0.90625 0.113281 0.894531 0.113281 0.886719 0.117188 0.882812 0.117188 0.871094 0.113281 0.867188 0.113281 0.859375 0.105469 0.851562 0.09375 0.851562 0.0898438 0.847656
0 0.796875 0.921875 0.789062 0.929688 0.789062 0.933594 0.777344 0.945312 0.777344 0.960938 0.785156 0.96875 0.785156 0.976562 0.789062 0.980469 0.789062 0.984375 0.800781 0.996094 0.882812 0.996094 0.890625 0.988281 0.890625 0.964844 0.886719 0.960938 0.886719 0.949219 0.871094 0.933594 0.867188 0.933594 0.863281 0.929688 0.859375 0.929688 0.855469 0.925781 0.851562 0.925781 0.847656 0.921875 0.820312 0.921875 0.816406 0.925781 0.808594 0.925781 0.804688 0.921875
0 0.425781 0.0742188 0.421875 0.078125 0.421875 0.0976562 0.417969 0.101562 0.417969 0.109375 0.410156 0.117188 0.410156 0.125 0.414062 0.128906 0.414062 0.140625 0.417969 0.144531 0.417969 0.148438 0.421875 0.152344 0.425781 0.152344 0.4375 0.164062 0.441406 0.164062 0.445312 0.167969 0.453125 0.167969 0.457031 0.164062 0.460938 0.164062 0.476562 0.148438 0.476562 0.144531 0.488281 0.132812 0.488281 0.105469 0.484375 0.101562 0.484375 0.0898438 0.480469 0.0859375 0.476562 0.0859375 0.472656 0.0820312 0.453125 0.0820312 0.449219 0.0859375 0.445312 0.0859375 0.433594 0.0742188
0 0.945312 0.925781 0.933594 0.9375 0.925781 0.9375 0.921875 0.941406 0.917969 0.941406 0.910156 0.949219 0.910156 0.964844 0.90625 0.96875 0.90625 0.980469 0.902344 0.984375 0.902344 0.992188 0.90625 0.996094 0.996094 0.996094 0.996094 0.957031 0.988281 0.949219 0.988281 0.945312 0.980469 0.9375 0.964844 0.9375 0.953125 0.925781
0 0.304688 0.761719 0.300781 0.765625 0.292969 0.765625 0.289062 0.769531 0.273438 0.769531 0.257812 0.785156 0.257812 0.824219 0.269531 0.835938 0.273438 0.835938 0.277344 0.839844 0.296875 0.839844 0.308594 0.828125 0.3125 0.828125 0.320312 0.820312 0.324219 0.820312 0.332031 0.8125 0.332031 0.792969 0.328125 0.789062 0.328125 0.785156 0.324219 0.78125 0.324219 0.777344 0.308594 0.761719
0 0.605469 0.523438 0.597656 0.53125 0.597656 0.539062 0.589844 0.546875 0.589844 0.570312 0.597656 0.578125 0.597656 0.597656 0.601562 0.601562 0.605469 0.601562 0.609375 0.605469 0.628906 0.605469 0.632812 0.601562 0.644531 0.601562 0.648438 0.605469 0.664062 0.605469 0.667969 0.601562 0.667969 0.597656 0.671875 0.59375 0.671875 0.570312 0.667969 0.566406 0.667969 0.550781 0.652344 0.535156 0.644531 0.535156 0.640625 0.53125 0.632812 0.53125 0.628906 0.527344 0.621094 0.527344 0.617188 0.523438
0 0.84375 0.636719 0.839844 0.640625 0.839844 0.644531 0.835938 0.648438 0.835938 0.671875 0.855469 0.691406 0.878906 0.691406 0.882812 0.6875 0.882812 0.683594 0.886719 0.679688 0.886719 0.652344 0.871094 0.636719
0 0.0859375 0.914062 0.0820312 0.917969 0.0742188 0.917969 0.0703125 0.921875 0.046875 0.921875 0.0429688 0.917969 0.0351562 0.917969 0.03125 0.921875 0.03125 0.925781 0.0234375 0.933594 0.0234375 0.941406 0.0390625 0.957031 0.0507812 0.957031 0.0546875 0.953125 0.078125 0.953125 0.0859375 0.945312 0.0859375 0.941406 0.0976562 0.929688 0.0976562 0.917969 0.09375 0.914062
0 0.578125 0.753906 0.574219 0.757812 0.570312 0.757812 0.566406 0.761719 0.5625 0.761719 0.546875 0.777344 0.546875 0.78125 0.542969 0.785156 0.542969 0.804688 0.5625 0.824219 0.566406 0.824219 0.570312 0.828125 0.585938 0.828125 0.589844 0.824219 0.609375 0.824219 0.625 0.808594 0.625 0.800781 0.628906 0.796875 0.628906 0.78125 0.625 0.777344 0.625 0.773438 0.613281 0.761719 0.605469 0.761719 0.601562 0.757812 0.597656 0.757812 0.59375 0.753906
0 0.734375 0.507812 0.730469 0.511719 0.714844 0.511719 0.710938 0.515625 0.707031 0.515625 0.703125 0.519531 0.703125 0.574219 0.714844 0.585938 0.714844 0.59375 0.730469 0.609375 0.734375 0.609375 0.753906 0.628906 0.765625 0.628906 0.769531 0.632812 0.777344 0.632812 0.78125 0.636719 0.792969 0.636719 0.796875 0.632812 0.800781 0.632812 0.804688 0.628906 0.804688 0.625 0.808594 0.621094 0.808594 0.585938 0.789062 0.566406 0.789062 0.5625 0.78125 0.554688 0.78125 0.550781 0.777344 0.546875 0.777344 0.542969 0.773438 0.539062 0.773438 0.523438 0.765625 0.515625 0.761719 0.515625 0.757812 0.511719 0.753906 0.511719 0.75 0.507812
0 0.664062 0.980469 0.652344 0.992188 0.652344 0.996094 0.695312 0.996094 0.695312 0.984375 0.691406 0.980469 0.683594 0.980469 0.679688 0.984375 0.675781 0.984375 0.671875 0.980469
0 0.917969 0.652344 0.914062 0.65625 0.910156 0.65625 0.90625 0.660156 0.890625 0.660156 0.890625 0.679688 0.886719 0.683594 0.894531 0.691406 0.898438 0.691406 0.910156 0.703125 0.917969 0.703125 0.921875 0.707031 0.933594 0.707031 0.941406 0.699219 0.941406 0.695312 0.953125 0.683594 0.953125 0.679688 0.949219 0.675781 0.949219 0.671875 0.945312 0.667969 0.945312 0.664062 0.9375 0.65625 0.933594 0.65625 0.929688 0.652344
0 0.867188 0 0.867188 0.0078125 0.863281 0.0117188 0.863281 0.0273438 0.859375 0.03125 0.859375 0.0351562 0.871094 0.046875 0.875 0.046875 0.878906 0.0507812 0.886719 0.0507812 0.890625 0.0546875 0.902344 0.0546875 0.90625 0.0507812 0.910156 0.0507812 0.914062 0.046875 0.917969 0.046875 0.921875 0.0429688 0.921875 0.0390625 0.929688 0.03125 0.929688 0.0195312 0.933594 0.015625 0.933594 0.0078125 0.925781 0
0 0.351562 0.0507812 0.347656 0.0546875 0.335938 0.0546875 0.328125 0.0625 0.328125 0.0742188 0.324219 0.078125 0.324219 0.109375 0.328125 0.113281 0.328125 0.117188 0.339844 0.128906 0.34375 0.128906 0.347656 0.132812 0.371094 0.132812 0.375 0.128906 0.378906 0.128906 0.382812 0.125 0.382812 0.121094 0.394531 0.109375 0.394531 0.0742188 0.398438 0.0703125 0.398438 0.0664062 0.386719 0.0546875 0.382812 0.0546875 0.378906 0.0507812
0 0.769531 0.921875 0.765625 0.925781 0.765625 0.933594 0.769531 0.9375 0.78125 0.9375 0.785156 0.933594 0.785156 0.925781 0.78125 0.921875
0 0.386719 0.507812 0.375 0.519531 0.375 0.535156 0.378906 0.539062 0.382812 0.539062 0.386719 0.542969 0.410156 0.542969 0.414062 0.539062 0.414062 0.523438 0.40625 0.515625 0.40625 0.511719 0.402344 0.507812
0 0.921875 0.25 0.921875 0.257812 0.914062 0.265625 0.910156 0.265625 0.902344 0.273438 0.902344 0.277344 0.894531 0.285156 0.894531 0.296875 0.890625 0.300781 0.890625 0.320312 0.894531 0.324219 0.894531 0.332031 0.898438 0.335938 0.902344 0.335938 0.910156 0.34375 0.933594 0.34375 0.945312 0.332031 0.945312 0.261719 0.933594 0.25
0 0.769531 0.171875 0.765625 0.175781 0.761719 0.175781 0.742188 0.195312 0.742188 0.207031 0.738281 0.210938 0.738281 0.214844 0.742188 0.21875 0.742188 0.226562 0.746094 0.230469 0.746094 0.234375 0.75 0.238281 0.75 0.242188 0.753906 0.246094 0.777344 0.246094 0.78125 0.242188 0.789062 0.242188 0.796875 0.234375 0.800781 0.234375 0.804688 0.230469 0.804688 0.21875 0.808594 0.214844 0.808594 0.210938 0.8125 0.207031 0.8125 0.179688 0.804688 0.171875
0 0.773438 0.699219 0.769531 0.703125 0.757812 0.703125 0.753906 0.707031 0.75 0.707031 0.746094 0.710938 0.746094 0.726562 0.75 0.730469 0.75 0.734375 0.757812 0.742188 0.761719 0.742188 0.765625 0.746094 0.769531 0.746094 0.777344 0.753906 0.78125 0.753906 0.789062 0.761719 0.796875 0.761719 0.800781 0.757812 0.804688 0.757812 0.8125 0.75 0.8125 0.746094 0.820312 0.738281 0.820312 0.726562 0.8125 0.71875 0.8125 0.714844 0.804688 0.707031 0.800781 0.707031 0.796875 0.703125 0.792969 0.703125 0.789062 0.699219
0 0.796875 0.773438 0.792969 0.777344 0.789062 0.777344 0.785156 0.78125 0.785156 0.785156 0.78125 0.789062 0.78125 0.8125 0.785156 0.816406 0.785156 0.820312 0.789062 0.824219 0.796875 0.824219 0.800781 0.820312 0.820312 0.820312 0.828125 0.8125 0.835938 0.8125 0.835938 0.792969 0.832031 0.789062 0.828125 0.789062 0.820312 0.78125 0.820312 0.777344 0.816406 0.773438
0 0.972656 0.0117188 0.964844 0.0195312 0.964844 0.046875 0.96875 0.0507812 0.96875 0.0585938 0.976562 0.0664062 0.976562 0.0703125 0.988281 0.0820312 0.996094 0.0820312 0.996094 0.0195312 0.992188 0.015625 0.988281 0.015625 0.984375 0.0117188
0 0.992188 0.320312 0.988281 0.324219 0.988281 0.34375 0.984375 0.347656 0.984375 0.355469 0.988281 0.359375 0.996094 0.359375 0.996094 0.320312
0 0.90625 0.136719 0.902344 0.140625 0.894531 0.140625 0.886719 0.148438 0.882812 0.148438 0.878906 0.152344 0.878906 0.1875 0.882812 0.191406 0.882812 0.195312 0.898438 0.210938 0.902344 0.210938 0.90625 0.214844 0.925781 0.214844 0.929688 0.210938 0.941406 0.210938 0.945312 0.207031 0.945312 0.203125 0.949219 0.199219 0.949219 0.191406 0.953125 0.1875 0.953125 0.160156 0.945312 0.152344 0.945312 0.148438 0.941406 0.144531 0.9375 0.144531 0.929688 0.136719
0 0.851562 0.734375 0.847656 0.738281 0.84375 0.738281 0.832031 0.75 0.832031 0.757812 0.839844 0.765625 0.839844 0.769531 0.84375 0.773438 0.84375 0.785156 0.847656 0.789062 0.847656 0.796875 0.851562 0.800781 0.855469 0.800781 0.863281 0.808594 0.863281 0.8125 0.867188 0.816406 0.875 0.816406 0.882812 0.824219 0.894531 0.824219 0.902344 0.816406 0.914062 0.816406 0.921875 0.808594 0.921875 0.777344 0.894531 0.75 0.894531 0.746094 0.890625 0.742188 0.886719 0.742188 0.882812 0.738281 0.878906 0.738281 0.875 0.734375
0 0.601562 0.605469 0.59375 0.613281 0.589844 0.613281 0.585938 0.617188 0.585938 0.628906 0.589844 0.632812 0.589844 0.636719 0.597656 0.644531 0.605469 0.644531 0.609375 0.648438 0.636719 0.648438 0.640625 0.644531 0.644531 0.644531 0.65625 0.632812 0.65625 0.613281 0.652344 0.609375 0.648438 0.609375 0.644531 0.605469 0.632812 0.605469 0.628906 0.609375 0.609375 0.609375 0.605469 0.605469
0 0.339844 0.523438 0.328125 0.535156 0.324219 0.535156 0.3125 0.546875 0.3125 0.574219 0.328125 0.589844 0.328125 0.601562 0.332031 0.605469 0.347656 0.605469 0.351562 0.601562 0.355469 0.601562 0.363281 0.609375 0.363281 0.613281 0.367188 0.617188 0.375 0.617188 0.378906 0.613281 0.382812 0.613281 0.386719 0.609375 0.386719 0.605469 0.390625 0.601562 0.390625 0.597656 0.398438 0.589844 0.398438 0.546875 0.386719 0.546875 0.382812 0.542969 0.378906 0.542969 0.371094 0.535156 0.371094 0.527344 0.359375 0.527344 0.355469 0.523438
0 0.980469 0.707031 0.976562 0.710938 0.976562 0.722656 0.972656 0.726562 0.972656 0.738281 0.992188 0.757812 0.996094 0.757812 0.996094 0.707031
0 0.988281 0.5 0.984375 0.503906 0.976562 0.503906 0.960938 0.519531 0.960938 0.542969 0.976562 0.558594 0.996094 0.558594 0.996094 0.503906 0.992188 0.5
0 0.6875 0.0625 0.683594 0.0664062 0.679688 0.0664062 0.65625 0.0898438 0.65625 0.101562 0.660156 0.105469 0.664062 0.105469 0.679688 0.121094 0.691406 0.121094 0.695312 0.125 0.707031 0.125 0.714844 0.117188 0.714844 0.113281 0.71875 0.109375 0.71875 0.101562 0.722656 0.0976562 0.722656 0.0742188 0.71875 0.0703125 0.710938 0.0703125 0.703125 0.0625
0 0.542969 0.914062 0.539062 0.917969 0.535156 0.917969 0.53125 0.921875 0.53125 0.925781 0.527344 0.929688 0.527344 0.941406 0.539062 0.953125 0.539062 0.957031 0.53125 0.964844 0.527344 0.964844 0.519531 0.972656 0.519531 0.996094 0.582031 0.996094 0.582031 0.96875 0.566406 0.953125 0.566406 0.949219 0.574219 0.941406 0.574219 0.9375 0.570312 0.933594 0.570312 0.925781 0.5625 0.917969 0.554688 0.917969 0.550781 0.914062
0 0.746094 0.847656 0.738281 0.855469 0.738281 0.859375 0.730469 0.867188 0.730469 0.878906 0.734375 0.882812 0.734375 0.890625 0.742188 0.898438 0.746094 0.898438 0.753906 0.90625 0.761719 0.90625 0.765625 0.902344 0.773438 0.902344 0.777344 0.898438 0.777344 0.890625 0.785156 0.882812 0.785156 0.871094 0.78125 0.867188 0.78125 0.859375 0.773438 0.851562 0.769531 0.851562 0.765625 0.847656
0 0.679688 0.65625 0.675781 0.660156 0.675781 0.667969 0.679688 0.671875 0.6875 0.671875 0.691406 0.667969 0.691406 0.660156 0.6875 0.65625
0 0.828125 0.816406 0.820312 0.824219 0.800781 0.824219 0.796875 0.828125 0.792969 0.828125 0.785156 0.835938 0.785156 0.867188 0.789062 0.871094 0.789062 0.886719 0.796875 0.894531 0.800781 0.894531 0.808594 0.902344 0.832031 0.902344 0.835938 0.90625 0.863281 0.90625 0.871094 0.898438 0.875 0.898438 0.890625 0.882812 0.890625 0.878906 0.894531 0.875 0.894531 0.867188 0.890625 0.863281 0.890625 0.851562 0.886719 0.847656 0.886719 0.84375 0.878906 0.835938 0.878906 0.832031 0.871094 0.824219 0.863281 0.824219 0.855469 0.816406
0 0.664062 0.953125 0.660156 0.957031 0.660156 0.964844 0.664062 0.96875 0.671875 0.96875 0.675781 0.964844 0.675781 0.957031 0.671875 0.953125
0 0.671875 0.890625 0.660156 0.902344 0.660156 0.910156 0.65625 0.914062 0.65625 0.921875 0.660156 0.925781 0.660156 0.933594 0.664062 0.9375 0.6875 0.9375 0.699219 0.925781 0.699219 0.90625 0.695312 0.902344 0.695312 0.894531 0.691406 0.890625
0 0.816406 0 0.804688 0.0117188 0.800781 0.0117188 0.796875 0.015625 0.796875 0.0429688 0.8125 0.0585938 0.816406 0.0585938 0.824219 0.0664062 0.832031 0.0664062 0.847656 0.0507812 0.847656 0.046875 0.851562 0.0429688 0.851562 0.0390625 0.855469 0.0351562 0.855469 0.03125 0.859375 0.0273438 0.859375 0.0117188 0.863281 0.0078125 0.863281 0
0 0.246094 0.964844 0.242188 0.96875 0.234375 0.96875 0.230469 0.972656 0.222656 0.972656 0.214844 0.980469 0.203125 0.980469 0.199219 0.984375 0.199219 0.996094 0.292969 0.996094 0.292969 0.96875 0.289062 0.964844
0 0.0664062 0.773438 0.0625 0.777344 0.0625 0.789062 0.0585938 0.792969 0.0585938 0.8125 0.0625 0.816406 0.0625 0.820312 0.0664062 0.824219 0.0664062 0.828125 0.0742188 0.835938 0.09375 0.835938 0.0976562 0.839844 0.125 0.839844 0.128906 0.835938 0.132812 0.835938 0.140625 0.828125 0.140625 0.820312 0.144531 0.816406 0.144531 0.804688 0.140625 0.800781 0.140625 0.792969 0.121094 0.773438
0 0.5 0.609375 0.496094 0.613281 0.488281 0.613281 0.472656 0.628906 0.472656 0.636719 0.46875 0.640625 0.46875 0.644531 0.472656 0.648438 0.472656 0.652344 0.480469 0.660156 0.480469 0.664062 0.488281 0.671875 0.488281 0.675781 0.496094 0.683594 0.5 0.683594 0.507812 0.691406 0.507812 0.703125 0.511719 0.707031 0.519531 0.707031 0.523438 0.703125 0.523438 0.6875 0.539062 0.671875 0.542969 0.671875 0.546875 0.667969 0.546875 0.648438 0.542969 0.644531 0.542969 0.632812 0.53125 0.621094 0.527344 0.621094 0.519531 0.613281 0.515625 0.613281 0.511719 0.609375
0 0.347656 0.878906 0.339844 0.886719 0.335938 0.886719 0.332031 0.890625 0.332031 0.898438 0.335938 0.902344 0.335938 0.914062 0.339844 0.917969 0.351562 0.917969 0.355469 0.914062 0.359375 0.914062 0.367188 0.90625 0.367188 0.902344 0.371094 0.898438 0.371094 0.890625 0.359375 0.878906
0 0.808594 0.90625 0.804688 0.910156 0.804688 0.917969 0.808594 0.921875 0.816406 0.921875 0.820312 0.917969 0.820312 0.910156 0.816406 0.90625
0 0.675781 0.804688 0.667969 0.8125 0.667969 0.816406 0.664062 0.820312 0.664062 0.828125 0.652344 0.839844 0.652344 0.851562 0.664062 0.863281 0.699219 0.863281 0.710938 0.851562 0.710938 0.847656 0.714844 0.84375 0.714844 0.839844 0.71875 0.835938 0.71875 0.828125 0.714844 0.824219 0.714844 0.820312 0.707031 0.8125 0.703125 0.8125 0.699219 0.808594 0.691406 0.808594 0.6875 0.804688
0 0.984375 0.136719 0.96875 0.152344 0.96875 0.15625 0.964844 0.160156 0.964844 0.183594 0.96875 0.1875 0.96875 0.191406 0.972656 0.195312 0.972656 0.203125 0.984375 0.214844 0.988281 0.214844 0.992188 0.21875 0.996094 0.21875 0.996094 0.136719
0 0.210938 0.902344 0.203125 0.910156 0.199219 0.910156 0.183594 0.925781 0.179688 0.925781 0.175781 0.929688 0.175781 0.957031 0.199219 0.980469 0.203125 0.976562 0.214844 0.976562 0.222656 0.96875 0.230469 0.96875 0.234375 0.964844 0.242188 0.964844 0.246094 0.960938 0.289062 0.960938 0.289062 0.949219 0.273438 0.933594 0.269531 0.933594 0.261719 0.925781 0.261719 0.921875 0.257812 0.917969 0.242188 0.917969 0.238281 0.914062 0.234375 0.914062 0.226562 0.90625 0.21875 0.90625 0.214844 0.902344
0 0.6875 0.738281 0.679688 0.746094 0.675781 0.746094 0.671875 0.75 0.671875 0.753906 0.667969 0.757812 0.667969 0.785156 0.671875 0.789062 0.675781 0.789062 0.679688 0.792969 0.6875 0.792969 0.691406 0.796875 0.695312 0.796875 0.699219 0.800781 0.742188 0.800781 0.753906 0.789062 0.753906 0.757812 0.742188 0.746094 0.726562 0.746094 0.722656 0.742188 0.71875 0.742188 0.714844 0.738281
0 0.886719 0.351562 0.882812 0.355469 0.882812 0.363281 0.890625 0.371094 0.878906 0.382812 0.875 0.382812 0.867188 0.390625 0.867188 0.429688 0.871094 0.433594 0.871094 0.4375 0.882812 0.449219 0.886719 0.449219 0.890625 0.453125 0.914062 0.453125 0.917969 0.449219 0.921875 0.449219 0.9375 0.433594 0.9375 0.402344 0.929688 0.394531 0.929688 0.390625 0.917969 0.378906 0.914062 0.378906 0.910156 0.375 0.898438 0.375 0.894531 0.371094 0.894531 0.367188 0.898438 0.363281 0.898438 0.355469 0.894531 0.351562
0 0.917969 0.0585938 0.914062 0.0625 0.902344 0.0625 0.898438 0.0664062 0.894531 0.0664062 0.882812 0.078125 0.882812 0.0820312 0.878906 0.0859375 0.878906 0.0976562 0.882812 0.101562 0.882812 0.113281 0.890625 0.121094 0.894531 0.121094 0.90625 0.132812 0.933594 0.132812 0.949219 0.117188 0.953125 0.117188 0.960938 0.109375 0.960938 0.0976562 0.957031 0.09375 0.957031 0.0820312 0.949219 0.0742188 0.949219 0.0664062 0.941406 0.0585938
0 0.960938 0.789062 0.957031 0.792969 0.949219 0.792969 0.945312 0.796875 0.945312 0.800781 0.941406 0.804688 0.941406 0.816406 0.9375 0.820312 0.9375 0.851562 0.941406 0.855469 0.941406 0.859375 0.949219 0.867188 0.953125 0.867188 0.957031 0.871094 0.96875 0.871094 0.972656 0.875 0.984375 0.875 0.988281 0.871094 0.996094 0.871094 0.996094 0.804688 0.988281 0.796875 0.984375 0.796875 0.980469 0.792969 0.976562 0.792969 0.972656 0.789062
0 0.472656 0.761719 0.46875 0.765625 0.453125 0.765625 0.449219 0.769531 0.445312 0.769531 0.4375 0.777344 0.4375 0.792969 0.433594 0.796875 0.433594 0.808594 0.4375 0.8125 0.4375 0.816406 0.441406 0.820312 0.441406 0.824219 0.449219 0.832031 0.453125 0.832031 0.464844 0.84375 0.480469 0.84375 0.484375 0.839844 0.496094 0.839844 0.5 0.835938 0.5 0.832031 0.515625 0.816406 0.515625 0.808594 0.511719 0.804688 0.511719 0.777344 0.503906 0.769531 0.503906 0.765625 0.5 0.761719
0 0.390625 0.691406 0.386719 0.695312 0.386719 0.707031 0.378906 0.714844 0.378906 0.71875 0.375 0.722656 0.375 0.726562 0.371094 0.730469 0.371094 0.734375 0.363281 0.742188 0.363281 0.761719 0.371094 0.769531 0.375 0.769531 0.378906 0.773438 0.382812 0.773438 0.386719 0.777344 0.390625 0.777344 0.394531 0.78125 0.421875 0.78125 0.425781 0.777344 0.425781 0.773438 0.441406 0.757812 0.441406 0.753906 0.445312 0.75 0.445312 0.726562 0.4375 0.71875 0.4375 0.714844 0.429688 0.707031 0.410156 0.707031 0.402344 0.699219 0.402344 0.695312 0.398438 0.691406
0 0.0859375 0.949219 0.078125 0.957031 0.0546875 0.957031 0.0507812 0.960938 0.03125 0.960938 0.0273438 0.964844 0.0273438 0.972656 0.0234375 0.976562 0.0234375 0.988281 0.0273438 0.992188 0.0273438 0.996094 0.101562 0.996094 0.101562 0.992188 0.0976562 0.988281 0.0976562 0.953125 0.09375 0.949219
0 0.601562 0.851562 0.597656 0.855469 0.589844 0.855469 0.578125 0.867188 0.578125 0.871094 0.574219 0.875 0.574219 0.890625 0.585938 0.902344 0.589844 0.902344 0.59375 0.90625 0.597656 0.90625 0.601562 0.910156 0.605469 0.910156 0.609375 0.914062 0.613281 0.914062 0.621094 0.90625 0.625 0.90625 0.628906 0.902344 0.628906 0.898438 0.632812 0.894531 0.632812 0.890625 0.636719 0.886719 0.636719 0.867188 0.628906 0.859375 0.625 0.859375 0.617188 0.851562
0 0.65625 0.347656 0.652344 0.351562 0.652344 0.375 0.660156 0.382812 0.660156 0.386719 0.664062 0.390625 0.667969 0.390625 0.675781 0.398438 0.679688 0.398438 0.683594 0.402344 0.707031 0.402344 0.710938 0.398438 0.71875 0.398438 0.730469 0.386719 0.738281 0.386719 0.75 0.398438 0.746094 0.402344 0.738281 0.402344 0.730469 0.410156 0.730469 0.417969 0.714844 0.433594 0.714844 0.445312 0.71875 0.449219 0.730469 0.449219 0.734375 0.445312 0.738281 0.445312 0.742188 0.441406 0.753906 0.441406 0.757812 0.4375 0.757812 0.433594 0.761719 0.429688 0.761719 0.421875 0.765625 0.417969 0.769531 0.421875 0.769531 0.429688 0.773438 0.433594 0.785156 0.433594 0.789062 0.429688 0.789062 0.417969 0.785156 0.414062 0.785156 0.398438 0.789062 0.394531 0.796875 0.394531 0.800781 0.390625 0.800781 0.378906 0.796875 0.375 0.792969 0.375 0.789062 0.371094 0.769531 0.371094 0.765625 0.367188 0.761719 0.367188 0.753906 0.359375 0.75 0.359375 0.746094 0.355469 0.742188 0.355469 0.738281 0.351562 0.734375 0.351562 0.730469 0.347656 0.707031 0.347656 0.703125 0.351562 0.683594 0.351562 0.679688 0.347656
0 0.542969 0.398438 0.539062 0.402344 0.527344 0.402344 0.511719 0.417969 0.511719 0.429688 0.515625 0.433594 0.515625 0.453125 0.519531 0.457031 0.519531 0.460938 0.527344 0.46875 0.53125 0.46875 0.535156 0.472656 0.542969 0.472656 0.546875 0.476562 0.566406 0.476562 0.578125 0.464844 0.578125 0.460938 0.585938 0.453125 0.585938 0.445312 0.589844 0.441406 0.589844 0.4375 0.585938 0.433594 0.585938 0.429688 0.589844 0.425781 0.589844 0.421875 0.570312 0.402344 0.5625 0.402344 0.558594 0.398438
0 0.925781 0.546875 0.921875 0.550781 0.910156 0.550781 0.90625 0.554688 0.902344 0.554688 0.898438 0.558594 0.894531 0.558594 0.890625 0.5625 0.890625 0.589844 0.902344 0.601562 0.90625 0.601562 0.910156 0.605469 0.925781 0.605469 0.929688 0.601562 0.9375 0.601562 0.945312 0.59375 0.945312 0.585938 0.949219 0.582031 0.949219 0.578125 0.953125 0.574219 0.953125 0.570312 0.949219 0.566406 0.949219 0.5625 0.933594 0.546875
0 0.613281 0.667969 0.605469 0.675781 0.601562 0.675781 0.597656 0.679688 0.597656 0.683594 0.59375 0.6875 0.59375 0.699219 0.597656 0.703125 0.597656 0.726562 0.609375 0.738281 0.613281 0.738281 0.617188 0.742188 0.636719 0.742188 0.640625 0.738281 0.644531 0.738281 0.652344 0.730469 0.65625 0.730469 0.660156 0.726562 0.660156 0.722656 0.664062 0.71875 0.664062 0.6875 0.660156 0.683594 0.660156 0.679688 0.652344 0.671875 0.644531 0.671875 0.640625 0.667969
