0 0.268012 0.0115385 0.26513 0.0153846 0.262248 0.0153846 0.259366 0.0192308 0.256484 0.0192308 0.256484 0.0307692 0.259366 0.0346154 0.259366 0.0384615 0.262248 0.0423077 0.26513 0.0423077 0.268012 0.0461538 0.282421 0.0461538 0.285303 0.0423077 0.285303 0.0384615 0.288184 0.0346154 0.285303 0.0307692 0.285303 0.0230769 0.282421 0.0192308 0.282421 0.0153846 0.279539 0.0153846 0.276657 0.0115385
0 0.927954 0.726923 0.916427 0.742308 0.916427 0.757692 0.910663 0.765385 0.910663 0.769231 0.907781 0.773077 0.907781 0.780769 0.910663 0.784615 0.910663 0.788462 0.913545 0.792308 0.927954 0.792308 0.930836 0.788462 0.933718 0.788462 0.936599 0.784615 0.936599 0.780769 0.939481 0.776923 0.942363 0.776923 0.942363 0.773077 0.945245 0.769231 0.948127 0.769231 0.951009 0.765385 0.951009 0.742308 0.948127 0.738462 0.948127 0.734615 0.942363 0.726923
0 0.544669 0.588462 0.538905 0.596154 0.536023 0.596154 0.530259 0.603846 0.530259 0.657692 0.533141 0.661538 0.533141 0.665385 0.536023 0.665385 0.538905 0.669231 0.544669 0.669231 0.54755 0.665385 0.559078 0.665385 0.559078 0.657692 0.56196 0.653846 0.553314 0.653846 0.544669 0.642308 0.544669 0.626923 0.553314 0.615385 0.550432 0.611538 0.550432 0.607692 0.553314 0.603846 0.550432 0.6 0.550432 0.592308 0.54755 0.592308
0 0.838617 0.0923077 0.835735 0.0961538 0.832853 0.0961538 0.827089 0.103846 0.827089 0.119231 0.829971 0.123077 0.829971 0.126923 0.838617 0.138462 0.841499 0.138462 0.84438 0.142308 0.870317 0.142308 0.870317 0.138462 0.873199 0.134615 0.873199 0.130769 0.876081 0.126923 0.876081 0.119231 0.878963 0.115385 0.878963 0.111538 0.873199 0.103846 0.870317 0.103846 0.864553 0.0961538 0.85879 0.0961538 0.855908 0.0923077
0 0.795389 0.396154 0.792507 0.4 0.789625 0.4 0.789625 0.403846 0.786744 0.407692 0.786744 0.423077 0.789625 0.426923 0.806916 0.426923 0.809798 0.423077 0.809798 0.403846 0.804035 0.396154
0 0.345821 0.615385 0.342939 0.619231 0.340058 0.619231 0.340058 0.623077 0.337176 0.626923 0.337176 0.684615 0.348703 0.684615 0.351585 0.680769 0.354467 0.680769 0.360231 0.673077 0.360231 0.665385 0.363112 0.661538 0.363112 0.638462 0.357349 0.630769 0.357349 0.626923 0.354467 0.623077 0.348703 0.623077 0.345821 0.619231
0 0.634006 0.284615 0.634006 0.303846 0.639769 0.303846 0.642651 0.3 0.645533 0.3 0.645533 0.288462 0.642651 0.284615
0 0.599424 0.692308 0.59366 0.7 0.590778 0.7 0.590778 0.703846 0.587896 0.707692 0.587896 0.711538 0.585014 0.715385 0.585014 0.723077 0.582133 0.726923 0.582133 0.738462 0.587896 0.746154 0.59366 0.746154 0.596542 0.75 0.610951 0.75 0.613833 0.746154 0.616715 0.746154 0.619597 0.742308 0.622478 0.742308 0.631124 0.730769 0.631124 0.719231 0.628242 0.715385 0.628242 0.711538 0.62536 0.707692 0.622478 0.707692 0.616715 0.7 0.616715 0.696154 0.613833 0.696154 0.610951 0.692308
0 0.282421 0.296154 0.279539 0.3 0.279539 0.303846 0.276657 0.307692 0.276657 0.323077 0.279539 0.326923 0.279539 0.334615 0.293948 0.353846 0.29683 0.353846 0.299712 0.357692 0.314121 0.357692 0.319885 0.35 0.319885 0.330769 0.317003 0.326923 0.317003 0.323077 0.29683 0.296154
0 0.939481 0.5 0.933718 0.507692 0.930836 0.507692 0.92219 0.519231 0.919308 0.519231 0.910663 0.530769 0.910663 0.534615 0.904899 0.542308 0.904899 0.565385 0.907781 0.569231 0.907781 0.542308 0.913545 0.534615 0.916427 0.534615 0.919308 0.530769 0.930836 0.530769 0.933718 0.534615 0.936599 0.534615 0.939481 0.538462 0.942363 0.538462 0.95389 0.553846 0.95389 0.542308 0.956772 0.538462 0.956772 0.503846 0.95389 0.503846 0.951009 0.5
0 0.570605 0.180769 0.570605 0.184615 0.553314 0.207692 0.553314 0.253846 0.556196 0.257692 0.585014 0.257692 0.587896 0.253846 0.59366 0.253846 0.59366 0.25 0.596542 0.246154 0.599424 0.246154 0.599424 0.242308 0.602305 0.238462 0.602305 0.234615 0.605187 0.230769 0.605187 0.207692 0.602305 0.207692 0.59366 0.196154 0.582133 0.196154 0.579251 0.192308 0.579251 0.184615 0.576369 0.180769
0 0.472622 0.384615 0.469741 0.388462 0.466859 0.388462 0.463977 0.392308 0.461095 0.392308 0.458213 0.396154 0.455331 0.396154 0.449568 0.403846 0.449568 0.407692 0.446686 0.411538 0.446686 0.415385 0.443804 0.419231 0.443804 0.434615 0.446686 0.438462 0.446686 0.442308 0.455331 0.453846 0.461095 0.453846 0.463977 0.457692 0.466859 0.453846 0.469741 0.457692 0.472622 0.453846 0.472622 0.45 0.478386 0.442308 0.478386 0.434615 0.481268 0.430769 0.481268 0.426923 0.487032 0.419231 0.487032 0.415385 0.489914 0.411538 0.489914 0.392308 0.48415 0.384615
0 0.164265 0.4 0.164265 0.403846 0.161383 0.407692 0.161383 0.411538 0.158501 0.415385 0.158501 0.457692 0.161383 0.461538 0.172911 0.461538 0.172911 0.4
0 0.299712 0.976923 0.29683 0.980769 0.293948 0.980769 0.288184 0.988462 0.285303 0.988462 0.279539 0.996154 0.314121 0.996154 0.311239 0.992308 0.314121 0.988462 0.314121 0.980769 0.311239 0.976923
0 0.850144 0.161538 0.847262 0.165385 0.835735 0.165385 0.835735 0.169231 0.838617 0.173077 0.838617 0.184615 0.832853 0.192308 0.832853 0.203846 0.838617 0.211538 0.838617 0.215385 0.847262 0.226923 0.850144 0.226923 0.853026 0.230769 0.867435 0.230769 0.873199 0.223077 0.873199 0.215385 0.876081 0.211538 0.876081 0.203846 0.878963 0.2 0.878963 0.176923 0.870317 0.165385 0.870317 0.161538
0 0.201729 0.988462 0.198847 0.992308 0.193084 0.992308 0.190202 0.996154 0.18732 0.996154 0.230548 0.996154 0.227666 0.996154 0.224784 0.992308 0.21902 0.992308 0.216138 0.988462
0 0.175793 0.0384615 0.175793 0.0423077 0.167147 0.0538462 0.167147 0.0692308 0.170029 0.0692308 0.172911 0.0730769 0.184438 0.0730769 0.190202 0.0653846 0.190202 0.0423077 0.18732 0.0423077 0.184438 0.0384615
0 0.544669 0.926923 0.544669 0.934615 0.541787 0.938462 0.541787 0.957692 0.544669 0.961538 0.544669 0.969231 0.54755 0.973077 0.54755 0.980769 0.550432 0.984615 0.550432 0.988462 0.553314 0.992308 0.553314 0.996154 0.585014 0.996154 0.585014 0.973077 0.582133 0.969231 0.582133 0.961538 0.579251 0.957692 0.579251 0.95 0.576369 0.946154 0.576369 0.942308 0.564841 0.926923
0 0.590778 0 0.590778 0.00769231 0.599424 0.0192308 0.605187 0.0192308 0.608069 0.0230769 0.613833 0.0230769 0.616715 0.0192308 0.619597 0.0192308 0.631124 0.00384615 0.631124 0
0 0.377522 0.480769 0.37464 0.484615 0.368876 0.484615 0.365994 0.488462 0.363112 0.488462 0.354467 0.5 0.354467 0.503846 0.351585 0.507692 0.351585 0.511538 0.348703 0.515385 0.348703 0.526923 0.351585 0.530769 0.351585 0.534615 0.354467 0.538462 0.354467 0.542308 0.357349 0.546154 0.360231 0.546154 0.363112 0.55 0.365994 0.546154 0.380403 0.546154 0.377522 0.542308 0.377522 0.511538 0.380403 0.507692 0.380403 0.503846 0.386167 0.496154 0.400576 0.496154 0.400576 0.488462 0.397695 0.484615 0.394813 0.484615 0.391931 0.480769
0 0.489914 0.273077 0.487032 0.276923 0.487032 0.280769 0.481268 0.288462 0.481268 0.3 0.48415 0.3 0.487032 0.303846 0.492795 0.303846 0.495677 0.307692 0.504323 0.307692 0.507205 0.303846 0.512968 0.303846 0.518732 0.296154 0.518732 0.284615 0.51585 0.280769 0.512968 0.280769 0.510086 0.276923 0.507205 0.276923 0.504323 0.273077
0 0.662824 0.261538 0.662824 0.269231 0.665706 0.273077 0.665706 0.276923 0.668588 0.280769 0.682997 0.280769 0.685879 0.276923 0.685879 0.261538
0 0.426513 0.926923 0.412104 0.946154 0.412104 0.95 0.409222 0.953846 0.409222 0.957692 0.40634 0.961538 0.40634 0.969231 0.403458 0.973077 0.403458 0.980769 0.409222 0.988462 0.417867 0.988462 0.420749 0.984615 0.423631 0.984615 0.426513 0.980769 0.429395 0.980769 0.432277 0.976923 0.432277 0.969231 0.435159 0.965385 0.435159 0.926923
0 0.971182 0.815385 0.9683 0.819231 0.9683 0.834615 0.965418 0.838462 0.965418 0.846154 0.9683 0.85 0.9683 0.857692 0.974063 0.857692 0.976945 0.861538 0.988473 0.861538 0.994236 0.853846 0.994236 0.85 0.997118 0.846154 0.997118 0.842308 0.994236 0.838462 0.994236 0.826923 0.988473 0.819231 0.985591 0.819231 0.982709 0.815385
0 0.685879 0.126923 0.682997 0.130769 0.682997 0.142308 0.691643 0.142308 0.691643 0.138462 0.694524 0.134615 0.694524 0.126923
0 0.832853 0.0269231 0.829971 0.0307692 0.829971 0.0346154 0.824207 0.0423077 0.824207 0.0730769 0.827089 0.0769231 0.841499 0.0769231 0.84438 0.0730769 0.84438 0.0692308 0.847262 0.0653846 0.847262 0.0615385 0.850144 0.0576923 0.85879 0.0576923 0.85879 0.0384615 0.855908 0.0346154 0.853026 0.0346154 0.847262 0.0269231
0 0.861671 0.580769 0.855908 0.588462 0.855908 0.611538 0.85879 0.611538 0.861671 0.615385 0.867435 0.615385 0.873199 0.607692 0.881844 0.607692 0.881844 0.592308 0.878963 0.588462 0.878963 0.584615 0.876081 0.584615 0.873199 0.580769
0 0.29683 0.180769 0.288184 0.192308 0.288184 0.203846 0.291066 0.207692 0.291066 0.215385 0.299712 0.226923 0.299712 0.234615 0.305476 0.242308 0.308357 0.242308 0.311239 0.246154 0.314121 0.246154 0.317003 0.25 0.322767 0.25 0.325648 0.253846 0.32853 0.253846 0.331412 0.25 0.334294 0.25 0.340058 0.242308 0.340058 0.238462 0.342939 0.234615 0.342939 0.219231 0.337176 0.211538 0.337176 0.207692 0.334294 0.203846 0.331412 0.203846 0.32853 0.2 0.32853 0.196154 0.325648 0.196154 0.317003 0.184615 0.314121 0.184615 0.311239 0.180769
0 0.00576369 0.961538 0.00288184 0.965385 0 0.965385 0 0.996154 0.0115274 0.996154 0.0144092 0.992308 0.0172911 0.992308 0.0230548 0.984615 0.0230548 0.976923 0.0201729 0.973077 0.0201729 0.965385 0.0172911 0.965385 0.0144092 0.961538
0 0.677233 0.0961538 0.677233 0.107692 0.674352 0.111538 0.665706 0.111538 0.665706 0.119231 0.662824 0.123077 0.662824 0.126923 0.668588 0.134615 0.677233 0.134615 0.680115 0.138462 0.680115 0.130769 0.685879 0.123077 0.688761 0.123077 0.688761 0.107692 0.682997 0.107692 0.680115 0.103846 0.680115 0.0961538
0 0.553314 0.619231 0.54755 0.626923 0.54755 0.642308 0.553314 0.65 0.567723 0.65 0.570605 0.646154 0.570605 0.634615 0.567723 0.630769 0.567723 0.623077 0.564841 0.623077 0.56196 0.619231
0 0.89049 0.661538 0.887608 0.665385 0.881844 0.665385 0.878963 0.669231 0.876081 0.669231 0.876081 0.676923 0.878963 0.676923 0.881844 0.680769 0.881844 0.684615 0.884726 0.680769 0.904899 0.680769 0.904899 0.676923 0.902017 0.673077 0.902017 0.661538
0 0.769452 0.273077 0.766571 0.276923 0.766571 0.280769 0.763689 0.284615 0.763689 0.292308 0.760807 0.296154 0.760807 0.303846 0.763689 0.307692 0.763689 0.311538 0.766571 0.315385 0.772334 0.315385 0.775216 0.311538 0.804035 0.311538 0.804035 0.303846 0.801153 0.3 0.801153 0.296154 0.798271 0.292308 0.798271 0.288462 0.795389 0.284615 0.795389 0.280769 0.789625 0.280769 0.786744 0.276923 0.78098 0.276923 0.778098 0.273077
0 0.662824 0.738462 0.659942 0.742308 0.657061 0.742308 0.657061 0.746154 0.654179 0.75 0.654179 0.753846 0.651297 0.757692 0.651297 0.765385 0.654179 0.769231 0.654179 0.776923 0.659942 0.784615 0.659942 0.788462 0.662824 0.792308 0.665706 0.792308 0.67147 0.8 0.674352 0.8 0.677233 0.803846 0.680115 0.803846 0.682997 0.807692 0.700288 0.807692 0.700288 0.8 0.70317 0.796154 0.70317 0.784615 0.700288 0.780769 0.700288 0.776923 0.697406 0.773077 0.697406 0.769231 0.691643 0.761538 0.691643 0.757692 0.688761 0.753846 0.688761 0.75 0.682997 0.742308 0.680115 0.742308 0.677233 0.738462
0 0.279539 0.796154 0.26513 0.815385 0.26513 0.823077 0.262248 0.826923 0.262248 0.842308 0.26513 0.846154 0.26513 0.857692 0.268012 0.861538 0.268012 0.873077 0.270893 0.876923 0.270893 0.880769 0.273775 0.880769 0.276657 0.884615 0.282421 0.884615 0.285303 0.880769 0.285303 0.873077 0.288184 0.869231 0.288184 0.846154 0.291066 0.842308 0.291066 0.834615 0.293948 0.830769 0.293948 0.826923 0.29683 0.823077 0.29683 0.8 0.293948 0.796154
0 0.919308 0.534615 0.916427 0.538462 0.913545 0.538462 0.910663 0.542308 0.910663 0.573077 0.933718 0.603846 0.933718 0.607692 0.936599 0.611538 0.948127 0.611538 0.951009 0.607692 0.956772 0.607692 0.95389 0.607692 0.951009 0.603846 0.948127 0.603846 0.942363 0.596154 0.942363 0.584615 0.945245 0.580769 0.945245 0.565385 0.948127 0.561538 0.95389 0.561538 0.95389 0.557692 0.942363 0.542308 0.939481 0.542308 0.936599 0.538462 0.933718 0.538462 0.930836 0.534615
0 0.81268 0.446154 0.81268 0.45 0.809798 0.453846 0.806916 0.453846 0.806916 0.461538 0.81268 0.469231 0.815562 0.469231 0.818444 0.473077 0.821326 0.469231 0.824207 0.469231 0.824207 0.465385 0.827089 0.461538 0.827089 0.453846 0.824207 0.45 0.821326 0.45 0.818444 0.446154
0 0.314121 0.773077 0.311239 0.776923 0.311239 0.784615 0.308357 0.788462 0.308357 0.819231 0.311239 0.823077 0.311239 0.826923 0.317003 0.826923 0.319885 0.823077 0.322767 0.823077 0.337176 0.803846 0.348703 0.803846 0.348703 0.8 0.351585 0.796154 0.351585 0.788462 0.342939 0.788462 0.340058 0.784615 0.334294 0.784615 0.325648 0.773077
0 0.175793 0.4 0.175793 0.461538 0.178674 0.465385 0.18732 0.465385 0.190202 0.461538 0.190202 0.453846 0.193084 0.45 0.193084 0.407692 0.190202 0.407692 0.18732 0.403846 0.178674 0.403846
0 0.789625 0.715385 0.786744 0.719231 0.783862 0.719231 0.78098 0.723077 0.778098 0.723077 0.769452 0.734615 0.769452 0.765385 0.772334 0.769231 0.772334 0.773077 0.792507 0.773077 0.795389 0.769231 0.798271 0.769231 0.801153 0.765385 0.804035 0.765385 0.804035 0.761538 0.809798 0.753846 0.809798 0.75 0.81268 0.746154 0.81268 0.730769 0.809798 0.726923 0.809798 0.723077 0.804035 0.715385
0 0.59366 0.0615385 0.590778 0.0653846 0.590778 0.0730769 0.599424 0.0846154 0.608069 0.0846154 0.610951 0.0807692 0.610951 0.0730769 0.608069 0.0692308 0.608069 0.0653846 0.605187 0.0615385
0 0.829971 0.892308 0.824207 0.9 0.821326 0.9 0.81268 0.911538 0.81268 0.915385 0.809798 0.919231 0.809798 0.923077 0.804035 0.930769 0.804035 0.95 0.806916 0.95 0.809798 0.953846 0.81268 0.953846 0.815562 0.957692 0.824207 0.957692 0.827089 0.953846 0.832853 0.953846 0.835735 0.95 0.838617 0.95 0.841499 0.946154 0.847262 0.946154 0.850144 0.942308 0.853026 0.942308 0.864553 0.926923 0.864553 0.907692 0.85879 0.9 0.847262 0.9 0.84438 0.903846 0.841499 0.903846 0.838617 0.9 0.838617 0.896154 0.835735 0.892308
0 0.210375 0.326923 0.207493 0.330769 0.198847 0.330769 0.195965 0.334615 0.190202 0.334615 0.184438 0.342308 0.184438 0.35 0.18732 0.353846 0.190202 0.353846 0.193084 0.357692 0.195965 0.357692 0.198847 0.361538 0.210375 0.361538 0.213256 0.357692 0.216138 0.357692 0.221902 0.35 0.221902 0.346154 0.224784 0.342308 0.224784 0.330769 0.221902 0.326923
0 0.991354 0.153846 0.988473 0.157692 0.988473 0.196154 0.991354 0.2 0.991354 0.203846 0.997118 0.211538 0.997118 0.153846
0 0.469741 0.838462 0.466859 0.842308 0.463977 0.842308 0.455331 0.853846 0.455331 0.861538 0.45245 0.865385 0.45245 0.884615 0.455331 0.888462 0.455331 0.892308 0.458213 0.892308 0.463977 0.9 0.466859 0.9 0.469741 0.903846 0.487032 0.903846 0.487032 0.9 0.492795 0.892308 0.492795 0.888462 0.495677 0.884615 0.495677 0.873077 0.489914 0.865385 0.489914 0.857692 0.487032 0.853846 0.487032 0.85 0.48415 0.85 0.478386 0.842308 0.478386 0.838462
0 0.498559 0.773077 0.495677 0.776923 0.492795 0.776923 0.48415 0.788462 0.48415 0.792308 0.481268 0.796154 0.481268 0.842308 0.48415 0.846154 0.495677 0.846154 0.498559 0.842308 0.501441 0.842308 0.504323 0.838462 0.507205 0.838462 0.510086 0.834615 0.510086 0.830769 0.51585 0.823077 0.51585 0.784615 0.507205 0.773077
0 0.665706 0.0884615 0.662824 0.0923077 0.662824 0.103846 0.665706 0.107692 0.674352 0.107692 0.674352 0.0884615
0 0.518732 0.953846 0.51585 0.957692 0.510086 0.957692 0.504323 0.965385 0.501441 0.961538 0.501441 0.965385 0.489914 0.980769 0.489914 0.984615 0.48415 0.992308 0.48415 0.996154 0.538905 0.996154 0.538905 0.992308 0.541787 0.988462 0.541787 0.984615 0.544669 0.980769 0.54755 0.984615 0.544669 0.980769 0.544669 0.973077 0.541787 0.969231 0.541787 0.961538 0.538905 0.965385 0.536023 0.961538 0.533141 0.961538 0.530259 0.957692 0.527378 0.957692 0.524496 0.953846 0.521614 0.957692
0 0.412104 0.603846 0.409222 0.607692 0.403458 0.607692 0.400576 0.611538 0.400576 0.642308 0.420749 0.642308 0.429395 0.630769 0.429395 0.611538 0.426513 0.611538 0.423631 0.607692 0.420749 0.607692 0.417867 0.603846
0 0.783862 0.911538 0.778098 0.919231 0.775216 0.919231 0.772334 0.923077 0.769452 0.923077 0.763689 0.930769 0.763689 0.934615 0.760807 0.938462 0.760807 0.946154 0.763689 0.95 0.763689 0.953846 0.766571 0.953846 0.769452 0.957692 0.778098 0.957692 0.78098 0.961538 0.783862 0.961538 0.783862 0.953846 0.789625 0.946154 0.801153 0.946154 0.801153 0.930769 0.806916 0.923077 0.806916 0.919231 0.809798 0.915385 0.806916 0.915385 0.804035 0.911538
0 0.737752 0.269231 0.743516 0.269231 0.746398 0.273077 0.746398 0.284615 0.743516 0.288462 0.73487 0.288462 0.731988 0.284615 0.731988 0.276923 0.729107 0.276923 0.729107 0.280769 0.720461 0.292308 0.720461 0.296154 0.717579 0.3 0.717579 0.319231 0.714697 0.323077 0.714697 0.342308 0.717579 0.346154 0.717579 0.35 0.726225 0.361538 0.726225 0.346154 0.729107 0.342308 0.729107 0.334615 0.731988 0.330769 0.73487 0.330769 0.737752 0.326923 0.752161 0.326923 0.755043 0.330769 0.755043 0.334615 0.769452 0.334615 0.769452 0.319231 0.766571 0.319231 0.760807 0.311538 0.760807 0.307692 0.757925 0.303846 0.757925 0.296154 0.760807 0.292308 0.760807 0.284615 0.763689 0.280769 0.763689 0.273077 0.760807 0.269231
0 0.740634 0.292308 0.743516 0.288462 0.74928 0.288462 0.752161 0.292308 0.752161 0.3 0.74928 0.303846 0.743516 0.303846 0.740634 0.3
0 0.772334 0.334615 0.769452 0.338462 0.769452 0.35 0.763689 0.357692 0.763689 0.365385 0.775216 0.365385 0.778098 0.361538 0.778098 0.357692 0.78098 0.353846 0.78098 0.35 0.778098 0.346154 0.778098 0.342308
0 0.43804 0.246154 0.435159 0.25 0.432277 0.25 0.429395 0.253846 0.429395 0.265385 0.432277 0.269231 0.435159 0.269231 0.43804 0.273077 0.443804 0.273077 0.446686 0.276923 0.466859 0.276923 0.469741 0.273077 0.469741 0.257692 0.461095 0.246154
0 0.475504 0.303846 0.472622 0.307692 0.469741 0.307692 0.466859 0.311538 0.466859 0.315385 0.463977 0.319231 0.463977 0.338462 0.466859 0.342308 0.501441 0.342308 0.507205 0.334615 0.507205 0.319231 0.504323 0.315385 0.504323 0.311538 0.495677 0.311538 0.492795 0.307692 0.487032 0.307692 0.48415 0.303846
0 0.590778 0.119231 0.587896 0.123077 0.585014 0.123077 0.576369 0.134615 0.576369 0.161538 0.579251 0.165385 0.579251 0.173077 0.602305 0.203846 0.613833 0.203846 0.616715 0.2 0.619597 0.2 0.622478 0.196154 0.622478 0.188462 0.62536 0.184615 0.62536 0.173077 0.622478 0.169231 0.622478 0.161538 0.619597 0.157692 0.619597 0.153846 0.616715 0.15 0.616715 0.142308 0.610951 0.134615 0.610951 0.130769 0.605187 0.123077 0.602305 0.123077 0.599424 0.119231
0 0.429395 0.661538 0.412104 0.684615 0.412104 0.692308 0.409222 0.696154 0.409222 0.711538 0.412104 0.715385 0.412104 0.719231 0.420749 0.730769 0.426513 0.730769 0.426513 0.726923 0.443804 0.703846 0.443804 0.696154 0.449568 0.688462 0.449568 0.665385 0.446686 0.661538
0 0.412104 0.696154 0.414986 0.692308 0.423631 0.692308 0.426513 0.696154 0.426513 0.711538 0.423631 0.715385 0.417867 0.715385 0.412104 0.707692
0 0.466859 0.157692 0.463977 0.161538 0.463977 0.165385 0.461095 0.169231 0.461095 0.188462 0.463977 0.192308 0.463977 0.196154 0.466859 0.2 0.469741 0.2 0.472622 0.203846 0.489914 0.203846 0.495677 0.196154 0.495677 0.184615 0.492795 0.180769 0.492795 0.176923 0.489914 0.173077 0.489914 0.169231 0.487032 0.165385 0.48415 0.165385 0.478386 0.157692
0 0.789625 0.95 0.786744 0.953846 0.786744 0.965385 0.789625 0.969231 0.798271 0.969231 0.801153 0.965385 0.804035 0.965385 0.809798 0.957692 0.81268 0.957692 0.809798 0.957692 0.806916 0.953846 0.804035 0.953846 0.801153 0.95
0 0.559078 0.738462 0.544669 0.757692 0.544669 0.761538 0.541787 0.765385 0.541787 0.769231 0.538905 0.773077 0.538905 0.792308 0.544669 0.8 0.544669 0.803846 0.54755 0.807692 0.550432 0.807692 0.553314 0.811538 0.56196 0.811538 0.564841 0.807692 0.570605 0.807692 0.576369 0.8 0.576369 0.792308 0.579251 0.788462 0.579251 0.765385 0.576369 0.761538 0.576369 0.746154 0.573487 0.746154 0.570605 0.742308 0.570605 0.738462
0 0.997118 0.0923077 0.994236 0.0961538 0.991354 0.0961538 0.982709 0.107692 0.982709 0.111538 0.979827 0.115385 0.979827 0.126923 0.982709 0.130769 0.982709 0.138462 0.985591 0.142308 0.997118 0.142308
0 0.354467 0.919231 0.348703 0.926923 0.337176 0.926923 0.334294 0.930769 0.331412 0.930769 0.32853 0.934615 0.32853 0.965385 0.334294 0.973077 0.342939 0.973077 0.345821 0.969231 0.351585 0.969231 0.360231 0.957692 0.365994 0.957692 0.371758 0.95 0.371758 0.946154 0.37464 0.942308 0.37464 0.930769 0.368876 0.923077 0.365994 0.923077 0.363112 0.919231
0 0.861671 0.776923 0.85879 0.780769 0.85879 0.834615 0.870317 0.85 0.873199 0.846154 0.878963 0.846154 0.878963 0.842308 0.884726 0.834615 0.887608 0.834615 0.887608 0.830769 0.89049 0.826923 0.887608 0.826923 0.884726 0.823077 0.884726 0.815385 0.887608 0.811538 0.887608 0.8 0.884726 0.8 0.881844 0.796154 0.881844 0.792308 0.870317 0.776923
0 0.400576 0.553846 0.394813 0.561538 0.394813 0.580769 0.397695 0.584615 0.397695 0.592308 0.400576 0.596154 0.400576 0.6 0.403458 0.603846 0.409222 0.603846 0.412104 0.6 0.412104 0.592308 0.417867 0.584615 0.417867 0.565385 0.414986 0.561538 0.414986 0.557692 0.412104 0.553846
0 0.242075 0.884615 0.239193 0.888462 0.227666 0.888462 0.21902 0.9 0.21902 0.923077 0.221902 0.926923 0.221902 0.934615 0.236311 0.953846 0.247839 0.953846 0.253602 0.946154 0.256484 0.946154 0.268012 0.930769 0.268012 0.919231 0.26513 0.915385 0.26513 0.907692 0.259366 0.9 0.259366 0.896154 0.256484 0.892308 0.256484 0.888462 0.253602 0.888462 0.25072 0.884615
0 0.446686 0.2 0.43804 0.211538 0.43804 0.223077 0.435159 0.226923 0.435159 0.230769 0.43804 0.234615 0.435159 0.238462 0.435159 0.246154 0.43804 0.242308 0.461095 0.242308 0.466859 0.25 0.466859 0.226923 0.463977 0.223077 0.463977 0.219231 0.461095 0.215385 0.461095 0.207692 0.458213 0.203846 0.45245 0.203846 0.449568 0.2
0 0.755043 0.338462 0.74928 0.346154 0.74928 0.357692 0.755043 0.357692 0.757925 0.361538 0.760807 0.361538 0.760807 0.357692 0.766571 0.35 0.766571 0.338462
0 0.590778 0.542308 0.582133 0.553846 0.582133 0.557692 0.579251 0.561538 0.579251 0.588462 0.587896 0.6 0.587896 0.603846 0.599424 0.603846 0.605187 0.596154 0.605187 0.592308 0.610951 0.584615 0.610951 0.580769 0.613833 0.576923 0.613833 0.553846 0.605187 0.542308
0 0.291066 0.0730769 0.288184 0.0769231 0.279539 0.0769231 0.276657 0.0807692 0.276657 0.0846154 0.273775 0.0884615 0.273775 0.111538 0.279539 0.119231 0.282421 0.119231 0.285303 0.123077 0.291066 0.123077 0.293948 0.126923 0.299712 0.126923 0.302594 0.130769 0.305476 0.126923 0.317003 0.126923 0.322767 0.119231 0.322767 0.103846 0.317003 0.0961538 0.317003 0.0923077 0.314121 0.0884615 0.311239 0.0884615 0.308357 0.0846154 0.305476 0.0846154 0.299712 0.0769231 0.29683 0.0769231 0.293948 0.0730769
0 0.729107 0.346154 0.729107 0.361538 0.743516 0.361538 0.746398 0.357692 0.746398 0.346154
0 0.697406 0.492308 0.694524 0.496154 0.694524 0.5 0.691643 0.503846 0.691643 0.507692 0.688761 0.511538 0.688761 0.515385 0.674352 0.534615 0.674352 0.546154 0.677233 0.55 0.682997 0.55 0.685879 0.553846 0.688761 0.55 0.691643 0.55 0.694524 0.546154 0.697406 0.546154 0.700288 0.542308 0.70317 0.542308 0.706052 0.538462 0.708934 0.538462 0.714697 0.530769 0.714697 0.519231 0.717579 0.515385 0.717579 0.5 0.714697 0.496154 0.711816 0.496154 0.708934 0.492308
0 0.855908 0.469231 0.855908 0.492308 0.861671 0.492308 0.867435 0.484615 0.876081 0.484615 0.876081 0.476923 0.870317 0.469231
0 0.763689 0.184615 0.757925 0.192308 0.757925 0.2 0.755043 0.203846 0.755043 0.215385 0.752161 0.219231 0.760807 0.219231 0.763689 0.223077 0.763689 0.246154 0.769452 0.253846 0.772334 0.253846 0.775216 0.25 0.78098 0.25 0.786744 0.242308 0.786744 0.215385 0.783862 0.211538 0.783862 0.203846 0.772334 0.188462 0.769452 0.188462 0.766571 0.184615
0 0.893372 0.715385 0.89049 0.719231 0.884726 0.719231 0.884726 0.734615 0.887608 0.738462 0.899135 0.738462 0.902017 0.734615 0.902017 0.730769 0.904899 0.726923 0.904899 0.715385
0 0.740634 0.819231 0.737752 0.823077 0.73487 0.823077 0.731988 0.826923 0.731988 0.830769 0.729107 0.834615 0.729107 0.838462 0.726225 0.842308 0.726225 0.857692 0.729107 0.861538 0.729107 0.865385 0.73487 0.865385 0.743516 0.876923 0.746398 0.876923 0.74928 0.880769 0.766571 0.880769 0.769452 0.876923 0.775216 0.876923 0.78098 0.869231 0.78098 0.865385 0.783862 0.861538 0.783862 0.853846 0.78098 0.85 0.78098 0.842308 0.772334 0.830769 0.769452 0.830769 0.763689 0.823077 0.757925 0.823077 0.755043 0.819231
0 0.821326 0.792308 0.81268 0.803846 0.81268 0.823077 0.815562 0.826923 0.815562 0.830769 0.818444 0.834615 0.818444 0.838462 0.829971 0.853846 0.832853 0.853846 0.835735 0.857692 0.838617 0.857692 0.841499 0.853846 0.855908 0.853846 0.85879 0.857692 0.867435 0.857692 0.867435 0.85 0.855908 0.834615 0.855908 0.796154 0.850144 0.796154 0.847262 0.792308
0 0.904899 0.865385 0.887608 0.888462 0.887608 0.911538 0.89049 0.915385 0.904899 0.915385 0.904899 0.911538 0.907781 0.907692 0.910663 0.907692 0.927954 0.884615 0.927954 0.873077 0.92219 0.865385
0 0.21902 0.723077 0.21902 0.726923 0.216138 0.730769 0.216138 0.75 0.21902 0.753846 0.21902 0.761538 0.230548 0.776923 0.239193 0.776923 0.242075 0.773077 0.244957 0.773077 0.247839 0.769231 0.25072 0.769231 0.253602 0.765385 0.253602 0.742308 0.25072 0.742308 0.242075 0.730769 0.239193 0.730769 0.233429 0.723077
0 0.899135 0.0615385 0.896254 0.0653846 0.89049 0.0653846 0.887608 0.0692308 0.884726 0.0692308 0.878963 0.0769231 0.878963 0.0807692 0.876081 0.0846154 0.876081 0.103846 0.881844 0.111538 0.884726 0.111538 0.887608 0.115385 0.916427 0.115385 0.919308 0.111538 0.92219 0.111538 0.927954 0.103846 0.930836 0.103846 0.930836 0.0769231 0.925072 0.0692308 0.92219 0.0692308 0.919308 0.0653846 0.913545 0.0653846 0.910663 0.0615385
0 0.841499 0.857692 0.838617 0.861538 0.835735 0.861538 0.835735 0.869231 0.832853 0.873077 0.832853 0.876923 0.835735 0.880769 0.835735 0.888462 0.841499 0.896154 0.841499 0.9 0.84438 0.9 0.847262 0.896154 0.855908 0.896154 0.855908 0.892308 0.85879 0.888462 0.85879 0.884615 0.864553 0.876923 0.864553 0.861538 0.85879 0.861538 0.855908 0.857692
0 0.945245 0.430769 0.942363 0.434615 0.942363 0.438462 0.939481 0.442308 0.939481 0.461538 0.942363 0.465385 0.942363 0.469231 0.948127 0.476923 0.95389 0.476923 0.956772 0.480769 0.965418 0.480769 0.971182 0.473077 0.971182 0.465385 0.9683 0.461538 0.9683 0.45 0.965418 0.446154 0.965418 0.442308 0.962536 0.438462 0.962536 0.434615 0.959654 0.434615 0.956772 0.430769
0 0.648415 0.226923 0.645533 0.230769 0.639769 0.230769 0.634006 0.238462 0.634006 0.242308 0.628242 0.25 0.628242 0.265385 0.631124 0.269231 0.631124 0.273077 0.634006 0.273077 0.636888 0.276923 0.636888 0.280769 0.642651 0.280769 0.648415 0.288462 0.648415 0.292308 0.651297 0.288462 0.657061 0.296154 0.657061 0.307692 0.665706 0.307692 0.67147 0.3 0.674352 0.3 0.680115 0.292308 0.680115 0.284615 0.668588 0.284615 0.662824 0.276923 0.662824 0.273077 0.659942 0.269231 0.659942 0.261538 0.662824 0.257692 0.680115 0.257692 0.680115 0.25 0.662824 0.226923
0 0.766571 0.00769231 0.763689 0.0115385 0.760807 0.0115385 0.757925 0.0153846 0.757925 0.0346154 0.760807 0.0384615 0.778098 0.0384615 0.78098 0.0346154 0.78098 0.0115385 0.775216 0.0115385 0.772334 0.00769231
0 0.956772 0.561538 0.95389 0.565385 0.948127 0.565385 0.948127 0.580769 0.945245 0.584615 0.945245 0.596154 0.948127 0.6 0.951009 0.6 0.95389 0.603846 0.962536 0.603846 0.9683 0.596154 0.974063 0.596154 0.974063 0.580769 0.9683 0.573077 0.965418 0.573077
0 0.867435 0.488462 0.861671 0.496154 0.855908 0.496154 0.855908 0.503846 0.853026 0.507692 0.853026 0.519231 0.861671 0.530769 0.864553 0.530769 0.867435 0.534615 0.881844 0.534615 0.884726 0.530769 0.887608 0.530769 0.89049 0.526923 0.89049 0.507692 0.887608 0.503846 0.887608 0.496154 0.881844 0.488462
0 0.233429 0.173077 0.233429 0.176923 0.230548 0.180769 0.230548 0.211538 0.233429 0.215385 0.233429 0.219231 0.236311 0.223077 0.236311 0.226923 0.239193 0.230769 0.239193 0.234615 0.247839 0.246154 0.25072 0.246154 0.253602 0.25 0.259366 0.25 0.262248 0.246154 0.26513 0.246154 0.268012 0.242308 0.268012 0.230769 0.26513 0.226923 0.26513 0.211538 0.262248 0.207692 0.262248 0.203846 0.259366 0.2 0.259366 0.192308 0.253602 0.184615 0.253602 0.180769 0.247839 0.173077
0 0.512968 0.757692 0.510086 0.761538 0.510086 0.773077 0.51585 0.780769 0.521614 0.780769 0.524496 0.776923 0.527378 0.776923 0.530259 0.773077 0.530259 0.769231 0.527378 0.765385 0.527378 0.761538 0.524496 0.757692
0 0.550432 0.684615 0.54755 0.688462 0.54755 0.696154 0.550432 0.7 0.559078 0.7 0.559078 0.692308 0.556196 0.688462 0.556196 0.684615
0 0.0835735 0.0807692 0.0778098 0.0884615 0.0778098 0.103846 0.0806916 0.107692 0.0893372 0.107692 0.0951009 0.1 0.0951009 0.0884615 0.092219 0.0846154 0.0893372 0.0846154 0.0864553 0.0807692
0 0.619597 0.115385 0.619597 0.123077 0.62536 0.130769 0.631124 0.130769 0.631124 0.119231 0.628242 0.115385
0 0.423631 0.776923 0.420749 0.780769 0.420749 0.784615 0.412104 0.796154 0.412104 0.830769 0.414986 0.834615 0.414986 0.842308 0.417867 0.846154 0.417867 0.85 0.429395 0.85 0.446686 0.826923 0.446686 0.780769 0.443804 0.776923
0 0.685879 0.588462 0.677233 0.6 0.677233 0.603846 0.685879 0.603846 0.694524 0.592308 0.694524 0.588462
0 0.651297 0 0.648415 0.00384615 0.648415 0.0269231 0.651297 0.0307692 0.651297 0.0346154 0.654179 0.0384615 0.654179 0.0423077 0.657061 0.0423077 0.659942 0.0461538 0.67147 0.0461538 0.680115 0.0346154 0.680115 0.0307692 0.682997 0.0269231 0.682997 0
0 0.717579 0.907692 0.714697 0.911538 0.708934 0.911538 0.700288 0.923077 0.700288 0.926923 0.697406 0.930769 0.697406 0.934615 0.694524 0.938462 0.694524 0.961538 0.697406 0.965385 0.697406 0.969231 0.700288 0.973077 0.706052 0.973077 0.708934 0.976923 0.717579 0.976923 0.720461 0.973077 0.723343 0.973077 0.726225 0.969231 0.729107 0.969231 0.73487 0.961538 0.73487 0.957692 0.740634 0.95 0.740634 0.946154 0.743516 0.942308 0.743516 0.919231 0.73487 0.907692
0 0.737752 0 0.740634 0.00384615 0.743516 0.00384615 0.746398 0.00769231 0.74928 0.00769231 0.752161 0.0115385 0.757925 0.0115385 0.760807 0.00769231 0.763689 0.00769231 0.766571 0.00384615 0.772334 0.00384615 0.772334 0
0 0.429395 0.273077 0.429395 0.288462 0.432277 0.292308 0.432277 0.296154 0.435159 0.3 0.435159 0.303846 0.440922 0.311538 0.443804 0.311538 0.446686 0.315385 0.45245 0.315385 0.455331 0.319231 0.461095 0.319231 0.463977 0.315385 0.463977 0.311538 0.466859 0.307692 0.466859 0.296154 0.461095 0.296154 0.458213 0.292308 0.458213 0.284615 0.461095 0.280769 0.446686 0.280769 0.443804 0.276923 0.43804 0.276923 0.435159 0.273077
0 0.602305 0.342308 0.599424 0.346154 0.596542 0.346154 0.587896 0.357692 0.587896 0.361538 0.585014 0.365385 0.585014 0.376923 0.590778 0.384615 0.59366 0.384615 0.596542 0.388462 0.599424 0.388462 0.602305 0.392308 0.636888 0.392308 0.639769 0.388462 0.639769 0.361538 0.636888 0.357692 0.636888 0.353846 0.631124 0.346154 0.628242 0.346154 0.62536 0.342308
0 0.835735 0.480769 0.829971 0.488462 0.829971 0.511538 0.832853 0.515385 0.850144 0.515385 0.850144 0.507692 0.853026 0.503846 0.853026 0.488462 0.850144 0.488462 0.847262 0.484615 0.84438 0.484615 0.841499 0.480769
0 0.365994 0.407692 0.365994 0.411538 0.363112 0.415385 0.363112 0.430769 0.365994 0.434615 0.365994 0.438462 0.368876 0.442308 0.368876 0.446154 0.371758 0.45 0.371758 0.453846 0.377522 0.461538 0.380403 0.461538 0.383285 0.465385 0.391931 0.465385 0.400576 0.453846 0.400576 0.423077 0.397695 0.423077 0.394813 0.419231 0.391931 0.419231 0.389049 0.415385 0.383285 0.415385 0.380403 0.411538 0.37464 0.411538 0.371758 0.407692
0 0.677233 0.188462 0.674352 0.192308 0.674352 0.203846 0.682997 0.203846 0.685879 0.2 0.685879 0.192308 0.682997 0.188462
0 0.913545 0.384615 0.910663 0.388462 0.910663 0.419231 0.916427 0.426923 0.916427 0.430769 0.919308 0.434615 0.919308 0.438462 0.925072 0.446154 0.936599 0.446154 0.936599 0.442308 0.939481 0.438462 0.939481 0.419231 0.936599 0.415385 0.936599 0.407692 0.933718 0.403846 0.933718 0.396154 0.930836 0.396154 0.92219 0.384615
0 0.919308 0.596154 0.919308 0.6 0.916427 0.603846 0.913545 0.603846 0.907781 0.611538 0.907781 0.615385 0.902017 0.623077 0.904899 0.626923 0.904899 0.646154 0.910663 0.646154 0.913545 0.65 0.930836 0.65 0.933718 0.646154 0.936599 0.646154 0.936599 0.642308 0.945245 0.630769 0.945245 0.626923 0.948127 0.623077 0.948127 0.615385 0.951009 0.611538 0.948127 0.615385 0.936599 0.615385 0.930836 0.607692 0.930836 0.603846 0.925072 0.596154
0 0.680115 0.561538 0.680115 0.573077 0.685879 0.580769 0.685879 0.584615 0.694524 0.584615 0.694524 0.565385 0.691643 0.561538
0 0.132565 0.761538 0.129683 0.765385 0.126801 0.765385 0.126801 0.769231 0.123919 0.773077 0.123919 0.796154 0.126801 0.8 0.126801 0.803846 0.129683 0.807692 0.14121 0.807692 0.146974 0.8 0.146974 0.784615 0.144092 0.780769 0.144092 0.776923 0.14121 0.773077 0.14121 0.769231 0.138329 0.765385 0.135447 0.765385
0 0.887608 0.623077 0.881844 0.630769 0.881844 0.642308 0.887608 0.65 0.899135 0.65 0.902017 0.646154 0.902017 0.626923 0.899135 0.623077
0 0.429395 0.538462 0.417867 0.553846 0.414986 0.553846 0.417867 0.557692 0.417867 0.561538 0.420749 0.565385 0.420749 0.584615 0.417867 0.588462 0.420749 0.584615 0.423631 0.584615 0.426513 0.588462 0.435159 0.588462 0.443804 0.576923 0.443804 0.573077 0.446686 0.569231 0.446686 0.565385 0.443804 0.561538 0.443804 0.557692 0.440922 0.553846 0.440922 0.55 0.435159 0.542308 0.432277 0.542308
0 0.14121 0.05 0.138329 0.0538462 0.135447 0.0538462 0.132565 0.0576923 0.129683 0.0576923 0.126801 0.0615385 0.126801 0.0769231 0.129683 0.0807692 0.129683 0.0846154 0.138329 0.0961538 0.149856 0.0961538 0.152738 0.0923077 0.15562 0.0923077 0.161383 0.0846154 0.161383 0.0653846 0.158501 0.0615385 0.15562 0.0615385 0.146974 0.05
0 0.73487 0.192308 0.729107 0.2 0.729107 0.203846 0.731988 0.207692 0.737752 0.207692 0.740634 0.203846 0.743516 0.203846 0.743516 0.196154 0.740634 0.192308
0 0.129683 0.1 0.126801 0.103846 0.121037 0.103846 0.118156 0.107692 0.115274 0.107692 0.112392 0.111538 0.10951 0.111538 0.106628 0.115385 0.103746 0.115385 0.100865 0.119231 0.0979827 0.119231 0.0979827 0.130769 0.112392 0.130769 0.115274 0.134615 0.121037 0.134615 0.123919 0.138462 0.126801 0.138462 0.129683 0.134615 0.135447 0.134615 0.138329 0.130769 0.138329 0.123077 0.146974 0.111538 0.146974 0.103846 0.144092 0.1
0 0.59366 0.926923 0.59366 0.930769 0.590778 0.934615 0.590778 0.946154 0.587896 0.95 0.587896 0.957692 0.585014 0.961538 0.582133 0.957692 0.585014 0.961538 0.585014 0.969231 0.587896 0.973077 0.587896 0.988462 0.590778 0.988462 0.59366 0.992308 0.59366 0.996154 0.628242 0.996154 0.631124 0.992308 0.631124 0.984615 0.634006 0.980769 0.634006 0.957692 0.631124 0.953846 0.631124 0.942308 0.622478 0.930769 0.619597 0.930769 0.616715 0.926923
0 0.351585 0.603846 0.351585 0.607692 0.348703 0.611538 0.348703 0.619231 0.354467 0.619231 0.360231 0.626923 0.360231 0.630769 0.365994 0.638462 0.365994 0.661538 0.363112 0.665385 0.363112 0.673077 0.371758 0.673077 0.37464 0.669231 0.37464 0.665385 0.377522 0.661538 0.377522 0.657692 0.380403 0.653846 0.380403 0.642308 0.383285 0.638462 0.383285 0.615385 0.37464 0.603846
0 0.74928 0.15 0.74928 0.157692 0.755043 0.165385 0.763689 0.165385 0.763689 0.15
0 0.729107 0.0807692 0.726225 0.0846154 0.723343 0.0846154 0.720461 0.0884615 0.720461 0.0923077 0.717579 0.0961538 0.717579 0.1 0.714697 0.103846 0.714697 0.107692 0.711816 0.111538 0.714697 0.115385 0.714697 0.123077 0.717579 0.126923 0.717579 0.130769 0.720461 0.134615 0.723343 0.134615 0.729107 0.126923 0.729107 0.123077 0.731988 0.119231 0.731988 0.115385 0.73487 0.111538 0.73487 0.0923077 0.729107 0.0846154
0 0.32853 0.830769 0.325648 0.834615 0.325648 0.838462 0.322767 0.842308 0.322767 0.865385 0.325648 0.869231 0.325648 0.884615 0.32853 0.888462 0.32853 0.892308 0.351585 0.892308 0.354467 0.888462 0.354467 0.865385 0.351585 0.861538 0.351585 0.857692 0.348703 0.853846 0.348703 0.85 0.345821 0.846154 0.345821 0.842308 0.342939 0.838462 0.340058 0.838462 0.337176 0.834615 0.337176 0.830769
0 0.386167 0.5 0.383285 0.503846 0.383285 0.507692 0.380403 0.511538 0.380403 0.542308 0.383285 0.546154 0.383285 0.576923 0.386167 0.580769 0.386167 0.584615 0.389049 0.588462 0.389049 0.592308 0.391931 0.592308 0.394813 0.596154 0.397695 0.596154 0.394813 0.592308 0.394813 0.584615 0.391931 0.580769 0.391931 0.561538 0.400576 0.55 0.409222 0.55 0.409222 0.542308 0.40634 0.538462 0.40634 0.519231 0.403458 0.515385 0.403458 0.507692 0.400576 0.503846 0.400576 0.5
0 0.884726 0.684615 0.881844 0.688462 0.881844 0.703846 0.899135 0.703846 0.902017 0.7 0.904899 0.7 0.904899 0.684615
0 0.276657 0.530769 0.270893 0.538462 0.270893 0.542308 0.268012 0.546154 0.268012 0.596154 0.273775 0.603846 0.282421 0.603846 0.285303 0.6 0.285303 0.584615 0.288184 0.580769 0.288184 0.538462 0.282421 0.530769
0 0.81268 0 0.81268 0.00769231 0.818444 0.0153846 0.821326 0.0153846 0.824207 0.0192308 0.829971 0.0192308 0.832853 0.0230769 0.84438 0.0230769 0.855908 0.00769231 0.855908 0
0 0.775216 0.315385 0.772334 0.319231 0.772334 0.330769 0.78098 0.342308 0.78098 0.346154 0.783862 0.35 0.783862 0.353846 0.78098 0.357692 0.78098 0.365385 0.786744 0.373077 0.806916 0.373077 0.815562 0.361538 0.815562 0.334615 0.81268 0.330769 0.81268 0.326923 0.806916 0.319231 0.804035 0.319231 0.801153 0.315385
0 0.158501 0.0230769 0.158501 0.0269231 0.152738 0.0346154 0.152738 0.0538462 0.15562 0.0576923 0.164265 0.0576923 0.164265 0.0538462 0.172911 0.0423077 0.172911 0.0269231 0.170029 0.0230769
0 0.487032 0.423077 0.48415 0.426923 0.48415 0.442308 0.487032 0.446154 0.495677 0.446154 0.501441 0.438462 0.501441 0.430769 0.495677 0.423077
0 0.939481 0.646154 0.936599 0.65 0.933718 0.65 0.930836 0.653846 0.930836 0.657692 0.927954 0.661538 0.927954 0.680769 0.930836 0.684615 0.930836 0.688462 0.933718 0.692308 0.933718 0.696154 0.948127 0.715385 0.951009 0.715385 0.95389 0.719231 0.956772 0.719231 0.959654 0.723077 0.971182 0.723077 0.976945 0.715385 0.976945 0.688462 0.9683 0.676923 0.9683 0.673077 0.959654 0.661538 0.959654 0.657692 0.95389 0.65 0.95389 0.646154
0 0.273775 0.719231 0.273775 0.723077 0.268012 0.730769 0.268012 0.738462 0.26513 0.742308 0.26513 0.792308 0.270893 0.8 0.273775 0.8 0.276657 0.796154 0.276657 0.792308 0.279539 0.788462 0.279539 0.784615 0.285303 0.776923 0.285303 0.773077 0.288184 0.769231 0.288184 0.726923 0.285303 0.723077 0.285303 0.719231
0 0.331412 0.0692308 0.32853 0.0730769 0.32853 0.0769231 0.334294 0.0846154 0.334294 0.0884615 0.337176 0.0923077 0.337176 0.0961538 0.340058 0.1 0.340058 0.103846 0.342939 0.107692 0.345821 0.107692 0.351585 0.115385 0.360231 0.115385 0.363112 0.119231 0.365994 0.119231 0.365994 0.111538 0.368876 0.107692 0.368876 0.0923077 0.357349 0.0769231 0.354467 0.0769231 0.351585 0.0730769 0.348703 0.0730769 0.345821 0.0692308
0 0.896254 0.919231 0.893372 0.923077 0.887608 0.923077 0.884726 0.926923 0.873199 0.926923 0.870317 0.930769 0.867435 0.926923 0.85879 0.938462 0.85879 0.953846 0.861671 0.957692 0.861671 0.965385 0.873199 0.980769 0.884726 0.980769 0.887608 0.984615 0.902017 0.984615 0.904899 0.980769 0.907781 0.980769 0.913545 0.973077 0.913545 0.965385 0.916427 0.961538 0.916427 0.942308 0.919308 0.938462 0.919308 0.930769 0.916427 0.926923 0.907781 0.926923 0.904899 0.923077 0.904899 0.919231
0 0.54755 0.0538462 0.544669 0.0576923 0.541787 0.0576923 0.527378 0.0769231 0.527378 0.0807692 0.524496 0.0846154 0.524496 0.0923077 0.521614 0.0961538 0.521614 0.1 0.524496 0.103846 0.524496 0.115385 0.530259 0.123077 0.544669 0.123077 0.556196 0.107692 0.556196 0.103846 0.559078 0.1 0.559078 0.0884615 0.56196 0.0846154 0.559078 0.0807692 0.559078 0.0576923 0.556196 0.0576923 0.553314 0.0538462
