0 0.5 0.550781 0.496094 0.554688 0.492188 0.554688 0.488281 0.558594 0.488281 0.566406 0.492188 0.570312 0.492188 0.574219 0.5 0.582031 0.503906 0.582031 0.507812 0.585938 0.535156 0.585938 0.539062 0.582031 0.542969 0.582031 0.546875 0.578125 0.546875 0.566406 0.535156 0.554688 0.53125 0.554688 0.527344 0.550781
0 0.542969 0 0.542969 0.00390625 0.546875 0.0078125 0.550781 0.0078125 0.554688 0.0117188 0.566406 0.0117188 0.570312 0.0078125 0.574219 0.0078125 0.578125 0.00390625 0.578125 0
0 0.722656 0.660156 0.710938 0.671875 0.707031 0.671875 0.707031 0.6875 0.714844 0.695312 0.742188 0.695312 0.746094 0.691406 0.75 0.691406 0.761719 0.679688 0.761719 0.667969 0.753906 0.660156
0 0.285156 0.808594 0.277344 0.816406 0.273438 0.816406 0.269531 0.820312 0.265625 0.820312 0.257812 0.828125 0.257812 0.832031 0.261719 0.835938 0.261719 0.839844 0.265625 0.84375 0.269531 0.84375 0.273438 0.847656 0.277344 0.847656 0.28125 0.851562 0.289062 0.851562 0.292969 0.847656 0.300781 0.847656 0.320312 0.828125 0.320312 0.824219 0.316406 0.820312 0.316406 0.816406 0.308594 0.808594
0 0.757812 0.382812 0.742188 0.398438 0.742188 0.410156 0.746094 0.414062 0.746094 0.417969 0.761719 0.433594 0.765625 0.433594 0.769531 0.4375 0.773438 0.4375 0.78125 0.445312 0.785156 0.445312 0.789062 0.449219 0.816406 0.449219 0.820312 0.445312 0.828125 0.445312 0.839844 0.433594 0.839844 0.417969 0.828125 0.40625 0.824219 0.40625 0.816406 0.398438 0.8125 0.398438 0.800781 0.386719 0.792969 0.386719 0.789062 0.382812
0 0.0546875 0.222656 0.0507812 0.226562 0.0507812 0.230469 0.046875 0.234375 0.046875 0.238281 0.0429688 0.242188 0.0390625 0.242188 0.0351562 0.238281 0.0273438 0.238281 0.0195312 0.230469 0.015625 0.230469 0.0117188 0.226562 0 0.226562 0 0.261719 0.00390625 0.261719 0.0078125 0.265625 0.03125 0.265625 0.046875 0.25 0.0507812 0.25 0.0585938 0.257812 0.0625 0.257812 0.0664062 0.261719 0.0703125 0.261719 0.0742188 0.265625 0.0859375 0.265625 0.0976562 0.253906 0.0976562 0.246094 0.09375 0.242188 0.09375 0.238281 0.0859375 0.230469 0.0820312 0.230469 0.078125 0.226562 0.0742188 0.226562 0.0703125 0.222656
0 0.757812 0.769531 0.753906 0.773438 0.746094 0.773438 0.742188 0.777344 0.738281 0.777344 0.730469 0.785156 0.730469 0.796875 0.738281 0.804688 0.769531 0.804688 0.773438 0.800781 0.777344 0.800781 0.789062 0.789062 0.789062 0.773438 0.785156 0.769531
0 0.625 0.128906 0.621094 0.132812 0.617188 0.132812 0.613281 0.136719 0.613281 0.140625 0.609375 0.144531 0.609375 0.15625 0.613281 0.160156 0.613281 0.164062 0.625 0.175781 0.628906 0.175781 0.632812 0.179688 0.644531 0.179688 0.65625 0.167969 0.65625 0.164062 0.652344 0.160156 0.652344 0.148438 0.636719 0.132812 0.632812 0.132812 0.628906 0.128906
0 0.972656 0.660156 0.96875 0.664062 0.964844 0.664062 0.960938 0.667969 0.957031 0.667969 0.953125 0.671875 0.949219 0.671875 0.941406 0.679688 0.941406 0.691406 0.949219 0.699219 0.972656 0.699219 0.976562 0.695312 0.984375 0.695312 0.988281 0.691406 0.992188 0.691406 0.996094 0.6875 0.996094 0.671875 0.992188 0.667969 0.992188 0.664062 0.988281 0.660156
0 0.453125 0.273438 0.445312 0.28125 0.445312 0.289062 0.449219 0.292969 0.449219 0.300781 0.460938 0.3125 0.464844 0.3125 0.46875 0.316406 0.484375 0.316406 0.492188 0.308594 0.492188 0.304688 0.496094 0.300781 0.496094 0.296875 0.492188 0.292969 0.492188 0.289062 0.484375 0.28125 0.480469 0.28125 0.472656 0.273438
0 0.722656 0.289062 0.71875 0.292969 0.714844 0.292969 0.714844 0.3125 0.71875 0.316406 0.71875 0.320312 0.734375 0.335938 0.742188 0.335938 0.746094 0.339844 0.757812 0.339844 0.765625 0.332031 0.765625 0.3125 0.761719 0.308594 0.761719 0.304688 0.75 0.292969 0.746094 0.292969 0.742188 0.289062
0 0.792969 0.699219 0.789062 0.703125 0.785156 0.703125 0.777344 0.710938 0.773438 0.710938 0.769531 0.714844 0.769531 0.738281 0.777344 0.746094 0.792969 0.746094 0.796875 0.742188 0.808594 0.742188 0.8125 0.738281 0.816406 0.738281 0.824219 0.730469 0.824219 0.710938 0.8125 0.699219
0 0.246094 0.28125 0.242188 0.285156 0.242188 0.296875 0.246094 0.300781 0.246094 0.304688 0.25 0.308594 0.25 0.3125 0.257812 0.320312 0.277344 0.320312 0.28125 0.316406 0.28125 0.3125 0.285156 0.308594 0.285156 0.296875 0.269531 0.28125
0 0.644531 0 0.636719 0.0078125 0.636719 0.0390625 0.640625 0.0429688 0.640625 0.046875 0.652344 0.0585938 0.667969 0.0585938 0.679688 0.046875 0.679688 0.03125 0.675781 0.0273438 0.675781 0.0234375 0.671875 0.0195312 0.671875 0.015625 0.65625 0
0 0.457031 0.878906 0.453125 0.882812 0.445312 0.882812 0.4375 0.890625 0.4375 0.914062 0.441406 0.917969 0.453125 0.917969 0.457031 0.921875 0.472656 0.921875 0.488281 0.90625 0.488281 0.890625 0.476562 0.878906
0 0.386719 0.00390625 0.378906 0.0117188 0.378906 0.0234375 0.382812 0.0273438 0.382812 0.03125 0.386719 0.0351562 0.386719 0.0390625 0.398438 0.0507812 0.410156 0.0507812 0.417969 0.0429688 0.417969 0.0234375 0.414062 0.0195312 0.414062 0.015625 0.402344 0.00390625
0 0.589844 0.605469 0.585938 0.609375 0.582031 0.609375 0.578125 0.613281 0.574219 0.613281 0.566406 0.621094 0.566406 0.640625 0.574219 0.648438 0.59375 0.648438 0.597656 0.652344 0.605469 0.652344 0.609375 0.648438 0.613281 0.648438 0.617188 0.644531 0.621094 0.644531 0.632812 0.632812 0.632812 0.621094 0.628906 0.617188 0.625 0.617188 0.617188 0.609375 0.609375 0.609375 0.605469 0.605469
0 0.378906 0.875 0.375 0.878906 0.367188 0.878906 0.363281 0.882812 0.363281 0.890625 0.359375 0.894531 0.359375 0.90625 0.367188 0.914062 0.398438 0.914062 0.410156 0.902344 0.410156 0.898438 0.414062 0.894531 0.414062 0.882812 0.410156 0.878906 0.40625 0.878906 0.402344 0.875
0 0.738281 0.476562 0.726562 0.488281 0.726562 0.503906 0.738281 0.515625 0.765625 0.515625 0.773438 0.507812 0.777344 0.507812 0.78125 0.503906 0.78125 0.484375 0.773438 0.476562
0 0.90625 0.800781 0.902344 0.804688 0.898438 0.804688 0.894531 0.808594 0.890625 0.808594 0.882812 0.816406 0.882812 0.828125 0.890625 0.835938 0.894531 0.835938 0.898438 0.839844 0.917969 0.839844 0.921875 0.835938 0.925781 0.835938 0.933594 0.828125 0.933594 0.824219 0.9375 0.820312 0.9375 0.8125 0.933594 0.808594 0.933594 0.804688 0.929688 0.800781
0 0.808594 0.960938 0.804688 0.964844 0.796875 0.964844 0.785156 0.976562 0.785156 0.980469 0.78125 0.984375 0.78125 0.992188 0.785156 0.996094 0.820312 0.996094 0.832031 0.984375 0.832031 0.972656 0.820312 0.960938
0 0.601562 0.882812 0.597656 0.886719 0.585938 0.886719 0.570312 0.902344 0.570312 0.90625 0.566406 0.910156 0.566406 0.921875 0.570312 0.925781 0.570312 0.929688 0.574219 0.933594 0.578125 0.933594 0.582031 0.9375 0.609375 0.9375 0.613281 0.933594 0.617188 0.933594 0.621094 0.929688 0.621094 0.925781 0.632812 0.914062 0.632812 0.902344 0.628906 0.898438 0.628906 0.894531 0.617188 0.882812
0 0.183594 0.402344 0.179688 0.40625 0.179688 0.414062 0.183594 0.417969 0.183594 0.421875 0.191406 0.429688 0.195312 0.429688 0.199219 0.433594 0.230469 0.433594 0.234375 0.429688 0.234375 0.414062 0.222656 0.402344
0 0.0390625 0.316406 0.03125 0.324219 0.03125 0.332031 0.0351562 0.335938 0.0351562 0.339844 0.0429688 0.347656 0.046875 0.347656 0.0507812 0.351562 0.0546875 0.351562 0.0585938 0.355469 0.0742188 0.355469 0.0820312 0.347656 0.0820312 0.332031 0.0742188 0.324219 0.0664062 0.324219 0.0625 0.320312 0.0546875 0.320312 0.0507812 0.316406
0 0.347656 0.980469 0.34375 0.984375 0.335938 0.984375 0.324219 0.996094 0.371094 0.996094 0.371094 0.992188 0.359375 0.980469
0 0.769531 0.0117188 0.765625 0.015625 0.765625 0.0390625 0.769531 0.0429688 0.769531 0.046875 0.777344 0.0546875 0.792969 0.0546875 0.796875 0.0507812 0.796875 0.0273438 0.78125 0.0117188
0 0.808594 0.589844 0.804688 0.59375 0.800781 0.59375 0.796875 0.597656 0.796875 0.617188 0.800781 0.621094 0.808594 0.621094 0.8125 0.625 0.828125 0.625 0.832031 0.621094 0.839844 0.621094 0.84375 0.617188 0.847656 0.617188 0.855469 0.609375 0.855469 0.597656 0.847656 0.589844
0 0.386719 0.347656 0.378906 0.355469 0.378906 0.367188 0.390625 0.378906 0.394531 0.378906 0.398438 0.382812 0.402344 0.382812 0.40625 0.386719 0.429688 0.386719 0.433594 0.382812 0.433594 0.378906 0.4375 0.375 0.4375 0.367188 0.425781 0.355469 0.421875 0.355469 0.417969 0.351562 0.414062 0.351562 0.410156 0.347656
0 0.078125 0.800781 0.0742188 0.804688 0.0703125 0.804688 0.0664062 0.808594 0.0625 0.808594 0.0585938 0.8125 0.0585938 0.828125 0.0664062 0.835938 0.0859375 0.835938 0.0898438 0.832031 0.09375 0.832031 0.101562 0.824219 0.101562 0.820312 0.109375 0.8125 0.109375 0.804688 0.105469 0.800781
0 0.679688 0.242188 0.675781 0.246094 0.671875 0.246094 0.664062 0.253906 0.664062 0.269531 0.667969 0.273438 0.667969 0.277344 0.671875 0.28125 0.679688 0.28125 0.683594 0.285156 0.707031 0.285156 0.710938 0.28125 0.714844 0.28125 0.726562 0.269531 0.726562 0.261719 0.714844 0.25 0.707031 0.25 0.703125 0.246094 0.695312 0.246094 0.691406 0.242188
0 0.382812 0.730469 0.378906 0.734375 0.371094 0.734375 0.367188 0.738281 0.363281 0.738281 0.359375 0.742188 0.355469 0.742188 0.351562 0.746094 0.351562 0.75 0.347656 0.753906 0.347656 0.769531 0.351562 0.773438 0.351562 0.777344 0.355469 0.78125 0.359375 0.78125 0.363281 0.785156 0.371094 0.785156 0.375 0.789062 0.378906 0.785156 0.390625 0.785156 0.394531 0.78125 0.398438 0.78125 0.402344 0.777344 0.40625 0.777344 0.414062 0.769531 0.414062 0.765625 0.417969 0.761719 0.417969 0.75 0.414062 0.746094 0.414062 0.742188 0.40625 0.734375 0.394531 0.734375 0.390625 0.730469
0 0.152344 0.65625 0.148438 0.660156 0.136719 0.660156 0.132812 0.664062 0.128906 0.664062 0.117188 0.675781 0.117188 0.691406 0.128906 0.703125 0.132812 0.703125 0.136719 0.707031 0.167969 0.707031 0.171875 0.703125 0.175781 0.703125 0.183594 0.695312 0.183594 0.691406 0.1875 0.6875 0.1875 0.667969 0.183594 0.664062 0.179688 0.664062 0.175781 0.660156 0.164062 0.660156 0.160156 0.65625
0 0.636719 0.484375 0.632812 0.488281 0.625 0.488281 0.617188 0.496094 0.617188 0.511719 0.625 0.519531 0.644531 0.519531 0.652344 0.511719 0.65625 0.511719 0.660156 0.507812 0.664062 0.507812 0.671875 0.5 0.671875 0.496094 0.675781 0.492188 0.667969 0.484375
0 0.992188 0.117188 0.988281 0.121094 0.988281 0.125 0.984375 0.128906 0.984375 0.148438 0.988281 0.152344 0.988281 0.15625 0.996094 0.164062 0.996094 0.117188
0 0.203125 0.046875 0.199219 0.0507812 0.199219 0.078125 0.207031 0.0859375 0.207031 0.0898438 0.210938 0.09375 0.214844 0.09375 0.222656 0.101562 0.226562 0.101562 0.230469 0.0976562 0.234375 0.0976562 0.238281 0.09375 0.238281 0.0625 0.226562 0.0507812 0.222656 0.0507812 0.21875 0.046875
0 0.652344 0.425781 0.648438 0.429688 0.640625 0.429688 0.636719 0.433594 0.636719 0.4375 0.632812 0.441406 0.632812 0.445312 0.636719 0.449219 0.636719 0.453125 0.644531 0.460938 0.65625 0.460938 0.660156 0.464844 0.683594 0.464844 0.699219 0.449219 0.699219 0.441406 0.6875 0.429688 0.683594 0.429688 0.679688 0.425781
0 0.402344 0.167969 0.398438 0.171875 0.398438 0.191406 0.402344 0.195312 0.402344 0.199219 0.40625 0.203125 0.40625 0.207031 0.414062 0.214844 0.417969 0.214844 0.421875 0.21875 0.433594 0.21875 0.445312 0.207031 0.445312 0.191406 0.421875 0.167969
0 0.730469 0.0234375 0.722656 0.03125 0.722656 0.0507812 0.742188 0.0703125 0.75 0.0703125 0.753906 0.0742188 0.765625 0.0742188 0.773438 0.0664062 0.773438 0.0546875 0.765625 0.046875 0.765625 0.0429688 0.761719 0.0390625 0.761719 0.0351562 0.753906 0.0273438 0.75 0.0273438 0.746094 0.0234375
0 0.902344 0.0195312 0.894531 0.0273438 0.894531 0.0546875 0.90625 0.0664062 0.917969 0.0664062 0.925781 0.0585938 0.925781 0.0390625 0.921875 0.0351562 0.921875 0.03125 0.910156 0.0195312
0 0.414062 0.125 0.410156 0.128906 0.410156 0.148438 0.414062 0.152344 0.414062 0.15625 0.425781 0.167969 0.445312 0.167969 0.449219 0.164062 0.449219 0.140625 0.433594 0.125
0 0.976562 0.949219 0.972656 0.953125 0.96875 0.953125 0.964844 0.957031 0.960938 0.957031 0.953125 0.964844 0.953125 0.972656 0.960938 0.980469 0.964844 0.980469 0.96875 0.984375 0.996094 0.984375 0.996094 0.949219
0 0.125 0.710938 0.121094 0.714844 0.117188 0.714844 0.113281 0.71875 0.113281 0.730469 0.121094 0.738281 0.128906 0.738281 0.132812 0.742188 0.136719 0.742188 0.140625 0.746094 0.171875 0.746094 0.175781 0.742188 0.175781 0.726562 0.171875 0.722656 0.167969 0.722656 0.160156 0.714844 0.15625 0.714844 0.152344 0.710938
0 0.015625 0.789062 0.0117188 0.792969 0 0.792969 0 0.816406 0.00390625 0.820312 0.0273438 0.820312 0.03125 0.816406 0.0390625 0.816406 0.046875 0.808594 0.046875 0.804688 0.0507812 0.800781 0.0507812 0.792969 0.046875 0.789062
0 0.679688 0.554688 0.667969 0.566406 0.664062 0.566406 0.664062 0.574219 0.667969 0.574219 0.671875 0.578125 0.675781 0.578125 0.679688 0.582031 0.691406 0.582031 0.695312 0.585938 0.699219 0.585938 0.710938 0.574219 0.710938 0.566406 0.707031 0.5625 0.707031 0.558594 0.703125 0.558594 0.699219 0.554688
0 0.644531 0.578125 0.640625 0.582031 0.632812 0.582031 0.632812 0.59375 0.636719 0.597656 0.640625 0.597656 0.644531 0.601562 0.683594 0.601562 0.6875 0.597656 0.691406 0.597656 0.691406 0.585938 0.679688 0.585938 0.675781 0.582031 0.671875 0.582031 0.667969 0.578125
0 0.132812 0.8125 0.128906 0.816406 0.121094 0.816406 0.117188 0.820312 0.117188 0.824219 0.113281 0.828125 0.113281 0.847656 0.132812 0.867188 0.15625 0.867188 0.160156 0.863281 0.164062 0.863281 0.167969 0.859375 0.171875 0.859375 0.175781 0.855469 0.175781 0.851562 0.179688 0.847656 0.179688 0.832031 0.175781 0.828125 0.175781 0.824219 0.164062 0.8125
0 0.992188 0.367188 0.988281 0.371094 0.980469 0.371094 0.972656 0.378906 0.972656 0.382812 0.96875 0.386719 0.96875 0.394531 0.972656 0.398438 0.972656 0.402344 0.980469 0.410156 0.996094 0.410156 0.996094 0.367188
0 0.644531 0.84375 0.640625 0.847656 0.636719 0.847656 0.625 0.859375 0.625 0.863281 0.617188 0.871094 0.617188 0.875 0.621094 0.878906 0.621094 0.882812 0.632812 0.894531 0.632812 0.898438 0.636719 0.898438 0.640625 0.902344 0.652344 0.902344 0.65625 0.898438 0.660156 0.898438 0.664062 0.894531 0.667969 0.894531 0.671875 0.890625 0.679688 0.890625 0.683594 0.886719 0.683594 0.882812 0.6875 0.878906 0.6875 0.859375 0.683594 0.855469 0.683594 0.851562 0.675781 0.84375
0 0.0625 0.0742188 0.0507812 0.0859375 0.0507812 0.0976562 0.0625 0.109375 0.0664062 0.109375 0.0703125 0.113281 0.0820312 0.113281 0.0859375 0.109375 0.09375 0.109375 0.0976562 0.105469 0.0976562 0.0859375 0.0898438 0.078125 0.0859375 0.078125 0.0820312 0.0742188
0 0.835938 0.175781 0.832031 0.179688 0.828125 0.179688 0.824219 0.183594 0.824219 0.191406 0.820312 0.195312 0.820312 0.210938 0.824219 0.214844 0.824219 0.21875 0.832031 0.226562 0.835938 0.226562 0.839844 0.230469 0.84375 0.230469 0.847656 0.234375 0.855469 0.234375 0.859375 0.238281 0.871094 0.238281 0.882812 0.226562 0.882812 0.207031 0.878906 0.203125 0.878906 0.195312 0.863281 0.179688 0.859375 0.179688 0.855469 0.175781
0 0.109375 0.105469 0.105469 0.109375 0.105469 0.128906 0.109375 0.132812 0.109375 0.136719 0.121094 0.148438 0.144531 0.148438 0.148438 0.144531 0.148438 0.121094 0.136719 0.109375 0.128906 0.109375 0.125 0.105469
0 0.433594 0.605469 0.425781 0.613281 0.421875 0.613281 0.417969 0.617188 0.417969 0.636719 0.429688 0.648438 0.441406 0.648438 0.445312 0.652344 0.453125 0.652344 0.457031 0.648438 0.460938 0.648438 0.464844 0.644531 0.464844 0.617188 0.457031 0.609375 0.453125 0.609375 0.449219 0.605469
0 0.160156 0.480469 0.15625 0.484375 0.148438 0.484375 0.140625 0.492188 0.140625 0.503906 0.152344 0.515625 0.1875 0.515625 0.191406 0.511719 0.195312 0.511719 0.203125 0.503906 0.203125 0.492188 0.195312 0.484375 0.179688 0.484375 0.175781 0.480469
0 0.796875 0.90625 0.789062 0.914062 0.785156 0.914062 0.769531 0.929688 0.769531 0.941406 0.78125 0.953125 0.789062 0.953125 0.792969 0.949219 0.800781 0.949219 0.820312 0.929688 0.820312 0.925781 0.824219 0.921875 0.824219 0.917969 0.820312 0.914062 0.820312 0.910156 0.816406 0.90625
0 0.835938 0.765625 0.832031 0.769531 0.828125 0.769531 0.824219 0.773438 0.820312 0.773438 0.816406 0.777344 0.8125 0.777344 0.808594 0.78125 0.804688 0.78125 0.800781 0.785156 0.796875 0.785156 0.792969 0.789062 0.792969 0.796875 0.804688 0.808594 0.832031 0.808594 0.835938 0.804688 0.839844 0.804688 0.851562 0.792969 0.851562 0.773438 0.847656 0.769531 0.84375 0.769531 0.839844 0.765625
0 0.125 0.414062 0.121094 0.417969 0.121094 0.4375 0.125 0.441406 0.125 0.445312 0.128906 0.449219 0.132812 0.449219 0.140625 0.457031 0.167969 0.457031 0.179688 0.445312 0.179688 0.441406 0.183594 0.4375 0.183594 0.429688 0.171875 0.417969 0.167969 0.417969 0.164062 0.414062
0 0.328125 0.636719 0.320312 0.644531 0.320312 0.65625 0.332031 0.667969 0.339844 0.667969 0.34375 0.671875 0.371094 0.671875 0.375 0.667969 0.378906 0.667969 0.386719 0.660156 0.386719 0.648438 0.375 0.636719
0 0.0234375 0.464844 0.0195312 0.46875 0.0078125 0.46875 0.00390625 0.472656 0 0.472656 0 0.5 0.0078125 0.5 0.0117188 0.503906 0.0273438 0.503906 0.03125 0.5 0.0390625 0.5 0.046875 0.492188 0.046875 0.476562 0.0390625 0.46875 0.0273438 0.46875
0 0.160156 0.5625 0.15625 0.566406 0.152344 0.566406 0.144531 0.574219 0.144531 0.578125 0.140625 0.582031 0.140625 0.589844 0.144531 0.59375 0.144531 0.597656 0.15625 0.609375 0.160156 0.609375 0.164062 0.613281 0.175781 0.613281 0.179688 0.617188 0.183594 0.617188 0.1875 0.613281 0.195312 0.613281 0.203125 0.605469 0.207031 0.605469 0.210938 0.601562 0.210938 0.589844 0.214844 0.585938 0.214844 0.582031 0.199219 0.566406 0.195312 0.566406 0.191406 0.5625
0 0.773438 0.214844 0.761719 0.226562 0.761719 0.230469 0.757812 0.234375 0.757812 0.246094 0.761719 0.25 0.761719 0.253906 0.765625 0.257812 0.765625 0.261719 0.773438 0.269531 0.777344 0.269531 0.785156 0.277344 0.808594 0.277344 0.8125 0.273438 0.816406 0.273438 0.820312 0.269531 0.820312 0.265625 0.824219 0.261719 0.824219 0.246094 0.820312 0.242188 0.820312 0.238281 0.808594 0.226562 0.804688 0.226562 0.796875 0.21875 0.792969 0.21875 0.789062 0.214844
0 0.796875 0.304688 0.789062 0.3125 0.789062 0.320312 0.792969 0.324219 0.792969 0.328125 0.800781 0.335938 0.800781 0.339844 0.804688 0.34375 0.808594 0.34375 0.816406 0.351562 0.820312 0.351562 0.824219 0.355469 0.832031 0.355469 0.84375 0.34375 0.84375 0.328125 0.824219 0.308594 0.820312 0.308594 0.816406 0.304688
0 0.0117188 0.914062 0.00390625 0.921875 0 0.921875 0 0.9375 0.00390625 0.941406 0.00390625 0.945312 0.0078125 0.945312 0.0117188 0.949219 0.03125 0.949219 0.0351562 0.945312 0.046875 0.945312 0.0507812 0.941406 0.0507812 0.925781 0.0429688 0.917969 0.0390625 0.917969 0.0351562 0.914062
0 0.875 0.28125 0.871094 0.285156 0.867188 0.285156 0.859375 0.292969 0.859375 0.296875 0.855469 0.300781 0.855469 0.3125 0.859375 0.316406 0.859375 0.320312 0.863281 0.324219 0.867188 0.324219 0.871094 0.328125 0.886719 0.328125 0.890625 0.324219 0.894531 0.324219 0.90625 0.3125 0.90625 0.292969 0.898438 0.285156 0.890625 0.285156 0.886719 0.28125
0 0.949219 0.0742188 0.941406 0.0820312 0.941406 0.117188 0.949219 0.125 0.964844 0.125 0.96875 0.121094 0.96875 0.117188 0.972656 0.113281 0.972656 0.109375 0.976562 0.105469 0.976562 0.0820312 0.96875 0.0742188
0 0.0546875 0.570312 0.046875 0.578125 0.046875 0.589844 0.0507812 0.59375 0.0507812 0.597656 0.0546875 0.601562 0.0585938 0.601562 0.0664062 0.609375 0.078125 0.609375 0.0820312 0.613281 0.0859375 0.613281 0.0898438 0.609375 0.09375 0.609375 0.0976562 0.605469 0.0976562 0.585938 0.0898438 0.578125 0.0859375 0.578125 0.0820312 0.574219 0.078125 0.574219 0.0742188 0.570312
0 0.28125 0 0.292969 0.0117188 0.308594 0.0117188 0.316406 0.00390625 0.316406 0
0 0.121094 0.742188 0.105469 0.757812 0.105469 0.769531 0.113281 0.777344 0.140625 0.777344 0.144531 0.773438 0.148438 0.773438 0.160156 0.761719 0.160156 0.75 0.140625 0.75 0.136719 0.746094 0.132812 0.746094 0.128906 0.742188
0 0.96875 0.507812 0.964844 0.511719 0.960938 0.511719 0.957031 0.515625 0.953125 0.515625 0.941406 0.527344 0.941406 0.539062 0.949219 0.546875 0.960938 0.546875 0.964844 0.550781 0.976562 0.550781 0.980469 0.546875 0.992188 0.546875 0.996094 0.542969 0.996094 0.507812
0 0.132812 0.910156 0.128906 0.914062 0.125 0.914062 0.113281 0.925781 0.109375 0.925781 0.105469 0.929688 0.105469 0.933594 0.117188 0.945312 0.148438 0.945312 0.152344 0.941406 0.15625 0.941406 0.160156 0.9375 0.160156 0.917969 0.152344 0.910156
0 0.519531 0.746094 0.515625 0.75 0.492188 0.75 0.488281 0.753906 0.488281 0.78125 0.5 0.792969 0.523438 0.792969 0.527344 0.789062 0.535156 0.789062 0.542969 0.78125 0.542969 0.761719 0.527344 0.746094
0 0.0351562 0.691406 0.0273438 0.699219 0.0273438 0.71875 0.03125 0.722656 0.0390625 0.722656 0.0429688 0.726562 0.0585938 0.726562 0.0625 0.722656 0.0664062 0.722656 0.0703125 0.71875 0.0703125 0.699219 0.0625 0.691406
0 0.121094 0.03125 0.117188 0.0351562 0.113281 0.0351562 0.109375 0.0390625 0.109375 0.0546875 0.113281 0.0585938 0.113281 0.0703125 0.125 0.0820312 0.144531 0.0820312 0.148438 0.078125 0.148438 0.0742188 0.152344 0.0703125 0.152344 0.0625 0.148438 0.0585938 0.148438 0.0546875 0.144531 0.0507812 0.144531 0.046875 0.128906 0.03125
0 0.503906 0.714844 0.5 0.71875 0.492188 0.71875 0.480469 0.730469 0.480469 0.742188 0.484375 0.746094 0.515625 0.746094 0.519531 0.742188 0.523438 0.742188 0.527344 0.738281 0.527344 0.722656 0.519531 0.714844
0 0.207031 0.636719 0.203125 0.640625 0.199219 0.640625 0.195312 0.644531 0.195312 0.65625 0.203125 0.664062 0.207031 0.664062 0.210938 0.667969 0.226562 0.667969 0.230469 0.671875 0.242188 0.671875 0.253906 0.660156 0.253906 0.648438 0.246094 0.640625 0.238281 0.640625 0.234375 0.636719
0 0.078125 0.871094 0.0742188 0.875 0.0742188 0.878906 0.0703125 0.882812 0.0703125 0.890625 0.0859375 0.90625 0.0898438 0.90625 0.09375 0.910156 0.101562 0.910156 0.105469 0.90625 0.109375 0.90625 0.121094 0.894531 0.121094 0.886719 0.117188 0.882812 0.117188 0.878906 0.113281 0.875 0.109375 0.875 0.105469 0.871094
0 0.523438 0.816406 0.519531 0.820312 0.511719 0.820312 0.507812 0.824219 0.5 0.824219 0.484375 0.839844 0.484375 0.847656 0.480469 0.851562 0.480469 0.863281 0.492188 0.875 0.496094 0.875 0.5 0.878906 0.535156 0.878906 0.539062 0.875 0.542969 0.875 0.546875 0.871094 0.550781 0.871094 0.558594 0.863281 0.558594 0.859375 0.5625 0.855469 0.5625 0.851562 0.566406 0.847656 0.566406 0.835938 0.550781 0.820312 0.542969 0.820312 0.539062 0.816406
0 0.609375 0.191406 0.597656 0.203125 0.597656 0.21875 0.601562 0.222656 0.601562 0.230469 0.621094 0.25 0.636719 0.25 0.648438 0.238281 0.648438 0.226562 0.644531 0.222656 0.644531 0.21875 0.640625 0.214844 0.640625 0.210938 0.632812 0.203125 0.632812 0.199219 0.628906 0.195312 0.625 0.195312 0.621094 0.191406
0 0.679688 0.648438 0.675781 0.652344 0.667969 0.652344 0.664062 0.65625 0.660156 0.65625 0.65625 0.660156 0.65625 0.675781 0.664062 0.683594 0.667969 0.683594 0.671875 0.6875 0.6875 0.6875 0.699219 0.675781 0.703125 0.675781 0.703125 0.671875 0.707031 0.667969 0.707031 0.652344 0.703125 0.648438
0 0.00390625 0.949219 0.00390625 0.980469 0.0078125 0.984375 0.015625 0.976562 0.0195312 0.976562 0.0234375 0.972656 0.0234375 0.960938 0.0195312 0.957031 0.0195312 0.953125 0.0117188 0.953125 0.0078125 0.949219
0 0.332031 0.511719 0.328125 0.515625 0.316406 0.515625 0.3125 0.519531 0.308594 0.519531 0.304688 0.523438 0.304688 0.539062 0.3125 0.546875 0.347656 0.546875 0.351562 0.542969 0.355469 0.542969 0.359375 0.539062 0.359375 0.519531 0.355469 0.515625 0.351562 0.515625 0.347656 0.511719
0 0.292969 0.296875 0.289062 0.300781 0.289062 0.308594 0.285156 0.3125 0.285156 0.324219 0.289062 0.328125 0.289062 0.335938 0.296875 0.34375 0.300781 0.34375 0.304688 0.347656 0.320312 0.347656 0.328125 0.339844 0.328125 0.320312 0.324219 0.316406 0.324219 0.3125 0.3125 0.300781 0.308594 0.300781 0.304688 0.296875
0 0.972656 0.5625 0.96875 0.566406 0.964844 0.566406 0.957031 0.574219 0.957031 0.585938 0.960938 0.589844 0.960938 0.59375 0.96875 0.601562 0.972656 0.601562 0.976562 0.605469 0.988281 0.605469 0.992188 0.601562 0.996094 0.601562 0.996094 0.5625
