0 0.125 0.828125 0.121094 0.832031 0.121094 0.84375 0.117188 0.847656 0.117188 0.859375 0.128906 0.871094 0.128906 0.875 0.132812 0.878906 0.167969 0.878906 0.171875 0.875 0.175781 0.875 0.183594 0.867188 0.1875 0.867188 0.195312 0.859375 0.195312 0.855469 0.199219 0.851562 0.199219 0.839844 0.195312 0.835938 0.195312 0.832031 0.191406 0.828125
0 0.0507812 0.621094 0.0390625 0.632812 0.0390625 0.648438 0.0429688 0.652344 0.0429688 0.65625 0.046875 0.660156 0.046875 0.671875 0.0507812 0.675781 0.0507812 0.691406 0.0546875 0.695312 0.0546875 0.699219 0.0742188 0.71875 0.0898438 0.71875 0.105469 0.703125 0.105469 0.699219 0.109375 0.695312 0.109375 0.675781 0.105469 0.671875 0.105469 0.667969 0.101562 0.664062 0.101562 0.660156 0.0976562 0.65625 0.0976562 0.652344 0.0898438 0.644531 0.0898438 0.640625 0.0742188 0.625 0.0703125 0.625 0.0664062 0.621094
0 0.875 0.542969 0.871094 0.546875 0.863281 0.546875 0.855469 0.554688 0.851562 0.554688 0.847656 0.558594 0.847656 0.578125 0.851562 0.582031 0.855469 0.582031 0.859375 0.585938 0.886719 0.585938 0.886719 0.582031 0.890625 0.578125 0.894531 0.578125 0.894531 0.574219 0.898438 0.570312 0.898438 0.546875 0.894531 0.546875 0.890625 0.542969
0 0.476562 0.464844 0.472656 0.46875 0.46875 0.46875 0.460938 0.476562 0.460938 0.480469 0.457031 0.484375 0.457031 0.492188 0.453125 0.496094 0.453125 0.515625 0.457031 0.519531 0.457031 0.523438 0.464844 0.53125 0.488281 0.53125 0.515625 0.503906 0.515625 0.488281 0.507812 0.480469 0.507812 0.472656 0.503906 0.46875 0.5 0.46875 0.496094 0.464844
0 0.0351562 0 0.0351562 0.00390625 0.0390625 0.0078125 0.0390625 0.0117188 0.0429688 0.015625 0.046875 0.015625 0.0507812 0.0195312 0.0664062 0.0195312 0.0703125 0.015625 0.0820312 0.015625 0.0859375 0.0117188 0.0898438 0.0117188 0.09375 0.0078125 0.0976562 0.0078125 0.101562 0.00390625 0.101562 0
0 0.867188 0.417969 0.863281 0.421875 0.859375 0.421875 0.855469 0.425781 0.855469 0.429688 0.851562 0.433594 0.851562 0.4375 0.855469 0.441406 0.855469 0.445312 0.859375 0.449219 0.863281 0.449219 0.867188 0.453125 0.871094 0.453125 0.878906 0.460938 0.894531 0.460938 0.902344 0.453125 0.902344 0.4375 0.890625 0.425781 0.886719 0.425781 0.882812 0.421875 0.878906 0.421875 0.875 0.417969
0 0.472656 0.734375 0.46875 0.738281 0.46875 0.742188 0.460938 0.75 0.460938 0.753906 0.457031 0.757812 0.457031 0.785156 0.476562 0.804688 0.492188 0.804688 0.496094 0.800781 0.5 0.800781 0.511719 0.789062 0.511719 0.753906 0.496094 0.738281 0.484375 0.738281 0.480469 0.734375
0 0.28125 0.0429688 0.273438 0.0507812 0.273438 0.0703125 0.285156 0.0820312 0.300781 0.0820312 0.304688 0.0859375 0.316406 0.0859375 0.332031 0.0703125 0.332031 0.0585938 0.324219 0.0507812 0.320312 0.0507812 0.316406 0.046875 0.300781 0.046875 0.296875 0.0429688
0 0.257812 0.960938 0.253906 0.964844 0.25 0.964844 0.246094 0.96875 0.242188 0.96875 0.238281 0.972656 0.238281 0.976562 0.230469 0.984375 0.230469 0.988281 0.226562 0.992188 0.226562 0.996094 0.320312 0.996094 0.320312 0.992188 0.3125 0.984375 0.3125 0.976562 0.308594 0.972656 0.292969 0.972656 0.285156 0.964844 0.277344 0.964844 0.273438 0.960938
0 0.4375 0.988281 0.433594 0.992188 0.429688 0.992188 0.425781 0.996094 0.472656 0.996094 0.46875 0.992188 0.464844 0.992188 0.460938 0.988281
0 0.324219 0.765625 0.320312 0.769531 0.316406 0.769531 0.304688 0.78125 0.300781 0.78125 0.296875 0.785156 0.296875 0.789062 0.292969 0.792969 0.292969 0.8125 0.296875 0.816406 0.296875 0.828125 0.304688 0.835938 0.308594 0.835938 0.316406 0.84375 0.347656 0.84375 0.363281 0.828125 0.363281 0.792969 0.359375 0.789062 0.359375 0.785156 0.351562 0.777344 0.347656 0.777344 0.339844 0.769531 0.335938 0.769531 0.332031 0.765625
0 0.628906 0.726562 0.617188 0.738281 0.617188 0.75 0.625 0.75 0.628906 0.753906 0.628906 0.761719 0.632812 0.765625 0.636719 0.765625 0.640625 0.769531 0.648438 0.769531 0.652344 0.765625 0.667969 0.765625 0.675781 0.757812 0.675781 0.753906 0.679688 0.75 0.679688 0.734375 0.671875 0.726562
0 0.96875 0.285156 0.960938 0.292969 0.953125 0.292969 0.945312 0.300781 0.945312 0.320312 0.949219 0.324219 0.953125 0.324219 0.957031 0.328125 0.980469 0.328125 0.984375 0.324219 0.996094 0.324219 0.996094 0.292969 0.988281 0.292969 0.984375 0.289062 0.976562 0.289062 0.972656 0.285156
0 0.363281 0.40625 0.351562 0.417969 0.351562 0.421875 0.347656 0.425781 0.347656 0.433594 0.34375 0.4375 0.34375 0.441406 0.339844 0.445312 0.339844 0.449219 0.335938 0.453125 0.335938 0.457031 0.332031 0.460938 0.332031 0.472656 0.335938 0.476562 0.335938 0.480469 0.339844 0.480469 0.34375 0.484375 0.355469 0.484375 0.363281 0.476562 0.363281 0.472656 0.371094 0.464844 0.371094 0.453125 0.375 0.449219 0.375 0.429688 0.378906 0.425781 0.382812 0.425781 0.382812 0.410156 0.378906 0.410156 0.375 0.40625
0 0.398438 0.625 0.394531 0.628906 0.390625 0.628906 0.386719 0.632812 0.386719 0.648438 0.398438 0.660156 0.410156 0.660156 0.414062 0.664062 0.4375 0.664062 0.445312 0.65625 0.445312 0.648438 0.441406 0.644531 0.441406 0.640625 0.433594 0.632812 0.429688 0.632812 0.425781 0.628906 0.421875 0.628906 0.417969 0.625
0 0.171875 0.597656 0.167969 0.601562 0.164062 0.601562 0.160156 0.605469 0.15625 0.605469 0.148438 0.613281 0.148438 0.617188 0.144531 0.621094 0.144531 0.644531 0.148438 0.648438 0.164062 0.648438 0.171875 0.640625 0.175781 0.640625 0.1875 0.628906 0.191406 0.628906 0.203125 0.617188 0.203125 0.609375 0.191406 0.597656
0 0.828125 0.132812 0.824219 0.136719 0.820312 0.136719 0.816406 0.140625 0.8125 0.140625 0.808594 0.144531 0.808594 0.152344 0.804688 0.15625 0.804688 0.164062 0.800781 0.167969 0.800781 0.183594 0.804688 0.1875 0.804688 0.191406 0.8125 0.199219 0.8125 0.203125 0.824219 0.214844 0.832031 0.214844 0.835938 0.21875 0.859375 0.21875 0.863281 0.214844 0.871094 0.214844 0.890625 0.195312 0.890625 0.191406 0.894531 0.1875 0.894531 0.183594 0.898438 0.179688 0.898438 0.167969 0.894531 0.164062 0.894531 0.160156 0.886719 0.152344 0.886719 0.148438 0.875 0.136719 0.851562 0.136719 0.847656 0.132812
0 0.761719 0.839844 0.757812 0.84375 0.753906 0.84375 0.746094 0.851562 0.742188 0.851562 0.742188 0.855469 0.738281 0.859375 0.738281 0.894531 0.742188 0.898438 0.742188 0.902344 0.75 0.910156 0.753906 0.910156 0.757812 0.914062 0.78125 0.914062 0.789062 0.90625 0.792969 0.90625 0.796875 0.902344 0.796875 0.898438 0.804688 0.890625 0.804688 0.859375 0.800781 0.855469 0.800781 0.847656 0.796875 0.84375 0.789062 0.84375 0.785156 0.839844
0 0.394531 0.769531 0.378906 0.785156 0.378906 0.8125 0.386719 0.820312 0.390625 0.820312 0.394531 0.824219 0.410156 0.824219 0.421875 0.8125 0.421875 0.796875 0.417969 0.792969 0.417969 0.785156 0.40625 0.773438 0.402344 0.773438 0.398438 0.769531
0 0.675781 0 0.671875 0.00390625 0.671875 0.0078125 0.667969 0.0117188 0.667969 0.015625 0.664062 0.0195312 0.664062 0.0585938 0.667969 0.0625 0.667969 0.0703125 0.671875 0.0742188 0.671875 0.078125 0.675781 0.0820312 0.679688 0.0820312 0.683594 0.0859375 0.6875 0.0859375 0.699219 0.0976562 0.707031 0.0976562 0.710938 0.101562 0.714844 0.101562 0.71875 0.0976562 0.726562 0.0976562 0.742188 0.0820312 0.742188 0.0742188 0.746094 0.0703125 0.746094 0.0625 0.75 0.0585938 0.75 0.0390625 0.746094 0.0351562 0.746094 0.0195312 0.742188 0.015625 0.742188 0.0078125 0.734375 0
0 0.566406 0.804688 0.5625 0.808594 0.558594 0.808594 0.550781 0.816406 0.550781 0.820312 0.546875 0.824219 0.546875 0.828125 0.550781 0.832031 0.550781 0.835938 0.554688 0.839844 0.554688 0.84375 0.558594 0.847656 0.5625 0.847656 0.566406 0.851562 0.585938 0.851562 0.589844 0.847656 0.59375 0.847656 0.605469 0.835938 0.605469 0.816406 0.59375 0.804688
0 0.597656 0.511719 0.59375 0.515625 0.589844 0.515625 0.585938 0.519531 0.582031 0.519531 0.578125 0.523438 0.578125 0.527344 0.574219 0.53125 0.574219 0.535156 0.570312 0.539062 0.570312 0.574219 0.574219 0.578125 0.574219 0.585938 0.589844 0.601562 0.597656 0.601562 0.601562 0.605469 0.609375 0.605469 0.613281 0.601562 0.621094 0.601562 0.625 0.597656 0.628906 0.597656 0.636719 0.589844 0.640625 0.589844 0.644531 0.585938 0.644531 0.574219 0.648438 0.570312 0.648438 0.550781 0.636719 0.539062 0.636719 0.527344 0.625 0.515625 0.621094 0.515625 0.617188 0.511719
0 0.570312 0.921875 0.566406 0.925781 0.5625 0.925781 0.542969 0.945312 0.542969 0.949219 0.539062 0.953125 0.539062 0.972656 0.554688 0.988281 0.558594 0.988281 0.5625 0.992188 0.605469 0.992188 0.609375 0.988281 0.613281 0.988281 0.617188 0.984375 0.621094 0.984375 0.625 0.980469 0.625 0.953125 0.621094 0.949219 0.621094 0.945312 0.605469 0.929688 0.59375 0.929688 0.589844 0.925781 0.582031 0.925781 0.578125 0.921875
0 0.359375 0.0429688 0.355469 0.046875 0.34375 0.046875 0.335938 0.0546875 0.335938 0.0703125 0.339844 0.0742188 0.34375 0.0742188 0.347656 0.078125 0.371094 0.078125 0.375 0.0742188 0.382812 0.0742188 0.390625 0.0664062 0.390625 0.0625 0.394531 0.0585938 0.394531 0.0507812 0.386719 0.0429688
