0 0.0976562 0.207031 0.09375 0.210938 0.0898438 0.210938 0.0898438 0.214844 0.0859375 0.21875 0.0859375 0.226562 0.0820312 0.230469 0.0820312 0.25 0.0859375 0.253906 0.0898438 0.253906 0.09375 0.257812 0.101562 0.257812 0.113281 0.246094 0.113281 0.21875 0.109375 0.214844 0.109375 0.210938 0.105469 0.210938 0.101562 0.207031
0 0.347656 0.484375 0.335938 0.496094 0.335938 0.5 0.339844 0.503906 0.339844 0.511719 0.34375 0.515625 0.347656 0.515625 0.351562 0.519531 0.359375 0.511719 0.359375 0.496094 0.363281 0.492188 0.359375 0.488281 0.355469 0.488281 0.351562 0.484375
0 0.605469 0.144531 0.601562 0.148438 0.597656 0.148438 0.59375 0.152344 0.59375 0.15625 0.589844 0.160156 0.589844 0.171875 0.59375 0.175781 0.59375 0.183594 0.597656 0.1875 0.601562 0.1875 0.605469 0.191406 0.609375 0.191406 0.613281 0.195312 0.617188 0.191406 0.625 0.191406 0.628906 0.1875 0.628906 0.183594 0.632812 0.179688 0.632812 0.164062 0.628906 0.160156 0.628906 0.15625 0.621094 0.148438 0.613281 0.148438 0.609375 0.144531
0 0.0820312 0.339844 0.078125 0.34375 0.078125 0.355469 0.0820312 0.359375 0.0820312 0.363281 0.0859375 0.367188 0.09375 0.367188 0.0976562 0.363281 0.0976562 0.34375 0.09375 0.339844
0 0.230469 0.878906 0.226562 0.882812 0.226562 0.890625 0.222656 0.894531 0.222656 0.910156 0.226562 0.914062 0.226562 0.917969 0.25 0.917969 0.253906 0.921875 0.257812 0.917969 0.257812 0.914062 0.261719 0.910156 0.261719 0.898438 0.257812 0.894531 0.257812 0.890625 0.253906 0.886719 0.25 0.886719 0.242188 0.878906
0 0.285156 0.9375 0.28125 0.941406 0.28125 0.945312 0.277344 0.949219 0.277344 0.953125 0.28125 0.957031 0.277344 0.960938 0.273438 0.960938 0.269531 0.957031 0.257812 0.957031 0.25 0.964844 0.25 0.976562 0.253906 0.980469 0.253906 0.984375 0.257812 0.988281 0.273438 0.988281 0.277344 0.984375 0.277344 0.980469 0.28125 0.976562 0.28125 0.972656 0.285156 0.96875 0.289062 0.96875 0.292969 0.972656 0.304688 0.972656 0.308594 0.96875 0.308594 0.949219 0.300781 0.941406 0.292969 0.941406 0.289062 0.9375
0 0.59375 0 0.582031 0.0117188 0.582031 0.0351562 0.59375 0.046875 0.605469 0.046875 0.609375 0.0507812 0.613281 0.0507812 0.613281 0.046875 0.625 0.0351562 0.625 0.03125 0.628906 0.0273438 0.628906 0.0117188 0.625 0.0078125 0.625 0
0 0.207031 0.0078125 0.199219 0.015625 0.199219 0.0234375 0.203125 0.0273438 0.203125 0.03125 0.207031 0.0351562 0.21875 0.0351562 0.222656 0.03125 0.222656 0.015625 0.214844 0.0078125
0 0.441406 0.488281 0.4375 0.492188 0.433594 0.492188 0.433594 0.496094 0.429688 0.5 0.429688 0.507812 0.425781 0.511719 0.425781 0.527344 0.429688 0.527344 0.433594 0.53125 0.449219 0.53125 0.460938 0.519531 0.460938 0.492188 0.457031 0.488281
0 0.285156 0.410156 0.28125 0.414062 0.277344 0.414062 0.269531 0.421875 0.269531 0.4375 0.277344 0.445312 0.304688 0.445312 0.308594 0.441406 0.308594 0.421875 0.300781 0.414062 0.296875 0.414062 0.292969 0.410156
0 0.199219 0.0390625 0.195312 0.0429688 0.195312 0.0507812 0.203125 0.0585938 0.210938 0.0585938 0.214844 0.0625 0.222656 0.0546875 0.222656 0.046875 0.21875 0.0429688 0.210938 0.0429688 0.207031 0.0390625
0 0.203125 0.0625 0.199219 0.0664062 0.199219 0.0742188 0.210938 0.0859375 0.214844 0.0859375 0.21875 0.0898438 0.210938 0.0976562 0.210938 0.101562 0.207031 0.105469 0.207031 0.109375 0.199219 0.117188 0.199219 0.125 0.195312 0.128906 0.195312 0.140625 0.207031 0.152344 0.214844 0.152344 0.21875 0.148438 0.21875 0.144531 0.222656 0.140625 0.226562 0.140625 0.242188 0.125 0.242188 0.101562 0.238281 0.0976562 0.238281 0.09375 0.234375 0.0898438 0.226562 0.0898438 0.222656 0.0859375 0.226562 0.0820312 0.226562 0.0742188 0.21875 0.0664062 0.214844 0.0664062 0.210938 0.0625
0 0.0351562 0.238281 0.0273438 0.246094 0.0234375 0.246094 0.0234375 0.25 0.0195312 0.253906 0.0195312 0.28125 0.0234375 0.285156 0.0273438 0.285156 0.03125 0.28125 0.0507812 0.28125 0.0546875 0.277344 0.0585938 0.277344 0.0585938 0.257812 0.0507812 0.25 0.0507812 0.242188 0.046875 0.238281
0 0.175781 0.078125 0.171875 0.0820312 0.171875 0.09375 0.164062 0.101562 0.164062 0.113281 0.171875 0.121094 0.191406 0.121094 0.199219 0.113281 0.199219 0.09375 0.203125 0.0898438 0.203125 0.0820312 0.199219 0.078125
0 0.492188 0.417969 0.484375 0.425781 0.484375 0.429688 0.480469 0.433594 0.480469 0.453125 0.484375 0.457031 0.488281 0.453125 0.496094 0.453125 0.5 0.457031 0.503906 0.457031 0.507812 0.453125 0.515625 0.453125 0.523438 0.445312 0.523438 0.433594 0.519531 0.429688 0.519531 0.425781 0.515625 0.421875 0.511719 0.421875 0.507812 0.417969
0 0.480469 0.289062 0.476562 0.292969 0.472656 0.292969 0.46875 0.296875 0.46875 0.3125 0.472656 0.316406 0.472656 0.324219 0.476562 0.328125 0.476562 0.335938 0.480469 0.339844 0.496094 0.339844 0.503906 0.332031 0.507812 0.332031 0.507812 0.300781 0.5 0.292969 0.496094 0.292969 0.492188 0.289062
0 0.109375 0.320312 0.105469 0.324219 0.0976562 0.324219 0.09375 0.328125 0.09375 0.335938 0.105469 0.347656 0.113281 0.347656 0.117188 0.34375 0.125 0.34375 0.128906 0.339844 0.128906 0.324219 0.125 0.320312
0 0.132812 0.0664062 0.125 0.0742188 0.125 0.0898438 0.132812 0.0976562 0.164062 0.0976562 0.167969 0.09375 0.167969 0.078125 0.15625 0.0664062
0 0.609375 0.289062 0.605469 0.292969 0.59375 0.292969 0.585938 0.300781 0.585938 0.324219 0.589844 0.328125 0.617188 0.328125 0.621094 0.324219 0.625 0.324219 0.628906 0.320312 0.628906 0.304688 0.625 0.300781 0.617188 0.300781 0.613281 0.296875 0.613281 0.292969
0 0.191406 0.84375 0.1875 0.847656 0.179688 0.847656 0.175781 0.851562 0.175781 0.878906 0.179688 0.878906 0.183594 0.882812 0.195312 0.882812 0.199219 0.878906 0.203125 0.878906 0.207031 0.875 0.207031 0.851562 0.203125 0.847656 0.199219 0.847656 0.195312 0.84375
0 0.339844 0.957031 0.335938 0.960938 0.328125 0.960938 0.328125 0.964844 0.324219 0.96875 0.324219 0.996094 0.355469 0.996094 0.355469 0.992188 0.359375 0.988281 0.359375 0.976562 0.355469 0.972656 0.355469 0.96875 0.34375 0.957031
0 0.140625 0.960938 0.136719 0.964844 0.136719 0.976562 0.140625 0.980469 0.140625 0.984375 0.144531 0.984375 0.148438 0.988281 0.164062 0.988281 0.164062 0.980469 0.167969 0.976562 0.167969 0.972656 0.15625 0.960938 0.152344 0.964844 0.144531 0.964844
0 0.121094 0.894531 0.117188 0.898438 0.113281 0.898438 0.105469 0.90625 0.105469 0.921875 0.109375 0.925781 0.109375 0.929688 0.113281 0.929688 0.117188 0.933594 0.121094 0.933594 0.125 0.9375 0.128906 0.933594 0.132812 0.933594 0.140625 0.925781 0.140625 0.917969 0.144531 0.914062 0.144531 0.910156 0.140625 0.90625 0.140625 0.902344 0.136719 0.898438 0.132812 0.898438 0.128906 0.894531
0 0.0390625 0.386719 0.0351562 0.390625 0.0351562 0.40625 0.0390625 0.410156 0.0390625 0.417969 0.046875 0.425781 0.0585938 0.425781 0.0664062 0.417969 0.0664062 0.414062 0.0625 0.410156 0.0625 0.398438 0.0507812 0.386719
0 0.113281 0.355469 0.109375 0.359375 0.109375 0.363281 0.101562 0.371094 0.101562 0.382812 0.109375 0.390625 0.128906 0.390625 0.136719 0.382812 0.136719 0.359375 0.132812 0.355469
0 0.769531 0.0664062 0.765625 0.0703125 0.761719 0.0703125 0.75 0.0820312 0.75 0.0976562 0.753906 0.101562 0.773438 0.101562 0.777344 0.0976562 0.792969 0.0976562 0.792969 0.0859375 0.789062 0.0820312 0.789062 0.0703125 0.785156 0.0664062
