0 0.367188 0.957031 0.363281 0.960938 0.359375 0.960938 0.351562 0.96875 0.351562 0.996094 0.402344 0.996094 0.40625 0.992188 0.40625 0.980469 0.402344 0.976562 0.402344 0.96875 0.390625 0.957031
0 0.363281 0.183594 0.355469 0.191406 0.355469 0.199219 0.363281 0.207031 0.378906 0.207031 0.382812 0.203125 0.382812 0.195312 0.371094 0.183594
0 0.132812 0.660156 0.128906 0.664062 0.109375 0.664062 0.101562 0.671875 0.101562 0.703125 0.113281 0.714844 0.121094 0.714844 0.125 0.71875 0.128906 0.71875 0.132812 0.714844 0.152344 0.714844 0.15625 0.710938 0.160156 0.710938 0.175781 0.695312 0.175781 0.683594 0.167969 0.675781 0.167969 0.671875 0.164062 0.667969 0.160156 0.667969 0.152344 0.660156
0 0.21875 0.496094 0.210938 0.503906 0.210938 0.507812 0.207031 0.511719 0.207031 0.53125 0.214844 0.539062 0.226562 0.539062 0.230469 0.535156 0.234375 0.535156 0.242188 0.527344 0.242188 0.511719 0.226562 0.496094
0 0.148438 0.84375 0.144531 0.847656 0.140625 0.847656 0.128906 0.859375 0.128906 0.890625 0.132812 0.894531 0.132812 0.898438 0.140625 0.90625 0.148438 0.90625 0.152344 0.910156 0.164062 0.910156 0.167969 0.914062 0.1875 0.914062 0.195312 0.90625 0.195312 0.902344 0.199219 0.898438 0.199219 0.859375 0.191406 0.851562 0.1875 0.851562 0.183594 0.847656 0.175781 0.847656 0.171875 0.84375
0 0.324219 0.820312 0.320312 0.824219 0.3125 0.824219 0.308594 0.828125 0.308594 0.832031 0.300781 0.839844 0.300781 0.84375 0.296875 0.847656 0.296875 0.859375 0.300781 0.863281 0.300781 0.867188 0.316406 0.882812 0.320312 0.882812 0.324219 0.878906 0.328125 0.878906 0.332031 0.875 0.335938 0.875 0.339844 0.871094 0.34375 0.871094 0.347656 0.867188 0.351562 0.867188 0.355469 0.863281 0.355469 0.855469 0.359375 0.851562 0.359375 0.847656 0.355469 0.84375 0.355469 0.835938 0.351562 0.832031 0.347656 0.832031 0.34375 0.828125 0.339844 0.828125 0.332031 0.820312
0 0.0742188 0.78125 0.0664062 0.789062 0.0664062 0.792969 0.0625 0.796875 0.0625 0.808594 0.0664062 0.8125 0.0664062 0.820312 0.0703125 0.824219 0.0703125 0.828125 0.0742188 0.832031 0.078125 0.832031 0.0859375 0.839844 0.105469 0.839844 0.113281 0.832031 0.113281 0.828125 0.121094 0.820312 0.121094 0.789062 0.117188 0.785156 0.109375 0.785156 0.105469 0.78125
0 0.414062 0.0664062 0.398438 0.0820312 0.398438 0.0859375 0.394531 0.0898438 0.394531 0.101562 0.390625 0.105469 0.390625 0.109375 0.394531 0.113281 0.394531 0.125 0.402344 0.132812 0.40625 0.132812 0.410156 0.136719 0.414062 0.136719 0.417969 0.140625 0.425781 0.140625 0.429688 0.144531 0.445312 0.144531 0.449219 0.140625 0.453125 0.140625 0.457031 0.136719 0.460938 0.136719 0.46875 0.128906 0.46875 0.117188 0.472656 0.113281 0.472656 0.0976562 0.46875 0.09375 0.46875 0.0898438 0.464844 0.0859375 0.464844 0.0820312 0.449219 0.0664062
0 0.0976562 0.484375 0.09375 0.488281 0.0859375 0.488281 0.0820312 0.492188 0.0820312 0.5 0.0859375 0.503906 0.0859375 0.507812 0.0976562 0.519531 0.109375 0.519531 0.117188 0.511719 0.117188 0.507812 0.113281 0.503906 0.113281 0.492188 0.105469 0.484375
0 0 0.929688 0 0.996094 0.046875 0.996094 0.046875 0.976562 0.0429688 0.972656 0.0429688 0.964844 0.0390625 0.960938 0.0390625 0.957031 0.0195312 0.9375 0.0117188 0.9375 0.0078125 0.933594 0.00390625 0.933594
0 0.328125 0 0.328125 0.00390625 0.316406 0.015625 0.320312 0.0195312 0.320312 0.0234375 0.324219 0.0273438 0.324219 0.0351562 0.328125 0.0390625 0.328125 0.0546875 0.34375 0.0546875 0.347656 0.0585938 0.378906 0.0585938 0.382812 0.0546875 0.386719 0.0546875 0.390625 0.0507812 0.398438 0.0507812 0.402344 0.046875 0.402344 0.0429688 0.40625 0.0390625 0.40625 0.0351562 0.410156 0.03125 0.410156 0.0117188 0.398438 0
0 0.980469 0.0546875 0.976562 0.0585938 0.972656 0.0585938 0.96875 0.0625 0.964844 0.0625 0.960938 0.0664062 0.960938 0.0703125 0.957031 0.0742188 0.957031 0.109375 0.964844 0.117188 0.972656 0.117188 0.980469 0.125 0.988281 0.125 0.992188 0.121094 0.996094 0.121094 0.996094 0.0585938 0.992188 0.0546875
0 0.285156 0.0117188 0.28125 0.015625 0.265625 0.015625 0.257812 0.0234375 0.242188 0.0234375 0.238281 0.0273438 0.238281 0.0546875 0.242188 0.0585938 0.242188 0.0625 0.246094 0.0664062 0.246094 0.0742188 0.253906 0.0820312 0.261719 0.0820312 0.269531 0.0898438 0.304688 0.0898438 0.308594 0.0859375 0.3125 0.0859375 0.320312 0.078125 0.320312 0.0703125 0.324219 0.0664062 0.324219 0.0390625 0.320312 0.0351562 0.320312 0.0273438 0.316406 0.0234375 0.316406 0.0195312 0.3125 0.015625 0.300781 0.015625 0.296875 0.0117188
0 0.152344 0 0.152344 0.00390625 0.144531 0.0117188 0.144531 0.0429688 0.148438 0.046875 0.152344 0.046875 0.160156 0.0546875 0.160156 0.0585938 0.164062 0.0625 0.167969 0.0625 0.175781 0.0703125 0.195312 0.0703125 0.207031 0.0585938 0.207031 0.046875 0.210938 0.0429688 0.210938 0.0390625 0.214844 0.0351562 0.214844 0.0195312 0.21875 0.015625 0.21875 0.0117188 0.210938 0.00390625 0.210938 0
0 0.207031 0.570312 0.199219 0.578125 0.191406 0.578125 0.171875 0.597656 0.171875 0.605469 0.167969 0.609375 0.167969 0.617188 0.179688 0.628906 0.183594 0.628906 0.195312 0.640625 0.207031 0.640625 0.21875 0.628906 0.222656 0.628906 0.226562 0.625 0.230469 0.625 0.234375 0.621094 0.238281 0.621094 0.246094 0.613281 0.246094 0.601562 0.242188 0.597656 0.242188 0.589844 0.238281 0.585938 0.234375 0.585938 0.230469 0.582031 0.226562 0.582031 0.222656 0.578125 0.21875 0.578125 0.210938 0.570312
0 0.113281 0.0429688 0.105469 0.0507812 0.101562 0.0507812 0.0976562 0.0546875 0.0976562 0.0585938 0.0898438 0.0664062 0.0898438 0.101562 0.09375 0.105469 0.0976562 0.105469 0.101562 0.109375 0.105469 0.109375 0.109375 0.113281 0.113281 0.113281 0.117188 0.117188 0.121094 0.117188 0.125 0.121094 0.148438 0.121094 0.152344 0.117188 0.15625 0.117188 0.171875 0.101562 0.171875 0.0703125 0.167969 0.0664062 0.164062 0.0664062 0.15625 0.0585938 0.15625 0.0546875 0.152344 0.0507812 0.148438 0.0507812 0.144531 0.046875 0.128906 0.046875 0.125 0.0429688
0 0.179688 0.933594 0.175781 0.9375 0.171875 0.9375 0.167969 0.941406 0.164062 0.941406 0.160156 0.945312 0.160156 0.949219 0.152344 0.957031 0.152344 0.960938 0.15625 0.964844 0.15625 0.980469 0.171875 0.996094 0.222656 0.996094 0.230469 0.988281 0.230469 0.984375 0.234375 0.980469 0.234375 0.960938 0.230469 0.957031 0.230469 0.953125 0.214844 0.9375 0.199219 0.9375 0.195312 0.933594
0 0.535156 0.0742188 0.53125 0.078125 0.527344 0.078125 0.515625 0.0898438 0.515625 0.09375 0.511719 0.0976562 0.511719 0.117188 0.523438 0.128906 0.535156 0.128906 0.539062 0.132812 0.558594 0.132812 0.5625 0.128906 0.570312 0.128906 0.578125 0.121094 0.578125 0.117188 0.582031 0.113281 0.582031 0.101562 0.578125 0.0976562 0.578125 0.0898438 0.5625 0.0742188
0 0.0351562 0.867188 0.03125 0.871094 0.0234375 0.871094 0.0195312 0.875 0.0195312 0.898438 0.0390625 0.917969 0.0546875 0.917969 0.0585938 0.914062 0.0625 0.914062 0.0742188 0.902344 0.0898438 0.902344 0.09375 0.898438 0.09375 0.894531 0.0976562 0.890625 0.0976562 0.886719 0.0898438 0.878906 0.078125 0.878906 0.0742188 0.882812 0.0703125 0.882812 0.0585938 0.871094 0.046875 0.871094 0.0429688 0.867188
