0 0.173828 0.416016 0.173828 0.416992 0.172852 0.417969 0.172852 0.420898 0.173828 0.421875 0.178711 0.421875 0.179688 0.420898 0.179688 0.417969 0.178711 0.416992 0.177734 0.416992 0.176758 0.416016
0 0.564453 0.824219 0.5625 0.826172 0.561523 0.826172 0.560547 0.827148 0.558594 0.827148 0.557617 0.828125 0.556641 0.828125 0.552734 0.832031 0.552734 0.836914 0.556641 0.84082 0.556641 0.841797 0.558594 0.84375 0.55957 0.84375 0.560547 0.844727 0.564453 0.844727 0.56543 0.84375 0.566406 0.84375 0.567383 0.842773 0.568359 0.842773 0.569336 0.841797 0.570312 0.841797 0.571289 0.84082 0.571289 0.838867 0.573242 0.836914 0.573242 0.834961 0.574219 0.833984 0.574219 0.833008 0.575195 0.832031 0.575195 0.830078 0.571289 0.826172 0.570312 0.826172 0.569336 0.825195 0.568359 0.825195 0.567383 0.824219
0 0.146484 0.355469 0.146484 0.356445 0.145508 0.357422 0.145508 0.363281 0.144531 0.364258 0.144531 0.368164 0.145508 0.369141 0.145508 0.373047 0.146484 0.374023 0.146484 0.375 0.147461 0.375977 0.148438 0.375977 0.149414 0.376953 0.152344 0.374023 0.152344 0.373047 0.15332 0.37207 0.15332 0.365234 0.152344 0.364258 0.152344 0.360352 0.151367 0.359375 0.151367 0.358398 0.148438 0.355469
0 0.15918 0.166016 0.158203 0.166992 0.158203 0.170898 0.15918 0.171875 0.161133 0.171875 0.163086 0.169922 0.163086 0.166992 0.162109 0.166016
0 0.165039 0.173828 0.165039 0.175781 0.166016 0.176758 0.166016 0.177734 0.166992 0.177734 0.167969 0.178711 0.172852 0.178711 0.173828 0.177734 0.174805 0.177734 0.174805 0.174805 0.173828 0.173828
0 0.46582 0.899414 0.462891 0.902344 0.462891 0.90332 0.460938 0.905273 0.460938 0.90625 0.459961 0.907227 0.459961 0.90918 0.461914 0.911133 0.461914 0.912109 0.462891 0.913086 0.463867 0.913086 0.464844 0.914062 0.46582 0.914062 0.466797 0.915039 0.467773 0.915039 0.46875 0.916016 0.469727 0.915039 0.472656 0.915039 0.475586 0.912109 0.478516 0.912109 0.480469 0.910156 0.481445 0.910156 0.482422 0.90918 0.482422 0.908203 0.483398 0.907227 0.483398 0.905273 0.479492 0.901367 0.479492 0.900391 0.478516 0.900391 0.477539 0.899414
0 0.587891 0.805664 0.586914 0.806641 0.585938 0.806641 0.583984 0.808594 0.583008 0.808594 0.583008 0.80957 0.582031 0.810547 0.582031 0.811523 0.581055 0.8125 0.581055 0.816406 0.580078 0.817383 0.580078 0.821289 0.579102 0.822266 0.580078 0.823242 0.580078 0.827148 0.582031 0.829102 0.582031 0.830078 0.583008 0.831055 0.583984 0.831055 0.584961 0.832031 0.586914 0.832031 0.587891 0.833008 0.589844 0.833008 0.59082 0.833984 0.591797 0.833008 0.592773 0.833008 0.592773 0.832031 0.594727 0.830078 0.594727 0.829102 0.595703 0.828125 0.595703 0.820312 0.59668 0.819336 0.59668 0.817383 0.59375 0.814453 0.59375 0.8125 0.591797 0.810547 0.591797 0.80957 0.59082 0.808594 0.59082 0.807617 0.588867 0.805664
0 0.0410156 0.961914 0.0380859 0.964844 0.0380859 0.96582 0.0371094 0.966797 0.0371094 0.967773 0.0361328 0.96875 0.0361328 0.970703 0.0351562 0.97168 0.0351562 0.981445 0.0361328 0.982422 0.0371094 0.982422 0.0380859 0.983398 0.0390625 0.983398 0.0400391 0.984375 0.0419922 0.984375 0.0429688 0.985352 0.0488281 0.985352 0.0488281 0.984375 0.0498047 0.983398 0.0498047 0.966797 0.0488281 0.96582 0.0488281 0.964844 0.0478516 0.963867 0.046875 0.963867 0.0458984 0.962891 0.0449219 0.962891 0.0439453 0.961914
0 0.702148 0.27832 0.701172 0.279297 0.700195 0.279297 0.698242 0.28125 0.697266 0.28125 0.695312 0.283203 0.695312 0.28418 0.694336 0.285156 0.694336 0.289062 0.695312 0.290039 0.695312 0.291992 0.696289 0.292969 0.696289 0.296875 0.701172 0.301758 0.706055 0.301758 0.707031 0.302734 0.712891 0.302734 0.713867 0.301758 0.714844 0.301758 0.714844 0.293945 0.71582 0.292969 0.71582 0.290039 0.714844 0.289062 0.714844 0.286133 0.713867 0.285156 0.713867 0.28418 0.712891 0.283203 0.712891 0.282227 0.711914 0.28125 0.710938 0.28125 0.708984 0.279297 0.705078 0.279297 0.704102 0.27832
0 0.0332031 0.0810547 0.03125 0.0830078 0.03125 0.0859375 0.0322266 0.0859375 0.0332031 0.0869141 0.0351562 0.0869141 0.0361328 0.0859375 0.0380859 0.0859375 0.0380859 0.0830078 0.0361328 0.0810547
0 0.223633 0.236328 0.22168 0.238281 0.22168 0.239258 0.220703 0.240234 0.220703 0.246094 0.219727 0.24707 0.219727 0.248047 0.220703 0.249023 0.220703 0.251953 0.224609 0.255859 0.230469 0.255859 0.233398 0.25293 0.233398 0.251953 0.234375 0.250977 0.234375 0.245117 0.233398 0.244141 0.233398 0.242188 0.232422 0.241211 0.232422 0.240234 0.228516 0.236328
0 0.68457 0.250977 0.68457 0.251953 0.683594 0.25293 0.681641 0.25293 0.679688 0.254883 0.679688 0.255859 0.678711 0.256836 0.678711 0.260742 0.679688 0.261719 0.679688 0.262695 0.680664 0.262695 0.683594 0.265625 0.683594 0.266602 0.68457 0.267578 0.691406 0.267578 0.692383 0.266602 0.693359 0.267578 0.694336 0.267578 0.696289 0.265625 0.697266 0.265625 0.697266 0.264648 0.701172 0.260742 0.701172 0.259766 0.702148 0.258789 0.701172 0.257812 0.701172 0.255859 0.699219 0.253906 0.699219 0.251953 0.698242 0.251953 0.697266 0.250977
0 0.107422 0.355469 0.106445 0.356445 0.104492 0.356445 0.103516 0.357422 0.102539 0.357422 0.101562 0.358398 0.101562 0.363281 0.102539 0.364258 0.102539 0.366211 0.104492 0.368164 0.105469 0.368164 0.106445 0.369141 0.107422 0.369141 0.108398 0.370117 0.113281 0.370117 0.113281 0.369141 0.114258 0.368164 0.114258 0.367188 0.115234 0.366211 0.115234 0.359375 0.114258 0.358398 0.114258 0.357422 0.113281 0.356445 0.112305 0.356445 0.111328 0.355469
0 0.527344 0.354492 0.524414 0.357422 0.524414 0.358398 0.522461 0.360352 0.522461 0.364258 0.523438 0.365234 0.524414 0.365234 0.525391 0.366211 0.526367 0.366211 0.527344 0.367188 0.530273 0.367188 0.53125 0.366211 0.532227 0.366211 0.532227 0.363281 0.53418 0.361328 0.53418 0.355469 0.533203 0.354492
0 0.770508 0.654297 0.770508 0.658203 0.769531 0.65918 0.769531 0.664062 0.768555 0.665039 0.768555 0.666992 0.769531 0.667969 0.769531 0.668945 0.770508 0.669922 0.770508 0.672852 0.771484 0.673828 0.771484 0.675781 0.772461 0.675781 0.773438 0.676758 0.777344 0.676758 0.779297 0.678711 0.78125 0.678711 0.78125 0.677734 0.782227 0.676758 0.782227 0.673828 0.783203 0.672852 0.783203 0.671875 0.78418 0.670898 0.78418 0.669922 0.78125 0.666992 0.78125 0.660156 0.782227 0.65918 0.777344 0.65918 0.776367 0.658203 0.775391 0.658203 0.774414 0.657227 0.773438 0.657227 0.772461 0.65625 0.772461 0.655273 0.771484 0.654297
0 0.522461 0.80957 0.522461 0.811523 0.519531 0.814453 0.519531 0.823242 0.520508 0.824219 0.520508 0.825195 0.522461 0.827148 0.526367 0.827148 0.526367 0.821289 0.527344 0.820312 0.527344 0.819336 0.52832 0.818359 0.52832 0.814453 0.527344 0.813477 0.527344 0.80957
0 0.138672 0.430664 0.138672 0.432617 0.139648 0.433594 0.139648 0.43457 0.140625 0.43457 0.141602 0.435547 0.142578 0.435547 0.143555 0.436523 0.147461 0.436523 0.148438 0.435547 0.148438 0.432617 0.147461 0.431641 0.145508 0.431641 0.144531 0.430664
0 0.704102 0.195312 0.700195 0.199219 0.700195 0.214844 0.701172 0.21582 0.701172 0.216797 0.703125 0.21875 0.704102 0.21875 0.705078 0.219727 0.706055 0.219727 0.707031 0.220703 0.707031 0.22168 0.709961 0.22168 0.710938 0.220703 0.713867 0.220703 0.71582 0.21875 0.716797 0.21875 0.717773 0.217773 0.717773 0.216797 0.71875 0.21582 0.71875 0.210938 0.719727 0.209961 0.719727 0.208008 0.71875 0.207031 0.71875 0.205078 0.717773 0.204102 0.717773 0.203125 0.716797 0.202148 0.716797 0.201172 0.712891 0.197266 0.712891 0.196289 0.711914 0.195312
0 0.751953 0.192383 0.750977 0.193359 0.749023 0.193359 0.749023 0.195312 0.74707 0.197266 0.74707 0.198242 0.746094 0.199219 0.746094 0.200195 0.745117 0.201172 0.745117 0.202148 0.744141 0.203125 0.744141 0.205078 0.743164 0.206055 0.743164 0.207031 0.744141 0.208008 0.744141 0.209961 0.746094 0.211914 0.746094 0.212891 0.75 0.212891 0.750977 0.213867 0.751953 0.213867 0.75293 0.214844 0.753906 0.213867 0.754883 0.213867 0.756836 0.211914 0.757812 0.211914 0.757812 0.210938 0.759766 0.208984 0.759766 0.207031 0.760742 0.206055 0.760742 0.203125 0.759766 0.202148 0.760742 0.201172 0.760742 0.200195 0.759766 0.199219 0.759766 0.197266 0.758789 0.196289 0.758789 0.195312 0.757812 0.194336 0.756836 0.194336 0.755859 0.193359 0.753906 0.193359 0.75293 0.192383
0 0.5 0.397461 0.499023 0.398438 0.498047 0.398438 0.495117 0.401367 0.495117 0.402344 0.494141 0.40332 0.494141 0.410156 0.493164 0.411133 0.493164 0.414062 0.494141 0.415039 0.494141 0.416016 0.495117 0.416992 0.495117 0.417969 0.496094 0.418945 0.496094 0.419922 0.49707 0.419922 0.499023 0.421875 0.499023 0.423828 0.500977 0.423828 0.501953 0.424805 0.50293 0.424805 0.503906 0.425781 0.510742 0.425781 0.511719 0.424805 0.512695 0.424805 0.515625 0.421875 0.516602 0.421875 0.516602 0.413086 0.515625 0.412109 0.515625 0.410156 0.514648 0.40918 0.514648 0.407227 0.513672 0.40625 0.513672 0.405273 0.511719 0.40332 0.511719 0.402344 0.508789 0.399414 0.507812 0.399414 0.505859 0.397461
0 0.700195 0.59668 0.698242 0.598633 0.698242 0.599609 0.697266 0.600586 0.697266 0.601562 0.698242 0.602539 0.698242 0.605469 0.699219 0.606445 0.699219 0.614258 0.698242 0.615234 0.698242 0.617188 0.697266 0.618164 0.697266 0.623047 0.708008 0.623047 0.708984 0.62207 0.708984 0.619141 0.709961 0.618164 0.709961 0.614258 0.710938 0.613281 0.710938 0.611328 0.711914 0.610352 0.711914 0.609375 0.712891 0.608398 0.713867 0.608398 0.713867 0.606445 0.714844 0.605469 0.713867 0.604492 0.713867 0.602539 0.711914 0.600586 0.710938 0.600586 0.708984 0.598633 0.708008 0.598633 0.707031 0.597656 0.706055 0.597656 0.705078 0.59668
0 0.188477 0.421875 0.1875 0.422852 0.186523 0.422852 0.186523 0.423828 0.18457 0.425781 0.182617 0.425781 0.181641 0.426758 0.181641 0.428711 0.182617 0.428711 0.183594 0.429688 0.185547 0.429688 0.186523 0.430664 0.189453 0.430664 0.192383 0.427734 0.193359 0.427734 0.194336 0.426758 0.194336 0.424805 0.193359 0.423828 0.192383 0.423828 0.191406 0.422852 0.191406 0.421875
0 0.798828 0.0791016 0.797852 0.0800781 0.796875 0.0800781 0.794922 0.0820312 0.793945 0.0820312 0.792969 0.0830078 0.791992 0.0830078 0.791992 0.0839844 0.791016 0.0849609 0.791016 0.0878906 0.790039 0.0888672 0.790039 0.0898438 0.791016 0.0908203 0.791016 0.0927734 0.792969 0.0927734 0.793945 0.0917969 0.794922 0.0917969 0.799805 0.0869141 0.799805 0.0849609 0.801758 0.0830078 0.801758 0.0810547 0.799805 0.0791016
0 0.751953 0.642578 0.750977 0.643555 0.750977 0.644531 0.75 0.645508 0.75 0.650391 0.756836 0.650391 0.757812 0.649414 0.757812 0.645508 0.754883 0.642578
0 0.93457 0.765625 0.933594 0.766602 0.932617 0.766602 0.931641 0.767578 0.929688 0.767578 0.929688 0.768555 0.928711 0.769531 0.928711 0.771484 0.927734 0.772461 0.927734 0.773438 0.926758 0.774414 0.926758 0.785156 0.928711 0.787109 0.928711 0.788086 0.932617 0.791992 0.938477 0.791992 0.939453 0.791016 0.941406 0.791016 0.941406 0.790039 0.943359 0.788086 0.943359 0.787109 0.944336 0.786133 0.944336 0.785156 0.945312 0.78418 0.945312 0.783203 0.946289 0.782227 0.946289 0.772461 0.945312 0.771484 0.945312 0.770508 0.944336 0.769531 0.944336 0.768555 0.943359 0.767578 0.942383 0.767578 0.941406 0.766602 0.9375 0.766602 0.936523 0.765625
0 0.526367 0.876953 0.525391 0.87793 0.523438 0.87793 0.522461 0.878906 0.521484 0.878906 0.520508 0.879883 0.520508 0.880859 0.519531 0.881836 0.519531 0.884766 0.518555 0.885742 0.518555 0.891602 0.521484 0.894531 0.521484 0.895508 0.524414 0.898438 0.525391 0.898438 0.526367 0.899414 0.527344 0.899414 0.52832 0.900391 0.530273 0.900391 0.53125 0.901367 0.532227 0.900391 0.536133 0.900391 0.537109 0.899414 0.538086 0.899414 0.539062 0.898438 0.540039 0.898438 0.541016 0.897461 0.541016 0.896484 0.541992 0.895508 0.542969 0.896484 0.542969 0.895508 0.544922 0.893555 0.544922 0.886719 0.543945 0.885742 0.543945 0.884766 0.542969 0.883789 0.542969 0.882812 0.541992 0.881836 0.540039 0.881836 0.538086 0.879883 0.537109 0.879883 0.535156 0.87793 0.53418 0.87793 0.533203 0.876953
0 0.00878906 0 0.00878906 0.00292969 0.0078125 0.00390625 0.0078125 0.00585938 0.00683594 0.00683594 0.00683594 0.0078125 0.00585938 0.00878906 0.00585938 0.0117188 0.00488281 0.0126953 0.00488281 0.015625 0.00585938 0.0166016 0.00585938 0.0195312 0.00683594 0.0205078 0.00683594 0.0214844 0.00878906 0.0234375 0.0107422 0.0234375 0.0117188 0.0224609 0.0146484 0.0224609 0.0166016 0.0205078 0.0166016 0.0195312 0.0175781 0.0185547 0.0175781 0.0175781 0.0185547 0.0166016 0.0185547 0.015625 0.0195312 0.0146484 0.0195312 0.00976562 0.0205078 0.00878906 0.0205078 0
0 0.0898438 0.138672 0.0888672 0.139648 0.0878906 0.139648 0.0878906 0.140625 0.0869141 0.141602 0.0869141 0.143555 0.0859375 0.144531 0.0859375 0.147461 0.0869141 0.148438 0.0869141 0.149414 0.0878906 0.150391 0.0878906 0.151367 0.0888672 0.151367 0.0898438 0.152344 0.0898438 0.15332 0.0908203 0.15332 0.0917969 0.154297 0.0947266 0.154297 0.0957031 0.155273 0.0976562 0.155273 0.0986328 0.154297 0.0996094 0.154297 0.102539 0.151367 0.102539 0.150391 0.103516 0.149414 0.103516 0.146484 0.100586 0.143555 0.100586 0.142578 0.0996094 0.141602 0.0986328 0.141602 0.0976562 0.140625 0.0966797 0.140625 0.0957031 0.139648 0.0947266 0.139648 0.09375 0.138672
0 0.480469 0.950195 0.479492 0.951172 0.478516 0.951172 0.477539 0.952148 0.472656 0.952148 0.47168 0.953125 0.469727 0.953125 0.46875 0.952148 0.466797 0.954102 0.466797 0.959961 0.46582 0.960938 0.46582 0.962891 0.466797 0.963867 0.466797 0.964844 0.469727 0.967773 0.47168 0.967773 0.472656 0.96875 0.478516 0.96875 0.480469 0.966797 0.481445 0.966797 0.482422 0.96582 0.484375 0.96582 0.486328 0.963867 0.487305 0.963867 0.487305 0.962891 0.488281 0.961914 0.488281 0.960938 0.490234 0.958984 0.490234 0.956055 0.489258 0.955078 0.489258 0.954102 0.487305 0.952148 0.486328 0.952148 0.484375 0.950195
0 0.125 0.989258 0.124023 0.990234 0.12207 0.990234 0.121094 0.991211 0.121094 0.995117 0.12207 0.996094 0.12207 0.999023 0.139648 0.999023 0.139648 0.994141 0.138672 0.993164 0.138672 0.992188 0.135742 0.989258
0 0.328125 0.774414 0.327148 0.775391 0.325195 0.775391 0.324219 0.776367 0.322266 0.776367 0.321289 0.775391 0.320312 0.775391 0.320312 0.776367 0.318359 0.77832 0.317383 0.77832 0.317383 0.780273 0.316406 0.78125 0.316406 0.782227 0.317383 0.783203 0.317383 0.785156 0.318359 0.786133 0.318359 0.788086 0.321289 0.791016 0.322266 0.791016 0.323242 0.791992 0.324219 0.791992 0.325195 0.792969 0.329102 0.792969 0.330078 0.793945 0.333984 0.793945 0.334961 0.792969 0.336914 0.792969 0.337891 0.791992 0.338867 0.791992 0.339844 0.791016 0.339844 0.790039 0.34082 0.789062 0.34082 0.780273 0.338867 0.77832 0.337891 0.77832 0.333984 0.774414 0.330078 0.774414 0.329102 0.775391
0 0.646484 0.613281 0.645508 0.614258 0.640625 0.614258 0.640625 0.615234 0.636719 0.619141 0.636719 0.621094 0.635742 0.62207 0.635742 0.623047 0.634766 0.624023 0.634766 0.625 0.633789 0.625977 0.633789 0.629883 0.636719 0.632812 0.649414 0.632812 0.650391 0.631836 0.651367 0.631836 0.651367 0.630859 0.652344 0.629883 0.65332 0.629883 0.655273 0.62793 0.655273 0.626953 0.65625 0.625977 0.65625 0.624023 0.657227 0.623047 0.657227 0.617188 0.655273 0.615234 0.654297 0.615234 0.65332 0.614258 0.650391 0.614258 0.649414 0.613281
0 0.744141 0.629883 0.744141 0.635742 0.745117 0.636719 0.745117 0.637695 0.748047 0.637695 0.749023 0.636719 0.749023 0.632812 0.746094 0.629883
0 0.558594 0.737305 0.557617 0.738281 0.557617 0.739258 0.556641 0.740234 0.550781 0.740234 0.548828 0.742188 0.548828 0.753906 0.549805 0.754883 0.549805 0.755859 0.550781 0.756836 0.550781 0.757812 0.553711 0.757812 0.554688 0.758789 0.555664 0.758789 0.556641 0.759766 0.557617 0.759766 0.558594 0.758789 0.55957 0.758789 0.560547 0.757812 0.561523 0.757812 0.5625 0.756836 0.563477 0.756836 0.564453 0.755859 0.56543 0.755859 0.567383 0.753906 0.568359 0.753906 0.569336 0.75293 0.569336 0.745117 0.568359 0.744141 0.568359 0.742188 0.567383 0.741211 0.567383 0.740234 0.56543 0.738281 0.560547 0.738281 0.55957 0.737305
0 0.779297 0.0820312 0.777344 0.0839844 0.77832 0.0849609 0.77832 0.0878906 0.779297 0.0888672 0.78125 0.0888672 0.782227 0.0898438 0.783203 0.0888672 0.783203 0.0830078 0.782227 0.0820312
0 0.792969 0.118164 0.791992 0.119141 0.791016 0.119141 0.790039 0.120117 0.790039 0.121094 0.789062 0.12207 0.789062 0.123047 0.788086 0.124023 0.788086 0.125977 0.789062 0.126953 0.789062 0.128906 0.790039 0.129883 0.790039 0.130859 0.791992 0.132812 0.792969 0.132812 0.794922 0.134766 0.795898 0.134766 0.796875 0.135742 0.796875 0.136719 0.797852 0.135742 0.801758 0.135742 0.803711 0.133789 0.807617 0.133789 0.808594 0.132812 0.810547 0.132812 0.8125 0.130859 0.8125 0.126953 0.811523 0.125977 0.811523 0.124023 0.810547 0.123047 0.810547 0.12207 0.807617 0.119141 0.806641 0.119141 0.805664 0.118164 0.804688 0.118164 0.803711 0.119141 0.795898 0.119141 0.794922 0.118164
0 0.535156 0.386719 0.535156 0.387695 0.53418 0.388672 0.53418 0.395508 0.535156 0.396484 0.538086 0.396484 0.538086 0.389648 0.537109 0.388672 0.537109 0.386719
0 0.0214844 0.958008 0.0205078 0.958984 0.0205078 0.962891 0.0195312 0.963867 0.0195312 0.964844 0.0185547 0.96582 0.0185547 0.96875 0.0205078 0.96875 0.0224609 0.966797 0.0224609 0.96582 0.0234375 0.964844 0.0234375 0.962891 0.0244141 0.961914 0.0244141 0.958984 0.0234375 0.958008
0 0.0234375 0.0400391 0.0224609 0.0410156 0.0224609 0.0449219 0.0244141 0.046875 0.0283203 0.046875 0.0283203 0.0419922 0.0273438 0.0410156 0.0273438 0.0400391
0 0.740234 0.711914 0.739258 0.712891 0.737305 0.712891 0.737305 0.713867 0.735352 0.71582 0.735352 0.716797 0.734375 0.717773 0.733398 0.717773 0.731445 0.719727 0.731445 0.722656 0.730469 0.723633 0.730469 0.727539 0.731445 0.728516 0.731445 0.733398 0.732422 0.734375 0.732422 0.735352 0.733398 0.735352 0.735352 0.737305 0.745117 0.737305 0.746094 0.736328 0.748047 0.736328 0.75 0.734375 0.75 0.733398 0.751953 0.731445 0.751953 0.730469 0.75293 0.729492 0.75293 0.726562 0.753906 0.725586 0.753906 0.724609 0.75293 0.723633 0.75293 0.722656 0.753906 0.72168 0.753906 0.720703 0.75293 0.719727 0.75293 0.71875 0.751953 0.717773 0.751953 0.716797 0.750977 0.71582 0.75 0.71582 0.749023 0.714844 0.749023 0.712891 0.748047 0.712891 0.74707 0.711914
0 0.651367 0.530273 0.651367 0.533203 0.652344 0.533203 0.65332 0.53418 0.655273 0.53418 0.655273 0.533203 0.65625 0.532227 0.65625 0.530273
0 0.195312 0.404297 0.194336 0.405273 0.19043 0.405273 0.189453 0.40625 0.188477 0.40625 0.1875 0.407227 0.1875 0.411133 0.186523 0.412109 0.186523 0.414062 0.1875 0.415039 0.19043 0.415039 0.191406 0.416016 0.193359 0.416016 0.194336 0.416992 0.195312 0.416992 0.198242 0.419922 0.199219 0.419922 0.200195 0.420898 0.201172 0.419922 0.201172 0.418945 0.203125 0.416992 0.203125 0.408203 0.202148 0.407227 0.202148 0.40625 0.201172 0.405273 0.200195 0.405273 0.199219 0.404297
0 0.859375 0.617188 0.858398 0.618164 0.857422 0.618164 0.855469 0.620117 0.854492 0.620117 0.853516 0.621094 0.852539 0.621094 0.851562 0.62207 0.849609 0.62207 0.848633 0.623047 0.845703 0.623047 0.844727 0.624023 0.842773 0.624023 0.841797 0.625 0.841797 0.62793 0.84082 0.628906 0.84082 0.629883 0.844727 0.633789 0.848633 0.633789 0.849609 0.634766 0.851562 0.634766 0.852539 0.633789 0.854492 0.633789 0.855469 0.632812 0.856445 0.632812 0.857422 0.631836 0.860352 0.631836 0.862305 0.629883 0.863281 0.629883 0.864258 0.630859 0.867188 0.630859 0.868164 0.629883 0.873047 0.629883 0.874023 0.628906 0.875 0.628906 0.875977 0.62793 0.875977 0.621094 0.875 0.620117 0.875 0.619141 0.874023 0.618164 0.865234 0.618164 0.864258 0.617188
0 0.654297 0.257812 0.65332 0.258789 0.65332 0.259766 0.652344 0.260742 0.652344 0.261719 0.649414 0.264648 0.649414 0.272461 0.651367 0.274414 0.651367 0.275391 0.654297 0.27832 0.654297 0.279297 0.655273 0.279297 0.657227 0.28125 0.663086 0.28125 0.664062 0.280273 0.666992 0.280273 0.668945 0.27832 0.668945 0.277344 0.669922 0.276367 0.669922 0.268555 0.668945 0.267578 0.668945 0.266602 0.667969 0.265625 0.667969 0.264648 0.666992 0.263672 0.666992 0.262695 0.664062 0.259766 0.663086 0.259766 0.662109 0.258789 0.661133 0.258789 0.660156 0.257812
0 0.686523 0.397461 0.683594 0.400391 0.683594 0.401367 0.68457 0.402344 0.68457 0.40332 0.686523 0.405273 0.686523 0.40625 0.69043 0.410156 0.693359 0.410156 0.694336 0.411133 0.695312 0.410156 0.696289 0.411133 0.697266 0.411133 0.698242 0.412109 0.701172 0.412109 0.702148 0.413086 0.705078 0.413086 0.706055 0.414062 0.707031 0.413086 0.708008 0.413086 0.709961 0.411133 0.709961 0.40625 0.708008 0.404297 0.708008 0.40332 0.707031 0.402344 0.706055 0.402344 0.705078 0.401367 0.703125 0.401367 0.701172 0.399414 0.700195 0.399414 0.699219 0.398438 0.698242 0.398438 0.697266 0.397461
0 0.849609 0 0.849609 0.00292969 0.850586 0.00390625 0.850586 0.00488281 0.851562 0.00585938 0.851562 0.00683594 0.852539 0.0078125 0.853516 0.0078125 0.854492 0.00878906 0.856445 0.00878906 0.857422 0.00976562 0.858398 0.00976562 0.859375 0.00878906 0.860352 0.00878906 0.864258 0.00488281 0.864258 0.00292969 0.866211 0.000976562 0.866211 0
0 0.37207 0.181641 0.371094 0.182617 0.369141 0.182617 0.367188 0.18457 0.366211 0.18457 0.365234 0.185547 0.364258 0.185547 0.364258 0.186523 0.366211 0.188477 0.367188 0.188477 0.368164 0.189453 0.368164 0.194336 0.367188 0.195312 0.367188 0.197266 0.365234 0.199219 0.363281 0.199219 0.362305 0.200195 0.361328 0.200195 0.360352 0.201172 0.359375 0.201172 0.358398 0.202148 0.358398 0.204102 0.357422 0.205078 0.358398 0.206055 0.358398 0.207031 0.359375 0.207031 0.359375 0.206055 0.360352 0.205078 0.364258 0.205078 0.365234 0.206055 0.365234 0.207031 0.366211 0.208008 0.366211 0.208984 0.369141 0.211914 0.369141 0.212891 0.370117 0.212891 0.371094 0.211914 0.370117 0.210938 0.370117 0.206055 0.371094 0.205078 0.37207 0.205078 0.37207 0.204102 0.374023 0.202148 0.374023 0.201172 0.376953 0.198242 0.376953 0.194336 0.37793 0.193359 0.37793 0.192383 0.379883 0.19043 0.380859 0.19043 0.37793 0.1875 0.37793 0.183594 0.378906 0.182617 0.379883 0.182617 0.379883 0.181641 0.378906 0.181641 0.376953 0.183594 0.375977 0.183594 0.375 0.182617 0.374023 0.182617 0.373047 0.181641
0 0.922852 0.270508 0.922852 0.271484 0.920898 0.273438 0.920898 0.276367 0.921875 0.276367 0.922852 0.277344 0.924805 0.277344 0.925781 0.276367 0.928711 0.276367 0.930664 0.274414 0.930664 0.272461 0.929688 0.271484 0.928711 0.271484 0.927734 0.270508
0 0.0712891 0.378906 0.0703125 0.379883 0.0683594 0.379883 0.0673828 0.380859 0.0664062 0.380859 0.0664062 0.381836 0.0654297 0.382812 0.0654297 0.383789 0.0664062 0.384766 0.0664062 0.385742 0.0673828 0.386719 0.0673828 0.387695 0.0712891 0.391602 0.0722656 0.391602 0.0751953 0.394531 0.0761719 0.394531 0.0771484 0.395508 0.0800781 0.395508 0.0810547 0.394531 0.0830078 0.394531 0.0849609 0.392578 0.0849609 0.388672 0.0839844 0.387695 0.0839844 0.386719 0.0820312 0.384766 0.0791016 0.384766 0.078125 0.383789 0.0771484 0.383789 0.0761719 0.382812 0.0751953 0.382812
0 0.0263672 0.960938 0.0244141 0.962891 0.0244141 0.966797 0.0253906 0.967773 0.0253906 0.96875 0.0263672 0.96875 0.0273438 0.969727 0.0302734 0.969727 0.03125 0.96875 0.03125 0.96582 0.0322266 0.964844 0.0322266 0.962891 0.03125 0.961914 0.0302734 0.961914 0.0292969 0.960938
0 0.746094 0.576172 0.746094 0.581055 0.74707 0.582031 0.749023 0.582031 0.75 0.581055 0.75 0.577148 0.749023 0.576172
0 0.504883 0.751953 0.504883 0.754883 0.505859 0.755859 0.505859 0.757812 0.507812 0.759766 0.507812 0.760742 0.508789 0.761719 0.510742 0.761719 0.511719 0.762695 0.512695 0.761719 0.513672 0.761719 0.514648 0.760742 0.514648 0.757812 0.510742 0.753906 0.509766 0.753906 0.507812 0.751953
0 0.303711 0.566406 0.302734 0.567383 0.301758 0.567383 0.300781 0.568359 0.299805 0.568359 0.298828 0.569336 0.297852 0.569336 0.295898 0.571289 0.294922 0.571289 0.291016 0.575195 0.291016 0.576172 0.290039 0.577148 0.290039 0.580078 0.291016 0.581055 0.291016 0.582031 0.293945 0.584961 0.294922 0.584961 0.295898 0.585938 0.307617 0.585938 0.30957 0.583984 0.311523 0.583984 0.311523 0.583008 0.314453 0.580078 0.314453 0.579102 0.31543 0.578125 0.31543 0.577148 0.316406 0.576172 0.316406 0.568359 0.314453 0.566406
0 0.0351562 0.101562 0.0341797 0.102539 0.0322266 0.102539 0.03125 0.103516 0.03125 0.107422 0.0332031 0.109375 0.0332031 0.110352 0.0341797 0.111328 0.0341797 0.112305 0.0351562 0.113281 0.0351562 0.114258 0.0361328 0.115234 0.0361328 0.116211 0.0371094 0.117188 0.0380859 0.117188 0.0419922 0.121094 0.0429688 0.121094 0.0449219 0.123047 0.0458984 0.123047 0.0478516 0.125 0.0517578 0.125 0.0527344 0.125977 0.0546875 0.125977 0.0556641 0.126953 0.0615234 0.126953 0.0625 0.125977 0.0625 0.125 0.0634766 0.124023 0.0634766 0.120117 0.0625 0.119141 0.0625 0.118164 0.0615234 0.117188 0.0615234 0.116211 0.0585938 0.113281 0.0576172 0.113281 0.0537109 0.109375 0.0517578 0.109375 0.0488281 0.106445 0.0478516 0.106445 0.046875 0.105469 0.046875 0.104492 0.0458984 0.104492 0.0449219 0.103516 0.0439453 0.103516 0.0429688 0.102539 0.0419922 0.102539 0.0410156 0.101562
0 0.651367 0.338867 0.650391 0.339844 0.649414 0.339844 0.646484 0.342773 0.645508 0.342773 0.641602 0.34668 0.641602 0.348633 0.640625 0.349609 0.639648 0.349609 0.639648 0.351562 0.638672 0.352539 0.638672 0.354492 0.639648 0.355469 0.639648 0.356445 0.640625 0.357422 0.644531 0.357422 0.645508 0.358398 0.648438 0.358398 0.649414 0.359375 0.650391 0.359375 0.651367 0.358398 0.65332 0.358398 0.654297 0.357422 0.657227 0.357422 0.65918 0.355469 0.65918 0.354492 0.660156 0.353516 0.661133 0.353516 0.664062 0.350586 0.664062 0.348633 0.665039 0.347656 0.665039 0.34668 0.666016 0.345703 0.666016 0.34082 0.664062 0.338867
0 0.733398 0.243164 0.733398 0.24707 0.734375 0.248047 0.734375 0.249023 0.735352 0.25 0.735352 0.250977 0.737305 0.250977 0.737305 0.25 0.739258 0.248047 0.739258 0.244141 0.738281 0.243164
0 0.166992 0.408203 0.165039 0.410156 0.165039 0.412109 0.169922 0.416992 0.170898 0.416016 0.171875 0.416992 0.171875 0.417969 0.172852 0.416992 0.172852 0.416016 0.173828 0.415039 0.175781 0.415039 0.174805 0.414062 0.174805 0.412109 0.172852 0.410156 0.171875 0.410156 0.169922 0.408203
0 0.945312 0.543945 0.945312 0.544922 0.944336 0.545898 0.944336 0.546875 0.943359 0.547852 0.942383 0.547852 0.942383 0.557617 0.943359 0.558594 0.943359 0.55957 0.945312 0.561523 0.946289 0.561523 0.947266 0.5625 0.952148 0.5625 0.953125 0.561523 0.954102 0.561523 0.955078 0.560547 0.956055 0.560547 0.958008 0.558594 0.958008 0.551758 0.956055 0.549805 0.956055 0.548828 0.955078 0.547852 0.954102 0.547852 0.952148 0.545898 0.951172 0.545898 0.949219 0.543945
0 0.904297 0.55957 0.90332 0.560547 0.902344 0.560547 0.902344 0.5625 0.90332 0.563477 0.90332 0.564453 0.904297 0.56543 0.905273 0.56543 0.90625 0.566406 0.90625 0.567383 0.908203 0.567383 0.90918 0.568359 0.911133 0.568359 0.911133 0.564453 0.910156 0.563477 0.910156 0.5625 0.908203 0.560547 0.907227 0.560547 0.90625 0.55957
0 0.571289 0.847656 0.570312 0.848633 0.569336 0.848633 0.568359 0.849609 0.568359 0.851562 0.567383 0.852539 0.567383 0.854492 0.566406 0.855469 0.567383 0.856445 0.567383 0.859375 0.568359 0.860352 0.568359 0.861328 0.569336 0.862305 0.569336 0.863281 0.576172 0.870117 0.577148 0.870117 0.578125 0.871094 0.580078 0.871094 0.581055 0.87207 0.583984 0.87207 0.584961 0.871094 0.585938 0.871094 0.587891 0.869141 0.587891 0.868164 0.588867 0.867188 0.588867 0.865234 0.589844 0.864258 0.589844 0.859375 0.588867 0.858398 0.588867 0.857422 0.587891 0.856445 0.587891 0.854492 0.585938 0.852539 0.585938 0.851562 0.584961 0.850586 0.583984 0.850586 0.583008 0.849609 0.581055 0.849609 0.579102 0.847656
0 0.142578 0.254883 0.141602 0.255859 0.141602 0.256836 0.140625 0.257812 0.140625 0.262695 0.141602 0.263672 0.141602 0.264648 0.143555 0.266602 0.144531 0.266602 0.145508 0.267578 0.146484 0.267578 0.147461 0.268555 0.149414 0.268555 0.150391 0.269531 0.152344 0.269531 0.154297 0.267578 0.154297 0.266602 0.155273 0.265625 0.155273 0.263672 0.154297 0.262695 0.154297 0.259766 0.15332 0.258789 0.15332 0.257812 0.152344 0.256836 0.151367 0.256836 0.150391 0.255859 0.150391 0.254883
0 0.513672 0.748047 0.512695 0.749023 0.512695 0.75293 0.513672 0.753906 0.514648 0.753906 0.515625 0.754883 0.517578 0.754883 0.519531 0.75293 0.519531 0.748047
0 0.506836 0.725586 0.505859 0.726562 0.504883 0.726562 0.503906 0.727539 0.500977 0.727539 0.499023 0.729492 0.499023 0.730469 0.49707 0.732422 0.49707 0.733398 0.496094 0.734375 0.496094 0.737305 0.49707 0.738281 0.49707 0.739258 0.498047 0.740234 0.498047 0.741211 0.499023 0.742188 0.5 0.742188 0.500977 0.743164 0.500977 0.745117 0.50293 0.745117 0.503906 0.746094 0.510742 0.746094 0.511719 0.745117 0.513672 0.745117 0.515625 0.743164 0.516602 0.743164 0.519531 0.740234 0.519531 0.733398 0.518555 0.732422 0.518555 0.730469 0.514648 0.726562 0.511719 0.726562 0.510742 0.725586
0 0.791016 0.625 0.789062 0.626953 0.789062 0.628906 0.790039 0.629883 0.793945 0.629883 0.794922 0.628906 0.795898 0.628906 0.795898 0.626953 0.793945 0.625
0 0.750977 0.34082 0.750977 0.341797 0.75 0.342773 0.74707 0.342773 0.746094 0.34375 0.744141 0.34375 0.741211 0.34668 0.741211 0.347656 0.740234 0.348633 0.740234 0.356445 0.742188 0.358398 0.742188 0.359375 0.743164 0.359375 0.746094 0.362305 0.758789 0.362305 0.761719 0.359375 0.762695 0.359375 0.763672 0.358398 0.764648 0.358398 0.766602 0.356445 0.766602 0.34668 0.765625 0.345703 0.762695 0.345703 0.761719 0.344727 0.759766 0.344727 0.758789 0.34375 0.754883 0.34375 0.75293 0.341797 0.75293 0.34082
0 0.657227 0.951172 0.65625 0.952148 0.645508 0.952148 0.644531 0.953125 0.643555 0.953125 0.644531 0.954102 0.644531 0.957031 0.645508 0.958008 0.644531 0.958984 0.644531 0.966797 0.645508 0.967773 0.648438 0.967773 0.649414 0.966797 0.655273 0.966797 0.65625 0.96582 0.657227 0.96582 0.658203 0.964844 0.662109 0.964844 0.663086 0.963867 0.665039 0.963867 0.667969 0.960938 0.667969 0.958984 0.668945 0.958008 0.668945 0.956055 0.667969 0.955078 0.667969 0.954102 0.666992 0.954102 0.665039 0.952148 0.658203 0.952148
0 0.154297 0.160156 0.15332 0.161133 0.15332 0.163086 0.154297 0.164062 0.154297 0.166016 0.15625 0.166016 0.157227 0.165039 0.15918 0.165039 0.160156 0.164062 0.161133 0.164062 0.161133 0.160156 0.15918 0.160156 0.15918 0.161133 0.158203 0.162109 0.15625 0.160156
0 0.862305 0.248047 0.861328 0.249023 0.854492 0.249023 0.853516 0.25 0.852539 0.25 0.850586 0.251953 0.850586 0.253906 0.849609 0.254883 0.849609 0.256836 0.850586 0.257812 0.850586 0.260742 0.851562 0.260742 0.854492 0.263672 0.857422 0.263672 0.858398 0.264648 0.859375 0.264648 0.860352 0.265625 0.863281 0.265625 0.864258 0.264648 0.867188 0.264648 0.868164 0.263672 0.869141 0.263672 0.870117 0.262695 0.871094 0.262695 0.87207 0.261719 0.873047 0.261719 0.874023 0.260742 0.874023 0.259766 0.875 0.258789 0.875 0.257812 0.875977 0.256836 0.875977 0.254883 0.875 0.253906 0.875 0.25293 0.874023 0.251953 0.873047 0.251953 0.871094 0.25 0.870117 0.25 0.869141 0.249023 0.866211 0.249023 0.865234 0.248047
0 0.710938 0.636719 0.709961 0.637695 0.708984 0.637695 0.707031 0.639648 0.706055 0.639648 0.706055 0.640625 0.705078 0.641602 0.705078 0.644531 0.704102 0.645508 0.705078 0.646484 0.705078 0.647461 0.706055 0.648438 0.706055 0.649414 0.707031 0.650391 0.708008 0.650391 0.709961 0.652344 0.709961 0.65332 0.712891 0.65332 0.713867 0.652344 0.714844 0.652344 0.71582 0.651367 0.717773 0.651367 0.720703 0.648438 0.720703 0.641602 0.71582 0.636719
0 0.635742 0.77832 0.634766 0.779297 0.633789 0.779297 0.628906 0.78418 0.62793 0.78418 0.62793 0.785156 0.624023 0.789062 0.624023 0.790039 0.623047 0.791016 0.623047 0.791992 0.62207 0.792969 0.62207 0.798828 0.623047 0.798828 0.624023 0.799805 0.625 0.799805 0.625977 0.800781 0.631836 0.800781 0.632812 0.799805 0.634766 0.799805 0.638672 0.795898 0.639648 0.795898 0.639648 0.794922 0.640625 0.793945 0.640625 0.792969 0.642578 0.791016 0.642578 0.789062 0.643555 0.788086 0.643555 0.78418 0.642578 0.783203 0.642578 0.782227 0.641602 0.78125 0.641602 0.780273 0.639648 0.77832
0 0.118164 0.439453 0.117188 0.44043 0.116211 0.44043 0.115234 0.441406 0.113281 0.441406 0.111328 0.443359 0.109375 0.443359 0.107422 0.445312 0.106445 0.445312 0.106445 0.446289 0.102539 0.450195 0.102539 0.452148 0.101562 0.453125 0.102539 0.454102 0.102539 0.456055 0.103516 0.457031 0.103516 0.458008 0.105469 0.459961 0.106445 0.459961 0.107422 0.460938 0.112305 0.460938 0.113281 0.459961 0.114258 0.459961 0.115234 0.458984 0.116211 0.458984 0.118164 0.457031 0.119141 0.457031 0.120117 0.456055 0.121094 0.456055 0.121094 0.455078 0.124023 0.452148 0.124023 0.448242 0.123047 0.447266 0.123047 0.443359 0.12207 0.442383 0.12207 0.441406 0.120117 0.439453
0 0.571289 0.810547 0.570312 0.811523 0.569336 0.811523 0.569336 0.817383 0.568359 0.818359 0.568359 0.821289 0.569336 0.822266 0.569336 0.823242 0.577148 0.823242 0.579102 0.821289 0.579102 0.817383 0.580078 0.816406 0.580078 0.8125 0.578125 0.810547
0 0.788086 0.666992 0.787109 0.667969 0.788086 0.668945 0.788086 0.673828 0.789062 0.674805 0.790039 0.673828 0.791016 0.673828 0.791992 0.672852 0.793945 0.672852 0.794922 0.671875 0.794922 0.669922 0.795898 0.668945 0.795898 0.667969 0.794922 0.666992
0 0.128906 0.0732422 0.126953 0.0751953 0.126953 0.0761719 0.125977 0.0771484 0.125977 0.0791016 0.125 0.0800781 0.125 0.0820312 0.124023 0.0830078 0.124023 0.0888672 0.125 0.0898438 0.125 0.0908203 0.125977 0.0917969 0.125977 0.0927734 0.128906 0.0957031 0.130859 0.0957031 0.131836 0.0966797 0.132812 0.0957031 0.133789 0.0966797 0.135742 0.0966797 0.136719 0.0957031 0.140625 0.0957031 0.143555 0.0927734 0.143555 0.0839844 0.142578 0.0830078 0.142578 0.0800781 0.141602 0.0791016 0.141602 0.078125 0.139648 0.0761719 0.139648 0.0751953 0.137695 0.0732422 0.136719 0.0742188 0.134766 0.0742188 0.133789 0.0732422
0 0.921875 0.00488281 0.921875 0.00585938 0.920898 0.00683594 0.919922 0.00683594 0.918945 0.0078125 0.917969 0.00683594 0.916016 0.00878906 0.915039 0.00878906 0.913086 0.0107422 0.913086 0.0117188 0.912109 0.0126953 0.912109 0.0136719 0.911133 0.0146484 0.911133 0.0185547 0.910156 0.0195312 0.910156 0.0253906 0.911133 0.0263672 0.911133 0.0283203 0.912109 0.0292969 0.912109 0.0302734 0.913086 0.0302734 0.914062 0.03125 0.917969 0.03125 0.918945 0.0302734 0.919922 0.0302734 0.921875 0.0283203 0.922852 0.0283203 0.922852 0.0273438 0.923828 0.0263672 0.924805 0.0263672 0.925781 0.0253906 0.925781 0.0244141 0.926758 0.0234375 0.927734 0.0234375 0.927734 0.0205078 0.928711 0.0195312 0.927734 0.0185547 0.927734 0.0107422 0.924805 0.0078125 0.924805 0.00683594 0.923828 0.00683594
0 0.681641 0.595703 0.680664 0.59668 0.679688 0.59668 0.677734 0.598633 0.676758 0.598633 0.674805 0.600586 0.674805 0.601562 0.673828 0.602539 0.673828 0.613281 0.674805 0.614258 0.674805 0.615234 0.675781 0.616211 0.675781 0.617188 0.679688 0.621094 0.680664 0.621094 0.681641 0.62207 0.683594 0.62207 0.68457 0.623047 0.692383 0.623047 0.693359 0.62207 0.694336 0.62207 0.696289 0.620117 0.696289 0.618164 0.697266 0.617188 0.697266 0.615234 0.698242 0.614258 0.698242 0.606445 0.697266 0.605469 0.697266 0.602539 0.695312 0.600586 0.695312 0.599609 0.694336 0.599609 0.692383 0.597656 0.691406 0.597656 0.69043 0.59668 0.686523 0.59668 0.685547 0.595703
0 0.173828 0.166016 0.173828 0.166992 0.172852 0.167969 0.172852 0.172852 0.173828 0.172852 0.174805 0.173828 0.177734 0.173828 0.177734 0.172852 0.178711 0.171875 0.178711 0.167969 0.177734 0.166992 0.177734 0.166016
0 0.737305 0.234375 0.735352 0.236328 0.735352 0.240234 0.737305 0.240234 0.739258 0.238281 0.739258 0.234375
0 0.198242 0.285156 0.197266 0.286133 0.195312 0.286133 0.193359 0.288086 0.193359 0.289062 0.192383 0.290039 0.192383 0.296875 0.194336 0.298828 0.195312 0.298828 0.196289 0.299805 0.200195 0.299805 0.201172 0.298828 0.202148 0.298828 0.205078 0.295898 0.205078 0.290039 0.204102 0.289062 0.204102 0.288086 0.201172 0.285156
0 0.919922 0.279297 0.917969 0.28125 0.917969 0.282227 0.916992 0.283203 0.916992 0.285156 0.917969 0.286133 0.918945 0.286133 0.919922 0.287109 0.924805 0.287109 0.925781 0.288086 0.927734 0.288086 0.928711 0.287109 0.928711 0.286133 0.930664 0.28418 0.929688 0.283203 0.929688 0.28125 0.928711 0.280273 0.926758 0.280273 0.925781 0.279297
0 0.662109 0.632812 0.661133 0.633789 0.657227 0.633789 0.655273 0.635742 0.65332 0.635742 0.65332 0.636719 0.652344 0.637695 0.652344 0.638672 0.650391 0.640625 0.650391 0.641602 0.649414 0.642578 0.649414 0.643555 0.648438 0.644531 0.648438 0.647461 0.651367 0.650391 0.651367 0.651367 0.652344 0.652344 0.65332 0.652344 0.654297 0.65332 0.655273 0.65332 0.65625 0.654297 0.661133 0.654297 0.663086 0.652344 0.666016 0.652344 0.666992 0.651367 0.666992 0.649414 0.667969 0.648438 0.667969 0.643555 0.666992 0.642578 0.666992 0.638672 0.666016 0.637695 0.666016 0.635742 0.664062 0.633789 0.663086 0.633789
0 0.0478516 0.947266 0.046875 0.948242 0.046875 0.950195 0.0458984 0.951172 0.0458984 0.953125 0.046875 0.954102 0.0478516 0.954102 0.0488281 0.955078 0.0507812 0.955078 0.0507812 0.954102 0.0517578 0.953125 0.0517578 0.949219 0.0498047 0.947266
0 0.03125 0.987305 0.0302734 0.988281 0.0283203 0.988281 0.0263672 0.990234 0.0263672 0.991211 0.0253906 0.992188 0.0253906 0.999023 0.046875 0.999023 0.0478516 0.998047 0.0478516 0.996094 0.0458984 0.994141 0.0458984 0.993164 0.0410156 0.988281 0.0371094 0.988281 0.0361328 0.987305
0 0.03125 0.0888672 0.03125 0.0917969 0.0332031 0.0917969 0.0341797 0.0927734 0.0371094 0.0927734 0.0371094 0.0908203 0.0351562 0.0888672
0 0.0605469 0.94043 0.0605469 0.941406 0.0585938 0.943359 0.0585938 0.945312 0.0595703 0.946289 0.0625 0.946289 0.0634766 0.945312 0.0634766 0.944336 0.0644531 0.943359 0.0644531 0.941406 0.0634766 0.94043
0 0.806641 0.569336 0.805664 0.570312 0.802734 0.570312 0.801758 0.571289 0.801758 0.573242 0.800781 0.574219 0.800781 0.584961 0.799805 0.585938 0.805664 0.591797 0.813477 0.591797 0.814453 0.59082 0.814453 0.588867 0.81543 0.587891 0.81543 0.583984 0.816406 0.583008 0.816406 0.577148 0.81543 0.576172 0.81543 0.574219 0.814453 0.574219 0.813477 0.573242 0.813477 0.572266 0.8125 0.571289 0.811523 0.571289 0.80957 0.569336
0 0.771484 0.604492 0.769531 0.606445 0.769531 0.608398 0.768555 0.609375 0.768555 0.615234 0.767578 0.616211 0.767578 0.62207 0.769531 0.624023 0.769531 0.625977 0.771484 0.62793 0.771484 0.628906 0.772461 0.629883 0.772461 0.630859 0.773438 0.631836 0.780273 0.631836 0.780273 0.628906 0.78125 0.62793 0.78125 0.625 0.780273 0.624023 0.780273 0.623047 0.78125 0.62207 0.780273 0.621094 0.780273 0.616211 0.779297 0.615234 0.779297 0.613281 0.77832 0.612305 0.777344 0.612305 0.776367 0.611328 0.776367 0.608398 0.775391 0.607422 0.775391 0.605469 0.774414 0.604492
0 0.666016 0.90332 0.664062 0.905273 0.663086 0.905273 0.65918 0.90918 0.65918 0.910156 0.658203 0.911133 0.658203 0.914062 0.65918 0.915039 0.65918 0.917969 0.660156 0.918945 0.660156 0.919922 0.661133 0.919922 0.662109 0.920898 0.663086 0.920898 0.664062 0.921875 0.666016 0.921875 0.666992 0.922852 0.667969 0.921875 0.668945 0.922852 0.669922 0.922852 0.670898 0.921875 0.673828 0.921875 0.674805 0.920898 0.675781 0.920898 0.677734 0.918945 0.678711 0.918945 0.679688 0.917969 0.680664 0.917969 0.681641 0.916992 0.681641 0.916016 0.682617 0.915039 0.682617 0.914062 0.678711 0.910156 0.678711 0.90918 0.677734 0.908203 0.677734 0.905273 0.676758 0.904297 0.667969 0.904297 0.666992 0.90332
0 0.213867 0.357422 0.210938 0.360352 0.210938 0.362305 0.211914 0.363281 0.211914 0.364258 0.210938 0.365234 0.209961 0.365234 0.208984 0.366211 0.208008 0.365234 0.207031 0.365234 0.207031 0.366211 0.208008 0.367188 0.208984 0.366211 0.209961 0.366211 0.211914 0.368164 0.211914 0.369141 0.210938 0.370117 0.211914 0.370117 0.213867 0.37207 0.213867 0.373047 0.21582 0.375 0.21875 0.375 0.219727 0.375977 0.219727 0.376953 0.219727 0.375977 0.220703 0.375 0.22168 0.375977 0.222656 0.375977 0.223633 0.376953 0.224609 0.376953 0.226562 0.375 0.227539 0.375 0.230469 0.37207 0.230469 0.364258 0.227539 0.361328 0.227539 0.360352 0.226562 0.360352 0.225586 0.359375 0.223633 0.359375 0.222656 0.358398 0.219727 0.358398 0.21875 0.357422
0 0.522461 0.808594 0.521484 0.80957 0.518555 0.80957 0.517578 0.810547 0.516602 0.810547 0.515625 0.811523 0.513672 0.811523 0.510742 0.814453 0.510742 0.81543 0.509766 0.816406 0.509766 0.823242 0.510742 0.824219 0.510742 0.825195 0.511719 0.826172 0.511719 0.827148 0.517578 0.833008 0.521484 0.833008 0.522461 0.833984 0.524414 0.833984 0.527344 0.831055 0.527344 0.830078 0.530273 0.827148 0.53125 0.827148 0.53418 0.824219 0.53418 0.822266 0.535156 0.821289 0.535156 0.818359 0.53418 0.817383 0.53418 0.816406 0.532227 0.814453 0.532227 0.813477 0.53125 0.8125 0.53125 0.811523 0.529297 0.80957 0.52832 0.80957 0.527344 0.808594
0 0.521484 0.80957 0.522461 0.808594 0.527344 0.808594 0.52832 0.80957 0.52832 0.813477 0.529297 0.814453 0.529297 0.818359 0.52832 0.819336 0.52832 0.820312 0.527344 0.821289 0.527344 0.827148 0.526367 0.828125 0.522461 0.828125 0.519531 0.825195 0.519531 0.824219 0.518555 0.823242 0.518555 0.814453 0.521484 0.811523
0 0.537109 0.822266 0.53125 0.828125 0.530273 0.828125 0.52832 0.830078 0.52832 0.831055 0.524414 0.834961 0.523438 0.834961 0.523438 0.838867 0.522461 0.839844 0.522461 0.841797 0.523438 0.842773 0.523438 0.844727 0.524414 0.845703 0.524414 0.84668 0.526367 0.848633 0.527344 0.847656 0.53418 0.847656 0.538086 0.84375 0.539062 0.84375 0.539062 0.841797 0.540039 0.84082 0.541016 0.84082 0.541016 0.839844 0.542969 0.837891 0.542969 0.836914 0.543945 0.835938 0.543945 0.833984 0.544922 0.833008 0.544922 0.826172 0.542969 0.824219 0.542969 0.823242 0.541992 0.823242 0.541016 0.822266 0.540039 0.822266 0.539062 0.823242 0.538086 0.822266
0 0.639648 0.536133 0.635742 0.540039 0.635742 0.541016 0.634766 0.541992 0.634766 0.543945 0.633789 0.544922 0.633789 0.549805 0.634766 0.550781 0.639648 0.550781 0.640625 0.549805 0.642578 0.549805 0.643555 0.548828 0.644531 0.548828 0.646484 0.546875 0.647461 0.546875 0.649414 0.544922 0.649414 0.543945 0.648438 0.542969 0.648438 0.541992 0.647461 0.541016 0.647461 0.540039 0.644531 0.537109 0.643555 0.537109 0.642578 0.536133
0 0.0634766 0.946289 0.0625 0.947266 0.0615234 0.947266 0.0615234 0.949219 0.0605469 0.950195 0.0605469 0.951172 0.0595703 0.952148 0.0595703 0.955078 0.0605469 0.956055 0.0683594 0.956055 0.0693359 0.955078 0.0712891 0.955078 0.0722656 0.954102 0.0742188 0.954102 0.0742188 0.947266 0.0722656 0.947266 0.0722656 0.948242 0.0712891 0.949219 0.0712891 0.950195 0.0703125 0.951172 0.0683594 0.949219 0.0683594 0.946289
0 0.0742188 0.0878906 0.0732422 0.0888672 0.0732422 0.09375 0.0742188 0.0947266 0.0742188 0.0957031 0.0751953 0.0957031 0.0761719 0.0966797 0.0761719 0.0976562 0.0771484 0.0986328 0.078125 0.0986328 0.0791016 0.0996094 0.0791016 0.100586 0.0810547 0.102539 0.0849609 0.102539 0.0859375 0.101562 0.0947266 0.101562 0.0957031 0.100586 0.100586 0.100586 0.100586 0.0947266 0.0996094 0.09375 0.0996094 0.0927734 0.0976562 0.0927734 0.0966797 0.0917969 0.0947266 0.0917969 0.09375 0.0908203 0.0917969 0.0908203 0.0908203 0.0898438 0.0888672 0.0898438 0.0878906 0.0888672 0.0859375 0.0888672 0.0849609 0.0878906
0 0.161133 0.0390625 0.160156 0.0400391 0.155273 0.0400391 0.154297 0.0410156 0.15332 0.0410156 0.152344 0.0419922 0.152344 0.0429688 0.150391 0.0449219 0.150391 0.0546875 0.151367 0.0556641 0.151367 0.0576172 0.152344 0.0585938 0.152344 0.0595703 0.15625 0.0634766 0.164062 0.0634766 0.165039 0.0625 0.166016 0.0625 0.166992 0.0615234 0.168945 0.0615234 0.168945 0.0605469 0.169922 0.0595703 0.170898 0.0595703 0.170898 0.0585938 0.171875 0.0576172 0.171875 0.0566406 0.172852 0.0556641 0.172852 0.0537109 0.173828 0.0527344 0.173828 0.0449219 0.172852 0.0439453 0.172852 0.0429688 0.171875 0.0419922 0.170898 0.0419922 0.168945 0.0400391 0.164062 0.0400391 0.163086 0.0390625 0.162109 0.0400391
0 0.74707 0.213867 0.746094 0.214844 0.745117 0.214844 0.744141 0.21582 0.744141 0.217773 0.745117 0.21875 0.745117 0.219727 0.746094 0.220703 0.750977 0.220703 0.751953 0.219727 0.75293 0.219727 0.75293 0.21582 0.751953 0.214844 0.750977 0.214844 0.75 0.213867
0 0.551758 0.926758 0.550781 0.927734 0.549805 0.927734 0.548828 0.928711 0.548828 0.932617 0.558594 0.932617 0.558594 0.928711 0.557617 0.927734 0.555664 0.927734 0.554688 0.926758
0 0.0390625 0.0371094 0.0380859 0.0380859 0.0380859 0.0419922 0.0390625 0.0429688 0.0449219 0.0429688 0.0449219 0.0400391 0.0439453 0.0390625 0.0439453 0.0380859 0.0429688 0.0380859 0.0419922 0.0371094
