0 0.338867 0.173828 0.337891 0.174805 0.337891 0.175781 0.336914 0.176758 0.336914 0.177734 0.335938 0.178711 0.335938 0.181641 0.338867 0.18457 0.34668 0.18457 0.348633 0.182617 0.348633 0.181641 0.347656 0.180664 0.347656 0.178711 0.342773 0.173828
0 0.785156 0.484375 0.78418 0.485352 0.783203 0.485352 0.782227 0.486328 0.782227 0.490234 0.783203 0.491211 0.783203 0.493164 0.78418 0.494141 0.786133 0.494141 0.787109 0.493164 0.788086 0.493164 0.789062 0.492188 0.790039 0.492188 0.791016 0.491211 0.791016 0.486328 0.790039 0.485352 0.789062 0.485352 0.788086 0.484375
0 0.857422 0.141602 0.853516 0.145508 0.853516 0.146484 0.851562 0.148438 0.851562 0.149414 0.848633 0.152344 0.848633 0.157227 0.849609 0.158203 0.855469 0.158203 0.856445 0.157227 0.862305 0.157227 0.863281 0.15625 0.864258 0.15625 0.867188 0.15332 0.867188 0.152344 0.868164 0.151367 0.868164 0.148438 0.869141 0.147461 0.869141 0.145508 0.865234 0.141602
0 0.541992 0.442383 0.541016 0.443359 0.540039 0.443359 0.539062 0.444336 0.539062 0.445312 0.538086 0.446289 0.538086 0.456055 0.539062 0.457031 0.539062 0.461914 0.540039 0.462891 0.540039 0.463867 0.543945 0.467773 0.545898 0.467773 0.546875 0.46875 0.552734 0.46875 0.553711 0.467773 0.554688 0.467773 0.556641 0.46582 0.556641 0.464844 0.557617 0.463867 0.557617 0.461914 0.558594 0.460938 0.558594 0.453125 0.557617 0.452148 0.557617 0.450195 0.556641 0.449219 0.556641 0.448242 0.555664 0.447266 0.554688 0.447266 0.551758 0.444336 0.550781 0.444336 0.549805 0.443359 0.548828 0.443359 0.547852 0.442383
0 0.209961 0.745117 0.206055 0.749023 0.206055 0.75 0.205078 0.750977 0.205078 0.753906 0.204102 0.754883 0.204102 0.761719 0.205078 0.762695 0.205078 0.764648 0.208984 0.768555 0.209961 0.768555 0.210938 0.769531 0.220703 0.769531 0.224609 0.765625 0.224609 0.763672 0.225586 0.762695 0.225586 0.760742 0.226562 0.759766 0.226562 0.756836 0.225586 0.755859 0.225586 0.75293 0.224609 0.751953 0.224609 0.750977 0.22168 0.748047 0.22168 0.74707 0.220703 0.74707 0.219727 0.746094 0.217773 0.746094 0.216797 0.745117
0 0.210938 0.421875 0.209961 0.422852 0.207031 0.422852 0.206055 0.423828 0.205078 0.423828 0.204102 0.424805 0.204102 0.426758 0.203125 0.427734 0.203125 0.432617 0.202148 0.433594 0.202148 0.435547 0.203125 0.436523 0.203125 0.438477 0.208984 0.444336 0.210938 0.444336 0.211914 0.443359 0.21582 0.443359 0.217773 0.441406 0.219727 0.441406 0.220703 0.44043 0.222656 0.44043 0.223633 0.439453 0.223633 0.430664 0.222656 0.429688 0.222656 0.427734 0.216797 0.421875
0 0.0390625 0.97168 0.0380859 0.972656 0.0380859 0.977539 0.0429688 0.977539 0.0429688 0.976562 0.0439453 0.975586 0.0458984 0.975586 0.0458984 0.973633 0.0449219 0.972656 0.0429688 0.972656 0.0419922 0.97168
0 0.303711 0.228516 0.301758 0.230469 0.300781 0.230469 0.299805 0.231445 0.298828 0.231445 0.297852 0.232422 0.296875 0.232422 0.294922 0.234375 0.294922 0.235352 0.293945 0.236328 0.293945 0.237305 0.292969 0.238281 0.292969 0.239258 0.291016 0.241211 0.291016 0.242188 0.291992 0.243164 0.291992 0.249023 0.292969 0.25 0.293945 0.25 0.294922 0.250977 0.296875 0.250977 0.297852 0.251953 0.298828 0.251953 0.299805 0.25293 0.303711 0.25293 0.304688 0.251953 0.307617 0.251953 0.308594 0.250977 0.310547 0.250977 0.311523 0.25 0.3125 0.25 0.313477 0.249023 0.314453 0.249023 0.31543 0.248047 0.31543 0.235352 0.313477 0.233398 0.313477 0.232422 0.311523 0.230469 0.310547 0.230469 0.308594 0.228516
0 0.342773 0.503906 0.341797 0.504883 0.339844 0.504883 0.338867 0.505859 0.337891 0.505859 0.336914 0.506836 0.335938 0.506836 0.333008 0.509766 0.333008 0.510742 0.332031 0.511719 0.332031 0.512695 0.331055 0.513672 0.331055 0.517578 0.332031 0.518555 0.332031 0.519531 0.333008 0.520508 0.333984 0.520508 0.334961 0.521484 0.345703 0.521484 0.34668 0.520508 0.347656 0.520508 0.348633 0.519531 0.349609 0.519531 0.353516 0.515625 0.353516 0.509766 0.352539 0.508789 0.352539 0.507812 0.351562 0.506836 0.351562 0.505859 0.350586 0.505859 0.348633 0.503906
0 0.838867 0.0820312 0.837891 0.0830078 0.835938 0.0830078 0.834961 0.0839844 0.833984 0.0839844 0.833008 0.0849609 0.832031 0.0849609 0.831055 0.0859375 0.829102 0.0859375 0.828125 0.0869141 0.827148 0.0869141 0.826172 0.0878906 0.825195 0.0878906 0.824219 0.0888672 0.823242 0.0888672 0.819336 0.0927734 0.819336 0.0976562 0.820312 0.0986328 0.820312 0.0996094 0.821289 0.100586 0.822266 0.100586 0.823242 0.101562 0.831055 0.101562 0.832031 0.100586 0.834961 0.100586 0.835938 0.0996094 0.838867 0.0996094 0.839844 0.0986328 0.841797 0.0986328 0.842773 0.0976562 0.84375 0.0976562 0.845703 0.0957031 0.84668 0.0957031 0.847656 0.0947266 0.847656 0.09375 0.849609 0.0917969 0.849609 0.0908203 0.850586 0.0898438 0.850586 0.0849609 0.848633 0.0830078 0.84668 0.0830078 0.845703 0.0820312
0 0.34082 0.347656 0.339844 0.348633 0.337891 0.348633 0.336914 0.349609 0.332031 0.349609 0.331055 0.350586 0.328125 0.350586 0.324219 0.354492 0.324219 0.355469 0.323242 0.356445 0.323242 0.364258 0.324219 0.365234 0.324219 0.366211 0.332031 0.374023 0.334961 0.374023 0.335938 0.375 0.336914 0.375 0.337891 0.374023 0.338867 0.374023 0.339844 0.373047 0.34082 0.373047 0.34375 0.370117 0.34375 0.369141 0.345703 0.367188 0.345703 0.362305 0.34668 0.361328 0.34668 0.360352 0.345703 0.359375 0.345703 0.352539 0.344727 0.351562 0.344727 0.350586 0.34375 0.349609 0.34375 0.348633 0.342773 0.347656
0 0.805664 0.520508 0.804688 0.521484 0.799805 0.521484 0.795898 0.525391 0.795898 0.526367 0.793945 0.52832 0.793945 0.529297 0.792969 0.530273 0.792969 0.53418 0.791992 0.535156 0.791992 0.541992 0.792969 0.542969 0.792969 0.544922 0.794922 0.546875 0.794922 0.547852 0.796875 0.549805 0.798828 0.549805 0.799805 0.550781 0.800781 0.550781 0.801758 0.551758 0.803711 0.551758 0.804688 0.550781 0.807617 0.550781 0.808594 0.549805 0.810547 0.549805 0.811523 0.548828 0.811523 0.547852 0.813477 0.545898 0.813477 0.544922 0.814453 0.543945 0.814453 0.541992 0.81543 0.541016 0.81543 0.530273 0.814453 0.529297 0.814453 0.526367 0.810547 0.522461 0.80957 0.522461 0.808594 0.521484 0.806641 0.521484
0 0.84082 0.128906 0.833984 0.135742 0.833984 0.143555 0.834961 0.144531 0.834961 0.147461 0.835938 0.148438 0.835938 0.149414 0.836914 0.150391 0.841797 0.150391 0.842773 0.151367 0.84375 0.151367 0.844727 0.150391 0.84668 0.150391 0.849609 0.147461 0.849609 0.146484 0.850586 0.145508 0.850586 0.143555 0.851562 0.142578 0.851562 0.141602 0.852539 0.140625 0.852539 0.137695 0.853516 0.136719 0.853516 0.135742 0.852539 0.134766 0.852539 0.132812 0.849609 0.129883 0.848633 0.129883 0.847656 0.128906
0 0.761719 0.619141 0.760742 0.620117 0.760742 0.625977 0.761719 0.626953 0.765625 0.626953 0.765625 0.620117 0.764648 0.619141
0 0.350586 0.402344 0.349609 0.40332 0.34668 0.40332 0.338867 0.411133 0.338867 0.413086 0.337891 0.414062 0.337891 0.416016 0.335938 0.417969 0.335938 0.418945 0.334961 0.419922 0.334961 0.422852 0.335938 0.423828 0.335938 0.424805 0.338867 0.424805 0.352539 0.411133 0.352539 0.410156 0.353516 0.40918 0.353516 0.408203 0.354492 0.407227 0.353516 0.40625 0.353516 0.404297 0.352539 0.40332 0.351562 0.40332
0 0.613281 0.611328 0.613281 0.621094 0.618164 0.621094 0.619141 0.620117 0.619141 0.616211 0.618164 0.616211 0.616211 0.614258 0.616211 0.612305 0.615234 0.611328
0 0.171875 0.785156 0.170898 0.786133 0.168945 0.786133 0.167969 0.787109 0.166992 0.787109 0.165039 0.789062 0.165039 0.790039 0.164062 0.791016 0.164062 0.792969 0.163086 0.793945 0.163086 0.800781 0.164062 0.801758 0.164062 0.802734 0.165039 0.803711 0.166016 0.803711 0.166992 0.804688 0.169922 0.804688 0.170898 0.805664 0.178711 0.805664 0.179688 0.804688 0.182617 0.804688 0.183594 0.803711 0.185547 0.803711 0.188477 0.800781 0.189453 0.800781 0.189453 0.793945 0.188477 0.792969 0.188477 0.791992 0.1875 0.791016 0.1875 0.790039 0.18457 0.787109 0.182617 0.787109 0.181641 0.786133 0.176758 0.786133 0.175781 0.785156
0 0.813477 0.609375 0.813477 0.613281 0.814453 0.614258 0.814453 0.617188 0.813477 0.618164 0.813477 0.620117 0.8125 0.621094 0.8125 0.62207 0.811523 0.623047 0.811523 0.624023 0.810547 0.625 0.810547 0.626953 0.80957 0.62793 0.80957 0.634766 0.811523 0.636719 0.816406 0.636719 0.817383 0.635742 0.818359 0.635742 0.820312 0.633789 0.820312 0.632812 0.821289 0.631836 0.821289 0.630859 0.822266 0.629883 0.822266 0.628906 0.824219 0.626953 0.824219 0.625 0.825195 0.624023 0.825195 0.619141 0.824219 0.618164 0.824219 0.616211 0.823242 0.615234 0.823242 0.614258 0.822266 0.613281 0.822266 0.612305 0.821289 0.611328 0.821289 0.610352 0.820312 0.609375
0 0.713867 0.439453 0.712891 0.44043 0.711914 0.44043 0.710938 0.441406 0.709961 0.441406 0.705078 0.446289 0.705078 0.449219 0.704102 0.450195 0.704102 0.452148 0.705078 0.453125 0.705078 0.455078 0.706055 0.456055 0.706055 0.457031 0.707031 0.458008 0.707031 0.458984 0.709961 0.461914 0.710938 0.461914 0.711914 0.462891 0.714844 0.462891 0.71582 0.463867 0.717773 0.463867 0.71875 0.462891 0.720703 0.462891 0.72168 0.461914 0.722656 0.461914 0.724609 0.459961 0.724609 0.458984 0.725586 0.458008 0.725586 0.449219 0.724609 0.448242 0.724609 0.446289 0.723633 0.445312 0.723633 0.444336 0.720703 0.441406 0.719727 0.441406 0.71875 0.44043 0.71582 0.44043 0.714844 0.439453
0 0.046875 0.980469 0.0458984 0.981445 0.0458984 0.983398 0.0488281 0.983398 0.0498047 0.984375 0.0498047 0.985352 0.0537109 0.985352 0.0537109 0.981445 0.0527344 0.981445 0.0517578 0.980469
0 0.602539 0.397461 0.601562 0.398438 0.600586 0.398438 0.600586 0.399414 0.599609 0.400391 0.599609 0.405273 0.604492 0.405273 0.607422 0.402344 0.607422 0.398438 0.606445 0.397461
0 0.727539 0.314453 0.725586 0.316406 0.724609 0.316406 0.722656 0.318359 0.722656 0.319336 0.720703 0.321289 0.720703 0.324219 0.719727 0.325195 0.719727 0.331055 0.720703 0.332031 0.720703 0.334961 0.72168 0.335938 0.72168 0.337891 0.724609 0.34082 0.726562 0.34082 0.727539 0.341797 0.730469 0.341797 0.731445 0.34082 0.734375 0.34082 0.735352 0.339844 0.736328 0.339844 0.741211 0.334961 0.741211 0.333008 0.742188 0.332031 0.742188 0.325195 0.741211 0.324219 0.741211 0.321289 0.739258 0.319336 0.739258 0.318359 0.738281 0.317383 0.737305 0.317383 0.736328 0.316406 0.735352 0.316406 0.734375 0.31543 0.729492 0.31543 0.728516 0.314453
0 0.741211 0.551758 0.739258 0.553711 0.738281 0.553711 0.733398 0.558594 0.733398 0.560547 0.732422 0.561523 0.732422 0.5625 0.731445 0.563477 0.731445 0.566406 0.730469 0.567383 0.730469 0.569336 0.731445 0.570312 0.731445 0.572266 0.732422 0.573242 0.732422 0.574219 0.733398 0.575195 0.733398 0.576172 0.737305 0.580078 0.740234 0.577148 0.741211 0.577148 0.744141 0.574219 0.744141 0.572266 0.749023 0.567383 0.749023 0.563477 0.748047 0.5625 0.748047 0.557617 0.74707 0.556641 0.74707 0.552734 0.746094 0.551758
0 0.604492 0.616211 0.603516 0.617188 0.600586 0.617188 0.597656 0.620117 0.597656 0.621094 0.59668 0.62207 0.59668 0.624023 0.597656 0.625 0.597656 0.625977 0.598633 0.626953 0.599609 0.626953 0.600586 0.62793 0.602539 0.62793 0.603516 0.628906 0.606445 0.628906 0.607422 0.62793 0.608398 0.62793 0.609375 0.626953 0.610352 0.626953 0.611328 0.625977 0.611328 0.625 0.612305 0.624023 0.612305 0.623047 0.613281 0.62207 0.612305 0.621094 0.612305 0.619141 0.611328 0.618164 0.611328 0.617188 0.606445 0.617188 0.605469 0.616211
0 0.399414 0.313477 0.398438 0.314453 0.396484 0.314453 0.395508 0.31543 0.393555 0.31543 0.391602 0.317383 0.390625 0.317383 0.384766 0.323242 0.384766 0.331055 0.385742 0.332031 0.385742 0.333008 0.387695 0.334961 0.388672 0.334961 0.389648 0.335938 0.397461 0.335938 0.398438 0.334961 0.399414 0.334961 0.400391 0.333984 0.401367 0.333984 0.402344 0.333008 0.40332 0.333008 0.405273 0.331055 0.40625 0.331055 0.40918 0.328125 0.40918 0.324219 0.410156 0.323242 0.410156 0.321289 0.40918 0.320312 0.40918 0.316406 0.407227 0.314453 0.401367 0.314453 0.400391 0.313477
0 0.594727 0.345703 0.59375 0.34668 0.591797 0.34668 0.59082 0.347656 0.584961 0.347656 0.583984 0.348633 0.583984 0.349609 0.583008 0.350586 0.583008 0.351562 0.582031 0.352539 0.582031 0.358398 0.583008 0.359375 0.583008 0.360352 0.583984 0.361328 0.584961 0.361328 0.586914 0.363281 0.587891 0.363281 0.588867 0.364258 0.59082 0.364258 0.591797 0.365234 0.59375 0.365234 0.594727 0.366211 0.600586 0.366211 0.601562 0.365234 0.602539 0.365234 0.607422 0.360352 0.607422 0.359375 0.608398 0.358398 0.608398 0.357422 0.609375 0.356445 0.608398 0.355469 0.608398 0.352539 0.607422 0.351562 0.607422 0.350586 0.605469 0.348633 0.604492 0.348633 0.603516 0.347656 0.601562 0.347656 0.600586 0.34668 0.599609 0.34668 0.598633 0.345703
0 0.802734 0.567383 0.802734 0.572266 0.803711 0.573242 0.803711 0.574219 0.806641 0.577148 0.806641 0.579102 0.808594 0.581055 0.80957 0.581055 0.810547 0.582031 0.810547 0.583008 0.811523 0.583984 0.8125 0.583984 0.814453 0.585938 0.827148 0.585938 0.827148 0.584961 0.826172 0.583984 0.826172 0.582031 0.824219 0.580078 0.824219 0.579102 0.823242 0.579102 0.818359 0.574219 0.817383 0.574219 0.816406 0.573242 0.814453 0.573242 0.813477 0.572266 0.813477 0.571289 0.811523 0.571289 0.80957 0.569336 0.808594 0.569336 0.807617 0.568359 0.806641 0.568359 0.805664 0.567383
0 0.120117 0.717773 0.119141 0.71875 0.117188 0.71875 0.113281 0.722656 0.112305 0.722656 0.111328 0.723633 0.111328 0.724609 0.110352 0.725586 0.110352 0.729492 0.111328 0.730469 0.111328 0.731445 0.112305 0.731445 0.113281 0.732422 0.114258 0.732422 0.115234 0.733398 0.119141 0.733398 0.121094 0.731445 0.130859 0.731445 0.130859 0.730469 0.131836 0.729492 0.131836 0.726562 0.132812 0.725586 0.132812 0.71875 0.131836 0.71875 0.130859 0.717773 0.124023 0.717773 0.123047 0.71875 0.121094 0.71875
0 0.655273 0.24707 0.654297 0.248047 0.648438 0.248047 0.643555 0.25293 0.643555 0.253906 0.642578 0.254883 0.642578 0.257812 0.641602 0.258789 0.641602 0.261719 0.644531 0.264648 0.644531 0.265625 0.646484 0.267578 0.652344 0.267578 0.65332 0.268555 0.65625 0.268555 0.657227 0.267578 0.658203 0.267578 0.65918 0.266602 0.660156 0.266602 0.661133 0.265625 0.662109 0.265625 0.663086 0.264648 0.665039 0.264648 0.666016 0.263672 0.666992 0.263672 0.667969 0.262695 0.667969 0.255859 0.666992 0.254883 0.666992 0.253906 0.664062 0.250977 0.664062 0.25 0.663086 0.249023 0.662109 0.249023 0.660156 0.24707
0 0.253906 0.249023 0.25293 0.25 0.251953 0.25 0.249023 0.25293 0.249023 0.253906 0.248047 0.254883 0.248047 0.255859 0.24707 0.256836 0.24707 0.258789 0.246094 0.259766 0.246094 0.261719 0.245117 0.262695 0.245117 0.264648 0.244141 0.265625 0.244141 0.275391 0.245117 0.276367 0.246094 0.276367 0.24707 0.277344 0.249023 0.277344 0.25 0.276367 0.250977 0.276367 0.251953 0.275391 0.25293 0.275391 0.255859 0.272461 0.255859 0.270508 0.256836 0.269531 0.256836 0.268555 0.259766 0.265625 0.259766 0.264648 0.262695 0.261719 0.262695 0.257812 0.261719 0.256836 0.261719 0.254883 0.258789 0.251953 0.258789 0.250977 0.257812 0.25 0.255859 0.25 0.254883 0.249023
0 0.580078 0.286133 0.579102 0.287109 0.579102 0.290039 0.580078 0.291016 0.582031 0.291016 0.583008 0.290039 0.583008 0.286133
0 0.576172 0.414062 0.576172 0.415039 0.575195 0.416016 0.575195 0.420898 0.576172 0.421875 0.577148 0.421875 0.579102 0.423828 0.581055 0.423828 0.581055 0.416992 0.580078 0.416016 0.580078 0.414062
0 0.597656 0.726562 0.59375 0.730469 0.59375 0.731445 0.592773 0.732422 0.592773 0.736328 0.59375 0.736328 0.59668 0.739258 0.597656 0.739258 0.598633 0.740234 0.599609 0.740234 0.600586 0.741211 0.602539 0.741211 0.603516 0.742188 0.613281 0.742188 0.616211 0.739258 0.616211 0.735352 0.615234 0.734375 0.615234 0.732422 0.614258 0.731445 0.613281 0.731445 0.612305 0.730469 0.611328 0.730469 0.610352 0.729492 0.608398 0.729492 0.607422 0.728516 0.606445 0.728516 0.605469 0.727539 0.604492 0.727539 0.603516 0.726562
0 0.588867 0.408203 0.585938 0.411133 0.585938 0.414062 0.586914 0.415039 0.586914 0.416016 0.587891 0.416992 0.587891 0.417969 0.588867 0.418945 0.587891 0.419922 0.587891 0.422852 0.588867 0.423828 0.588867 0.425781 0.59082 0.425781 0.591797 0.426758 0.592773 0.426758 0.59375 0.427734 0.594727 0.427734 0.59668 0.429688 0.598633 0.429688 0.599609 0.428711 0.600586 0.428711 0.601562 0.427734 0.603516 0.427734 0.607422 0.423828 0.607422 0.419922 0.606445 0.418945 0.606445 0.414062 0.601562 0.40918 0.600586 0.40918 0.599609 0.408203
0 0.592773 0.28125 0.59082 0.283203 0.589844 0.283203 0.589844 0.28418 0.587891 0.286133 0.587891 0.287109 0.586914 0.288086 0.586914 0.290039 0.59082 0.290039 0.591797 0.289062 0.591797 0.287109 0.592773 0.286133 0.594727 0.286133 0.595703 0.285156 0.595703 0.28418 0.59668 0.283203 0.597656 0.283203 0.597656 0.28125
0 0.401367 0.170898 0.400391 0.171875 0.400391 0.173828 0.40332 0.176758 0.405273 0.176758 0.40625 0.175781 0.407227 0.175781 0.408203 0.174805 0.408203 0.173828 0.407227 0.172852 0.40625 0.172852 0.404297 0.170898
0 0.708984 0.265625 0.707031 0.267578 0.707031 0.268555 0.706055 0.269531 0.706055 0.272461 0.708008 0.274414 0.710938 0.274414 0.711914 0.273438 0.712891 0.273438 0.713867 0.272461 0.713867 0.266602 0.712891 0.265625
0 0.766602 0.581055 0.765625 0.582031 0.764648 0.582031 0.760742 0.585938 0.760742 0.59082 0.761719 0.591797 0.761719 0.59375 0.762695 0.594727 0.762695 0.59668 0.761719 0.597656 0.757812 0.597656 0.756836 0.598633 0.756836 0.600586 0.755859 0.601562 0.755859 0.607422 0.756836 0.608398 0.757812 0.608398 0.760742 0.611328 0.762695 0.611328 0.763672 0.612305 0.773438 0.612305 0.774414 0.611328 0.775391 0.611328 0.780273 0.606445 0.780273 0.604492 0.78125 0.603516 0.78125 0.601562 0.782227 0.600586 0.782227 0.59082 0.78125 0.589844 0.78125 0.588867 0.77832 0.585938 0.777344 0.585938 0.775391 0.583984 0.774414 0.583984 0.772461 0.582031 0.771484 0.582031 0.770508 0.581055
0 0.0488281 0.973633 0.0478516 0.974609 0.0478516 0.976562 0.0488281 0.977539 0.0488281 0.978516 0.0498047 0.979492 0.0517578 0.979492 0.0527344 0.980469 0.0556641 0.980469 0.0556641 0.976562 0.0527344 0.973633
0 0.241211 0.34668 0.240234 0.347656 0.238281 0.347656 0.237305 0.348633 0.236328 0.348633 0.234375 0.350586 0.233398 0.350586 0.232422 0.351562 0.232422 0.365234 0.233398 0.366211 0.233398 0.367188 0.234375 0.368164 0.235352 0.368164 0.236328 0.369141 0.242188 0.369141 0.243164 0.370117 0.245117 0.370117 0.246094 0.369141 0.248047 0.369141 0.249023 0.368164 0.249023 0.367188 0.250977 0.365234 0.250977 0.363281 0.251953 0.362305 0.251953 0.359375 0.25293 0.358398 0.25293 0.355469 0.249023 0.351562 0.249023 0.350586 0.248047 0.349609 0.248047 0.348633 0.24707 0.347656 0.246094 0.347656 0.245117 0.34668
0 0.761719 0.527344 0.758789 0.530273 0.757812 0.530273 0.756836 0.53125 0.756836 0.533203 0.758789 0.533203 0.759766 0.53418 0.763672 0.53418 0.765625 0.532227 0.765625 0.530273 0.764648 0.529297 0.764648 0.527344
0 0.705078 0.00878906 0.698242 0.015625 0.698242 0.0214844 0.704102 0.0273438 0.706055 0.0273438 0.707031 0.0283203 0.709961 0.0283203 0.710938 0.0292969 0.713867 0.0292969 0.714844 0.0283203 0.716797 0.0283203 0.717773 0.0273438 0.71875 0.0273438 0.720703 0.0253906 0.72168 0.0253906 0.722656 0.0244141 0.722656 0.0205078 0.723633 0.0195312 0.723633 0.0175781 0.722656 0.0166016 0.722656 0.0146484 0.71875 0.0107422 0.717773 0.0107422 0.716797 0.00976562 0.71582 0.00976562 0.714844 0.00878906
0 0.582031 0.275391 0.581055 0.276367 0.578125 0.276367 0.577148 0.277344 0.574219 0.277344 0.573242 0.27832 0.571289 0.27832 0.570312 0.279297 0.569336 0.279297 0.568359 0.280273 0.568359 0.283203 0.570312 0.283203 0.571289 0.28418 0.582031 0.28418 0.583008 0.283203 0.584961 0.283203 0.585938 0.282227 0.586914 0.282227 0.587891 0.28125 0.591797 0.28125 0.592773 0.280273 0.59668 0.280273 0.597656 0.279297 0.597656 0.277344 0.59668 0.276367 0.595703 0.276367 0.594727 0.275391
0 0.805664 0.610352 0.805664 0.611328 0.802734 0.614258 0.802734 0.615234 0.801758 0.616211 0.801758 0.619141 0.802734 0.620117 0.802734 0.621094 0.804688 0.623047 0.806641 0.623047 0.807617 0.62207 0.80957 0.62207 0.8125 0.619141 0.8125 0.618164 0.813477 0.617188 0.813477 0.614258 0.8125 0.613281 0.8125 0.612305 0.811523 0.612305 0.810547 0.611328 0.810547 0.610352
