0 0.636719 0.539062 0.632812 0.542969 0.632812 0.5625 0.636719 0.566406 0.640625 0.566406 0.644531 0.570312 0.65625 0.570312 0.660156 0.566406 0.660156 0.546875 0.652344 0.539062
0 0.921875 0.839844 0.914062 0.847656 0.914062 0.851562 0.910156 0.855469 0.910156 0.867188 0.914062 0.871094 0.921875 0.871094 0.929688 0.863281 0.929688 0.855469 0.933594 0.851562 0.933594 0.847656 0.929688 0.84375 0.929688 0.839844
0 0.199219 0.300781 0.195312 0.304688 0.195312 0.316406 0.199219 0.320312 0.207031 0.320312 0.214844 0.3125 0.21875 0.3125 0.210938 0.3125 0.203125 0.304688 0.203125 0.300781
0 0.855469 0.503906 0.851562 0.507812 0.851562 0.519531 0.855469 0.523438 0.863281 0.523438 0.867188 0.519531 0.871094 0.519531 0.871094 0.511719 0.863281 0.503906
0 0.988281 0.5625 0.984375 0.566406 0.980469 0.566406 0.976562 0.570312 0.976562 0.582031 0.980469 0.585938 0.980469 0.589844 0.984375 0.59375 0.988281 0.59375 0.992188 0.597656 0.996094 0.597656 0.996094 0.566406 0.992188 0.566406
0 0.703125 0.871094 0.699219 0.875 0.699219 0.882812 0.703125 0.886719 0.710938 0.886719 0.714844 0.882812 0.714844 0.875 0.710938 0.871094
0 0.265625 0.839844 0.261719 0.84375 0.257812 0.84375 0.253906 0.847656 0.25 0.847656 0.242188 0.855469 0.242188 0.875 0.246094 0.878906 0.25 0.878906 0.253906 0.882812 0.257812 0.878906 0.261719 0.878906 0.269531 0.871094 0.269531 0.867188 0.273438 0.863281 0.273438 0.859375 0.277344 0.855469 0.277344 0.84375 0.273438 0.839844
0 0.570312 0.289062 0.566406 0.292969 0.566406 0.316406 0.570312 0.320312 0.570312 0.324219 0.574219 0.328125 0.574219 0.332031 0.585938 0.332031 0.585938 0.328125 0.59375 0.320312 0.59375 0.308594 0.582031 0.296875 0.582031 0.292969 0.578125 0.292969 0.574219 0.289062
0 0.605469 0.589844 0.601562 0.59375 0.601562 0.605469 0.609375 0.613281 0.613281 0.613281 0.621094 0.621094 0.632812 0.621094 0.640625 0.613281 0.640625 0.601562 0.632812 0.59375 0.628906 0.59375 0.625 0.589844
0 0.210938 0.277344 0.207031 0.28125 0.207031 0.304688 0.210938 0.308594 0.226562 0.308594 0.230469 0.304688 0.230469 0.28125 0.226562 0.277344
0 0.824219 0.707031 0.824219 0.726562 0.832031 0.734375 0.84375 0.734375 0.847656 0.730469 0.847656 0.714844 0.839844 0.707031
0 0.707031 0.726562 0.703125 0.730469 0.703125 0.757812 0.714844 0.769531 0.730469 0.769531 0.738281 0.761719 0.738281 0.746094 0.730469 0.746094 0.722656 0.738281 0.722656 0.734375 0.714844 0.726562
0 0.261719 0.234375 0.253906 0.242188 0.253906 0.257812 0.25 0.261719 0.238281 0.261719 0.234375 0.265625 0.234375 0.296875 0.238281 0.300781 0.257812 0.300781 0.261719 0.296875 0.253906 0.289062 0.253906 0.277344 0.261719 0.269531 0.269531 0.269531 0.277344 0.277344 0.277344 0.285156 0.277344 0.277344 0.273438 0.273438 0.285156 0.261719 0.285156 0.253906 0.28125 0.25 0.28125 0.238281 0.277344 0.234375
0 0.625 0.695312 0.621094 0.699219 0.621094 0.703125 0.613281 0.710938 0.613281 0.726562 0.617188 0.726562 0.621094 0.730469 0.625 0.730469 0.625 0.726562 0.640625 0.710938 0.640625 0.699219 0.636719 0.695312
0 0.835938 0.542969 0.832031 0.546875 0.832031 0.554688 0.835938 0.558594 0.84375 0.558594 0.847656 0.554688 0.847656 0.546875 0.84375 0.542969
0 0.421875 0.710938 0.417969 0.714844 0.417969 0.722656 0.421875 0.726562 0.429688 0.726562 0.433594 0.722656 0.433594 0.714844 0.429688 0.710938
0 0.453125 0.695312 0.457031 0.699219 0.457031 0.707031 0.453125 0.710938 0.453125 0.714844 0.460938 0.714844 0.46875 0.707031 0.46875 0.699219 0.464844 0.695312
0 0.890625 0.753906 0.882812 0.761719 0.882812 0.777344 0.886719 0.78125 0.902344 0.78125 0.910156 0.773438 0.910156 0.761719 0.902344 0.753906
0 0.214844 0.753906 0.210938 0.757812 0.203125 0.757812 0.199219 0.761719 0.195312 0.761719 0.191406 0.765625 0.1875 0.765625 0.183594 0.769531 0.183594 0.785156 0.1875 0.785156 0.191406 0.789062 0.210938 0.789062 0.214844 0.785156 0.21875 0.785156 0.222656 0.78125 0.222656 0.761719
0 0.578125 0.460938 0.574219 0.464844 0.574219 0.472656 0.570312 0.476562 0.570312 0.484375 0.574219 0.484375 0.578125 0.488281 0.582031 0.488281 0.585938 0.492188 0.59375 0.484375 0.59375 0.472656 0.589844 0.46875 0.589844 0.460938
0 0.625 0.128906 0.617188 0.136719 0.617188 0.164062 0.621094 0.167969 0.621094 0.171875 0.625 0.175781 0.628906 0.175781 0.632812 0.179688 0.640625 0.179688 0.644531 0.175781 0.644531 0.148438 0.640625 0.144531 0.640625 0.140625 0.628906 0.128906
0 0.40625 0 0.40625 0.0078125 0.410156 0.0117188 0.417969 0.0117188 0.421875 0.0078125 0.425781 0.0078125 0.429688 0.00390625 0.429688 0
0 0.9375 0.894531 0.933594 0.898438 0.929688 0.898438 0.925781 0.902344 0.925781 0.90625 0.921875 0.910156 0.921875 0.914062 0.925781 0.917969 0.925781 0.921875 0.957031 0.921875 0.957031 0.917969 0.960938 0.914062 0.960938 0.90625 0.957031 0.902344 0.957031 0.898438 0.953125 0.894531
0 0.414062 0.394531 0.410156 0.398438 0.410156 0.414062 0.417969 0.421875 0.433594 0.421875 0.4375 0.417969 0.4375 0.414062 0.429688 0.40625 0.429688 0.394531
0 0.1875 0.832031 0.183594 0.835938 0.183594 0.84375 0.179688 0.847656 0.179688 0.863281 0.183594 0.863281 0.1875 0.867188 0.195312 0.867188 0.199219 0.871094 0.210938 0.871094 0.210938 0.839844 0.203125 0.832031
0 0.527344 0.160156 0.519531 0.167969 0.515625 0.167969 0.511719 0.171875 0.511719 0.195312 0.523438 0.195312 0.53125 0.1875 0.535156 0.1875 0.535156 0.183594 0.542969 0.175781 0.542969 0.167969 0.539062 0.164062 0.539062 0.160156
0 0.113281 0.488281 0.105469 0.496094 0.105469 0.5 0.101562 0.503906 0.101562 0.511719 0.0976562 0.515625 0.0976562 0.535156 0.105469 0.535156 0.113281 0.527344 0.113281 0.523438 0.117188 0.519531 0.117188 0.515625 0.121094 0.511719 0.121094 0.496094
0 0.1875 0.472656 0.183594 0.476562 0.183594 0.503906 0.1875 0.507812 0.1875 0.511719 0.191406 0.515625 0.195312 0.515625 0.199219 0.519531 0.203125 0.519531 0.207031 0.515625 0.210938 0.515625 0.210938 0.488281 0.199219 0.476562 0.195312 0.476562 0.191406 0.472656
0 0.339844 0.664062 0.335938 0.667969 0.335938 0.675781 0.34375 0.683594 0.367188 0.683594 0.371094 0.6875 0.375 0.6875 0.382812 0.679688 0.382812 0.671875 0.378906 0.667969 0.375 0.667969 0.371094 0.664062
0 0.964844 0.738281 0.960938 0.742188 0.960938 0.746094 0.957031 0.75 0.957031 0.753906 0.953125 0.757812 0.953125 0.765625 0.957031 0.769531 0.957031 0.773438 0.960938 0.773438 0.96875 0.78125 0.96875 0.773438 0.972656 0.769531 0.976562 0.769531 0.976562 0.761719 0.980469 0.757812 0.980469 0.746094 0.976562 0.742188 0.976562 0.738281
0 0.0585938 0.582031 0.0546875 0.585938 0.0507812 0.585938 0.0390625 0.597656 0.0390625 0.613281 0.0429688 0.617188 0.0429688 0.621094 0.0625 0.621094 0.0742188 0.609375 0.0742188 0.585938 0.0703125 0.585938 0.0664062 0.582031
0 0.804688 0.523438 0.800781 0.527344 0.800781 0.535156 0.804688 0.539062 0.8125 0.539062 0.816406 0.535156 0.816406 0.527344 0.8125 0.523438
0 0.347656 0.460938 0.34375 0.464844 0.34375 0.480469 0.347656 0.484375 0.359375 0.484375 0.363281 0.480469 0.363281 0.472656 0.359375 0.46875 0.359375 0.464844 0.355469 0.460938
0 0.667969 0.835938 0.664062 0.839844 0.664062 0.855469 0.675781 0.867188 0.679688 0.863281 0.691406 0.863281 0.691406 0.847656 0.679688 0.835938
0 0.0507812 0.0742188 0.0429688 0.0820312 0.0429688 0.121094 0.0507812 0.128906 0.0546875 0.128906 0.0625 0.136719 0.0742188 0.136719 0.078125 0.132812 0.078125 0.117188 0.0859375 0.109375 0.0898438 0.109375 0.0898438 0.0898438 0.0859375 0.0859375 0.0859375 0.0820312 0.0820312 0.0820312 0.078125 0.078125 0.0742188 0.078125 0.0703125 0.0742188
0 0.609375 0.554688 0.605469 0.558594 0.605469 0.574219 0.613281 0.582031 0.636719 0.582031 0.640625 0.578125 0.640625 0.570312 0.636719 0.570312 0.621094 0.554688
0 0.261719 0.273438 0.257812 0.277344 0.257812 0.289062 0.261719 0.292969 0.269531 0.292969 0.273438 0.289062 0.273438 0.277344 0.269531 0.273438
0 0.460938 0.0546875 0.457031 0.0585938 0.457031 0.0664062 0.464844 0.0742188 0.472656 0.0742188 0.476562 0.0703125 0.476562 0.0625 0.46875 0.0546875
0 0.472656 0.371094 0.46875 0.375 0.46875 0.382812 0.472656 0.386719 0.480469 0.386719 0.484375 0.382812 0.484375 0.375 0.480469 0.371094
0 0.761719 0.910156 0.757812 0.914062 0.757812 0.925781 0.765625 0.933594 0.769531 0.933594 0.773438 0.9375 0.785156 0.9375 0.789062 0.933594 0.789062 0.921875 0.777344 0.910156
0 0.214844 0.316406 0.203125 0.328125 0.203125 0.34375 0.207031 0.347656 0.226562 0.347656 0.230469 0.34375 0.230469 0.320312 0.226562 0.316406
0 0.988281 0.820312 0.988281 0.828125 0.984375 0.832031 0.976562 0.832031 0.972656 0.835938 0.96875 0.835938 0.96875 0.839844 0.964844 0.84375 0.964844 0.859375 0.972656 0.867188 0.972656 0.871094 0.984375 0.871094 0.992188 0.863281 0.992188 0.859375 0.996094 0.855469 0.996094 0.820312
0 0.722656 0.707031 0.71875 0.710938 0.71875 0.726562 0.726562 0.734375 0.726562 0.738281 0.730469 0.742188 0.75 0.742188 0.753906 0.738281 0.757812 0.738281 0.761719 0.734375 0.761719 0.726562 0.757812 0.722656 0.757812 0.710938 0.753906 0.707031
0 0.445312 0.0664062 0.441406 0.0703125 0.441406 0.078125 0.445312 0.0820312 0.457031 0.0820312 0.460938 0.078125 0.460938 0.0742188 0.453125 0.0664062
0 0.910156 0.585938 0.902344 0.59375 0.902344 0.601562 0.90625 0.605469 0.90625 0.617188 0.910156 0.621094 0.914062 0.621094 0.917969 0.625 0.941406 0.625 0.941406 0.597656 0.933594 0.589844 0.929688 0.589844 0.925781 0.585938
0 0.355469 0.269531 0.351562 0.273438 0.34375 0.273438 0.335938 0.28125 0.335938 0.304688 0.339844 0.308594 0.34375 0.308594 0.347656 0.3125 0.363281 0.3125 0.375 0.300781 0.375 0.277344 0.371094 0.273438 0.367188 0.273438 0.363281 0.269531
0 0.789062 0.605469 0.785156 0.609375 0.78125 0.609375 0.777344 0.613281 0.777344 0.628906 0.792969 0.628906 0.796875 0.625 0.800781 0.625 0.800781 0.621094 0.804688 0.617188 0.800781 0.613281 0.800781 0.609375 0.796875 0.609375 0.792969 0.605469
0 0.203125 0.359375 0.199219 0.363281 0.199219 0.382812 0.21875 0.382812 0.21875 0.367188 0.210938 0.359375
0 0.253906 0.359375 0.25 0.363281 0.246094 0.363281 0.246094 0.367188 0.242188 0.371094 0.242188 0.398438 0.246094 0.398438 0.25 0.402344 0.253906 0.398438 0.265625 0.398438 0.269531 0.394531 0.269531 0.367188 0.261719 0.359375
0 0.476562 0.679688 0.472656 0.683594 0.472656 0.695312 0.476562 0.699219 0.484375 0.699219 0.488281 0.695312 0.488281 0.683594 0.484375 0.679688
0 0.59375 0.667969 0.589844 0.671875 0.582031 0.671875 0.578125 0.675781 0.574219 0.675781 0.566406 0.683594 0.566406 0.6875 0.5625 0.691406 0.5625 0.699219 0.570312 0.707031 0.59375 0.707031 0.601562 0.699219 0.601562 0.671875 0.597656 0.671875
0 0.214844 0.394531 0.207031 0.402344 0.207031 0.421875 0.210938 0.425781 0.222656 0.425781 0.222656 0.398438 0.21875 0.398438
0 0.773438 0.480469 0.765625 0.488281 0.765625 0.5 0.769531 0.503906 0.769531 0.511719 0.777344 0.519531 0.777344 0.523438 0.78125 0.527344 0.785156 0.527344 0.789062 0.53125 0.792969 0.53125 0.804688 0.519531 0.804688 0.5 0.800781 0.496094 0.800781 0.492188 0.796875 0.488281 0.796875 0.484375 0.792969 0.480469
0 0.191406 0.558594 0.1875 0.5625 0.183594 0.5625 0.175781 0.570312 0.175781 0.59375 0.191406 0.609375 0.203125 0.609375 0.210938 0.601562 0.210938 0.585938 0.207031 0.582031 0.207031 0.574219
0 0.296875 0.910156 0.292969 0.914062 0.292969 0.917969 0.289062 0.921875 0.289062 0.945312 0.296875 0.953125 0.296875 0.957031 0.308594 0.957031 0.3125 0.953125 0.316406 0.953125 0.320312 0.949219 0.320312 0.945312 0.324219 0.941406 0.324219 0.921875 0.320312 0.917969 0.320312 0.914062 0.316406 0.910156
0 0.386719 0.648438 0.382812 0.652344 0.382812 0.667969 0.386719 0.671875 0.394531 0.671875 0.398438 0.675781 0.390625 0.683594 0.390625 0.707031 0.394531 0.710938 0.402344 0.710938 0.40625 0.707031 0.40625 0.695312 0.410156 0.691406 0.410156 0.679688 0.40625 0.675781 0.398438 0.675781 0.394531 0.671875 0.398438 0.667969 0.398438 0.652344 0.394531 0.648438
0 0.734375 0.628906 0.730469 0.632812 0.714844 0.632812 0.714844 0.636719 0.710938 0.640625 0.710938 0.660156 0.714844 0.660156 0.71875 0.664062 0.722656 0.664062 0.726562 0.667969 0.738281 0.667969 0.742188 0.664062 0.746094 0.664062 0.75 0.660156 0.75 0.636719 0.746094 0.636719 0.738281 0.628906
0 0.417969 0.683594 0.414062 0.6875 0.414062 0.695312 0.417969 0.699219 0.417969 0.703125 0.421875 0.707031 0.4375 0.707031 0.441406 0.710938 0.449219 0.710938 0.453125 0.707031 0.453125 0.699219 0.449219 0.695312 0.4375 0.695312 0.433594 0.691406 0.433594 0.6875 0.429688 0.683594
0 0.390625 0.3125 0.386719 0.316406 0.382812 0.316406 0.382812 0.328125 0.386719 0.332031 0.394531 0.332031 0.398438 0.328125 0.398438 0.316406 0.394531 0.3125
0 0.335938 0.191406 0.332031 0.195312 0.332031 0.207031 0.335938 0.210938 0.335938 0.222656 0.34375 0.230469 0.363281 0.230469 0.363281 0.21875 0.359375 0.214844 0.359375 0.210938 0.355469 0.207031 0.355469 0.203125 0.34375 0.191406
0 0.949219 0.789062 0.945312 0.792969 0.945312 0.808594 0.941406 0.8125 0.945312 0.808594 0.953125 0.808594 0.957031 0.8125 0.957031 0.816406 0.960938 0.820312 0.96875 0.820312 0.972656 0.816406 0.972656 0.796875 0.964844 0.789062
0 0.414062 0.4375 0.410156 0.441406 0.40625 0.441406 0.402344 0.445312 0.402344 0.460938 0.40625 0.464844 0.425781 0.464844 0.429688 0.460938 0.441406 0.460938 0.445312 0.457031 0.445312 0.445312 0.4375 0.4375
0 0.859375 0.824219 0.855469 0.828125 0.851562 0.828125 0.851562 0.839844 0.859375 0.847656 0.863281 0.847656 0.871094 0.839844 0.871094 0.832031 0.867188 0.828125 0.863281 0.828125
0 0.4375 0.378906 0.433594 0.382812 0.433594 0.40625 0.4375 0.410156 0.449219 0.410156 0.453125 0.40625 0.453125 0.398438 0.457031 0.394531 0.457031 0.382812 0.453125 0.378906
0 0.824219 0.625 0.820312 0.628906 0.820312 0.636719 0.824219 0.640625 0.832031 0.640625 0.835938 0.636719 0.835938 0.628906 0.832031 0.625
