0 0.707031 0 0.710938 0.00390625 0.710938 0.0117188 0.71875 0.0195312 0.71875 0.0234375 0.722656 0.0273438 0.722656 0.03125 0.730469 0.0390625 0.738281 0.0390625 0.742188 0.0429688 0.746094 0.0429688 0.75 0.046875 0.753906 0.0429688 0.757812 0.0429688 0.761719 0.0390625 0.765625 0.0390625 0.769531 0.0351562 0.773438 0.0351562 0.777344 0.03125 0.78125 0.03125 0.78125 0.0273438 0.785156 0.0234375 0.785156 0.0195312 0.789062 0.015625 0.789062 0.0078125 0.785156 0.00390625 0.785156 0
0 0.484375 0.914062 0.480469 0.917969 0.472656 0.917969 0.46875 0.921875 0.464844 0.921875 0.460938 0.925781 0.457031 0.925781 0.453125 0.929688 0.453125 0.96875 0.457031 0.972656 0.460938 0.972656 0.46875 0.980469 0.492188 0.980469 0.496094 0.976562 0.5 0.976562 0.503906 0.972656 0.511719 0.972656 0.511719 0.953125 0.515625 0.949219 0.515625 0.945312 0.519531 0.941406 0.519531 0.921875 0.511719 0.914062
0 0.191406 0.882812 0.1875 0.886719 0.179688 0.886719 0.171875 0.894531 0.171875 0.914062 0.167969 0.917969 0.167969 0.9375 0.164062 0.941406 0.164062 0.953125 0.167969 0.957031 0.179688 0.957031 0.183594 0.953125 0.1875 0.953125 0.199219 0.941406 0.199219 0.925781 0.203125 0.921875 0.203125 0.910156 0.207031 0.90625 0.207031 0.890625 0.199219 0.882812
0 0.578125 0.886719 0.574219 0.890625 0.570312 0.890625 0.566406 0.894531 0.5625 0.894531 0.542969 0.914062 0.542969 0.917969 0.53125 0.929688 0.53125 0.933594 0.519531 0.945312 0.519531 0.949219 0.515625 0.953125 0.515625 0.96875 0.519531 0.972656 0.519531 0.976562 0.523438 0.980469 0.523438 0.984375 0.535156 0.996094 0.597656 0.996094 0.597656 0.988281 0.609375 0.976562 0.609375 0.972656 0.617188 0.964844 0.617188 0.960938 0.621094 0.957031 0.621094 0.949219 0.625 0.945312 0.625 0.925781 0.621094 0.921875 0.621094 0.917969 0.613281 0.910156 0.613281 0.90625 0.609375 0.90625 0.605469 0.902344 0.605469 0.898438 0.59375 0.898438 0.589844 0.894531 0.589844 0.890625 0.585938 0.886719
0 0.183594 0.667969 0.171875 0.679688 0.171875 0.683594 0.160156 0.695312 0.160156 0.699219 0.15625 0.703125 0.15625 0.710938 0.152344 0.714844 0.152344 0.726562 0.15625 0.730469 0.160156 0.730469 0.164062 0.734375 0.183594 0.734375 0.207031 0.710938 0.207031 0.707031 0.210938 0.703125 0.210938 0.691406 0.207031 0.6875 0.207031 0.679688 0.203125 0.675781 0.203125 0.671875 0.199219 0.667969
0 0.976562 0.625 0.972656 0.628906 0.964844 0.628906 0.957031 0.636719 0.953125 0.636719 0.945312 0.644531 0.945312 0.660156 0.949219 0.664062 0.957031 0.664062 0.960938 0.667969 0.960938 0.675781 0.964844 0.679688 0.964844 0.683594 0.96875 0.6875 0.96875 0.691406 0.976562 0.699219 0.992188 0.699219 0.996094 0.695312 0.996094 0.632812 0.992188 0.628906 0.988281 0.628906 0.984375 0.625
0 0.109375 0.867188 0.105469 0.871094 0.101562 0.871094 0.09375 0.878906 0.0898438 0.878906 0.0859375 0.882812 0.0859375 0.886719 0.078125 0.894531 0.078125 0.929688 0.0859375 0.9375 0.0859375 0.941406 0.0898438 0.945312 0.09375 0.945312 0.101562 0.953125 0.132812 0.953125 0.136719 0.949219 0.140625 0.949219 0.148438 0.941406 0.148438 0.9375 0.15625 0.929688 0.15625 0.898438 0.152344 0.894531 0.152344 0.886719 0.144531 0.878906 0.144531 0.871094 0.140625 0.867188
0 0.5 0 0.5 0.0234375 0.511719 0.0351562 0.515625 0.0351562 0.519531 0.0390625 0.539062 0.0390625 0.546875 0.03125 0.546875 0.0234375 0.550781 0.0195312 0.550781 0.00390625 0.546875 0
0 0.199219 0.488281 0.1875 0.5 0.1875 0.519531 0.195312 0.527344 0.195312 0.53125 0.199219 0.535156 0.199219 0.539062 0.203125 0.542969 0.203125 0.546875 0.207031 0.550781 0.207031 0.558594 0.222656 0.574219 0.261719 0.574219 0.265625 0.570312 0.273438 0.570312 0.292969 0.550781 0.292969 0.519531 0.285156 0.511719 0.285156 0.507812 0.265625 0.488281
0 0.519531 0.0976562 0.515625 0.101562 0.507812 0.101562 0.503906 0.105469 0.5 0.105469 0.488281 0.117188 0.488281 0.132812 0.484375 0.136719 0.484375 0.15625 0.492188 0.164062 0.492188 0.167969 0.511719 0.1875 0.519531 0.1875 0.523438 0.191406 0.550781 0.191406 0.558594 0.183594 0.5625 0.183594 0.570312 0.175781 0.570312 0.171875 0.574219 0.167969 0.574219 0.132812 0.566406 0.125 0.566406 0.121094 0.550781 0.105469 0.546875 0.105469 0.542969 0.101562 0.539062 0.101562 0.535156 0.0976562
0 0.199219 0.234375 0.195312 0.238281 0.1875 0.238281 0.183594 0.242188 0.179688 0.242188 0.171875 0.25 0.171875 0.253906 0.167969 0.257812 0.167969 0.269531 0.171875 0.273438 0.171875 0.28125 0.179688 0.289062 0.179688 0.292969 0.183594 0.296875 0.1875 0.296875 0.195312 0.304688 0.199219 0.304688 0.203125 0.308594 0.214844 0.308594 0.21875 0.304688 0.222656 0.304688 0.234375 0.292969 0.234375 0.289062 0.238281 0.285156 0.238281 0.261719 0.234375 0.257812 0.234375 0.253906 0.230469 0.25 0.226562 0.25 0.210938 0.234375
0 0.644531 0.0507812 0.640625 0.0546875 0.632812 0.0546875 0.617188 0.0703125 0.617188 0.0742188 0.613281 0.078125 0.613281 0.0820312 0.609375 0.0859375 0.609375 0.101562 0.613281 0.105469 0.613281 0.117188 0.617188 0.121094 0.617188 0.125 0.636719 0.144531 0.640625 0.144531 0.652344 0.15625 0.675781 0.15625 0.679688 0.152344 0.683594 0.152344 0.6875 0.148438 0.691406 0.148438 0.695312 0.144531 0.699219 0.144531 0.707031 0.136719 0.707031 0.125 0.703125 0.121094 0.703125 0.0859375 0.695312 0.078125 0.695312 0.0742188 0.671875 0.0507812
0 0.960938 0 0.960938 0.00390625 0.964844 0.00390625 0.972656 0.0117188 0.988281 0.0117188 0.992188 0.015625 0.996094 0.015625 0.996094 0
0 0.554688 0.769531 0.554688 0.773438 0.550781 0.777344 0.542969 0.777344 0.53125 0.789062 0.53125 0.796875 0.527344 0.800781 0.527344 0.8125 0.535156 0.820312 0.535156 0.824219 0.539062 0.828125 0.539062 0.832031 0.542969 0.835938 0.546875 0.835938 0.554688 0.84375 0.558594 0.84375 0.5625 0.847656 0.574219 0.847656 0.578125 0.851562 0.582031 0.847656 0.59375 0.847656 0.597656 0.84375 0.601562 0.84375 0.605469 0.839844 0.609375 0.839844 0.609375 0.835938 0.613281 0.832031 0.613281 0.796875 0.59375 0.777344 0.589844 0.777344 0.585938 0.773438 0.578125 0.773438 0.574219 0.769531
0 0 0.777344 0 0.847656 0.00390625 0.847656 0.0195312 0.832031 0.0195312 0.820312 0.0234375 0.816406 0.0234375 0.804688 0.0195312 0.800781 0.0195312 0.796875 0.0117188 0.789062 0.0117188 0.785156 0.0078125 0.78125 0.00390625 0.78125
0 0.925781 0.136719 0.921875 0.140625 0.921875 0.144531 0.914062 0.152344 0.914062 0.15625 0.90625 0.164062 0.90625 0.179688 0.914062 0.1875 0.914062 0.191406 0.910156 0.195312 0.90625 0.195312 0.902344 0.191406 0.867188 0.191406 0.859375 0.199219 0.859375 0.242188 0.875 0.257812 0.878906 0.257812 0.882812 0.261719 0.886719 0.261719 0.890625 0.265625 0.90625 0.265625 0.914062 0.257812 0.917969 0.257812 0.933594 0.242188 0.933594 0.210938 0.925781 0.203125 0.929688 0.199219 0.957031 0.199219 0.96875 0.1875 0.972656 0.1875 0.976562 0.183594 0.976562 0.15625 0.972656 0.152344 0.972656 0.148438 0.941406 0.148438 0.929688 0.136719
0 0.046875 0.199219 0.0429688 0.203125 0.0351562 0.203125 0.03125 0.207031 0.03125 0.210938 0.0195312 0.222656 0.0195312 0.226562 0.015625 0.230469 0.015625 0.269531 0.03125 0.285156 0.03125 0.289062 0.0390625 0.296875 0.0625 0.296875 0.0664062 0.292969 0.0703125 0.292969 0.0859375 0.277344 0.0859375 0.265625 0.0898438 0.261719 0.0898438 0.234375 0.09375 0.230469 0.09375 0.210938 0.0898438 0.207031 0.0820312 0.207031 0.078125 0.203125 0.0703125 0.203125 0.0664062 0.199219
0 0.0507812 0.441406 0.046875 0.445312 0.0429688 0.445312 0.0390625 0.449219 0.0390625 0.453125 0.0351562 0.457031 0.0351562 0.472656 0.03125 0.476562 0.03125 0.507812 0.0390625 0.515625 0.0390625 0.519531 0.046875 0.527344 0.0507812 0.527344 0.0585938 0.535156 0.0625 0.535156 0.0664062 0.539062 0.0898438 0.539062 0.101562 0.527344 0.105469 0.527344 0.109375 0.523438 0.109375 0.519531 0.113281 0.515625 0.113281 0.507812 0.117188 0.503906 0.117188 0.453125 0.105469 0.441406
0 0.953125 0.0820312 0.933594 0.101562 0.933594 0.136719 0.941406 0.144531 0.988281 0.144531 0.992188 0.140625 0.992188 0.136719 0.996094 0.132812 0.996094 0.09375 0.988281 0.0859375 0.976562 0.0859375 0.972656 0.0820312
0 0.75 0.128906 0.742188 0.136719 0.734375 0.136719 0.734375 0.140625 0.730469 0.144531 0.730469 0.148438 0.722656 0.15625 0.722656 0.1875 0.734375 0.199219 0.734375 0.203125 0.738281 0.207031 0.738281 0.214844 0.746094 0.222656 0.753906 0.222656 0.757812 0.226562 0.765625 0.226562 0.769531 0.222656 0.773438 0.222656 0.777344 0.21875 0.78125 0.21875 0.785156 0.214844 0.785156 0.210938 0.792969 0.203125 0.792969 0.191406 0.796875 0.1875 0.796875 0.179688 0.792969 0.175781 0.792969 0.164062 0.789062 0.160156 0.789062 0.15625 0.78125 0.148438 0.78125 0.144531 0.777344 0.140625 0.777344 0.136719 0.773438 0.132812 0.761719 0.132812 0.757812 0.128906 0.753906 0.132812
0 0.839844 0.015625 0.835938 0.0195312 0.828125 0.0195312 0.824219 0.0234375 0.820312 0.0234375 0.816406 0.0273438 0.816406 0.03125 0.8125 0.0351562 0.8125 0.0390625 0.808594 0.0429688 0.808594 0.0546875 0.804688 0.0585938 0.808594 0.0625 0.808594 0.078125 0.8125 0.0820312 0.8125 0.0976562 0.816406 0.101562 0.816406 0.105469 0.84375 0.132812 0.847656 0.132812 0.851562 0.136719 0.855469 0.132812 0.863281 0.132812 0.867188 0.136719 0.871094 0.132812 0.882812 0.132812 0.890625 0.125 0.890625 0.109375 0.894531 0.105469 0.894531 0.101562 0.890625 0.0976562 0.894531 0.09375 0.894531 0.0898438 0.898438 0.0859375 0.898438 0.078125 0.910156 0.0664062 0.910156 0.0507812 0.90625 0.046875 0.90625 0.0390625 0.902344 0.0351562 0.902344 0.03125 0.890625 0.0195312 0.882812 0.0195312 0.878906 0.015625
0 0.738281 0.753906 0.734375 0.757812 0.726562 0.757812 0.726562 0.761719 0.710938 0.777344 0.710938 0.800781 0.714844 0.804688 0.714844 0.808594 0.722656 0.816406 0.726562 0.816406 0.734375 0.824219 0.738281 0.824219 0.742188 0.828125 0.761719 0.828125 0.769531 0.820312 0.773438 0.820312 0.785156 0.808594 0.785156 0.804688 0.789062 0.800781 0.789062 0.785156 0.785156 0.78125 0.785156 0.777344 0.78125 0.773438 0.78125 0.769531 0.769531 0.757812 0.765625 0.757812 0.761719 0.753906
0 0.59375 0.222656 0.589844 0.226562 0.582031 0.226562 0.578125 0.230469 0.574219 0.230469 0.570312 0.234375 0.570312 0.238281 0.566406 0.242188 0.566406 0.246094 0.5625 0.25 0.5625 0.273438 0.566406 0.277344 0.566406 0.28125 0.570312 0.285156 0.574219 0.285156 0.582031 0.292969 0.59375 0.292969 0.597656 0.296875 0.613281 0.296875 0.617188 0.292969 0.625 0.292969 0.636719 0.28125 0.636719 0.277344 0.640625 0.273438 0.640625 0.253906 0.636719 0.25 0.636719 0.246094 0.632812 0.242188 0.632812 0.238281 0.621094 0.226562 0.613281 0.226562 0.609375 0.222656
0 0.4375 0.859375 0.425781 0.871094 0.425781 0.878906 0.421875 0.882812 0.421875 0.902344 0.441406 0.921875 0.445312 0.921875 0.449219 0.925781 0.453125 0.925781 0.457031 0.921875 0.460938 0.921875 0.464844 0.917969 0.46875 0.917969 0.472656 0.914062 0.480469 0.914062 0.480469 0.898438 0.484375 0.894531 0.484375 0.875 0.46875 0.859375
0 0.949219 0.0078125 0.945312 0.0117188 0.945312 0.0390625 0.960938 0.0546875 0.988281 0.0546875 0.996094 0.046875 0.996094 0.0273438 0.992188 0.0234375 0.992188 0.0195312 0.988281 0.015625 0.972656 0.015625 0.964844 0.0078125
0 0.0664062 0.785156 0.0625 0.789062 0.0585938 0.789062 0.0546875 0.792969 0.0546875 0.8125 0.0585938 0.816406 0.0585938 0.820312 0.0625 0.824219 0.0625 0.828125 0.0742188 0.839844 0.109375 0.839844 0.121094 0.828125 0.121094 0.824219 0.125 0.820312 0.125 0.800781 0.117188 0.792969 0.117188 0.789062 0.113281 0.785156
0 0.675781 0.902344 0.671875 0.90625 0.671875 0.910156 0.664062 0.917969 0.664062 0.929688 0.660156 0.933594 0.660156 0.9375 0.65625 0.941406 0.65625 0.964844 0.660156 0.96875 0.664062 0.96875 0.667969 0.972656 0.671875 0.972656 0.675781 0.976562 0.679688 0.976562 0.683594 0.980469 0.6875 0.980469 0.691406 0.984375 0.714844 0.984375 0.71875 0.980469 0.722656 0.980469 0.742188 0.960938 0.742188 0.929688 0.734375 0.921875 0.734375 0.917969 0.726562 0.910156 0.722656 0.910156 0.714844 0.902344
