0 0.5625 0.324219 0.550781 0.335938 0.546875 0.335938 0.546875 0.351562 0.554688 0.359375 0.554688 0.363281 0.570312 0.363281 0.574219 0.359375 0.589844 0.359375 0.59375 0.355469 0.601562 0.355469 0.609375 0.347656 0.609375 0.335938 0.605469 0.332031 0.605469 0.328125 0.601562 0.328125 0.597656 0.324219
0 0.53125 0.0546875 0.527344 0.0585938 0.519531 0.0585938 0.515625 0.0625 0.515625 0.0742188 0.519531 0.078125 0.519531 0.0820312 0.53125 0.0820312 0.535156 0.078125 0.542969 0.078125 0.542969 0.0703125 0.546875 0.0664062 0.546875 0.0625 0.539062 0.0546875
0 0.289062 0.191406 0.285156 0.195312 0.28125 0.195312 0.277344 0.199219 0.277344 0.21875 0.289062 0.230469 0.304688 0.230469 0.3125 0.222656 0.3125 0.203125 0.300781 0.191406
0 0.964844 0.453125 0.957031 0.460938 0.957031 0.472656 0.964844 0.480469 0.972656 0.480469 0.976562 0.484375 0.984375 0.484375 0.988281 0.488281 0.996094 0.488281 0.996094 0.457031 0.988281 0.457031 0.984375 0.453125
0 0.457031 0.605469 0.457031 0.609375 0.453125 0.613281 0.453125 0.617188 0.449219 0.621094 0.449219 0.625 0.441406 0.632812 0.441406 0.65625 0.445312 0.660156 0.457031 0.660156 0.457031 0.65625 0.472656 0.640625 0.472656 0.625 0.46875 0.621094 0.46875 0.609375 0.464844 0.605469
0 0.199219 0.179688 0.199219 0.183594 0.195312 0.1875 0.195312 0.203125 0.207031 0.214844 0.207031 0.21875 0.226562 0.21875 0.230469 0.214844 0.230469 0.195312 0.21875 0.183594 0.21875 0.179688
0 0.214844 0.195312 0.21875 0.195312 0.222656 0.199219 0.222656 0.207031 0.21875 0.210938 0.214844 0.210938 0.207031 0.203125
0 0.828125 0.371094 0.820312 0.378906 0.816406 0.378906 0.8125 0.382812 0.8125 0.386719 0.816406 0.390625 0.816406 0.394531 0.820312 0.398438 0.839844 0.398438 0.84375 0.402344 0.855469 0.402344 0.855469 0.386719 0.851562 0.382812 0.851562 0.375 0.847656 0.375 0.84375 0.371094
0 0.9375 0.359375 0.933594 0.363281 0.929688 0.363281 0.929688 0.371094 0.925781 0.375 0.925781 0.382812 0.9375 0.382812 0.941406 0.386719 0.941406 0.402344 0.953125 0.402344 0.964844 0.390625 0.964844 0.382812 0.96875 0.378906 0.964844 0.375 0.964844 0.371094 0.960938 0.371094 0.957031 0.367188 0.953125 0.367188 0.949219 0.363281 0.941406 0.363281
0 0.695312 0.171875 0.691406 0.175781 0.6875 0.175781 0.6875 0.195312 0.691406 0.199219 0.691406 0.203125 0.695312 0.207031 0.703125 0.207031 0.710938 0.199219 0.710938 0.1875 0.707031 0.183594 0.707031 0.179688 0.699219 0.171875
0 0.535156 0.351562 0.53125 0.355469 0.53125 0.363281 0.535156 0.367188 0.542969 0.367188 0.546875 0.363281 0.546875 0.355469 0.542969 0.351562
0 0.738281 0.03125 0.730469 0.0390625 0.730469 0.0507812 0.726562 0.0546875 0.726562 0.0625 0.730469 0.0664062 0.734375 0.0664062 0.738281 0.0703125 0.742188 0.0703125 0.746094 0.0742188 0.757812 0.0742188 0.761719 0.0703125 0.761719 0.0625 0.765625 0.0585938 0.765625 0.0351562 0.761719 0.03125
0 0.0273438 0.429688 0.0234375 0.433594 0.0195312 0.433594 0.0195312 0.445312 0.0234375 0.449219 0.0234375 0.457031 0.0273438 0.460938 0.03125 0.460938 0.0351562 0.464844 0.0507812 0.464844 0.0546875 0.460938 0.0546875 0.4375 0.046875 0.429688
0 0.515625 0.503906 0.511719 0.507812 0.507812 0.507812 0.503906 0.511719 0.503906 0.515625 0.5 0.519531 0.5 0.527344 0.503906 0.527344 0.507812 0.53125 0.507812 0.539062 0.527344 0.539062 0.53125 0.535156 0.535156 0.535156 0.539062 0.53125 0.539062 0.511719 0.535156 0.511719 0.53125 0.507812 0.53125 0.503906
0 0.875 0.03125 0.871094 0.0351562 0.867188 0.0351562 0.867188 0.0507812 0.875 0.0585938 0.894531 0.0585938 0.898438 0.0546875 0.898438 0.046875 0.894531 0.0429688 0.894531 0.0390625 0.886719 0.03125
0 0.0117188 0.402344 0.00390625 0.410156 0.00390625 0.417969 0.015625 0.429688 0.0234375 0.429688 0.0273438 0.425781 0.0390625 0.425781 0.0429688 0.421875 0.0429688 0.40625 0.0390625 0.402344
0 0.597656 0.390625 0.59375 0.394531 0.589844 0.394531 0.585938 0.398438 0.585938 0.402344 0.582031 0.40625 0.582031 0.410156 0.585938 0.414062 0.585938 0.417969 0.589844 0.421875 0.59375 0.421875 0.597656 0.425781 0.609375 0.425781 0.625 0.410156 0.625 0.402344 0.613281 0.390625
0 0.253906 0.183594 0.25 0.1875 0.25 0.191406 0.246094 0.195312 0.246094 0.207031 0.25 0.210938 0.257812 0.210938 0.265625 0.203125 0.265625 0.199219 0.269531 0.195312 0.269531 0.1875 0.265625 0.183594
0 0.0859375 0.421875 0.078125 0.429688 0.078125 0.433594 0.0742188 0.4375 0.0742188 0.449219 0.078125 0.453125 0.078125 0.457031 0.0820312 0.460938 0.101562 0.460938 0.101562 0.457031 0.105469 0.453125 0.105469 0.433594 0.101562 0.429688 0.101562 0.425781 0.0976562 0.425781 0.09375 0.421875
0 0.0703125 0.121094 0.0664062 0.125 0.0625 0.125 0.0546875 0.132812 0.0546875 0.136719 0.0507812 0.140625 0.0507812 0.152344 0.0546875 0.15625 0.0664062 0.15625 0.0703125 0.152344 0.0820312 0.152344 0.0859375 0.148438 0.0898438 0.148438 0.0898438 0.132812 0.0859375 0.128906 0.0859375 0.125 0.078125 0.125 0.0742188 0.121094
0 0.824219 0.171875 0.820312 0.175781 0.820312 0.183594 0.824219 0.1875 0.832031 0.1875 0.835938 0.183594 0.835938 0.175781 0.832031 0.171875
0 0.511719 0.597656 0.511719 0.613281 0.507812 0.617188 0.503906 0.617188 0.503906 0.636719 0.519531 0.636719 0.519531 0.621094 0.515625 0.617188 0.519531 0.613281 0.519531 0.601562 0.515625 0.597656
0 0.0117188 0.226562 0.0078125 0.230469 0.00390625 0.230469 0 0.234375 0 0.269531 0.0117188 0.269531 0.0273438 0.253906 0.0273438 0.234375 0.0234375 0.230469 0.0195312 0.230469 0.015625 0.226562
0 0.257812 0.0078125 0.25 0.015625 0.25 0.0195312 0.246094 0.0234375 0.246094 0.03125 0.242188 0.0351562 0.242188 0.0429688 0.25 0.0507812 0.261719 0.0507812 0.261719 0.046875 0.265625 0.0429688 0.265625 0.03125 0.269531 0.0273438 0.269531 0.0117188 0.265625 0.0117188 0.261719 0.0078125
0 0.0859375 0.285156 0.0820312 0.289062 0.0820312 0.308594 0.0859375 0.3125 0.09375 0.3125 0.0976562 0.308594 0.0976562 0.289062 0.09375 0.285156
0 0.574219 0 0.574219 0.0078125 0.578125 0.0117188 0.578125 0.015625 0.589844 0.0273438 0.59375 0.0234375 0.613281 0.0234375 0.617188 0.0273438 0.609375 0.0351562 0.609375 0.046875 0.613281 0.0507812 0.621094 0.0507812 0.628906 0.0429688 0.640625 0.0429688 0.648438 0.0507812 0.660156 0.0507812 0.664062 0.046875 0.664062 0.0390625 0.652344 0.0273438 0.617188 0.0273438 0.613281 0.0234375 0.617188 0.0195312 0.617188 0.00390625 0.613281 0
0 0.730469 0.0703125 0.726562 0.0742188 0.726562 0.0898438 0.734375 0.0976562 0.757812 0.0976562 0.761719 0.09375 0.761719 0.078125 0.746094 0.078125 0.742188 0.0742188 0.738281 0.0742188 0.734375 0.0703125
0 0.535156 0.4375 0.535156 0.457031 0.554688 0.476562 0.554688 0.480469 0.558594 0.484375 0.5625 0.480469 0.570312 0.480469 0.570312 0.476562 0.574219 0.472656 0.570312 0.46875 0.570312 0.460938 0.566406 0.457031 0.566406 0.453125 0.550781 0.4375
0 0.402344 0.09375 0.394531 0.101562 0.394531 0.109375 0.390625 0.113281 0.394531 0.117188 0.390625 0.121094 0.390625 0.128906 0.398438 0.128906 0.402344 0.132812 0.417969 0.132812 0.421875 0.128906 0.429688 0.128906 0.4375 0.121094 0.4375 0.101562 0.433594 0.101562 0.425781 0.09375
0 0.238281 0.121094 0.234375 0.125 0.230469 0.125 0.21875 0.136719 0.222656 0.140625 0.222656 0.144531 0.226562 0.148438 0.25 0.148438 0.257812 0.140625 0.257812 0.128906 0.25 0.121094
0 0.933594 0.332031 0.929688 0.335938 0.925781 0.335938 0.921875 0.339844 0.921875 0.34375 0.917969 0.347656 0.917969 0.363281 0.921875 0.367188 0.921875 0.382812 0.921875 0.375 0.925781 0.371094 0.925781 0.363281 0.929688 0.359375 0.933594 0.359375 0.9375 0.355469 0.941406 0.359375 0.949219 0.359375 0.953125 0.363281 0.957031 0.363281 0.960938 0.367188 0.964844 0.367188 0.96875 0.371094 0.96875 0.375 0.972656 0.378906 0.96875 0.382812 0.972656 0.382812 0.972656 0.371094 0.964844 0.363281 0.964844 0.359375 0.960938 0.355469 0.960938 0.339844 0.953125 0.332031
0 0.0078125 0.566406 0 0.574219 0 0.589844 0.0078125 0.597656 0.0117188 0.597656 0.015625 0.601562 0.0351562 0.601562 0.0390625 0.597656 0.0390625 0.578125 0.0351562 0.574219 0.0351562 0.570312 0.03125 0.570312 0.0273438 0.566406
0 0.0898438 0.367188 0.0859375 0.371094 0.0859375 0.378906 0.09375 0.386719 0.101562 0.386719 0.105469 0.382812 0.109375 0.382812 0.113281 0.378906 0.113281 0.371094 0.109375 0.367188
0 0.0234375 0.09375 0.0195312 0.0976562 0.015625 0.0976562 0.0117188 0.101562 0.0117188 0.105469 0.0078125 0.109375 0.0078125 0.121094 0.0117188 0.125 0.0273438 0.125 0.03125 0.121094 0.0351562 0.121094 0.0390625 0.117188 0.0390625 0.0976562 0.0351562 0.0976562 0.03125 0.09375
0 0.113281 0.382812 0.109375 0.386719 0.105469 0.386719 0.101562 0.390625 0.101562 0.402344 0.105469 0.40625 0.125 0.40625 0.128906 0.402344 0.128906 0.390625 0.121094 0.382812
0 0.105469 0.285156 0.101562 0.289062 0.101562 0.304688 0.105469 0.308594 0.113281 0.308594 0.117188 0.304688 0.117188 0.289062 0.113281 0.285156
0 0.816406 0.0820312 0.808594 0.0898438 0.808594 0.105469 0.8125 0.109375 0.8125 0.117188 0.816406 0.121094 0.816406 0.125 0.828125 0.125 0.832031 0.121094 0.832031 0.09375 0.828125 0.0898438 0.828125 0.0859375 0.824219 0.0859375 0.820312 0.0820312
0 0.289062 0.101562 0.285156 0.105469 0.285156 0.121094 0.292969 0.121094 0.300781 0.113281 0.300781 0.101562
0 0.734375 0.1875 0.734375 0.191406 0.730469 0.195312 0.730469 0.222656 0.742188 0.222656 0.746094 0.226562 0.75 0.226562 0.75 0.222656 0.753906 0.21875 0.761719 0.21875 0.761719 0.203125 0.757812 0.199219 0.757812 0.195312 0.75 0.1875
0 0.488281 0.0234375 0.480469 0.03125 0.480469 0.046875 0.503906 0.046875 0.507812 0.0429688 0.507812 0.0273438 0.503906 0.0234375
0 0.265625 0.0820312 0.257812 0.0898438 0.257812 0.101562 0.261719 0.105469 0.273438 0.105469 0.273438 0.0976562 0.277344 0.09375 0.277344 0.0898438 0.269531 0.0820312
0 0.445312 0.464844 0.4375 0.472656 0.4375 0.484375 0.449219 0.496094 0.464844 0.496094 0.46875 0.492188 0.472656 0.492188 0.476562 0.488281 0.476562 0.472656 0.46875 0.464844
0 0.628906 0.046875 0.625 0.0507812 0.625 0.0546875 0.628906 0.0585938 0.628906 0.0664062 0.636719 0.0742188 0.648438 0.0742188 0.652344 0.078125 0.65625 0.078125 0.660156 0.0742188 0.660156 0.0585938 0.65625 0.0546875 0.648438 0.0546875 0.640625 0.046875
0 0.304688 0.0234375 0.300781 0.0273438 0.296875 0.0273438 0.289062 0.0351562 0.289062 0.0507812 0.285156 0.0546875 0.285156 0.0703125 0.289062 0.0703125 0.292969 0.0742188 0.300781 0.0742188 0.304688 0.0703125 0.308594 0.0703125 0.308594 0.0664062 0.3125 0.0625 0.3125 0.0273438 0.308594 0.0234375
0 0.5625 0.484375 0.558594 0.488281 0.558594 0.496094 0.5625 0.5 0.570312 0.5 0.574219 0.496094 0.574219 0.488281 0.570312 0.484375
0 0.6875 0.453125 0.683594 0.457031 0.671875 0.457031 0.664062 0.464844 0.660156 0.464844 0.65625 0.46875 0.65625 0.472656 0.652344 0.476562 0.652344 0.488281 0.660156 0.496094 0.664062 0.496094 0.667969 0.5 0.679688 0.5 0.683594 0.503906 0.691406 0.503906 0.707031 0.488281 0.707031 0.472656 0.703125 0.46875 0.703125 0.464844 0.695312 0.457031 0.691406 0.457031
0 0.625 0.320312 0.621094 0.324219 0.621094 0.332031 0.625 0.335938 0.632812 0.335938 0.636719 0.332031 0.636719 0.324219 0.632812 0.320312
0 0.289062 0.15625 0.289062 0.160156 0.285156 0.164062 0.28125 0.160156 0.269531 0.160156 0.265625 0.164062 0.265625 0.167969 0.261719 0.171875 0.261719 0.179688 0.265625 0.179688 0.269531 0.183594 0.277344 0.183594 0.28125 0.179688 0.285156 0.179688 0.292969 0.171875 0.304688 0.171875 0.304688 0.167969 0.300781 0.164062 0.300781 0.160156 0.296875 0.160156 0.292969 0.15625
0 0.699219 0.0390625 0.695312 0.0429688 0.691406 0.0429688 0.6875 0.046875 0.6875 0.0585938 0.691406 0.0625 0.691406 0.0703125 0.695312 0.0742188 0.695312 0.078125 0.707031 0.078125 0.707031 0.0546875 0.703125 0.0507812 0.703125 0.046875 0.699219 0.0429688
0 0.152344 0.0664062 0.140625 0.078125 0.140625 0.0820312 0.136719 0.0859375 0.136719 0.0898438 0.140625 0.09375 0.140625 0.0976562 0.144531 0.0976562 0.148438 0.101562 0.15625 0.101562 0.160156 0.0976562 0.164062 0.0976562 0.175781 0.0859375 0.175781 0.0742188 0.171875 0.0703125 0.171875 0.0664062
0 0.347656 0.492188 0.34375 0.496094 0.34375 0.503906 0.347656 0.507812 0.355469 0.507812 0.359375 0.503906 0.359375 0.496094 0.355469 0.492188
0 0 0.921875 0 0.96875 0.0117188 0.96875 0.0195312 0.960938 0.0195312 0.945312 0.015625 0.941406 0.015625 0.933594 0.0117188 0.929688 0.0117188 0.925781 0.0078125 0.921875
0 0.789062 0.917969 0.78125 0.925781 0.78125 0.929688 0.777344 0.933594 0.777344 0.945312 0.78125 0.949219 0.78125 0.953125 0.785156 0.953125 0.789062 0.957031 0.808594 0.957031 0.8125 0.953125 0.8125 0.925781 0.804688 0.917969
0 0.03125 0.480469 0.03125 0.503906 0.0351562 0.507812 0.0351562 0.511719 0.0546875 0.511719 0.0585938 0.507812 0.0585938 0.5 0.0546875 0.496094 0.0546875 0.492188 0.0507812 0.488281 0.0507812 0.484375 0.046875 0.480469
