0 0.878906 0.566406 0.875 0.570312 0.863281 0.570312 0.859375 0.574219 0.851562 0.574219 0.847656 0.578125 0.847656 0.628906 0.859375 0.640625 0.863281 0.640625 0.867188 0.644531 0.875 0.644531 0.878906 0.640625 0.898438 0.640625 0.90625 0.632812 0.90625 0.628906 0.910156 0.625 0.910156 0.59375 0.90625 0.589844 0.90625 0.578125 0.898438 0.570312 0.894531 0.570312 0.890625 0.566406
0 0.0390625 0.46875 0.0234375 0.484375 0.0195312 0.484375 0.015625 0.488281 0.015625 0.519531 0.0195312 0.523438 0.0195312 0.527344 0.0273438 0.535156 0.0273438 0.539062 0.03125 0.542969 0.0351562 0.542969 0.0390625 0.546875 0.0429688 0.546875 0.046875 0.550781 0.0742188 0.550781 0.078125 0.546875 0.0859375 0.546875 0.101562 0.53125 0.101562 0.515625 0.105469 0.511719 0.105469 0.5 0.0820312 0.476562 0.078125 0.476562 0.0742188 0.472656 0.046875 0.472656 0.0429688 0.46875
0 0.695312 0.824219 0.691406 0.828125 0.6875 0.828125 0.671875 0.84375 0.671875 0.875 0.675781 0.878906 0.675781 0.882812 0.679688 0.886719 0.679688 0.890625 0.683594 0.894531 0.683594 0.898438 0.6875 0.902344 0.691406 0.902344 0.707031 0.917969 0.726562 0.917969 0.730469 0.914062 0.738281 0.914062 0.75 0.902344 0.75 0.886719 0.757812 0.878906 0.757812 0.875 0.753906 0.875 0.75 0.871094 0.746094 0.871094 0.738281 0.863281 0.734375 0.863281 0.722656 0.851562 0.722656 0.828125 0.710938 0.828125 0.707031 0.824219
0 0.757812 0.414062 0.753906 0.417969 0.753906 0.425781 0.757812 0.429688 0.757812 0.433594 0.765625 0.441406 0.78125 0.441406 0.789062 0.433594 0.789062 0.425781 0.78125 0.417969 0.777344 0.417969 0.773438 0.414062
0 0.914062 0.320312 0.910156 0.324219 0.90625 0.324219 0.894531 0.335938 0.894531 0.339844 0.890625 0.34375 0.890625 0.371094 0.898438 0.378906 0.898438 0.386719 0.902344 0.390625 0.902344 0.394531 0.90625 0.398438 0.910156 0.398438 0.921875 0.410156 0.921875 0.414062 0.925781 0.417969 0.925781 0.421875 0.933594 0.429688 0.9375 0.429688 0.941406 0.433594 0.953125 0.433594 0.960938 0.441406 0.964844 0.441406 0.96875 0.445312 0.988281 0.445312 0.992188 0.441406 0.996094 0.441406 0.996094 0.355469 0.992188 0.351562 0.992188 0.347656 0.988281 0.34375 0.984375 0.34375 0.976562 0.335938 0.972656 0.335938 0.96875 0.332031 0.960938 0.332031 0.957031 0.328125 0.953125 0.328125 0.945312 0.320312
0 0.226562 0.148438 0.222656 0.152344 0.214844 0.152344 0.210938 0.15625 0.207031 0.15625 0.203125 0.160156 0.199219 0.160156 0.195312 0.164062 0.195312 0.167969 0.191406 0.171875 0.191406 0.195312 0.195312 0.199219 0.195312 0.203125 0.207031 0.214844 0.210938 0.214844 0.214844 0.21875 0.222656 0.21875 0.226562 0.222656 0.230469 0.222656 0.234375 0.21875 0.242188 0.21875 0.257812 0.203125 0.257812 0.199219 0.261719 0.195312 0.261719 0.179688 0.253906 0.171875 0.253906 0.164062 0.238281 0.148438
0 0.09375 0 0.105469 0.0117188 0.117188 0.0117188 0.121094 0.015625 0.125 0.015625 0.128906 0.0195312 0.144531 0.0195312 0.15625 0.0078125 0.15625 0.00390625 0.160156 0
0 0.816406 0.0351562 0.8125 0.0390625 0.808594 0.0390625 0.804688 0.0429688 0.800781 0.0429688 0.796875 0.046875 0.792969 0.046875 0.789062 0.0507812 0.789062 0.101562 0.796875 0.109375 0.800781 0.109375 0.8125 0.121094 0.835938 0.121094 0.851562 0.105469 0.851562 0.101562 0.855469 0.0976562 0.855469 0.09375 0.859375 0.0898438 0.859375 0.0859375 0.863281 0.0820312 0.863281 0.0507812 0.847656 0.0351562
0 0.328125 0.339844 0.324219 0.34375 0.316406 0.34375 0.304688 0.355469 0.304688 0.359375 0.300781 0.363281 0.300781 0.367188 0.296875 0.371094 0.296875 0.375 0.292969 0.378906 0.292969 0.40625 0.3125 0.425781 0.320312 0.425781 0.324219 0.429688 0.339844 0.429688 0.34375 0.425781 0.355469 0.425781 0.363281 0.417969 0.367188 0.417969 0.375 0.410156 0.375 0.40625 0.378906 0.402344 0.378906 0.398438 0.382812 0.394531 0.382812 0.375 0.378906 0.371094 0.378906 0.367188 0.375 0.363281 0.375 0.359375 0.367188 0.351562 0.363281 0.351562 0.359375 0.347656 0.355469 0.347656 0.351562 0.34375 0.34375 0.34375 0.339844 0.339844
0 0.046875 0.152344 0.0429688 0.15625 0.0390625 0.15625 0.03125 0.164062 0.03125 0.167969 0.0273438 0.171875 0.0273438 0.175781 0.0234375 0.179688 0.0234375 0.195312 0.0273438 0.199219 0.0273438 0.207031 0.046875 0.226562 0.0507812 0.226562 0.0546875 0.230469 0.0820312 0.230469 0.0859375 0.226562 0.09375 0.226562 0.101562 0.21875 0.105469 0.21875 0.109375 0.214844 0.109375 0.210938 0.117188 0.203125 0.117188 0.179688 0.113281 0.175781 0.113281 0.171875 0.105469 0.164062 0.101562 0.164062 0.0976562 0.160156 0.09375 0.160156 0.0898438 0.15625 0.0820312 0.15625 0.078125 0.152344
0 0.238281 0.5 0.234375 0.503906 0.226562 0.503906 0.214844 0.515625 0.210938 0.515625 0.191406 0.535156 0.191406 0.539062 0.1875 0.542969 0.1875 0.546875 0.183594 0.550781 0.183594 0.585938 0.1875 0.589844 0.1875 0.59375 0.203125 0.609375 0.207031 0.609375 0.210938 0.613281 0.214844 0.613281 0.21875 0.617188 0.257812 0.617188 0.261719 0.613281 0.265625 0.613281 0.269531 0.609375 0.273438 0.609375 0.285156 0.597656 0.285156 0.59375 0.289062 0.589844 0.289062 0.582031 0.292969 0.578125 0.292969 0.539062 0.289062 0.535156 0.289062 0.53125 0.28125 0.523438 0.28125 0.519531 0.265625 0.503906 0.257812 0.503906 0.253906 0.5
0 0.90625 0.0625 0.902344 0.0664062 0.898438 0.0664062 0.894531 0.0703125 0.890625 0.0703125 0.871094 0.0898438 0.871094 0.0976562 0.867188 0.101562 0.867188 0.125 0.875 0.132812 0.878906 0.132812 0.890625 0.144531 0.898438 0.144531 0.902344 0.148438 0.90625 0.148438 0.910156 0.144531 0.921875 0.144531 0.933594 0.132812 0.933594 0.128906 0.9375 0.125 0.9375 0.0898438 0.933594 0.0859375 0.933594 0.078125 0.921875 0.0664062 0.917969 0.0664062 0.914062 0.0625
0 0.59375 0.589844 0.589844 0.59375 0.582031 0.59375 0.574219 0.601562 0.574219 0.605469 0.570312 0.609375 0.570312 0.613281 0.566406 0.617188 0.566406 0.628906 0.570312 0.632812 0.570312 0.640625 0.589844 0.660156 0.597656 0.660156 0.601562 0.664062 0.609375 0.664062 0.617188 0.65625 0.625 0.65625 0.628906 0.652344 0.628906 0.644531 0.632812 0.640625 0.632812 0.621094 0.636719 0.617188 0.636719 0.609375 0.632812 0.605469 0.632812 0.601562 0.628906 0.597656 0.625 0.597656 0.621094 0.59375 0.613281 0.59375 0.609375 0.589844
0 0.34375 0.109375 0.335938 0.117188 0.335938 0.121094 0.328125 0.128906 0.328125 0.136719 0.320312 0.144531 0.320312 0.164062 0.316406 0.167969 0.347656 0.199219 0.351562 0.199219 0.355469 0.203125 0.382812 0.203125 0.386719 0.199219 0.394531 0.199219 0.410156 0.183594 0.410156 0.152344 0.40625 0.148438 0.40625 0.144531 0.398438 0.136719 0.398438 0.132812 0.390625 0.125 0.386719 0.125 0.378906 0.117188 0.375 0.117188 0.367188 0.109375
0 0.585938 0.492188 0.574219 0.503906 0.574219 0.519531 0.59375 0.539062 0.601562 0.539062 0.605469 0.535156 0.605469 0.519531 0.601562 0.515625 0.601562 0.511719 0.597656 0.507812 0.597656 0.496094 0.59375 0.492188
0 0.910156 0.882812 0.902344 0.890625 0.902344 0.894531 0.898438 0.898438 0.898438 0.929688 0.902344 0.933594 0.902344 0.9375 0.914062 0.949219 0.917969 0.949219 0.921875 0.953125 0.925781 0.953125 0.929688 0.957031 0.953125 0.957031 0.957031 0.953125 0.960938 0.953125 0.96875 0.945312 0.96875 0.941406 0.972656 0.9375 0.972656 0.910156 0.96875 0.90625 0.96875 0.902344 0.960938 0.894531 0.949219 0.894531 0.945312 0.890625 0.9375 0.890625 0.933594 0.886719 0.925781 0.886719 0.921875 0.882812
0 0.589844 0.824219 0.585938 0.828125 0.574219 0.828125 0.554688 0.847656 0.554688 0.851562 0.550781 0.855469 0.550781 0.875 0.554688 0.878906 0.554688 0.886719 0.5625 0.894531 0.566406 0.894531 0.570312 0.898438 0.582031 0.898438 0.585938 0.902344 0.617188 0.902344 0.621094 0.898438 0.625 0.898438 0.632812 0.890625 0.636719 0.890625 0.640625 0.886719 0.640625 0.878906 0.644531 0.875 0.644531 0.855469 0.640625 0.851562 0.640625 0.847656 0.632812 0.839844 0.632812 0.835938 0.628906 0.832031 0.625 0.832031 0.621094 0.828125 0.609375 0.828125 0.605469 0.824219
0 0.488281 0 0.503906 0.015625 0.507812 0.015625 0.511719 0.0195312 0.546875 0.0195312 0.550781 0.015625 0.554688 0.015625 0.570312 0
0 0.546875 0.507812 0.539062 0.515625 0.535156 0.515625 0.53125 0.519531 0.527344 0.519531 0.515625 0.53125 0.515625 0.554688 0.519531 0.558594 0.519531 0.5625 0.527344 0.570312 0.53125 0.570312 0.535156 0.574219 0.554688 0.574219 0.558594 0.570312 0.566406 0.570312 0.582031 0.554688 0.582031 0.535156 0.554688 0.507812
0 0.9375 0.589844 0.921875 0.605469 0.921875 0.617188 0.925781 0.621094 0.925781 0.667969 0.929688 0.671875 0.9375 0.671875 0.945312 0.679688 0.945312 0.699219 0.949219 0.703125 0.964844 0.703125 0.96875 0.699219 0.96875 0.695312 0.976562 0.6875 0.996094 0.6875 0.996094 0.644531 0.976562 0.625 0.976562 0.613281 0.953125 0.589844
0 0.472656 0.4375 0.46875 0.441406 0.46875 0.449219 0.472656 0.453125 0.480469 0.453125 0.484375 0.449219 0.484375 0.441406 0.480469 0.4375
0 0.308594 0.171875 0.300781 0.179688 0.296875 0.179688 0.285156 0.191406 0.285156 0.195312 0.277344 0.203125 0.277344 0.226562 0.28125 0.230469 0.28125 0.234375 0.304688 0.257812 0.332031 0.257812 0.347656 0.242188 0.347656 0.222656 0.34375 0.21875 0.34375 0.199219 0.316406 0.171875
0 0 0 0 0.00390625 0.015625 0.0195312 0.0195312 0.0195312 0.0234375 0.0234375 0.0429688 0.0234375 0.046875 0.0195312 0.0507812 0.0195312 0.0625 0.0078125 0.0625 0
0 0.421875 0.0234375 0.414062 0.03125 0.414062 0.0898438 0.417969 0.09375 0.417969 0.105469 0.421875 0.109375 0.421875 0.121094 0.425781 0.125 0.433594 0.125 0.4375 0.128906 0.441406 0.128906 0.457031 0.113281 0.457031 0.109375 0.460938 0.105469 0.460938 0.101562 0.472656 0.0898438 0.472656 0.0859375 0.476562 0.0820312 0.476562 0.078125 0.480469 0.0742188 0.480469 0.0664062 0.484375 0.0625 0.484375 0.0546875 0.472656 0.0429688 0.472656 0.0390625 0.46875 0.0351562 0.464844 0.0351562 0.457031 0.0273438 0.453125 0.0273438 0.449219 0.0234375
0 0.976562 0.574219 0.96875 0.582031 0.96875 0.585938 0.964844 0.589844 0.964844 0.597656 0.980469 0.613281 0.980469 0.625 0.996094 0.640625 0.996094 0.574219
0 0.738281 0.710938 0.726562 0.722656 0.726562 0.726562 0.722656 0.730469 0.722656 0.746094 0.730469 0.753906 0.734375 0.753906 0.738281 0.757812 0.765625 0.757812 0.773438 0.75 0.773438 0.738281 0.769531 0.734375 0.769531 0.722656 0.765625 0.71875 0.765625 0.714844 0.761719 0.710938
0 0.734375 0 0.734375 0.0117188 0.75 0.0273438 0.753906 0.0273438 0.757812 0.03125 0.773438 0.03125 0.777344 0.0273438 0.792969 0.0273438 0.796875 0.0234375 0.800781 0.0234375 0.808594 0.015625 0.808594 0
0 0.496094 0.839844 0.492188 0.84375 0.488281 0.84375 0.484375 0.847656 0.476562 0.847656 0.460938 0.863281 0.460938 0.867188 0.453125 0.875 0.453125 0.878906 0.457031 0.882812 0.457031 0.890625 0.464844 0.898438 0.464844 0.90625 0.476562 0.917969 0.488281 0.917969 0.492188 0.921875 0.507812 0.921875 0.511719 0.917969 0.527344 0.917969 0.53125 0.914062 0.535156 0.914062 0.539062 0.910156 0.539062 0.894531 0.535156 0.890625 0.535156 0.878906 0.53125 0.875 0.53125 0.859375 0.527344 0.855469 0.527344 0.847656 0.519531 0.839844
0 0.785156 0.394531 0.777344 0.402344 0.777344 0.40625 0.773438 0.410156 0.777344 0.414062 0.78125 0.414062 0.792969 0.425781 0.796875 0.421875 0.800781 0.421875 0.804688 0.417969 0.804688 0.40625 0.800781 0.402344 0.800781 0.398438 0.796875 0.394531
0 0.839844 0.734375 0.835938 0.738281 0.832031 0.738281 0.824219 0.746094 0.824219 0.75 0.820312 0.753906 0.820312 0.765625 0.828125 0.773438 0.828125 0.777344 0.839844 0.789062 0.84375 0.789062 0.847656 0.792969 0.878906 0.792969 0.886719 0.785156 0.886719 0.777344 0.890625 0.773438 0.890625 0.757812 0.882812 0.75 0.882812 0.738281 0.878906 0.734375
0 0.75 0.171875 0.746094 0.175781 0.734375 0.175781 0.714844 0.195312 0.714844 0.199219 0.710938 0.203125 0.710938 0.210938 0.707031 0.214844 0.707031 0.234375 0.714844 0.242188 0.714844 0.246094 0.722656 0.253906 0.730469 0.253906 0.738281 0.261719 0.765625 0.261719 0.769531 0.257812 0.773438 0.257812 0.785156 0.246094 0.785156 0.242188 0.789062 0.238281 0.789062 0.210938 0.796875 0.203125 0.796875 0.191406 0.78125 0.175781 0.777344 0.175781 0.773438 0.171875
0 0.910156 0.660156 0.902344 0.667969 0.902344 0.671875 0.894531 0.679688 0.890625 0.679688 0.886719 0.683594 0.886719 0.699219 0.882812 0.703125 0.882812 0.71875 0.875 0.726562 0.867188 0.726562 0.859375 0.71875 0.859375 0.683594 0.855469 0.679688 0.796875 0.679688 0.789062 0.6875 0.789062 0.707031 0.792969 0.710938 0.792969 0.730469 0.796875 0.734375 0.796875 0.746094 0.800781 0.75 0.808594 0.75 0.8125 0.753906 0.816406 0.753906 0.820312 0.75 0.820312 0.746094 0.832031 0.734375 0.835938 0.734375 0.839844 0.730469 0.878906 0.730469 0.886719 0.738281 0.886719 0.75 0.890625 0.75 0.898438 0.742188 0.90625 0.742188 0.921875 0.757812 0.949219 0.757812 0.96875 0.738281 0.96875 0.734375 0.964844 0.730469 0.964844 0.71875 0.96875 0.714844 0.96875 0.710938 0.976562 0.703125 0.980469 0.703125 0.984375 0.699219 0.992188 0.699219 0.996094 0.695312 0.996094 0.691406 0.976562 0.691406 0.972656 0.695312 0.972656 0.699219 0.964844 0.707031 0.949219 0.707031 0.941406 0.699219 0.941406 0.679688 0.9375 0.675781 0.929688 0.675781 0.921875 0.667969 0.921875 0.660156
0 0.945312 0.976562 0.933594 0.988281 0.933594 0.996094 0.988281 0.996094 0.988281 0.988281 0.980469 0.980469 0.976562 0.980469 0.972656 0.976562
0 0.0976562 0.0273438 0.0859375 0.0390625 0.0859375 0.0429688 0.0820312 0.046875 0.0820312 0.0546875 0.0703125 0.0664062 0.0703125 0.0742188 0.0742188 0.078125 0.0859375 0.078125 0.101562 0.09375 0.113281 0.09375 0.125 0.0820312 0.125 0.078125 0.136719 0.0664062 0.136719 0.0585938 0.132812 0.0546875 0.132812 0.0507812 0.128906 0.046875 0.125 0.046875 0.105469 0.0273438
0 0.296875 0.0820312 0.292969 0.0859375 0.289062 0.0859375 0.285156 0.0898438 0.28125 0.0898438 0.277344 0.09375 0.273438 0.09375 0.269531 0.0976562 0.265625 0.0976562 0.261719 0.101562 0.261719 0.105469 0.257812 0.109375 0.257812 0.121094 0.253906 0.125 0.253906 0.128906 0.265625 0.140625 0.265625 0.144531 0.273438 0.152344 0.273438 0.15625 0.277344 0.160156 0.285156 0.160156 0.292969 0.152344 0.296875 0.152344 0.308594 0.140625 0.308594 0.136719 0.3125 0.132812 0.3125 0.128906 0.316406 0.125 0.316406 0.09375 0.308594 0.0859375 0.304688 0.0859375 0.300781 0.0820312
0 0.15625 0.257812 0.140625 0.273438 0.140625 0.277344 0.136719 0.28125 0.136719 0.292969 0.132812 0.296875 0.132812 0.308594 0.136719 0.3125 0.136719 0.320312 0.144531 0.328125 0.148438 0.328125 0.152344 0.332031 0.15625 0.332031 0.160156 0.335938 0.171875 0.335938 0.175781 0.332031 0.183594 0.332031 0.195312 0.320312 0.195312 0.316406 0.199219 0.3125 0.199219 0.28125 0.195312 0.277344 0.195312 0.273438 0.191406 0.269531 0.191406 0.265625 0.1875 0.261719 0.183594 0.261719 0.179688 0.257812
0 0.75 0.785156 0.742188 0.792969 0.738281 0.792969 0.726562 0.804688 0.726562 0.851562 0.734375 0.859375 0.738281 0.859375 0.746094 0.867188 0.75 0.867188 0.753906 0.871094 0.785156 0.871094 0.789062 0.867188 0.789062 0.859375 0.796875 0.851562 0.796875 0.808594 0.792969 0.804688 0.792969 0.800781 0.78125 0.789062 0.777344 0.789062 0.773438 0.785156
0 0.945312 0.179688 0.941406 0.183594 0.9375 0.183594 0.925781 0.195312 0.925781 0.199219 0.914062 0.210938 0.914062 0.234375 0.921875 0.242188 0.953125 0.242188 0.957031 0.238281 0.964844 0.238281 0.96875 0.234375 0.96875 0.226562 0.976562 0.21875 0.976562 0.199219 0.960938 0.183594 0.957031 0.183594 0.953125 0.179688
0 0.046875 0.429688 0.0390625 0.4375 0.0351562 0.4375 0.03125 0.441406 0.03125 0.460938 0.0351562 0.464844 0.0429688 0.464844 0.046875 0.46875 0.0703125 0.46875 0.078125 0.460938 0.078125 0.441406 0.0742188 0.4375 0.0703125 0.4375 0.0664062 0.433594 0.0625 0.433594 0.0585938 0.429688
0 0.664062 0 0.664062 0.0195312 0.671875 0.0273438 0.691406 0.0273438 0.699219 0.0195312 0.699219 0.0117188 0.695312 0.0078125 0.695312 0.00390625 0.691406 0
0 0 0.597656 0 0.6875 0.015625 0.6875 0.0195312 0.683594 0.0273438 0.683594 0.0351562 0.675781 0.0390625 0.675781 0.0429688 0.671875 0.0429688 0.667969 0.046875 0.664062 0.046875 0.660156 0.0507812 0.65625 0.0507812 0.625 0.046875 0.621094 0.046875 0.617188 0.0351562 0.605469 0.03125 0.605469 0.0273438 0.601562 0.0234375 0.601562 0.0195312 0.597656
0 0.605469 0.140625 0.601562 0.144531 0.589844 0.144531 0.585938 0.148438 0.578125 0.148438 0.570312 0.15625 0.570312 0.160156 0.566406 0.164062 0.570312 0.167969 0.570312 0.199219 0.589844 0.21875 0.59375 0.21875 0.601562 0.226562 0.621094 0.226562 0.628906 0.21875 0.636719 0.21875 0.648438 0.207031 0.648438 0.171875 0.644531 0.167969 0.644531 0.164062 0.640625 0.160156 0.640625 0.15625 0.632812 0.148438 0.628906 0.148438 0.625 0.144531 0.617188 0.144531 0.613281 0.140625
0 0.699219 0.597656 0.695312 0.601562 0.695312 0.609375 0.6875 0.617188 0.675781 0.617188 0.671875 0.613281 0.667969 0.613281 0.664062 0.617188 0.664062 0.625 0.65625 0.632812 0.65625 0.652344 0.652344 0.65625 0.652344 0.664062 0.648438 0.667969 0.648438 0.675781 0.664062 0.691406 0.707031 0.691406 0.710938 0.6875 0.710938 0.683594 0.722656 0.671875 0.722656 0.667969 0.726562 0.664062 0.726562 0.65625 0.730469 0.652344 0.730469 0.648438 0.734375 0.644531 0.734375 0.625 0.726562 0.617188 0.726562 0.613281 0.710938 0.597656
0 0.71875 0.0742188 0.714844 0.078125 0.710938 0.078125 0.707031 0.0820312 0.699219 0.0820312 0.695312 0.0859375 0.691406 0.0859375 0.6875 0.0898438 0.683594 0.0898438 0.679688 0.09375 0.679688 0.0976562 0.675781 0.101562 0.675781 0.109375 0.671875 0.113281 0.671875 0.125 0.675781 0.128906 0.675781 0.140625 0.679688 0.144531 0.679688 0.148438 0.691406 0.160156 0.707031 0.160156 0.710938 0.164062 0.71875 0.164062 0.722656 0.160156 0.730469 0.160156 0.734375 0.15625 0.738281 0.15625 0.761719 0.132812 0.761719 0.128906 0.765625 0.125 0.765625 0.101562 0.761719 0.0976562 0.761719 0.09375 0.757812 0.0898438 0.757812 0.0859375 0.75 0.078125 0.746094 0.078125 0.742188 0.0742188
0 0.503906 0.0976562 0.5 0.101562 0.488281 0.101562 0.46875 0.121094 0.46875 0.140625 0.476562 0.148438 0.476562 0.152344 0.480469 0.15625 0.488281 0.15625 0.496094 0.164062 0.511719 0.164062 0.515625 0.167969 0.539062 0.167969 0.542969 0.164062 0.5625 0.164062 0.566406 0.160156 0.566406 0.15625 0.578125 0.144531 0.578125 0.113281 0.570312 0.105469 0.570312 0.101562 0.566406 0.0976562
0 0.652344 0.25 0.648438 0.253906 0.632812 0.253906 0.628906 0.257812 0.625 0.257812 0.621094 0.261719 0.609375 0.261719 0.605469 0.265625 0.605469 0.269531 0.601562 0.273438 0.601562 0.277344 0.589844 0.289062 0.589844 0.292969 0.585938 0.296875 0.585938 0.300781 0.582031 0.304688 0.582031 0.3125 0.585938 0.316406 0.585938 0.324219 0.589844 0.328125 0.589844 0.347656 0.605469 0.363281 0.65625 0.363281 0.660156 0.359375 0.664062 0.359375 0.679688 0.34375 0.679688 0.339844 0.683594 0.335938 0.683594 0.332031 0.6875 0.328125 0.6875 0.320312 0.691406 0.316406 0.691406 0.308594 0.6875 0.304688 0.6875 0.292969 0.683594 0.289062 0.683594 0.28125 0.675781 0.273438 0.675781 0.265625 0.671875 0.261719 0.667969 0.261719 0.65625 0.25
0 0.769531 0.949219 0.753906 0.964844 0.75 0.964844 0.730469 0.984375 0.730469 0.996094 0.824219 0.996094 0.824219 0.984375 0.820312 0.980469 0.820312 0.976562 0.8125 0.96875 0.8125 0.964844 0.800781 0.953125 0.796875 0.953125 0.792969 0.949219
0 0.539062 0.945312 0.535156 0.949219 0.523438 0.949219 0.519531 0.953125 0.515625 0.953125 0.5 0.96875 0.5 0.972656 0.496094 0.976562 0.496094 0.992188 0.5 0.996094 0.585938 0.996094 0.585938 0.992188 0.582031 0.988281 0.582031 0.976562 0.578125 0.972656 0.578125 0.96875 0.5625 0.953125 0.558594 0.953125 0.554688 0.949219 0.546875 0.949219 0.542969 0.945312
0 0.769531 0.566406 0.765625 0.570312 0.765625 0.574219 0.753906 0.585938 0.753906 0.628906 0.757812 0.632812 0.757812 0.636719 0.765625 0.644531 0.773438 0.644531 0.777344 0.648438 0.800781 0.648438 0.808594 0.640625 0.8125 0.640625 0.816406 0.636719 0.816406 0.628906 0.820312 0.625 0.820312 0.621094 0.828125 0.613281 0.828125 0.585938 0.808594 0.566406
0 0.492188 0.175781 0.484375 0.183594 0.476562 0.183594 0.46875 0.191406 0.46875 0.21875 0.472656 0.222656 0.472656 0.226562 0.476562 0.230469 0.480469 0.230469 0.484375 0.234375 0.492188 0.234375 0.496094 0.238281 0.554688 0.238281 0.5625 0.230469 0.5625 0.226562 0.566406 0.222656 0.566406 0.21875 0.5625 0.214844 0.5625 0.210938 0.558594 0.207031 0.558594 0.203125 0.550781 0.195312 0.550781 0.191406 0.546875 0.1875 0.542969 0.1875 0.535156 0.179688 0.53125 0.179688 0.527344 0.175781
0 0.945312 0.789062 0.941406 0.792969 0.921875 0.792969 0.917969 0.796875 0.910156 0.796875 0.902344 0.804688 0.902344 0.824219 0.914062 0.835938 0.914062 0.839844 0.933594 0.859375 0.9375 0.859375 0.941406 0.863281 0.945312 0.863281 0.949219 0.867188 0.976562 0.867188 0.980469 0.863281 0.992188 0.863281 0.996094 0.859375 0.996094 0.800781 0.992188 0.796875 0.988281 0.796875 0.980469 0.789062
0 0.507812 0.675781 0.503906 0.679688 0.496094 0.679688 0.492188 0.683594 0.488281 0.683594 0.480469 0.691406 0.480469 0.695312 0.472656 0.703125 0.472656 0.710938 0.46875 0.714844 0.46875 0.734375 0.472656 0.738281 0.472656 0.746094 0.476562 0.75 0.476562 0.753906 0.480469 0.757812 0.488281 0.757812 0.496094 0.765625 0.5 0.765625 0.507812 0.773438 0.515625 0.773438 0.519531 0.777344 0.53125 0.777344 0.542969 0.765625 0.542969 0.761719 0.546875 0.757812 0.546875 0.742188 0.550781 0.738281 0.550781 0.71875 0.546875 0.714844 0.546875 0.695312 0.542969 0.691406 0.542969 0.6875 0.535156 0.679688 0.527344 0.679688 0.523438 0.675781
0 0.40625 0.222656 0.402344 0.226562 0.394531 0.226562 0.390625 0.230469 0.386719 0.230469 0.382812 0.234375 0.382812 0.238281 0.375 0.246094 0.375 0.277344 0.378906 0.28125 0.378906 0.285156 0.390625 0.296875 0.394531 0.296875 0.398438 0.300781 0.40625 0.300781 0.410156 0.304688 0.421875 0.304688 0.425781 0.300781 0.433594 0.300781 0.4375 0.296875 0.441406 0.296875 0.445312 0.292969 0.445312 0.289062 0.449219 0.285156 0.449219 0.273438 0.4375 0.261719 0.4375 0.242188 0.441406 0.238281 0.441406 0.234375 0.4375 0.230469 0.433594 0.230469 0.429688 0.226562 0.421875 0.226562 0.417969 0.222656
0 0.507812 0.257812 0.503906 0.261719 0.5 0.261719 0.488281 0.273438 0.488281 0.28125 0.480469 0.289062 0.480469 0.324219 0.484375 0.328125 0.484375 0.332031 0.492188 0.339844 0.507812 0.339844 0.511719 0.34375 0.527344 0.34375 0.53125 0.339844 0.535156 0.339844 0.539062 0.335938 0.542969 0.335938 0.546875 0.332031 0.546875 0.328125 0.550781 0.324219 0.550781 0.320312 0.554688 0.316406 0.554688 0.28125 0.535156 0.261719 0.53125 0.261719 0.527344 0.257812
0 0.183594 0.0703125 0.179688 0.0742188 0.175781 0.0742188 0.171875 0.078125 0.160156 0.078125 0.15625 0.0820312 0.152344 0.0820312 0.144531 0.0898438 0.144531 0.09375 0.140625 0.0976562 0.140625 0.101562 0.132812 0.109375 0.132812 0.128906 0.144531 0.140625 0.148438 0.140625 0.160156 0.152344 0.1875 0.152344 0.191406 0.148438 0.191406 0.144531 0.199219 0.136719 0.203125 0.136719 0.21875 0.121094 0.21875 0.117188 0.222656 0.113281 0.222656 0.0859375 0.207031 0.0703125
0 0.460938 0.355469 0.445312 0.371094 0.445312 0.375 0.441406 0.378906 0.441406 0.402344 0.445312 0.40625 0.445312 0.410156 0.449219 0.414062 0.449219 0.417969 0.464844 0.433594 0.480469 0.433594 0.488281 0.441406 0.503906 0.441406 0.507812 0.4375 0.511719 0.4375 0.527344 0.421875 0.527344 0.417969 0.53125 0.414062 0.53125 0.382812 0.527344 0.378906 0.527344 0.375 0.523438 0.371094 0.523438 0.367188 0.519531 0.363281 0.5 0.363281 0.492188 0.355469
0 0.585938 0.6875 0.574219 0.699219 0.574219 0.703125 0.570312 0.707031 0.570312 0.75 0.574219 0.753906 0.574219 0.757812 0.578125 0.761719 0.582031 0.761719 0.585938 0.765625 0.625 0.765625 0.628906 0.761719 0.632812 0.761719 0.640625 0.753906 0.640625 0.75 0.644531 0.746094 0.644531 0.738281 0.648438 0.734375 0.648438 0.714844 0.625 0.691406 0.617188 0.691406 0.613281 0.6875
