0 0.597656 0.277344 0.59375 0.28125 0.589844 0.28125 0.585938 0.285156 0.582031 0.285156 0.574219 0.292969 0.574219 0.296875 0.570312 0.300781 0.570312 0.304688 0.566406 0.308594 0.566406 0.324219 0.570312 0.328125 0.570312 0.335938 0.574219 0.339844 0.574219 0.34375 0.585938 0.355469 0.589844 0.355469 0.59375 0.359375 0.617188 0.359375 0.621094 0.355469 0.625 0.355469 0.628906 0.351562 0.632812 0.351562 0.636719 0.347656 0.640625 0.347656 0.648438 0.339844 0.648438 0.335938 0.652344 0.332031 0.652344 0.304688 0.632812 0.285156 0.628906 0.285156 0.625 0.28125 0.621094 0.28125 0.617188 0.277344
0 0.0625 0.773438 0.0507812 0.785156 0.0507812 0.800781 0.046875 0.804688 0.046875 0.820312 0.0507812 0.824219 0.0507812 0.828125 0.0546875 0.832031 0.0625 0.832031 0.0664062 0.835938 0.078125 0.835938 0.0859375 0.828125 0.0859375 0.824219 0.0898438 0.820312 0.0898438 0.804688 0.0859375 0.800781 0.0859375 0.785156 0.0742188 0.773438
0 0.925781 0.386719 0.917969 0.394531 0.917969 0.398438 0.914062 0.402344 0.914062 0.421875 0.921875 0.429688 0.921875 0.433594 0.925781 0.4375 0.929688 0.4375 0.933594 0.441406 0.953125 0.441406 0.964844 0.429688 0.964844 0.425781 0.96875 0.421875 0.96875 0.414062 0.964844 0.410156 0.964844 0.40625 0.949219 0.390625 0.945312 0.390625 0.941406 0.386719
0 0.867188 0.273438 0.863281 0.277344 0.859375 0.277344 0.851562 0.285156 0.851562 0.304688 0.855469 0.308594 0.894531 0.308594 0.898438 0.304688 0.902344 0.304688 0.90625 0.300781 0.90625 0.285156 0.898438 0.277344 0.894531 0.277344 0.890625 0.273438
0 0.605469 0.605469 0.589844 0.621094 0.589844 0.640625 0.585938 0.644531 0.585938 0.65625 0.589844 0.660156 0.589844 0.664062 0.605469 0.679688 0.625 0.679688 0.628906 0.675781 0.632812 0.675781 0.640625 0.667969 0.640625 0.664062 0.644531 0.660156 0.644531 0.652344 0.648438 0.648438 0.648438 0.632812 0.644531 0.628906 0.644531 0.621094 0.628906 0.605469
0 0.519531 0 0.527344 0.0078125 0.527344 0.0117188 0.535156 0.0195312 0.539062 0.0195312 0.542969 0.0234375 0.566406 0.0234375 0.570312 0.0195312 0.574219 0.0195312 0.578125 0.015625 0.582031 0.015625 0.585938 0.0117188 0.585938 0.0078125 0.589844 0.00390625 0.589844 0
0 0.796875 0.144531 0.789062 0.152344 0.789062 0.15625 0.785156 0.160156 0.785156 0.167969 0.78125 0.171875 0.78125 0.179688 0.785156 0.183594 0.796875 0.183594 0.804688 0.175781 0.808594 0.175781 0.8125 0.171875 0.8125 0.148438 0.808594 0.144531
0 0.589844 0.8125 0.585938 0.816406 0.566406 0.816406 0.550781 0.832031 0.550781 0.835938 0.546875 0.839844 0.546875 0.855469 0.550781 0.859375 0.550781 0.867188 0.5625 0.878906 0.566406 0.878906 0.570312 0.882812 0.597656 0.882812 0.609375 0.871094 0.609375 0.867188 0.613281 0.863281 0.613281 0.859375 0.617188 0.855469 0.617188 0.828125 0.601562 0.8125
0 0.851562 0.875 0.847656 0.878906 0.84375 0.878906 0.828125 0.894531 0.828125 0.898438 0.824219 0.902344 0.824219 0.910156 0.820312 0.914062 0.820312 0.925781 0.835938 0.941406 0.839844 0.941406 0.84375 0.945312 0.867188 0.945312 0.871094 0.941406 0.875 0.941406 0.878906 0.9375 0.882812 0.9375 0.886719 0.933594 0.890625 0.933594 0.902344 0.921875 0.902344 0.902344 0.898438 0.898438 0.898438 0.890625 0.882812 0.875
0 0.878906 0.695312 0.875 0.699219 0.871094 0.699219 0.863281 0.707031 0.863281 0.714844 0.859375 0.71875 0.859375 0.746094 0.867188 0.753906 0.875 0.753906 0.878906 0.757812 0.890625 0.757812 0.902344 0.746094 0.902344 0.734375 0.90625 0.730469 0.90625 0.71875 0.898438 0.710938 0.898438 0.703125 0.890625 0.695312
0 0.753906 0.554688 0.75 0.558594 0.746094 0.558594 0.742188 0.5625 0.742188 0.566406 0.738281 0.570312 0.738281 0.578125 0.742188 0.582031 0.742188 0.585938 0.753906 0.597656 0.757812 0.597656 0.761719 0.601562 0.765625 0.601562 0.769531 0.605469 0.789062 0.605469 0.800781 0.59375 0.800781 0.589844 0.804688 0.585938 0.804688 0.582031 0.800781 0.578125 0.800781 0.570312 0.785156 0.554688
0 0.800781 0.394531 0.796875 0.398438 0.792969 0.398438 0.785156 0.40625 0.78125 0.40625 0.777344 0.410156 0.777344 0.414062 0.773438 0.417969 0.773438 0.425781 0.769531 0.429688 0.769531 0.433594 0.773438 0.4375 0.773438 0.441406 0.789062 0.457031 0.796875 0.457031 0.800781 0.453125 0.8125 0.453125 0.824219 0.441406 0.824219 0.4375 0.828125 0.433594 0.828125 0.410156 0.8125 0.394531
0 0.816406 0.101562 0.808594 0.109375 0.808594 0.113281 0.804688 0.117188 0.804688 0.140625 0.832031 0.140625 0.835938 0.136719 0.835938 0.109375 0.828125 0.101562
0 0.105469 0.0859375 0.101562 0.0898438 0.101562 0.0976562 0.105469 0.101562 0.113281 0.101562 0.117188 0.0976562 0.117188 0.0898438 0.113281 0.0859375
0 0.960938 0.5 0.957031 0.503906 0.953125 0.503906 0.941406 0.515625 0.941406 0.519531 0.953125 0.53125 0.957031 0.53125 0.960938 0.535156 0.976562 0.535156 0.984375 0.527344 0.984375 0.523438 0.988281 0.519531 0.988281 0.511719 0.980469 0.503906 0.976562 0.503906 0.972656 0.5
0 0.238281 0.0703125 0.234375 0.0742188 0.234375 0.078125 0.230469 0.0820312 0.230469 0.0859375 0.226562 0.0898438 0.226562 0.117188 0.234375 0.125 0.238281 0.125 0.242188 0.128906 0.261719 0.128906 0.269531 0.121094 0.273438 0.121094 0.277344 0.117188 0.277344 0.101562 0.273438 0.0976562 0.273438 0.0859375 0.265625 0.078125 0.261719 0.078125 0.257812 0.0742188 0.25 0.0742188 0.246094 0.0703125
0 0.671875 0.0976562 0.660156 0.109375 0.660156 0.125 0.664062 0.128906 0.664062 0.136719 0.671875 0.144531 0.671875 0.148438 0.683594 0.160156 0.703125 0.160156 0.710938 0.152344 0.710938 0.148438 0.714844 0.144531 0.714844 0.128906 0.710938 0.125 0.710938 0.117188 0.695312 0.101562 0.691406 0.101562 0.6875 0.0976562
0 0.332031 0.03125 0.328125 0.0351562 0.300781 0.0351562 0.296875 0.0390625 0.296875 0.046875 0.292969 0.0507812 0.292969 0.0546875 0.296875 0.0585938 0.296875 0.0664062 0.308594 0.078125 0.324219 0.078125 0.328125 0.0742188 0.332031 0.0742188 0.339844 0.0664062 0.34375 0.0664062 0.351562 0.0585938 0.351562 0.0546875 0.355469 0.0507812 0.355469 0.0351562 0.351562 0.03125
0 0.367188 0.527344 0.363281 0.53125 0.355469 0.53125 0.351562 0.535156 0.351562 0.539062 0.347656 0.542969 0.347656 0.546875 0.34375 0.550781 0.34375 0.566406 0.347656 0.570312 0.347656 0.582031 0.359375 0.59375 0.386719 0.59375 0.390625 0.597656 0.398438 0.597656 0.417969 0.578125 0.417969 0.550781 0.414062 0.546875 0.414062 0.542969 0.40625 0.535156 0.402344 0.535156 0.398438 0.53125 0.394531 0.53125 0.390625 0.527344
0 0.113281 0.878906 0.109375 0.882812 0.109375 0.890625 0.113281 0.894531 0.121094 0.894531 0.125 0.890625 0.125 0.882812 0.121094 0.878906
0 0.347656 0.84375 0.34375 0.847656 0.34375 0.855469 0.347656 0.859375 0.355469 0.859375 0.359375 0.855469 0.359375 0.847656 0.355469 0.84375
0 0.398438 0.269531 0.382812 0.285156 0.382812 0.296875 0.386719 0.300781 0.398438 0.300781 0.402344 0.304688 0.410156 0.304688 0.417969 0.296875 0.417969 0.277344 0.410156 0.269531
0 0.140625 0.332031 0.136719 0.335938 0.132812 0.335938 0.117188 0.351562 0.117188 0.355469 0.113281 0.359375 0.113281 0.363281 0.105469 0.371094 0.105469 0.390625 0.109375 0.394531 0.109375 0.398438 0.113281 0.402344 0.117188 0.402344 0.125 0.410156 0.140625 0.410156 0.148438 0.417969 0.171875 0.417969 0.175781 0.414062 0.179688 0.414062 0.191406 0.402344 0.195312 0.402344 0.203125 0.394531 0.203125 0.386719 0.207031 0.382812 0.207031 0.371094 0.199219 0.363281 0.199219 0.355469 0.183594 0.339844 0.175781 0.339844 0.171875 0.335938 0.167969 0.335938 0.164062 0.332031
0 0.21875 0.699219 0.214844 0.703125 0.210938 0.703125 0.203125 0.710938 0.203125 0.714844 0.195312 0.722656 0.195312 0.734375 0.191406 0.738281 0.191406 0.753906 0.195312 0.757812 0.195312 0.765625 0.199219 0.769531 0.199219 0.773438 0.203125 0.777344 0.203125 0.78125 0.207031 0.785156 0.210938 0.785156 0.21875 0.792969 0.226562 0.792969 0.230469 0.796875 0.242188 0.796875 0.246094 0.792969 0.25 0.792969 0.277344 0.765625 0.277344 0.734375 0.273438 0.730469 0.273438 0.722656 0.253906 0.703125 0.25 0.703125 0.246094 0.699219
0 0.4375 0.394531 0.433594 0.398438 0.433594 0.410156 0.4375 0.414062 0.4375 0.421875 0.445312 0.429688 0.445312 0.433594 0.449219 0.4375 0.449219 0.441406 0.453125 0.445312 0.457031 0.445312 0.460938 0.449219 0.476562 0.449219 0.480469 0.445312 0.484375 0.445312 0.492188 0.4375 0.492188 0.421875 0.472656 0.402344 0.464844 0.402344 0.460938 0.398438 0.453125 0.398438 0.449219 0.394531
0 0.285156 0.855469 0.28125 0.859375 0.273438 0.859375 0.269531 0.863281 0.265625 0.863281 0.25 0.878906 0.25 0.882812 0.246094 0.886719 0.246094 0.898438 0.242188 0.902344 0.242188 0.917969 0.246094 0.921875 0.246094 0.929688 0.25 0.933594 0.25 0.9375 0.265625 0.953125 0.28125 0.953125 0.285156 0.949219 0.289062 0.949219 0.292969 0.945312 0.296875 0.945312 0.316406 0.925781 0.316406 0.921875 0.320312 0.917969 0.320312 0.914062 0.324219 0.910156 0.324219 0.90625 0.328125 0.902344 0.328125 0.898438 0.332031 0.894531 0.332031 0.878906 0.328125 0.875 0.328125 0.871094 0.316406 0.859375 0.308594 0.859375 0.304688 0.855469
0 0.730469 0 0.746094 0.015625 0.75 0.015625 0.753906 0.0195312 0.769531 0.0195312 0.773438 0.015625 0.777344 0.015625 0.792969 0
0 0 0.417969 0 0.484375 0.0078125 0.484375 0.0117188 0.488281 0.0195312 0.488281 0.0234375 0.484375 0.0273438 0.484375 0.03125 0.480469 0.03125 0.476562 0.0351562 0.472656 0.0351562 0.46875 0.0429688 0.460938 0.046875 0.460938 0.0507812 0.457031 0.0507812 0.433594 0.0390625 0.421875 0.0351562 0.421875 0.03125 0.417969
