0 0.382812 0 0.382812 0.0078125 0.378906 0.0117188 0.378906 0.046875 0.382812 0.0507812 0.382812 0.0546875 0.386719 0.0585938 0.386719 0.0625 0.390625 0.0664062 0.390625 0.0703125 0.40625 0.0859375 0.410156 0.0859375 0.417969 0.09375 0.445312 0.09375 0.457031 0.0820312 0.457031 0.078125 0.460938 0.0742188 0.460938 0.0703125 0.464844 0.0664062 0.464844 0.0585938 0.46875 0.0546875 0.46875 0.0390625 0.464844 0.0351562 0.464844 0.0273438 0.449219 0.0117188 0.445312 0.0117188 0.441406 0.0078125 0.4375 0.0078125 0.433594 0.00390625 0.429688 0.00390625 0.425781 0
0 0.132812 0.292969 0.101562 0.324219 0.101562 0.328125 0.078125 0.351562 0.078125 0.355469 0.0820312 0.359375 0.0820312 0.363281 0.0859375 0.367188 0.0859375 0.371094 0.101562 0.386719 0.105469 0.386719 0.109375 0.390625 0.117188 0.390625 0.121094 0.394531 0.128906 0.386719 0.136719 0.386719 0.144531 0.378906 0.164062 0.378906 0.167969 0.375 0.167969 0.371094 0.171875 0.367188 0.171875 0.363281 0.175781 0.359375 0.175781 0.332031 0.171875 0.328125 0.171875 0.324219 0.167969 0.320312 0.167969 0.316406 0.160156 0.308594 0.15625 0.308594 0.148438 0.300781 0.144531 0.300781 0.140625 0.296875 0.136719 0.296875
0 0.785156 0.953125 0.78125 0.957031 0.773438 0.957031 0.769531 0.960938 0.765625 0.960938 0.75 0.976562 0.75 0.984375 0.746094 0.988281 0.746094 0.996094 0.847656 0.996094 0.847656 0.992188 0.84375 0.988281 0.84375 0.984375 0.839844 0.980469 0.839844 0.976562 0.824219 0.960938 0.820312 0.960938 0.816406 0.957031 0.804688 0.957031 0.800781 0.953125
0 0.929688 0.960938 0.925781 0.964844 0.917969 0.964844 0.914062 0.96875 0.910156 0.96875 0.902344 0.976562 0.902344 0.980469 0.898438 0.984375 0.898438 0.988281 0.894531 0.992188 0.894531 0.996094 0.976562 0.996094 0.976562 0.988281 0.972656 0.984375 0.972656 0.980469 0.960938 0.96875 0.957031 0.96875 0.953125 0.964844 0.945312 0.964844 0.941406 0.960938
0 0.15625 0.546875 0.152344 0.550781 0.148438 0.550781 0.144531 0.554688 0.140625 0.554688 0.132812 0.5625 0.132812 0.566406 0.128906 0.570312 0.128906 0.578125 0.125 0.582031 0.125 0.59375 0.128906 0.597656 0.128906 0.605469 0.132812 0.609375 0.132812 0.617188 0.152344 0.636719 0.183594 0.636719 0.1875 0.632812 0.191406 0.632812 0.195312 0.628906 0.199219 0.628906 0.207031 0.621094 0.210938 0.621094 0.210938 0.617188 0.21875 0.609375 0.21875 0.578125 0.214844 0.574219 0.214844 0.570312 0.210938 0.566406 0.210938 0.5625 0.203125 0.554688 0.199219 0.554688 0.195312 0.550781 0.191406 0.550781 0.1875 0.546875
0 0.367188 0.257812 0.363281 0.261719 0.355469 0.261719 0.351562 0.265625 0.347656 0.265625 0.335938 0.277344 0.335938 0.28125 0.332031 0.285156 0.332031 0.292969 0.328125 0.296875 0.328125 0.3125 0.332031 0.316406 0.332031 0.320312 0.335938 0.324219 0.335938 0.328125 0.34375 0.335938 0.34375 0.339844 0.347656 0.339844 0.351562 0.34375 0.355469 0.34375 0.359375 0.347656 0.367188 0.347656 0.371094 0.351562 0.378906 0.351562 0.382812 0.347656 0.390625 0.347656 0.394531 0.34375 0.398438 0.34375 0.414062 0.328125 0.414062 0.324219 0.417969 0.320312 0.417969 0.3125 0.421875 0.308594 0.421875 0.300781 0.417969 0.296875 0.417969 0.289062 0.414062 0.285156 0.414062 0.28125 0.394531 0.261719 0.382812 0.261719 0.378906 0.257812
0 0.0898438 0.136719 0.0859375 0.140625 0.0820312 0.140625 0.078125 0.144531 0.078125 0.148438 0.0742188 0.152344 0.0742188 0.179688 0.09375 0.199219 0.0976562 0.199219 0.101562 0.203125 0.117188 0.203125 0.121094 0.199219 0.125 0.199219 0.140625 0.183594 0.140625 0.167969 0.136719 0.164062 0.136719 0.15625 0.128906 0.148438 0.128906 0.144531 0.125 0.144531 0.117188 0.136719
0 0.425781 0.816406 0.421875 0.820312 0.414062 0.820312 0.410156 0.824219 0.40625 0.824219 0.390625 0.839844 0.390625 0.84375 0.386719 0.847656 0.386719 0.882812 0.390625 0.886719 0.390625 0.890625 0.394531 0.894531 0.394531 0.898438 0.402344 0.90625 0.40625 0.90625 0.410156 0.910156 0.414062 0.910156 0.417969 0.914062 0.449219 0.914062 0.453125 0.910156 0.457031 0.910156 0.46875 0.898438 0.46875 0.894531 0.472656 0.890625 0.472656 0.855469 0.46875 0.851562 0.46875 0.84375 0.464844 0.839844 0.464844 0.835938 0.453125 0.824219 0.449219 0.824219 0.445312 0.820312 0.4375 0.820312 0.433594 0.816406
0 0 0.0078125 0 0.0820312 0.00390625 0.0820312 0.0078125 0.078125 0.0117188 0.078125 0.0195312 0.0703125 0.0195312 0.0664062 0.0234375 0.0625 0.0234375 0.0585938 0.0273438 0.0546875 0.0273438 0.0351562 0.0234375 0.03125 0.0234375 0.0273438 0.0195312 0.0234375 0.0195312 0.0195312 0.0117188 0.0117188 0.0078125 0.0117188 0.00390625 0.0078125
0 0 0.550781 0 0.613281 0.0078125 0.621094 0.0078125 0.625 0.0234375 0.640625 0.0273438 0.640625 0.03125 0.644531 0.0390625 0.644531 0.0429688 0.648438 0.0546875 0.648438 0.0585938 0.644531 0.0664062 0.644531 0.0703125 0.640625 0.0742188 0.640625 0.0820312 0.632812 0.0820312 0.628906 0.0859375 0.625 0.0859375 0.617188 0.0898438 0.613281 0.0898438 0.585938 0.0859375 0.582031 0.0859375 0.574219 0.0703125 0.558594 0.0664062 0.558594 0.0625 0.554688 0.0546875 0.554688 0.0507812 0.550781 0.0351562 0.550781 0.03125 0.554688 0.0078125 0.554688 0.00390625 0.550781
0 0.351562 0.90625 0.347656 0.910156 0.339844 0.910156 0.324219 0.925781 0.324219 0.929688 0.320312 0.933594 0.320312 0.9375 0.316406 0.941406 0.316406 0.96875 0.320312 0.972656 0.320312 0.980469 0.328125 0.988281 0.328125 0.992188 0.332031 0.996094 0.382812 0.996094 0.390625 0.988281 0.394531 0.988281 0.394531 0.984375 0.402344 0.976562 0.402344 0.96875 0.40625 0.964844 0.40625 0.957031 0.402344 0.953125 0.402344 0.945312 0.398438 0.941406 0.398438 0.9375 0.375 0.914062 0.371094 0.914062 0.367188 0.910156 0.359375 0.910156 0.355469 0.90625
0 0.144531 0.382812 0.136719 0.390625 0.128906 0.390625 0.0898438 0.429688 0.0898438 0.433594 0.0820312 0.441406 0.0820312 0.46875 0.0898438 0.476562 0.0898438 0.480469 0.117188 0.507812 0.15625 0.507812 0.1875 0.476562 0.195312 0.476562 0.207031 0.464844 0.207031 0.460938 0.214844 0.453125 0.214844 0.4375 0.195312 0.417969 0.191406 0.417969 0.183594 0.410156 0.183594 0.402344 0.171875 0.390625 0.171875 0.386719 0.167969 0.382812
0 0.992188 0.460938 0.988281 0.464844 0.984375 0.464844 0.980469 0.46875 0.980469 0.472656 0.972656 0.480469 0.972656 0.484375 0.96875 0.488281 0.96875 0.507812 0.992188 0.53125 0.996094 0.53125 0.996094 0.460938
0 0 0.214844 0 0.277344 0.0078125 0.277344 0.0117188 0.28125 0.015625 0.28125 0.015625 0.277344 0.0234375 0.269531 0.0234375 0.226562 0.0273438 0.222656 0.0273438 0.21875 0.03125 0.214844
0 0 0.125 0 0.191406 0.0351562 0.191406 0.0390625 0.1875 0.0390625 0.15625 0.0351562 0.152344 0.0351562 0.148438 0.0273438 0.140625 0.0273438 0.136719 0.0234375 0.136719 0.015625 0.128906 0.0117188 0.128906 0.0078125 0.125
0 0.875 0 0.875 0.0078125 0.878906 0.0117188 0.878906 0.015625 0.890625 0.0273438 0.898438 0.0273438 0.902344 0.03125 0.914062 0.03125 0.917969 0.0273438 0.929688 0.0273438 0.933594 0.0234375 0.9375 0.0234375 0.941406 0.0195312 0.945312 0.0195312 0.957031 0.0078125 0.957031 0
0 0.550781 0.925781 0.542969 0.933594 0.539062 0.933594 0.535156 0.9375 0.535156 0.941406 0.527344 0.949219 0.527344 0.953125 0.523438 0.957031 0.523438 0.96875 0.519531 0.972656 0.519531 0.984375 0.523438 0.984375 0.535156 0.996094 0.609375 0.996094 0.609375 0.988281 0.617188 0.980469 0.621094 0.980469 0.628906 0.972656 0.625 0.976562 0.621094 0.976562 0.617188 0.980469 0.605469 0.980469 0.597656 0.972656 0.59375 0.972656 0.589844 0.96875 0.585938 0.96875 0.582031 0.964844 0.578125 0.964844 0.574219 0.960938 0.570312 0.960938 0.5625 0.953125 0.5625 0.949219 0.554688 0.941406 0.554688 0.9375 0.550781 0.933594
0 0.375 0.617188 0.371094 0.621094 0.359375 0.621094 0.355469 0.625 0.351562 0.625 0.347656 0.628906 0.34375 0.628906 0.335938 0.636719 0.335938 0.640625 0.328125 0.648438 0.328125 0.65625 0.324219 0.660156 0.324219 0.679688 0.328125 0.683594 0.328125 0.691406 0.335938 0.699219 0.335938 0.703125 0.347656 0.714844 0.351562 0.714844 0.355469 0.71875 0.390625 0.71875 0.394531 0.714844 0.402344 0.714844 0.410156 0.707031 0.414062 0.707031 0.425781 0.695312 0.425781 0.691406 0.429688 0.6875 0.429688 0.683594 0.433594 0.679688 0.433594 0.671875 0.4375 0.667969 0.4375 0.660156 0.433594 0.65625 0.433594 0.644531 0.417969 0.628906 0.414062 0.628906 0.410156 0.625 0.40625 0.625 0.402344 0.621094 0.390625 0.621094 0.386719 0.617188
0 0.128906 0.859375 0.125 0.863281 0.117188 0.863281 0.113281 0.867188 0.109375 0.867188 0.105469 0.871094 0.105469 0.875 0.101562 0.878906 0.101562 0.886719 0.0976562 0.890625 0.0976562 0.898438 0.101562 0.902344 0.101562 0.914062 0.105469 0.917969 0.105469 0.921875 0.113281 0.929688 0.113281 0.933594 0.117188 0.933594 0.121094 0.9375 0.125 0.9375 0.128906 0.941406 0.136719 0.941406 0.140625 0.945312 0.160156 0.945312 0.164062 0.941406 0.167969 0.941406 0.171875 0.9375 0.175781 0.9375 0.179688 0.933594 0.179688 0.929688 0.1875 0.921875 0.1875 0.914062 0.191406 0.910156 0.191406 0.890625 0.1875 0.886719 0.1875 0.878906 0.175781 0.867188 0.167969 0.867188 0.164062 0.863281 0.144531 0.863281 0.140625 0.859375
0 0.996094 0.304688 0.988281 0.3125 0.976562 0.3125 0.972656 0.316406 0.96875 0.316406 0.964844 0.320312 0.964844 0.324219 0.957031 0.332031 0.957031 0.339844 0.941406 0.355469 0.941406 0.367188 0.933594 0.375 0.933594 0.390625 0.929688 0.394531 0.929688 0.40625 0.925781 0.410156 0.925781 0.425781 0.929688 0.429688 0.960938 0.429688 0.964844 0.425781 0.96875 0.425781 0.972656 0.421875 0.976562 0.421875 0.980469 0.417969 0.984375 0.417969 0.996094 0.40625
0 0.167969 0.171875 0.164062 0.175781 0.160156 0.175781 0.152344 0.183594 0.152344 0.191406 0.15625 0.195312 0.15625 0.199219 0.160156 0.203125 0.164062 0.203125 0.167969 0.207031 0.191406 0.207031 0.199219 0.199219 0.199219 0.183594 0.191406 0.175781 0.1875 0.175781 0.183594 0.171875
0 0.0546875 0.21875 0.0546875 0.226562 0.0507812 0.230469 0.0507812 0.234375 0.046875 0.238281 0.046875 0.285156 0.03125 0.300781 0.0351562 0.304688 0.0351562 0.308594 0.046875 0.320312 0.0507812 0.320312 0.0546875 0.324219 0.0585938 0.324219 0.0625 0.328125 0.0664062 0.328125 0.078125 0.316406 0.078125 0.3125 0.101562 0.289062 0.101562 0.285156 0.109375 0.277344 0.113281 0.277344 0.117188 0.273438 0.121094 0.273438 0.125 0.269531 0.125 0.257812 0.121094 0.253906 0.121094 0.25 0.113281 0.242188 0.113281 0.238281 0.105469 0.230469 0.101562 0.230469 0.0976562 0.226562 0.09375 0.226562 0.0898438 0.222656 0.0585938 0.222656
0 0.0507812 0.753906 0.046875 0.757812 0.0429688 0.757812 0.0273438 0.773438 0.0273438 0.777344 0.0234375 0.78125 0.0234375 0.789062 0.0195312 0.792969 0.0195312 0.808594 0.0234375 0.8125 0.0234375 0.820312 0.0390625 0.835938 0.0429688 0.835938 0.046875 0.839844 0.0703125 0.839844 0.0742188 0.835938 0.078125 0.835938 0.0820312 0.832031 0.0859375 0.832031 0.09375 0.824219 0.09375 0.820312 0.0976562 0.816406 0.0976562 0.808594 0.101562 0.804688 0.101562 0.78125 0.0976562 0.777344 0.0976562 0.773438 0.09375 0.769531 0.09375 0.765625 0.0859375 0.757812 0.0820312 0.757812 0.078125 0.753906
0 0.609375 0.890625 0.605469 0.894531 0.59375 0.894531 0.589844 0.898438 0.585938 0.898438 0.582031 0.902344 0.578125 0.902344 0.574219 0.90625 0.566406 0.90625 0.554688 0.917969 0.554688 0.933594 0.558594 0.9375 0.558594 0.941406 0.566406 0.949219 0.566406 0.953125 0.570312 0.957031 0.574219 0.957031 0.578125 0.960938 0.582031 0.960938 0.585938 0.964844 0.589844 0.964844 0.59375 0.96875 0.597656 0.96875 0.605469 0.976562 0.617188 0.976562 0.621094 0.972656 0.625 0.972656 0.628906 0.96875 0.632812 0.96875 0.660156 0.941406 0.660156 0.902344 0.65625 0.898438 0.648438 0.898438 0.644531 0.902344 0.632812 0.890625
0 0.574219 0.929688 0.578125 0.925781 0.582031 0.929688 0.578125 0.933594
0 0 0.882812 0 0.960938 0.00390625 0.957031 0.0078125 0.957031 0.0195312 0.945312 0.0195312 0.941406 0.0234375 0.9375 0.0234375 0.90625 0.0195312 0.902344 0.0195312 0.898438 0.0078125 0.886719 0.00390625 0.886719
0 0.882812 0.238281 0.878906 0.242188 0.875 0.242188 0.871094 0.246094 0.871094 0.285156 0.875 0.285156 0.890625 0.300781 0.890625 0.316406 0.898438 0.316406 0.90625 0.324219 0.90625 0.328125 0.917969 0.328125 0.921875 0.324219 0.953125 0.324219 0.957031 0.328125 0.960938 0.324219 0.960938 0.320312 0.96875 0.3125 0.972656 0.3125 0.976562 0.308594 0.988281 0.308594 0.996094 0.300781 0.996094 0.253906 0.992188 0.25 0.988281 0.25 0.984375 0.246094 0.980469 0.246094 0.976562 0.242188 0.964844 0.242188 0.960938 0.238281
0 0.910156 0.308594 0.914062 0.304688 0.917969 0.308594 0.914062 0.3125
0 0.851562 0.285156 0.847656 0.289062 0.847656 0.332031 0.839844 0.339844 0.839844 0.351562 0.847656 0.359375 0.847656 0.371094 0.851562 0.375 0.851562 0.378906 0.859375 0.386719 0.859375 0.390625 0.886719 0.417969 0.890625 0.417969 0.894531 0.421875 0.898438 0.421875 0.902344 0.425781 0.90625 0.425781 0.90625 0.417969 0.914062 0.410156 0.917969 0.410156 0.925781 0.402344 0.925781 0.394531 0.929688 0.390625 0.929688 0.375 0.9375 0.367188 0.9375 0.355469 0.953125 0.339844 0.953125 0.328125 0.921875 0.328125 0.917969 0.332031 0.914062 0.332031 0.910156 0.335938 0.90625 0.335938 0.902344 0.332031 0.902344 0.324219 0.898438 0.320312 0.890625 0.320312 0.886719 0.316406 0.886719 0.300781 0.875 0.289062 0.871094 0.289062 0.867188 0.285156
0 0.9375 0.347656 0.941406 0.34375 0.945312 0.347656 0.941406 0.351562
0 0.269531 0.492188 0.265625 0.496094 0.257812 0.496094 0.253906 0.5 0.25 0.5 0.246094 0.503906 0.242188 0.503906 0.234375 0.511719 0.234375 0.515625 0.230469 0.519531 0.230469 0.53125 0.226562 0.535156 0.226562 0.539062 0.230469 0.542969 0.230469 0.550781 0.25 0.570312 0.253906 0.570312 0.261719 0.578125 0.265625 0.578125 0.269531 0.582031 0.292969 0.582031 0.296875 0.578125 0.300781 0.578125 0.308594 0.570312 0.308594 0.566406 0.3125 0.5625 0.3125 0.558594 0.316406 0.554688 0.316406 0.546875 0.320312 0.542969 0.320312 0.523438 0.316406 0.519531 0.316406 0.511719 0.300781 0.496094 0.292969 0.496094 0.289062 0.492188
0 0.269531 0.808594 0.265625 0.8125 0.261719 0.8125 0.257812 0.816406 0.253906 0.816406 0.25 0.820312 0.246094 0.820312 0.238281 0.828125 0.238281 0.832031 0.234375 0.835938 0.234375 0.839844 0.230469 0.84375 0.230469 0.875 0.234375 0.878906 0.234375 0.882812 0.25 0.898438 0.253906 0.898438 0.257812 0.902344 0.269531 0.902344 0.273438 0.90625 0.277344 0.90625 0.28125 0.902344 0.292969 0.902344 0.296875 0.898438 0.300781 0.898438 0.304688 0.894531 0.308594 0.894531 0.3125 0.890625 0.3125 0.886719 0.316406 0.882812 0.316406 0.878906 0.320312 0.875 0.320312 0.835938 0.316406 0.832031 0.316406 0.828125 0.3125 0.824219 0.3125 0.820312 0.304688 0.8125 0.296875 0.8125 0.292969 0.808594
0 0.503906 0.988281 0.496094 0.996094 0.53125 0.996094 0.523438 0.988281
0 0.242188 0.28125 0.238281 0.285156 0.234375 0.285156 0.230469 0.289062 0.226562 0.289062 0.214844 0.300781 0.214844 0.304688 0.210938 0.308594 0.210938 0.328125 0.214844 0.332031 0.214844 0.339844 0.21875 0.34375 0.21875 0.347656 0.226562 0.355469 0.226562 0.359375 0.230469 0.363281 0.234375 0.363281 0.238281 0.367188 0.242188 0.367188 0.246094 0.371094 0.273438 0.371094 0.277344 0.367188 0.28125 0.367188 0.296875 0.351562 0.296875 0.347656 0.300781 0.34375 0.300781 0.339844 0.304688 0.335938 0.304688 0.332031 0.308594 0.328125 0.308594 0.324219 0.3125 0.320312 0.3125 0.308594 0.308594 0.304688 0.308594 0.300781 0.304688 0.296875 0.304688 0.292969 0.300781 0.289062 0.296875 0.289062 0.292969 0.285156 0.289062 0.285156 0.285156 0.28125
0 0.0546875 0.394531 0.0507812 0.398438 0.0390625 0.398438 0.0351562 0.402344 0.0273438 0.402344 0.0234375 0.40625 0 0.40625 0 0.503906 0.00390625 0.503906 0.0078125 0.5 0.015625 0.5 0.0234375 0.492188 0.0273438 0.492188 0.03125 0.488281 0.0351562 0.488281 0.0390625 0.484375 0.0585938 0.484375 0.0625 0.480469 0.0742188 0.480469 0.078125 0.476562 0.0820312 0.476562 0.0820312 0.472656 0.078125 0.46875 0.078125 0.441406 0.0859375 0.433594 0.0859375 0.429688 0.0976562 0.417969 0.0976562 0.414062 0.0859375 0.402344 0.0820312 0.402344 0.078125 0.398438 0.0664062 0.398438 0.0625 0.394531
