0 0.56875 0.195312 0.565625 0.199219 0.55625 0.199219 0.553125 0.203125 0.546875 0.203125 0.54375 0.207031 0.540625 0.207031 0.5375 0.210938 0.534375 0.210938 0.53125 0.214844 0.528125 0.214844 0.521875 0.222656 0.51875 0.222656 0.5 0.246094 0.5 0.25 0.49375 0.257812 0.49375 0.273438 0.534375 0.273438 0.5375 0.269531 0.54375 0.269531 0.546875 0.265625 0.55 0.265625 0.553125 0.261719 0.55625 0.261719 0.559375 0.257812 0.5625 0.257812 0.56875 0.25 0.571875 0.25 0.584375 0.234375 0.584375 0.230469 0.5875 0.226562 0.5875 0.21875 0.590625 0.214844 0.590625 0.203125 0.584375 0.195312
0 0.425 0.648438 0.421875 0.652344 0.41875 0.652344 0.415625 0.65625 0.409375 0.65625 0.4 0.667969 0.4 0.671875 0.396875 0.675781 0.396875 0.683594 0.39375 0.6875 0.39375 0.730469 0.396875 0.734375 0.41875 0.734375 0.421875 0.730469 0.425 0.730469 0.434375 0.71875 0.4375 0.71875 0.446875 0.707031 0.446875 0.703125 0.459375 0.6875 0.459375 0.683594 0.4625 0.679688 0.4625 0.660156 0.459375 0.65625 0.459375 0.652344 0.45625 0.648438
0 0.09375 0.480469 0.090625 0.484375 0.090625 0.492188 0.08125 0.503906 0.08125 0.507812 0.071875 0.519531 0.075 0.523438 0.075 0.53125 0.071875 0.535156 0.071875 0.550781 0.075 0.554688 0.075 0.5625 0.078125 0.566406 0.078125 0.574219 0.08125 0.578125 0.08125 0.582031 0.084375 0.585938 0.084375 0.589844 0.09375 0.601562 0.09375 0.605469 0.1 0.613281 0.115625 0.613281 0.121875 0.605469 0.121875 0.601562 0.125 0.597656 0.125 0.59375 0.128125 0.589844 0.128125 0.566406 0.13125 0.5625 0.13125 0.523438 0.128125 0.519531 0.128125 0.5 0.115625 0.484375 0.1125 0.484375 0.109375 0.480469
0 0.8625 0.125 0.859375 0.128906 0.85625 0.128906 0.853125 0.132812 0.85 0.132812 0.840625 0.144531 0.840625 0.148438 0.828125 0.164062 0.828125 0.167969 0.825 0.171875 0.825 0.203125 0.828125 0.207031 0.8375 0.207031 0.859375 0.179688 0.859375 0.175781 0.86875 0.164062 0.86875 0.160156 0.871875 0.15625 0.871875 0.152344 0.875 0.148438 0.875 0.128906 0.871875 0.125
0 0.48125 0.238281 0.478125 0.242188 0.475 0.242188 0.45625 0.265625 0.453125 0.265625 0.446875 0.273438 0.44375 0.273438 0.440625 0.277344 0.440625 0.285156 0.44375 0.289062 0.465625 0.289062 0.46875 0.285156 0.478125 0.285156 0.484375 0.277344 0.4875 0.277344 0.490625 0.273438 0.490625 0.257812 0.496875 0.25 0.496875 0.242188 0.49375 0.238281
0 0.721875 0.289062 0.70625 0.308594 0.70625 0.3125 0.68125 0.34375 0.68125 0.347656 0.675 0.355469 0.675 0.363281 0.671875 0.367188 0.671875 0.382812 0.675 0.386719 0.684375 0.386719 0.6875 0.382812 0.696875 0.382812 0.7 0.378906 0.709375 0.378906 0.7125 0.375 0.715625 0.375 0.71875 0.371094 0.721875 0.371094 0.73125 0.359375 0.73125 0.351562 0.734375 0.347656 0.734375 0.335938 0.7375 0.332031 0.7375 0.3125 0.740625 0.308594 0.740625 0.292969 0.7375 0.289062
0 0.759375 0.554688 0.75625 0.558594 0.75 0.558594 0.746875 0.5625 0.74375 0.5625 0.7375 0.570312 0.7375 0.597656 0.740625 0.601562 0.740625 0.605469 0.74375 0.609375 0.759375 0.609375 0.765625 0.601562 0.76875 0.601562 0.771875 0.597656 0.771875 0.59375 0.78125 0.582031 0.78125 0.578125 0.784375 0.574219 0.784375 0.5625 0.778125 0.554688
0 0.31875 0.476562 0.315625 0.480469 0.315625 0.484375 0.328125 0.5 0.328125 0.53125 0.33125 0.535156 0.3375 0.535156 0.340625 0.53125 0.340625 0.492188 0.334375 0.484375 0.334375 0.480469 0.33125 0.476562
0 0.059375 0.0078125 0.05625 0.0117188 0.05625 0.015625 0.053125 0.0195312 0.053125 0.0234375 0.025 0.0585938 0.021875 0.0585938 0.015625 0.0664062 0.015625 0.0703125 0.009375 0.078125 0.009375 0.0820312 0.003125 0.0898438 0.003125 0.101562 0.00625 0.105469 0.01875 0.105469 0.025 0.0976562 0.028125 0.0976562 0.05 0.0703125 0.05 0.0664062 0.059375 0.0546875 0.059375 0.0507812 0.0625 0.046875 0.0625 0.0429688 0.065625 0.0390625 0.065625 0.0117188 0.0625 0.0078125
0 0.8 0 0.796875 0.00390625 0.796875 0.0195312 0.8 0.0234375 0.828125 0.0234375 0.83125 0.0195312 0.834375 0.0195312 0.840625 0.0117188 0.840625 0
0 0.190625 0.0351562 0.178125 0.0507812 0.178125 0.0546875 0.15625 0.0820312 0.15625 0.0898438 0.159375 0.09375 0.16875 0.09375 0.171875 0.0898438 0.175 0.0898438 0.178125 0.0859375 0.18125 0.0859375 0.1875 0.078125 0.190625 0.078125 0.19375 0.0742188 0.19375 0.0703125 0.209375 0.0507812 0.209375 0.0390625 0.20625 0.0351562
0 0.64375 0.761719 0.640625 0.765625 0.6375 0.765625 0.634375 0.769531 0.63125 0.769531 0.625 0.777344 0.625 0.78125 0.621875 0.785156 0.621875 0.792969 0.61875 0.796875 0.61875 0.804688 0.615625 0.808594 0.615625 0.832031 0.625 0.84375 0.653125 0.84375 0.659375 0.835938 0.665625 0.835938 0.66875 0.832031 0.66875 0.828125 0.671875 0.824219 0.671875 0.820312 0.675 0.816406 0.675 0.789062 0.671875 0.785156 0.671875 0.78125 0.66875 0.777344 0.66875 0.773438 0.659375 0.761719
0 0.290625 0.894531 0.2875 0.898438 0.2875 0.914062 0.284375 0.917969 0.284375 0.949219 0.2875 0.953125 0.2875 0.957031 0.3 0.972656 0.315625 0.972656 0.31875 0.96875 0.31875 0.953125 0.321875 0.949219 0.321875 0.925781 0.31875 0.921875 0.31875 0.917969 0.3 0.894531
0 0.128125 0.921875 0.125 0.925781 0.121875 0.925781 0.11875 0.929688 0.11875 0.945312 0.125 0.953125 0.14375 0.953125 0.146875 0.949219 0.153125 0.949219 0.15625 0.945312 0.15625 0.933594 0.15 0.925781 0.146875 0.925781 0.14375 0.921875
0 0.865625 0.707031 0.8625 0.710938 0.859375 0.710938 0.853125 0.71875 0.853125 0.726562 0.859375 0.734375 0.86875 0.734375 0.875 0.726562 0.875 0.714844 0.86875 0.707031
0 0.925 0.535156 0.915625 0.546875 0.915625 0.554688 0.9125 0.558594 0.9125 0.5625 0.884375 0.597656 0.884375 0.609375 0.8875 0.613281 0.8875 0.621094 0.890625 0.625 0.890625 0.632812 0.896875 0.640625 0.9 0.640625 0.9125 0.625 0.915625 0.625 0.9375 0.597656 0.940625 0.597656 0.9625 0.570312 0.9625 0.566406 0.965625 0.5625 0.965625 0.546875 0.9625 0.542969 0.959375 0.542969 0.95625 0.539062 0.940625 0.539062 0.9375 0.535156
0 0.25 0.1875 0.246875 0.191406 0.246875 0.214844 0.24375 0.21875 0.24375 0.222656 0.240625 0.226562 0.240625 0.230469 0.2375 0.234375 0.2375 0.238281 0.234375 0.242188 0.234375 0.253906 0.23125 0.257812 0.23125 0.289062 0.234375 0.292969 0.234375 0.296875 0.2375 0.300781 0.2375 0.304688 0.240625 0.308594 0.24375 0.308594 0.246875 0.3125 0.2625 0.3125 0.271875 0.300781 0.271875 0.296875 0.275 0.292969 0.275 0.289062 0.278125 0.285156 0.278125 0.277344 0.28125 0.273438 0.28125 0.269531 0.284375 0.265625 0.284375 0.25 0.28125 0.246094 0.28125 0.234375 0.278125 0.230469 0.278125 0.226562 0.275 0.222656 0.275 0.214844 0.271875 0.210938 0.271875 0.207031 0.2625 0.195312 0.2625 0.191406 0.259375 0.1875
0 0.003125 0.460938 0 0.464844 0 0.503906 0.003125 0.503906 0.00625 0.507812 0.015625 0.507812 0.01875 0.511719 0.03125 0.511719 0.034375 0.515625 0.071875 0.515625 0.078125 0.507812 0.078125 0.503906 0.0875 0.492188 0.0875 0.476562 0.08125 0.46875 0.075 0.46875 0.071875 0.464844 0.059375 0.464844 0.05625 0.460938
0 0.34375 0.757812 0.340625 0.761719 0.3375 0.761719 0.334375 0.765625 0.334375 0.769531 0.33125 0.773438 0.33125 0.78125 0.328125 0.785156 0.328125 0.789062 0.325 0.792969 0.325 0.800781 0.321875 0.804688 0.321875 0.808594 0.31875 0.8125 0.31875 0.824219 0.315625 0.828125 0.315625 0.84375 0.31875 0.847656 0.31875 0.851562 0.325 0.859375 0.328125 0.859375 0.33125 0.863281 0.35625 0.863281 0.359375 0.859375 0.365625 0.859375 0.36875 0.855469 0.36875 0.839844 0.365625 0.835938 0.365625 0.765625 0.359375 0.757812
0 0.6375 0.0820312 0.634375 0.0859375 0.63125 0.0859375 0.60625 0.117188 0.60625 0.121094 0.6 0.128906 0.6 0.136719 0.596875 0.140625 0.596875 0.164062 0.6 0.167969 0.60625 0.167969 0.609375 0.164062 0.615625 0.164062 0.625 0.152344 0.628125 0.152344 0.634375 0.144531 0.6375 0.144531 0.640625 0.140625 0.64375 0.140625 0.65625 0.125 0.65625 0.09375 0.646875 0.0820312
0 0.453125 0.882812 0.45 0.886719 0.446875 0.886719 0.44375 0.890625 0.440625 0.890625 0.43125 0.902344 0.43125 0.90625 0.428125 0.910156 0.428125 0.996094 0.45 0.996094 0.45 0.992188 0.44375 0.984375 0.44375 0.96875 0.45 0.960938 0.453125 0.960938 0.459375 0.953125 0.459375 0.9375 0.4625 0.933594 0.4625 0.921875 0.465625 0.917969 0.465625 0.910156 0.46875 0.90625 0.46875 0.886719 0.465625 0.882812
0 0 0.230469 0 0.296875 0.003125 0.292969 0.0125 0.292969 0.015625 0.289062 0.025 0.289062 0.028125 0.285156 0.03125 0.285156 0.034375 0.28125 0.034375 0.269531 0.028125 0.261719 0.028125 0.257812 0.021875 0.25 0.021875 0.246094 0.015625 0.238281 0.0125 0.238281 0.009375 0.234375 0.00625 0.234375 0.003125 0.230469
0 0.95 0.199219 0.946875 0.203125 0.94375 0.203125 0.940625 0.207031 0.940625 0.226562 0.946875 0.234375 0.959375 0.234375 0.9625 0.230469 0.9625 0.226562 0.965625 0.222656 0.965625 0.207031 0.9625 0.203125 0.959375 0.203125 0.95625 0.199219
0 0.83125 0.59375 0.8125 0.617188 0.8125 0.621094 0.80625 0.628906 0.80625 0.632812 0.803125 0.636719 0.803125 0.640625 0.8 0.644531 0.8 0.648438 0.796875 0.652344 0.796875 0.65625 0.79375 0.660156 0.79375 0.667969 0.790625 0.671875 0.790625 0.679688 0.7875 0.683594 0.7875 0.695312 0.784375 0.699219 0.784375 0.703125 0.78125 0.707031 0.78125 0.730469 0.784375 0.734375 0.784375 0.738281 0.7875 0.742188 0.803125 0.742188 0.809375 0.734375 0.8125 0.734375 0.815625 0.730469 0.81875 0.730469 0.828125 0.71875 0.83125 0.71875 0.8375 0.710938 0.840625 0.710938 0.871875 0.671875 0.875 0.671875 0.89375 0.648438 0.89375 0.640625 0.8875 0.632812 0.875 0.632812 0.84375 0.59375
0 0.509375 0.714844 0.50625 0.71875 0.503125 0.71875 0.4875 0.738281 0.4875 0.742188 0.484375 0.746094 0.484375 0.75 0.48125 0.753906 0.48125 0.765625 0.490625 0.777344 0.49375 0.777344 0.496875 0.78125 0.5 0.78125 0.503125 0.785156 0.50625 0.785156 0.509375 0.789062 0.5125 0.789062 0.515625 0.792969 0.51875 0.792969 0.525 0.800781 0.528125 0.800781 0.5375 0.8125 0.55 0.8125 0.55625 0.804688 0.55625 0.800781 0.559375 0.796875 0.559375 0.761719 0.553125 0.753906 0.553125 0.75 0.54375 0.738281 0.54375 0.734375 0.540625 0.730469 0.540625 0.726562 0.53125 0.714844
0 0.6 0.925781 0.590625 0.9375 0.590625 0.941406 0.5875 0.945312 0.5875 0.953125 0.584375 0.957031 0.584375 0.976562 0.590625 0.984375 0.615625 0.984375 0.61875 0.980469 0.621875 0.980469 0.628125 0.972656 0.63125 0.972656 0.6375 0.964844 0.6375 0.945312 0.634375 0.941406 0.634375 0.9375 0.625 0.925781
0 0.578125 0.410156 0.571875 0.417969 0.56875 0.417969 0.55 0.441406 0.55 0.445312 0.546875 0.449219 0.546875 0.46875 0.559375 0.484375 0.559375 0.492188 0.5625 0.496094 0.5625 0.5 0.56875 0.507812 0.590625 0.507812 0.59375 0.503906 0.603125 0.503906 0.609375 0.496094 0.609375 0.492188 0.61875 0.480469 0.61875 0.476562 0.621875 0.472656 0.621875 0.457031 0.625 0.453125 0.625 0.4375 0.621875 0.433594 0.621875 0.429688 0.60625 0.410156
0 0.884375 0.507812 0.878125 0.515625 0.875 0.515625 0.84375 0.554688 0.84375 0.570312 0.846875 0.574219 0.853125 0.574219 0.86875 0.554688 0.86875 0.550781 0.875 0.542969 0.875 0.539062 0.89375 0.515625 0.89375 0.511719 0.890625 0.507812
0 0.51875 0.0507812 0.515625 0.0546875 0.49375 0.0546875 0.490625 0.0585938 0.490625 0.078125 0.49375 0.0820312 0.496875 0.0820312 0.50625 0.09375 0.509375 0.09375 0.5125 0.0976562 0.575 0.0976562 0.578125 0.09375 0.58125 0.09375 0.584375 0.0898438 0.584375 0.0820312 0.5875 0.078125 0.5875 0.0664062 0.584375 0.0625 0.58125 0.0625 0.578125 0.0585938 0.575 0.0585938 0.571875 0.0546875 0.56875 0.0546875 0.565625 0.0507812
