0 0.902344 0.527344 0.898438 0.53125 0.894531 0.53125 0.882812 0.542969 0.882812 0.546875 0.878906 0.550781 0.878906 0.578125 0.882812 0.582031 0.882812 0.585938 0.890625 0.59375 0.890625 0.597656 0.894531 0.601562 0.917969 0.601562 0.921875 0.597656 0.925781 0.597656 0.925781 0.59375 0.929688 0.589844 0.933594 0.589844 0.941406 0.582031 0.945312 0.582031 0.945312 0.550781 0.941406 0.546875 0.941406 0.542969 0.9375 0.539062 0.9375 0.535156 0.929688 0.535156 0.925781 0.53125 0.910156 0.53125 0.90625 0.527344
0 0.3125 0.386719 0.308594 0.390625 0.304688 0.390625 0.292969 0.402344 0.292969 0.40625 0.289062 0.410156 0.289062 0.441406 0.292969 0.441406 0.300781 0.449219 0.308594 0.449219 0.3125 0.453125 0.34375 0.453125 0.347656 0.449219 0.351562 0.449219 0.359375 0.441406 0.359375 0.4375 0.363281 0.433594 0.363281 0.417969 0.359375 0.414062 0.359375 0.410156 0.355469 0.40625 0.355469 0.402344 0.347656 0.394531 0.339844 0.394531 0.335938 0.390625 0.328125 0.390625 0.324219 0.386719
0 0.695312 0.617188 0.691406 0.621094 0.691406 0.632812 0.695312 0.636719 0.726562 0.636719 0.730469 0.632812 0.730469 0.625 0.726562 0.621094 0.722656 0.621094 0.71875 0.617188
0 0.984375 0.164062 0.980469 0.167969 0.972656 0.167969 0.960938 0.179688 0.960938 0.191406 0.957031 0.195312 0.957031 0.199219 0.960938 0.203125 0.960938 0.21875 0.964844 0.214844 0.980469 0.230469 0.996094 0.230469 0.996094 0.167969 0.988281 0.167969
0 0.0429688 0.699219 0.0390625 0.703125 0.0351562 0.703125 0.03125 0.707031 0.03125 0.730469 0.0351562 0.730469 0.0429688 0.738281 0.046875 0.738281 0.0546875 0.746094 0.0664062 0.746094 0.0742188 0.738281 0.0742188 0.730469 0.0820312 0.722656 0.0742188 0.714844 0.0742188 0.707031 0.0664062 0.707031 0.0625 0.703125 0.0625 0.699219
0 0.59375 0.117188 0.585938 0.125 0.585938 0.128906 0.589844 0.132812 0.589844 0.148438 0.59375 0.144531 0.605469 0.144531 0.613281 0.136719 0.613281 0.125 0.605469 0.117188
0 0.308594 0.921875 0.304688 0.925781 0.300781 0.925781 0.296875 0.929688 0.292969 0.929688 0.289062 0.933594 0.289062 0.9375 0.285156 0.941406 0.285156 0.957031 0.296875 0.96875 0.320312 0.96875 0.324219 0.964844 0.328125 0.964844 0.328125 0.960938 0.335938 0.953125 0.335938 0.941406 0.332031 0.9375 0.332031 0.933594 0.328125 0.933594 0.316406 0.921875
0 0.78125 0.96875 0.769531 0.980469 0.769531 0.984375 0.765625 0.988281 0.765625 0.996094 0.808594 0.996094 0.808594 0.984375 0.796875 0.972656 0.792969 0.972656 0.789062 0.96875
0 0.175781 0.667969 0.171875 0.671875 0.164062 0.671875 0.15625 0.679688 0.15625 0.683594 0.152344 0.6875 0.152344 0.703125 0.160156 0.710938 0.160156 0.714844 0.164062 0.714844 0.167969 0.71875 0.171875 0.71875 0.1875 0.734375 0.199219 0.734375 0.207031 0.726562 0.207031 0.710938 0.203125 0.707031 0.203125 0.699219 0.199219 0.695312 0.199219 0.675781 0.195312 0.671875 0.191406 0.671875 0.1875 0.667969
0 0.441406 0.308594 0.4375 0.3125 0.429688 0.3125 0.421875 0.320312 0.421875 0.324219 0.417969 0.328125 0.417969 0.335938 0.421875 0.339844 0.421875 0.347656 0.425781 0.351562 0.425781 0.367188 0.429688 0.371094 0.433594 0.371094 0.4375 0.375 0.460938 0.375 0.472656 0.363281 0.472656 0.351562 0.476562 0.347656 0.476562 0.332031 0.472656 0.328125 0.472656 0.324219 0.46875 0.328125 0.464844 0.328125 0.460938 0.324219 0.460938 0.316406 0.457031 0.3125 0.453125 0.3125 0.449219 0.308594
0 0.664062 0.539062 0.65625 0.546875 0.652344 0.546875 0.648438 0.550781 0.644531 0.550781 0.640625 0.554688 0.640625 0.574219 0.644531 0.578125 0.644531 0.582031 0.65625 0.59375 0.660156 0.59375 0.664062 0.597656 0.679688 0.597656 0.683594 0.59375 0.6875 0.59375 0.695312 0.585938 0.699219 0.585938 0.703125 0.582031 0.703125 0.578125 0.707031 0.574219 0.707031 0.558594 0.703125 0.554688 0.703125 0.550781 0.691406 0.539062
0 0.140625 0.222656 0.128906 0.234375 0.128906 0.238281 0.125 0.242188 0.125 0.257812 0.128906 0.261719 0.128906 0.277344 0.136719 0.285156 0.15625 0.285156 0.160156 0.289062 0.164062 0.285156 0.171875 0.285156 0.175781 0.28125 0.1875 0.28125 0.1875 0.277344 0.191406 0.273438 0.191406 0.25 0.1875 0.246094 0.1875 0.242188 0.183594 0.238281 0.183594 0.234375 0.179688 0.230469 0.175781 0.230469 0.171875 0.226562 0.167969 0.226562 0.164062 0.222656
0 0.550781 0.871094 0.546875 0.875 0.542969 0.875 0.539062 0.878906 0.539062 0.882812 0.527344 0.894531 0.527344 0.917969 0.53125 0.921875 0.53125 0.925781 0.539062 0.933594 0.566406 0.933594 0.578125 0.921875 0.578125 0.914062 0.582031 0.910156 0.582031 0.894531 0.578125 0.890625 0.578125 0.886719 0.574219 0.882812 0.574219 0.878906 0.570312 0.875 0.566406 0.875 0.5625 0.871094
0 0.949219 0.414062 0.945312 0.417969 0.941406 0.417969 0.933594 0.425781 0.933594 0.433594 0.929688 0.4375 0.933594 0.441406 0.929688 0.445312 0.929688 0.449219 0.933594 0.453125 0.933594 0.457031 0.9375 0.460938 0.941406 0.460938 0.953125 0.472656 0.976562 0.472656 0.984375 0.464844 0.988281 0.464844 0.988281 0.460938 0.992188 0.457031 0.992188 0.441406 0.988281 0.4375 0.988281 0.429688 0.980469 0.421875 0.976562 0.421875 0.972656 0.417969 0.96875 0.417969 0.964844 0.414062
0 0.734375 0.632812 0.726562 0.640625 0.695312 0.640625 0.695312 0.644531 0.699219 0.648438 0.734375 0.648438 0.738281 0.644531 0.738281 0.636719
0 0.722656 0.722656 0.71875 0.726562 0.707031 0.726562 0.699219 0.734375 0.699219 0.753906 0.707031 0.761719 0.710938 0.761719 0.714844 0.765625 0.71875 0.765625 0.722656 0.761719 0.730469 0.761719 0.738281 0.753906 0.738281 0.734375 0.734375 0.730469 0.734375 0.726562 0.730469 0.722656
0 0.167969 0.832031 0.164062 0.835938 0.160156 0.835938 0.152344 0.84375 0.148438 0.84375 0.140625 0.851562 0.140625 0.855469 0.136719 0.859375 0.136719 0.878906 0.140625 0.882812 0.140625 0.886719 0.144531 0.890625 0.144531 0.894531 0.152344 0.902344 0.160156 0.902344 0.164062 0.90625 0.1875 0.90625 0.191406 0.902344 0.199219 0.902344 0.199219 0.898438 0.203125 0.894531 0.203125 0.886719 0.207031 0.882812 0.207031 0.859375 0.203125 0.855469 0.203125 0.847656 0.199219 0.84375 0.199219 0.839844 0.191406 0.832031
0 0.375 0.953125 0.371094 0.957031 0.367188 0.957031 0.355469 0.96875 0.355469 0.996094 0.421875 0.996094 0.421875 0.992188 0.425781 0.988281 0.425781 0.980469 0.421875 0.976562 0.421875 0.96875 0.414062 0.960938 0.410156 0.960938 0.40625 0.957031 0.402344 0.960938 0.398438 0.960938 0.394531 0.957031 0.394531 0.953125
0 0.5625 0.441406 0.558594 0.445312 0.554688 0.445312 0.542969 0.457031 0.542969 0.460938 0.539062 0.464844 0.539062 0.46875 0.535156 0.472656 0.539062 0.476562 0.539062 0.496094 0.542969 0.5 0.542969 0.503906 0.546875 0.507812 0.550781 0.507812 0.554688 0.511719 0.570312 0.511719 0.574219 0.507812 0.578125 0.507812 0.597656 0.488281 0.597656 0.484375 0.601562 0.480469 0.605469 0.480469 0.605469 0.464844 0.601562 0.460938 0.601562 0.457031 0.59375 0.449219 0.589844 0.449219 0.582031 0.441406
0 0.0195312 0.351562 0.00390625 0.367188 0.00390625 0.371094 0 0.375 0 0.398438 0.00390625 0.402344 0.0195312 0.402344 0.0234375 0.398438 0.03125 0.398438 0.0351562 0.394531 0.0390625 0.394531 0.0429688 0.390625 0.046875 0.390625 0.046875 0.359375 0.0429688 0.355469 0.0429688 0.351562
0 0.339844 0.597656 0.332031 0.605469 0.328125 0.605469 0.324219 0.609375 0.324219 0.613281 0.320312 0.617188 0.320312 0.640625 0.324219 0.644531 0.324219 0.648438 0.328125 0.652344 0.328125 0.65625 0.339844 0.667969 0.382812 0.667969 0.386719 0.664062 0.386719 0.660156 0.390625 0.65625 0.390625 0.652344 0.394531 0.648438 0.394531 0.628906 0.386719 0.621094 0.386719 0.613281 0.378906 0.605469 0.375 0.605469 0.371094 0.601562 0.367188 0.601562 0.363281 0.597656
0 0.0507812 0.660156 0.046875 0.664062 0.046875 0.675781 0.0507812 0.679688 0.0507812 0.683594 0.0546875 0.6875 0.0625 0.6875 0.0742188 0.699219 0.0898438 0.699219 0.09375 0.695312 0.09375 0.675781 0.0898438 0.671875 0.0742188 0.671875 0.0664062 0.664062 0.0625 0.664062 0.0585938 0.660156
0 0.527344 0.933594 0.523438 0.9375 0.523438 0.945312 0.527344 0.949219 0.535156 0.949219 0.539062 0.945312 0.539062 0.9375 0.535156 0.933594
