0 0.464844 0.941406 0.460938 0.945312 0.457031 0.945312 0.453125 0.949219 0.449219 0.949219 0.445312 0.953125 0.445312 0.972656 0.453125 0.980469 0.457031 0.980469 0.460938 0.984375 0.484375 0.984375 0.496094 0.972656 0.496094 0.96875 0.5 0.964844 0.5 0.953125 0.492188 0.945312 0.480469 0.945312 0.476562 0.941406
0 0.351562 0.707031 0.339844 0.71875 0.339844 0.734375 0.359375 0.753906 0.378906 0.753906 0.386719 0.746094 0.386719 0.742188 0.390625 0.738281 0.390625 0.730469 0.386719 0.726562 0.386719 0.722656 0.382812 0.71875 0.382812 0.714844 0.375 0.707031
0 0.859375 0.265625 0.847656 0.277344 0.847656 0.285156 0.851562 0.289062 0.851562 0.300781 0.855469 0.304688 0.855469 0.308594 0.871094 0.324219 0.875 0.324219 0.878906 0.328125 0.882812 0.328125 0.886719 0.324219 0.890625 0.324219 0.894531 0.320312 0.894531 0.292969 0.890625 0.289062 0.890625 0.285156 0.875 0.269531 0.871094 0.269531 0.867188 0.265625
0 0.792969 0.0585938 0.785156 0.0664062 0.785156 0.0976562 0.789062 0.101562 0.789062 0.105469 0.796875 0.113281 0.800781 0.113281 0.804688 0.117188 0.820312 0.117188 0.828125 0.109375 0.828125 0.0898438 0.824219 0.0859375 0.824219 0.0820312 0.816406 0.0742188 0.816406 0.0703125 0.808594 0.0625 0.804688 0.0625 0.800781 0.0585938
0 0.5625 0.203125 0.554688 0.210938 0.554688 0.21875 0.5625 0.226562 0.566406 0.226562 0.570312 0.230469 0.589844 0.230469 0.59375 0.226562 0.59375 0.214844 0.585938 0.207031 0.582031 0.207031 0.578125 0.203125
0 0.761719 0.945312 0.746094 0.960938 0.746094 0.964844 0.742188 0.96875 0.742188 0.976562 0.738281 0.980469 0.738281 0.988281 0.742188 0.992188 0.742188 0.996094 0.773438 0.996094 0.773438 0.992188 0.777344 0.988281 0.777344 0.984375 0.78125 0.980469 0.78125 0.960938 0.777344 0.957031 0.777344 0.953125 0.773438 0.949219 0.769531 0.949219 0.765625 0.945312
0 0.644531 0.632812 0.640625 0.636719 0.632812 0.636719 0.617188 0.652344 0.617188 0.667969 0.628906 0.679688 0.640625 0.679688 0.644531 0.683594 0.667969 0.683594 0.671875 0.679688 0.679688 0.679688 0.691406 0.667969 0.691406 0.664062 0.695312 0.660156 0.695312 0.65625 0.691406 0.652344 0.691406 0.648438 0.679688 0.636719 0.675781 0.636719 0.671875 0.632812
0 0.574219 0.152344 0.570312 0.15625 0.566406 0.15625 0.5625 0.160156 0.5625 0.164062 0.558594 0.167969 0.558594 0.171875 0.5625 0.175781 0.5625 0.179688 0.566406 0.183594 0.570312 0.183594 0.574219 0.1875 0.578125 0.1875 0.582031 0.191406 0.589844 0.191406 0.59375 0.195312 0.613281 0.195312 0.621094 0.1875 0.621094 0.171875 0.617188 0.167969 0.617188 0.164062 0.609375 0.15625 0.605469 0.15625 0.601562 0.152344
0 0.390625 0.289062 0.386719 0.292969 0.382812 0.292969 0.378906 0.296875 0.375 0.296875 0.367188 0.304688 0.367188 0.324219 0.375 0.332031 0.386719 0.332031 0.390625 0.335938 0.410156 0.335938 0.421875 0.324219 0.421875 0.296875 0.417969 0.292969 0.414062 0.292969 0.410156 0.289062
0 0.382812 0.816406 0.378906 0.820312 0.378906 0.835938 0.382812 0.839844 0.386719 0.839844 0.390625 0.84375 0.398438 0.84375 0.402344 0.847656 0.421875 0.847656 0.433594 0.835938 0.433594 0.824219 0.425781 0.816406
0 0.371094 0.199219 0.367188 0.203125 0.363281 0.203125 0.359375 0.207031 0.359375 0.21875 0.371094 0.230469 0.371094 0.234375 0.375 0.238281 0.394531 0.238281 0.398438 0.234375 0.40625 0.234375 0.417969 0.222656 0.417969 0.214844 0.414062 0.210938 0.414062 0.207031 0.40625 0.199219
0 0.242188 0.554688 0.238281 0.558594 0.238281 0.5625 0.234375 0.566406 0.234375 0.570312 0.238281 0.574219 0.238281 0.578125 0.25 0.589844 0.261719 0.589844 0.265625 0.59375 0.285156 0.59375 0.292969 0.585938 0.292969 0.582031 0.296875 0.578125 0.296875 0.570312 0.292969 0.566406 0.292969 0.5625 0.289062 0.558594 0.285156 0.558594 0.28125 0.554688
