0 0.232759 0.642308 0.231322 0.644231 0.227011 0.644231 0.225575 0.646154 0.222701 0.646154 0.221264 0.648077 0.221264 0.65 0.218391 0.653846 0.218391 0.657692 0.216954 0.659615 0.216954 0.667308 0.218391 0.669231 0.219828 0.669231 0.222701 0.673077 0.225575 0.673077 0.227011 0.675 0.229885 0.675 0.231322 0.676923 0.231322 0.682692 0.227011 0.688462 0.227011 0.690385 0.225575 0.692308 0.225575 0.696154 0.234195 0.707692 0.241379 0.707692 0.242816 0.705769 0.244253 0.705769 0.248563 0.7 0.25 0.7 0.252874 0.696154 0.252874 0.692308 0.25431 0.690385 0.25431 0.675 0.251437 0.671154 0.251437 0.669231 0.258621 0.659615 0.258621 0.651923 0.25431 0.646154 0.252874 0.646154 0.251437 0.644231 0.248563 0.644231 0.247126 0.642308
0 0.926724 0.759615 0.925287 0.761538 0.923851 0.761538 0.922414 0.763462 0.922414 0.765385 0.920977 0.767308 0.920977 0.769231 0.91954 0.771154 0.91954 0.775 0.918103 0.776923 0.918103 0.784615 0.916667 0.786538 0.916667 0.796154 0.918103 0.798077 0.918103 0.801923 0.923851 0.809615 0.929598 0.809615 0.931034 0.807692 0.935345 0.807692 0.942529 0.798077 0.942529 0.796154 0.943966 0.794231 0.943966 0.792308 0.945402 0.790385 0.945402 0.788462 0.946839 0.786538 0.946839 0.784615 0.948276 0.782692 0.948276 0.769231 0.942529 0.761538 0.933908 0.761538 0.932471 0.759615
0 0.472701 0.448077 0.469828 0.451923 0.465517 0.451923 0.458333 0.461538 0.458333 0.465385 0.456897 0.467308 0.456897 0.475 0.45546 0.476923 0.45546 0.492308 0.456897 0.494231 0.456897 0.498077 0.45977 0.501923 0.45977 0.503846 0.462644 0.507692 0.469828 0.507692 0.471264 0.505769 0.474138 0.505769 0.477011 0.501923 0.477011 0.5 0.481322 0.494231 0.481322 0.492308 0.482759 0.490385 0.482759 0.488462 0.485632 0.484615 0.485632 0.480769 0.487069 0.478846 0.487069 0.475 0.488506 0.473077 0.488506 0.467308 0.489943 0.465385 0.489943 0.455769 0.488506 0.453846 0.488506 0.451923 0.487069 0.45 0.484195 0.45 0.482759 0.448077
0 0.607759 0.628846 0.606322 0.630769 0.604885 0.630769 0.600575 0.636538 0.600575 0.640385 0.602011 0.642308 0.602011 0.646154 0.603448 0.648077 0.603448 0.65 0.604885 0.651923 0.606322 0.651923 0.607759 0.653846 0.609195 0.653846 0.610632 0.655769 0.619253 0.655769 0.62069 0.657692 0.642241 0.657692 0.643678 0.655769 0.645115 0.655769 0.646552 0.653846 0.649425 0.653846 0.650862 0.651923 0.650862 0.642308 0.647989 0.638462 0.646552 0.638462 0.645115 0.636538 0.640805 0.636538 0.639368 0.634615 0.627874 0.634615 0.626437 0.632692 0.62069 0.632692 0.619253 0.630769 0.616379 0.630769 0.614943 0.628846
0 0.475575 0.101923 0.474138 0.103846 0.471264 0.103846 0.469828 0.105769 0.466954 0.105769 0.462644 0.111538 0.461207 0.111538 0.458333 0.115385 0.458333 0.117308 0.454023 0.123077 0.454023 0.125 0.452586 0.126923 0.452586 0.130769 0.451149 0.132692 0.451149 0.140385 0.45546 0.146154 0.45977 0.146154 0.461207 0.148077 0.46408 0.148077 0.465517 0.146154 0.469828 0.146154 0.475575 0.138462 0.477011 0.138462 0.479885 0.134615 0.479885 0.132692 0.482759 0.128846 0.482759 0.126923 0.485632 0.123077 0.485632 0.119231 0.487069 0.117308 0.487069 0.111538 0.485632 0.109615 0.485632 0.107692 0.482759 0.103846 0.479885 0.103846 0.478448 0.101923
0 0.847701 0.969231 0.843391 0.975 0.843391 0.986538 0.846264 0.990385 0.846264 0.992308 0.849138 0.996154 0.849138 0.998077 0.864943 0.998077 0.864943 0.988462 0.862069 0.984615 0.862069 0.980769 0.854885 0.971154 0.853448 0.971154 0.852011 0.969231
0 0.566092 0.00769231 0.561782 0.0134615 0.561782 0.0173077 0.558908 0.0211538 0.558908 0.025 0.557471 0.0269231 0.557471 0.05 0.558908 0.0519231 0.558908 0.0576923 0.561782 0.0615385 0.561782 0.0634615 0.567529 0.0711538 0.568966 0.0711538 0.570402 0.0692308 0.573276 0.0692308 0.574713 0.0673077 0.576149 0.0673077 0.579023 0.0634615 0.579023 0.0615385 0.58046 0.0596154 0.58046 0.0557692 0.583333 0.0519231 0.587644 0.0576923 0.587644 0.0596154 0.58908 0.0615385 0.58908 0.0653846 0.590517 0.0673077 0.591954 0.0673077 0.593391 0.0692308 0.596264 0.0692308 0.597701 0.0673077 0.597701 0.0653846 0.602011 0.0596154 0.602011 0.0519231 0.600575 0.05 0.600575 0.0480769 0.599138 0.0461538 0.600575 0.0442308 0.600575 0.0423077 0.597701 0.0384615 0.591954 0.0384615 0.586207 0.0461538 0.583333 0.0461538 0.581897 0.0442308 0.581897 0.025 0.58046 0.0230769 0.58046 0.0192308 0.579023 0.0173077 0.579023 0.0134615 0.574713 0.00769231
0 0.0488506 0.769231 0.0445402 0.775 0.0445402 0.784615 0.0502874 0.792308 0.0617816 0.792308 0.0675287 0.784615 0.0675287 0.780769 0.0632184 0.775 0.0617816 0.775 0.0574713 0.769231
0 0.119253 0.476923 0.113506 0.484615 0.113506 0.488462 0.114943 0.490385 0.114943 0.492308 0.116379 0.494231 0.117816 0.494231 0.119253 0.492308 0.119253 0.488462 0.123563 0.482692 0.12069 0.478846 0.12069 0.476923
0 0.337644 0.896154 0.331897 0.903846 0.331897 0.909615 0.333333 0.911538 0.333333 0.917308 0.33908 0.925 0.33908 0.926923 0.344828 0.934615 0.349138 0.934615 0.350575 0.936538 0.353448 0.936538 0.356322 0.932692 0.356322 0.925 0.357759 0.923077 0.357759 0.921154 0.356322 0.919231 0.356322 0.913462 0.354885 0.911538 0.354885 0.909615 0.353448 0.907692 0.353448 0.905769 0.352011 0.903846 0.352011 0.901923 0.350575 0.9 0.349138 0.9 0.346264 0.896154
0 0.627874 0.288462 0.626437 0.290385 0.625 0.290385 0.62069 0.296154 0.62069 0.307692 0.622126 0.309615 0.622126 0.315385 0.623563 0.317308 0.623563 0.321154 0.62931 0.328846 0.62931 0.330769 0.630747 0.332692 0.632184 0.332692 0.637931 0.340385 0.639368 0.340385 0.642241 0.344231 0.643678 0.344231 0.645115 0.346154 0.653736 0.346154 0.655172 0.344231 0.658046 0.344231 0.66092 0.340385 0.66092 0.338462 0.662356 0.336538 0.662356 0.319231 0.66092 0.317308 0.66092 0.315385 0.659483 0.313462 0.659483 0.309615 0.658046 0.307692 0.658046 0.305769 0.656609 0.303846 0.656609 0.301923 0.653736 0.298077 0.652299 0.298077 0.649425 0.294231 0.647989 0.294231 0.646552 0.292308 0.645115 0.292308 0.643678 0.290385 0.640805 0.290385 0.639368 0.288462
0 0.352011 0.3 0.350575 0.301923 0.347701 0.301923 0.346264 0.303846 0.344828 0.303846 0.340517 0.309615 0.340517 0.313462 0.33908 0.315385 0.33908 0.321154 0.343391 0.326923 0.344828 0.326923 0.346264 0.328846 0.357759 0.328846 0.359195 0.330769 0.360632 0.330769 0.362069 0.328846 0.363506 0.328846 0.37069 0.319231 0.37069 0.317308 0.372126 0.315385 0.372126 0.311538 0.37069 0.309615 0.37069 0.307692 0.369253 0.305769 0.367816 0.305769 0.366379 0.303846 0.363506 0.303846 0.362069 0.301923 0.356322 0.301923 0.354885 0.3
0 0.818966 0.0115385 0.817529 0.0134615 0.816092 0.0134615 0.813218 0.0173077 0.813218 0.0192308 0.807471 0.0269231 0.807471 0.0403846 0.814655 0.05 0.816092 0.05 0.817529 0.0519231 0.83046 0.0519231 0.83477 0.0461538 0.836207 0.0461538 0.840517 0.0403846 0.841954 0.0403846 0.843391 0.0384615 0.843391 0.0365385 0.846264 0.0326923 0.846264 0.025 0.844828 0.0230769 0.844828 0.0211538 0.840517 0.0153846 0.83908 0.0153846 0.836207 0.0115385
0 0.37931 0.432692 0.377874 0.434615 0.367816 0.434615 0.357759 0.448077 0.357759 0.45 0.356322 0.451923 0.356322 0.457692 0.353448 0.461538 0.353448 0.478846 0.356322 0.482692 0.356322 0.484615 0.359195 0.488462 0.362069 0.488462 0.363506 0.490385 0.366379 0.490385 0.367816 0.488462 0.37069 0.488462 0.372126 0.486538 0.375 0.486538 0.377874 0.490385 0.377874 0.505769 0.37931 0.505769 0.380747 0.503846 0.380747 0.484615 0.382184 0.482692 0.382184 0.480769 0.387931 0.473077 0.395115 0.473077 0.397989 0.476923 0.400862 0.476923 0.402299 0.478846 0.403736 0.478846 0.405172 0.476923 0.400862 0.471154 0.399425 0.471154 0.397989 0.469231 0.389368 0.469231 0.386494 0.465385 0.386494 0.463462 0.387931 0.461538 0.387931 0.448077 0.386494 0.446154 0.386494 0.440385 0.385057 0.438462 0.385057 0.436538 0.382184 0.432692
0 0.307471 0.669231 0.306034 0.671154 0.304598 0.671154 0.303161 0.673077 0.301724 0.673077 0.29454 0.682692 0.29454 0.684615 0.29023 0.690385 0.29023 0.692308 0.288793 0.694231 0.288793 0.705769 0.29023 0.707692 0.29023 0.709615 0.293103 0.713462 0.297414 0.713462 0.298851 0.715385 0.301724 0.715385 0.303161 0.713462 0.306034 0.713462 0.311782 0.705769 0.311782 0.703846 0.313218 0.701923 0.313218 0.7 0.314655 0.698077 0.314655 0.694231 0.316092 0.692308 0.316092 0.684615 0.317529 0.682692 0.317529 0.673077 0.314655 0.669231
0 0.663793 0.157692 0.662356 0.159615 0.662356 0.161538 0.659483 0.165385 0.656609 0.165385 0.655172 0.167308 0.652299 0.167308 0.652299 0.173077 0.653736 0.175 0.653736 0.180769 0.659483 0.188462 0.66092 0.188462 0.663793 0.192308 0.670977 0.192308 0.673851 0.188462 0.673851 0.186538 0.675287 0.184615 0.675287 0.182692 0.679598 0.176923 0.679598 0.173077 0.676724 0.169231 0.676724 0.167308 0.675287 0.165385 0.675287 0.161538 0.673851 0.159615 0.672414 0.159615 0.670977 0.157692
0 0.571839 0.986538 0.570402 0.988462 0.567529 0.988462 0.564655 0.992308 0.564655 0.994231 0.563218 0.996154 0.563218 0.998077 0.596264 0.998077 0.591954 0.992308 0.590517 0.992308 0.58908 0.990385 0.587644 0.990385 0.586207 0.988462 0.58477 0.988462 0.583333 0.986538
0 0.00718391 0.0269231 0.00287356 0.0326923 0.00143678 0.0326923 0 0.0346154 0 0.0442308 0.00431034 0.0384615 0.00718391 0.0384615 0.00862069 0.0365385 0.0114943 0.0365385 0.0158046 0.0423077 0.0158046 0.0442308 0.0172414 0.0461538 0.0172414 0.0576923 0.0186782 0.0596154 0.0186782 0.0653846 0.0201149 0.0653846 0.0201149 0.0615385 0.0186782 0.0596154 0.0186782 0.0538462 0.0201149 0.0519231 0.0201149 0.0461538 0.0215517 0.0442308 0.0215517 0.0384615 0.0143678 0.0288462 0.0114943 0.0288462 0.0100575 0.0269231
0 0.303161 0.388462 0.301724 0.390385 0.301724 0.394231 0.298851 0.398077 0.29454 0.398077 0.293103 0.396154 0.287356 0.396154 0.28592 0.398077 0.280172 0.398077 0.280172 0.4 0.274425 0.407692 0.274425 0.409615 0.272989 0.411538 0.272989 0.417308 0.274425 0.419231 0.274425 0.421154 0.277299 0.425 0.278736 0.425 0.280172 0.426923 0.287356 0.426923 0.288793 0.428846 0.291667 0.428846 0.293103 0.426923 0.301724 0.426923 0.303161 0.425 0.308908 0.425 0.310345 0.423077 0.311782 0.423077 0.313218 0.421154 0.314655 0.421154 0.316092 0.419231 0.317529 0.419231 0.320402 0.415385 0.320402 0.411538 0.316092 0.405769 0.314655 0.405769 0.313218 0.403846 0.311782 0.403846 0.308908 0.4 0.308908 0.398077 0.306034 0.394231 0.306034 0.390385 0.304598 0.388462
0 0.979885 0.280769 0.975575 0.286538 0.975575 0.296154 0.977011 0.298077 0.977011 0.301923 0.979885 0.305769 0.979885 0.307692 0.985632 0.315385 0.987069 0.315385 0.991379 0.321154 0.994253 0.321154 0.99569 0.323077 0.998563 0.323077 0.998563 0.286538 0.997126 0.284615 0.99569 0.284615 0.994253 0.282692 0.992816 0.282692 0.991379 0.280769
0 0.857759 0.344231 0.856322 0.346154 0.854885 0.346154 0.850575 0.351923 0.850575 0.355769 0.849138 0.357692 0.849138 0.369231 0.850575 0.371154 0.850575 0.375 0.857759 0.384615 0.857759 0.386538 0.854885 0.390385 0.856322 0.392308 0.857759 0.392308 0.864943 0.401923 0.867816 0.401923 0.869253 0.4 0.87069 0.4 0.872126 0.398077 0.875 0.398077 0.876437 0.396154 0.876437 0.394231 0.877874 0.392308 0.877874 0.384615 0.882184 0.378846 0.882184 0.373077 0.880747 0.371154 0.880747 0.369231 0.876437 0.363462 0.876437 0.361538 0.873563 0.357692 0.873563 0.355769 0.872126 0.353846 0.87069 0.353846 0.869253 0.351923 0.867816 0.351923 0.862069 0.344231
0 0.647989 0.434615 0.646552 0.436538 0.645115 0.436538 0.642241 0.440385 0.642241 0.442308 0.640805 0.444231 0.640805 0.457692 0.642241 0.459615 0.642241 0.461538 0.643678 0.463462 0.643678 0.467308 0.646552 0.471154 0.646552 0.476923 0.647989 0.478846 0.647989 0.480769 0.655172 0.490385 0.656609 0.490385 0.658046 0.492308 0.659483 0.492308 0.66092 0.494231 0.666667 0.494231 0.668103 0.496154 0.673851 0.496154 0.679598 0.488462 0.679598 0.486538 0.681034 0.484615 0.681034 0.478846 0.682471 0.476923 0.682471 0.473077 0.681034 0.471154 0.681034 0.465385 0.679598 0.463462 0.679598 0.461538 0.678161 0.459615 0.678161 0.457692 0.676724 0.455769 0.676724 0.453846 0.663793 0.436538 0.662356 0.436538 0.66092 0.434615
0 0.755747 0.328846 0.75431 0.330769 0.751437 0.330769 0.748563 0.334615 0.748563 0.336538 0.747126 0.338462 0.747126 0.340385 0.74569 0.342308 0.74569 0.344231 0.744253 0.346154 0.744253 0.355769 0.74569 0.357692 0.74569 0.361538 0.748563 0.365385 0.75 0.365385 0.752874 0.369231 0.752874 0.371154 0.75431 0.373077 0.760057 0.373077 0.764368 0.367308 0.764368 0.363462 0.765805 0.361538 0.765805 0.346154 0.767241 0.344231 0.765805 0.342308 0.765805 0.340385 0.764368 0.338462 0.762931 0.338462 0.760057 0.334615 0.760057 0.332692 0.757184 0.328846
0 0.49569 0.986538 0.494253 0.988462 0.492816 0.988462 0.491379 0.990385 0.489943 0.990385 0.484195 0.998077 0.508621 0.998077 0.502874 0.990385 0.501437 0.990385 0.498563 0.986538
0 0.0229885 0.488462 0.0215517 0.490385 0.0186782 0.490385 0.0172414 0.492308 0.0143678 0.492308 0.0114943 0.496154 0.0100575 0.496154 0.00431034 0.503846 0.00431034 0.519231 0.00574713 0.521154 0.00574713 0.525 0.00862069 0.528846 0.0158046 0.528846 0.0186782 0.525 0.0244253 0.525 0.0272989 0.528846 0.0287356 0.528846 0.033046 0.523077 0.0344828 0.523077 0.0359195 0.521154 0.0359195 0.507692 0.0344828 0.505769 0.0344828 0.503846 0.033046 0.501923 0.033046 0.5 0.0272989 0.492308 0.0272989 0.490385 0.0258621 0.488462
0 0.936782 0.263462 0.933908 0.267308 0.933908 0.273077 0.932471 0.275 0.932471 0.278846 0.933908 0.280769 0.933908 0.284615 0.936782 0.288462 0.936782 0.290385 0.939655 0.294231 0.939655 0.296154 0.941092 0.298077 0.941092 0.3 0.942529 0.301923 0.942529 0.303846 0.943966 0.305769 0.943966 0.307692 0.945402 0.309615 0.948276 0.309615 0.949713 0.311538 0.952586 0.311538 0.954023 0.313462 0.961207 0.313462 0.965517 0.307692 0.965517 0.305769 0.966954 0.303846 0.966954 0.292308 0.965517 0.290385 0.965517 0.288462 0.96408 0.286538 0.96408 0.284615 0.951149 0.267308 0.949713 0.267308 0.946839 0.263462
0 0.0775862 0.721154 0.0747126 0.725 0.0747126 0.728846 0.0718391 0.732692 0.0718391 0.751923 0.0761494 0.757692 0.0775862 0.757692 0.079023 0.759615 0.0876437 0.759615 0.0948276 0.75 0.0948276 0.736538 0.0933908 0.734615 0.0933908 0.730769 0.0876437 0.723077 0.0862069 0.723077 0.0847701 0.721154
0 0.642241 0.703846 0.640805 0.705769 0.637931 0.705769 0.632184 0.713462 0.630747 0.713462 0.614943 0.734615 0.614943 0.738462 0.613506 0.740385 0.613506 0.744231 0.612069 0.746154 0.612069 0.75 0.613506 0.751923 0.613506 0.753846 0.614943 0.755769 0.616379 0.755769 0.617816 0.757692 0.622126 0.757692 0.623563 0.755769 0.625 0.755769 0.626437 0.753846 0.627874 0.753846 0.62931 0.751923 0.630747 0.751923 0.642241 0.736538 0.642241 0.734615 0.646552 0.728846 0.646552 0.726923 0.649425 0.723077 0.649425 0.721154 0.650862 0.719231 0.650862 0.707692 0.647989 0.703846
0 0.465517 0.586538 0.46408 0.588462 0.456897 0.588462 0.454023 0.592308 0.452586 0.592308 0.449713 0.596154 0.449713 0.598077 0.446839 0.601923 0.446839 0.603846 0.445402 0.605769 0.445402 0.619231 0.446839 0.621154 0.446839 0.623077 0.449713 0.626923 0.451149 0.626923 0.452586 0.628846 0.454023 0.628846 0.45546 0.630769 0.462644 0.630769 0.46408 0.628846 0.465517 0.628846 0.466954 0.626923 0.468391 0.626923 0.477011 0.615385 0.478448 0.615385 0.484195 0.607692 0.484195 0.598077 0.482759 0.596154 0.482759 0.594231 0.479885 0.590385 0.478448 0.590385 0.477011 0.588462 0.471264 0.588462 0.469828 0.586538
0 0.866379 0.682692 0.864943 0.684615 0.863506 0.684615 0.860632 0.688462 0.859195 0.688462 0.856322 0.692308 0.854885 0.692308 0.847701 0.701923 0.847701 0.703846 0.846264 0.705769 0.846264 0.707692 0.847701 0.709615 0.847701 0.721154 0.850575 0.725 0.852011 0.725 0.853448 0.726923 0.854885 0.726923 0.856322 0.728846 0.860632 0.728846 0.862069 0.730769 0.866379 0.730769 0.867816 0.728846 0.872126 0.728846 0.873563 0.726923 0.875 0.726923 0.883621 0.715385 0.883621 0.711538 0.887931 0.705769 0.887931 0.703846 0.885057 0.7 0.885057 0.698077 0.880747 0.692308 0.880747 0.690385 0.877874 0.686538 0.876437 0.686538 0.873563 0.682692
0 0.271552 0.484615 0.267241 0.490385 0.267241 0.494231 0.265805 0.496154 0.265805 0.509615 0.272989 0.519231 0.272989 0.521154 0.275862 0.525 0.275862 0.526923 0.278736 0.530769 0.281609 0.530769 0.283046 0.528846 0.287356 0.528846 0.29023 0.525 0.293103 0.525 0.295977 0.521154 0.295977 0.517308 0.29454 0.515385 0.29454 0.511538 0.29023 0.505769 0.29023 0.503846 0.28592 0.498077 0.28592 0.496154 0.283046 0.492308 0.283046 0.490385 0.280172 0.486538 0.278736 0.486538 0.277299 0.484615
0 0.466954 0.378846 0.45546 0.394231 0.454023 0.394231 0.448276 0.401923 0.448276 0.403846 0.446839 0.405769 0.446839 0.409615 0.445402 0.411538 0.445402 0.421154 0.446839 0.423077 0.446839 0.425 0.448276 0.426923 0.456897 0.426923 0.458333 0.425 0.461207 0.425 0.462644 0.423077 0.46408 0.423077 0.466954 0.419231 0.468391 0.419231 0.471264 0.415385 0.471264 0.407692 0.475575 0.401923 0.475575 0.4 0.477011 0.398077 0.477011 0.396154 0.475575 0.394231 0.475575 0.386538 0.474138 0.384615 0.474138 0.382692 0.471264 0.378846
0 0.981322 0.778846 0.975575 0.786538 0.975575 0.788462 0.968391 0.798077 0.968391 0.8 0.96408 0.805769 0.96408 0.809615 0.962644 0.811538 0.962644 0.821154 0.96408 0.823077 0.96408 0.825 0.966954 0.828846 0.969828 0.828846 0.971264 0.830769 0.975575 0.830769 0.977011 0.828846 0.978448 0.828846 0.979885 0.826923 0.981322 0.826923 0.982759 0.825 0.984195 0.825 0.994253 0.811538 0.994253 0.809615 0.99569 0.807692 0.99569 0.805769 0.997126 0.803846 0.997126 0.788462 0.991379 0.780769 0.989943 0.780769 0.988506 0.778846
0 0.033046 0.719231 0.0301724 0.723077 0.0301724 0.725 0.0272989 0.728846 0.0272989 0.730769 0.0258621 0.732692 0.0258621 0.736538 0.0272989 0.738462 0.0272989 0.744231 0.0287356 0.746154 0.0287356 0.748077 0.0344828 0.755769 0.0359195 0.755769 0.0373563 0.757692 0.0431034 0.757692 0.0445402 0.755769 0.0445402 0.753846 0.0474138 0.75 0.0474138 0.748077 0.0488506 0.746154 0.0488506 0.732692 0.0474138 0.730769 0.0474138 0.726923 0.0445402 0.723077 0.0431034 0.723077 0.0416667 0.721154 0.0373563 0.721154 0.0359195 0.719231
0 0.352011 0.128846 0.346264 0.136538 0.346264 0.142308 0.347701 0.144231 0.347701 0.148077 0.349138 0.15 0.349138 0.151923 0.354885 0.159615 0.356322 0.159615 0.359195 0.163462 0.360632 0.163462 0.362069 0.165385 0.373563 0.165385 0.375 0.163462 0.377874 0.163462 0.37931 0.161538 0.380747 0.161538 0.383621 0.157692 0.383621 0.155769 0.385057 0.153846 0.385057 0.146154 0.383621 0.144231 0.383621 0.142308 0.377874 0.134615 0.376437 0.134615 0.375 0.132692 0.373563 0.132692 0.372126 0.130769 0.369253 0.130769 0.367816 0.128846
0 0.688218 0.190385 0.682471 0.198077 0.676724 0.198077 0.675287 0.2 0.675287 0.203846 0.676724 0.205769 0.676724 0.213462 0.678161 0.215385 0.679598 0.215385 0.682471 0.219231 0.682471 0.221154 0.683908 0.223077 0.686782 0.223077 0.688218 0.225 0.689655 0.225 0.692529 0.228846 0.695402 0.228846 0.696839 0.226923 0.696839 0.225 0.699713 0.221154 0.704023 0.221154 0.70546 0.219231 0.70546 0.217308 0.706897 0.215385 0.706897 0.2 0.702586 0.194231 0.702586 0.192308 0.701149 0.190385
0 0.218391 0.948077 0.216954 0.95 0.21408 0.95 0.212644 0.951923 0.212644 0.959615 0.21408 0.961538 0.21408 0.965385 0.215517 0.967308 0.215517 0.969231 0.216954 0.971154 0.216954 0.973077 0.218391 0.975 0.219828 0.975 0.221264 0.976923 0.222701 0.976923 0.224138 0.978846 0.227011 0.978846 0.228448 0.976923 0.231322 0.976923 0.232759 0.975 0.232759 0.967308 0.234195 0.965385 0.234195 0.961538 0.232759 0.959615 0.232759 0.955769 0.228448 0.95 0.227011 0.95 0.225575 0.948077
0 0.854885 0.259615 0.853448 0.261538 0.852011 0.261538 0.847701 0.267308 0.847701 0.269231 0.854885 0.278846 0.856322 0.278846 0.859195 0.282692 0.867816 0.282692 0.869253 0.284615 0.87069 0.284615 0.872126 0.282692 0.873563 0.282692 0.875 0.280769 0.876437 0.280769 0.877874 0.278846 0.87931 0.278846 0.886494 0.269231 0.886494 0.263462 0.883621 0.259615
0 0.795977 0.184615 0.79454 0.186538 0.791667 0.186538 0.787356 0.192308 0.787356 0.194231 0.78592 0.196154 0.78592 0.203846 0.787356 0.205769 0.787356 0.209615 0.79023 0.213462 0.79023 0.217308 0.795977 0.225 0.797414 0.225 0.800287 0.228846 0.803161 0.228846 0.804598 0.230769 0.806034 0.230769 0.807471 0.232692 0.818966 0.232692 0.821839 0.228846 0.823276 0.228846 0.827586 0.223077 0.827586 0.213462 0.826149 0.211538 0.826149 0.207692 0.824713 0.205769 0.824713 0.203846 0.820402 0.198077 0.818966 0.198077 0.814655 0.192308 0.813218 0.192308 0.811782 0.190385 0.810345 0.190385 0.808908 0.188462 0.807471 0.188462 0.806034 0.186538 0.800287 0.186538 0.798851 0.184615
0 0.310345 0.148077 0.307471 0.151923 0.307471 0.169231 0.308908 0.171154 0.308908 0.173077 0.310345 0.175 0.310345 0.176923 0.311782 0.178846 0.311782 0.184615 0.314655 0.188462 0.317529 0.188462 0.318966 0.190385 0.324713 0.190385 0.326149 0.192308 0.331897 0.192308 0.333333 0.190385 0.336207 0.190385 0.33908 0.186538 0.33908 0.176923 0.337644 0.175 0.337644 0.173077 0.33477 0.169231 0.33477 0.167308 0.33046 0.161538 0.33046 0.159615 0.323276 0.15 0.318966 0.15 0.317529 0.148077
0 0.291667 0.765385 0.291667 0.767308 0.29454 0.767308 0.295977 0.769231 0.295977 0.771154 0.293103 0.775 0.288793 0.775 0.287356 0.776923 0.28592 0.776923 0.284483 0.778846 0.283046 0.778846 0.281609 0.780769 0.281609 0.782692 0.283046 0.784615 0.283046 0.794231 0.284483 0.796154 0.284483 0.8 0.28592 0.801923 0.28592 0.805769 0.287356 0.805769 0.287356 0.801923 0.29023 0.798077 0.297414 0.798077 0.298851 0.8 0.298851 0.798077 0.297414 0.796154 0.297414 0.794231 0.300287 0.790385 0.304598 0.790385 0.306034 0.792308 0.307471 0.792308 0.308908 0.794231 0.310345 0.792308 0.311782 0.792308 0.311782 0.790385 0.310345 0.790385 0.308908 0.788462 0.308908 0.782692 0.310345 0.780769 0.310345 0.776923 0.311782 0.775 0.313218 0.775 0.316092 0.778846 0.316092 0.782692 0.317529 0.782692 0.317529 0.771154 0.314655 0.767308 0.313218 0.767308 0.311782 0.765385
0 0.191092 0.853846 0.185345 0.861538 0.185345 0.865385 0.183908 0.867308 0.183908 0.876923 0.185345 0.878846 0.185345 0.880769 0.188218 0.884615 0.188218 0.886538 0.192529 0.892308 0.193966 0.892308 0.195402 0.894231 0.198276 0.894231 0.199713 0.896154 0.20546 0.896154 0.206897 0.898077 0.216954 0.898077 0.218391 0.896154 0.221264 0.896154 0.222701 0.894231 0.224138 0.894231 0.229885 0.886538 0.229885 0.884615 0.231322 0.882692 0.231322 0.869231 0.229885 0.867308 0.229885 0.865385 0.228448 0.863462 0.227011 0.863462 0.224138 0.859615 0.221264 0.859615 0.218391 0.855769 0.20977 0.855769 0.208333 0.853846
0 0.778736 0.323077 0.777299 0.325 0.775862 0.325 0.774425 0.326923 0.774425 0.330769 0.772989 0.332692 0.772989 0.334615 0.771552 0.336538 0.771552 0.342308 0.772989 0.344231 0.772989 0.351923 0.774425 0.353846 0.774425 0.361538 0.777299 0.365385 0.777299 0.367308 0.780172 0.371154 0.783046 0.371154 0.784483 0.369231 0.787356 0.369231 0.788793 0.371154 0.791667 0.371154 0.791667 0.367308 0.79454 0.363462 0.79454 0.351923 0.793103 0.35 0.793103 0.346154 0.791667 0.344231 0.791667 0.342308 0.79023 0.340385 0.79023 0.338462 0.788793 0.336538 0.788793 0.334615 0.787356 0.332692 0.787356 0.330769 0.78592 0.328846 0.784483 0.328846 0.780172 0.323077
0 0.219828 0.753846 0.218391 0.755769 0.216954 0.755769 0.208333 0.767308 0.208333 0.780769 0.20977 0.782692 0.20977 0.788462 0.21408 0.794231 0.216954 0.794231 0.221264 0.8 0.221264 0.805769 0.224138 0.809615 0.225575 0.809615 0.227011 0.807692 0.229885 0.807692 0.231322 0.809615 0.234195 0.809615 0.237069 0.805769 0.238506 0.805769 0.242816 0.8 0.242816 0.794231 0.238506 0.788462 0.238506 0.786538 0.237069 0.784615 0.237069 0.782692 0.241379 0.776923 0.241379 0.773077 0.242816 0.771154 0.242816 0.767308 0.239943 0.763462 0.238506 0.763462 0.232759 0.755769 0.231322 0.755769 0.229885 0.753846
0 0.392241 0.0653846 0.390805 0.0673077 0.37931 0.0673077 0.377874 0.0692308 0.376437 0.0692308 0.373563 0.0730769 0.372126 0.0730769 0.369253 0.0769231 0.369253 0.0846154 0.37069 0.0865385 0.37069 0.0903846 0.372126 0.0923077 0.373563 0.0923077 0.377874 0.0980769 0.37931 0.0980769 0.380747 0.1 0.385057 0.1 0.386494 0.101923 0.390805 0.101923 0.392241 0.1 0.395115 0.1 0.399425 0.0942308 0.399425 0.0923077 0.403736 0.0865385 0.403736 0.0826923 0.405172 0.0807692 0.405172 0.075 0.399425 0.0673077 0.396552 0.0673077 0.395115 0.0653846
0 0.793103 0.782692 0.79023 0.786538 0.788793 0.786538 0.787356 0.788462 0.78592 0.788462 0.781609 0.794231 0.781609 0.796154 0.780172 0.798077 0.780172 0.8 0.778736 0.801923 0.778736 0.803846 0.777299 0.805769 0.777299 0.811538 0.778736 0.813462 0.778736 0.815385 0.780172 0.817308 0.780172 0.819231 0.783046 0.823077 0.783046 0.825 0.784483 0.826923 0.78592 0.826923 0.787356 0.828846 0.788793 0.828846 0.79023 0.830769 0.804598 0.830769 0.806034 0.828846 0.807471 0.828846 0.808908 0.826923 0.810345 0.826923 0.818966 0.815385 0.818966 0.809615 0.820402 0.807692 0.820402 0.805769 0.818966 0.803846 0.818966 0.8 0.817529 0.798077 0.817529 0.796154 0.810345 0.786538 0.808908 0.786538 0.807471 0.784615 0.804598 0.784615 0.803161 0.782692
0 0.765805 0.925 0.764368 0.926923 0.761494 0.926923 0.760057 0.928846 0.758621 0.928846 0.75431 0.934615 0.75431 0.936538 0.752874 0.938462 0.752874 0.942308 0.758621 0.95 0.761494 0.95 0.762931 0.951923 0.778736 0.951923 0.780172 0.95 0.78592 0.95 0.787356 0.948077 0.788793 0.948077 0.793103 0.942308 0.793103 0.934615 0.787356 0.926923 0.784483 0.926923 0.783046 0.925
0 0.191092 0.346154 0.189655 0.348077 0.188218 0.348077 0.185345 0.351923 0.185345 0.353846 0.183908 0.355769 0.183908 0.363462 0.185345 0.365385 0.185345 0.371154 0.188218 0.375 0.188218 0.376923 0.196839 0.388462 0.198276 0.388462 0.199713 0.390385 0.202586 0.390385 0.204023 0.392308 0.215517 0.392308 0.218391 0.388462 0.218391 0.373077 0.216954 0.371154 0.216954 0.369231 0.215517 0.367308 0.215517 0.365385 0.212644 0.361538 0.212644 0.359615 0.20977 0.355769 0.208333 0.355769 0.20546 0.351923 0.204023 0.351923 0.202586 0.35 0.201149 0.35 0.199713 0.348077 0.196839 0.348077 0.195402 0.346154
0 0.576149 0.863462 0.573276 0.867308 0.573276 0.871154 0.570402 0.875 0.570402 0.880769 0.571839 0.882692 0.571839 0.888462 0.573276 0.890385 0.573276 0.894231 0.574713 0.896154 0.574713 0.898077 0.583333 0.909615 0.58477 0.909615 0.586207 0.911538 0.58908 0.911538 0.590517 0.913462 0.600575 0.913462 0.603448 0.909615 0.603448 0.907692 0.604885 0.905769 0.604885 0.901923 0.606322 0.9 0.606322 0.894231 0.604885 0.892308 0.604885 0.890385 0.603448 0.888462 0.603448 0.886538 0.602011 0.884615 0.602011 0.882692 0.600575 0.880769 0.600575 0.878846 0.596264 0.873077 0.594828 0.873077 0.58908 0.865385 0.587644 0.865385 0.586207 0.863462
0 0.347701 0.0173077 0.346264 0.0192308 0.341954 0.0192308 0.340517 0.0211538 0.337644 0.0211538 0.331897 0.0288462 0.331897 0.0307692 0.33046 0.0326923 0.33046 0.0442308 0.331897 0.0461538 0.331897 0.0480769 0.333333 0.05 0.333333 0.0538462 0.340517 0.0634615 0.347701 0.0634615 0.349138 0.0653846 0.350575 0.0653846 0.352011 0.0634615 0.354885 0.0634615 0.356322 0.0615385 0.357759 0.0615385 0.359195 0.0596154 0.360632 0.0596154 0.366379 0.0519231 0.367816 0.0519231 0.369253 0.05 0.369253 0.0480769 0.37069 0.0461538 0.37069 0.0442308 0.372126 0.0423077 0.372126 0.0346154 0.37069 0.0326923 0.37069 0.0288462 0.366379 0.0230769 0.364943 0.0230769 0.363506 0.0211538 0.362069 0.0211538 0.360632 0.0192308 0.352011 0.0192308 0.350575 0.0173077
0 0.264368 0.111538 0.258621 0.119231 0.258621 0.121154 0.25431 0.126923 0.25431 0.130769 0.252874 0.132692 0.252874 0.134615 0.251437 0.136538 0.251437 0.140385 0.25 0.142308 0.25 0.153846 0.251437 0.155769 0.251437 0.161538 0.252874 0.163462 0.252874 0.167308 0.257184 0.173077 0.260057 0.173077 0.261494 0.175 0.265805 0.175 0.267241 0.173077 0.270115 0.173077 0.274425 0.167308 0.274425 0.163462 0.277299 0.159615 0.277299 0.153846 0.278736 0.151923 0.278736 0.146154 0.280172 0.144231 0.280172 0.136538 0.278736 0.134615 0.278736 0.123077 0.277299 0.121154 0.277299 0.119231 0.272989 0.113462 0.271552 0.113462 0.270115 0.111538
0 0.655172 0.842308 0.653736 0.844231 0.647989 0.844231 0.646552 0.846154 0.645115 0.846154 0.639368 0.853846 0.639368 0.857692 0.637931 0.859615 0.637931 0.871154 0.639368 0.873077 0.639368 0.880769 0.640805 0.882692 0.640805 0.884615 0.647989 0.894231 0.649425 0.894231 0.650862 0.896154 0.652299 0.896154 0.653736 0.898077 0.666667 0.898077 0.668103 0.896154 0.675287 0.896154 0.676724 0.894231 0.678161 0.894231 0.679598 0.892308 0.681034 0.892308 0.683908 0.888462 0.683908 0.886538 0.685345 0.884615 0.685345 0.878846 0.686782 0.876923 0.686782 0.875 0.685345 0.873077 0.685345 0.867308 0.681034 0.861538 0.681034 0.859615 0.676724 0.853846 0.675287 0.853846 0.672414 0.85 0.670977 0.85 0.668103 0.846154 0.66523 0.846154 0.663793 0.844231 0.656609 0.844231
0 0.238506 0.496154 0.237069 0.498077 0.235632 0.498077 0.234195 0.5 0.234195 0.501923 0.232759 0.503846 0.232759 0.511538 0.235632 0.515385 0.235632 0.517308 0.24569 0.530769 0.25 0.530769 0.251437 0.532692 0.252874 0.532692 0.25431 0.534615 0.258621 0.534615 0.260057 0.536538 0.261494 0.536538 0.267241 0.528846 0.267241 0.526923 0.265805 0.525 0.265805 0.519231 0.262931 0.515385 0.262931 0.513462 0.260057 0.509615 0.260057 0.507692 0.255747 0.501923 0.25431 0.501923 0.251437 0.498077 0.248563 0.498077 0.247126 0.496154
0 0.83908 0.907692 0.836207 0.911538 0.83477 0.911538 0.833333 0.913462 0.831897 0.913462 0.829023 0.917308 0.829023 0.919231 0.827586 0.921154 0.827586 0.928846 0.829023 0.930769 0.83046 0.930769 0.833333 0.934615 0.833333 0.936538 0.844828 0.951923 0.846264 0.951923 0.847701 0.953846 0.857759 0.953846 0.859195 0.951923 0.863506 0.951923 0.869253 0.944231 0.869253 0.942308 0.87069 0.940385 0.87069 0.936538 0.869253 0.934615 0.869253 0.932692 0.87069 0.930769 0.87069 0.926923 0.867816 0.923077 0.867816 0.921154 0.862069 0.913462 0.860632 0.913462 0.859195 0.911538 0.857759 0.911538 0.856322 0.909615 0.853448 0.909615 0.852011 0.907692
0 0.606322 0.498077 0.602011 0.503846 0.602011 0.517308 0.603448 0.519231 0.603448 0.521154 0.604885 0.523077 0.604885 0.525 0.607759 0.528846 0.607759 0.530769 0.612069 0.536538 0.613506 0.536538 0.614943 0.538462 0.616379 0.538462 0.617816 0.540385 0.619253 0.540385 0.62069 0.542308 0.623563 0.542308 0.625 0.544231 0.635057 0.544231 0.639368 0.538462 0.639368 0.536538 0.640805 0.534615 0.640805 0.530769 0.639368 0.528846 0.639368 0.525 0.637931 0.523077 0.637931 0.521154 0.636494 0.519231 0.636494 0.517308 0.627874 0.505769 0.626437 0.505769 0.625 0.503846 0.623563 0.503846 0.62069 0.5 0.617816 0.5 0.616379 0.498077
0 0.091954 0.817308 0.0905172 0.819231 0.0890805 0.819231 0.0876437 0.821154 0.0862069 0.821154 0.0847701 0.823077 0.0847701 0.825 0.0833333 0.826923 0.0833333 0.840385 0.0862069 0.844231 0.0876437 0.844231 0.0905172 0.848077 0.091954 0.848077 0.0933908 0.85 0.0962644 0.85 0.0977011 0.851923 0.106322 0.851923 0.107759 0.85 0.110632 0.85 0.112069 0.848077 0.113506 0.848077 0.117816 0.842308 0.117816 0.828846 0.113506 0.823077 0.112069 0.823077 0.110632 0.821154 0.109195 0.821154 0.107759 0.819231 0.0991379 0.819231 0.0977011 0.817308
0 0.116379 0.586538 0.114943 0.588462 0.112069 0.588462 0.110632 0.590385 0.109195 0.590385 0.107759 0.592308 0.107759 0.594231 0.106322 0.596154 0.106322 0.607692 0.107759 0.609615 0.107759 0.611538 0.109195 0.613462 0.109195 0.615385 0.112069 0.619231 0.112069 0.621154 0.116379 0.626923 0.116379 0.628846 0.12069 0.634615 0.126437 0.634615 0.12931 0.630769 0.130747 0.630769 0.132184 0.628846 0.132184 0.623077 0.133621 0.621154 0.133621 0.603846 0.132184 0.601923 0.132184 0.598077 0.130747 0.596154 0.130747 0.594231 0.126437 0.588462 0.125 0.588462 0.123563 0.586538
0 0.418103 0.719231 0.416667 0.721154 0.41523 0.721154 0.409483 0.728846 0.409483 0.730769 0.408046 0.732692 0.408046 0.75 0.409483 0.751923 0.409483 0.755769 0.41092 0.757692 0.41092 0.759615 0.412356 0.761538 0.412356 0.763462 0.413793 0.765385 0.413793 0.767308 0.426724 0.784615 0.428161 0.784615 0.429598 0.786538 0.441092 0.786538 0.442529 0.784615 0.443966 0.784615 0.446839 0.780769 0.446839 0.778846 0.448276 0.776923 0.448276 0.773077 0.449713 0.771154 0.449713 0.767308 0.448276 0.765385 0.448276 0.753846 0.446839 0.751923 0.446839 0.748077 0.443966 0.744231 0.443966 0.742308 0.442529 0.740385 0.442529 0.738462 0.432471 0.725 0.431034 0.725 0.428161 0.721154 0.425287 0.721154 0.423851 0.719231
0 0.156609 0.680769 0.155172 0.682692 0.153736 0.682692 0.150862 0.686538 0.150862 0.688462 0.152299 0.690385 0.152299 0.692308 0.155172 0.696154 0.155172 0.705769 0.158046 0.709615 0.159483 0.709615 0.16092 0.707692 0.163793 0.707692 0.16523 0.705769 0.166667 0.705769 0.16954 0.701923 0.16954 0.7 0.175287 0.692308 0.175287 0.688462 0.170977 0.682692 0.162356 0.682692 0.16092 0.680769
0 0.0258621 0.415385 0.0244253 0.417308 0.0186782 0.417308 0.0172414 0.419231 0.012931 0.419231 0.0114943 0.421154 0.0100575 0.421154 0.00862069 0.423077 0.00718391 0.423077 0.00574713 0.425 0.00431034 0.425 0 0.430769 0 0.453846 0.00143678 0.455769 0.00287356 0.455769 0.00431034 0.457692 0.0215517 0.457692 0.0229885 0.455769 0.0244253 0.455769 0.0258621 0.453846 0.0272989 0.453846 0.0287356 0.451923 0.0301724 0.451923 0.0387931 0.440385 0.0387931 0.438462 0.0402299 0.436538 0.0402299 0.434615 0.0416667 0.432692 0.0416667 0.425 0.0359195 0.417308 0.0301724 0.417308 0.0287356 0.415385
0 0.21408 0.163462 0.212644 0.165385 0.211207 0.165385 0.20977 0.167308 0.208333 0.167308 0.20546 0.171154 0.20546 0.173077 0.204023 0.175 0.204023 0.188462 0.20546 0.190385 0.20546 0.196154 0.206897 0.198077 0.206897 0.2 0.208333 0.201923 0.208333 0.203846 0.20977 0.203846 0.212644 0.207692 0.212644 0.209615 0.21408 0.211538 0.21408 0.213462 0.215517 0.215385 0.221264 0.215385 0.222701 0.213462 0.224138 0.213462 0.225575 0.211538 0.225575 0.209615 0.227011 0.207692 0.227011 0.205769 0.228448 0.203846 0.228448 0.2 0.229885 0.198077 0.229885 0.190385 0.228448 0.188462 0.228448 0.182692 0.227011 0.180769 0.227011 0.176923 0.225575 0.175 0.225575 0.173077 0.224138 0.171154 0.224138 0.169231 0.222701 0.167308 0.221264 0.167308 0.218391 0.163462
0 0.534483 0.286538 0.533046 0.288462 0.530172 0.288462 0.524425 0.296154 0.524425 0.298077 0.522989 0.3 0.522989 0.319231 0.524425 0.321154 0.524425 0.325 0.525862 0.326923 0.525862 0.328846 0.527299 0.330769 0.527299 0.332692 0.534483 0.342308 0.53592 0.342308 0.537356 0.344231 0.538793 0.344231 0.54023 0.346154 0.54454 0.346154 0.545977 0.344231 0.547414 0.344231 0.551724 0.338462 0.551724 0.332692 0.553161 0.330769 0.553161 0.315385 0.551724 0.313462 0.551724 0.309615 0.550287 0.307692 0.550287 0.303846 0.548851 0.301923 0.548851 0.3 0.545977 0.296154 0.545977 0.294231 0.543103 0.290385 0.541667 0.290385 0.54023 0.288462 0.538793 0.288462 0.537356 0.286538
0 0.0316092 0.938462 0.0301724 0.940385 0.0287356 0.940385 0.0229885 0.948077 0.0229885 0.95 0.0172414 0.957692 0.0172414 0.959615 0.0158046 0.961538 0.0158046 0.963462 0.0172414 0.965385 0.0172414 0.969231 0.0186782 0.971154 0.0186782 0.973077 0.0244253 0.980769 0.0359195 0.980769 0.0373563 0.978846 0.0402299 0.978846 0.0416667 0.976923 0.0445402 0.976923 0.045977 0.975 0.0474138 0.975 0.0488506 0.973077 0.0488506 0.971154 0.0531609 0.965385 0.0531609 0.961538 0.0545977 0.959615 0.0545977 0.951923 0.0531609 0.95 0.0531609 0.948077 0.0517241 0.946154 0.0502874 0.946154 0.0474138 0.942308 0.0445402 0.942308 0.0431034 0.940385 0.0402299 0.940385 0.0387931 0.938462
0 0.416667 0.988462 0.412356 0.994231 0.409483 0.994231 0.408046 0.996154 0.408046 0.998077 0.426724 0.998077 0.426724 0.996154 0.422414 0.990385 0.41954 0.990385 0.418103 0.988462
0 0.347701 0.861538 0.346264 0.863462 0.346264 0.865385 0.344828 0.867308 0.344828 0.884615 0.346264 0.886538 0.346264 0.888462 0.347701 0.890385 0.347701 0.892308 0.349138 0.894231 0.350575 0.894231 0.352011 0.896154 0.357759 0.896154 0.362069 0.901923 0.37069 0.901923 0.373563 0.898077 0.373563 0.896154 0.375 0.894231 0.375 0.890385 0.373563 0.888462 0.373563 0.884615 0.366379 0.875 0.366379 0.873077 0.360632 0.865385 0.354885 0.865385 0.353448 0.863462 0.349138 0.863462
0 0.818966 0.523077 0.817529 0.525 0.816092 0.525 0.813218 0.528846 0.811782 0.528846 0.810345 0.530769 0.810345 0.532692 0.808908 0.534615 0.808908 0.542308 0.810345 0.544231 0.810345 0.546154 0.814655 0.551923 0.816092 0.551923 0.817529 0.553846 0.820402 0.553846 0.821839 0.555769 0.829023 0.555769 0.83046 0.557692 0.836207 0.557692 0.837644 0.555769 0.840517 0.555769 0.841954 0.553846 0.846264 0.553846 0.849138 0.55 0.849138 0.548077 0.850575 0.546154 0.850575 0.536538 0.846264 0.530769 0.843391 0.530769 0.841954 0.528846 0.83908 0.528846 0.836207 0.525 0.833333 0.525 0.831897 0.523077
0 0.196839 0.215385 0.195402 0.217308 0.192529 0.217308 0.191092 0.219231 0.188218 0.219231 0.185345 0.223077 0.185345 0.244231 0.183908 0.246154 0.183908 0.248077 0.186782 0.248077 0.188218 0.25 0.188218 0.251923 0.192529 0.251923 0.193966 0.253846 0.195402 0.253846 0.196839 0.255769 0.198276 0.255769 0.201149 0.259615 0.202586 0.259615 0.20546 0.255769 0.206897 0.255769 0.20977 0.251923 0.211207 0.251923 0.21408 0.248077 0.21408 0.242308 0.215517 0.240385 0.215517 0.234615 0.20977 0.226923 0.206897 0.226923 0.20546 0.225 0.204023 0.225 0.202586 0.223077 0.202586 0.217308 0.201149 0.217308 0.199713 0.215385
0 0.433908 0.896154 0.429598 0.901923 0.429598 0.903846 0.426724 0.907692 0.426724 0.915385 0.420977 0.923077 0.420977 0.926923 0.425287 0.932692 0.428161 0.932692 0.431034 0.936538 0.431034 0.938462 0.433908 0.942308 0.435345 0.942308 0.438218 0.946154 0.439655 0.946154 0.441092 0.944231 0.443966 0.944231 0.445402 0.942308 0.446839 0.942308 0.448276 0.940385 0.449713 0.940385 0.45546 0.932692 0.45546 0.928846 0.456897 0.926923 0.456897 0.921154 0.45546 0.919231 0.45546 0.913462 0.454023 0.911538 0.454023 0.907692 0.452586 0.905769 0.451149 0.905769 0.448276 0.901923 0.448276 0.9 0.446839 0.898077 0.443966 0.898077 0.442529 0.896154
0 0.852011 0.392308 0.850575 0.394231 0.846264 0.394231 0.846264 0.401923 0.844828 0.403846 0.844828 0.405769 0.846264 0.407692 0.846264 0.413462 0.847701 0.415385 0.847701 0.419231 0.846264 0.421154 0.844828 0.421154 0.843391 0.423077 0.843391 0.425 0.844828 0.426923 0.844828 0.428846 0.846264 0.430769 0.846264 0.432692 0.850575 0.438462 0.850575 0.440385 0.852011 0.442308 0.853448 0.442308 0.854885 0.444231 0.856322 0.444231 0.857759 0.446154 0.859195 0.446154 0.860632 0.444231 0.862069 0.444231 0.863506 0.442308 0.863506 0.440385 0.864943 0.438462 0.864943 0.432692 0.866379 0.430769 0.866379 0.417308 0.864943 0.415385 0.864943 0.407692 0.863506 0.405769 0.863506 0.401923 0.857759 0.394231 0.856322 0.394231 0.854885 0.392308
0 0.739943 0.726923 0.737069 0.730769 0.737069 0.732692 0.735632 0.734615 0.732759 0.734615 0.732759 0.738462 0.731322 0.740385 0.729885 0.740385 0.729885 0.75 0.731322 0.751923 0.731322 0.753846 0.734195 0.757692 0.735632 0.757692 0.737069 0.759615 0.742816 0.759615 0.744253 0.761538 0.748563 0.761538 0.75 0.759615 0.751437 0.759615 0.752874 0.757692 0.752874 0.755769 0.757184 0.75 0.758621 0.75 0.760057 0.748077 0.760057 0.746154 0.758621 0.744231 0.758621 0.742308 0.755747 0.738462 0.755747 0.736538 0.751437 0.730769 0.747126 0.730769 0.74569 0.728846 0.744253 0.728846 0.742816 0.726923
0 0.225575 0.119231 0.224138 0.121154 0.222701 0.121154 0.221264 0.123077 0.221264 0.130769 0.222701 0.132692 0.222701 0.138462 0.224138 0.140385 0.225575 0.140385 0.228448 0.144231 0.237069 0.144231 0.238506 0.142308 0.239943 0.142308 0.241379 0.140385 0.241379 0.132692 0.239943 0.130769 0.239943 0.128846 0.234195 0.121154 0.232759 0.121154 0.231322 0.119231
0 0.145115 0 0.145115 0.00192308 0.146552 0.00384615 0.146552 0.0153846 0.150862 0.0211538 0.152299 0.0211538 0.153736 0.0230769 0.16523 0.0230769 0.166667 0.0211538 0.172414 0.0211538 0.173851 0.0192308 0.175287 0.0192308 0.176724 0.0211538 0.179598 0.0211538 0.181034 0.0230769 0.182471 0.0230769 0.183908 0.025 0.185345 0.025 0.186782 0.0230769 0.189655 0.0230769 0.195402 0.0153846 0.195402 0.0134615 0.198276 0.00961538 0.198276 0.00769231 0.201149 0.00384615 0.202586 0.00384615 0.204023 0.00192308 0.206897 0.00192308 0.206897 0
0 0.867816 0.851923 0.866379 0.853846 0.864943 0.853846 0.863506 0.855769 0.863506 0.857692 0.860632 0.861538 0.860632 0.863462 0.859195 0.865385 0.859195 0.869231 0.860632 0.871154 0.860632 0.875 0.862069 0.876923 0.862069 0.878846 0.864943 0.882692 0.866379 0.882692 0.87069 0.888462 0.872126 0.888462 0.873563 0.890385 0.886494 0.890385 0.892241 0.882692 0.892241 0.878846 0.893678 0.876923 0.893678 0.873077 0.892241 0.871154 0.892241 0.867308 0.890805 0.865385 0.890805 0.863462 0.889368 0.861538 0.889368 0.859615 0.885057 0.853846 0.883621 0.853846 0.882184 0.851923
0 0.0474138 0.576923 0.045977 0.578846 0.0445402 0.578846 0.0387931 0.586538 0.0387931 0.590385 0.0373563 0.592308 0.0373563 0.598077 0.0387931 0.6 0.0387931 0.603846 0.0402299 0.605769 0.0402299 0.607692 0.0445402 0.613462 0.045977 0.613462 0.0474138 0.615385 0.0560345 0.615385 0.058908 0.611538 0.0632184 0.611538 0.0646552 0.609615 0.0646552 0.607692 0.066092 0.605769 0.066092 0.594231 0.0646552 0.592308 0.0646552 0.590385 0.0632184 0.588462 0.0632184 0.586538 0.0574713 0.578846 0.0545977 0.578846 0.0531609 0.576923
0 0.385057 0.2 0.383621 0.201923 0.383621 0.203846 0.382184 0.205769 0.382184 0.207692 0.380747 0.209615 0.380747 0.213462 0.382184 0.215385 0.382184 0.219231 0.385057 0.223077 0.385057 0.225 0.389368 0.230769 0.389368 0.232692 0.390805 0.234615 0.390805 0.236538 0.402299 0.251923 0.403736 0.251923 0.405172 0.253846 0.413793 0.253846 0.416667 0.25 0.418103 0.25 0.41954 0.248077 0.41954 0.232692 0.416667 0.228846 0.416667 0.225 0.41523 0.223077 0.41523 0.219231 0.403736 0.203846 0.399425 0.203846 0.397989 0.201923 0.395115 0.201923 0.393678 0.2
0 0.935345 0.878846 0.933908 0.880769 0.932471 0.880769 0.922414 0.894231 0.922414 0.896154 0.91954 0.9 0.91954 0.905769 0.918103 0.907692 0.918103 0.917308 0.923851 0.925 0.925287 0.925 0.926724 0.926923 0.929598 0.926923 0.931034 0.925 0.932471 0.925 0.933908 0.923077 0.935345 0.923077 0.939655 0.917308 0.939655 0.915385 0.941092 0.913462 0.941092 0.911538 0.943966 0.907692 0.943966 0.905769 0.945402 0.903846 0.945402 0.9 0.946839 0.898077 0.946839 0.890385 0.945402 0.888462 0.945402 0.884615 0.941092 0.878846
0 0.349138 0.255769 0.347701 0.257692 0.346264 0.257692 0.344828 0.259615 0.343391 0.259615 0.341954 0.261538 0.341954 0.265385 0.340517 0.267308 0.340517 0.276923 0.347701 0.286538 0.349138 0.286538 0.350575 0.288462 0.354885 0.288462 0.356322 0.290385 0.360632 0.290385 0.362069 0.288462 0.364943 0.288462 0.367816 0.284615 0.367816 0.282692 0.369253 0.280769 0.369253 0.278846 0.37069 0.276923 0.37069 0.275 0.369253 0.273077 0.369253 0.271154 0.366379 0.267308 0.366379 0.265385 0.364943 0.263462 0.364943 0.261538 0.363506 0.259615 0.359195 0.259615 0.356322 0.255769
0 0.626437 0.025 0.626437 0.0288462 0.623563 0.0326923 0.623563 0.0365385 0.625 0.0384615 0.625 0.0423077 0.62931 0.0423077 0.630747 0.0403846 0.632184 0.0403846 0.635057 0.0365385 0.635057 0.0346154 0.633621 0.0326923 0.633621 0.0269231 0.632184 0.025
0 0.511494 0.753846 0.510057 0.755769 0.508621 0.755769 0.507184 0.757692 0.494253 0.757692 0.492816 0.759615 0.492816 0.763462 0.491379 0.765385 0.491379 0.773077 0.49569 0.778846 0.497126 0.778846 0.498563 0.780769 0.5 0.780769 0.502874 0.784615 0.50431 0.784615 0.505747 0.786538 0.507184 0.786538 0.508621 0.788462 0.514368 0.788462 0.515805 0.786538 0.521552 0.786538 0.522989 0.784615 0.524425 0.784615 0.525862 0.782692 0.527299 0.782692 0.531609 0.776923 0.531609 0.769231 0.530172 0.767308 0.530172 0.765385 0.525862 0.759615 0.524425 0.759615 0.521552 0.755769 0.515805 0.755769 0.514368 0.753846
0 0.00574713 0.557692 0.00431034 0.559615 0 0.559615 0 0.601923 0.00143678 0.601923 0.00287356 0.603846 0.00431034 0.603846 0.0143678 0.590385 0.0143678 0.588462 0.0158046 0.586538 0.0158046 0.578846 0.0172414 0.576923 0.0172414 0.569231 0.0158046 0.567308 0.0158046 0.563462 0.012931 0.559615 0.00862069 0.559615 0.00718391 0.557692
0 0.954023 0.0769231 0.952586 0.0788462 0.951149 0.0788462 0.949713 0.0807692 0.948276 0.0807692 0.938218 0.0942308 0.938218 0.0961538 0.936782 0.0980769 0.936782 0.101923 0.935345 0.103846 0.935345 0.121154 0.936782 0.123077 0.936782 0.125 0.945402 0.136538 0.946839 0.136538 0.948276 0.138462 0.952586 0.138462 0.954023 0.140385 0.958333 0.140385 0.95977 0.138462 0.965517 0.138462 0.966954 0.136538 0.968391 0.136538 0.969828 0.134615 0.971264 0.134615 0.974138 0.130769 0.975575 0.130769 0.978448 0.126923 0.978448 0.125 0.982759 0.119231 0.982759 0.115385 0.984195 0.113462 0.984195 0.0961538 0.982759 0.0942308 0.982759 0.0903846 0.974138 0.0788462 0.972701 0.0788462 0.971264 0.0769231
0 0.708333 0 0.708333 0.00384615 0.70977 0.00576923 0.70977 0.00769231 0.711207 0.00961538 0.711207 0.0153846 0.715517 0.0211538 0.715517 0.0230769 0.719828 0.0288462 0.721264 0.0288462 0.722701 0.0307692 0.724138 0.0307692 0.725575 0.0326923 0.727011 0.0326923 0.728448 0.0346154 0.729885 0.0346154 0.731322 0.0365385 0.741379 0.0365385 0.747126 0.0288462 0.747126 0.0269231 0.748563 0.025 0.748563 0.0230769 0.75 0.0211538 0.75 0.0115385 0.748563 0.00961538 0.748563 0.00384615 0.74569 0
0 0.146552 0.440385 0.145115 0.442308 0.143678 0.442308 0.142241 0.444231 0.140805 0.444231 0.135057 0.451923 0.135057 0.459615 0.139368 0.465385 0.139368 0.467308 0.140805 0.469231 0.142241 0.469231 0.146552 0.475 0.147989 0.475 0.149425 0.476923 0.152299 0.476923 0.153736 0.478846 0.159483 0.478846 0.16092 0.480769 0.163793 0.480769 0.16523 0.478846 0.168103 0.478846 0.16954 0.476923 0.170977 0.476923 0.172414 0.475 0.172414 0.473077 0.173851 0.471154 0.173851 0.467308 0.172414 0.465385 0.172414 0.461538 0.170977 0.459615 0.170977 0.457692 0.16954 0.455769 0.16954 0.453846 0.162356 0.444231 0.159483 0.444231 0.158046 0.442308 0.155172 0.442308 0.153736 0.440385
0 0.195402 0.588462 0.191092 0.594231 0.191092 0.596154 0.189655 0.598077 0.189655 0.6 0.188218 0.601923 0.188218 0.603846 0.186782 0.605769 0.186782 0.607692 0.185345 0.609615 0.185345 0.617308 0.186782 0.619231 0.186782 0.621154 0.188218 0.623077 0.188218 0.626923 0.192529 0.632692 0.202586 0.632692 0.20546 0.628846 0.206897 0.628846 0.211207 0.623077 0.211207 0.621154 0.212644 0.619231 0.212644 0.617308 0.21408 0.615385 0.21408 0.6 0.211207 0.596154 0.211207 0.594231 0.208333 0.590385 0.206897 0.590385 0.20546 0.588462
0 0.0775862 0.465385 0.0761494 0.467308 0.0704023 0.467308 0.0689655 0.469231 0.0675287 0.469231 0.0646552 0.473077 0.0632184 0.473077 0.0574713 0.480769 0.0574713 0.486538 0.058908 0.488462 0.058908 0.494231 0.0603448 0.496154 0.0632184 0.496154 0.0646552 0.498077 0.066092 0.498077 0.0675287 0.5 0.0704023 0.5 0.0718391 0.498077 0.0747126 0.498077 0.0761494 0.496154 0.0775862 0.496154 0.079023 0.494231 0.0804598 0.494231 0.0847701 0.488462 0.0862069 0.488462 0.0876437 0.486538 0.0876437 0.473077 0.0833333 0.467308 0.0804598 0.467308 0.079023 0.465385
0 0.574713 0.332692 0.571839 0.336538 0.570402 0.336538 0.566092 0.342308 0.566092 0.348077 0.564655 0.35 0.564655 0.359615 0.563218 0.361538 0.563218 0.367308 0.564655 0.369231 0.564655 0.373077 0.566092 0.375 0.566092 0.376923 0.568966 0.380769 0.568966 0.382692 0.570402 0.384615 0.571839 0.384615 0.573276 0.386538 0.576149 0.386538 0.577586 0.388462 0.581897 0.388462 0.583333 0.386538 0.586207 0.386538 0.590517 0.380769 0.590517 0.378846 0.591954 0.376923 0.591954 0.373077 0.593391 0.371154 0.593391 0.353846 0.591954 0.351923 0.591954 0.348077 0.58908 0.344231 0.58908 0.340385 0.583333 0.332692
0 0.147989 0.176923 0.139368 0.188462 0.139368 0.2 0.137931 0.201923 0.137931 0.219231 0.139368 0.221154 0.139368 0.223077 0.140805 0.225 0.140805 0.226923 0.142241 0.228846 0.143678 0.228846 0.145115 0.230769 0.155172 0.230769 0.159483 0.225 0.159483 0.219231 0.16092 0.217308 0.16092 0.203846 0.159483 0.201923 0.159483 0.190385 0.156609 0.186538 0.156609 0.182692 0.152299 0.176923
0 0.188218 0.253846 0.186782 0.255769 0.182471 0.255769 0.181034 0.257692 0.179598 0.257692 0.175287 0.263462 0.175287 0.267308 0.178161 0.271154 0.178161 0.273077 0.181034 0.276923 0.181034 0.278846 0.182471 0.280769 0.185345 0.280769 0.186782 0.282692 0.188218 0.282692 0.189655 0.284615 0.191092 0.284615 0.192529 0.286538 0.202586 0.286538 0.204023 0.284615 0.204023 0.282692 0.20546 0.280769 0.20546 0.278846 0.208333 0.275 0.208333 0.271154 0.206897 0.269231 0.206897 0.267308 0.202586 0.261538 0.201149 0.261538 0.198276 0.257692 0.196839 0.257692 0.195402 0.255769 0.193966 0.255769 0.192529 0.253846
0 0.0948276 0.2 0.0933908 0.201923 0.091954 0.201923 0.0890805 0.205769 0.0890805 0.209615 0.0876437 0.211538 0.0876437 0.223077 0.0948276 0.232692 0.0962644 0.232692 0.0991379 0.236538 0.100575 0.236538 0.103448 0.240385 0.12069 0.240385 0.125 0.234615 0.125 0.230769 0.126437 0.228846 0.126437 0.226923 0.125 0.225 0.125 0.223077 0.126437 0.221154 0.126437 0.219231 0.125 0.217308 0.125 0.215385 0.116379 0.203846 0.114943 0.203846 0.113506 0.201923 0.112069 0.201923 0.110632 0.2
0 0.350575 0.561538 0.346264 0.567308 0.346264 0.578846 0.344828 0.580769 0.344828 0.584615 0.346264 0.586538 0.346264 0.594231 0.347701 0.596154 0.347701 0.603846 0.349138 0.605769 0.349138 0.609615 0.350575 0.611538 0.350575 0.613462 0.352011 0.615385 0.352011 0.617308 0.356322 0.623077 0.363506 0.623077 0.37069 0.613462 0.37069 0.609615 0.372126 0.607692 0.372126 0.592308 0.37069 0.590385 0.37069 0.580769 0.369253 0.578846 0.369253 0.575 0.366379 0.571154 0.366379 0.569231 0.363506 0.565385 0.362069 0.565385 0.359195 0.561538
0 0.942529 0.503846 0.941092 0.505769 0.939655 0.505769 0.935345 0.511538 0.935345 0.513462 0.933908 0.515385 0.933908 0.526923 0.935345 0.528846 0.935345 0.532692 0.936782 0.534615 0.936782 0.536538 0.939655 0.540385 0.939655 0.542308 0.941092 0.544231 0.941092 0.546154 0.943966 0.55 0.943966 0.551923 0.945402 0.553846 0.945402 0.555769 0.946839 0.557692 0.946839 0.559615 0.949713 0.563462 0.951149 0.563462 0.952586 0.565385 0.961207 0.565385 0.96408 0.561538 0.96408 0.559615 0.965517 0.557692 0.965517 0.555769 0.966954 0.553846 0.966954 0.540385 0.965517 0.538462 0.965517 0.534615 0.96408 0.532692 0.96408 0.528846 0.962644 0.526923 0.962644 0.525 0.961207 0.523077 0.961207 0.519231 0.952586 0.507692 0.951149 0.507692 0.949713 0.505769 0.945402 0.505769 0.943966 0.503846
0 0.045977 0 0.045977 0.00192308 0.0431034 0.00576923 0.0431034 0.00961538 0.0416667 0.0115385 0.0416667 0.0134615 0.0431034 0.0153846 0.0431034 0.0288462 0.0387931 0.0346154 0.0387931 0.0365385 0.0402299 0.0384615 0.0402299 0.0423077 0.0416667 0.0442308 0.0416667 0.0480769 0.0474138 0.0557692 0.0531609 0.0557692 0.058908 0.0480769 0.0603448 0.0480769 0.0632184 0.0442308 0.066092 0.0442308 0.066092 0.0423077 0.0646552 0.0403846 0.0646552 0.0384615 0.0632184 0.0365385 0.0632184 0.0346154 0.0646552 0.0326923 0.0646552 0.025 0.066092 0.0230769 0.066092 0.0134615 0.0646552 0.0115385 0.0646552 0.00384615 0.0617816 0
0 0.469828 0.328846 0.466954 0.332692 0.465517 0.332692 0.461207 0.338462 0.461207 0.340385 0.458333 0.344231 0.458333 0.346154 0.456897 0.348077 0.456897 0.35 0.45546 0.351923 0.45546 0.373077 0.456897 0.375 0.456897 0.376923 0.45977 0.380769 0.45977 0.382692 0.458333 0.384615 0.458333 0.386538 0.45977 0.386538 0.465517 0.378846 0.465517 0.376923 0.46408 0.375 0.46408 0.367308 0.465517 0.365385 0.465517 0.363462 0.468391 0.359615 0.469828 0.359615 0.475575 0.367308 0.475575 0.373077 0.474138 0.375 0.474138 0.378846 0.478448 0.384615 0.478448 0.388462 0.479885 0.390385 0.481322 0.390385 0.481322 0.384615 0.479885 0.382692 0.479885 0.380769 0.478448 0.378846 0.478448 0.373077 0.481322 0.369231 0.481322 0.367308 0.482759 0.365385 0.482759 0.363462 0.485632 0.359615 0.485632 0.357692 0.487069 0.355769 0.487069 0.35 0.488506 0.348077 0.488506 0.346154 0.487069 0.344231 0.487069 0.340385 0.485632 0.338462 0.485632 0.336538 0.481322 0.330769 0.479885 0.330769 0.478448 0.328846
0 0.945402 0.425 0.943966 0.426923 0.942529 0.426923 0.939655 0.430769 0.939655 0.432692 0.938218 0.434615 0.938218 0.436538 0.939655 0.438462 0.939655 0.442308 0.941092 0.444231 0.941092 0.446154 0.945402 0.451923 0.946839 0.451923 0.949713 0.455769 0.951149 0.455769 0.952586 0.457692 0.954023 0.457692 0.95546 0.459615 0.956897 0.459615 0.958333 0.461538 0.961207 0.461538 0.962644 0.463462 0.96408 0.463462 0.965517 0.465385 0.974138 0.465385 0.978448 0.459615 0.978448 0.451923 0.977011 0.45 0.977011 0.446154 0.974138 0.442308 0.974138 0.440385 0.972701 0.438462 0.971264 0.438462 0.966954 0.432692 0.965517 0.432692 0.962644 0.428846 0.961207 0.428846 0.95977 0.426923 0.956897 0.426923 0.95546 0.425
0 0.288793 0.236538 0.287356 0.238462 0.284483 0.238462 0.280172 0.244231 0.278736 0.244231 0.277299 0.246154 0.277299 0.248077 0.272989 0.253846 0.272989 0.255769 0.270115 0.259615 0.270115 0.263462 0.268678 0.265385 0.268678 0.267308 0.267241 0.269231 0.267241 0.276923 0.265805 0.278846 0.265805 0.280769 0.267241 0.282692 0.267241 0.288462 0.271552 0.294231 0.272989 0.294231 0.274425 0.296154 0.280172 0.296154 0.281609 0.294231 0.283046 0.294231 0.284483 0.292308 0.28592 0.292308 0.287356 0.290385 0.288793 0.290385 0.291667 0.286538 0.291667 0.284615 0.29454 0.280769 0.29454 0.278846 0.295977 0.276923 0.295977 0.273077 0.297414 0.271154 0.297414 0.269231 0.298851 0.267308 0.298851 0.251923 0.297414 0.25 0.297414 0.244231 0.293103 0.238462 0.291667 0.238462 0.29023 0.236538
0 0.706897 0.690385 0.70546 0.692308 0.702586 0.692308 0.699713 0.696154 0.698276 0.696154 0.691092 0.705769 0.691092 0.707692 0.689655 0.709615 0.689655 0.717308 0.692529 0.721154 0.692529 0.723077 0.693966 0.725 0.696839 0.725 0.698276 0.726923 0.715517 0.726923 0.716954 0.728846 0.718391 0.728846 0.721264 0.732692 0.725575 0.732692 0.725575 0.730769 0.727011 0.728846 0.729885 0.728846 0.729885 0.725 0.734195 0.719231 0.734195 0.711538 0.732759 0.709615 0.732759 0.707692 0.731322 0.705769 0.731322 0.703846 0.725575 0.696154 0.724138 0.696154 0.721264 0.692308 0.718391 0.692308 0.716954 0.690385
0 0.25 0.596154 0.244253 0.603846 0.242816 0.603846 0.241379 0.605769 0.241379 0.609615 0.242816 0.611538 0.242816 0.613462 0.24569 0.617308 0.247126 0.617308 0.248563 0.619231 0.25 0.619231 0.251437 0.621154 0.268678 0.621154 0.270115 0.619231 0.271552 0.619231 0.274425 0.615385 0.274425 0.613462 0.271552 0.609615 0.271552 0.607692 0.267241 0.601923 0.262931 0.601923 0.260057 0.598077 0.252874 0.598077 0.251437 0.596154
0 0.140805 0.917308 0.137931 0.921154 0.137931 0.923077 0.136494 0.925 0.136494 0.926923 0.135057 0.928846 0.135057 0.932692 0.133621 0.934615 0.133621 0.940385 0.135057 0.942308 0.135057 0.944231 0.136494 0.946154 0.136494 0.948077 0.137931 0.95 0.137931 0.951923 0.143678 0.959615 0.145115 0.959615 0.146552 0.961538 0.149425 0.961538 0.150862 0.963462 0.158046 0.963462 0.163793 0.955769 0.163793 0.953846 0.16523 0.951923 0.16523 0.940385 0.163793 0.938462 0.163793 0.936538 0.16092 0.932692 0.16092 0.930769 0.159483 0.928846 0.159483 0.926923 0.155172 0.921154 0.153736 0.921154 0.152299 0.919231 0.149425 0.919231 0.147989 0.917308
0 0.0962644 0.682692 0.0948276 0.684615 0.0933908 0.684615 0.0890805 0.690385 0.0890805 0.694231 0.0876437 0.696154 0.0876437 0.703846 0.0890805 0.705769 0.0890805 0.707692 0.0962644 0.717308 0.0991379 0.717308 0.102011 0.721154 0.116379 0.721154 0.117816 0.719231 0.119253 0.719231 0.12069 0.717308 0.122126 0.717308 0.125 0.713462 0.125 0.709615 0.126437 0.707692 0.126437 0.698077 0.125 0.696154 0.125 0.694231 0.117816 0.684615 0.114943 0.684615 0.113506 0.682692
0 0.456897 0.0596154 0.45546 0.0615385 0.452586 0.0615385 0.448276 0.0673077 0.448276 0.0692308 0.446839 0.0711538 0.446839 0.075 0.448276 0.0769231 0.448276 0.0807692 0.449713 0.0826923 0.449713 0.0846154 0.451149 0.0865385 0.451149 0.0884615 0.454023 0.0923077 0.45546 0.0923077 0.456897 0.0942308 0.458333 0.0942308 0.45977 0.0961538 0.461207 0.0961538 0.462644 0.0980769 0.471264 0.0980769 0.472701 0.0961538 0.474138 0.0961538 0.475575 0.0942308 0.477011 0.0942308 0.479885 0.0903846 0.479885 0.0884615 0.481322 0.0865385 0.481322 0.0846154 0.482759 0.0826923 0.482759 0.0692308 0.481322 0.0673077 0.481322 0.0653846 0.479885 0.0634615 0.478448 0.0634615 0.477011 0.0615385 0.472701 0.0615385 0.471264 0.0634615 0.466954 0.0634615 0.465517 0.0615385 0.461207 0.0615385 0.45977 0.0596154
0 0.810345 0.457692 0.808908 0.459615 0.807471 0.459615 0.806034 0.461538 0.806034 0.465385 0.804598 0.467308 0.804598 0.469231 0.806034 0.471154 0.806034 0.473077 0.807471 0.475 0.807471 0.478846 0.808908 0.480769 0.808908 0.482692 0.811782 0.486538 0.811782 0.488462 0.823276 0.503846 0.829023 0.503846 0.83046 0.505769 0.831897 0.505769 0.836207 0.5 0.836207 0.498077 0.837644 0.496154 0.837644 0.492308 0.836207 0.490385 0.836207 0.488462 0.837644 0.486538 0.837644 0.482692 0.836207 0.480769 0.836207 0.478846 0.833333 0.475 0.833333 0.473077 0.824713 0.461538 0.821839 0.461538 0.820402 0.459615 0.817529 0.459615 0.816092 0.457692
0 0.795977 0.275 0.79454 0.276923 0.79454 0.280769 0.793103 0.282692 0.793103 0.284615 0.791667 0.286538 0.791667 0.292308 0.79023 0.294231 0.79023 0.3 0.791667 0.301923 0.791667 0.305769 0.793103 0.307692 0.793103 0.309615 0.79454 0.311538 0.79454 0.313462 0.798851 0.319231 0.798851 0.321154 0.801724 0.325 0.803161 0.325 0.806034 0.328846 0.814655 0.328846 0.817529 0.325 0.817529 0.315385 0.818966 0.313462 0.818966 0.301923 0.817529 0.3 0.817529 0.294231 0.816092 0.292308 0.816092 0.290385 0.814655 0.288462 0.814655 0.284615 0.810345 0.278846 0.808908 0.278846 0.807471 0.276923 0.806034 0.276923 0.804598 0.275
0 0.392241 0.105769 0.390805 0.107692 0.387931 0.107692 0.385057 0.111538 0.385057 0.123077 0.387931 0.126923 0.387931 0.128846 0.392241 0.134615 0.393678 0.134615 0.395115 0.136538 0.396552 0.136538 0.397989 0.138462 0.399425 0.138462 0.400862 0.140385 0.41954 0.140385 0.422414 0.136538 0.422414 0.125 0.41523 0.115385 0.413793 0.115385 0.412356 0.113462 0.409483 0.113462 0.408046 0.111538 0.403736 0.111538 0.400862 0.107692 0.395115 0.107692 0.393678 0.105769
0 0.386494 0.873077 0.383621 0.876923 0.382184 0.876923 0.380747 0.878846 0.380747 0.882692 0.37931 0.884615 0.37931 0.9 0.380747 0.901923 0.380747 0.903846 0.382184 0.905769 0.382184 0.907692 0.389368 0.917308 0.392241 0.917308 0.393678 0.915385 0.395115 0.915385 0.403736 0.903846 0.403736 0.884615 0.402299 0.882692 0.402299 0.880769 0.399425 0.876923 0.397989 0.876923 0.396552 0.875 0.392241 0.875 0.390805 0.873077
0 0 0.838462 0 0.876923 0.00287356 0.876923 0.00431034 0.878846 0.0215517 0.878846 0.0229885 0.876923 0.0258621 0.876923 0.0272989 0.875 0.0287356 0.875 0.0301724 0.873077 0.0301724 0.871154 0.0316092 0.869231 0.0316092 0.863462 0.0258621 0.855769 0.0244253 0.855769 0.0229885 0.853846 0.0215517 0.853846 0.0186782 0.85 0.0172414 0.85 0.0100575 0.840385 0.00718391 0.840385 0.00574713 0.838462
0 0.551724 0.488462 0.550287 0.490385 0.548851 0.490385 0.54454 0.496154 0.54454 0.517308 0.545977 0.519231 0.545977 0.521154 0.547414 0.523077 0.547414 0.525 0.548851 0.526923 0.548851 0.528846 0.553161 0.534615 0.554598 0.534615 0.556034 0.536538 0.557471 0.536538 0.558908 0.538462 0.570402 0.538462 0.571839 0.536538 0.573276 0.536538 0.577586 0.530769 0.577586 0.528846 0.579023 0.526923 0.579023 0.525 0.58046 0.523077 0.58046 0.517308 0.579023 0.515385 0.579023 0.509615 0.576149 0.505769 0.576149 0.503846 0.570402 0.496154 0.568966 0.496154 0.566092 0.492308 0.564655 0.492308 0.563218 0.490385 0.561782 0.490385 0.560345 0.488462
0 0.75431 0.0576923 0.752874 0.0596154 0.75 0.0596154 0.74569 0.0653846 0.74569 0.0673077 0.744253 0.0692308 0.744253 0.0807692 0.74569 0.0826923 0.74569 0.0903846 0.747126 0.0923077 0.747126 0.0961538 0.757184 0.109615 0.758621 0.109615 0.760057 0.111538 0.761494 0.111538 0.762931 0.113462 0.764368 0.113462 0.765805 0.115385 0.768678 0.115385 0.770115 0.117308 0.774425 0.117308 0.775862 0.115385 0.778736 0.115385 0.781609 0.111538 0.781609 0.109615 0.783046 0.107692 0.783046 0.0961538 0.781609 0.0942308 0.781609 0.0903846 0.780172 0.0884615 0.780172 0.0846154 0.777299 0.0807692 0.777299 0.0769231 0.774425 0.0730769 0.774425 0.0711538 0.770115 0.0653846 0.768678 0.0653846 0.767241 0.0634615 0.765805 0.0634615 0.764368 0.0615385 0.762931 0.0615385 0.761494 0.0596154 0.758621 0.0596154 0.757184 0.0576923
0 0.137931 0.769231 0.136494 0.771154 0.135057 0.771154 0.132184 0.775 0.132184 0.776923 0.126437 0.784615 0.126437 0.794231 0.127874 0.796154 0.127874 0.8 0.12931 0.801923 0.12931 0.803846 0.132184 0.807692 0.133621 0.807692 0.136494 0.811538 0.140805 0.811538 0.142241 0.809615 0.143678 0.809615 0.145115 0.807692 0.145115 0.805769 0.146552 0.803846 0.146552 0.801923 0.147989 0.8 0.147989 0.790385 0.146552 0.788462 0.146552 0.780769 0.145115 0.778846 0.145115 0.773077 0.143678 0.771154 0.140805 0.771154 0.139368 0.769231
0 0.852011 0.103846 0.850575 0.105769 0.847701 0.105769 0.843391 0.111538 0.843391 0.115385 0.841954 0.117308 0.841954 0.119231 0.843391 0.121154 0.843391 0.126923 0.854885 0.142308 0.854885 0.144231 0.859195 0.15 0.860632 0.15 0.862069 0.151923 0.867816 0.151923 0.869253 0.15 0.87069 0.15 0.872126 0.148077 0.873563 0.148077 0.875 0.146154 0.875 0.144231 0.876437 0.142308 0.876437 0.140385 0.877874 0.138462 0.877874 0.123077 0.876437 0.121154 0.876437 0.119231 0.867816 0.107692 0.866379 0.107692 0.864943 0.105769 0.863506 0.105769 0.862069 0.103846
0 0.0287356 0.490385 0.0287356 0.492308 0.0344828 0.5 0.0344828 0.501923 0.0359195 0.503846 0.0359195 0.505769 0.0373563 0.507692 0.0373563 0.509615 0.0387931 0.511538 0.0387931 0.515385 0.0373563 0.517308 0.0373563 0.521154 0.0359195 0.523077 0.0359195 0.525 0.0316092 0.530769 0.0287356 0.530769 0.0301724 0.532692 0.0316092 0.532692 0.033046 0.530769 0.0344828 0.530769 0.0387931 0.536538 0.0387931 0.540385 0.0416667 0.544231 0.0431034 0.544231 0.0445402 0.546154 0.0531609 0.546154 0.0545977 0.548077 0.0603448 0.548077 0.0617816 0.546154 0.0646552 0.546154 0.066092 0.544231 0.0675287 0.544231 0.0689655 0.542308 0.0689655 0.540385 0.0704023 0.538462 0.0704023 0.532692 0.058908 0.517308 0.0560345 0.517308 0.0545977 0.519231 0.0531609 0.519231 0.0517241 0.517308 0.045977 0.517308 0.0445402 0.519231 0.0431034 0.519231 0.0402299 0.515385 0.0402299 0.507692 0.0387931 0.505769 0.0387931 0.503846 0.0359195 0.5 0.0359195 0.498077 0.0301724 0.490385
0 0.969828 0.348077 0.966954 0.351923 0.966954 0.353846 0.965517 0.355769 0.965517 0.369231 0.96408 0.371154 0.96408 0.375 0.962644 0.376923 0.962644 0.378846 0.961207 0.380769 0.961207 0.392308 0.965517 0.398077 0.966954 0.398077 0.968391 0.4 0.974138 0.4 0.975575 0.401923 0.982759 0.401923 0.984195 0.4 0.985632 0.4 0.987069 0.398077 0.988506 0.398077 0.992816 0.392308 0.992816 0.390385 0.994253 0.388462 0.994253 0.384615 0.99569 0.382692 0.99569 0.376923 0.994253 0.375 0.994253 0.373077 0.992816 0.371154 0.992816 0.367308 0.989943 0.363462 0.989943 0.361538 0.982759 0.351923 0.981322 0.351923 0.979885 0.35 0.978448 0.35 0.977011 0.348077
0 0.627874 0.0576923 0.622126 0.0653846 0.622126 0.0673077 0.616379 0.075 0.616379 0.0769231 0.614943 0.0788462 0.614943 0.0826923 0.613506 0.0846154 0.613506 0.0961538 0.614943 0.0980769 0.616379 0.0980769 0.617816 0.0961538 0.622126 0.0961538 0.623563 0.0942308 0.626437 0.0942308 0.62931 0.0903846 0.632184 0.0903846 0.636494 0.0846154 0.636494 0.0826923 0.637931 0.0807692 0.637931 0.0769231 0.639368 0.075 0.639368 0.0673077 0.636494 0.0634615 0.635057 0.0634615 0.633621 0.0615385 0.632184 0.0615385 0.62931 0.0576923
0 0.091954 0.901923 0.0905172 0.903846 0.0862069 0.903846 0.0804598 0.911538 0.0804598 0.913462 0.079023 0.915385 0.079023 0.917308 0.0775862 0.919231 0.0775862 0.934615 0.079023 0.936538 0.079023 0.938462 0.0847701 0.946154 0.0876437 0.946154 0.0890805 0.948077 0.0962644 0.948077 0.100575 0.942308 0.100575 0.940385 0.102011 0.938462 0.102011 0.936538 0.103448 0.934615 0.103448 0.932692 0.104885 0.930769 0.104885 0.923077 0.106322 0.921154 0.106322 0.915385 0.104885 0.913462 0.104885 0.909615 0.100575 0.903846 0.0991379 0.903846 0.0977011 0.901923
0 0.945402 0.207692 0.943966 0.209615 0.942529 0.209615 0.938218 0.215385 0.938218 0.226923 0.941092 0.230769 0.941092 0.232692 0.942529 0.234615 0.943966 0.234615 0.946839 0.238462 0.948276 0.238462 0.951149 0.242308 0.952586 0.242308 0.954023 0.244231 0.95546 0.244231 0.956897 0.246154 0.95977 0.246154 0.961207 0.248077 0.969828 0.248077 0.971264 0.246154 0.974138 0.246154 0.977011 0.242308 0.977011 0.240385 0.978448 0.238462 0.978448 0.230769 0.977011 0.228846 0.977011 0.226923 0.975575 0.225 0.975575 0.223077 0.968391 0.213462 0.966954 0.213462 0.965517 0.211538 0.96408 0.211538 0.962644 0.209615 0.958333 0.209615 0.956897 0.207692
0 0.0962644 0.0942308 0.0948276 0.0961538 0.0933908 0.0961538 0.091954 0.0980769 0.0905172 0.0980769 0.0833333 0.107692 0.0833333 0.109615 0.0818966 0.111538 0.0818966 0.125 0.0804598 0.126923 0.0804598 0.130769 0.0818966 0.132692 0.0818966 0.142308 0.0847701 0.146154 0.0862069 0.146154 0.0905172 0.151923 0.091954 0.151923 0.0962644 0.146154 0.0977011 0.146154 0.100575 0.142308 0.100575 0.140385 0.103448 0.136538 0.103448 0.130769 0.104885 0.128846 0.104885 0.126923 0.109195 0.121154 0.109195 0.101923 0.107759 0.1 0.107759 0.0980769 0.106322 0.0961538 0.104885 0.0961538 0.103448 0.0942308
0 0.452586 0.838462 0.451149 0.840385 0.449713 0.840385 0.448276 0.842308 0.448276 0.844231 0.446839 0.846154 0.446839 0.853846 0.448276 0.855769 0.448276 0.857692 0.449713 0.859615 0.449713 0.861538 0.454023 0.867308 0.45546 0.867308 0.458333 0.871154 0.45977 0.871154 0.462644 0.875 0.465517 0.875 0.466954 0.876923 0.474138 0.876923 0.475575 0.875 0.477011 0.875 0.479885 0.871154 0.479885 0.859615 0.478448 0.857692 0.478448 0.855769 0.474138 0.85 0.472701 0.85 0.466954 0.842308 0.465517 0.842308 0.46408 0.840385 0.461207 0.840385 0.45977 0.838462
0 0.317529 0.853846 0.316092 0.855769 0.310345 0.855769 0.308908 0.857692 0.308908 0.871154 0.310345 0.873077 0.313218 0.873077 0.318966 0.865385 0.318966 0.863462 0.320402 0.861538 0.320402 0.855769 0.318966 0.853846
0 0.66954 0.955769 0.668103 0.957692 0.666667 0.957692 0.66523 0.959615 0.66523 0.963462 0.663793 0.965385 0.663793 0.973077 0.66523 0.975 0.66523 0.976923 0.666667 0.978846 0.666667 0.980769 0.668103 0.982692 0.66954 0.982692 0.673851 0.988462 0.675287 0.988462 0.676724 0.990385 0.678161 0.990385 0.679598 0.992308 0.681034 0.992308 0.682471 0.994231 0.688218 0.994231 0.689655 0.996154 0.695402 0.996154 0.696839 0.994231 0.701149 0.994231 0.702586 0.992308 0.702586 0.990385 0.704023 0.988462 0.704023 0.976923 0.702586 0.975 0.702586 0.973077 0.695402 0.963462 0.693966 0.963462 0.692529 0.961538 0.689655 0.961538 0.688218 0.959615 0.686782 0.959615 0.685345 0.957692 0.679598 0.957692 0.678161 0.955769
0 0.251437 0.915385 0.248563 0.919231 0.248563 0.926923 0.25 0.928846 0.25 0.930769 0.255747 0.938462 0.258621 0.938462 0.260057 0.940385 0.261494 0.940385 0.262931 0.942308 0.270115 0.942308 0.271552 0.944231 0.274425 0.944231 0.277299 0.940385 0.277299 0.938462 0.275862 0.936538 0.275862 0.932692 0.274425 0.930769 0.272989 0.930769 0.265805 0.921154 0.261494 0.921154 0.260057 0.919231 0.258621 0.919231 0.257184 0.917308 0.255747 0.917308 0.25431 0.915385
0 0.0172414 0.621154 0.0158046 0.623077 0.0143678 0.623077 0.0114943 0.626923 0.0114943 0.628846 0.012931 0.630769 0.0158046 0.626923 0.0201149 0.626923 0.0215517 0.625 0.033046 0.625 0.0344828 0.626923 0.0359195 0.626923 0.0373563 0.628846 0.0402299 0.628846 0.0517241 0.644231 0.0517241 0.648077 0.0531609 0.648077 0.0531609 0.644231 0.0517241 0.642308 0.0517241 0.640385 0.0431034 0.628846 0.0416667 0.628846 0.0387931 0.625 0.0373563 0.625 0.0359195 0.623077 0.0316092 0.623077 0.0301724 0.621154
0 0.895115 0.617308 0.887931 0.626923 0.887931 0.630769 0.886494 0.632692 0.886494 0.634615 0.887931 0.636538 0.887931 0.638462 0.893678 0.646154 0.895115 0.646154 0.896552 0.648077 0.899425 0.648077 0.900862 0.65 0.902299 0.65 0.903736 0.651923 0.905172 0.651923 0.906609 0.653846 0.909483 0.653846 0.91092 0.655769 0.913793 0.655769 0.91523 0.657692 0.91954 0.657692 0.920977 0.655769 0.922414 0.655769 0.928161 0.648077 0.928161 0.634615 0.918103 0.621154 0.916667 0.621154 0.91523 0.619231 0.912356 0.619231 0.91092 0.617308
0 0.461207 0.651923 0.45977 0.653846 0.456897 0.653846 0.45546 0.655769 0.454023 0.655769 0.446839 0.665385 0.446839 0.667308 0.443966 0.671154 0.443966 0.680769 0.449713 0.688462 0.452586 0.688462 0.454023 0.690385 0.45977 0.690385 0.461207 0.688462 0.466954 0.688462 0.468391 0.686538 0.471264 0.686538 0.477011 0.678846 0.477011 0.673077 0.478448 0.671154 0.478448 0.659615 0.475575 0.655769 0.474138 0.655769 0.472701 0.653846 0.469828 0.653846 0.468391 0.651923
0 0.764368 0.617308 0.762931 0.619231 0.761494 0.619231 0.757184 0.625 0.757184 0.630769 0.755747 0.632692 0.755747 0.657692 0.758621 0.661538 0.758621 0.663462 0.762931 0.669231 0.771552 0.669231 0.778736 0.659615 0.778736 0.657692 0.780172 0.655769 0.780172 0.653846 0.781609 0.651923 0.781609 0.632692 0.780172 0.630769 0.780172 0.628846 0.772989 0.619231 0.770115 0.619231 0.768678 0.617308
0 0.293103 0.801923 0.29023 0.805769 0.29023 0.815385 0.288793 0.817308 0.288793 0.821154 0.291667 0.825 0.291667 0.828846 0.293103 0.830769 0.293103 0.834615 0.29454 0.836538 0.29454 0.840385 0.295977 0.842308 0.301724 0.842308 0.303161 0.840385 0.303161 0.825 0.301724 0.823077 0.301724 0.821154 0.303161 0.819231 0.303161 0.817308 0.301724 0.815385 0.301724 0.809615 0.295977 0.801923
