0 0.347656 0.628906 0.34375 0.632812 0.339844 0.632812 0.339844 0.636719 0.335938 0.640625 0.335938 0.660156 0.339844 0.664062 0.34375 0.664062 0.347656 0.667969 0.355469 0.667969 0.359375 0.664062 0.363281 0.664062 0.367188 0.660156 0.371094 0.660156 0.371094 0.652344 0.367188 0.648438 0.371094 0.644531 0.371094 0.640625 0.359375 0.628906
0 0.0859375 0.0507812 0.0820312 0.0546875 0.0820312 0.0664062 0.078125 0.0703125 0.078125 0.09375 0.0820312 0.0976562 0.101562 0.0976562 0.105469 0.09375 0.109375 0.09375 0.113281 0.0898438 0.113281 0.0703125 0.109375 0.0664062 0.109375 0.0625 0.105469 0.0585938 0.101562 0.0585938 0.09375 0.0507812
0 0.203125 0.554688 0.195312 0.5625 0.195312 0.570312 0.191406 0.574219 0.195312 0.574219 0.203125 0.582031 0.203125 0.597656 0.203125 0.59375 0.210938 0.585938 0.21875 0.585938 0.222656 0.582031 0.230469 0.582031 0.230469 0.566406 0.21875 0.554688
0 0.617188 0.667969 0.613281 0.671875 0.605469 0.671875 0.605469 0.675781 0.601562 0.679688 0.601562 0.6875 0.597656 0.691406 0.597656 0.699219 0.601562 0.703125 0.601562 0.707031 0.625 0.707031 0.632812 0.699219 0.632812 0.679688 0.628906 0.675781 0.628906 0.671875 0.625 0.671875 0.621094 0.667969
0 0.972656 0.363281 0.96875 0.367188 0.964844 0.367188 0.960938 0.371094 0.960938 0.375 0.957031 0.378906 0.957031 0.386719 0.953125 0.390625 0.953125 0.410156 0.957031 0.410156 0.960938 0.414062 0.972656 0.414062 0.976562 0.410156 0.984375 0.410156 0.996094 0.398438 0.996094 0.375 0.984375 0.363281
0 0.984375 0.625 0.980469 0.628906 0.972656 0.628906 0.96875 0.632812 0.96875 0.636719 0.964844 0.640625 0.964844 0.652344 0.972656 0.660156 0.980469 0.660156 0.984375 0.664062 0.988281 0.664062 0.996094 0.65625 0.996094 0.625
0 0.550781 0.785156 0.546875 0.789062 0.542969 0.789062 0.539062 0.792969 0.539062 0.808594 0.542969 0.8125 0.542969 0.816406 0.554688 0.816406 0.558594 0.8125 0.558594 0.789062 0.554688 0.789062
0 0.917969 0.46875 0.910156 0.476562 0.910156 0.496094 0.914062 0.5 0.914062 0.503906 0.921875 0.511719 0.933594 0.511719 0.945312 0.5 0.945312 0.472656 0.941406 0.46875
0 0.113281 0.714844 0.113281 0.71875 0.105469 0.726562 0.105469 0.738281 0.101562 0.742188 0.0820312 0.742188 0.078125 0.738281 0.0703125 0.738281 0.0664062 0.742188 0.0625 0.742188 0.0625 0.753906 0.0585938 0.757812 0.0585938 0.777344 0.0625 0.78125 0.0664062 0.777344 0.078125 0.777344 0.0820312 0.78125 0.09375 0.769531 0.09375 0.765625 0.0976562 0.761719 0.101562 0.761719 0.105469 0.757812 0.105469 0.746094 0.109375 0.742188 0.113281 0.746094 0.128906 0.746094 0.136719 0.738281 0.136719 0.722656 0.132812 0.71875 0.128906 0.71875 0.125 0.714844
0 0.625 0.476562 0.621094 0.480469 0.617188 0.480469 0.609375 0.488281 0.609375 0.507812 0.613281 0.511719 0.628906 0.511719 0.632812 0.507812 0.632812 0.484375
0 0.105469 0.175781 0.0976562 0.183594 0.0976562 0.203125 0.105469 0.210938 0.128906 0.210938 0.132812 0.207031 0.132812 0.183594 0.128906 0.179688 0.125 0.179688 0.121094 0.175781
0 0.640625 0.453125 0.636719 0.457031 0.636719 0.464844 0.640625 0.46875 0.648438 0.46875 0.652344 0.464844 0.652344 0.457031 0.648438 0.453125
0 0.894531 0.4375 0.890625 0.441406 0.890625 0.445312 0.886719 0.449219 0.886719 0.464844 0.882812 0.46875 0.882812 0.476562 0.890625 0.484375 0.902344 0.484375 0.90625 0.488281 0.90625 0.492188 0.90625 0.476562 0.917969 0.464844 0.921875 0.464844 0.921875 0.460938 0.917969 0.457031 0.917969 0.449219 0.914062 0.445312 0.914062 0.441406 0.910156 0.4375
0 0.203125 0.792969 0.199219 0.796875 0.199219 0.804688 0.203125 0.808594 0.210938 0.808594 0.214844 0.804688 0.214844 0.796875 0.210938 0.792969
0 0.0117188 0.0078125 0.0078125 0.0117188 0.00390625 0.0117188 0 0.015625 0 0.0234375 0.00390625 0.0273438 0.0078125 0.0273438 0.0117188 0.03125 0.015625 0.03125 0.0195312 0.0351562 0.0273438 0.0351562 0.03125 0.03125 0.0351562 0.03125 0.0351562 0.015625 0.03125 0.015625 0.0273438 0.0117188 0.0234375 0.0117188 0.0195312 0.0078125
0 0.25 0.535156 0.246094 0.539062 0.242188 0.539062 0.238281 0.542969 0.238281 0.566406 0.242188 0.570312 0.242188 0.578125 0.246094 0.582031 0.253906 0.582031 0.261719 0.574219 0.261719 0.550781 0.257812 0.546875 0.257812 0.539062 0.253906 0.539062
0 0.0820312 0.144531 0.0742188 0.152344 0.0742188 0.171875 0.078125 0.175781 0.0898438 0.175781 0.0976562 0.167969 0.0976562 0.15625 0.09375 0.152344 0.09375 0.148438 0.0898438 0.144531
0 0.449219 0.988281 0.441406 0.996094 0.472656 0.996094 0.464844 0.988281
0 0.976562 0.78125 0.964844 0.792969 0.964844 0.796875 0.960938 0.800781 0.960938 0.8125 0.976562 0.8125 0.976562 0.808594 0.980469 0.804688 0.984375 0.804688 0.992188 0.796875 0.992188 0.785156 0.988281 0.78125
0 0.808594 0.945312 0.804688 0.949219 0.804688 0.96875 0.8125 0.976562 0.828125 0.976562 0.832031 0.972656 0.832031 0.96875 0.835938 0.964844 0.839844 0.964844 0.835938 0.964844 0.832031 0.960938 0.832031 0.949219 0.828125 0.945312
0 0.164062 0.671875 0.15625 0.679688 0.15625 0.6875 0.160156 0.691406 0.179688 0.691406 0.183594 0.6875 0.183594 0.675781 0.179688 0.671875
0 0.894531 0.710938 0.886719 0.71875 0.886719 0.722656 0.882812 0.726562 0.882812 0.730469 0.886719 0.734375 0.886719 0.738281 0.890625 0.742188 0.890625 0.746094 0.902344 0.746094 0.910156 0.738281 0.914062 0.738281 0.914062 0.714844 0.910156 0.710938
0 0.40625 0.03125 0.402344 0.0351562 0.402344 0.0429688 0.40625 0.046875 0.414062 0.046875 0.417969 0.0429688 0.417969 0.0351562 0.414062 0.03125
0 0.65625 0.523438 0.652344 0.527344 0.648438 0.527344 0.640625 0.535156 0.640625 0.542969 0.636719 0.546875 0.636719 0.566406 0.640625 0.570312 0.675781 0.570312 0.675781 0.546875 0.671875 0.542969 0.671875 0.535156 0.667969 0.53125 0.664062 0.53125
0 0.453125 0.902344 0.449219 0.90625 0.441406 0.90625 0.4375 0.910156 0.4375 0.933594 0.441406 0.933594 0.445312 0.9375 0.46875 0.9375 0.472656 0.933594 0.476562 0.933594 0.476562 0.910156 0.472656 0.90625 0.46875 0.90625 0.464844 0.902344
0 0.625 0.714844 0.617188 0.722656 0.613281 0.722656 0.609375 0.726562 0.609375 0.730469 0.605469 0.734375 0.605469 0.75 0.613281 0.757812 0.621094 0.757812 0.625 0.753906 0.628906 0.753906 0.636719 0.746094 0.640625 0.746094 0.640625 0.722656 0.636719 0.71875 0.632812 0.71875 0.628906 0.714844
0 0.605469 0.140625 0.605469 0.144531 0.601562 0.148438 0.601562 0.152344 0.597656 0.15625 0.597656 0.175781 0.601562 0.175781 0.605469 0.179688 0.605469 0.183594 0.609375 0.183594 0.613281 0.1875 0.621094 0.1875 0.625 0.183594 0.628906 0.183594 0.632812 0.179688 0.632812 0.152344 0.621094 0.140625
0 0.828125 0.0117188 0.824219 0.015625 0.824219 0.0273438 0.832031 0.0351562 0.847656 0.0351562 0.851562 0.03125 0.851562 0.0234375 0.839844 0.0117188
0 0.515625 0.769531 0.507812 0.777344 0.507812 0.789062 0.511719 0.792969 0.527344 0.792969 0.53125 0.789062 0.53125 0.78125 0.523438 0.773438 0.519531 0.773438
0 0.625 0.300781 0.621094 0.304688 0.613281 0.304688 0.609375 0.308594 0.609375 0.3125 0.601562 0.320312 0.601562 0.34375 0.605469 0.339844 0.609375 0.34375 0.621094 0.34375 0.632812 0.332031 0.632812 0.328125 0.636719 0.324219 0.640625 0.324219 0.644531 0.320312 0.644531 0.3125 0.640625 0.308594 0.640625 0.304688 0.636719 0.304688 0.632812 0.300781
0 0.402344 0.308594 0.398438 0.3125 0.398438 0.34375 0.402344 0.34375 0.40625 0.347656 0.40625 0.351562 0.410156 0.355469 0.414062 0.355469 0.417969 0.351562 0.421875 0.351562 0.421875 0.316406 0.414062 0.308594
0 0.355469 0.207031 0.347656 0.214844 0.347656 0.238281 0.351562 0.242188 0.367188 0.242188 0.375 0.234375 0.375 0.21875 0.367188 0.210938 0.363281 0.210938 0.359375 0.207031
0 0.742188 0.078125 0.734375 0.0859375 0.734375 0.101562 0.742188 0.109375 0.746094 0.109375 0.75 0.105469 0.753906 0.105469 0.757812 0.109375 0.757812 0.113281 0.761719 0.113281 0.761719 0.0859375 0.757812 0.0820312 0.753906 0.0820312 0.75 0.078125
0 0.691406 0.769531 0.683594 0.777344 0.683594 0.78125 0.679688 0.785156 0.679688 0.789062 0.683594 0.792969 0.683594 0.796875 0.6875 0.800781 0.707031 0.800781 0.707031 0.777344 0.703125 0.773438 0.699219 0.773438 0.695312 0.769531
0 0.539062 0.941406 0.535156 0.945312 0.527344 0.945312 0.519531 0.953125 0.519531 0.976562 0.523438 0.980469 0.546875 0.980469 0.558594 0.96875 0.558594 0.964844 0.5625 0.960938 0.5625 0.953125 0.554688 0.945312 0.550781 0.945312 0.546875 0.941406
0 0.886719 0.792969 0.882812 0.796875 0.878906 0.796875 0.871094 0.804688 0.871094 0.820312 0.875 0.824219 0.886719 0.824219 0.890625 0.820312 0.894531 0.820312 0.894531 0.816406 0.898438 0.8125 0.898438 0.800781 0.894531 0.796875 0.890625 0.796875
0 0.960938 0.710938 0.957031 0.714844 0.957031 0.726562 0.960938 0.730469 0.976562 0.730469 0.976562 0.714844 0.972656 0.710938
0 0.136719 0.363281 0.125 0.375 0.125 0.398438 0.128906 0.398438 0.136719 0.40625 0.152344 0.40625 0.160156 0.398438 0.160156 0.371094 0.152344 0.363281
0 0.125 0.628906 0.117188 0.636719 0.117188 0.652344 0.121094 0.65625 0.125 0.65625 0.128906 0.660156 0.132812 0.660156 0.136719 0.664062 0.152344 0.664062 0.15625 0.660156 0.15625 0.640625 0.148438 0.632812 0.144531 0.632812 0.140625 0.628906
0 0.820312 0.0351562 0.816406 0.0390625 0.816406 0.046875 0.820312 0.0507812 0.839844 0.0507812 0.84375 0.046875 0.84375 0.0390625 0.832031 0.0390625 0.828125 0.0351562
0 0.0625 0.09375 0.0585938 0.0976562 0.0585938 0.101562 0.0546875 0.105469 0.0546875 0.121094 0.0585938 0.125 0.0664062 0.125 0.0703125 0.121094 0.0703125 0.117188 0.078125 0.109375 0.078125 0.0976562 0.0742188 0.09375
0 0.851562 0.933594 0.847656 0.9375 0.84375 0.9375 0.835938 0.945312 0.835938 0.960938 0.839844 0.960938 0.84375 0.964844 0.855469 0.964844 0.859375 0.96875 0.863281 0.96875 0.867188 0.964844 0.871094 0.964844 0.875 0.960938 0.878906 0.960938 0.878906 0.941406 0.871094 0.933594
0 0.785156 0.507812 0.78125 0.511719 0.777344 0.511719 0.773438 0.515625 0.773438 0.53125 0.78125 0.539062 0.785156 0.539062 0.789062 0.542969 0.789062 0.546875 0.800781 0.546875 0.800781 0.539062 0.804688 0.535156 0.804688 0.53125 0.808594 0.527344 0.808594 0.519531 0.796875 0.507812
0 0.519531 0.351562 0.515625 0.355469 0.511719 0.355469 0.511719 0.363281 0.507812 0.367188 0.507812 0.375 0.511719 0.378906 0.511719 0.382812 0.515625 0.386719 0.527344 0.386719 0.53125 0.382812 0.535156 0.382812 0.535156 0.359375 0.53125 0.355469 0.523438 0.355469
0 0.84375 0.429688 0.835938 0.4375 0.832031 0.4375 0.832031 0.441406 0.828125 0.445312 0.828125 0.460938 0.867188 0.460938 0.867188 0.4375 0.859375 0.429688
0 0.429688 0.597656 0.421875 0.605469 0.421875 0.609375 0.417969 0.613281 0.417969 0.621094 0.421875 0.621094 0.425781 0.625 0.449219 0.625 0.453125 0.621094 0.453125 0.609375 0.449219 0.605469 0.449219 0.601562 0.445312 0.597656
0 0.734375 0.660156 0.726562 0.667969 0.726562 0.679688 0.734375 0.679688 0.738281 0.683594 0.742188 0.683594 0.746094 0.6875 0.75 0.683594 0.75 0.679688 0.753906 0.675781 0.75 0.671875 0.75 0.667969 0.742188 0.660156
0 0.8125 0.527344 0.808594 0.53125 0.808594 0.539062 0.8125 0.542969 0.820312 0.542969 0.824219 0.539062 0.824219 0.53125 0.820312 0.527344
0 0.832031 0.742188 0.820312 0.753906 0.820312 0.761719 0.828125 0.769531 0.84375 0.769531 0.847656 0.765625 0.847656 0.746094 0.84375 0.742188
0 0.636719 0.761719 0.632812 0.765625 0.632812 0.773438 0.636719 0.777344 0.644531 0.777344 0.648438 0.773438 0.648438 0.765625 0.644531 0.761719
0 0.183594 0.574219 0.179688 0.578125 0.171875 0.578125 0.167969 0.582031 0.167969 0.597656 0.171875 0.601562 0.171875 0.617188 0.1875 0.617188 0.1875 0.613281 0.191406 0.609375 0.195312 0.609375 0.199219 0.605469 0.199219 0.582031 0.195312 0.578125 0.191406 0.578125 0.1875 0.574219
0 0.0898438 0.109375 0.0820312 0.117188 0.0820312 0.125 0.0859375 0.128906 0.0898438 0.128906 0.101562 0.140625 0.109375 0.140625 0.113281 0.136719 0.113281 0.121094 0.101562 0.109375
0 0.933594 0.148438 0.921875 0.160156 0.921875 0.164062 0.917969 0.167969 0.917969 0.199219 0.925781 0.199219 0.929688 0.203125 0.9375 0.203125 0.941406 0.199219 0.949219 0.199219 0.953125 0.195312 0.953125 0.160156 0.949219 0.15625 0.949219 0.152344 0.945312 0.148438
0 0.820312 0.785156 0.816406 0.789062 0.8125 0.789062 0.808594 0.792969 0.808594 0.796875 0.804688 0.800781 0.808594 0.804688 0.828125 0.804688 0.832031 0.800781 0.832031 0.792969 0.824219 0.785156
0 0.296875 0.785156 0.292969 0.789062 0.289062 0.789062 0.285156 0.792969 0.285156 0.796875 0.28125 0.800781 0.28125 0.824219 0.289062 0.832031 0.308594 0.832031 0.3125 0.828125 0.316406 0.828125 0.320312 0.824219 0.320312 0.792969 0.316406 0.789062 0.308594 0.789062 0.304688 0.785156
0 0.945312 0.742188 0.9375 0.75 0.9375 0.765625 0.941406 0.769531 0.957031 0.769531 0.960938 0.765625 0.960938 0.75 0.953125 0.742188
0 0.203125 0.234375 0.199219 0.238281 0.1875 0.238281 0.179688 0.246094 0.179688 0.257812 0.175781 0.261719 0.175781 0.277344 0.1875 0.289062 0.191406 0.289062 0.199219 0.296875 0.203125 0.296875 0.207031 0.300781 0.222656 0.300781 0.226562 0.296875 0.230469 0.296875 0.234375 0.292969 0.238281 0.292969 0.246094 0.285156 0.246094 0.257812 0.242188 0.261719 0.238281 0.257812 0.238281 0.253906 0.234375 0.25 0.234375 0.246094 0.230469 0.242188 0.230469 0.238281 0.226562 0.238281 0.222656 0.234375
0 0.210938 0.699219 0.203125 0.707031 0.199219 0.707031 0.195312 0.710938 0.195312 0.726562 0.203125 0.734375 0.203125 0.742188 0.222656 0.742188 0.230469 0.734375 0.234375 0.734375 0.234375 0.730469 0.238281 0.726562 0.238281 0.703125 0.234375 0.703125 0.230469 0.699219
0 0.757812 0.605469 0.753906 0.609375 0.75 0.609375 0.75 0.613281 0.746094 0.617188 0.746094 0.648438 0.75 0.648438 0.753906 0.652344 0.773438 0.652344 0.773438 0.617188 0.769531 0.613281 0.769531 0.609375 0.761719 0.609375
0 0.132812 0.121094 0.128906 0.125 0.125 0.125 0.125 0.128906 0.121094 0.132812 0.121094 0.152344 0.125 0.15625 0.128906 0.15625 0.132812 0.160156 0.136719 0.160156 0.144531 0.152344 0.144531 0.144531 0.148438 0.140625 0.148438 0.128906 0.140625 0.121094
0 0.128906 0.941406 0.117188 0.953125 0.113281 0.953125 0.113281 0.957031 0.109375 0.960938 0.109375 0.964844 0.105469 0.96875 0.105469 0.984375 0.109375 0.988281 0.109375 0.992188 0.125 0.992188 0.128906 0.988281 0.132812 0.988281 0.148438 0.972656 0.148438 0.945312 0.144531 0.941406
0 0.675781 0.851562 0.667969 0.859375 0.667969 0.890625 0.675781 0.898438 0.691406 0.898438 0.699219 0.890625 0.699219 0.863281 0.695312 0.859375 0.695312 0.855469 0.691406 0.851562
0 0.285156 0.9375 0.277344 0.945312 0.277344 0.972656 0.28125 0.976562 0.285156 0.976562 0.289062 0.980469 0.292969 0.980469 0.296875 0.984375 0.308594 0.984375 0.316406 0.976562 0.316406 0.957031 0.3125 0.953125 0.3125 0.949219 0.300781 0.9375
0 0.152344 0.589844 0.148438 0.59375 0.144531 0.59375 0.136719 0.601562 0.136719 0.613281 0.152344 0.628906 0.152344 0.632812 0.152344 0.628906 0.160156 0.621094 0.164062 0.621094 0.164062 0.617188 0.167969 0.613281 0.167969 0.601562 0.164062 0.597656 0.164062 0.589844 0.160156 0.59375 0.15625 0.59375
0 0.933594 0.121094 0.929688 0.125 0.929688 0.132812 0.933594 0.136719 0.941406 0.136719 0.945312 0.132812 0.945312 0.125 0.941406 0.121094
0 0.820312 0.84375 0.816406 0.847656 0.816406 0.867188 0.820312 0.871094 0.828125 0.871094 0.832031 0.867188 0.835938 0.867188 0.835938 0.851562 0.832031 0.847656 0.832031 0.84375
0 0.238281 0.648438 0.230469 0.65625 0.230469 0.660156 0.234375 0.664062 0.238281 0.664062 0.242188 0.667969 0.25 0.667969 0.25 0.648438
0 0.582031 0.652344 0.574219 0.660156 0.574219 0.664062 0.570312 0.667969 0.570312 0.675781 0.566406 0.679688 0.566406 0.699219 0.570312 0.703125 0.585938 0.703125 0.589844 0.699219 0.59375 0.703125 0.597656 0.703125 0.59375 0.699219 0.59375 0.691406 0.597656 0.6875 0.597656 0.679688 0.601562 0.675781 0.601562 0.671875 0.605469 0.667969 0.601562 0.667969 0.597656 0.664062 0.597656 0.65625 0.59375 0.652344
0 0.0820312 0.0117188 0.078125 0.015625 0.0742188 0.015625 0.0664062 0.0234375 0.0664062 0.0429688 0.078125 0.0546875 0.0859375 0.046875 0.09375 0.046875 0.0976562 0.0507812 0.101562 0.0507812 0.105469 0.046875 0.109375 0.046875 0.113281 0.0429688 0.113281 0.0195312 0.105469 0.0117188
0 0.71875 0.96875 0.714844 0.972656 0.710938 0.972656 0.707031 0.976562 0.707031 0.980469 0.703125 0.984375 0.703125 0.988281 0.707031 0.992188 0.707031 0.996094 0.746094 0.996094 0.746094 0.988281 0.75 0.984375 0.746094 0.980469 0.746094 0.976562 0.742188 0.972656 0.738281 0.972656 0.734375 0.96875
0 0.078125 0.535156 0.0742188 0.539062 0.0703125 0.539062 0.0703125 0.542969 0.0664062 0.546875 0.0664062 0.550781 0.0703125 0.554688 0.0703125 0.5625 0.0742188 0.566406 0.078125 0.566406 0.0820312 0.570312 0.0859375 0.570312 0.09375 0.578125 0.101562 0.578125 0.105469 0.574219 0.109375 0.574219 0.113281 0.570312 0.113281 0.550781 0.101562 0.539062 0.0976562 0.539062 0.09375 0.535156
0 0.0273438 0.539062 0.0195312 0.546875 0.0195312 0.5625 0.03125 0.574219 0.0507812 0.574219 0.0507812 0.550781 0.0429688 0.542969 0.0351562 0.542969 0.03125 0.539062
0 0.0703125 0.203125 0.0625 0.210938 0.0625 0.214844 0.0585938 0.21875 0.0585938 0.226562 0.0625 0.230469 0.0625 0.234375 0.0664062 0.238281 0.0820312 0.238281 0.0820312 0.234375 0.0859375 0.230469 0.0859375 0.222656 0.0820312 0.21875 0.0820312 0.214844 0.078125 0.210938 0.078125 0.203125
0 0.960938 0.875 0.957031 0.878906 0.953125 0.878906 0.945312 0.886719 0.945312 0.890625 0.941406 0.894531 0.941406 0.902344 0.953125 0.914062 0.964844 0.914062 0.976562 0.902344 0.976562 0.898438 0.980469 0.894531 0.980469 0.882812 0.972656 0.875
0 0.808594 0.25 0.804688 0.253906 0.800781 0.253906 0.796875 0.257812 0.796875 0.261719 0.792969 0.265625 0.792969 0.285156 0.800781 0.292969 0.804688 0.292969 0.808594 0.296875 0.828125 0.296875 0.832031 0.292969 0.835938 0.292969 0.839844 0.289062 0.855469 0.289062 0.855469 0.28125 0.859375 0.277344 0.859375 0.265625 0.855469 0.261719 0.851562 0.261719 0.847656 0.257812 0.832031 0.257812 0.828125 0.253906 0.820312 0.253906 0.816406 0.25
0 0.101562 0.667969 0.0976562 0.671875 0.0976562 0.691406 0.105469 0.699219 0.128906 0.699219 0.132812 0.695312 0.132812 0.679688 0.125 0.671875 0.121094 0.671875 0.117188 0.667969
0 0.339844 0.898438 0.335938 0.902344 0.335938 0.910156 0.339844 0.914062 0.347656 0.914062 0.351562 0.910156 0.351562 0.902344 0.347656 0.898438
0 0.078125 0.457031 0.0703125 0.464844 0.0703125 0.492188 0.0664062 0.496094 0.0546875 0.484375 0.0429688 0.484375 0.0390625 0.488281 0.0351562 0.488281 0.03125 0.492188 0.03125 0.496094 0.0273438 0.5 0.0273438 0.515625 0.03125 0.511719 0.0351562 0.515625 0.0351562 0.519531 0.0390625 0.519531 0.0429688 0.523438 0.0507812 0.523438 0.0546875 0.519531 0.0625 0.519531 0.0703125 0.511719 0.0703125 0.492188 0.0742188 0.488281 0.078125 0.492188 0.0820312 0.492188 0.0859375 0.496094 0.09375 0.496094 0.105469 0.484375 0.105469 0.46875 0.101562 0.464844 0.101562 0.460938 0.0976562 0.457031
