0 0.640625 0.488281 0.632812 0.496094 0.632812 0.53125 0.636719 0.535156 0.636719 0.539062 0.648438 0.539062 0.652344 0.535156 0.660156 0.535156 0.667969 0.527344 0.667969 0.507812 0.664062 0.503906 0.664062 0.496094 0.65625 0.488281
0 0.953125 0.328125 0.945312 0.335938 0.941406 0.335938 0.933594 0.34375 0.933594 0.367188 0.9375 0.371094 0.953125 0.371094 0.957031 0.367188 0.960938 0.367188 0.96875 0.359375 0.972656 0.359375 0.972656 0.347656 0.964844 0.339844 0.964844 0.332031 0.960938 0.328125
0 0.753906 0 0.753906 0.00390625 0.757812 0.00390625 0.765625 0.0117188 0.765625 0.015625 0.769531 0.0195312 0.777344 0.0195312 0.78125 0.0234375 0.800781 0.0234375 0.804688 0.0195312 0.8125 0.0195312 0.8125 0.015625 0.820312 0.0078125 0.820312 0.00390625 0.824219 0 0.828125 0
0 0.71875 0.839844 0.714844 0.84375 0.707031 0.84375 0.703125 0.847656 0.703125 0.851562 0.699219 0.855469 0.699219 0.875 0.703125 0.875 0.707031 0.878906 0.710938 0.878906 0.71875 0.886719 0.722656 0.886719 0.726562 0.890625 0.742188 0.890625 0.746094 0.886719 0.753906 0.886719 0.761719 0.878906 0.761719 0.863281 0.742188 0.84375 0.738281 0.84375 0.734375 0.839844
0 0.515625 0.953125 0.511719 0.957031 0.503906 0.957031 0.5 0.960938 0.496094 0.960938 0.496094 0.964844 0.492188 0.96875 0.492188 0.984375 0.496094 0.988281 0.496094 0.992188 0.5 0.996094 0.535156 0.996094 0.539062 0.992188 0.539062 0.988281 0.542969 0.984375 0.542969 0.96875 0.527344 0.953125
0 0.121094 0.679688 0.117188 0.683594 0.113281 0.683594 0.113281 0.6875 0.109375 0.691406 0.109375 0.707031 0.113281 0.710938 0.113281 0.714844 0.117188 0.714844 0.125 0.722656 0.128906 0.722656 0.132812 0.726562 0.148438 0.726562 0.152344 0.722656 0.15625 0.722656 0.15625 0.71875 0.160156 0.714844 0.160156 0.699219 0.148438 0.6875 0.144531 0.6875 0.140625 0.683594 0.136719 0.683594 0.132812 0.679688
0 0.855469 0.550781 0.851562 0.554688 0.839844 0.554688 0.839844 0.558594 0.835938 0.5625 0.835938 0.578125 0.84375 0.585938 0.867188 0.585938 0.875 0.578125 0.878906 0.578125 0.886719 0.570312 0.886719 0.558594 0.878906 0.550781
0 0.535156 0.59375 0.527344 0.601562 0.527344 0.617188 0.53125 0.621094 0.53125 0.625 0.542969 0.636719 0.550781 0.636719 0.554688 0.640625 0.585938 0.640625 0.585938 0.613281 0.582031 0.613281 0.578125 0.609375 0.578125 0.605469 0.570312 0.597656 0.566406 0.597656 0.5625 0.59375
0 0.269531 0.957031 0.265625 0.960938 0.261719 0.960938 0.253906 0.96875 0.25 0.96875 0.246094 0.972656 0.246094 0.976562 0.242188 0.980469 0.242188 0.992188 0.246094 0.996094 0.289062 0.996094 0.289062 0.992188 0.292969 0.988281 0.292969 0.96875 0.289062 0.964844 0.289062 0.960938 0.285156 0.960938 0.28125 0.957031
0 0.421875 0.617188 0.417969 0.621094 0.40625 0.621094 0.40625 0.625 0.402344 0.628906 0.402344 0.640625 0.40625 0.644531 0.40625 0.648438 0.410156 0.652344 0.410156 0.65625 0.414062 0.660156 0.433594 0.660156 0.441406 0.652344 0.441406 0.648438 0.445312 0.644531 0.445312 0.632812 0.441406 0.628906 0.441406 0.625 0.4375 0.621094 0.433594 0.621094 0.429688 0.617188
