0 0.0117188 0 0.0117188 0.00390625 0.0078125 0.0078125 0.0078125 0.0117188 0.0117188 0.015625 0.0117188 0.0234375 0.0195312 0.03125 0.0234375 0.03125 0.0273438 0.0351562 0.046875 0.0351562 0.0585938 0.0234375 0.0625 0.0234375 0.0664062 0.0195312 0.0664062 0.0117188 0.0625 0.0078125 0.0625 0
0 0.121094 0.0507812 0.117188 0.0546875 0.101562 0.0546875 0.09375 0.0625 0.09375 0.105469 0.0976562 0.109375 0.109375 0.109375 0.113281 0.113281 0.132812 0.113281 0.140625 0.105469 0.140625 0.101562 0.15625 0.0859375 0.15625 0.0546875 0.152344 0.0507812
0 0.910156 0 0.914062 0 0.921875 0.0078125 0.9375 0.0078125 0.941406 0.00390625 0.941406 0
0 0.0429688 0.726562 0.0390625 0.730469 0.0351562 0.730469 0.03125 0.734375 0.03125 0.738281 0.0273438 0.742188 0.0273438 0.746094 0.0234375 0.75 0.0234375 0.765625 0.03125 0.773438 0.03125 0.777344 0.0351562 0.78125 0.0585938 0.78125 0.0703125 0.769531 0.0820312 0.769531 0.0898438 0.761719 0.0898438 0.738281 0.078125 0.726562
0 0 0.585938 0 0.644531 0.00390625 0.644531 0.0078125 0.640625 0.0117188 0.640625 0.0195312 0.632812 0.0195312 0.625 0.0234375 0.621094 0.0234375 0.609375 0.0195312 0.605469 0.0195312 0.597656 0.0117188 0.589844 0.0078125 0.589844 0.00390625 0.585938
0 0.703125 0.0195312 0.691406 0.03125 0.691406 0.0390625 0.699219 0.046875 0.699219 0.0507812 0.71875 0.0703125 0.742188 0.0703125 0.75 0.0625 0.75 0.046875 0.753906 0.0429688 0.753906 0.0390625 0.738281 0.0234375 0.734375 0.0234375 0.730469 0.0195312
0 0.0976562 0.664062 0.09375 0.667969 0.0859375 0.667969 0.078125 0.675781 0.078125 0.6875 0.0820312 0.691406 0.0820312 0.695312 0.105469 0.71875 0.113281 0.71875 0.117188 0.722656 0.128906 0.722656 0.136719 0.714844 0.136719 0.691406 0.132812 0.6875 0.132812 0.683594 0.121094 0.671875 0.117188 0.671875 0.109375 0.664062
0 0.148438 0 0.167969 0.0195312 0.171875 0.0195312 0.175781 0.0234375 0.179688 0.0234375 0.183594 0.0195312 0.191406 0.0195312 0.195312 0.015625 0.199219 0.015625 0.207031 0.0078125 0.207031 0.00390625 0.210938 0
0 0 0.714844 0 0.761719 0.0078125 0.761719 0.0117188 0.757812 0.0195312 0.757812 0.0195312 0.75 0.0234375 0.746094 0.0234375 0.742188 0.0273438 0.738281 0.0273438 0.730469 0.0195312 0.722656 0.015625 0.722656 0.0078125 0.714844
0 0.699219 0.488281 0.691406 0.496094 0.691406 0.515625 0.707031 0.53125 0.714844 0.53125 0.71875 0.527344 0.722656 0.527344 0.730469 0.519531 0.730469 0.5 0.71875 0.488281
0 0 0.917969 0 0.996094 0.00390625 0.996094 0.00390625 0.992188 0.015625 0.980469 0.0195312 0.980469 0.0234375 0.976562 0.0234375 0.972656 0.0273438 0.96875 0.0273438 0.957031 0.0234375 0.953125 0.0234375 0.945312 0.0195312 0.941406 0.0195312 0.933594 0.00390625 0.917969
0 0.730469 0.363281 0.726562 0.367188 0.722656 0.367188 0.714844 0.375 0.714844 0.394531 0.730469 0.410156 0.746094 0.410156 0.757812 0.398438 0.757812 0.394531 0.765625 0.386719 0.765625 0.375 0.757812 0.367188 0.753906 0.367188 0.75 0.363281
0 0.046875 0.125 0.0429688 0.128906 0.0390625 0.128906 0.0273438 0.140625 0.0273438 0.148438 0.0390625 0.160156 0.0390625 0.164062 0.0429688 0.167969 0.0429688 0.171875 0.046875 0.175781 0.0546875 0.175781 0.0585938 0.171875 0.0625 0.171875 0.0664062 0.167969 0.0703125 0.167969 0.0820312 0.15625 0.0820312 0.144531 0.078125 0.140625 0.078125 0.136719 0.0664062 0.125
0 0.953125 0.625 0.949219 0.628906 0.945312 0.628906 0.9375 0.636719 0.9375 0.640625 0.933594 0.644531 0.933594 0.652344 0.9375 0.65625 0.9375 0.664062 0.941406 0.667969 0.949219 0.667969 0.953125 0.671875 0.976562 0.671875 0.984375 0.664062 0.984375 0.660156 0.988281 0.65625 0.988281 0.640625 0.972656 0.625
0 0.015625 0.144531 0.0078125 0.152344 0 0.152344 0 0.222656 0.00390625 0.222656 0.0078125 0.226562 0.0117188 0.226562 0.015625 0.222656 0.0234375 0.222656 0.03125 0.214844 0.0351562 0.214844 0.0429688 0.207031 0.0429688 0.1875 0.046875 0.183594 0.046875 0.179688 0.0390625 0.171875 0.0390625 0.167969 0.0351562 0.164062 0.0351562 0.160156 0.0234375 0.148438 0.0234375 0.144531
0 0.792969 0 0.800781 0.0078125 0.8125 0.0078125 0.816406 0.00390625 0.824219 0.00390625 0.828125 0
0 0.957031 0.0273438 0.953125 0.03125 0.941406 0.03125 0.933594 0.0390625 0.929688 0.0390625 0.921875 0.046875 0.910156 0.046875 0.90625 0.0507812 0.90625 0.0546875 0.890625 0.0703125 0.890625 0.0820312 0.886719 0.0859375 0.886719 0.101562 0.894531 0.109375 0.894531 0.113281 0.902344 0.121094 0.90625 0.121094 0.910156 0.125 0.917969 0.125 0.921875 0.128906 0.949219 0.128906 0.992188 0.0859375 0.992188 0.0820312 0.996094 0.078125 0.996094 0.0546875 0.984375 0.0429688 0.980469 0.0429688 0.976562 0.0390625 0.972656 0.0390625 0.960938 0.0273438
