0 0.354687 0.277344 0.353125 0.279297 0.353125 0.28125 0.351562 0.283203 0.35 0.283203 0.35 0.285156 0.346875 0.289062 0.345313 0.289062 0.345313 0.291016 0.339062 0.298828 0.339062 0.3125 0.340625 0.314453 0.340625 0.320312 0.342187 0.322266 0.342187 0.324219 0.34375 0.326172 0.345313 0.326172 0.348438 0.330078 0.353125 0.330078 0.354687 0.332031 0.357812 0.332031 0.359375 0.333984 0.3625 0.333984 0.364063 0.332031 0.365625 0.332031 0.367188 0.330078 0.36875 0.330078 0.370312 0.328125 0.371875 0.328125 0.371875 0.326172 0.375 0.322266 0.376563 0.322266 0.376563 0.304688 0.378125 0.302734 0.378125 0.294922 0.379688 0.292969 0.376563 0.289062 0.376563 0.287109 0.370312 0.279297 0.367188 0.279297 0.365625 0.277344 0.359375 0.277344 0.357812 0.279297 0.35625 0.279297
0 0.960938 0.791016 0.960938 0.792969 0.959375 0.794922 0.957812 0.792969 0.957812 0.794922 0.95625 0.796875 0.954688 0.794922 0.954688 0.796875 0.953125 0.798828 0.951562 0.798828 0.95 0.800781 0.948438 0.800781 0.946875 0.802734 0.945312 0.802734 0.94375 0.804688 0.94375 0.806641 0.940625 0.810547 0.939063 0.810547 0.939063 0.8125 0.9375 0.814453 0.9375 0.820312 0.935937 0.822266 0.935937 0.824219 0.9375 0.826172 0.9375 0.837891 0.940625 0.841797 0.939063 0.84375 0.940625 0.84375 0.94375 0.847656 0.94375 0.849609 0.945312 0.851562 0.946875 0.851562 0.948438 0.853516 0.948438 0.855469 0.951562 0.859375 0.954688 0.859375 0.95625 0.861328 0.95625 0.863281 0.9625 0.863281 0.964063 0.861328 0.967187 0.861328 0.96875 0.859375 0.970313 0.861328 0.975 0.861328 0.976562 0.859375 0.982812 0.859375 0.984375 0.861328 0.990625 0.861328 0.995313 0.855469 0.998437 0.855469 0.998437 0.794922 0.996875 0.792969 0.984375 0.792969 0.982812 0.791016 0.98125 0.792969 0.975 0.792969 0.973437 0.791016 0.965625 0.791016 0.964063 0.792969 0.9625 0.791016
0 0.448437 0 0.448437 0.00195312 0.446875 0.00390625 0.4375 0.00390625 0.4375 0.00585938 0.435937 0.0078125 0.435937 0.0273438 0.4375 0.0292969 0.4375 0.0332031 0.440625 0.0371094 0.440625 0.0390625 0.442188 0.0410156 0.442188 0.0429688 0.44375 0.0449219 0.44375 0.046875 0.448437 0.0527344 0.448437 0.0546875 0.451562 0.0585938 0.453125 0.0585938 0.454688 0.0605469 0.459375 0.0605469 0.460938 0.0625 0.464062 0.0625 0.465625 0.0644531 0.467187 0.0644531 0.46875 0.0664062 0.470313 0.0664062 0.471875 0.0683594 0.485938 0.0683594 0.4875 0.0664062 0.489063 0.0664062 0.490625 0.0644531 0.490625 0.0625 0.492188 0.0605469 0.49375 0.0605469 0.495312 0.0585938 0.501563 0.0585938 0.503125 0.0566406 0.504687 0.0566406 0.509375 0.0507812 0.509375 0.0488281 0.510938 0.046875 0.510938 0.0449219 0.515625 0.0390625 0.515625 0.0371094 0.51875 0.0332031 0.51875 0.0292969 0.520312 0.0273438 0.520312 0.0136719 0.517188 0.00976562 0.517188 0.0078125 0.514062 0.00390625 0.5125 0.00390625 0.510938 0.00195312 0.503125 0.00195312 0.501563 0 0.490625 0 0.489063 0.00195312 0.4875 0 0.475 0 0.473438 0.00195312 0.470313 0.00195312 0.46875 0
0 0.482812 0.0605469 0.484375 0.0585938 0.485938 0.0605469 0.485938 0.0625 0.484375 0.0644531 0.482812 0.0625
0 0.45 0.0449219 0.451562 0.0429688 0.453125 0.0449219 0.451562 0.046875
0 0.4875 0.0410156 0.489063 0.0390625 0.490625 0.0410156 0.489063 0.0429688
0 0.439063 0.0214844 0.440625 0.0195312 0.442188 0.0214844 0.440625 0.0234375
0 0.457813 0.0117188 0.459375 0.00976562 0.460938 0.0117188 0.459375 0.0136719
0 0.960938 0.0566406 0.959375 0.0585938 0.954688 0.0585938 0.953125 0.0605469 0.951562 0.0605469 0.95 0.0625 0.948438 0.0625 0.946875 0.0644531 0.945312 0.0644531 0.942187 0.0683594 0.942187 0.0703125 0.940625 0.0722656 0.940625 0.0742188 0.9375 0.078125 0.9375 0.0800781 0.935937 0.0820312 0.935937 0.0839844 0.932813 0.0878906 0.932813 0.0917969 0.93125 0.09375 0.93125 0.0976562 0.929688 0.0996094 0.929688 0.101562 0.928125 0.103516 0.928125 0.105469 0.926562 0.107422 0.926562 0.109375 0.925 0.111328 0.925 0.115234 0.923438 0.117188 0.923438 0.121094 0.921875 0.123047 0.921875 0.136719 0.923438 0.138672 0.923438 0.144531 0.926562 0.148438 0.926562 0.150391 0.929688 0.154297 0.929688 0.15625 0.93125 0.15625 0.932813 0.158203 0.932813 0.160156 0.934375 0.160156 0.935937 0.162109 0.9375 0.162109 0.940625 0.166016 0.942187 0.166016 0.94375 0.167969 0.945312 0.167969 0.946875 0.169922 0.948438 0.169922 0.964063 0.189453 0.978125 0.189453 0.979688 0.1875 0.982812 0.1875 0.984375 0.185547 0.9875 0.185547 0.99375 0.177734 0.99375 0.175781 0.995313 0.173828 0.995313 0.169922 0.998437 0.166016 0.998437 0.109375 0.996875 0.107422 0.996875 0.078125 0.992188 0.0722656 0.990625 0.0722656 0.989062 0.0703125 0.9875 0.0703125 0.985938 0.0683594 0.984375 0.0683594 0.982812 0.0664062 0.982812 0.0644531 0.979688 0.0644531 0.978125 0.0625 0.976562 0.0625 0.971875 0.0566406
0 0.970313 0.183594 0.971875 0.181641 0.973437 0.183594 0.971875 0.185547
0 0.990625 0.158203 0.992188 0.15625 0.99375 0.158203 0.99375 0.160156 0.992188 0.162109 0.990625 0.160156
0 0.945312 0.146484 0.946875 0.144531 0.948438 0.146484 0.946875 0.148438
0 0.978125 0.140625 0.979688 0.138672 0.98125 0.140625 0.979688 0.142578
0 0.951562 0.140625 0.953125 0.138672 0.954688 0.140625 0.953125 0.142578
0 0.926562 0.128906 0.928125 0.126953 0.929688 0.128906 0.928125 0.130859
0 0.99375 0.123047 0.995313 0.121094 0.996875 0.123047 0.995313 0.125
0 0.967187 0.0859375 0.96875 0.0839844 0.970313 0.0859375 0.96875 0.0878906
0 0.775 0.550781 0.773438 0.552734 0.771875 0.552734 0.770312 0.554688 0.770312 0.556641 0.76875 0.558594 0.76875 0.560547 0.767188 0.5625 0.767188 0.566406 0.765625 0.568359 0.765625 0.570312 0.7625 0.574219 0.760938 0.574219 0.75625 0.580078 0.753125 0.580078 0.751563 0.582031 0.75 0.582031 0.75 0.607422 0.753125 0.607422 0.754687 0.609375 0.75625 0.609375 0.760938 0.615234 0.7625 0.615234 0.767188 0.621094 0.771875 0.621094 0.773438 0.619141 0.775 0.619141 0.775 0.617188 0.778125 0.613281 0.779687 0.613281 0.785937 0.605469 0.785937 0.603516 0.789062 0.599609 0.789062 0.595703 0.790625 0.59375 0.790625 0.589844 0.792188 0.587891 0.792188 0.572266 0.790625 0.570312 0.790625 0.566406 0.789062 0.564453 0.789062 0.5625 0.7875 0.560547 0.7875 0.558594 0.784375 0.554688 0.782813 0.554688 0.779687 0.550781
0 0.775 0.558594 0.776563 0.556641 0.778125 0.556641 0.78125 0.560547 0.779687 0.5625 0.778125 0.5625
0 0.990625 0 0.989062 0.00195312 0.989062 0.00390625 0.985938 0.0078125 0.985938 0.0117188 0.984375 0.0136719 0.984375 0.0234375 0.985938 0.0253906 0.985938 0.0292969 0.9875 0.03125 0.9875 0.0351562 0.989062 0.0371094 0.989062 0.0390625 0.990625 0.0390625 0.992188 0.0410156 0.992188 0.0429688 0.995313 0.046875 0.995313 0.0507812 0.998437 0.0507812 0.998437 0.00195312 0.996875 0.00195312 0.995313 0
0 0.645312 0.697266 0.645312 0.699219 0.640625 0.705078 0.640625 0.708984 0.642188 0.710938 0.642188 0.712891 0.640625 0.714844 0.639062 0.714844 0.639062 0.722656 0.64375 0.728516 0.653125 0.728516 0.654687 0.726562 0.65625 0.726562 0.657813 0.724609 0.660937 0.724609 0.664062 0.720703 0.664062 0.71875 0.665625 0.716797 0.665625 0.708984 0.664062 0.707031 0.664062 0.701172 0.6625 0.699219 0.660937 0.699219 0.659375 0.697266
0 0.967187 0.916016 0.964063 0.919922 0.9625 0.919922 0.960938 0.921875 0.959375 0.921875 0.954688 0.927734 0.954688 0.929688 0.951562 0.933594 0.95 0.933594 0.948438 0.935547 0.946875 0.935547 0.945312 0.933594 0.94375 0.935547 0.945312 0.9375 0.940625 0.943359 0.939063 0.943359 0.9375 0.945312 0.9375 0.953125 0.935937 0.955078 0.935937 0.960938 0.939063 0.964844 0.9375 0.966797 0.939063 0.966797 0.940625 0.96875 0.940625 0.972656 0.9375 0.976562 0.9375 0.980469 0.939063 0.982422 0.939063 0.988281 0.940625 0.990234 0.940625 0.992188 0.942187 0.990234 0.945312 0.990234 0.946875 0.992188 0.946875 0.998047 0.998437 0.998047 0.998437 0.927734 0.989062 0.927734 0.982812 0.919922 0.98125 0.919922 0.978125 0.916016 0.976562 0.917969 0.973437 0.917969 0.971875 0.916016 0.970313 0.917969 0.96875 0.917969
0 0.95 0.978516 0.951562 0.976562 0.953125 0.978516 0.951562 0.980469
0 0.94375 0.974609 0.945312 0.972656 0.946875 0.974609 0.945312 0.976562
0 0.945312 0.972656 0.946875 0.970703 0.948438 0.970703 0.95 0.972656 0.948438 0.974609 0.946875 0.974609
0 0.20625 0.705078 0.20625 0.708984 0.204687 0.710938 0.20625 0.712891 0.204687 0.714844 0.203125 0.714844 0.201563 0.712891 0.198437 0.716797 0.196875 0.716797 0.19375 0.720703 0.192188 0.720703 0.190625 0.71875 0.192188 0.716797 0.190625 0.716797 0.190625 0.71875 0.189062 0.720703 0.190625 0.722656 0.190625 0.724609 0.189062 0.726562 0.1875 0.726562 0.182812 0.732422 0.182812 0.738281 0.18125 0.740234 0.18125 0.742188 0.178125 0.746094 0.178125 0.755859 0.176563 0.757812 0.176563 0.779297 0.178125 0.78125 0.178125 0.783203 0.18125 0.787109 0.18125 0.789062 0.185938 0.794922 0.185938 0.796875 0.1875 0.796875 0.189062 0.798828 0.190625 0.798828 0.19375 0.802734 0.195312 0.802734 0.198437 0.806641 0.203125 0.806641 0.20625 0.810547 0.209375 0.810547 0.210938 0.8125 0.2125 0.8125 0.214062 0.814453 0.217188 0.814453 0.21875 0.816406 0.220312 0.816406 0.221875 0.818359 0.225 0.818359 0.226562 0.820312 0.229687 0.820312 0.232813 0.824219 0.234375 0.822266 0.235937 0.822266 0.2375 0.820312 0.239063 0.822266 0.25 0.822266 0.251563 0.820312 0.253125 0.820312 0.253125 0.814453 0.251563 0.8125 0.251563 0.810547 0.25 0.808594 0.25 0.804688 0.253125 0.800781 0.253125 0.798828 0.254688 0.796875 0.257812 0.796875 0.259375 0.798828 0.259375 0.800781 0.260937 0.798828 0.2625 0.798828 0.2625 0.779297 0.264062 0.777344 0.264062 0.767578 0.2625 0.765625 0.2625 0.757812 0.260937 0.755859 0.260937 0.753906 0.257812 0.75 0.257812 0.746094 0.25625 0.744141 0.25625 0.742188 0.25 0.734375 0.25 0.732422 0.245312 0.726562 0.24375 0.726562 0.240625 0.722656 0.239063 0.722656 0.235937 0.71875 0.234375 0.71875 0.229687 0.712891 0.228125 0.712891 0.226562 0.714844 0.225 0.712891 0.223438 0.712891 0.220312 0.708984 0.21875 0.708984 0.217188 0.707031 0.217188 0.705078 0.215625 0.707031 0.210938 0.707031 0.209375 0.708984 0.207813 0.707031 0.207813 0.705078
0 0.242188 0.78125 0.24375 0.779297 0.245312 0.78125 0.24375 0.783203
0 0.251563 0.75 0.253125 0.748047 0.254688 0.75 0.254688 0.751953 0.253125 0.753906 0.251563 0.751953
0 0.20625 0.75 0.207813 0.748047 0.209375 0.75 0.207813 0.751953
0 0.246875 0.742188 0.248438 0.740234 0.25 0.742188 0.248438 0.744141
0 0.84375 0.4375 0.84375 0.439453 0.842187 0.441406 0.840625 0.439453 0.839063 0.441406 0.8375 0.441406 0.835938 0.439453 0.834375 0.439453 0.83125 0.443359 0.829688 0.441406 0.829688 0.439453 0.829688 0.441406 0.828125 0.443359 0.828125 0.445312 0.826562 0.447266 0.825 0.447266 0.821875 0.451172 0.820312 0.449219 0.820312 0.451172 0.81875 0.453125 0.81875 0.455078 0.817187 0.457031 0.817187 0.458984 0.81875 0.460938 0.81875 0.472656 0.821875 0.476562 0.821875 0.478516 0.823438 0.480469 0.823438 0.482422 0.825 0.484375 0.825 0.486328 0.823438 0.488281 0.823438 0.490234 0.825 0.492188 0.826562 0.492188 0.828125 0.494141 0.826562 0.496094 0.828125 0.496094 0.83125 0.5 0.832812 0.5 0.834375 0.501953 0.835938 0.501953 0.8375 0.503906 0.8375 0.505859 0.839063 0.505859 0.840625 0.503906 0.845313 0.503906 0.846875 0.505859 0.853125 0.505859 0.854688 0.507812 0.859375 0.507812 0.860938 0.505859 0.867188 0.505859 0.867188 0.501953 0.870313 0.498047 0.871875 0.498047 0.873437 0.496094 0.873437 0.490234 0.875 0.488281 0.875 0.484375 0.876563 0.482422 0.876563 0.476562 0.878125 0.474609 0.878125 0.46875 0.876563 0.466797 0.876563 0.464844 0.878125 0.462891 0.876563 0.462891 0.873437 0.458984 0.873437 0.457031 0.871875 0.455078 0.871875 0.451172 0.867188 0.445312 0.865625 0.445312 0.864062 0.443359 0.864062 0.441406 0.859375 0.441406 0.857812 0.439453 0.851562 0.439453 0.85 0.4375 0.848437 0.439453 0.846875 0.439453 0.845313 0.4375
0 0.392188 0.554688 0.3875 0.560547 0.385937 0.560547 0.382812 0.564453 0.379688 0.564453 0.379688 0.566406 0.38125 0.568359 0.379688 0.570312 0.375 0.570312 0.375 0.574219 0.376563 0.576172 0.376563 0.578125 0.373437 0.582031 0.373437 0.585938 0.371875 0.587891 0.371875 0.591797 0.370312 0.59375 0.370312 0.595703 0.371875 0.59375 0.373437 0.59375 0.375 0.595703 0.375 0.605469 0.373437 0.607422 0.375 0.609375 0.376563 0.609375 0.378125 0.611328 0.378125 0.613281 0.376563 0.615234 0.373437 0.615234 0.371875 0.613281 0.370312 0.615234 0.36875 0.615234 0.367188 0.617188 0.367188 0.623047 0.370312 0.626953 0.370312 0.630859 0.371875 0.630859 0.373437 0.632812 0.373437 0.634766 0.371875 0.636719 0.378125 0.644531 0.378125 0.648438 0.379688 0.650391 0.38125 0.650391 0.384375 0.654297 0.390625 0.654297 0.392188 0.65625 0.392188 0.658203 0.39375 0.660156 0.39375 0.664062 0.395313 0.666016 0.396875 0.664062 0.398438 0.666016 0.398438 0.667969 0.4 0.669922 0.403125 0.666016 0.404687 0.666016 0.40625 0.667969 0.40625 0.669922 0.409375 0.673828 0.410938 0.673828 0.4125 0.675781 0.414062 0.675781 0.415625 0.677734 0.417187 0.677734 0.420312 0.673828 0.428125 0.673828 0.43125 0.669922 0.432812 0.669922 0.434375 0.671875 0.434375 0.673828 0.435937 0.671875 0.4375 0.671875 0.442188 0.666016 0.44375 0.666016 0.445312 0.664062 0.44375 0.662109 0.446875 0.658203 0.446875 0.652344 0.448437 0.650391 0.448437 0.648438 0.446875 0.646484 0.446875 0.638672 0.445312 0.636719 0.445312 0.630859 0.446875 0.628906 0.446875 0.619141 0.448437 0.617188 0.451562 0.617188 0.451562 0.615234 0.45 0.615234 0.448437 0.613281 0.448437 0.611328 0.45 0.609375 0.448437 0.607422 0.446875 0.607422 0.445312 0.605469 0.445312 0.601562 0.446875 0.599609 0.448437 0.599609 0.448437 0.597656 0.446875 0.595703 0.446875 0.59375 0.442188 0.59375 0.440625 0.591797 0.440625 0.587891 0.439063 0.585938 0.439063 0.583984 0.4375 0.582031 0.439063 0.580078 0.4375 0.578125 0.4375 0.576172 0.435937 0.574219 0.435937 0.572266 0.434375 0.570312 0.432812 0.572266 0.43125 0.570312 0.429688 0.572266 0.428125 0.570312 0.426563 0.570312 0.425 0.568359 0.425 0.566406 0.423438 0.564453 0.426563 0.560547 0.426563 0.558594 0.425 0.560547 0.420312 0.560547 0.41875 0.558594 0.417187 0.558594 0.415625 0.556641 0.415625 0.554688 0.409375 0.554688 0.407813 0.556641 0.40625 0.556641 0.404687 0.558594 0.398438 0.558594 0.396875 0.556641 0.39375 0.556641
0 0.021875 0.240234 0.0203125 0.242188 0.01875 0.242188 0.0171875 0.244141 0.015625 0.244141 0.0125 0.248047 0.0109375 0.248047 0.009375 0.25 0.00625 0.25 0.0046875 0.251953 0.003125 0.251953 0.003125 0.253906 0 0.257812 0 0.294922 0.0015625 0.296875 0.0015625 0.298828 0.003125 0.300781 0.003125 0.302734 0.0046875 0.304688 0.0046875 0.306641 0.015625 0.320312 0.015625 0.322266 0.0171875 0.322266 0.01875 0.324219 0.021875 0.324219 0.0234375 0.326172 0.0390625 0.326172 0.040625 0.324219 0.0421875 0.324219 0.04375 0.322266 0.0453125 0.322266 0.046875 0.320312 0.0484375 0.320312 0.05 0.318359 0.0515625 0.318359 0.053125 0.316406 0.0546875 0.316406 0.05625 0.314453 0.0578125 0.314453 0.059375 0.3125 0.0609375 0.3125 0.0640625 0.308594 0.065625 0.308594 0.071875 0.300781 0.071875 0.296875 0.0734375 0.294922 0.0734375 0.292969 0.075 0.291016 0.075 0.271484 0.0734375 0.269531 0.0734375 0.263672 0.071875 0.261719 0.071875 0.257812 0.0671875 0.257812 0.065625 0.255859 0.0640625 0.255859 0.0625 0.253906 0.0625 0.251953 0.0609375 0.251953 0.059375 0.25 0.05625 0.25 0.053125 0.246094 0.0515625 0.246094 0.0484375 0.242188 0.0421875 0.242188 0.040625 0.240234 0.0390625 0.240234 0.0375 0.242188 0.0296875 0.242188 0.028125 0.240234
0 0.0453125 0.3125 0.046875 0.310547 0.0484375 0.3125 0.046875 0.314453
0 0.0140625 0.310547 0.015625 0.308594 0.0171875 0.310547 0.015625 0.3125
0 0.046875 0.277344 0.0484375 0.275391 0.05 0.277344 0.0484375 0.279297
0 0.0125 0.253906 0.0140625 0.251953 0.015625 0.253906 0.0140625 0.255859
0 0.021875 0.248047 0.0234375 0.246094 0.025 0.248047 0.0234375 0.25
0 0.320312 0.691406 0.317188 0.695312 0.3125 0.695312 0.30625 0.703125 0.30625 0.705078 0.303125 0.708984 0.303125 0.712891 0.301563 0.714844 0.301563 0.716797 0.3 0.71875 0.3 0.724609 0.301563 0.726562 0.301563 0.730469 0.303125 0.732422 0.301563 0.734375 0.301563 0.740234 0.303125 0.742188 0.303125 0.744141 0.304688 0.744141 0.30625 0.746094 0.30625 0.748047 0.307812 0.75 0.310937 0.75 0.3125 0.751953 0.3125 0.755859 0.315625 0.759766 0.317188 0.759766 0.320312 0.763672 0.321875 0.763672 0.323437 0.765625 0.325 0.765625 0.326562 0.767578 0.335938 0.767578 0.339062 0.763672 0.340625 0.763672 0.34375 0.759766 0.345313 0.759766 0.345313 0.757812 0.35 0.751953 0.35 0.75 0.351562 0.748047 0.351562 0.746094 0.354687 0.742188 0.354687 0.736328 0.35625 0.734375 0.35625 0.720703 0.354687 0.71875 0.354687 0.714844 0.351562 0.710938 0.351562 0.708984 0.346875 0.703125 0.346875 0.701172 0.345313 0.699219 0.342187 0.699219 0.340625 0.697266 0.3375 0.697266 0.335938 0.695312 0.334375 0.695312 0.332813 0.693359 0.33125 0.693359 0.329688 0.691406
0 0.31875 0.75 0.320312 0.748047 0.321875 0.748047 0.323437 0.75 0.321875 0.751953 0.320312 0.751953
0 0.342187 0.748047 0.34375 0.746094 0.345313 0.748047 0.34375 0.75
0 0.307812 0.734375 0.309375 0.732422 0.310937 0.734375 0.309375 0.736328
0 0.30625 0.728516 0.307812 0.726562 0.309375 0.728516 0.309375 0.730469 0.307812 0.732422 0.30625 0.730469
0 0.304688 0.726562 0.30625 0.724609 0.307812 0.726562 0.30625 0.728516
0 0.03125 0.181641 0.03125 0.185547 0.0296875 0.1875 0.0265625 0.1875 0.0265625 0.189453 0.025 0.191406 0.0234375 0.191406 0.021875 0.193359 0.0078125 0.193359 0.00625 0.195312 0.0015625 0.195312 0 0.197266 0 0.242188 0.0015625 0.244141 0.009375 0.244141 0.0109375 0.242188 0.015625 0.242188 0.0171875 0.240234 0.0203125 0.240234 0.021875 0.238281 0.028125 0.238281 0.0296875 0.240234 0.0375 0.240234 0.0390625 0.238281 0.040625 0.238281 0.0421875 0.240234 0.0484375 0.240234 0.0515625 0.244141 0.053125 0.244141 0.05625 0.248047 0.059375 0.248047 0.0609375 0.25 0.08125 0.25 0.0828125 0.248047 0.084375 0.248047 0.0890625 0.242188 0.090625 0.242188 0.0921875 0.240234 0.0921875 0.238281 0.09375 0.236328 0.09375 0.21875 0.0921875 0.216797 0.0921875 0.212891 0.090625 0.210938 0.090625 0.207031 0.0890625 0.205078 0.0890625 0.203125 0.0859375 0.199219 0.084375 0.199219 0.0828125 0.197266 0.0796875 0.197266 0.078125 0.195312 0.075 0.195312 0.0734375 0.193359 0.0703125 0.193359 0.06875 0.191406 0.06875 0.189453 0.0640625 0.189453 0.0625 0.1875 0.059375 0.1875 0.0578125 0.185547 0.05625 0.185547 0.0546875 0.183594 0.053125 0.183594 0.0515625 0.181641
0 0.034375 0.222656 0.0359375 0.220703 0.0375 0.222656 0.0359375 0.224609
0 0.059375 0.201172 0.0609375 0.199219 0.0625 0.199219 0.0640625 0.201172 0.0625 0.203125 0.0609375 0.203125
0 0.540625 0.314453 0.539062 0.316406 0.5375 0.316406 0.535937 0.318359 0.532813 0.318359 0.53125 0.320312 0.53125 0.324219 0.528125 0.328125 0.528125 0.330078 0.525 0.333984 0.526563 0.335938 0.523438 0.339844 0.526563 0.34375 0.526563 0.351562 0.528125 0.353516 0.528125 0.361328 0.53125 0.365234 0.53125 0.371094 0.534375 0.375 0.534375 0.376953 0.542188 0.386719 0.545312 0.386719 0.546875 0.388672 0.553125 0.388672 0.554688 0.386719 0.557813 0.386719 0.559375 0.384766 0.560937 0.384766 0.5625 0.382812 0.567187 0.382812 0.567187 0.380859 0.56875 0.378906 0.56875 0.375 0.573438 0.369141 0.573438 0.361328 0.571875 0.359375 0.573438 0.357422 0.571875 0.355469 0.571875 0.347656 0.570312 0.345703 0.570312 0.341797 0.56875 0.339844 0.56875 0.337891 0.5625 0.330078 0.560937 0.330078 0.557813 0.326172 0.55625 0.326172 0.548438 0.316406 0.545312 0.316406 0.54375 0.314453
0 0.5125 0.0507812 0.510938 0.0527344 0.509375 0.0527344 0.509375 0.0546875 0.507812 0.0566406 0.50625 0.0566406 0.50625 0.0585938 0.504687 0.0605469 0.495312 0.0605469 0.49375 0.0625 0.492188 0.0625 0.492188 0.0644531 0.489063 0.0683594 0.4875 0.0683594 0.485938 0.0703125 0.464062 0.0703125 0.460938 0.0664062 0.454688 0.0664062 0.453125 0.0683594 0.45 0.0683594 0.448437 0.0703125 0.448437 0.0761719 0.442188 0.0839844 0.440625 0.0839844 0.4375 0.0878906 0.4375 0.0898438 0.435937 0.0917969 0.435937 0.107422 0.4375 0.109375 0.4375 0.111328 0.440625 0.115234 0.440625 0.117188 0.442188 0.119141 0.44375 0.119141 0.448437 0.125 0.45 0.125 0.451562 0.126953 0.46875 0.126953 0.470313 0.128906 0.471875 0.128906 0.475 0.132812 0.478125 0.132812 0.479687 0.130859 0.482812 0.130859 0.484375 0.132812 0.4875 0.132812 0.489063 0.130859 0.490625 0.132812 0.496875 0.132812 0.498437 0.130859 0.501563 0.130859 0.503125 0.128906 0.507812 0.128906 0.507812 0.126953 0.510938 0.123047 0.514062 0.123047 0.51875 0.117188 0.520312 0.117188 0.525 0.111328 0.525 0.109375 0.526563 0.107422 0.526563 0.105469 0.528125 0.103516 0.528125 0.09375 0.529687 0.0917969 0.529687 0.0722656 0.528125 0.0703125 0.528125 0.0664062 0.526563 0.0644531 0.526563 0.0625 0.525 0.0605469 0.525 0.0585938 0.523438 0.0566406 0.523438 0.0546875 0.520312 0.0507812
0 0.501563 0.113281 0.503125 0.111328 0.504687 0.113281 0.503125 0.115234
0 0.514062 0.107422 0.515625 0.105469 0.517188 0.107422 0.517188 0.109375 0.515625 0.111328 0.514062 0.109375
0 0.504687 0.103516 0.50625 0.101562 0.507812 0.103516 0.50625 0.105469
0 0.510938 0.0996094 0.5125 0.0976562 0.514062 0.0996094 0.5125 0.101562
0 0.484375 0.0917969 0.485938 0.0898438 0.4875 0.0917969 0.485938 0.09375
0 0.482812 0.0878906 0.484375 0.0859375 0.485938 0.0878906 0.484375 0.0898438
0 0.453125 0.0742188 0.454688 0.0722656 0.457813 0.0722656 0.459375 0.0742188 0.457813 0.0761719 0.45625 0.0761719 0.454688 0.078125 0.453125 0.0761719
0 0.496875 0.0664062 0.498437 0.0644531 0.5 0.0664062 0.498437 0.0683594
0 0.920312 0.302734 0.915625 0.308594 0.915625 0.310547 0.914062 0.3125 0.914062 0.318359 0.9125 0.320312 0.9125 0.330078 0.910937 0.332031 0.910937 0.357422 0.9125 0.359375 0.9125 0.371094 0.910937 0.373047 0.910937 0.382812 0.9125 0.382812 0.914062 0.384766 0.915625 0.384766 0.91875 0.388672 0.920312 0.388672 0.929688 0.400391 0.942187 0.400391 0.945312 0.396484 0.948438 0.396484 0.953125 0.390625 0.953125 0.388672 0.954688 0.386719 0.954688 0.384766 0.95625 0.382812 0.95625 0.376953 0.957812 0.375 0.957812 0.371094 0.959375 0.369141 0.959375 0.363281 0.960938 0.361328 0.960938 0.347656 0.959375 0.345703 0.959375 0.335938 0.957812 0.333984 0.957812 0.330078 0.95625 0.328125 0.95625 0.326172 0.954688 0.324219 0.954688 0.322266 0.951562 0.318359 0.951562 0.316406 0.948438 0.3125 0.946875 0.3125 0.94375 0.308594 0.942187 0.308594 0.940625 0.306641 0.9375 0.306641 0.935937 0.304688 0.929688 0.304688 0.928125 0.302734
0 0.948438 0.382812 0.95 0.380859 0.951562 0.382812 0.95 0.384766
0 0.95 0.376953 0.951562 0.375 0.953125 0.376953 0.951562 0.378906
0 0.948438 0.328125 0.95 0.326172 0.951562 0.328125 0.95 0.330078
0 0.946875 0.324219 0.948438 0.322266 0.95 0.324219 0.948438 0.326172
0 0.945312 0.322266 0.946875 0.320312 0.948438 0.322266 0.946875 0.324219
0 0.94375 0.320312 0.945312 0.318359 0.946875 0.320312 0.945312 0.322266
0 0.942187 0.318359 0.94375 0.316406 0.945312 0.318359 0.94375 0.320312
0 0.939063 0.316406 0.940625 0.314453 0.942187 0.316406 0.940625 0.318359
0 0.934375 0.3125 0.935937 0.310547 0.9375 0.310547 0.940625 0.314453 0.939063 0.316406 0.9375 0.316406
0 0.748437 0.529297 0.746875 0.53125 0.739062 0.53125 0.7375 0.533203 0.735938 0.533203 0.734375 0.535156 0.732812 0.535156 0.725 0.544922 0.725 0.546875 0.723437 0.548828 0.723437 0.560547 0.725 0.5625 0.725 0.564453 0.726562 0.564453 0.73125 0.570312 0.732812 0.570312 0.734375 0.572266 0.7375 0.572266 0.739062 0.574219 0.74375 0.574219 0.748437 0.580078 0.751563 0.580078 0.753125 0.578125 0.75625 0.578125 0.7625 0.570312 0.764062 0.570312 0.764062 0.566406 0.765625 0.564453 0.765625 0.5625 0.767188 0.560547 0.767188 0.558594 0.76875 0.556641 0.76875 0.554688 0.770312 0.552734 0.770312 0.550781 0.773438 0.546875 0.773438 0.541016 0.771875 0.541016 0.767188 0.535156 0.764062 0.535156 0.7625 0.533203 0.759375 0.533203 0.757812 0.53125 0.757812 0.529297
0 0.767188 0.546875 0.76875 0.544922 0.770312 0.546875 0.76875 0.548828
0 0.739062 0.613281 0.7375 0.615234 0.73125 0.615234 0.729688 0.617188 0.726562 0.617188 0.725 0.619141 0.723437 0.619141 0.721875 0.621094 0.721875 0.625 0.720313 0.626953 0.720313 0.640625 0.721875 0.642578 0.721875 0.644531 0.723437 0.646484 0.725 0.646484 0.726562 0.648438 0.726562 0.650391 0.729688 0.650391 0.73125 0.652344 0.73125 0.654297 0.732812 0.654297 0.734375 0.65625 0.735938 0.65625 0.7375 0.658203 0.740625 0.658203 0.742188 0.660156 0.748437 0.660156 0.75 0.662109 0.760938 0.662109 0.7625 0.660156 0.764062 0.660156 0.767188 0.65625 0.767188 0.654297 0.771875 0.648438 0.771875 0.630859 0.767188 0.630859 0.765625 0.628906 0.7625 0.628906 0.757812 0.623047 0.75625 0.623047 0.75 0.615234 0.74375 0.615234 0.742188 0.613281
0 0.459375 0.447266 0.457813 0.449219 0.45625 0.449219 0.454688 0.451172 0.45 0.451172 0.448437 0.453125 0.44375 0.453125 0.44375 0.455078 0.442188 0.457031 0.440625 0.457031 0.432812 0.466797 0.432812 0.46875 0.429688 0.472656 0.429688 0.5 0.43125 0.501953 0.43125 0.503906 0.435937 0.509766 0.4375 0.509766 0.440625 0.513672 0.451562 0.513672 0.453125 0.515625 0.457813 0.515625 0.459375 0.513672 0.4625 0.513672 0.464062 0.511719 0.465625 0.511719 0.46875 0.507812 0.46875 0.505859 0.471875 0.501953 0.473438 0.501953 0.473438 0.5 0.476562 0.496094 0.476562 0.492188 0.478125 0.490234 0.478125 0.484375 0.479687 0.482422 0.479687 0.466797 0.478125 0.464844 0.479687 0.462891 0.48125 0.462891 0.482812 0.460938 0.479687 0.460938 0.478125 0.458984 0.478125 0.457031 0.476562 0.455078 0.475 0.455078 0.470313 0.449219 0.470313 0.447266 0.46875 0.449219 0.4625 0.449219 0.460938 0.447266
0 0.4625 0.501953 0.464062 0.503906 0.464062 0.505859 0.4625 0.507812 0.460938 0.507812 0.459375 0.505859
0 0.5125 0.431641 0.510938 0.433594 0.509375 0.433594 0.507812 0.435547 0.507812 0.4375 0.50625 0.439453 0.503125 0.439453 0.503125 0.441406 0.501563 0.443359 0.5 0.443359 0.496875 0.447266 0.496875 0.449219 0.49375 0.453125 0.49375 0.457031 0.492188 0.458984 0.492188 0.460938 0.490625 0.462891 0.490625 0.466797 0.489063 0.46875 0.489063 0.482422 0.490625 0.484375 0.490625 0.486328 0.492188 0.488281 0.492188 0.492188 0.49375 0.494141 0.49375 0.496094 0.496875 0.5 0.496875 0.503906 0.498437 0.505859 0.498437 0.507812 0.501563 0.511719 0.514062 0.511719 0.515625 0.509766 0.51875 0.509766 0.523438 0.503906 0.523438 0.501953 0.528125 0.496094 0.528125 0.494141 0.529687 0.492188 0.529687 0.488281 0.53125 0.486328 0.53125 0.482422 0.532813 0.480469 0.532813 0.447266 0.53125 0.445312 0.53125 0.443359 0.529687 0.441406 0.529687 0.439453 0.528125 0.4375 0.528125 0.435547 0.526563 0.435547 0.525 0.433594 0.523438 0.433594 0.521875 0.431641
0 0.521875 0.490234 0.523438 0.488281 0.525 0.490234 0.523438 0.492188
0 0.525 0.476562 0.526563 0.474609 0.528125 0.474609 0.529687 0.476562 0.528125 0.478516 0.526563 0.478516
0 0.526563 0.458984 0.528125 0.457031 0.529687 0.458984 0.529687 0.460938 0.528125 0.462891 0.526563 0.460938
0 0.876563 0.753906 0.873437 0.757812 0.871875 0.757812 0.870313 0.759766 0.867188 0.759766 0.865625 0.761719 0.864062 0.761719 0.857812 0.769531 0.857812 0.771484 0.85625 0.773438 0.85625 0.785156 0.854688 0.787109 0.854688 0.796875 0.848437 0.804688 0.846875 0.804688 0.842187 0.810547 0.8375 0.810547 0.832812 0.816406 0.832812 0.818359 0.83125 0.820312 0.83125 0.822266 0.829688 0.824219 0.829688 0.826172 0.828125 0.828125 0.828125 0.84375 0.829688 0.845703 0.829688 0.849609 0.83125 0.851562 0.83125 0.853516 0.832812 0.855469 0.832812 0.857422 0.834375 0.857422 0.835938 0.859375 0.839063 0.859375 0.840625 0.861328 0.842187 0.861328 0.845313 0.865234 0.845313 0.867188 0.846875 0.869141 0.846875 0.873047 0.848437 0.875 0.848437 0.882812 0.853125 0.888672 0.854688 0.888672 0.85625 0.890625 0.865625 0.890625 0.867188 0.888672 0.86875 0.888672 0.875 0.880859 0.876563 0.880859 0.878125 0.878906 0.879687 0.878906 0.88125 0.876953 0.884375 0.876953 0.885938 0.875 0.8875 0.875 0.889062 0.873047 0.895312 0.873047 0.896875 0.871094 0.898438 0.873047 0.901563 0.869141 0.90625 0.869141 0.907813 0.871094 0.9125 0.871094 0.914062 0.873047 0.914062 0.875 0.91875 0.875 0.921875 0.871094 0.923438 0.871094 0.925 0.869141 0.925 0.867188 0.926562 0.865234 0.926562 0.859375 0.928125 0.857422 0.928125 0.839844 0.929688 0.837891 0.93125 0.837891 0.93125 0.814453 0.929688 0.8125 0.929688 0.806641 0.928125 0.804688 0.928125 0.798828 0.929688 0.796875 0.932813 0.796875 0.929688 0.792969 0.929688 0.791016 0.925 0.785156 0.926562 0.783203 0.921875 0.777344 0.920312 0.777344 0.917188 0.773438 0.917188 0.771484 0.9125 0.765625 0.910937 0.765625 0.90625 0.759766 0.903125 0.759766 0.9 0.755859 0.898438 0.755859 0.896875 0.753906
0 0.840625 0.853516 0.842187 0.851562 0.84375 0.853516 0.842187 0.855469
0 0.89375 0.822266 0.895312 0.820312 0.896875 0.822266 0.895312 0.824219
0 0.890625 0.820312 0.892188 0.818359 0.89375 0.820312 0.892188 0.822266
0 0.925 0.791016 0.926562 0.789062 0.928125 0.791016 0.928125 0.794922 0.926562 0.796875 0.925 0.794922
0 0.859375 0.783203 0.860938 0.78125 0.8625 0.783203 0.860938 0.785156
0 0.914062 0.775391 0.915625 0.773438 0.917188 0.775391 0.915625 0.777344
0 0.976562 0.304688 0.975 0.306641 0.96875 0.306641 0.965625 0.310547 0.965625 0.3125 0.960938 0.318359 0.960938 0.322266 0.959375 0.324219 0.959375 0.333984 0.960938 0.335938 0.960938 0.339844 0.964063 0.34375 0.971875 0.34375 0.973437 0.345703 0.979688 0.345703 0.98125 0.34375 0.9875 0.34375 0.99375 0.335938 0.99375 0.330078 0.995313 0.328125 0.995313 0.314453 0.99375 0.3125 0.99375 0.310547 0.992188 0.308594 0.990625 0.308594 0.989062 0.306641 0.985938 0.306641 0.984375 0.304688
0 0.98125 0.314453 0.982812 0.3125 0.984375 0.3125 0.985938 0.314453 0.985938 0.316406 0.984375 0.318359
0 0 0.96875 0 0.998047 0.025 0.998047 0.025 0.990234 0.021875 0.986328 0.021875 0.984375 0.0203125 0.984375 0.0140625 0.976562 0.0125 0.976562 0.0109375 0.974609 0.009375 0.974609 0.0078125 0.972656 0.0046875 0.972656 0.003125 0.970703 0.003125 0.96875
0 0.5 0.925781 0.498437 0.927734 0.496875 0.927734 0.484375 0.943359 0.484375 0.945312 0.482812 0.947266 0.479687 0.947266 0.479687 0.949219 0.48125 0.951172 0.479687 0.953125 0.479687 0.960938 0.476562 0.964844 0.476562 0.966797 0.478125 0.96875 0.475 0.972656 0.473438 0.972656 0.471875 0.974609 0.471875 0.976562 0.473438 0.978516 0.473438 0.988281 0.475 0.988281 0.476562 0.990234 0.476562 0.992188 0.478125 0.994141 0.478125 0.996094 0.479687 0.998047 0.548438 0.998047 0.546875 0.996094 0.546875 0.994141 0.545312 0.992188 0.548438 0.988281 0.55 0.990234 0.551562 0.990234 0.551562 0.988281 0.55 0.986328 0.55 0.984375 0.548438 0.982422 0.548438 0.978516 0.55 0.976562 0.55 0.972656 0.548438 0.970703 0.55 0.96875 0.548438 0.96875 0.546875 0.966797 0.546875 0.964844 0.548438 0.962891 0.546875 0.960938 0.546875 0.958984 0.545312 0.957031 0.545312 0.955078 0.546875 0.953125 0.545312 0.951172 0.545312 0.949219 0.54375 0.949219 0.539062 0.943359 0.539062 0.941406 0.529687 0.929688 0.529687 0.927734 0.528125 0.929688 0.526563 0.929688 0.523438 0.925781 0.517188 0.925781 0.514062 0.929688 0.507812 0.929688 0.50625 0.927734 0.50625 0.925781
