0 0.484375 0.871094 0.465625 0.894531 0.4625 0.894531 0.459375 0.898438 0.459375 0.925781 0.45 0.9375 0.45 0.941406 0.440625 0.953125 0.440625 0.960938 0.4375 0.964844 0.4375 0.984375 0.446875 0.996094 0.46875 0.996094 0.475 0.988281 0.478125 0.988281 0.496875 0.964844 0.496875 0.960938 0.503125 0.953125 0.503125 0.917969 0.5 0.914062 0.5 0.894531 0.496875 0.890625 0.496875 0.882812 0.49375 0.878906 0.49375 0.875 0.490625 0.871094
0 0.996875 0.664062 0.996875 0.675781 0.99375 0.679688 0.99375 0.6875 0.990625 0.691406 0.990625 0.699219 0.9875 0.703125 0.9875 0.714844 0.99375 0.722656 0.996875 0.722656
0 0.928125 0.460938 0.915625 0.476562 0.9125 0.476562 0.909375 0.480469 0.90625 0.480469 0.9 0.488281 0.89375 0.488281 0.890625 0.492188 0.8875 0.492188 0.88125 0.5 0.878125 0.5 0.875 0.503906 0.875 0.511719 0.878125 0.515625 0.8875 0.515625 0.890625 0.511719 0.896875 0.511719 0.9 0.507812 0.915625 0.507812 0.921875 0.5 0.925 0.5 0.93125 0.492188 0.934375 0.492188 0.940625 0.484375 0.94375 0.484375 0.946875 0.480469 0.95 0.480469 0.953125 0.476562 0.953125 0.464844 0.95 0.460938
0 0.959375 0.480469 0.95 0.492188 0.946875 0.492188 0.94375 0.496094 0.9375 0.496094 0.934375 0.5 0.928125 0.5 0.925 0.503906 0.921875 0.503906 0.915625 0.511719 0.9 0.511719 0.896875 0.515625 0.890625 0.515625 0.8875 0.519531 0.88125 0.519531 0.878125 0.523438 0.871875 0.523438 0.86875 0.527344 0.85625 0.527344 0.853125 0.53125 0.846875 0.53125 0.834375 0.546875 0.834375 0.550781 0.83125 0.554688 0.83125 0.570312 0.84375 0.585938 0.846875 0.585938 0.85 0.589844 0.853125 0.589844 0.859375 0.597656 0.8875 0.597656 0.890625 0.59375 0.896875 0.59375 0.9 0.589844 0.903125 0.589844 0.915625 0.574219 0.91875 0.574219 0.921875 0.570312 0.928125 0.570312 0.934375 0.5625 0.9375 0.5625 0.940625 0.558594 0.94375 0.558594 0.953125 0.546875 0.959375 0.546875 0.965625 0.539062 0.96875 0.539062 0.971875 0.535156 0.978125 0.535156 0.9875 0.523438 0.9875 0.519531 0.990625 0.515625 0.990625 0.492188 0.9875 0.488281 0.978125 0.488281 0.975 0.484375 0.971875 0.484375 0.96875 0.480469
0 0.46875 0.789062 0.465625 0.792969 0.465625 0.800781 0.4625 0.804688 0.4625 0.808594 0.459375 0.8125 0.459375 0.820312 0.45625 0.824219 0.45625 0.828125 0.453125 0.832031 0.453125 0.835938 0.446875 0.84375 0.446875 0.847656 0.44375 0.851562 0.44375 0.863281 0.434375 0.875 0.434375 0.898438 0.4375 0.902344 0.44375 0.902344 0.446875 0.898438 0.453125 0.898438 0.459375 0.890625 0.4625 0.890625 0.475 0.875 0.475 0.871094 0.478125 0.867188 0.484375 0.867188 0.4875 0.863281 0.490625 0.863281 0.49375 0.859375 0.49375 0.855469 0.5 0.847656 0.5 0.839844 0.503125 0.835938 0.503125 0.820312 0.50625 0.816406 0.50625 0.808594 0.5 0.800781 0.49375 0.800781 0.490625 0.796875 0.4875 0.796875 0.484375 0.792969 0.48125 0.792969 0.478125 0.789062
0 0.915625 0.613281 0.875 0.664062 0.875 0.671875 0.878125 0.675781 0.88125 0.675781 0.8875 0.683594 0.90625 0.683594 0.909375 0.679688 0.9125 0.679688 0.915625 0.675781 0.91875 0.675781 0.925 0.667969 0.925 0.664062 0.928125 0.660156 0.928125 0.621094 0.921875 0.613281
0 0.94375 0.417969 0.93125 0.433594 0.928125 0.433594 0.925 0.4375 0.91875 0.4375 0.9125 0.445312 0.909375 0.445312 0.90625 0.449219 0.903125 0.449219 0.896875 0.457031 0.89375 0.457031 0.8875 0.464844 0.884375 0.464844 0.878125 0.472656 0.875 0.472656 0.865625 0.484375 0.8625 0.484375 0.85625 0.492188 0.85625 0.496094 0.853125 0.5 0.853125 0.511719 0.85625 0.515625 0.865625 0.515625 0.86875 0.511719 0.86875 0.507812 0.878125 0.496094 0.88125 0.496094 0.8875 0.488281 0.890625 0.488281 0.89375 0.484375 0.9 0.484375 0.90625 0.476562 0.909375 0.476562 0.921875 0.460938 0.925 0.460938 0.93125 0.453125 0.934375 0.457031 0.940625 0.457031 0.94375 0.453125 0.95 0.453125 0.9625 0.4375 0.9625 0.425781 0.95625 0.417969
0 0.9625 0.277344 0.940625 0.304688 0.940625 0.308594 0.934375 0.316406 0.93125 0.316406 0.915625 0.335938 0.915625 0.339844 0.903125 0.355469 0.9 0.355469 0.89375 0.363281 0.89375 0.375 0.88125 0.390625 0.878125 0.390625 0.875 0.394531 0.875 0.402344 0.878125 0.40625 0.8875 0.40625 0.896875 0.394531 0.9 0.394531 0.9125 0.378906 0.9125 0.375 0.925 0.359375 0.934375 0.359375 0.946875 0.34375 0.946875 0.335938 0.9625 0.316406 0.9625 0.3125 0.965625 0.308594 0.965625 0.304688 0.96875 0.300781 0.96875 0.296875 0.975 0.289062 0.975 0.28125 0.971875 0.277344
0 0.678125 0.953125 0.675 0.957031 0.671875 0.957031 0.66875 0.960938 0.6625 0.960938 0.640625 0.988281 0.640625 0.996094 0.74375 0.996094 0.746875 0.992188 0.746875 0.964844 0.740625 0.957031 0.734375 0.957031 0.73125 0.953125
0 0.578125 0.910156 0.575 0.914062 0.575 0.929688 0.578125 0.933594 0.578125 0.941406 0.584375 0.949219 0.596875 0.949219 0.603125 0.941406 0.603125 0.929688 0.6 0.925781 0.6 0.921875 0.590625 0.910156
0 0.6125 0.480469 0.609375 0.484375 0.609375 0.492188 0.60625 0.496094 0.60625 0.5 0.6 0.507812 0.6 0.515625 0.603125 0.519531 0.609375 0.519531 0.6125 0.515625 0.615625 0.515625 0.625 0.527344 0.634375 0.527344 0.6375 0.523438 0.6375 0.515625 0.628125 0.503906 0.628125 0.5 0.621875 0.492188 0.621875 0.484375 0.61875 0.480469
0 0.834375 0.0195312 0.825 0.03125 0.825 0.0351562 0.821875 0.0390625 0.821875 0.0546875 0.828125 0.0625 0.828125 0.0664062 0.825 0.0703125 0.825 0.0742188 0.821875 0.078125 0.821875 0.0859375 0.825 0.0898438 0.828125 0.0898438 0.83125 0.09375 0.846875 0.09375 0.85 0.0898438 0.853125 0.0898438 0.865625 0.0742188 0.865625 0.0703125 0.871875 0.0625 0.871875 0.0429688 0.86875 0.0390625 0.86875 0.0351562 0.865625 0.03125 0.8625 0.03125 0.85625 0.0234375 0.853125 0.0234375 0.85 0.0195312
0 0.746875 0.796875 0.74375 0.800781 0.740625 0.800781 0.734375 0.808594 0.728125 0.808594 0.71875 0.820312 0.71875 0.847656 0.721875 0.851562 0.721875 0.855469 0.728125 0.863281 0.75 0.863281 0.753125 0.859375 0.75625 0.859375 0.759375 0.855469 0.7625 0.855469 0.765625 0.851562 0.76875 0.851562 0.771875 0.847656 0.771875 0.84375 0.775 0.839844 0.775 0.835938 0.778125 0.832031 0.778125 0.8125 0.771875 0.804688 0.771875 0.800781 0.76875 0.796875
0 0 0.300781 0 0.363281 0.003125 0.359375 0.003125 0.304688
0 0.2125 0.972656 0.20625 0.980469 0.2 0.980469 0.196875 0.984375 0.196875 0.992188 0.2 0.996094 0.225 0.996094 0.228125 0.992188 0.228125 0.976562 0.225 0.972656
0 0.59375 0.960938 0.590625 0.964844 0.590625 0.980469 0.6 0.992188 0.60625 0.992188 0.609375 0.996094 0.61875 0.996094 0.621875 0.992188 0.628125 0.992188 0.63125 0.988281 0.63125 0.980469 0.628125 0.976562 0.625 0.976562 0.61875 0.96875 0.615625 0.96875 0.6125 0.964844 0.60625 0.964844 0.603125 0.960938
0 0.996875 0.390625 0.990625 0.398438 0.990625 0.402344 0.984375 0.410156 0.984375 0.421875 0.98125 0.425781 0.98125 0.429688 0.975 0.4375 0.975 0.445312 0.96875 0.453125 0.96875 0.472656 0.971875 0.476562 0.971875 0.480469 0.975 0.480469 0.978125 0.484375 0.996875 0.484375
0 0.996875 0.0117188 0.971875 0.0429688 0.971875 0.046875 0.953125 0.0703125 0.95 0.0703125 0.946875 0.0742188 0.94375 0.0742188 0.93125 0.0898438 0.93125 0.105469 0.934375 0.109375 0.9375 0.109375 0.940625 0.113281 0.959375 0.113281 0.9625 0.109375 0.965625 0.109375 0.971875 0.101562 0.975 0.101562 0.9875 0.0859375 0.990625 0.0859375 0.996875 0.078125
0 0.9375 0.8125 0.9375 0.816406 0.934375 0.820312 0.93125 0.820312 0.921875 0.832031 0.91875 0.832031 0.915625 0.835938 0.9125 0.835938 0.909375 0.839844 0.90625 0.839844 0.903125 0.84375 0.9 0.84375 0.890625 0.855469 0.8875 0.855469 0.88125 0.863281 0.878125 0.863281 0.86875 0.875 0.86875 0.882812 0.865625 0.886719 0.865625 0.898438 0.86875 0.902344 0.86875 0.910156 0.871875 0.914062 0.871875 0.933594 0.86875 0.9375 0.86875 0.945312 0.871875 0.949219 0.871875 0.953125 0.878125 0.960938 0.884375 0.960938 0.8875 0.957031 0.896875 0.957031 0.9 0.953125 0.903125 0.953125 0.909375 0.945312 0.909375 0.941406 0.9125 0.9375 0.915625 0.9375 0.928125 0.921875 0.928125 0.917969 0.934375 0.910156 0.9375 0.910156 0.94375 0.902344 0.946875 0.902344 0.95 0.898438 0.95 0.886719 0.959375 0.875 0.959375 0.871094 0.9625 0.867188 0.9625 0.863281 0.96875 0.855469 0.96875 0.839844 0.9625 0.832031 0.9625 0.828125 0.95625 0.820312 0.953125 0.820312 0.95 0.816406 0.94375 0.816406 0.940625 0.8125
0 0.65 0.457031 0.646875 0.460938 0.646875 0.480469 0.64375 0.484375 0.64375 0.492188 0.640625 0.496094 0.640625 0.542969 0.64375 0.546875 0.65 0.546875 0.653125 0.550781 0.65625 0.550781 0.659375 0.554688 0.675 0.554688 0.678125 0.550781 0.68125 0.550781 0.684375 0.546875 0.684375 0.542969 0.6875 0.539062 0.6875 0.492188 0.684375 0.488281 0.684375 0.484375 0.678125 0.476562 0.675 0.476562 0.66875 0.46875 0.66875 0.464844 0.665625 0.460938 0.6625 0.460938 0.659375 0.457031
0 0.753125 0.691406 0.74375 0.703125 0.74375 0.710938 0.740625 0.714844 0.740625 0.722656 0.734375 0.730469 0.734375 0.761719 0.7375 0.765625 0.7375 0.769531 0.74375 0.777344 0.753125 0.777344 0.75625 0.773438 0.7625 0.773438 0.76875 0.765625 0.76875 0.75 0.765625 0.746094 0.765625 0.734375 0.771875 0.726562 0.78125 0.726562 0.7875 0.71875 0.790625 0.71875 0.79375 0.714844 0.79375 0.695312 0.790625 0.691406
0 0.875 0.675781 0.875 0.683594 0.871875 0.6875 0.871875 0.691406 0.86875 0.695312 0.86875 0.699219 0.8625 0.707031 0.8625 0.714844 0.859375 0.71875 0.859375 0.722656 0.853125 0.730469 0.853125 0.734375 0.84375 0.746094 0.84375 0.75 0.840625 0.753906 0.8375 0.753906 0.834375 0.757812 0.834375 0.769531 0.828125 0.777344 0.821875 0.777344 0.81875 0.78125 0.81875 0.789062 0.825 0.796875 0.825 0.808594 0.83125 0.816406 0.865625 0.816406 0.878125 0.800781 0.878125 0.796875 0.88125 0.792969 0.884375 0.792969 0.890625 0.785156 0.890625 0.78125 0.903125 0.765625 0.903125 0.761719 0.90625 0.757812 0.90625 0.753906 0.909375 0.75 0.909375 0.738281 0.9125 0.734375 0.9125 0.730469 0.91875 0.722656 0.91875 0.71875 0.925 0.710938 0.925 0.691406 0.91875 0.683594 0.909375 0.683594 0.90625 0.6875 0.8875 0.6875 0.88125 0.679688 0.878125 0.679688
0 0.6625 0.777344 0.653125 0.789062 0.653125 0.792969 0.64375 0.804688 0.64375 0.808594 0.634375 0.820312 0.63125 0.820312 0.628125 0.824219 0.628125 0.847656 0.65 0.875 0.653125 0.875 0.65625 0.878906 0.68125 0.878906 0.684375 0.875 0.6875 0.875 0.690625 0.871094 0.69375 0.871094 0.703125 0.859375 0.703125 0.855469 0.709375 0.847656 0.709375 0.839844 0.7125 0.835938 0.7125 0.804688 0.7 0.789062 0.696875 0.789062 0.69375 0.785156 0.690625 0.785156 0.6875 0.78125 0.68125 0.78125 0.678125 0.777344
0 0.53125 0.945312 0.525 0.953125 0.525 0.957031 0.51875 0.964844 0.51875 0.96875 0.50625 0.984375 0.50625 0.992188 0.509375 0.996094 0.53125 0.996094 0.540625 0.984375 0.540625 0.976562 0.54375 0.972656 0.54375 0.949219 0.540625 0.945312
0 0.340625 0.300781 0.334375 0.308594 0.334375 0.3125 0.33125 0.316406 0.33125 0.320312 0.328125 0.324219 0.328125 0.328125 0.325 0.332031 0.325 0.335938 0.31875 0.34375 0.31875 0.351562 0.3125 0.359375 0.3125 0.367188 0.30625 0.375 0.30625 0.386719 0.303125 0.390625 0.303125 0.402344 0.3 0.40625 0.3 0.445312 0.303125 0.449219 0.3125 0.449219 0.31875 0.441406 0.321875 0.441406 0.325 0.4375 0.325 0.433594 0.33125 0.425781 0.33125 0.421875 0.3375 0.414062 0.3375 0.410156 0.34375 0.402344 0.34375 0.398438 0.346875 0.394531 0.346875 0.378906 0.35 0.375 0.35 0.304688 0.346875 0.300781
0 0.56875 0.652344 0.55625 0.667969 0.55625 0.671875 0.553125 0.675781 0.55 0.675781 0.546875 0.679688 0.546875 0.6875 0.55 0.691406 0.546875 0.695312 0.546875 0.710938 0.55 0.714844 0.55625 0.714844 0.559375 0.710938 0.5625 0.710938 0.565625 0.707031 0.56875 0.707031 0.575 0.699219 0.578125 0.699219 0.584375 0.691406 0.5875 0.691406 0.590625 0.6875 0.59375 0.6875 0.6 0.679688 0.603125 0.679688 0.609375 0.671875 0.6125 0.671875 0.615625 0.667969 0.615625 0.660156 0.6125 0.65625 0.596875 0.65625 0.59375 0.652344
0 0.8875 0 0.890625 0.00390625 0.890625 0.0078125 0.896875 0.015625 0.909375 0.015625 0.9125 0.0117188 0.915625 0.0117188 0.91875 0.015625 0.93125 0.015625 0.940625 0.00390625 0.940625 0
0 0.621875 0.679688 0.615625 0.6875 0.6125 0.6875 0.609375 0.691406 0.60625 0.691406 0.596875 0.703125 0.596875 0.707031 0.59375 0.710938 0.59375 0.726562 0.590625 0.730469 0.590625 0.75 0.59375 0.753906 0.59375 0.757812 0.596875 0.761719 0.596875 0.765625 0.6 0.769531 0.603125 0.769531 0.60625 0.773438 0.621875 0.773438 0.625 0.769531 0.634375 0.769531 0.6375 0.765625 0.640625 0.765625 0.65 0.753906 0.65 0.746094 0.653125 0.742188 0.653125 0.730469 0.659375 0.722656 0.6625 0.722656 0.665625 0.71875 0.665625 0.691406 0.6625 0.6875 0.659375 0.6875 0.653125 0.679688
0 0.76875 0.542969 0.753125 0.5625 0.753125 0.574219 0.759375 0.582031 0.765625 0.582031 0.76875 0.578125 0.76875 0.570312 0.778125 0.558594 0.778125 0.546875 0.775 0.542969
0 0.609375 0.257812 0.603125 0.265625 0.603125 0.273438 0.60625 0.277344 0.6125 0.277344 0.615625 0.273438 0.61875 0.273438 0.621875 0.269531 0.621875 0.261719 0.61875 0.257812
0 0.890625 0.0351562 0.8875 0.0390625 0.8875 0.0429688 0.884375 0.046875 0.884375 0.0585938 0.875 0.0703125 0.875 0.0859375 0.878125 0.0898438 0.890625 0.0898438 0.89375 0.0859375 0.9 0.0859375 0.903125 0.0820312 0.925 0.0820312 0.934375 0.0703125 0.934375 0.0546875 0.93125 0.0507812 0.921875 0.0507812 0.91875 0.0546875 0.90625 0.0546875 0.903125 0.0507812 0.903125 0.0390625 0.9 0.0351562
0 0.703125 0.390625 0.7 0.394531 0.7 0.414062 0.703125 0.417969 0.709375 0.417969 0.715625 0.410156 0.715625 0.398438 0.709375 0.390625
0 0.384375 0.585938 0.38125 0.589844 0.38125 0.59375 0.378125 0.597656 0.378125 0.609375 0.375 0.613281 0.375 0.621094 0.371875 0.625 0.371875 0.628906 0.3625 0.640625 0.3625 0.660156 0.371875 0.671875 0.371875 0.679688 0.375 0.683594 0.36875 0.691406 0.36875 0.695312 0.365625 0.699219 0.365625 0.722656 0.36875 0.726562 0.375 0.726562 0.378125 0.722656 0.384375 0.722656 0.390625 0.714844 0.39375 0.714844 0.396875 0.710938 0.4 0.710938 0.403125 0.707031 0.4125 0.707031 0.415625 0.703125 0.415625 0.699219 0.41875 0.695312 0.421875 0.695312 0.425 0.691406 0.425 0.6875 0.428125 0.683594 0.434375 0.683594 0.4375 0.679688 0.440625 0.679688 0.446875 0.671875 0.45 0.671875 0.453125 0.667969 0.453125 0.65625 0.45625 0.652344 0.45625 0.644531 0.45 0.636719 0.446875 0.636719 0.44375 0.632812 0.440625 0.632812 0.4375 0.628906 0.43125 0.628906 0.425 0.621094 0.421875 0.621094 0.41875 0.617188 0.415625 0.617188 0.4125 0.613281 0.4125 0.609375 0.409375 0.605469 0.40625 0.605469 0.4 0.597656 0.4 0.59375 0.39375 0.585938
