0 0 0.505556 0 0.633333 0.00277778 0.636111 0 0.638889 0 0.727778 0.00277778 0.727778 0.00833333 0.733333 0.0444444 0.733333 0.0444444 0.730556 0.0472222 0.727778 0.0555556 0.727778 0.0638889 0.719444 0.0666667 0.719444 0.0694444 0.716667 0.0722222 0.716667 0.075 0.713889 0.0777778 0.713889 0.0805556 0.711111 0.0861111 0.711111 0.0888889 0.708333 0.0944444 0.708333 0.1 0.702778 0.105556 0.702778 0.111111 0.697222 0.113889 0.697222 0.119444 0.691667 0.122222 0.691667 0.122222 0.688889 0.127778 0.683333 0.127778 0.680556 0.130556 0.677778 0.130556 0.644444 0.125 0.638889 0.125 0.636111 0.108333 0.619444 0.105556 0.619444 0.1 0.613889 0.0944444 0.613889 0.0916667 0.611111 0.0861111 0.611111 0.0833333 0.608333 0.0777778 0.608333 0.075 0.605556 0.0722222 0.605556 0.0694444 0.602778 0.0555556 0.602778 0.0527778 0.605556 0.0416667 0.605556 0.0416667 0.608333 0.0388889 0.611111 0.0361111 0.611111 0.0333333 0.613889 0.0305556 0.613889 0.0222222 0.622222 0.0194444 0.622222 0.0166667 0.619444 0.0305556 0.605556 0.0305556 0.602778 0.0388889 0.594444 0.0388889 0.583333 0.0416667 0.580556 0.0416667 0.563889 0.0388889 0.561111 0.0388889 0.552778 0.0361111 0.55 0.0361111 0.547222 0.0333333 0.544444 0.0333333 0.541667 0.0305556 0.538889 0.0305556 0.527778 0.025 0.522222 0.025 0.519444 0.0166667 0.511111 0.0138889 0.511111 0.0111111 0.508333 0.00833333 0.508333 0.00555556 0.505556
0 0.113889 0.644444 0.116667 0.641667 0.119444 0.644444 0.116667 0.647222
0 0.0138889 0.641667 0.0166667 0.638889 0.0194444 0.641667 0.0194444 0.644444 0.0166667 0.647222 0.0138889 0.644444
0 0.102778 0.630556 0.105556 0.627778 0.108333 0.630556 0.105556 0.633333
0 0.0305556 0.630556 0.0333333 0.627778 0.0361111 0.630556 0.0333333 0.633333
0 0.0111111 0.625 0.0138889 0.622222 0.0166667 0.625 0.0138889 0.627778
0 0 0.625 0.00277778 0.622222 0.00833333 0.622222 0.0138889 0.627778 0.0138889 0.633333 0.0111111 0.636111 0.00555556 0.636111 0 0.630556
0 0.0138889 0.622222 0.0166667 0.619444 0.0194444 0.622222 0.0166667 0.625
0 0.0166667 0.6 0.0194444 0.597222 0.0222222 0.6 0.0194444 0.602778
0 0.0444444 0.511111 0.0416667 0.513889 0.0388889 0.513889 0.0388889 0.516667 0.0361111 0.519444 0.0361111 0.527778 0.0388889 0.530556 0.0388889 0.533333 0.0416667 0.533333 0.0444444 0.536111 0.0555556 0.536111 0.0611111 0.530556 0.0611111 0.513889 0.0583333 0.511111
0 0.955556 0 0.955556 0.00555556 0.958333 0.00833333 0.958333 0.0194444 0.961111 0.0222222 0.961111 0.025 0.980556 0.0444444 0.980556 0.0472222 0.997222 0.0472222 0.997222 0
0 0.275 0.172222 0.272222 0.175 0.266667 0.175 0.263889 0.177778 0.261111 0.177778 0.258333 0.180556 0.258333 0.183333 0.25 0.191667 0.25 0.222222 0.252778 0.225 0.252778 0.230556 0.255556 0.233333 0.255556 0.236111 0.258333 0.238889 0.258333 0.241667 0.261111 0.244444 0.261111 0.247222 0.266667 0.252778 0.266667 0.255556 0.272222 0.261111 0.275 0.261111 0.283333 0.269444 0.286111 0.269444 0.291667 0.275 0.294444 0.275 0.297222 0.277778 0.302778 0.277778 0.308333 0.283333 0.311111 0.283333 0.313889 0.286111 0.316667 0.286111 0.319444 0.288889 0.325 0.288889 0.327778 0.291667 0.333333 0.291667 0.336111 0.294444 0.338889 0.294444 0.341667 0.297222 0.347222 0.297222 0.35 0.3 0.405556 0.3 0.408333 0.297222 0.411111 0.297222 0.416667 0.291667 0.422222 0.291667 0.430556 0.283333 0.430556 0.277778 0.433333 0.275 0.433333 0.272222 0.436111 0.269444 0.436111 0.252778 0.433333 0.25 0.433333 0.241667 0.430556 0.241667 0.413889 0.225 0.411111 0.225 0.405556 0.219444 0.402778 0.219444 0.397222 0.213889 0.394444 0.213889 0.388889 0.208333 0.386111 0.208333 0.380556 0.202778 0.377778 0.202778 0.375 0.2 0.369444 0.2 0.363889 0.194444 0.361111 0.194444 0.358333 0.191667 0.352778 0.191667 0.35 0.188889 0.347222 0.188889 0.344444 0.186111 0.341667 0.186111 0.338889 0.183333 0.336111 0.183333 0.333333 0.180556 0.327778 0.180556 0.325 0.177778 0.316667 0.177778 0.313889 0.175 0.311111 0.175 0.308333 0.172222
0 0.397222 0.291667 0.4 0.288889 0.402778 0.291667 0.4 0.294444
0 0.227778 0.555556 0.225 0.558333 0.205556 0.558333 0.202778 0.561111 0.2 0.561111 0.197222 0.563889 0.194444 0.563889 0.188889 0.569444 0.186111 0.569444 0.180556 0.575 0.180556 0.583333 0.177778 0.586111 0.177778 0.588889 0.180556 0.591667 0.180556 0.605556 0.183333 0.608333 0.183333 0.611111 0.186111 0.613889 0.186111 0.619444 0.191667 0.625 0.191667 0.630556 0.194444 0.633333 0.194444 0.636111 0.197222 0.638889 0.197222 0.641667 0.2 0.644444 0.2 0.647222 0.205556 0.652778 0.205556 0.655556 0.216667 0.666667 0.219444 0.666667 0.222222 0.669444 0.222222 0.675 0.225 0.677778 0.225 0.680556 0.227778 0.683333 0.227778 0.686111 0.233333 0.691667 0.233333 0.694444 0.236111 0.697222 0.236111 0.7 0.238889 0.7 0.252778 0.713889 0.258333 0.713889 0.261111 0.716667 0.269444 0.716667 0.275 0.722222 0.277778 0.722222 0.280556 0.719444 0.288889 0.719444 0.291667 0.716667 0.3 0.716667 0.302778 0.713889 0.305556 0.713889 0.308333 0.711111 0.313889 0.711111 0.325 0.7 0.325 0.697222 0.330556 0.691667 0.330556 0.686111 0.333333 0.683333 0.333333 0.655556 0.330556 0.652778 0.330556 0.647222 0.325 0.641667 0.325 0.636111 0.316667 0.627778 0.316667 0.625 0.308333 0.616667 0.308333 0.613889 0.305556 0.613889 0.302778 0.611111 0.302778 0.608333 0.294444 0.6 0.294444 0.597222 0.275 0.577778 0.272222 0.577778 0.263889 0.569444 0.258333 0.569444 0.252778 0.563889 0.25 0.563889 0.247222 0.561111 0.241667 0.561111 0.238889 0.558333 0.233333 0.558333 0.230556 0.555556
0 0.0944444 0.15 0.0861111 0.158333 0.0833333 0.158333 0.0833333 0.161111 0.075 0.169444 0.075 0.197222 0.0777778 0.2 0.0777778 0.208333 0.0833333 0.213889 0.0833333 0.222222 0.0888889 0.227778 0.0888889 0.230556 0.0916667 0.233333 0.0916667 0.236111 0.0944444 0.238889 0.0944444 0.241667 0.130556 0.277778 0.130556 0.280556 0.141667 0.291667 0.141667 0.294444 0.15 0.302778 0.15 0.305556 0.166667 0.322222 0.169444 0.322222 0.172222 0.325 0.175 0.325 0.177778 0.327778 0.177778 0.330556 0.183333 0.330556 0.186111 0.333333 0.202778 0.333333 0.208333 0.327778 0.211111 0.327778 0.222222 0.316667 0.222222 0.311111 0.225 0.308333 0.225 0.283333 0.222222 0.280556 0.222222 0.261111 0.219444 0.258333 0.219444 0.255556 0.216667 0.252778 0.216667 0.25 0.213889 0.247222 0.213889 0.244444 0.205556 0.236111 0.205556 0.233333 0.2 0.227778 0.2 0.225 0.188889 0.213889 0.188889 0.211111 0.183333 0.205556 0.183333 0.2 0.175 0.191667 0.175 0.188889 0.172222 0.186111 0.169444 0.186111 0.163889 0.180556 0.161111 0.180556 0.152778 0.172222 0.15 0.172222 0.138889 0.161111 0.136111 0.161111 0.127778 0.152778 0.119444 0.152778 0.116667 0.15
0 0.827778 0.936111 0.825 0.938889 0.819444 0.938889 0.816667 0.941667 0.811111 0.941667 0.808333 0.944444 0.805556 0.944444 0.805556 0.947222 0.802778 0.95 0.802778 0.975 0.805556 0.977778 0.805556 0.986111 0.808333 0.988889 0.808333 0.994444 0.811111 0.997222 0.933333 0.997222 0.933333 0.988889 0.930556 0.986111 0.927778 0.986111 0.911111 0.969444 0.908333 0.969444 0.902778 0.963889 0.9 0.963889 0.894444 0.958333 0.891667 0.958333 0.888889 0.955556 0.886111 0.955556 0.877778 0.947222 0.872222 0.947222 0.869444 0.944444 0.866667 0.944444 0.863889 0.941667 0.858333 0.941667 0.855556 0.938889 0.847222 0.938889 0.844444 0.936111
0 0.752778 0.113889 0.75 0.116667 0.747222 0.116667 0.744444 0.119444 0.741667 0.119444 0.736111 0.125 0.733333 0.125 0.733333 0.127778 0.730556 0.130556 0.730556 0.133333 0.725 0.138889 0.725 0.147222 0.722222 0.15 0.722222 0.188889 0.725 0.191667 0.725 0.194444 0.722222 0.197222 0.722222 0.208333 0.725 0.211111 0.725 0.213889 0.727778 0.213889 0.730556 0.216667 0.730556 0.219444 0.733333 0.219444 0.736111 0.222222 0.736111 0.227778 0.738889 0.227778 0.744444 0.233333 0.747222 0.233333 0.755556 0.241667 0.761111 0.241667 0.766667 0.247222 0.777778 0.247222 0.780556 0.25 0.783333 0.25 0.786111 0.252778 0.791667 0.252778 0.794444 0.255556 0.827778 0.255556 0.833333 0.25 0.836111 0.25 0.838889 0.247222 0.841667 0.247222 0.844444 0.244444 0.85 0.244444 0.863889 0.230556 0.863889 0.227778 0.866667 0.225 0.866667 0.222222 0.869444 0.219444 0.869444 0.216667 0.872222 0.213889 0.872222 0.205556 0.875 0.202778 0.875 0.2 0.872222 0.197222 0.872222 0.186111 0.869444 0.183333 0.869444 0.177778 0.863889 0.172222 0.863889 0.169444 0.858333 0.163889 0.858333 0.161111 0.855556 0.161111 0.85 0.155556 0.847222 0.155556 0.838889 0.147222 0.833333 0.147222 0.830556 0.144444 0.830556 0.141667 0.816667 0.127778 0.813889 0.127778 0.808333 0.122222 0.805556 0.122222 0.802778 0.119444 0.797222 0.119444 0.794444 0.116667 0.788889 0.116667 0.786111 0.113889
0 0.497222 0.130556 0.497222 0.136111 0.494444 0.138889 0.494444 0.141667 0.491667 0.144444 0.491667 0.147222 0.486111 0.152778 0.486111 0.155556 0.475 0.166667 0.475 0.194444 0.477778 0.197222 0.477778 0.2 0.488889 0.211111 0.494444 0.211111 0.497222 0.213889 0.5 0.213889 0.505556 0.219444 0.508333 0.219444 0.511111 0.222222 0.511111 0.225 0.519444 0.225 0.522222 0.227778 0.527778 0.227778 0.530556 0.230556 0.536111 0.230556 0.538889 0.233333 0.538889 0.236111 0.547222 0.236111 0.55 0.238889 0.566667 0.238889 0.569444 0.241667 0.586111 0.241667 0.588889 0.244444 0.602778 0.244444 0.605556 0.241667 0.611111 0.241667 0.613889 0.238889 0.616667 0.238889 0.619444 0.236111 0.622222 0.236111 0.627778 0.230556 0.630556 0.230556 0.638889 0.222222 0.641667 0.222222 0.647222 0.216667 0.647222 0.186111 0.644444 0.183333 0.644444 0.180556 0.641667 0.177778 0.641667 0.175 0.638889 0.172222 0.636111 0.172222 0.625 0.161111 0.622222 0.161111 0.613889 0.152778 0.605556 0.152778 0.602778 0.155556 0.6 0.155556 0.594444 0.15 0.583333 0.15 0.580556 0.147222 0.572222 0.147222 0.569444 0.144444 0.566667 0.144444 0.563889 0.141667 0.558333 0.141667 0.555556 0.138889 0.541667 0.138889 0.538889 0.136111 0.527778 0.136111 0.525 0.133333 0.519444 0.133333 0.516667 0.130556
0 0.491667 0.2 0.494444 0.197222 0.497222 0.2 0.494444 0.202778
0 0.863889 0.638889 0.861111 0.641667 0.852778 0.641667 0.85 0.644444 0.841667 0.644444 0.838889 0.647222 0.833333 0.647222 0.830556 0.65 0.827778 0.65 0.822222 0.655556 0.819444 0.655556 0.816667 0.658333 0.813889 0.658333 0.811111 0.661111 0.811111 0.663889 0.805556 0.669444 0.805556 0.672222 0.8 0.677778 0.8 0.683333 0.797222 0.686111 0.797222 0.688889 0.794444 0.691667 0.794444 0.697222 0.791667 0.7 0.791667 0.705556 0.788889 0.708333 0.788889 0.716667 0.786111 0.719444 0.786111 0.730556 0.783333 0.733333 0.783333 0.741667 0.780556 0.744444 0.780556 0.772222 0.783333 0.775 0.783333 0.780556 0.786111 0.783333 0.786111 0.786111 0.788889 0.783333 0.791667 0.786111 0.791667 0.791667 0.794444 0.794444 0.8 0.794444 0.802778 0.797222 0.819444 0.797222 0.822222 0.794444 0.825 0.794444 0.836111 0.783333 0.838889 0.783333 0.838889 0.780556 0.844444 0.775 0.847222 0.775 0.847222 0.772222 0.855556 0.763889 0.855556 0.761111 0.861111 0.755556 0.861111 0.752778 0.872222 0.741667 0.872222 0.738889 0.877778 0.733333 0.877778 0.730556 0.886111 0.722222 0.886111 0.719444 0.891667 0.713889 0.891667 0.708333 0.897222 0.702778 0.897222 0.7 0.9 0.697222 0.9 0.691667 0.902778 0.688889 0.902778 0.680556 0.905556 0.677778 0.905556 0.672222 0.902778 0.669444 0.905556 0.666667 0.902778 0.663889 0.902778 0.661111 0.9 0.658333 0.9 0.655556 0.897222 0.652778 0.897222 0.65 0.894444 0.65 0.886111 0.641667 0.880556 0.641667 0.877778 0.638889
0 0.652778 0 0.647222 0.00555556 0.647222 0.0416667 0.65 0.0444444 0.65 0.05 0.652778 0.0527778 0.652778 0.0555556 0.655556 0.0555556 0.658333 0.0583333 0.658333 0.0611111 0.663889 0.0611111 0.666667 0.0638889 0.672222 0.0638889 0.675 0.0666667 0.677778 0.0666667 0.680556 0.0694444 0.683333 0.0694444 0.686111 0.0722222 0.686111 0.075 0.691667 0.075 0.694444 0.0777778 0.697222 0.0777778 0.7 0.0805556 0.7 0.0833333 0.713889 0.0833333 0.716667 0.0805556 0.730556 0.0805556 0.733333 0.0777778 0.736111 0.0777778 0.736111 0.075 0.744444 0.0666667 0.747222 0.0666667 0.747222 0.0611111 0.75 0.0583333 0.752778 0.0583333 0.752778 0.0555556 0.755556 0.0527778 0.755556 0.0472222 0.758333 0.0444444 0.758333 0.0361111 0.761111 0.0333333 0.761111 0.0194444 0.763889 0.0166667 0.763889 0.00277778 0.766667 0
0 0.363889 0.305556 0.361111 0.308333 0.347222 0.308333 0.344444 0.311111 0.338889 0.311111 0.336111 0.313889 0.333333 0.313889 0.327778 0.319444 0.325 0.319444 0.316667 0.327778 0.316667 0.330556 0.311111 0.336111 0.311111 0.344444 0.308333 0.347222 0.308333 0.369444 0.311111 0.372222 0.311111 0.377778 0.316667 0.383333 0.316667 0.386111 0.319444 0.388889 0.322222 0.388889 0.330556 0.397222 0.330556 0.4 0.333333 0.402778 0.336111 0.402778 0.344444 0.411111 0.347222 0.411111 0.352778 0.416667 0.355556 0.416667 0.358333 0.419444 0.361111 0.419444 0.369444 0.427778 0.372222 0.427778 0.377778 0.433333 0.380556 0.433333 0.383333 0.436111 0.386111 0.436111 0.388889 0.438889 0.391667 0.438889 0.394444 0.441667 0.4 0.441667 0.402778 0.444444 0.408333 0.444444 0.411111 0.447222 0.438889 0.447222 0.441667 0.444444 0.45 0.444444 0.452778 0.441667 0.463889 0.441667 0.466667 0.438889 0.472222 0.438889 0.475 0.436111 0.477778 0.436111 0.480556 0.433333 0.483333 0.433333 0.494444 0.422222 0.494444 0.419444 0.497222 0.416667 0.497222 0.394444 0.494444 0.391667 0.494444 0.380556 0.491667 0.377778 0.491667 0.375 0.488889 0.372222 0.488889 0.369444 0.483333 0.363889 0.483333 0.361111 0.475 0.352778 0.475 0.35 0.472222 0.347222 0.469444 0.347222 0.463889 0.341667 0.461111 0.341667 0.455556 0.336111 0.452778 0.336111 0.447222 0.330556 0.444444 0.330556 0.438889 0.325 0.436111 0.325 0.433333 0.322222 0.430556 0.322222 0.427778 0.319444 0.425 0.319444 0.419444 0.313889 0.416667 0.313889 0.413889 0.311111 0.4 0.311111 0.397222 0.308333 0.386111 0.308333 0.383333 0.305556
0 0.163889 0.552778 0.163889 0.566667 0.166667 0.569444 0.166667 0.575 0.172222 0.575 0.172222 0.555556 0.169444 0.552778
0 0.675 0.294444 0.672222 0.297222 0.669444 0.297222 0.666667 0.3 0.65 0.3 0.647222 0.302778 0.641667 0.302778 0.638889 0.305556 0.636111 0.305556 0.630556 0.311111 0.630556 0.313889 0.627778 0.316667 0.625 0.316667 0.625 0.319444 0.622222 0.322222 0.622222 0.327778 0.619444 0.330556 0.622222 0.333333 0.616667 0.338889 0.619444 0.341667 0.619444 0.35 0.625 0.355556 0.625 0.358333 0.627778 0.358333 0.633333 0.363889 0.633333 0.366667 0.636111 0.369444 0.638889 0.369444 0.652778 0.383333 0.655556 0.383333 0.661111 0.388889 0.669444 0.388889 0.672222 0.391667 0.675 0.391667 0.680556 0.397222 0.683333 0.397222 0.686111 0.4 0.691667 0.4 0.694444 0.402778 0.697222 0.402778 0.702778 0.408333 0.708333 0.408333 0.711111 0.411111 0.727778 0.411111 0.730556 0.413889 0.744444 0.413889 0.747222 0.411111 0.75 0.413889 0.758333 0.413889 0.761111 0.411111 0.775 0.411111 0.777778 0.408333 0.780556 0.408333 0.783333 0.405556 0.788889 0.405556 0.791667 0.402778 0.794444 0.402778 0.797222 0.4 0.8 0.4 0.8 0.397222 0.805556 0.391667 0.805556 0.388889 0.808333 0.386111 0.808333 0.375 0.811111 0.372222 0.811111 0.366667 0.808333 0.363889 0.808333 0.358333 0.805556 0.355556 0.805556 0.352778 0.8 0.347222 0.8 0.344444 0.791667 0.336111 0.788889 0.336111 0.783333 0.330556 0.777778 0.330556 0.772222 0.325 0.766667 0.325 0.763889 0.322222 0.758333 0.322222 0.752778 0.316667 0.75 0.316667 0.747222 0.313889 0.744444 0.313889 0.741667 0.311111 0.736111 0.311111 0.730556 0.305556 0.722222 0.305556 0.719444 0.302778 0.716667 0.302778 0.713889 0.3 0.708333 0.3 0.705556 0.297222 0.697222 0.297222 0.694444 0.294444 0.680556 0.294444 0.677778 0.297222
0 0.0361111 0 0.0361111 0.00277778 0.0583333 0.025 0.0611111 0.025 0.0638889 0.0277778 0.0666667 0.0277778 0.0694444 0.0305556 0.0722222 0.0305556 0.075 0.0333333 0.0805556 0.0333333 0.0833333 0.0361111 0.0888889 0.0361111 0.0916667 0.0333333 0.0944444 0.0333333 0.0972222 0.0361111 0.127778 0.0361111 0.130556 0.0333333 0.133333 0.0333333 0.136111 0.0305556 0.138889 0.0305556 0.141667 0.0277778 0.144444 0.0277778 0.155556 0.0166667 0.158333 0.0166667 0.163889 0.0111111 0.166667 0.0111111 0.177778 0
0 0.105556 0.0277778 0.108333 0.025 0.111111 0.0277778 0.108333 0.0305556
0 0.561111 0.772222 0.558333 0.775 0.555556 0.775 0.544444 0.786111 0.544444 0.788889 0.538889 0.794444 0.538889 0.797222 0.536111 0.8 0.536111 0.808333 0.533333 0.811111 0.533333 0.825 0.530556 0.827778 0.533333 0.830556 0.530556 0.833333 0.533333 0.836111 0.530556 0.838889 0.533333 0.841667 0.533333 0.847222 0.536111 0.85 0.536111 0.855556 0.538889 0.858333 0.538889 0.863889 0.541667 0.866667 0.541667 0.877778 0.544444 0.877778 0.547222 0.880556 0.547222 0.886111 0.55 0.888889 0.55 0.891667 0.552778 0.894444 0.552778 0.902778 0.555556 0.905556 0.555556 0.911111 0.558333 0.913889 0.558333 0.916667 0.561111 0.919444 0.561111 0.925 0.563889 0.927778 0.563889 0.933333 0.569444 0.938889 0.569444 0.941667 0.577778 0.95 0.577778 0.952778 0.580556 0.952778 0.583333 0.955556 0.586111 0.955556 0.588889 0.958333 0.591667 0.958333 0.594444 0.961111 0.597222 0.958333 0.6 0.961111 0.6 0.966667 0.602778 0.963889 0.608333 0.963889 0.611111 0.966667 0.611111 0.955556 0.613889 0.952778 0.630556 0.952778 0.641667 0.941667 0.641667 0.938889 0.644444 0.936111 0.644444 0.930556 0.647222 0.927778 0.647222 0.905556 0.644444 0.902778 0.647222 0.9 0.647222 0.897222 0.644444 0.894444 0.644444 0.888889 0.641667 0.886111 0.641667 0.880556 0.638889 0.877778 0.638889 0.875 0.636111 0.872222 0.636111 0.866667 0.633333 0.863889 0.633333 0.861111 0.630556 0.858333 0.630556 0.855556 0.627778 0.852778 0.627778 0.85 0.625 0.847222 0.625 0.841667 0.622222 0.838889 0.622222 0.833333 0.616667 0.827778 0.616667 0.819444 0.613889 0.816667 0.613889 0.813889 0.611111 0.811111 0.611111 0.805556 0.605556 0.8 0.605556 0.797222 0.602778 0.794444 0.602778 0.791667 0.591667 0.780556 0.588889 0.780556 0.586111 0.777778 0.586111 0.775 0.580556 0.775 0.577778 0.772222 0.575 0.775 0.572222 0.772222 0.569444 0.772222 0.566667 0.775 0.563889 0.772222
0 0.975 0.913889 0.963889 0.925 0.963889 0.927778 0.961111 0.930556 0.961111 0.961111 0.963889 0.963889 0.963889 0.969444 0.966667 0.972222 0.966667 0.975 0.969444 0.977778 0.969444 0.980556 0.975 0.986111 0.975 0.988889 0.977778 0.991667 0.980556 0.991667 0.983333 0.994444 0.986111 0.994444 0.988889 0.997222 0.994444 0.997222 0.997222 0.994444 0.997222 0.913889
0 0.227778 0.827778 0.225 0.830556 0.213889 0.830556 0.211111 0.833333 0.208333 0.833333 0.205556 0.836111 0.202778 0.836111 0.2 0.838889 0.2 0.841667 0.188889 0.852778 0.188889 0.863889 0.186111 0.866667 0.186111 0.872222 0.188889 0.875 0.186111 0.877778 0.188889 0.880556 0.188889 0.888889 0.191667 0.891667 0.191667 0.894444 0.197222 0.9 0.197222 0.902778 0.205556 0.911111 0.205556 0.913889 0.208333 0.916667 0.208333 0.919444 0.225 0.936111 0.227778 0.936111 0.233333 0.941667 0.236111 0.941667 0.238889 0.944444 0.244444 0.944444 0.247222 0.947222 0.252778 0.947222 0.255556 0.95 0.266667 0.95 0.269444 0.952778 0.275 0.952778 0.277778 0.955556 0.288889 0.955556 0.291667 0.958333 0.294444 0.958333 0.297222 0.961111 0.302778 0.961111 0.305556 0.963889 0.333333 0.963889 0.336111 0.961111 0.338889 0.961111 0.341667 0.958333 0.344444 0.958333 0.358333 0.944444 0.358333 0.941667 0.361111 0.938889 0.361111 0.936111 0.363889 0.933333 0.363889 0.908333 0.361111 0.905556 0.361111 0.9 0.358333 0.897222 0.358333 0.894444 0.344444 0.880556 0.341667 0.880556 0.338889 0.877778 0.333333 0.877778 0.330556 0.875 0.325 0.875 0.322222 0.872222 0.313889 0.872222 0.311111 0.869444 0.308333 0.872222 0.305556 0.872222 0.302778 0.869444 0.302778 0.858333 0.3 0.858333 0.294444 0.852778 0.294444 0.85 0.291667 0.85 0.288889 0.847222 0.286111 0.847222 0.283333 0.844444 0.280556 0.844444 0.277778 0.841667 0.272222 0.841667 0.266667 0.836111 0.263889 0.836111 0.258333 0.830556 0.252778 0.830556 0.25 0.827778
0 0.122222 0.916667 0.119444 0.919444 0.113889 0.919444 0.111111 0.922222 0.108333 0.922222 0.105556 0.925 0.102778 0.925 0.0944444 0.933333 0.0944444 0.936111 0.0916667 0.938889 0.0916667 0.941667 0.0861111 0.947222 0.0861111 0.958333 0.0833333 0.961111 0.0833333 0.994444 0.0861111 0.997222 0.194444 0.997222 0.191667 0.994444 0.191667 0.988889 0.2 0.980556 0.2 0.977778 0.202778 0.975 0.202778 0.966667 0.205556 0.963889 0.202778 0.961111 0.202778 0.952778 0.2 0.95 0.2 0.947222 0.197222 0.944444 0.197222 0.941667 0.194444 0.938889 0.194444 0.936111 0.183333 0.925 0.180556 0.925 0.172222 0.916667
