0 0.98125 0.546875 0.971875 0.558594 0.971875 0.5625 0.9625 0.574219 0.9625 0.578125 0.959375 0.582031 0.959375 0.601562 0.9625 0.605469 0.9625 0.609375 0.96875 0.617188 0.971875 0.617188 0.975 0.621094 0.978125 0.621094 0.984375 0.628906 0.984375 0.632812 0.9875 0.636719 0.990625 0.636719 0.99375 0.640625 0.996875 0.640625 0.996875 0.546875
0 0.340625 0.746094 0.33125 0.757812 0.33125 0.789062 0.334375 0.792969 0.334375 0.816406 0.3375 0.820312 0.3375 0.824219 0.36875 0.863281 0.465625 0.863281 0.46875 0.859375 0.478125 0.859375 0.48125 0.855469 0.4875 0.855469 0.490625 0.851562 0.49375 0.851562 0.503125 0.839844 0.503125 0.820312 0.496875 0.8125 0.49375 0.8125 0.4875 0.804688 0.48125 0.804688 0.478125 0.800781 0.471875 0.800781 0.46875 0.796875 0.459375 0.796875 0.45625 0.792969 0.440625 0.792969 0.4375 0.789062 0.43125 0.789062 0.428125 0.785156 0.421875 0.785156 0.41875 0.78125 0.40625 0.78125 0.403125 0.777344 0.4 0.777344 0.396875 0.773438 0.39375 0.773438 0.384375 0.761719 0.38125 0.761719 0.371875 0.75 0.36875 0.75 0.365625 0.746094
0 0.115625 0.542969 0.09375 0.570312 0.09375 0.589844 0.096875 0.59375 0.096875 0.601562 0.1 0.605469 0.1 0.609375 0.103125 0.613281 0.103125 0.617188 0.10625 0.621094 0.115625 0.621094 0.11875 0.625 0.121875 0.625 0.125 0.628906 0.134375 0.628906 0.146875 0.613281 0.16875 0.613281 0.171875 0.609375 0.175 0.609375 0.1875 0.59375 0.190625 0.59375 0.19375 0.597656 0.203125 0.597656 0.209375 0.589844 0.209375 0.574219 0.20625 0.570312 0.19375 0.570312 0.1875 0.578125 0.184375 0.578125 0.175 0.566406 0.175 0.5625 0.171875 0.558594 0.16875 0.558594 0.159375 0.546875 0.128125 0.546875 0.125 0.542969
0 0.04375 0.695312 0.034375 0.707031 0.034375 0.710938 0.03125 0.714844 0.03125 0.71875 0.028125 0.722656 0.028125 0.734375 0.025 0.738281 0.025 0.742188 0.021875 0.746094 0.021875 0.75 0.01875 0.753906 0.01875 0.792969 0.03125 0.808594 0.0375 0.808594 0.040625 0.8125 0.053125 0.8125 0.05625 0.808594 0.059375 0.808594 0.0625 0.804688 0.065625 0.804688 0.06875 0.800781 0.071875 0.800781 0.078125 0.792969 0.08125 0.792969 0.084375 0.789062 0.090625 0.789062 0.09375 0.785156 0.096875 0.785156 0.1 0.78125 0.103125 0.78125 0.1125 0.769531 0.1125 0.75 0.109375 0.746094 0.109375 0.730469 0.10625 0.726562 0.10625 0.722656 0.103125 0.71875 0.103125 0.714844 0.1 0.710938 0.096875 0.710938 0.090625 0.703125 0.0875 0.703125 0.084375 0.699219 0.08125 0.699219 0.078125 0.695312
0 0.85 0.226562 0.84375 0.234375 0.84375 0.285156 0.834375 0.296875 0.834375 0.300781 0.83125 0.304688 0.83125 0.316406 0.834375 0.320312 0.834375 0.324219 0.84375 0.335938 0.85 0.335938 0.859375 0.347656 0.875 0.347656 0.878125 0.34375 0.878125 0.339844 0.884375 0.332031 0.884375 0.328125 0.8875 0.324219 0.8875 0.320312 0.890625 0.316406 0.890625 0.304688 0.89375 0.300781 0.89375 0.269531 0.890625 0.265625 0.890625 0.261719 0.8875 0.257812 0.8875 0.25 0.878125 0.238281 0.878125 0.234375 0.875 0.230469 0.871875 0.230469 0.86875 0.226562
0 0.7125 0.707031 0.703125 0.71875 0.703125 0.722656 0.7 0.726562 0.7 0.734375 0.696875 0.738281 0.696875 0.761719 0.7 0.765625 0.71875 0.765625 0.71875 0.761719 0.740625 0.734375 0.740625 0.722656 0.73125 0.710938 0.728125 0.710938 0.725 0.707031
0 0.71875 0.804688 0.715625 0.808594 0.7125 0.808594 0.709375 0.8125 0.70625 0.8125 0.703125 0.816406 0.7 0.816406 0.696875 0.820312 0.696875 0.828125 0.69375 0.832031 0.69375 0.859375 0.696875 0.863281 0.696875 0.871094 0.7 0.875 0.7 0.878906 0.703125 0.882812 0.70625 0.882812 0.709375 0.886719 0.715625 0.886719 0.73125 0.867188 0.734375 0.867188 0.753125 0.84375 0.753125 0.832031 0.746875 0.824219 0.74375 0.824219 0.7375 0.816406 0.734375 0.816406 0.725 0.804688
0 0.371875 0.96875 0.36875 0.972656 0.3625 0.972656 0.34375 0.996094 0.409375 0.996094 0.409375 0.992188 0.40625 0.988281 0.40625 0.984375 0.396875 0.972656 0.39375 0.972656 0.390625 0.96875
0 0.56875 0.78125 0.565625 0.785156 0.5625 0.785156 0.559375 0.789062 0.55625 0.789062 0.546875 0.800781 0.546875 0.804688 0.540625 0.8125 0.540625 0.816406 0.5375 0.820312 0.5375 0.839844 0.54375 0.847656 0.54375 0.851562 0.540625 0.855469 0.540625 0.875 0.54375 0.878906 0.571875 0.878906 0.58125 0.867188 0.596875 0.867188 0.6 0.863281 0.609375 0.863281 0.615625 0.855469 0.615625 0.847656 0.628125 0.832031 0.628125 0.828125 0.63125 0.824219 0.63125 0.8125 0.615625 0.792969 0.6125 0.792969 0.609375 0.789062 0.60625 0.789062 0.603125 0.785156 0.6 0.785156 0.596875 0.78125
0 0.24375 0.351562 0.240625 0.355469 0.228125 0.355469 0.225 0.359375 0.221875 0.359375 0.209375 0.375 0.209375 0.378906 0.20625 0.382812 0.20625 0.386719 0.2 0.394531 0.2 0.398438 0.19375 0.40625 0.19375 0.410156 0.184375 0.421875 0.184375 0.429688 0.18125 0.433594 0.18125 0.460938 0.184375 0.464844 0.184375 0.46875 0.203125 0.492188 0.203125 0.507812 0.20625 0.511719 0.2125 0.511719 0.215625 0.507812 0.234375 0.507812 0.240625 0.5 0.240625 0.496094 0.246875 0.488281 0.246875 0.472656 0.25 0.46875 0.25 0.464844 0.253125 0.460938 0.253125 0.457031 0.2625 0.445312 0.2625 0.4375 0.265625 0.433594 0.265625 0.414062 0.26875 0.410156 0.26875 0.390625 0.265625 0.386719 0.265625 0.371094 0.2625 0.367188 0.2625 0.363281 0.25625 0.355469 0.253125 0.355469 0.25 0.351562
0 0.921875 0.65625 0.91875 0.660156 0.915625 0.660156 0.9125 0.664062 0.90625 0.664062 0.884375 0.691406 0.884375 0.695312 0.88125 0.699219 0.88125 0.710938 0.89375 0.726562 0.896875 0.726562 0.909375 0.742188 0.9125 0.742188 0.915625 0.746094 0.925 0.746094 0.928125 0.742188 0.93125 0.742188 0.934375 0.738281 0.9375 0.738281 0.94375 0.730469 0.946875 0.730469 0.95 0.726562 0.953125 0.726562 0.95625 0.722656 0.95625 0.71875 0.959375 0.714844 0.959375 0.707031 0.95625 0.703125 0.95625 0.691406 0.953125 0.6875 0.953125 0.675781 0.95 0.671875 0.95 0.667969 0.946875 0.664062 0.94375 0.664062 0.940625 0.660156 0.9375 0.660156 0.934375 0.65625
0 0.628125 0.0429688 0.625 0.046875 0.621875 0.046875 0.60625 0.0664062 0.60625 0.0703125 0.603125 0.0742188 0.603125 0.109375 0.60625 0.113281 0.615625 0.113281 0.621875 0.105469 0.621875 0.101562 0.634375 0.0859375 0.65 0.0859375 0.653125 0.0820312 0.653125 0.0585938 0.64375 0.046875 0.63125 0.046875
0 0.896875 0.0820312 0.89375 0.0859375 0.890625 0.0859375 0.88125 0.0976562 0.88125 0.101562 0.875 0.109375 0.875 0.121094 0.86875 0.128906 0.86875 0.132812 0.865625 0.136719 0.865625 0.140625 0.8625 0.144531 0.8625 0.164062 0.865625 0.167969 0.865625 0.171875 0.875 0.183594 0.8875 0.183594 0.890625 0.179688 0.896875 0.179688 0.9125 0.160156 0.9125 0.136719 0.915625 0.132812 0.915625 0.128906 0.91875 0.125 0.91875 0.0898438 0.9125 0.0820312
0 0.74375 0.734375 0.721875 0.761719 0.721875 0.765625 0.71875 0.769531 0.71875 0.78125 0.725 0.789062 0.728125 0.785156 0.746875 0.785156 0.75 0.78125 0.7625 0.78125 0.765625 0.777344 0.784375 0.777344 0.7875 0.773438 0.7875 0.769531 0.790625 0.765625 0.790625 0.753906 0.7875 0.75 0.784375 0.75 0.78125 0.746094 0.771875 0.746094 0.76875 0.742188 0.765625 0.742188 0.759375 0.734375
0 0.009375 0 0.003125 0.0078125 0.003125 0.0117188 0 0.015625 0 0.191406 0.003125 0.191406 0.00625 0.195312 0.0125 0.195312 0.021875 0.207031 0.021875 0.210938 0.025 0.214844 0.025 0.21875 0.028125 0.222656 0.028125 0.226562 0.040625 0.242188 0.04375 0.242188 0.05 0.25 0.053125 0.25 0.05625 0.253906 0.065625 0.253906 0.06875 0.257812 0.071875 0.257812 0.075 0.253906 0.078125 0.253906 0.08125 0.25 0.084375 0.25 0.090625 0.242188 0.09375 0.242188 0.1 0.234375 0.103125 0.234375 0.146875 0.179688 0.15 0.179688 0.1625 0.164062 0.1625 0.160156 0.16875 0.152344 0.16875 0.148438 0.171875 0.144531 0.171875 0.140625 0.178125 0.132812 0.178125 0.125 0.18125 0.121094 0.18125 0.113281 0.184375 0.109375 0.184375 0.078125 0.18125 0.0742188 0.18125 0.0625 0.178125 0.0585938 0.178125 0.046875 0.175 0.0429688 0.175 0.0351562 0.171875 0.03125 0.171875 0.0234375 0.16875 0.0195312 0.16875 0.015625 0.1625 0.0078125 0.1625 0.00390625 0.159375 0
0 0.98125 0.375 0.978125 0.378906 0.975 0.378906 0.9625 0.394531 0.9625 0.417969 0.971875 0.429688 0.975 0.429688 0.98125 0.4375 0.984375 0.4375 0.990625 0.445312 0.996875 0.445312 0.996875 0.378906 0.990625 0.378906 0.9875 0.375
0 0.053125 0.894531 0.0375 0.914062 0.0375 0.917969 0.034375 0.921875 0.034375 0.925781 0.03125 0.929688 0.03125 0.9375 0.034375 0.941406 0.034375 0.945312 0.0375 0.949219 0.0375 0.953125 0.034375 0.957031 0.034375 0.988281 0.0375 0.992188 0.0375 0.996094 0.1125 0.996094 0.115625 0.992188 0.115625 0.984375 0.1125 0.980469 0.1125 0.96875 0.109375 0.964844 0.109375 0.960938 0.10625 0.957031 0.10625 0.949219 0.103125 0.945312 0.103125 0.941406 0.096875 0.933594 0.096875 0.929688 0.078125 0.90625 0.078125 0.902344 0.075 0.898438 0.071875 0.898438 0.06875 0.894531
0 0.978125 0.300781 0.975 0.304688 0.96875 0.304688 0.965625 0.308594 0.965625 0.378906 0.96875 0.382812 0.975 0.375 0.978125 0.375 0.98125 0.371094 0.9875 0.371094 0.990625 0.375 0.996875 0.375 0.996875 0.304688 0.990625 0.304688 0.9875 0.300781
0 0.9875 0.160156 0.978125 0.171875 0.978125 0.183594 0.975 0.1875 0.975 0.203125 0.978125 0.207031 0.978125 0.210938 0.98125 0.214844 0.984375 0.214844 0.990625 0.222656 0.996875 0.222656 0.996875 0.160156
0 0.5375 0 0.528125 0.0117188 0.525 0.0117188 0.521875 0.015625 0.515625 0.015625 0.5125 0.0195312 0.50625 0.0195312 0.49375 0.0351562 0.49375 0.0546875 0.496875 0.0585938 0.496875 0.0664062 0.5 0.0703125 0.5 0.0742188 0.509375 0.0859375 0.53125 0.0859375 0.534375 0.0820312 0.54375 0.0820312 0.546875 0.078125 0.55625 0.078125 0.559375 0.0742188 0.5625 0.0742188 0.575 0.0585938 0.575 0.0546875 0.578125 0.0507812 0.578125 0.03125 0.584375 0.0234375 0.590625 0.0234375 0.6125 0.0507812 0.615625 0.0507812 0.621875 0.0429688 0.625 0.0429688 0.625 0.03125 0.63125 0.0234375 0.634375 0.0234375 0.64375 0.0117188 0.64375 0.0078125 0.646875 0.00390625 0.646875 0
0 0.990625 0.226562 0.9875 0.230469 0.9875 0.234375 0.984375 0.238281 0.984375 0.25 0.9875 0.253906 0.99375 0.253906 0.996875 0.25 0.996875 0.226562
0 0.765625 0.578125 0.7625 0.582031 0.7625 0.59375 0.76875 0.601562 0.771875 0.601562 0.775 0.605469 0.778125 0.605469 0.78125 0.609375 0.796875 0.609375 0.8 0.605469 0.8 0.597656 0.790625 0.585938 0.7875 0.585938 0.784375 0.582031 0.778125 0.582031 0.775 0.578125
0 0.984375 0.863281 0.965625 0.886719 0.965625 0.890625 0.953125 0.90625 0.953125 0.925781 0.95625 0.929688 0.95625 0.933594 0.959375 0.9375 0.9625 0.9375 0.965625 0.941406 0.996875 0.941406 0.996875 0.863281
0 0 0.472656 0 0.558594 0.003125 0.558594 0.00625 0.554688 0.00625 0.546875 0.01875 0.53125 0.021875 0.53125 0.028125 0.523438 0.028125 0.5 0.015625 0.484375 0.009375 0.484375
0 0.79375 0.203125 0.778125 0.222656 0.778125 0.230469 0.765625 0.246094 0.765625 0.25 0.7625 0.253906 0.7625 0.269531 0.765625 0.273438 0.765625 0.277344 0.771875 0.285156 0.778125 0.285156 0.784375 0.277344 0.784375 0.273438 0.790625 0.265625 0.796875 0.265625 0.8 0.269531 0.803125 0.269531 0.809375 0.277344 0.8125 0.277344 0.815625 0.28125 0.834375 0.28125 0.840625 0.273438 0.840625 0.230469 0.834375 0.222656 0.834375 0.21875 0.83125 0.214844 0.825 0.214844 0.821875 0.210938 0.81875 0.210938 0.815625 0.207031 0.8125 0.207031 0.809375 0.203125
0 0.98125 0.757812 0.978125 0.761719 0.975 0.761719 0.965625 0.773438 0.965625 0.777344 0.9625 0.78125 0.9625 0.785156 0.959375 0.789062 0.959375 0.808594 0.9625 0.8125 0.9625 0.816406 0.965625 0.820312 0.96875 0.820312 0.971875 0.824219 0.975 0.824219 0.984375 0.835938 0.984375 0.839844 0.990625 0.847656 0.990625 0.851562 0.99375 0.855469 0.996875 0.855469 0.996875 0.757812
0 0.675 0.246094 0.671875 0.25 0.6625 0.25 0.659375 0.253906 0.65625 0.253906 0.653125 0.257812 0.653125 0.261719 0.65 0.265625 0.65 0.269531 0.646875 0.273438 0.646875 0.300781 0.65 0.304688 0.65 0.308594 0.66875 0.332031 0.675 0.332031 0.678125 0.335938 0.6875 0.335938 0.690625 0.332031 0.69375 0.332031 0.696875 0.328125 0.7 0.328125 0.703125 0.324219 0.703125 0.320312 0.70625 0.316406 0.70625 0.3125 0.709375 0.308594 0.709375 0.292969 0.70625 0.289062 0.70625 0.28125 0.709375 0.277344 0.709375 0.261719 0.703125 0.253906 0.7 0.253906 0.696875 0.25 0.69375 0.25 0.690625 0.246094
0 0.265625 0.554688 0.2625 0.558594 0.2625 0.5625 0.259375 0.566406 0.259375 0.574219 0.25625 0.578125 0.25625 0.597656 0.240625 0.617188 0.240625 0.621094 0.23125 0.632812 0.23125 0.636719 0.228125 0.640625 0.228125 0.644531 0.225 0.648438 0.225 0.691406 0.23125 0.699219 0.24375 0.699219 0.246875 0.703125 0.284375 0.703125 0.290625 0.695312 0.290625 0.675781 0.29375 0.671875 0.29375 0.640625 0.290625 0.636719 0.290625 0.632812 0.2875 0.628906 0.2875 0.597656 0.290625 0.59375 0.290625 0.574219 0.284375 0.566406 0.284375 0.5625 0.278125 0.554688
0 0.278125 0 0.278125 0.00390625 0.275 0.0078125 0.275 0.0195312 0.278125 0.0234375 0.2875 0.0234375 0.290625 0.0195312 0.296875 0.0195312 0.30625 0.03125 0.3125 0.03125 0.315625 0.0273438 0.315625 0.0234375 0.31875 0.0195312 0.31875 0
0 0.759375 0.570312 0.75625 0.574219 0.75 0.574219 0.740625 0.585938 0.734375 0.585938 0.728125 0.59375 0.728125 0.613281 0.725 0.617188 0.725 0.636719 0.734375 0.648438 0.734375 0.652344 0.740625 0.660156 0.74375 0.660156 0.753125 0.648438 0.75625 0.648438 0.76875 0.632812 0.76875 0.625 0.778125 0.613281 0.778125 0.609375 0.775 0.609375 0.771875 0.605469 0.76875 0.605469 0.759375 0.59375 0.759375 0.582031 0.765625 0.574219 0.775 0.574219 0.778125 0.578125 0.784375 0.578125 0.7875 0.582031 0.790625 0.582031 0.790625 0.578125 0.7875 0.574219 0.775 0.574219 0.771875 0.570312
0 0.9 0.839844 0.896875 0.84375 0.884375 0.84375 0.88125 0.847656 0.875 0.847656 0.865625 0.859375 0.865625 0.875 0.86875 0.878906 0.890625 0.878906 0.89375 0.882812 0.921875 0.882812 0.93125 0.871094 0.93125 0.855469 0.91875 0.839844
0 0.765625 0.78125 0.7625 0.785156 0.75 0.785156 0.746875 0.789062 0.728125 0.789062 0.725 0.792969 0.725 0.800781 0.734375 0.8125 0.7375 0.8125 0.74375 0.820312 0.746875 0.820312 0.75625 0.832031 0.75625 0.835938 0.759375 0.839844 0.7625 0.839844 0.765625 0.84375 0.771875 0.84375 0.775 0.839844 0.784375 0.839844 0.7875 0.835938 0.7875 0.832031 0.790625 0.828125 0.790625 0.824219 0.79375 0.820312 0.79375 0.816406 0.796875 0.8125 0.796875 0.792969 0.79375 0.789062 0.79375 0.785156 0.790625 0.78125
