0 0 0.679688 0 0.738281 0.00390625 0.734375 0.00390625 0.730469 0.0078125 0.726562 0.0078125 0.722656 0.0117188 0.71875 0.0117188 0.699219 0.0078125 0.695312 0.0078125 0.691406 0.00390625 0.6875 0.00390625 0.683594
0 0.230469 0 0.234375 0.00390625 0.234375 0.0078125 0.238281 0.0117188 0.238281 0.015625 0.25 0.0273438 0.253906 0.0273438 0.257812 0.03125 0.265625 0.03125 0.269531 0.0351562 0.296875 0.0351562 0.300781 0.03125 0.308594 0.03125 0.3125 0.0273438 0.3125 0.015625 0.328125 0
0 0.585938 0 0.585938 0.0078125 0.589844 0.0078125 0.605469 0.0234375 0.613281 0.0234375 0.621094 0.03125 0.621094 0.0351562 0.636719 0.0351562 0.640625 0.03125 0.644531 0.03125 0.65625 0.0195312 0.65625 0.0117188 0.660156 0.0078125 0.65625 0.00390625 0.65625 0
0 0.617188 0.0742188 0.617188 0.09375 0.613281 0.0976562 0.613281 0.101562 0.601562 0.113281 0.601562 0.117188 0.597656 0.121094 0.601562 0.117188 0.605469 0.117188 0.617188 0.105469 0.617188 0.0976562 0.621094 0.09375 0.621094 0.0820312 0.617188 0.078125
0 0 0.222656 0 0.308594 0.00390625 0.3125 0.0078125 0.3125 0.0117188 0.316406 0.0273438 0.316406 0.03125 0.3125 0.0351562 0.3125 0.0429688 0.304688 0.0429688 0.300781 0.046875 0.296875 0.046875 0.289062 0.0507812 0.285156 0.0507812 0.28125 0.046875 0.277344 0.046875 0.265625 0.0429688 0.261719 0.0429688 0.257812 0.0390625 0.253906 0.0390625 0.25 0.0195312 0.230469 0.015625 0.230469 0.0117188 0.226562 0.0078125 0.226562 0.00390625 0.222656
0 0.445312 0 0.445312 0.00390625 0.449219 0.0078125 0.449219 0.0195312 0.457031 0.0273438 0.457031 0.03125 0.46875 0.0429688 0.472656 0.0429688 0.476562 0.046875 0.480469 0.046875 0.484375 0.0507812 0.492188 0.0507812 0.496094 0.0546875 0.507812 0.0546875 0.511719 0.0507812 0.511719 0.046875 0.523438 0.0351562 0.527344 0.0351562 0.53125 0.03125 0.535156 0.03125 0.535156 0.0273438 0.539062 0.0234375 0.539062 0.015625 0.546875 0.0078125 0.550781 0.0078125 0.550781 0
0 0.554688 0.0429688 0.550781 0.046875 0.539062 0.046875 0.53125 0.0546875 0.53125 0.0625 0.527344 0.0664062 0.527344 0.0742188 0.535156 0.0820312 0.535156 0.0898438 0.539062 0.09375 0.539062 0.105469 0.554688 0.121094 0.574219 0.121094 0.578125 0.125 0.589844 0.125 0.597656 0.117188 0.597656 0.113281 0.609375 0.101562 0.609375 0.0976562 0.613281 0.09375 0.613281 0.0625 0.609375 0.0585938 0.609375 0.0546875 0.601562 0.046875 0.59375 0.046875 0.589844 0.0429688
0 0.363281 0 0.355469 0.0078125 0.351562 0.0078125 0.351562 0.0117188 0.335938 0.0273438 0.335938 0.046875 0.351562 0.0625 0.359375 0.0625 0.363281 0.0664062 0.394531 0.0664062 0.398438 0.0625 0.402344 0.0625 0.417969 0.046875 0.417969 0.0429688 0.421875 0.0390625 0.421875 0.0351562 0.425781 0.03125 0.425781 0.00390625 0.421875 0
0 0.183594 0.03125 0.179688 0.0351562 0.175781 0.0351562 0.171875 0.0390625 0.167969 0.0390625 0.160156 0.046875 0.160156 0.0507812 0.15625 0.0546875 0.15625 0.0664062 0.152344 0.0703125 0.152344 0.0820312 0.15625 0.0859375 0.15625 0.09375 0.171875 0.109375 0.175781 0.109375 0.179688 0.113281 0.1875 0.113281 0.191406 0.117188 0.199219 0.117188 0.203125 0.113281 0.210938 0.113281 0.214844 0.109375 0.21875 0.109375 0.234375 0.09375 0.234375 0.0859375 0.238281 0.0820312 0.238281 0.0664062 0.234375 0.0625 0.234375 0.0585938 0.230469 0.0546875 0.230469 0.0507812 0.21875 0.0390625 0.214844 0.0390625 0.210938 0.0351562 0.207031 0.0351562 0.203125 0.03125
0 0.683594 0 0.6875 0 0.691406 0.00390625 0.722656 0.00390625 0.726562 0
0 0.433594 0.441406 0.429688 0.445312 0.425781 0.445312 0.414062 0.457031 0.414062 0.460938 0.410156 0.464844 0.410156 0.480469 0.414062 0.484375 0.414062 0.492188 0.421875 0.5 0.425781 0.5 0.429688 0.503906 0.457031 0.503906 0.476562 0.484375 0.476562 0.460938 0.460938 0.445312 0.457031 0.445312 0.453125 0.441406
