0 0.850575 0.678846 0.847701 0.682692 0.846264 0.682692 0.840517 0.690385 0.840517 0.694231 0.83908 0.696154 0.83908 0.709615 0.844828 0.717308 0.847701 0.717308 0.849138 0.719231 0.863506 0.719231 0.864943 0.717308 0.867816 0.717308 0.872126 0.711538 0.872126 0.709615 0.873563 0.707692 0.873563 0.686538 0.87069 0.682692 0.864943 0.682692 0.863506 0.680769 0.860632 0.680769 0.859195 0.678846
0 0.62931 0.328846 0.627874 0.330769 0.626437 0.330769 0.622126 0.336538 0.622126 0.338462 0.62069 0.340385 0.62069 0.355769 0.622126 0.357692 0.622126 0.363462 0.625 0.367308 0.625 0.369231 0.632184 0.378846 0.633621 0.378846 0.635057 0.380769 0.637931 0.380769 0.640805 0.376923 0.642241 0.376923 0.643678 0.375 0.643678 0.373077 0.645115 0.371154 0.645115 0.369231 0.646552 0.367308 0.646552 0.363462 0.647989 0.361538 0.647989 0.342308 0.646552 0.340385 0.646552 0.336538 0.645115 0.334615 0.645115 0.332692 0.642241 0.328846
0 0.514368 0.571154 0.512931 0.573077 0.508621 0.573077 0.502874 0.580769 0.502874 0.582692 0.501437 0.584615 0.501437 0.588462 0.5 0.590385 0.5 0.605769 0.498563 0.607692 0.498563 0.611538 0.5 0.613462 0.5 0.621154 0.501437 0.623077 0.501437 0.625 0.505747 0.630769 0.507184 0.630769 0.508621 0.632692 0.511494 0.632692 0.512931 0.630769 0.514368 0.630769 0.515805 0.628846 0.517241 0.628846 0.520115 0.625 0.520115 0.623077 0.521552 0.621154 0.521552 0.619231 0.522989 0.617308 0.522989 0.613462 0.524425 0.611538 0.524425 0.584615 0.522989 0.582692 0.522989 0.580769 0.521552 0.578846 0.521552 0.576923 0.518678 0.573077 0.517241 0.573077 0.515805 0.571154
0 0.354885 0.661538 0.353448 0.663462 0.352011 0.663462 0.349138 0.667308 0.349138 0.682692 0.350575 0.684615 0.350575 0.686538 0.352011 0.688462 0.352011 0.690385 0.353448 0.692308 0.353448 0.694231 0.356322 0.698077 0.356322 0.7 0.359195 0.703846 0.359195 0.705769 0.366379 0.715385 0.367816 0.715385 0.369253 0.717308 0.377874 0.717308 0.37931 0.715385 0.380747 0.715385 0.383621 0.711538 0.383621 0.694231 0.382184 0.692308 0.382184 0.688462 0.380747 0.686538 0.380747 0.684615 0.376437 0.678846 0.376437 0.676923 0.373563 0.673077 0.373563 0.671154 0.369253 0.665385 0.367816 0.665385 0.366379 0.663462 0.364943 0.663462 0.363506 0.661538
0 0.425287 0.942308 0.423851 0.944231 0.418103 0.944231 0.416667 0.946154 0.41523 0.946154 0.413793 0.948077 0.412356 0.948077 0.408046 0.953846 0.408046 0.965385 0.41092 0.969231 0.41092 0.971154 0.416667 0.978846 0.41954 0.978846 0.420977 0.980769 0.425287 0.980769 0.426724 0.982692 0.443966 0.982692 0.445402 0.980769 0.446839 0.980769 0.454023 0.971154 0.454023 0.959615 0.445402 0.948077 0.443966 0.948077 0.442529 0.946154 0.439655 0.946154 0.438218 0.944231 0.428161 0.944231 0.426724 0.942308
0 0.617816 0.205769 0.616379 0.207692 0.612069 0.207692 0.607759 0.213462 0.607759 0.215385 0.606322 0.217308 0.606322 0.226923 0.607759 0.228846 0.607759 0.234615 0.609195 0.236538 0.609195 0.242308 0.610632 0.244231 0.610632 0.248077 0.612069 0.25 0.612069 0.253846 0.613506 0.255769 0.613506 0.257692 0.614943 0.259615 0.614943 0.261538 0.616379 0.263462 0.616379 0.265385 0.622126 0.273077 0.625 0.273077 0.626437 0.275 0.633621 0.275 0.636494 0.271154 0.637931 0.271154 0.639368 0.269231 0.639368 0.265385 0.640805 0.263462 0.640805 0.244231 0.639368 0.242308 0.639368 0.234615 0.637931 0.232692 0.637931 0.230769 0.636494 0.228846 0.636494 0.226923 0.633621 0.223077 0.633621 0.221154 0.630747 0.217308 0.630747 0.215385 0.62931 0.213462 0.627874 0.213462 0.623563 0.207692 0.62069 0.207692 0.619253 0.205769
0 0.550287 0.636538 0.547414 0.640385 0.545977 0.640385 0.54454 0.642308 0.54454 0.644231 0.543103 0.646154 0.543103 0.648077 0.541667 0.65 0.541667 0.651923 0.54023 0.653846 0.54023 0.676923 0.541667 0.678846 0.541667 0.682692 0.543103 0.684615 0.543103 0.686538 0.54454 0.688462 0.54454 0.690385 0.547414 0.694231 0.553161 0.694231 0.558908 0.686538 0.558908 0.684615 0.560345 0.682692 0.560345 0.678846 0.561782 0.676923 0.561782 0.671154 0.563218 0.669231 0.563218 0.663462 0.564655 0.661538 0.564655 0.65 0.563218 0.648077 0.563218 0.644231 0.557471 0.636538
0 0.53592 0.0576923 0.533046 0.0615385 0.533046 0.0673077 0.527299 0.075 0.527299 0.0788462 0.525862 0.0807692 0.525862 0.0903846 0.530172 0.0961538 0.531609 0.0961538 0.533046 0.0980769 0.53592 0.0980769 0.537356 0.1 0.538793 0.1 0.543103 0.105769 0.543103 0.107692 0.54454 0.109615 0.548851 0.109615 0.550287 0.111538 0.553161 0.111538 0.557471 0.105769 0.557471 0.103846 0.558908 0.101923 0.558908 0.1 0.560345 0.0980769 0.560345 0.0826923 0.561782 0.0807692 0.561782 0.0769231 0.560345 0.075 0.560345 0.0711538 0.558908 0.0692308 0.558908 0.0673077 0.557471 0.0653846 0.556034 0.0653846 0.551724 0.0596154 0.550287 0.0596154 0.548851 0.0576923
0 0.0977011 0.0980769 0.0933908 0.103846 0.0905172 0.103846 0.0890805 0.105769 0.0890805 0.125 0.0905172 0.126923 0.091954 0.126923 0.0933908 0.128846 0.0948276 0.128846 0.0977011 0.132692 0.107759 0.132692 0.109195 0.130769 0.114943 0.130769 0.119253 0.125 0.119253 0.113462 0.117816 0.111538 0.117816 0.109615 0.116379 0.107692 0.116379 0.105769 0.114943 0.103846 0.112069 0.103846 0.110632 0.101923 0.109195 0.101923 0.106322 0.0980769
0 0.706897 0.738462 0.702586 0.744231 0.702586 0.746154 0.698276 0.751923 0.692529 0.751923 0.691092 0.753846 0.685345 0.753846 0.682471 0.757692 0.682471 0.765385 0.683908 0.767308 0.683908 0.773077 0.685345 0.775 0.685345 0.776923 0.689655 0.782692 0.695402 0.782692 0.696839 0.780769 0.699713 0.780769 0.701149 0.778846 0.702586 0.778846 0.704023 0.776923 0.70546 0.776923 0.712644 0.767308 0.712644 0.765385 0.715517 0.761538 0.715517 0.748077 0.71408 0.746154 0.712644 0.746154
0 0.466954 0.411538 0.465517 0.413462 0.45977 0.413462 0.458333 0.415385 0.456897 0.415385 0.454023 0.419231 0.454023 0.421154 0.452586 0.423077 0.452586 0.426923 0.454023 0.428846 0.454023 0.432692 0.45546 0.434615 0.45546 0.436538 0.468391 0.453846 0.469828 0.453846 0.471264 0.455769 0.475575 0.455769 0.477011 0.457692 0.492816 0.457692 0.494253 0.455769 0.49569 0.455769 0.497126 0.453846 0.497126 0.438462 0.49569 0.436538 0.49569 0.428846 0.492816 0.425 0.492816 0.421154 0.489943 0.417308 0.485632 0.417308 0.484195 0.415385 0.481322 0.415385 0.479885 0.413462 0.475575 0.413462 0.474138 0.411538
0 0.340517 0.973077 0.33908 0.975 0.33477 0.975 0.333333 0.976923 0.331897 0.976923 0.327586 0.982692 0.327586 0.992308 0.331897 0.998077 0.37069 0.998077 0.37069 0.996154 0.369253 0.994231 0.369253 0.990385 0.364943 0.984615 0.364943 0.982692 0.359195 0.975 0.347701 0.975 0.346264 0.973077
0 0.163793 0 0.163793 0.00192308 0.168103 0.00769231 0.16954 0.00769231 0.170977 0.00961538 0.172414 0.00961538 0.173851 0.0115385 0.176724 0.0115385 0.178161 0.0134615 0.179598 0.0134615 0.181034 0.0153846 0.196839 0.0153846 0.198276 0.0134615 0.199713 0.0134615 0.204023 0.00769231 0.204023 0.00384615 0.20546 0.00192308 0.20546 0
0 0.0862069 0.0365385 0.0847701 0.0384615 0.0804598 0.0384615 0.0775862 0.0423077 0.0747126 0.0423077 0.066092 0.0538462 0.066092 0.0653846 0.0689655 0.0692308 0.0689655 0.0711538 0.0747126 0.0788462 0.0761494 0.0788462 0.079023 0.0826923 0.102011 0.0826923 0.106322 0.0769231 0.107759 0.0769231 0.112069 0.0711538 0.112069 0.0673077 0.113506 0.0653846 0.113506 0.0557692 0.112069 0.0538462 0.112069 0.05 0.109195 0.0461538 0.109195 0.0442308 0.106322 0.0403846 0.103448 0.0403846 0.102011 0.0384615 0.0933908 0.0384615 0.091954 0.0365385
0 0.784483 0.686538 0.778736 0.694231 0.778736 0.696154 0.777299 0.698077 0.777299 0.701923 0.775862 0.703846 0.775862 0.711538 0.774425 0.713462 0.774425 0.721154 0.772989 0.723077 0.772989 0.725 0.774425 0.726923 0.774425 0.734615 0.775862 0.736538 0.775862 0.740385 0.778736 0.744231 0.780172 0.744231 0.781609 0.746154 0.787356 0.746154 0.79454 0.736538 0.79454 0.734615 0.795977 0.732692 0.795977 0.728846 0.797414 0.726923 0.797414 0.698077 0.795977 0.696154 0.795977 0.690385 0.793103 0.686538
0 0.920977 0 0.920977 0.00576923 0.923851 0.00961538 0.932471 0.00961538 0.936782 0.00384615 0.938218 0.00384615 0.939655 0.00192308 0.939655 0
0 0.78592 0.878846 0.784483 0.880769 0.783046 0.880769 0.781609 0.882692 0.780172 0.882692 0.777299 0.886538 0.775862 0.886538 0.774425 0.888462 0.772989 0.888462 0.762931 0.901923 0.762931 0.903846 0.761494 0.905769 0.761494 0.907692 0.760057 0.909615 0.760057 0.919231 0.761494 0.921154 0.761494 0.923077 0.765805 0.928846 0.767241 0.928846 0.768678 0.930769 0.775862 0.930769 0.777299 0.928846 0.781609 0.928846 0.783046 0.926923 0.78592 0.926923 0.788793 0.923077 0.79023 0.923077 0.791667 0.921154 0.793103 0.921154 0.79454 0.919231 0.795977 0.919231 0.803161 0.909615 0.803161 0.907692 0.804598 0.905769 0.804598 0.903846 0.806034 0.901923 0.806034 0.898077 0.807471 0.896154 0.807471 0.890385 0.806034 0.888462 0.806034 0.886538 0.801724 0.880769 0.800287 0.880769 0.798851 0.878846
0 0.346264 0.373077 0.344828 0.375 0.344828 0.396154 0.347701 0.4 0.350575 0.4 0.352011 0.401923 0.360632 0.401923 0.362069 0.4 0.362069 0.398077 0.366379 0.392308 0.366379 0.390385 0.367816 0.388462 0.367816 0.386538 0.366379 0.384615 0.366379 0.382692 0.364943 0.380769 0.360632 0.380769 0.359195 0.378846 0.354885 0.378846 0.353448 0.376923 0.352011 0.376923 0.349138 0.373077
0 0.420977 0.838462 0.416667 0.844231 0.416667 0.846154 0.41523 0.848077 0.41523 0.85 0.412356 0.853846 0.412356 0.855769 0.41092 0.857692 0.41092 0.859615 0.409483 0.861538 0.409483 0.863462 0.408046 0.865385 0.408046 0.871154 0.41092 0.875 0.413793 0.875 0.41523 0.873077 0.416667 0.873077 0.41954 0.869231 0.41954 0.867308 0.423851 0.861538 0.423851 0.857692 0.425287 0.855769 0.425287 0.851923 0.426724 0.85 0.426724 0.840385 0.425287 0.838462
0 0.298851 0.7 0.295977 0.703846 0.29454 0.703846 0.280172 0.723077 0.280172 0.725 0.278736 0.726923 0.278736 0.728846 0.277299 0.730769 0.277299 0.736538 0.275862 0.738462 0.275862 0.744231 0.277299 0.746154 0.278736 0.746154 0.280172 0.748077 0.284483 0.748077 0.28592 0.75 0.288793 0.75 0.29023 0.748077 0.295977 0.748077 0.297414 0.746154 0.298851 0.746154 0.300287 0.744231 0.301724 0.744231 0.303161 0.742308 0.303161 0.740385 0.304598 0.738462 0.304598 0.736538 0.306034 0.734615 0.306034 0.732692 0.311782 0.725 0.311782 0.715385 0.313218 0.713462 0.313218 0.709615 0.311782 0.707692 0.311782 0.705769 0.308908 0.701923 0.307471 0.701923 0.306034 0.7
0 0.602011 0.434615 0.600575 0.436538 0.596264 0.436538 0.594828 0.438462 0.593391 0.438462 0.591954 0.440385 0.590517 0.440385 0.586207 0.446154 0.586207 0.448077 0.58477 0.45 0.58477 0.451923 0.583333 0.453846 0.583333 0.467308 0.581897 0.469231 0.581897 0.490385 0.583333 0.492308 0.583333 0.498077 0.58908 0.505769 0.597701 0.505769 0.604885 0.496154 0.604885 0.494231 0.606322 0.492308 0.606322 0.490385 0.607759 0.488462 0.607759 0.484615 0.609195 0.482692 0.609195 0.476923 0.610632 0.475 0.610632 0.465385 0.612069 0.463462 0.612069 0.451923 0.610632 0.45 0.610632 0.446154 0.609195 0.444231 0.609195 0.442308 0.603448 0.434615
0 0.188218 0.828846 0.186782 0.830769 0.181034 0.830769 0.179598 0.832692 0.178161 0.832692 0.172414 0.840385 0.172414 0.844231 0.173851 0.846154 0.173851 0.848077 0.176724 0.851923 0.176724 0.853846 0.179598 0.857692 0.181034 0.857692 0.183908 0.861538 0.202586 0.861538 0.20546 0.857692 0.208333 0.857692 0.211207 0.853846 0.212644 0.853846 0.215517 0.85 0.215517 0.844231 0.20977 0.836538 0.208333 0.836538 0.206897 0.834615 0.20546 0.834615 0.204023 0.832692 0.202586 0.832692 0.201149 0.830769 0.198276 0.830769 0.196839 0.828846 0.195402 0.828846 0.193966 0.830769 0.192529 0.830769 0.191092 0.828846
0 0.452586 0.638462 0.451149 0.640385 0.445402 0.640385 0.443966 0.642308 0.439655 0.642308 0.438218 0.644231 0.436782 0.644231 0.435345 0.646154 0.433908 0.646154 0.425287 0.657692 0.425287 0.659615 0.423851 0.661538 0.423851 0.673077 0.425287 0.675 0.425287 0.676923 0.426724 0.678846 0.426724 0.680769 0.429598 0.684615 0.432471 0.684615 0.433908 0.682692 0.435345 0.682692 0.436782 0.680769 0.442529 0.680769 0.443966 0.678846 0.451149 0.678846 0.454023 0.675 0.45546 0.675 0.458333 0.671154 0.458333 0.669231 0.461207 0.665385 0.461207 0.663462 0.462644 0.661538 0.462644 0.659615 0.46408 0.657692 0.46408 0.655769 0.465517 0.653846 0.465517 0.644231 0.461207 0.638462
0 0.193966 0.426923 0.189655 0.432692 0.189655 0.438462 0.188218 0.440385 0.188218 0.448077 0.189655 0.45 0.189655 0.451923 0.191092 0.453846 0.191092 0.455769 0.196839 0.463462 0.198276 0.463462 0.199713 0.465385 0.201149 0.465385 0.204023 0.469231 0.206897 0.469231 0.208333 0.471154 0.216954 0.471154 0.222701 0.463462 0.222701 0.461538 0.224138 0.459615 0.224138 0.455769 0.222701 0.453846 0.222701 0.446154 0.219828 0.442308 0.219828 0.440385 0.211207 0.428846 0.20977 0.428846 0.208333 0.426923
0 0.429598 0.744231 0.426724 0.748077 0.426724 0.753846 0.425287 0.755769 0.425287 0.771154 0.428161 0.775 0.429598 0.775 0.431034 0.776923 0.432471 0.776923 0.433908 0.778846 0.435345 0.778846 0.436782 0.780769 0.438218 0.780769 0.443966 0.788462 0.445402 0.788462 0.448276 0.792308 0.449713 0.792308 0.452586 0.796154 0.454023 0.796154 0.45546 0.798077 0.458333 0.798077 0.45977 0.8 0.46408 0.8 0.465517 0.801923 0.469828 0.801923 0.471264 0.803846 0.477011 0.803846 0.479885 0.8 0.479885 0.788462 0.472701 0.778846 0.471264 0.778846 0.469828 0.776923 0.468391 0.776923 0.458333 0.763462 0.456897 0.763462 0.452586 0.757692 0.451149 0.757692 0.448276 0.753846 0.446839 0.753846 0.443966 0.75 0.442529 0.75 0.441092 0.748077 0.438218 0.748077 0.436782 0.746154 0.435345 0.746154 0.433908 0.744231
0 0.0301724 0.557692 0.0287356 0.559615 0.0244253 0.559615 0.0215517 0.563462 0.0201149 0.563462 0.0158046 0.569231 0.0158046 0.571154 0.0143678 0.573077 0.0143678 0.582692 0.0215517 0.592308 0.0229885 0.592308 0.0244253 0.594231 0.0272989 0.594231 0.0287356 0.596154 0.0301724 0.596154 0.0316092 0.598077 0.0474138 0.598077 0.0488506 0.596154 0.0517241 0.596154 0.0531609 0.594231 0.0574713 0.594231 0.0603448 0.590385 0.0617816 0.590385 0.0632184 0.588462 0.0632184 0.578846 0.058908 0.573077 0.0574713 0.573077 0.0502874 0.563462 0.0488506 0.563462 0.0474138 0.561538 0.045977 0.561538 0.0445402 0.559615 0.0373563 0.559615 0.0359195 0.557692
0 0.965517 0.925 0.96408 0.926923 0.961207 0.926923 0.95977 0.928846 0.958333 0.928846 0.956897 0.930769 0.95546 0.930769 0.951149 0.936538 0.951149 0.942308 0.952586 0.944231 0.952586 0.946154 0.95546 0.95 0.956897 0.95 0.958333 0.951923 0.961207 0.951923 0.962644 0.953846 0.966954 0.953846 0.968391 0.955769 0.978448 0.955769 0.979885 0.953846 0.984195 0.953846 0.985632 0.951923 0.987069 0.951923 0.989943 0.948077 0.991379 0.948077 0.992816 0.946154 0.994253 0.946154 0.998563 0.940385 0.998563 0.932692 0.994253 0.926923 0.989943 0.926923 0.988506 0.925
0 0.58046 0.753846 0.579023 0.755769 0.577586 0.755769 0.574713 0.759615 0.574713 0.767308 0.58046 0.775 0.581897 0.775 0.583333 0.776923 0.58477 0.776923 0.586207 0.778846 0.58908 0.778846 0.590517 0.780769 0.593391 0.780769 0.594828 0.782692 0.596264 0.782692 0.597701 0.784615 0.599138 0.784615 0.600575 0.786538 0.612069 0.786538 0.614943 0.782692 0.614943 0.773077 0.613506 0.771154 0.613506 0.769231 0.610632 0.765385 0.609195 0.765385 0.607759 0.763462 0.606322 0.763462 0.604885 0.761538 0.603448 0.761538 0.602011 0.759615 0.600575 0.759615 0.599138 0.757692 0.597701 0.757692 0.596264 0.755769 0.594828 0.755769 0.593391 0.753846
0 0.12069 0.244231 0.116379 0.25 0.116379 0.253846 0.114943 0.255769 0.114943 0.275 0.116379 0.276923 0.116379 0.280769 0.117816 0.282692 0.117816 0.284615 0.122126 0.290385 0.123563 0.290385 0.125 0.292308 0.135057 0.292308 0.136494 0.290385 0.137931 0.290385 0.149425 0.275 0.149425 0.265385 0.146552 0.261538 0.145115 0.261538 0.135057 0.248077 0.133621 0.248077 0.132184 0.246154 0.130747 0.246154 0.12931 0.244231
0 0.836207 0.551923 0.83477 0.553846 0.831897 0.553846 0.829023 0.557692 0.829023 0.561538 0.83046 0.563462 0.83046 0.565385 0.837644 0.575 0.83908 0.575 0.840517 0.576923 0.841954 0.576923 0.844828 0.580769 0.847701 0.580769 0.849138 0.582692 0.850575 0.582692 0.852011 0.584615 0.853448 0.584615 0.854885 0.586538 0.860632 0.586538 0.862069 0.584615 0.862069 0.573077 0.860632 0.571154 0.860632 0.569231 0.857759 0.565385 0.856322 0.565385 0.854885 0.563462 0.853448 0.563462 0.849138 0.557692 0.847701 0.557692 0.844828 0.553846 0.841954 0.553846 0.840517 0.551923
0 0.906609 0.0980769 0.905172 0.1 0.903736 0.1 0.902299 0.101923 0.900862 0.101923 0.899425 0.103846 0.899425 0.119231 0.897989 0.121154 0.897989 0.134615 0.899425 0.136538 0.899425 0.146154 0.900862 0.148077 0.900862 0.151923 0.902299 0.153846 0.902299 0.155769 0.903736 0.157692 0.903736 0.159615 0.906609 0.163462 0.908046 0.163462 0.909483 0.165385 0.91092 0.165385 0.912356 0.167308 0.91954 0.167308 0.922414 0.163462 0.922414 0.159615 0.923851 0.157692 0.923851 0.115385 0.922414 0.113462 0.922414 0.105769 0.920977 0.103846 0.920977 0.101923 0.918103 0.0980769
0 0.196839 0.753846 0.195402 0.755769 0.193966 0.755769 0.186782 0.765385 0.186782 0.769231 0.185345 0.771154 0.185345 0.775 0.183908 0.776923 0.183908 0.786538 0.185345 0.788462 0.185345 0.792308 0.186782 0.794231 0.186782 0.798077 0.188218 0.8 0.188218 0.801923 0.193966 0.809615 0.202586 0.809615 0.20546 0.805769 0.206897 0.805769 0.21408 0.796154 0.21408 0.792308 0.215517 0.790385 0.215517 0.786538 0.216954 0.784615 0.216954 0.775 0.215517 0.773077 0.215517 0.769231 0.211207 0.763462 0.211207 0.761538 0.206897 0.755769 0.20546 0.755769 0.204023 0.753846
0 0.742816 0.25 0.741379 0.251923 0.741379 0.253846 0.738506 0.257692 0.738506 0.259615 0.737069 0.261538 0.737069 0.278846 0.738506 0.280769 0.738506 0.288462 0.739943 0.290385 0.739943 0.292308 0.75 0.305769 0.758621 0.305769 0.760057 0.303846 0.761494 0.303846 0.768678 0.294231 0.768678 0.292308 0.770115 0.290385 0.770115 0.273077 0.768678 0.271154 0.768678 0.269231 0.767241 0.267308 0.767241 0.265385 0.764368 0.261538 0.764368 0.259615 0.762931 0.257692 0.758621 0.257692 0.757184 0.255769 0.752874 0.255769 0.751437 0.253846 0.75 0.253846 0.748563 0.251923 0.74569 0.251923 0.744253 0.25
0 0.479885 0.157692 0.474138 0.165385 0.474138 0.167308 0.472701 0.169231 0.472701 0.186538 0.474138 0.188462 0.474138 0.192308 0.475575 0.194231 0.475575 0.196154 0.477011 0.198077 0.477011 0.2 0.482759 0.207692 0.482759 0.209615 0.487069 0.215385 0.487069 0.217308 0.489943 0.221154 0.489943 0.223077 0.491379 0.225 0.491379 0.226923 0.492816 0.228846 0.494253 0.228846 0.49569 0.230769 0.501437 0.230769 0.507184 0.223077 0.507184 0.221154 0.508621 0.219231 0.508621 0.215385 0.510057 0.213462 0.510057 0.211538 0.511494 0.209615 0.511494 0.205769 0.510057 0.203846 0.510057 0.198077 0.508621 0.196154 0.508621 0.194231 0.507184 0.192308 0.507184 0.188462 0.50431 0.184615 0.50431 0.180769 0.501437 0.176923 0.501437 0.175 0.498563 0.171154 0.498563 0.169231 0.497126 0.167308 0.49569 0.167308 0.492816 0.163462 0.491379 0.163462 0.489943 0.161538 0.488506 0.161538 0.487069 0.159615 0.485632 0.159615 0.484195 0.157692
0 0.247126 0.598077 0.24569 0.6 0.244253 0.6 0.241379 0.603846 0.241379 0.619231 0.242816 0.621154 0.242816 0.623077 0.244253 0.625 0.244253 0.626923 0.24569 0.628846 0.24569 0.630769 0.247126 0.632692 0.247126 0.634615 0.258621 0.65 0.261494 0.65 0.262931 0.651923 0.268678 0.651923 0.270115 0.65 0.274425 0.65 0.277299 0.646154 0.277299 0.644231 0.278736 0.642308 0.278736 0.634615 0.277299 0.632692 0.277299 0.628846 0.275862 0.626923 0.275862 0.625 0.274425 0.623077 0.274425 0.621154 0.272989 0.619231 0.272989 0.617308 0.267241 0.609615 0.267241 0.607692 0.265805 0.605769 0.264368 0.605769 0.260057 0.6 0.257184 0.6 0.255747 0.598077
0 0.854885 0.176923 0.853448 0.178846 0.852011 0.178846 0.849138 0.182692 0.849138 0.184615 0.847701 0.186538 0.847701 0.188462 0.846264 0.190385 0.846264 0.207692 0.847701 0.209615 0.847701 0.213462 0.853448 0.221154 0.853448 0.223077 0.859195 0.230769 0.860632 0.230769 0.862069 0.232692 0.864943 0.232692 0.866379 0.234615 0.873563 0.234615 0.875 0.232692 0.876437 0.232692 0.880747 0.226923 0.880747 0.225 0.882184 0.223077 0.882184 0.215385 0.880747 0.213462 0.880747 0.207692 0.87931 0.205769 0.87931 0.201923 0.875 0.196154 0.875 0.194231 0.873563 0.192308 0.873563 0.188462 0.864943 0.176923
0 0.603448 0.603846 0.596264 0.613462 0.596264 0.615385 0.593391 0.619231 0.593391 0.621154 0.591954 0.623077 0.591954 0.625 0.58908 0.628846 0.58908 0.638462 0.587644 0.640385 0.587644 0.65 0.590517 0.653846 0.591954 0.653846 0.593391 0.655769 0.600575 0.655769 0.610632 0.642308 0.610632 0.640385 0.612069 0.638462 0.612069 0.636538 0.613506 0.634615 0.613506 0.632692 0.614943 0.630769 0.614943 0.613462 0.613506 0.611538 0.613506 0.609615 0.610632 0.605769 0.609195 0.605769 0.607759 0.603846
0 0.152299 0.446154 0.150862 0.448077 0.143678 0.448077 0.142241 0.45 0.140805 0.45 0.139368 0.451923 0.137931 0.451923 0.136494 0.453846 0.136494 0.469231 0.137931 0.471154 0.137931 0.475 0.139368 0.476923 0.139368 0.478846 0.140805 0.480769 0.140805 0.482692 0.145115 0.488462 0.145115 0.490385 0.147989 0.494231 0.152299 0.494231 0.153736 0.496154 0.156609 0.496154 0.158046 0.498077 0.168103 0.498077 0.16954 0.496154 0.170977 0.496154 0.172414 0.494231 0.173851 0.494231 0.175287 0.492308 0.175287 0.490385 0.176724 0.488462 0.176724 0.480769 0.175287 0.478846 0.175287 0.475 0.173851 0.473077 0.173851 0.471154 0.172414 0.469231 0.172414 0.467308 0.16954 0.463462 0.16954 0.461538 0.166667 0.457692 0.16523 0.457692 0.162356 0.453846 0.16092 0.453846 0.158046 0.45 0.156609 0.45 0.153736 0.446154
0 0.206897 0.0288462 0.20546 0.0307692 0.202586 0.0307692 0.196839 0.0384615 0.196839 0.0403846 0.195402 0.0423077 0.195402 0.0461538 0.196839 0.0480769 0.196839 0.05 0.198276 0.0519231 0.198276 0.0538462 0.202586 0.0596154 0.204023 0.0596154 0.20546 0.0615385 0.206897 0.0615385 0.208333 0.0634615 0.211207 0.0634615 0.212644 0.0653846 0.219828 0.0653846 0.221264 0.0673077 0.225575 0.0673077 0.227011 0.0692308 0.229885 0.0692308 0.231322 0.0673077 0.234195 0.0673077 0.235632 0.0653846 0.237069 0.0653846 0.239943 0.0615385 0.239943 0.0596154 0.241379 0.0576923 0.241379 0.0461538 0.235632 0.0384615 0.234195 0.0384615 0.232759 0.0365385 0.229885 0.0365385 0.228448 0.0346154 0.224138 0.0346154 0.222701 0.0326923 0.221264 0.0326923 0.219828 0.0307692 0.21408 0.0307692 0.212644 0.0288462
0 0.862069 0.530769 0.860632 0.532692 0.853448 0.532692 0.849138 0.538462 0.849138 0.548077 0.850575 0.55 0.850575 0.551923 0.853448 0.555769 0.854885 0.555769 0.857759 0.559615 0.859195 0.559615 0.862069 0.563462 0.863506 0.563462 0.864943 0.565385 0.866379 0.563462 0.869253 0.563462 0.87069 0.561538 0.875 0.561538 0.876437 0.559615 0.880747 0.559615 0.882184 0.557692 0.883621 0.557692 0.885057 0.555769 0.885057 0.548077 0.883621 0.546154 0.883621 0.544231 0.882184 0.542308 0.882184 0.540385 0.87931 0.536538 0.877874 0.536538 0.876437 0.534615 0.875 0.534615 0.873563 0.532692 0.872126 0.532692 0.87069 0.530769
0 0.968391 0.194231 0.962644 0.201923 0.95977 0.201923 0.956897 0.205769 0.95546 0.205769 0.952586 0.209615 0.952586 0.232692 0.954023 0.234615 0.954023 0.238462 0.95546 0.240385 0.95546 0.244231 0.956897 0.246154 0.956897 0.248077 0.958333 0.25 0.958333 0.251923 0.962644 0.257692 0.96408 0.257692 0.965517 0.259615 0.966954 0.259615 0.968391 0.261538 0.974138 0.261538 0.975575 0.259615 0.977011 0.259615 0.978448 0.257692 0.978448 0.255769 0.979885 0.253846 0.979885 0.25 0.981322 0.248077 0.981322 0.215385 0.979885 0.213462 0.979885 0.209615 0.978448 0.207692 0.978448 0.205769 0.977011 0.203846 0.977011 0.201923 0.975575 0.2 0.975575 0.198077 0.974138 0.196154 0.972701 0.196154 0.971264 0.194231
0 0.860632 0.482692 0.859195 0.484615 0.849138 0.484615 0.847701 0.486538 0.846264 0.486538 0.844828 0.488462 0.843391 0.488462 0.841954 0.490385 0.841954 0.492308 0.840517 0.494231 0.840517 0.498077 0.83908 0.5 0.83908 0.503846 0.843391 0.509615 0.844828 0.509615 0.846264 0.511538 0.847701 0.511538 0.849138 0.513462 0.889368 0.513462 0.890805 0.511538 0.890805 0.507692 0.892241 0.505769 0.892241 0.501923 0.890805 0.5 0.890805 0.494231 0.889368 0.492308 0.877874 0.492308 0.876437 0.490385 0.873563 0.490385 0.872126 0.488462 0.87069 0.488462 0.869253 0.486538 0.867816 0.486538 0.866379 0.484615 0.863506 0.484615 0.862069 0.482692
0 0.442529 0.478846 0.441092 0.480769 0.438218 0.480769 0.436782 0.482692 0.435345 0.482692 0.431034 0.488462 0.431034 0.494231 0.429598 0.496154 0.429598 0.498077 0.431034 0.5 0.431034 0.503846 0.435345 0.509615 0.436782 0.509615 0.438218 0.511538 0.439655 0.511538 0.441092 0.513462 0.443966 0.513462 0.445402 0.515385 0.461207 0.515385 0.462644 0.513462 0.46408 0.513462 0.465517 0.511538 0.466954 0.511538 0.468391 0.509615 0.469828 0.509615 0.471264 0.507692 0.472701 0.507692 0.475575 0.503846 0.475575 0.496154 0.474138 0.494231 0.474138 0.492308 0.472701 0.490385 0.471264 0.490385 0.468391 0.486538 0.465517 0.486538 0.46408 0.484615 0.45977 0.484615 0.456897 0.480769 0.452586 0.480769 0.451149 0.478846
0 0.33908 0.0557692 0.337644 0.0576923 0.33477 0.0576923 0.333333 0.0596154 0.333333 0.0615385 0.331897 0.0634615 0.331897 0.0653846 0.33046 0.0673077 0.33046 0.0692308 0.329023 0.0711538 0.329023 0.075 0.327586 0.0769231 0.327586 0.0807692 0.326149 0.0826923 0.326149 0.0980769 0.327586 0.1 0.327586 0.101923 0.329023 0.103846 0.329023 0.105769 0.331897 0.109615 0.333333 0.109615 0.33477 0.111538 0.346264 0.111538 0.347701 0.109615 0.349138 0.109615 0.352011 0.105769 0.352011 0.101923 0.353448 0.1 0.353448 0.0980769 0.357759 0.0923077 0.357759 0.0903846 0.367816 0.0769231 0.367816 0.0653846 0.360632 0.0557692
0 0.314655 0.309615 0.313218 0.311538 0.311782 0.311538 0.308908 0.315385 0.307471 0.315385 0.306034 0.317308 0.295977 0.317308 0.291667 0.323077 0.291667 0.326923 0.293103 0.328846 0.29454 0.328846 0.295977 0.330769 0.308908 0.330769 0.310345 0.328846 0.313218 0.328846 0.317529 0.323077 0.320402 0.323077 0.321839 0.321154 0.321839 0.313462 0.320402 0.311538 0.318966 0.311538 0.317529 0.309615
0 0.497126 0.238462 0.49569 0.240385 0.494253 0.240385 0.492816 0.242308 0.491379 0.242308 0.484195 0.251923 0.482759 0.251923 0.481322 0.253846 0.479885 0.253846 0.478448 0.255769 0.478448 0.257692 0.477011 0.259615 0.477011 0.261538 0.475575 0.263462 0.475575 0.267308 0.477011 0.269231 0.478448 0.269231 0.479885 0.271154 0.488506 0.271154 0.489943 0.269231 0.497126 0.269231 0.498563 0.267308 0.5 0.267308 0.501437 0.265385 0.502874 0.265385 0.507184 0.259615 0.507184 0.255769 0.508621 0.253846 0.508621 0.248077 0.507184 0.246154 0.507184 0.244231 0.50431 0.240385 0.502874 0.240385 0.501437 0.238462
0 0.715517 0.696154 0.71408 0.698077 0.702586 0.698077 0.698276 0.703846 0.698276 0.713462 0.699713 0.715385 0.699713 0.719231 0.701149 0.721154 0.701149 0.723077 0.702586 0.725 0.702586 0.726923 0.70546 0.730769 0.70546 0.732692 0.706897 0.734615 0.706897 0.736538 0.712644 0.744231 0.71408 0.744231 0.716954 0.748077 0.729885 0.748077 0.731322 0.746154 0.731322 0.719231 0.729885 0.717308 0.729885 0.715385 0.725575 0.709615 0.725575 0.707692 0.724138 0.705769 0.724138 0.703846 0.719828 0.698077 0.718391 0.698077 0.716954 0.696154
0 0.541667 0.95 0.54023 0.951923 0.537356 0.951923 0.53592 0.953846 0.534483 0.953846 0.527299 0.963462 0.527299 0.967308 0.525862 0.969231 0.525862 0.978846 0.527299 0.980769 0.527299 0.982692 0.528736 0.984615 0.530172 0.984615 0.533046 0.988462 0.53592 0.988462 0.537356 0.990385 0.54023 0.990385 0.541667 0.992308 0.543103 0.992308 0.54454 0.994231 0.547414 0.994231 0.548851 0.992308 0.551724 0.992308 0.553161 0.990385 0.554598 0.990385 0.556034 0.988462 0.557471 0.988462 0.561782 0.982692 0.561782 0.980769 0.563218 0.978846 0.563218 0.975 0.564655 0.973077 0.564655 0.967308 0.563218 0.965385 0.563218 0.959615 0.560345 0.955769 0.558908 0.955769 0.557471 0.953846 0.556034 0.953846 0.554598 0.951923 0.553161 0.951923 0.551724 0.95
0 0.735632 0.817308 0.734195 0.819231 0.731322 0.819231 0.727011 0.825 0.725575 0.825 0.718391 0.834615 0.718391 0.85 0.719828 0.851923 0.719828 0.853846 0.725575 0.861538 0.727011 0.861538 0.728448 0.863462 0.729885 0.863462 0.731322 0.865385 0.739943 0.865385 0.741379 0.863462 0.742816 0.863462 0.744253 0.861538 0.744253 0.859615 0.75 0.851923 0.75 0.85 0.751437 0.848077 0.751437 0.834615 0.75 0.832692 0.75 0.828846 0.748563 0.826923 0.748563 0.825 0.744253 0.819231 0.738506 0.819231 0.737069 0.817308
0 0.376437 0.0730769 0.375 0.075 0.373563 0.075 0.372126 0.0769231 0.369253 0.0769231 0.359195 0.0903846 0.359195 0.0923077 0.354885 0.0980769 0.354885 0.1 0.353448 0.101923 0.353448 0.115385 0.354885 0.117308 0.354885 0.119231 0.357759 0.123077 0.359195 0.123077 0.360632 0.125 0.37069 0.125 0.372126 0.123077 0.373563 0.123077 0.377874 0.117308 0.377874 0.115385 0.380747 0.111538 0.380747 0.107692 0.382184 0.105769 0.382184 0.101923 0.383621 0.1 0.383621 0.075 0.382184 0.0730769
0 0.885057 0.736538 0.883621 0.738462 0.875 0.738462 0.873563 0.740385 0.872126 0.740385 0.87069 0.742308 0.869253 0.742308 0.867816 0.744231 0.866379 0.744231 0.864943 0.746154 0.864943 0.755769 0.869253 0.761538 0.87069 0.761538 0.872126 0.763462 0.882184 0.763462 0.883621 0.765385 0.900862 0.765385 0.903736 0.761538 0.905172 0.761538 0.906609 0.759615 0.908046 0.759615 0.909483 0.757692 0.909483 0.755769 0.91092 0.753846 0.91092 0.746154 0.909483 0.744231 0.909483 0.742308 0.908046 0.740385 0.906609 0.740385 0.905172 0.738462 0.902299 0.738462 0.900862 0.736538
0 0.551724 0.209615 0.550287 0.211538 0.548851 0.211538 0.54454 0.217308 0.54454 0.219231 0.541667 0.223077 0.541667 0.225 0.54023 0.226923 0.54023 0.230769 0.538793 0.232692 0.538793 0.238462 0.537356 0.240385 0.537356 0.267308 0.538793 0.269231 0.538793 0.275 0.54023 0.276923 0.54023 0.278846 0.545977 0.286538 0.550287 0.286538 0.551724 0.284615 0.553161 0.284615 0.554598 0.282692 0.556034 0.282692 0.557471 0.280769 0.557471 0.278846 0.558908 0.276923 0.558908 0.275 0.561782 0.271154 0.561782 0.269231 0.563218 0.267308 0.563218 0.265385 0.564655 0.263462 0.564655 0.261538 0.566092 0.259615 0.566092 0.255769 0.567529 0.253846 0.567529 0.251923 0.568966 0.25 0.568966 0.228846 0.567529 0.226923 0.567529 0.223077 0.566092 0.221154 0.566092 0.219231 0.564655 0.217308 0.564655 0.215385 0.561782 0.211538 0.560345 0.211538 0.558908 0.209615
0 0.846264 0.946154 0.844828 0.948077 0.841954 0.948077 0.840517 0.95 0.83908 0.95 0.837644 0.951923 0.836207 0.951923 0.83477 0.953846 0.833333 0.953846 0.829023 0.959615 0.827586 0.959615 0.824713 0.963462 0.824713 0.965385 0.821839 0.969231 0.821839 0.971154 0.820402 0.973077 0.820402 0.990385 0.823276 0.994231 0.824713 0.994231 0.826149 0.996154 0.836207 0.996154 0.840517 0.990385 0.846264 0.990385 0.847701 0.988462 0.850575 0.988462 0.859195 0.976923 0.859195 0.975 0.860632 0.973077 0.860632 0.971154 0.862069 0.969231 0.862069 0.967308 0.860632 0.965385 0.860632 0.957692 0.859195 0.955769 0.859195 0.953846 0.856322 0.95 0.854885 0.95 0.853448 0.948077 0.852011 0.948077 0.850575 0.946154
0 0.724138 0.571154 0.722701 0.573077 0.721264 0.573077 0.718391 0.576923 0.718391 0.578846 0.716954 0.580769 0.716954 0.596154 0.718391 0.598077 0.718391 0.6 0.721264 0.603846 0.721264 0.605769 0.731322 0.619231 0.734195 0.619231 0.735632 0.621154 0.744253 0.621154 0.74569 0.619231 0.74569 0.617308 0.747126 0.615385 0.747126 0.598077 0.742816 0.592308 0.742816 0.590385 0.729885 0.573077 0.728448 0.573077 0.727011 0.571154
0 0 0.238462 0 0.271154 0.00287356 0.271154 0.00431034 0.269231 0.00574713 0.269231 0.00718391 0.267308 0.00862069 0.267308 0.0158046 0.257692 0.0158046 0.246154 0.0143678 0.244231 0.0143678 0.242308 0.012931 0.240385 0.0100575 0.240385 0.00862069 0.238462
0 0.66092 0.753846 0.656609 0.759615 0.656609 0.761538 0.655172 0.763462 0.655172 0.767308 0.653736 0.769231 0.653736 0.788462 0.655172 0.790385 0.655172 0.794231 0.656609 0.796154 0.656609 0.798077 0.66092 0.803846 0.66954 0.803846 0.672414 0.8 0.672414 0.798077 0.673851 0.796154 0.673851 0.790385 0.675287 0.788462 0.675287 0.765385 0.673851 0.763462 0.673851 0.759615 0.66954 0.753846
0 0.0387931 0.0769231 0.0373563 0.0788462 0.033046 0.0788462 0.0301724 0.0826923 0.0287356 0.0826923 0.0258621 0.0865385 0.0258621 0.0884615 0.0215517 0.0942308 0.0215517 0.0961538 0.0201149 0.0980769 0.0201149 0.1 0.0186782 0.101923 0.0186782 0.109615 0.0172414 0.111538 0.0172414 0.113462 0.0186782 0.115385 0.0186782 0.121154 0.0172414 0.123077 0.0172414 0.134615 0.0229885 0.142308 0.0258621 0.142308 0.0272989 0.140385 0.0301724 0.140385 0.033046 0.136538 0.033046 0.134615 0.0359195 0.130769 0.0359195 0.128846 0.0402299 0.123077 0.0402299 0.121154 0.0431034 0.117308 0.0431034 0.113462 0.0445402 0.111538 0.0445402 0.107692 0.045977 0.105769 0.045977 0.0980769 0.0474138 0.0961538 0.0474138 0.0865385 0.045977 0.0846154 0.045977 0.0826923 0.0431034 0.0788462 0.0416667 0.0788462 0.0402299 0.0769231
0 0.321839 0.157692 0.320402 0.159615 0.314655 0.159615 0.313218 0.161538 0.311782 0.161538 0.307471 0.167308 0.307471 0.171154 0.308908 0.173077 0.308908 0.176923 0.311782 0.180769 0.313218 0.180769 0.314655 0.182692 0.316092 0.182692 0.317529 0.184615 0.318966 0.184615 0.320402 0.186538 0.323276 0.186538 0.324713 0.188462 0.333333 0.188462 0.33477 0.186538 0.336207 0.186538 0.337644 0.184615 0.33908 0.184615 0.341954 0.180769 0.341954 0.169231 0.340517 0.167308 0.340517 0.163462 0.337644 0.159615 0.33477 0.159615 0.333333 0.157692
0 0.33908 0.509615 0.336207 0.513462 0.336207 0.515385 0.33477 0.517308 0.33477 0.523077 0.333333 0.525 0.333333 0.534615 0.33477 0.536538 0.33477 0.544231 0.336207 0.546154 0.336207 0.551923 0.337644 0.553846 0.337644 0.555769 0.340517 0.559615 0.340517 0.561538 0.349138 0.573077 0.350575 0.573077 0.352011 0.575 0.353448 0.575 0.354885 0.576923 0.360632 0.576923 0.363506 0.573077 0.363506 0.571154 0.364943 0.569231 0.364943 0.551923 0.363506 0.55 0.363506 0.542308 0.362069 0.540385 0.362069 0.530769 0.360632 0.528846 0.360632 0.525 0.353448 0.515385 0.352011 0.515385 0.350575 0.513462 0.349138 0.513462 0.347701 0.511538 0.344828 0.511538 0.343391 0.509615
0 0.0114943 0.330769 0.0100575 0.332692 0.00718391 0.332692 0.00574713 0.334615 0.00287356 0.334615 0.00143678 0.336538 0 0.336538 0 0.371154 0.00143678 0.373077 0.00287356 0.373077 0.00431034 0.375 0.0100575 0.375 0.0114943 0.373077 0.012931 0.373077 0.0143678 0.371154 0.0143678 0.369231 0.0186782 0.363462 0.0186782 0.357692 0.0201149 0.355769 0.0201149 0.353846 0.0244253 0.348077 0.0244253 0.342308 0.0229885 0.340385 0.0229885 0.338462 0.0186782 0.332692 0.0172414 0.332692 0.0158046 0.330769
0 0.716954 0.446154 0.708333 0.457692 0.708333 0.463462 0.706897 0.465385 0.706897 0.490385 0.708333 0.492308 0.708333 0.494231 0.711207 0.498077 0.712644 0.498077 0.71408 0.5 0.722701 0.5 0.724138 0.498077 0.725575 0.498077 0.727011 0.496154 0.727011 0.494231 0.728448 0.492308 0.728448 0.490385 0.729885 0.488462 0.729885 0.486538 0.731322 0.484615 0.731322 0.473077 0.732759 0.471154 0.732759 0.453846 0.728448 0.448077 0.727011 0.448077 0.725575 0.446154
0 0.135057 0.723077 0.133621 0.725 0.132184 0.725 0.130747 0.726923 0.130747 0.728846 0.126437 0.734615 0.126437 0.736538 0.123563 0.740385 0.123563 0.742308 0.122126 0.744231 0.122126 0.746154 0.12069 0.748077 0.12069 0.751923 0.119253 0.753846 0.119253 0.761538 0.117816 0.763462 0.117816 0.767308 0.119253 0.769231 0.119253 0.780769 0.123563 0.786538 0.125 0.786538 0.126437 0.788462 0.12931 0.788462 0.130747 0.786538 0.133621 0.786538 0.139368 0.778846 0.139368 0.776923 0.142241 0.773077 0.142241 0.771154 0.143678 0.769231 0.143678 0.767308 0.145115 0.765385 0.145115 0.763462 0.146552 0.761538 0.146552 0.75 0.147989 0.748077 0.147989 0.744231 0.146552 0.742308 0.146552 0.734615 0.145115 0.732692 0.145115 0.730769 0.143678 0.728846 0.143678 0.726923 0.142241 0.725 0.140805 0.725 0.139368 0.723077
0 0.757184 0.334615 0.755747 0.336538 0.751437 0.336538 0.747126 0.342308 0.747126 0.344231 0.74569 0.346154 0.74569 0.353846 0.747126 0.355769 0.747126 0.357692 0.748563 0.359615 0.748563 0.361538 0.751437 0.365385 0.751437 0.367308 0.75431 0.371154 0.755747 0.371154 0.757184 0.373077 0.758621 0.373077 0.760057 0.375 0.761494 0.375 0.762931 0.376923 0.767241 0.376923 0.768678 0.375 0.770115 0.375 0.771552 0.373077 0.772989 0.373077 0.774425 0.371154 0.774425 0.365385 0.775862 0.363462 0.775862 0.361538 0.777299 0.359615 0.777299 0.351923 0.775862 0.35 0.775862 0.348077 0.768678 0.338462 0.767241 0.338462 0.765805 0.336538 0.761494 0.336538 0.760057 0.334615
0 0.951149 0.328846 0.949713 0.330769 0.949713 0.338462 0.948276 0.340385 0.948276 0.348077 0.949713 0.35 0.949713 0.357692 0.951149 0.359615 0.951149 0.361538 0.952586 0.363462 0.952586 0.365385 0.956897 0.371154 0.958333 0.371154 0.95977 0.373077 0.968391 0.373077 0.969828 0.371154 0.969828 0.369231 0.971264 0.367308 0.971264 0.357692 0.969828 0.355769 0.969828 0.351923 0.968391 0.35 0.968391 0.344231 0.966954 0.342308 0.966954 0.340385 0.96408 0.336538 0.962644 0.336538 0.958333 0.330769 0.956897 0.330769 0.95546 0.328846
0 0.600575 0.119231 0.596264 0.125 0.596264 0.148077 0.597701 0.15 0.597701 0.151923 0.609195 0.167308 0.610632 0.167308 0.616379 0.175 0.617816 0.175 0.619253 0.176923 0.62069 0.176923 0.622126 0.178846 0.626437 0.178846 0.627874 0.180769 0.633621 0.180769 0.636494 0.176923 0.636494 0.167308 0.635057 0.165385 0.635057 0.157692 0.633621 0.155769 0.633621 0.151923 0.630747 0.148077 0.630747 0.146154 0.62931 0.144231 0.62931 0.142308 0.627874 0.140385 0.627874 0.138462 0.626437 0.136538 0.626437 0.134615 0.619253 0.125 0.617816 0.125 0.614943 0.121154 0.613506 0.121154 0.612069 0.119231
0 0.929598 0.0673077 0.925287 0.0730769 0.925287 0.075 0.923851 0.0769231 0.923851 0.0865385 0.922414 0.0884615 0.922414 0.103846 0.923851 0.105769 0.923851 0.113462 0.925287 0.115385 0.925287 0.121154 0.932471 0.130769 0.939655 0.130769 0.941092 0.128846 0.942529 0.128846 0.945402 0.125 0.945402 0.121154 0.946839 0.119231 0.946839 0.117308 0.948276 0.115385 0.948276 0.0846154 0.946839 0.0826923 0.946839 0.0807692 0.939655 0.0711538 0.935345 0.0711538 0.933908 0.0692308 0.932471 0.0692308 0.931034 0.0673077
0 0.0574713 0.865385 0.0560345 0.867308 0.0502874 0.867308 0.0488506 0.869231 0.0474138 0.869231 0.0431034 0.875 0.0431034 0.888462 0.0488506 0.896154 0.0488506 0.898077 0.058908 0.911538 0.0603448 0.911538 0.0632184 0.915385 0.0718391 0.915385 0.0775862 0.907692 0.0775862 0.905769 0.079023 0.903846 0.079023 0.901923 0.0804598 0.9 0.0804598 0.886538 0.079023 0.884615 0.079023 0.882692 0.0761494 0.878846 0.0761494 0.876923 0.0704023 0.869231 0.0689655 0.869231 0.0675287 0.867308 0.066092 0.867308 0.0646552 0.865385
0 0.673851 0.603846 0.672414 0.605769 0.668103 0.605769 0.66523 0.609615 0.66523 0.611538 0.663793 0.613462 0.663793 0.619231 0.66523 0.621154 0.66523 0.628846 0.666667 0.630769 0.666667 0.632692 0.668103 0.634615 0.668103 0.636538 0.670977 0.640385 0.670977 0.642308 0.678161 0.651923 0.679598 0.651923 0.681034 0.653846 0.685345 0.653846 0.686782 0.655769 0.688218 0.655769 0.689655 0.653846 0.693966 0.653846 0.695402 0.651923 0.695402 0.65 0.696839 0.648077 0.696839 0.646154 0.698276 0.644231 0.698276 0.642308 0.699713 0.640385 0.699713 0.634615 0.698276 0.632692 0.698276 0.630769 0.679598 0.605769 0.678161 0.605769 0.676724 0.603846
0 0 0.896154 0 0.930769 0.00143678 0.932692 0.00287356 0.932692 0.00574713 0.936538 0.00718391 0.936538 0.00862069 0.938462 0.0100575 0.938462 0.0114943 0.940385 0.0244253 0.940385 0.0258621 0.938462 0.0287356 0.938462 0.0301724 0.936538 0.0301724 0.934615 0.0316092 0.932692 0.0316092 0.913462 0.0287356 0.909615 0.0229885 0.909615 0.0215517 0.907692 0.0186782 0.907692 0.012931 0.9 0.0114943 0.9 0.00862069 0.896154
0 0.37931 0.555769 0.377874 0.557692 0.377874 0.559615 0.375 0.563462 0.375 0.569231 0.377874 0.573077 0.37931 0.573077 0.380747 0.575 0.383621 0.575 0.385057 0.576923 0.392241 0.576923 0.393678 0.575 0.395115 0.575 0.399425 0.569231 0.399425 0.561538 0.395115 0.555769 0.390805 0.555769 0.387931 0.559615 0.383621 0.559615 0.380747 0.555769
0 0.208333 0.301923 0.206897 0.303846 0.201149 0.303846 0.199713 0.305769 0.198276 0.305769 0.195402 0.309615 0.193966 0.309615 0.192529 0.311538 0.192529 0.313462 0.191092 0.315385 0.191092 0.336538 0.196839 0.344231 0.198276 0.344231 0.199713 0.346154 0.215517 0.346154 0.216954 0.344231 0.221264 0.344231 0.222701 0.342308 0.224138 0.342308 0.227011 0.338462 0.228448 0.338462 0.231322 0.334615 0.231322 0.332692 0.232759 0.330769 0.232759 0.328846 0.234195 0.326923 0.234195 0.321154 0.232759 0.319231 0.232759 0.317308 0.231322 0.315385 0.231322 0.313462 0.224138 0.303846 0.222701 0.303846 0.221264 0.301923
0 0.747126 0.213462 0.74569 0.215385 0.742816 0.215385 0.741379 0.217308 0.739943 0.217308 0.734195 0.225 0.734195 0.242308 0.735632 0.244231 0.737069 0.244231 0.739943 0.248077 0.744253 0.248077 0.74569 0.25 0.748563 0.25 0.75 0.251923 0.751437 0.251923 0.752874 0.253846 0.757184 0.253846 0.758621 0.255769 0.767241 0.255769 0.768678 0.253846 0.772989 0.253846 0.774425 0.251923 0.774425 0.248077 0.775862 0.246154 0.775862 0.242308 0.774425 0.240385 0.774425 0.236538 0.772989 0.234615 0.772989 0.232692 0.771552 0.230769 0.771552 0.228846 0.768678 0.225 0.768678 0.223077 0.767241 0.221154 0.765805 0.221154 0.764368 0.219231 0.762931 0.219231 0.761494 0.217308 0.757184 0.217308 0.755747 0.215385 0.751437 0.215385 0.75 0.213462
0 0.979885 0.992308 0.978448 0.994231 0.975575 0.994231 0.972701 0.998077 0.99569 0.998077 0.994253 0.996154 0.992816 0.996154 0.991379 0.994231 0.989943 0.994231 0.988506 0.992308
0 0.62069 0.946154 0.619253 0.948077 0.617816 0.948077 0.614943 0.951923 0.613506 0.951923 0.610632 0.955769 0.610632 0.965385 0.609195 0.967308 0.609195 0.971154 0.610632 0.973077 0.610632 0.976923 0.612069 0.978846 0.612069 0.980769 0.617816 0.988462 0.62069 0.988462 0.622126 0.990385 0.630747 0.990385 0.633621 0.986538 0.635057 0.986538 0.642241 0.976923 0.642241 0.975 0.645115 0.971154 0.645115 0.967308 0.643678 0.965385 0.643678 0.961538 0.636494 0.951923 0.635057 0.951923 0.633621 0.95 0.632184 0.95 0.630747 0.948077 0.626437 0.948077 0.625 0.946154
0 0.310345 0.607692 0.308908 0.609615 0.306034 0.609615 0.300287 0.617308 0.300287 0.619231 0.298851 0.621154 0.298851 0.632692 0.300287 0.634615 0.300287 0.638462 0.301724 0.640385 0.301724 0.642308 0.303161 0.644231 0.303161 0.646154 0.316092 0.663462 0.317529 0.663462 0.318966 0.665385 0.329023 0.665385 0.33477 0.657692 0.33477 0.640385 0.333333 0.638462 0.333333 0.636538 0.331897 0.634615 0.331897 0.630769 0.33046 0.628846 0.33046 0.626923 0.329023 0.625 0.329023 0.623077 0.324713 0.617308 0.324713 0.615385 0.320402 0.609615 0.318966 0.609615 0.317529 0.607692
0 0.885057 0.557692 0.883621 0.559615 0.882184 0.559615 0.880747 0.561538 0.876437 0.561538 0.875 0.563462 0.87069 0.563462 0.869253 0.565385 0.866379 0.565385 0.866379 0.567308 0.864943 0.569231 0.864943 0.578846 0.869253 0.584615 0.882184 0.584615 0.883621 0.582692 0.885057 0.582692 0.886494 0.580769 0.886494 0.578846 0.887931 0.576923 0.887931 0.559615 0.886494 0.557692
0 0.685345 0 0.685345 0.00384615 0.683908 0.00576923 0.683908 0.00769231 0.682471 0.00961538 0.682471 0.0115385 0.681034 0.0134615 0.681034 0.0230769 0.682471 0.025 0.682471 0.0269231 0.683908 0.0288462 0.683908 0.0307692 0.688218 0.0365385 0.691092 0.0365385 0.692529 0.0384615 0.693966 0.0384615 0.695402 0.0403846 0.696839 0.0403846 0.699713 0.0442308 0.715517 0.0442308 0.716954 0.0423077 0.716954 0.0288462 0.715517 0.0269231 0.715517 0.0230769 0.71408 0.0211538 0.71408 0.0173077 0.711207 0.0134615 0.711207 0.0115385 0.70977 0.00961538 0.708333 0.00961538 0.70546 0.00576923 0.704023 0.00576923 0.699713 0
0 0.238506 0.169231 0.237069 0.171154 0.235632 0.171154 0.232759 0.175 0.232759 0.176923 0.231322 0.178846 0.231322 0.180769 0.229885 0.182692 0.229885 0.186538 0.228448 0.188462 0.228448 0.192308 0.229885 0.194231 0.229885 0.203846 0.231322 0.205769 0.231322 0.209615 0.232759 0.211538 0.232759 0.215385 0.237069 0.221154 0.238506 0.221154 0.239943 0.223077 0.241379 0.223077 0.242816 0.225 0.244253 0.225 0.24569 0.226923 0.247126 0.226923 0.248563 0.228846 0.25 0.228846 0.251437 0.230769 0.260057 0.230769 0.262931 0.226923 0.262931 0.225 0.264368 0.223077 0.264368 0.215385 0.265805 0.213462 0.265805 0.203846 0.264368 0.201923 0.264368 0.198077 0.262931 0.196154 0.262931 0.194231 0.261494 0.192308 0.261494 0.188462 0.258621 0.184615 0.258621 0.182692 0.255747 0.178846 0.25431 0.178846 0.25 0.173077 0.248563 0.173077 0.24569 0.169231
0 0.573276 0.419231 0.571839 0.421154 0.570402 0.421154 0.566092 0.426923 0.566092 0.428846 0.564655 0.430769 0.564655 0.432692 0.563218 0.434615 0.563218 0.436538 0.560345 0.440385 0.560345 0.442308 0.557471 0.446154 0.557471 0.448077 0.556034 0.45 0.556034 0.451923 0.554598 0.453846 0.554598 0.471154 0.556034 0.473077 0.556034 0.475 0.560345 0.480769 0.563218 0.480769 0.564655 0.482692 0.566092 0.482692 0.567529 0.480769 0.568966 0.480769 0.573276 0.475 0.573276 0.473077 0.576149 0.469231 0.576149 0.467308 0.577586 0.465385 0.577586 0.463462 0.579023 0.461538 0.579023 0.459615 0.581897 0.455769 0.581897 0.453846 0.583333 0.451923 0.583333 0.45 0.58477 0.448077 0.58477 0.446154 0.586207 0.444231 0.586207 0.425 0.581897 0.419231
0 0.965517 0.626923 0.961207 0.632692 0.961207 0.634615 0.95977 0.636538 0.95977 0.640385 0.958333 0.642308 0.958333 0.646154 0.956897 0.648077 0.956897 0.65 0.95546 0.651923 0.95546 0.653846 0.954023 0.655769 0.954023 0.657692 0.952586 0.659615 0.952586 0.673077 0.954023 0.675 0.954023 0.676923 0.95546 0.678846 0.95546 0.680769 0.956897 0.682692 0.956897 0.684615 0.958333 0.686538 0.958333 0.688462 0.95977 0.690385 0.95977 0.692308 0.961207 0.694231 0.962644 0.694231 0.965517 0.690385 0.965517 0.686538 0.966954 0.684615 0.966954 0.682692 0.971264 0.676923 0.971264 0.675 0.972701 0.673077 0.972701 0.671154 0.974138 0.669231 0.974138 0.667308 0.975575 0.665385 0.975575 0.663462 0.977011 0.661538 0.977011 0.659615 0.978448 0.657692 0.978448 0.640385 0.977011 0.638462 0.977011 0.634615 0.975575 0.632692 0.975575 0.630769 0.974138 0.628846 0.971264 0.628846 0.969828 0.626923
0 0.0775862 0.711538 0.0761494 0.713462 0.0747126 0.713462 0.0732759 0.715385 0.0704023 0.715385 0.0646552 0.723077 0.0646552 0.746154 0.066092 0.748077 0.066092 0.753846 0.0689655 0.757692 0.0689655 0.759615 0.0718391 0.763462 0.0732759 0.763462 0.0761494 0.767308 0.0847701 0.767308 0.0862069 0.765385 0.0876437 0.765385 0.0890805 0.763462 0.0905172 0.763462 0.0933908 0.759615 0.0933908 0.757692 0.0962644 0.753846 0.0962644 0.746154 0.0977011 0.744231 0.0977011 0.734615 0.0962644 0.732692 0.0962644 0.728846 0.0847701 0.713462 0.0833333 0.713462 0.0818966 0.711538
0 0.362069 0.917308 0.360632 0.919231 0.357759 0.919231 0.356322 0.921154 0.354885 0.921154 0.352011 0.925 0.350575 0.925 0.347701 0.928846 0.347701 0.930769 0.346264 0.932692 0.346264 0.940385 0.347701 0.942308 0.347701 0.944231 0.349138 0.946154 0.349138 0.948077 0.353448 0.953846 0.354885 0.953846 0.356322 0.955769 0.363506 0.955769 0.364943 0.957692 0.380747 0.957692 0.383621 0.953846 0.383621 0.938462 0.382184 0.936538 0.382184 0.934615 0.377874 0.928846 0.377874 0.926923 0.372126 0.919231 0.369253 0.919231 0.367816 0.917308
0 0.79023 0.619231 0.788793 0.621154 0.787356 0.621154 0.78592 0.623077 0.78592 0.625 0.784483 0.626923 0.784483 0.636538 0.78592 0.638462 0.78592 0.642308 0.787356 0.644231 0.787356 0.646154 0.791667 0.651923 0.791667 0.653846 0.798851 0.663462 0.801724 0.663462 0.803161 0.665385 0.814655 0.665385 0.816092 0.663462 0.816092 0.661538 0.818966 0.657692 0.818966 0.642308 0.817529 0.640385 0.817529 0.638462 0.816092 0.636538 0.814655 0.636538 0.811782 0.632692 0.811782 0.630769 0.806034 0.623077 0.804598 0.623077 0.803161 0.621154 0.801724 0.621154 0.800287 0.619231
0 0.847701 0.990385 0.846264 0.992308 0.840517 0.992308 0.83908 0.994231 0.83908 0.998077 0.876437 0.998077 0.873563 0.994231 0.872126 0.994231 0.869253 0.990385
0 0.389368 0.886538 0.385057 0.892308 0.385057 0.901923 0.386494 0.903846 0.386494 0.905769 0.387931 0.907692 0.387931 0.911538 0.386494 0.913462 0.386494 0.921154 0.392241 0.928846 0.396552 0.928846 0.397989 0.926923 0.397989 0.921154 0.399425 0.919231 0.399425 0.917308 0.400862 0.915385 0.400862 0.911538 0.396552 0.905769 0.396552 0.901923 0.397989 0.9 0.397989 0.896154 0.395115 0.892308 0.395115 0.888462 0.393678 0.886538
0 0.742816 0.984615 0.741379 0.986538 0.738506 0.986538 0.737069 0.988462 0.734195 0.988462 0.732759 0.990385 0.731322 0.990385 0.729885 0.992308 0.727011 0.992308 0.725575 0.994231 0.724138 0.994231 0.722701 0.996154 0.721264 0.996154 0.719828 0.998077 0.760057 0.998077 0.760057 0.994231 0.758621 0.992308 0.758621 0.990385 0.755747 0.986538 0.752874 0.986538 0.751437 0.984615
0 0.0474138 0.484615 0.045977 0.486538 0.0431034 0.486538 0.0402299 0.490385 0.0402299 0.494231 0.0387931 0.496154 0.0387931 0.5 0.0402299 0.501923 0.0402299 0.511538 0.0416667 0.513462 0.0416667 0.515385 0.045977 0.521154 0.045977 0.523077 0.0488506 0.526923 0.0488506 0.528846 0.0560345 0.538462 0.0574713 0.538462 0.058908 0.540385 0.0675287 0.540385 0.0689655 0.538462 0.0732759 0.538462 0.0761494 0.534615 0.0761494 0.528846 0.0775862 0.526923 0.0775862 0.519231 0.0761494 0.517308 0.0761494 0.511538 0.0747126 0.509615 0.0747126 0.507692 0.0732759 0.505769 0.0732759 0.503846 0.0689655 0.498077 0.0675287 0.498077 0.0603448 0.488462 0.058908 0.488462 0.0574713 0.486538 0.0531609 0.486538 0.0517241 0.484615
0 0.498563 0.713462 0.497126 0.715385 0.49569 0.715385 0.494253 0.717308 0.492816 0.717308 0.491379 0.719231 0.488506 0.719231 0.487069 0.721154 0.487069 0.723077 0.485632 0.725 0.485632 0.734615 0.488506 0.738462 0.488506 0.740385 0.498563 0.753846 0.501437 0.753846 0.502874 0.755769 0.507184 0.755769 0.511494 0.75 0.511494 0.748077 0.512931 0.746154 0.512931 0.742308 0.514368 0.740385 0.514368 0.726923 0.512931 0.725 0.512931 0.721154 0.507184 0.713462
0 0.192529 0.611538 0.191092 0.613462 0.189655 0.613462 0.185345 0.619231 0.185345 0.623077 0.183908 0.625 0.183908 0.628846 0.182471 0.630769 0.182471 0.659615 0.183908 0.661538 0.183908 0.665385 0.185345 0.667308 0.185345 0.669231 0.186782 0.671154 0.186782 0.673077 0.188218 0.675 0.188218 0.676923 0.195402 0.686538 0.201149 0.686538 0.202586 0.684615 0.204023 0.684615 0.20546 0.682692 0.206897 0.682692 0.20977 0.678846 0.20977 0.671154 0.211207 0.669231 0.211207 0.665385 0.212644 0.663462 0.212644 0.648077 0.211207 0.646154 0.211207 0.640385 0.20977 0.638462 0.20977 0.632692 0.208333 0.630769 0.208333 0.628846 0.20546 0.625 0.20546 0.623077 0.196839 0.611538
0 0.441092 0.551923 0.439655 0.553846 0.436782 0.553846 0.435345 0.555769 0.432471 0.555769 0.431034 0.557692 0.429598 0.557692 0.425287 0.563462 0.425287 0.575 0.426724 0.576923 0.426724 0.578846 0.433908 0.588462 0.436782 0.588462 0.439655 0.592308 0.441092 0.592308 0.446839 0.6 0.45546 0.6 0.456897 0.598077 0.458333 0.598077 0.461207 0.594231 0.461207 0.590385 0.462644 0.588462 0.462644 0.578846 0.461207 0.576923 0.461207 0.571154 0.45977 0.569231 0.45977 0.565385 0.451149 0.553846 0.448276 0.553846 0.446839 0.551923
0 0.561782 0.769231 0.560345 0.771154 0.550287 0.771154 0.545977 0.776923 0.545977 0.792308 0.547414 0.794231 0.547414 0.796154 0.553161 0.803846 0.554598 0.803846 0.556034 0.805769 0.563218 0.805769 0.566092 0.801923 0.567529 0.801923 0.568966 0.803846 0.570402 0.803846 0.571839 0.801923 0.571839 0.8 0.573276 0.798077 0.573276 0.792308 0.574713 0.790385 0.574713 0.786538 0.573276 0.784615 0.573276 0.780769 0.564655 0.769231
0 0 0.692308 0 0.740385 0.00718391 0.740385 0.00862069 0.738462 0.0100575 0.738462 0.012931 0.734615 0.0143678 0.734615 0.0172414 0.730769 0.0172414 0.711538 0.0186782 0.709615 0.0172414 0.707692 0.0143678 0.707692 0.00431034 0.694231 0.00287356 0.694231 0.00143678 0.692308
0 0.652299 0.384615 0.650862 0.386538 0.647989 0.386538 0.642241 0.394231 0.642241 0.398077 0.640805 0.4 0.640805 0.419231 0.642241 0.421154 0.642241 0.425 0.643678 0.426923 0.643678 0.428846 0.650862 0.438462 0.653736 0.438462 0.655172 0.440385 0.66092 0.440385 0.662356 0.438462 0.663793 0.438462 0.668103 0.432692 0.668103 0.425 0.66954 0.423077 0.66954 0.421154 0.668103 0.419231 0.668103 0.409615 0.666667 0.407692 0.666667 0.4 0.66523 0.398077 0.66523 0.394231 0.663793 0.392308 0.663793 0.390385 0.66092 0.386538 0.656609 0.386538 0.655172 0.384615
0 0.820402 0.690385 0.817529 0.694231 0.808908 0.694231 0.806034 0.698077 0.806034 0.705769 0.804598 0.707692 0.804598 0.721154 0.806034 0.723077 0.806034 0.726923 0.807471 0.728846 0.807471 0.730769 0.814655 0.740385 0.824713 0.740385 0.826149 0.738462 0.827586 0.738462 0.83046 0.734615 0.83046 0.707692 0.829023 0.705769 0.829023 0.701923 0.827586 0.7 0.827586 0.696154 0.824713 0.692308 0.823276 0.692308 0.821839 0.690385
0 0.821839 0.584615 0.818966 0.588462 0.818966 0.592308 0.820402 0.594231 0.820402 0.596154 0.823276 0.6 0.824713 0.6 0.827586 0.603846 0.829023 0.603846 0.83046 0.605769 0.831897 0.605769 0.833333 0.607692 0.854885 0.607692 0.857759 0.603846 0.857759 0.598077 0.853448 0.592308 0.852011 0.592308 0.850575 0.590385 0.846264 0.590385 0.844828 0.588462 0.843391 0.588462 0.841954 0.586538 0.83908 0.586538 0.837644 0.584615
0 0.966954 0 0.962644 0.00576923 0.962644 0.00961538 0.961207 0.0115385 0.961207 0.0173077 0.962644 0.0192308 0.96408 0.0192308 0.966954 0.0230769 0.981322 0.0230769 0.982759 0.0211538 0.982759 0.00769231 0.984195 0.00576923 0.984195 0
0 0.0373563 0.786538 0.0359195 0.788462 0.0344828 0.788462 0.033046 0.790385 0.0316092 0.790385 0.0301724 0.792308 0.0301724 0.794231 0.0272989 0.798077 0.0272989 0.805769 0.0301724 0.809615 0.0301724 0.811538 0.033046 0.815385 0.0344828 0.815385 0.0416667 0.825 0.0431034 0.825 0.0445402 0.826923 0.0474138 0.826923 0.0488506 0.828846 0.0502874 0.828846 0.0517241 0.830769 0.0560345 0.830769 0.0574713 0.832692 0.0603448 0.832692 0.0617816 0.830769 0.0632184 0.830769 0.0646552 0.828846 0.066092 0.828846 0.0689655 0.825 0.0689655 0.817308 0.0675287 0.815385 0.0675287 0.811538 0.066092 0.809615 0.066092 0.807692 0.0646552 0.805769 0.0632184 0.805769 0.0617816 0.803846 0.0603448 0.803846 0.0531609 0.794231 0.0517241 0.794231 0.0488506 0.790385 0.0474138 0.790385 0.045977 0.788462 0.0445402 0.788462 0.0431034 0.786538
0 0.0876437 0.223077 0.0862069 0.225 0.0847701 0.225 0.0804598 0.230769 0.0804598 0.246154 0.0862069 0.253846 0.0862069 0.255769 0.0905172 0.261538 0.091954 0.261538 0.0948276 0.265385 0.102011 0.265385 0.103448 0.263462 0.104885 0.263462 0.109195 0.257692 0.109195 0.255769 0.110632 0.253846 0.110632 0.244231 0.112069 0.242308 0.112069 0.234615 0.106322 0.226923 0.102011 0.226923 0.100575 0.225 0.0962644 0.225 0.0948276 0.223077
0 0.566092 0.803846 0.563218 0.807692 0.558908 0.807692 0.556034 0.811538 0.554598 0.811538 0.551724 0.815385 0.551724 0.817308 0.550287 0.819231 0.550287 0.823077 0.551724 0.825 0.551724 0.828846 0.557471 0.836538 0.558908 0.836538 0.560345 0.838462 0.566092 0.838462 0.567529 0.840385 0.573276 0.840385 0.574713 0.838462 0.577586 0.838462 0.581897 0.832692 0.581897 0.828846 0.583333 0.826923 0.583333 0.817308 0.579023 0.811538 0.577586 0.811538 0.576149 0.809615 0.574713 0.809615 0.571839 0.805769 0.568966 0.805769 0.567529 0.803846
0 0.224138 0.869231 0.222701 0.871154 0.219828 0.871154 0.216954 0.875 0.215517 0.875 0.211207 0.880769 0.20977 0.880769 0.208333 0.882692 0.208333 0.884615 0.206897 0.886538 0.206897 0.888462 0.20546 0.890385 0.20546 0.894231 0.206897 0.896154 0.206897 0.9 0.211207 0.905769 0.21408 0.905769 0.215517 0.907692 0.225575 0.907692 0.227011 0.905769 0.228448 0.905769 0.229885 0.903846 0.231322 0.903846 0.232759 0.901923 0.234195 0.901923 0.237069 0.898077 0.238506 0.898077 0.241379 0.894231 0.244253 0.894231 0.24569 0.892308 0.24569 0.890385 0.248563 0.886538 0.248563 0.876923 0.244253 0.871154 0.242816 0.871154 0.241379 0.869231
0 0.112069 0.528846 0.110632 0.530769 0.109195 0.530769 0.103448 0.538462 0.103448 0.540385 0.102011 0.542308 0.102011 0.544231 0.103448 0.546154 0.103448 0.553846 0.104885 0.555769 0.104885 0.557692 0.106322 0.559615 0.106322 0.561538 0.109195 0.565385 0.110632 0.565385 0.113506 0.569231 0.114943 0.569231 0.116379 0.571154 0.117816 0.571154 0.119253 0.573077 0.122126 0.573077 0.123563 0.575 0.133621 0.575 0.135057 0.573077 0.136494 0.573077 0.137931 0.571154 0.139368 0.571154 0.140805 0.569231 0.140805 0.567308 0.142241 0.565385 0.142241 0.563462 0.140805 0.561538 0.140805 0.555769 0.139368 0.553846 0.139368 0.551923 0.137931 0.55 0.137931 0.548077 0.135057 0.544231 0.135057 0.542308 0.126437 0.530769 0.125 0.530769 0.123563 0.528846
0 0.941092 0.790385 0.939655 0.792308 0.938218 0.792308 0.936782 0.794231 0.935345 0.794231 0.931034 0.8 0.929598 0.8 0.928161 0.801923 0.926724 0.801923 0.925287 0.803846 0.923851 0.803846 0.91954 0.809615 0.91954 0.811538 0.918103 0.813462 0.918103 0.815385 0.916667 0.817308 0.916667 0.828846 0.91954 0.832692 0.920977 0.832692 0.922414 0.834615 0.928161 0.834615 0.929598 0.836538 0.935345 0.836538 0.936782 0.834615 0.939655 0.834615 0.941092 0.832692 0.942529 0.832692 0.943966 0.830769 0.945402 0.830769 0.952586 0.821154 0.952586 0.819231 0.954023 0.817308 0.954023 0.815385 0.95546 0.813462 0.95546 0.811538 0.956897 0.809615 0.956897 0.805769 0.954023 0.801923 0.952586 0.801923 0.951149 0.8 0.949713 0.8 0.942529 0.790385
0 0.646552 0.628846 0.642241 0.634615 0.642241 0.638462 0.640805 0.640385 0.640805 0.642308 0.639368 0.644231 0.639368 0.65 0.637931 0.651923 0.637931 0.665385 0.636494 0.667308 0.636494 0.680769 0.637931 0.682692 0.637931 0.684615 0.642241 0.690385 0.649425 0.690385 0.650862 0.688462 0.652299 0.688462 0.66092 0.676923 0.66092 0.661538 0.659483 0.659615 0.659483 0.636538 0.655172 0.630769 0.650862 0.630769 0.649425 0.628846
0 0.767241 0.392308 0.764368 0.396154 0.764368 0.398077 0.762931 0.4 0.762931 0.413462 0.764368 0.415385 0.764368 0.417308 0.767241 0.421154 0.767241 0.423077 0.768678 0.425 0.770115 0.425 0.772989 0.428846 0.787356 0.428846 0.788793 0.426923 0.79023 0.426923 0.79454 0.421154 0.79454 0.405769 0.79023 0.4 0.787356 0.4 0.78592 0.398077 0.783046 0.398077 0.781609 0.396154 0.780172 0.396154 0.778736 0.394231 0.772989 0.394231 0.771552 0.392308
0 0.675287 0.0807692 0.673851 0.0826923 0.66954 0.0826923 0.668103 0.0846154 0.668103 0.0865385 0.666667 0.0884615 0.666667 0.0923077 0.66523 0.0942308 0.66523 0.103846 0.666667 0.105769 0.666667 0.113462 0.672414 0.121154 0.676724 0.121154 0.678161 0.123077 0.683908 0.123077 0.685345 0.125 0.692529 0.125 0.696839 0.119231 0.696839 0.117308 0.698276 0.115385 0.698276 0.109615 0.696839 0.107692 0.696839 0.105769 0.695402 0.103846 0.695402 0.101923 0.693966 0.1 0.693966 0.0980769 0.692529 0.0961538 0.692529 0.0923077 0.685345 0.0826923 0.681034 0.0826923 0.679598 0.0807692
0 0.29023 0.519231 0.288793 0.521154 0.287356 0.521154 0.283046 0.526923 0.283046 0.528846 0.278736 0.534615 0.278736 0.536538 0.274425 0.542308 0.274425 0.557692 0.275862 0.559615 0.277299 0.559615 0.278736 0.557692 0.283046 0.557692 0.287356 0.551923 0.287356 0.55 0.29023 0.546154 0.29023 0.540385 0.291667 0.538462 0.291667 0.536538 0.29454 0.532692 0.29454 0.521154 0.293103 0.519231
0 0.00143678 0.605769 0 0.607692 0 0.646154 0.00143678 0.646154 0.00287356 0.648077 0.00574713 0.648077 0.00718391 0.65 0.0215517 0.65 0.0229885 0.648077 0.0244253 0.648077 0.0316092 0.638462 0.0316092 0.625 0.0215517 0.611538 0.0201149 0.611538 0.0186782 0.609615 0.0172414 0.609615 0.0158046 0.607692 0.0143678 0.607692 0.012931 0.605769
0 0.691092 0.896154 0.689655 0.898077 0.686782 0.898077 0.679598 0.907692 0.679598 0.909615 0.678161 0.911538 0.678161 0.913462 0.676724 0.915385 0.676724 0.923077 0.678161 0.925 0.678161 0.930769 0.683908 0.938462 0.685345 0.938462 0.686782 0.940385 0.688218 0.940385 0.689655 0.942308 0.699713 0.942308 0.701149 0.940385 0.702586 0.940385 0.708333 0.932692 0.708333 0.930769 0.70977 0.928846 0.70977 0.926923 0.711207 0.925 0.711207 0.915385 0.708333 0.911538 0.708333 0.909615 0.70546 0.905769 0.70546 0.903846 0.701149 0.898077 0.699713 0.898077 0.698276 0.896154
0 0.0143678 0.859615 0.012931 0.861538 0.012931 0.892308 0.0143678 0.894231 0.0143678 0.9 0.0186782 0.905769 0.0215517 0.905769 0.0229885 0.907692 0.0287356 0.907692 0.0301724 0.909615 0.0359195 0.909615 0.0416667 0.901923 0.0416667 0.9 0.0431034 0.898077 0.0431034 0.894231 0.0416667 0.892308 0.0416667 0.886538 0.0373563 0.880769 0.0373563 0.878846 0.0359195 0.876923 0.0359195 0.873077 0.033046 0.869231 0.033046 0.867308 0.0301724 0.863462 0.0287356 0.863462 0.0272989 0.861538 0.0258621 0.861538 0.0244253 0.859615
0 0.189655 0.134615 0.183908 0.142308 0.183908 0.146154 0.182471 0.148077 0.182471 0.163462 0.183908 0.165385 0.183908 0.171154 0.186782 0.175 0.186782 0.176923 0.193966 0.186538 0.206897 0.186538 0.211207 0.180769 0.211207 0.178846 0.212644 0.176923 0.212644 0.169231 0.211207 0.167308 0.211207 0.163462 0.20977 0.161538 0.20977 0.159615 0.206897 0.155769 0.206897 0.151923 0.20546 0.15 0.20546 0.148077 0.202586 0.144231 0.202586 0.142308 0.198276 0.136538 0.196839 0.136538 0.195402 0.134615
0 0.123563 0.896154 0.119253 0.901923 0.119253 0.903846 0.117816 0.905769 0.117816 0.911538 0.119253 0.913462 0.119253 0.915385 0.122126 0.919231 0.122126 0.921154 0.125 0.925 0.126437 0.925 0.132184 0.932692 0.133621 0.932692 0.139368 0.940385 0.140805 0.940385 0.142241 0.942308 0.149425 0.942308 0.150862 0.940385 0.150862 0.938462 0.152299 0.936538 0.152299 0.928846 0.150862 0.926923 0.150862 0.925 0.147989 0.921154 0.147989 0.919231 0.133621 0.9 0.132184 0.9 0.130747 0.898077 0.12931 0.898077 0.127874 0.896154
0 0.287356 0.171154 0.28592 0.173077 0.284483 0.173077 0.277299 0.182692 0.277299 0.184615 0.275862 0.186538 0.275862 0.192308 0.274425 0.194231 0.274425 0.205769 0.275862 0.207692 0.275862 0.213462 0.277299 0.215385 0.277299 0.225 0.280172 0.228846 0.281609 0.228846 0.284483 0.232692 0.28592 0.232692 0.287356 0.234615 0.291667 0.234615 0.295977 0.228846 0.297414 0.228846 0.301724 0.223077 0.301724 0.221154 0.303161 0.219231 0.303161 0.217308 0.306034 0.213462 0.306034 0.211538 0.307471 0.209615 0.307471 0.203846 0.308908 0.201923 0.308908 0.2 0.306034 0.196154 0.306034 0.192308 0.304598 0.190385 0.304598 0.188462 0.303161 0.186538 0.303161 0.182692 0.298851 0.176923 0.297414 0.176923 0.295977 0.175 0.29454 0.175 0.293103 0.173077 0.29023 0.173077 0.288793 0.171154
0 0.975575 0.830769 0.974138 0.832692 0.972701 0.832692 0.971264 0.834615 0.968391 0.834615 0.966954 0.836538 0.96408 0.836538 0.962644 0.838462 0.95977 0.838462 0.956897 0.842308 0.954023 0.842308 0.952586 0.844231 0.951149 0.844231 0.948276 0.848077 0.945402 0.848077 0.942529 0.851923 0.941092 0.851923 0.939655 0.853846 0.938218 0.853846 0.936782 0.855769 0.936782 0.857692 0.935345 0.859615 0.935345 0.865385 0.936782 0.867308 0.936782 0.869231 0.938218 0.871154 0.939655 0.871154 0.941092 0.873077 0.945402 0.873077 0.946839 0.875 0.95546 0.875 0.956897 0.873077 0.966954 0.873077 0.968391 0.871154 0.969828 0.871154 0.971264 0.869231 0.972701 0.869231 0.977011 0.863462 0.977011 0.861538 0.982759 0.853846 0.982759 0.851923 0.984195 0.85 0.984195 0.848077 0.985632 0.846154 0.985632 0.844231 0.981322 0.838462 0.981322 0.836538 0.977011 0.830769
0 0.436782 0 0.436782 0.00192308 0.435345 0.00384615 0.435345 0.00769231 0.436782 0.00961538 0.436782 0.0115385 0.441092 0.0173077 0.443966 0.0173077 0.445402 0.0192308 0.458333 0.0192308 0.465517 0.00961538 0.465517 0.00576923 0.466954 0.00384615 0.466954 0
0 0.806034 0.819231 0.804598 0.821154 0.803161 0.821154 0.801724 0.823077 0.800287 0.823077 0.797414 0.826923 0.795977 0.826923 0.791667 0.832692 0.791667 0.834615 0.79023 0.836538 0.79023 0.838462 0.788793 0.840385 0.788793 0.855769 0.79023 0.857692 0.79023 0.859615 0.793103 0.863462 0.79454 0.863462 0.795977 0.865385 0.806034 0.865385 0.807471 0.863462 0.811782 0.863462 0.821839 0.85 0.821839 0.848077 0.823276 0.846154 0.823276 0.844231 0.824713 0.842308 0.824713 0.830769 0.821839 0.826923 0.821839 0.825 0.820402 0.823077 0.818966 0.823077 0.817529 0.821154 0.816092 0.821154 0.814655 0.819231
0 0.744253 0.425 0.741379 0.428846 0.739943 0.428846 0.737069 0.432692 0.737069 0.463462 0.738506 0.465385 0.738506 0.469231 0.739943 0.471154 0.739943 0.473077 0.74569 0.480769 0.747126 0.480769 0.748563 0.482692 0.751437 0.482692 0.752874 0.484615 0.761494 0.484615 0.765805 0.478846 0.765805 0.469231 0.767241 0.467308 0.767241 0.465385 0.765805 0.463462 0.765805 0.459615 0.764368 0.457692 0.764368 0.453846 0.762931 0.451923 0.762931 0.448077 0.761494 0.446154 0.761494 0.444231 0.757184 0.438462 0.755747 0.438462 0.75 0.430769 0.75 0.428846 0.747126 0.425
0 0.988506 0.665385 0.987069 0.667308 0.984195 0.667308 0.982759 0.669231 0.982759 0.671154 0.981322 0.673077 0.981322 0.684615 0.982759 0.686538 0.982759 0.690385 0.984195 0.692308 0.984195 0.694231 0.988506 0.7 0.988506 0.701923 0.989943 0.703846 0.991379 0.703846 0.992816 0.705769 0.994253 0.705769 0.99569 0.703846 0.997126 0.703846 0.998563 0.701923 0.998563 0.667308 0.994253 0.667308 0.992816 0.665385
0 0.767241 0.146154 0.765805 0.148077 0.760057 0.148077 0.758621 0.15 0.758621 0.151923 0.757184 0.153846 0.757184 0.176923 0.758621 0.178846 0.758621 0.186538 0.760057 0.188462 0.760057 0.190385 0.761494 0.192308 0.761494 0.196154 0.767241 0.203846 0.768678 0.203846 0.770115 0.205769 0.771552 0.205769 0.772989 0.207692 0.777299 0.207692 0.778736 0.209615 0.784483 0.209615 0.78592 0.207692 0.788793 0.207692 0.79023 0.205769 0.791667 0.205769 0.79454 0.201923 0.79454 0.2 0.795977 0.198077 0.795977 0.188462 0.79454 0.186538 0.79454 0.184615 0.793103 0.182692 0.793103 0.176923 0.791667 0.175 0.791667 0.173077 0.79023 0.171154 0.79023 0.169231 0.778736 0.153846 0.777299 0.153846 0.772989 0.148077 0.771552 0.148077 0.770115 0.146154
0 0.0862069 0.386538 0.0818966 0.392308 0.0818966 0.401923 0.0804598 0.403846 0.0804598 0.405769 0.0818966 0.407692 0.0818966 0.411538 0.0833333 0.413462 0.0833333 0.417308 0.0847701 0.419231 0.0847701 0.421154 0.0862069 0.423077 0.0862069 0.425 0.0876437 0.426923 0.0876437 0.428846 0.0905172 0.432692 0.0905172 0.434615 0.0933908 0.438462 0.0933908 0.440385 0.0977011 0.446154 0.0991379 0.446154 0.100575 0.448077 0.104885 0.448077 0.106322 0.446154 0.107759 0.446154 0.110632 0.442308 0.110632 0.440385 0.112069 0.438462 0.112069 0.436538 0.113506 0.434615 0.113506 0.432692 0.112069 0.430769 0.112069 0.419231 0.110632 0.417308 0.110632 0.413462 0.107759 0.409615 0.107759 0.405769 0.0948276 0.388462 0.091954 0.388462 0.0905172 0.386538
0 0.142241 0.0846154 0.140805 0.0865385 0.140805 0.0884615 0.137931 0.0923077 0.137931 0.0942308 0.136494 0.0961538 0.136494 0.103846 0.137931 0.105769 0.137931 0.113462 0.139368 0.115385 0.139368 0.117308 0.142241 0.121154 0.142241 0.123077 0.143678 0.125 0.146552 0.125 0.147989 0.126923 0.155172 0.126923 0.156609 0.125 0.158046 0.125 0.159483 0.123077 0.159483 0.121154 0.163793 0.115385 0.163793 0.113462 0.16523 0.111538 0.16523 0.0942308 0.159483 0.0865385 0.155172 0.0865385 0.153736 0.0846154
0 0.443966 0.680769 0.442529 0.682692 0.436782 0.682692 0.435345 0.684615 0.433908 0.684615 0.432471 0.686538 0.431034 0.686538 0.426724 0.692308 0.426724 0.694231 0.425287 0.696154 0.425287 0.707692 0.426724 0.709615 0.426724 0.711538 0.428161 0.713462 0.429598 0.713462 0.431034 0.715385 0.432471 0.715385 0.433908 0.717308 0.442529 0.717308 0.443966 0.715385 0.448276 0.715385 0.449713 0.713462 0.451149 0.713462 0.45546 0.707692 0.45546 0.690385 0.454023 0.688462 0.454023 0.682692 0.452586 0.680769
0 0.530172 0.857692 0.528736 0.859615 0.515805 0.859615 0.514368 0.861538 0.512931 0.861538 0.507184 0.869231 0.507184 0.871154 0.505747 0.873077 0.505747 0.878846 0.507184 0.880769 0.507184 0.882692 0.511494 0.888462 0.512931 0.888462 0.514368 0.890385 0.515805 0.890385 0.517241 0.892308 0.531609 0.892308 0.533046 0.890385 0.537356 0.890385 0.538793 0.888462 0.54023 0.888462 0.541667 0.886538 0.543103 0.886538 0.547414 0.880769 0.547414 0.878846 0.548851 0.876923 0.548851 0.869231 0.547414 0.867308 0.547414 0.865385 0.54454 0.861538 0.541667 0.861538 0.54023 0.859615 0.53592 0.859615 0.534483 0.857692
0 0.270115 0.676923 0.268678 0.678846 0.265805 0.678846 0.264368 0.680769 0.264368 0.682692 0.262931 0.684615 0.262931 0.713462 0.261494 0.715385 0.261494 0.721154 0.260057 0.723077 0.260057 0.725 0.258621 0.726923 0.258621 0.728846 0.257184 0.730769 0.257184 0.732692 0.255747 0.734615 0.255747 0.738462 0.257184 0.740385 0.267241 0.740385 0.268678 0.738462 0.271552 0.738462 0.275862 0.732692 0.275862 0.730769 0.277299 0.728846 0.277299 0.726923 0.278736 0.725 0.278736 0.723077 0.281609 0.719231 0.281609 0.707692 0.283046 0.705769 0.283046 0.696154 0.284483 0.694231 0.284483 0.684615 0.283046 0.682692 0.283046 0.680769 0.281609 0.678846 0.280172 0.678846 0.278736 0.676923
0 0.583333 0.0230769 0.581897 0.025 0.58046 0.025 0.579023 0.0269231 0.574713 0.0269231 0.573276 0.0288462 0.573276 0.0403846 0.574713 0.0423077 0.574713 0.0461538 0.576149 0.0480769 0.576149 0.05 0.577586 0.0519231 0.577586 0.0538462 0.581897 0.0596154 0.583333 0.0596154 0.58908 0.0673077 0.590517 0.0673077 0.593391 0.0711538 0.594828 0.0711538 0.596264 0.0730769 0.597701 0.0730769 0.599138 0.075 0.600575 0.075 0.602011 0.0769231 0.613506 0.0769231 0.616379 0.0730769 0.616379 0.0711538 0.617816 0.0692308 0.617816 0.0519231 0.616379 0.05 0.616379 0.0480769 0.610632 0.0403846 0.609195 0.0403846 0.606322 0.0365385 0.604885 0.0365385 0.603448 0.0346154 0.602011 0.0346154 0.600575 0.0326923 0.599138 0.0326923 0.596264 0.0288462 0.594828 0.0288462 0.593391 0.0269231 0.591954 0.0269231 0.590517 0.025 0.587644 0.025 0.586207 0.0230769
0 0.603448 0.788462 0.603448 0.790385 0.599138 0.796154 0.599138 0.798077 0.597701 0.8 0.597701 0.807692 0.599138 0.809615 0.599138 0.811538 0.600575 0.813462 0.600575 0.815385 0.602011 0.817308 0.603448 0.817308 0.604885 0.819231 0.607759 0.819231 0.609195 0.821154 0.613506 0.821154 0.614943 0.823077 0.616379 0.823077 0.619253 0.819231 0.619253 0.817308 0.62069 0.815385 0.62069 0.811538 0.622126 0.809615 0.622126 0.798077 0.614943 0.788462
0 0.686782 0.334615 0.685345 0.336538 0.685345 0.338462 0.683908 0.340385 0.683908 0.346154 0.682471 0.348077 0.682471 0.351923 0.683908 0.353846 0.683908 0.361538 0.685345 0.363462 0.685345 0.369231 0.686782 0.371154 0.686782 0.396154 0.688218 0.398077 0.688218 0.4 0.689655 0.401923 0.691092 0.401923 0.692529 0.403846 0.702586 0.403846 0.70977 0.394231 0.70977 0.392308 0.711207 0.390385 0.711207 0.373077 0.70977 0.371154 0.70977 0.367308 0.708333 0.365385 0.708333 0.357692 0.706897 0.355769 0.706897 0.351923 0.70546 0.35 0.70546 0.348077 0.701149 0.342308 0.701149 0.340385 0.699713 0.338462 0.698276 0.338462 0.695402 0.334615
0 0.579023 0.259615 0.573276 0.267308 0.573276 0.269231 0.571839 0.271154 0.571839 0.275 0.567529 0.280769 0.567529 0.282692 0.564655 0.286538 0.564655 0.294231 0.561782 0.298077 0.561782 0.307692 0.563218 0.309615 0.563218 0.311538 0.566092 0.315385 0.567529 0.315385 0.568966 0.317308 0.570402 0.317308 0.571839 0.315385 0.574713 0.315385 0.583333 0.303846 0.583333 0.301923 0.586207 0.298077 0.586207 0.296154 0.58908 0.292308 0.58908 0.290385 0.591954 0.286538 0.591954 0.269231 0.590517 0.267308 0.590517 0.265385 0.587644 0.261538 0.58477 0.261538 0.583333 0.259615
0 0.422414 0.261538 0.420977 0.263462 0.416667 0.263462 0.41523 0.265385 0.412356 0.265385 0.41092 0.267308 0.409483 0.267308 0.408046 0.269231 0.408046 0.273077 0.409483 0.275 0.409483 0.276923 0.41092 0.278846 0.418103 0.278846 0.41954 0.276923 0.426724 0.276923 0.428161 0.275 0.432471 0.275 0.433908 0.273077 0.435345 0.273077 0.438218 0.269231 0.438218 0.265385 0.436782 0.263462 0.435345 0.263462 0.433908 0.261538
0 0.992816 0.496154 0.991379 0.498077 0.989943 0.498077 0.988506 0.5 0.985632 0.5 0.984195 0.501923 0.982759 0.501923 0.979885 0.505769 0.978448 0.505769 0.974138 0.511538 0.974138 0.513462 0.972701 0.515385 0.972701 0.528846 0.978448 0.536538 0.981322 0.536538 0.982759 0.538462 0.991379 0.538462 0.992816 0.536538 0.994253 0.536538 0.998563 0.530769 0.998563 0.496154
0 0.0804598 0.290385 0.079023 0.292308 0.0761494 0.292308 0.0747126 0.294231 0.0704023 0.294231 0.0689655 0.296154 0.066092 0.296154 0.0646552 0.298077 0.0632184 0.298077 0.0617816 0.3 0.0617816 0.301923 0.0603448 0.303846 0.0603448 0.313462 0.0617816 0.315385 0.0617816 0.319231 0.0632184 0.321154 0.0632184 0.323077 0.0646552 0.325 0.0646552 0.326923 0.066092 0.328846 0.0675287 0.328846 0.0689655 0.330769 0.0847701 0.330769 0.0862069 0.328846 0.0876437 0.328846 0.0948276 0.319231 0.0948276 0.315385 0.0962644 0.313462 0.0962644 0.305769 0.0948276 0.303846 0.0948276 0.3 0.0933908 0.298077 0.0933908 0.296154 0.0890805 0.290385
0 0.383621 0.505769 0.382184 0.507692 0.37931 0.507692 0.376437 0.511538 0.375 0.511538 0.373563 0.513462 0.372126 0.513462 0.367816 0.519231 0.367816 0.530769 0.373563 0.538462 0.385057 0.538462 0.390805 0.530769 0.392241 0.530769 0.396552 0.525 0.396552 0.513462 0.390805 0.505769
0 0.0244253 0.707692 0.0229885 0.709615 0.0201149 0.709615 0.0186782 0.711538 0.0186782 0.734615 0.0287356 0.748077 0.033046 0.748077 0.0344828 0.75 0.0402299 0.75 0.0416667 0.751923 0.045977 0.751923 0.0474138 0.75 0.0502874 0.75 0.0545977 0.744231 0.0545977 0.742308 0.0560345 0.740385 0.0560345 0.736538 0.0545977 0.734615 0.0545977 0.732692 0.0531609 0.730769 0.0531609 0.728846 0.0517241 0.726923 0.0517241 0.725 0.0488506 0.721154 0.0488506 0.719231 0.045977 0.715385 0.0445402 0.715385 0.0416667 0.711538 0.0402299 0.711538 0.0387931 0.709615 0.0373563 0.709615 0.0359195 0.707692
0 0.659483 0.0365385 0.658046 0.0384615 0.656609 0.0384615 0.653736 0.0423077 0.653736 0.0442308 0.652299 0.0461538 0.652299 0.0557692 0.653736 0.0576923 0.653736 0.0596154 0.656609 0.0634615 0.658046 0.0634615 0.659483 0.0653846 0.662356 0.0653846 0.663793 0.0673077 0.666667 0.0673077 0.668103 0.0692308 0.66954 0.0692308 0.670977 0.0711538 0.672414 0.0711538 0.673851 0.0730769 0.675287 0.0730769 0.676724 0.075 0.678161 0.075 0.679598 0.0769231 0.682471 0.0769231 0.683908 0.075 0.683908 0.0730769 0.685345 0.0711538 0.685345 0.0634615 0.686782 0.0615385 0.686782 0.0538462 0.685345 0.0519231 0.685345 0.0480769 0.682471 0.0442308 0.681034 0.0442308 0.678161 0.0403846 0.675287 0.0403846 0.673851 0.0384615 0.666667 0.0384615 0.66523 0.0365385
0 0.892241 0.661538 0.883621 0.673077 0.883621 0.675 0.882184 0.676923 0.882184 0.688462 0.883621 0.690385 0.883621 0.692308 0.886494 0.696154 0.887931 0.696154 0.889368 0.698077 0.890805 0.698077 0.892241 0.7 0.899425 0.7 0.902299 0.696154 0.902299 0.688462 0.900862 0.686538 0.900862 0.682692 0.899425 0.680769 0.899425 0.676923 0.897989 0.675 0.897989 0.673077 0.896552 0.671154 0.896552 0.669231 0.895115 0.667308 0.895115 0.663462 0.893678 0.661538
0 0.579023 0.513462 0.577586 0.515385 0.574713 0.515385 0.570402 0.521154 0.570402 0.525 0.568966 0.526923 0.568966 0.534615 0.567529 0.536538 0.567529 0.538462 0.566092 0.540385 0.566092 0.55 0.567529 0.551923 0.567529 0.555769 0.568966 0.557692 0.568966 0.559615 0.570402 0.561538 0.570402 0.563462 0.571839 0.565385 0.571839 0.567308 0.576149 0.573077 0.583333 0.573077 0.587644 0.567308 0.587644 0.565385 0.58908 0.563462 0.58908 0.559615 0.590517 0.557692 0.590517 0.555769 0.591954 0.553846 0.591954 0.546154 0.590517 0.544231 0.590517 0.530769 0.58908 0.528846 0.58908 0.523077 0.587644 0.521154 0.587644 0.519231 0.586207 0.517308 0.586207 0.515385 0.58477 0.513462
0 0.079023 0.132692 0.0775862 0.134615 0.0775862 0.136538 0.0761494 0.138462 0.0761494 0.142308 0.0747126 0.144231 0.0747126 0.148077 0.0732759 0.15 0.0732759 0.151923 0.0747126 0.153846 0.0747126 0.159615 0.0761494 0.161538 0.0761494 0.163462 0.0775862 0.165385 0.0775862 0.167308 0.079023 0.169231 0.079023 0.171154 0.0804598 0.173077 0.0818966 0.173077 0.0833333 0.175 0.0847701 0.175 0.0862069 0.176923 0.0890805 0.176923 0.0905172 0.178846 0.0977011 0.178846 0.0991379 0.180769 0.102011 0.180769 0.103448 0.178846 0.103448 0.173077 0.107759 0.167308 0.107759 0.146154 0.106322 0.144231 0.106322 0.142308 0.104885 0.140385 0.103448 0.140385 0.0991379 0.134615 0.0948276 0.134615 0.0933908 0.132692
0 0.862069 0.607692 0.860632 0.609615 0.853448 0.609615 0.850575 0.613462 0.849138 0.613462 0.847701 0.615385 0.846264 0.615385 0.843391 0.619231 0.843391 0.621154 0.841954 0.623077 0.841954 0.640385 0.847701 0.648077 0.849138 0.648077 0.850575 0.65 0.852011 0.65 0.853448 0.651923 0.863506 0.651923 0.864943 0.65 0.866379 0.65 0.87069 0.644231 0.87069 0.640385 0.872126 0.638462 0.872126 0.636538 0.873563 0.634615 0.873563 0.617308 0.866379 0.607692
0 0.797414 0.101923 0.795977 0.103846 0.79454 0.103846 0.791667 0.107692 0.791667 0.126923 0.793103 0.128846 0.793103 0.132692 0.79454 0.134615 0.79454 0.138462 0.795977 0.140385 0.795977 0.142308 0.798851 0.146154 0.798851 0.148077 0.804598 0.155769 0.806034 0.155769 0.808908 0.159615 0.810345 0.159615 0.811782 0.161538 0.821839 0.161538 0.823276 0.159615 0.823276 0.155769 0.824713 0.153846 0.824713 0.134615 0.823276 0.132692 0.823276 0.125 0.821839 0.123077 0.821839 0.121154 0.820402 0.119231 0.820402 0.117308 0.810345 0.103846 0.808908 0.103846 0.807471 0.101923
0 0.257184 0.994231 0.255747 0.996154 0.25431 0.996154 0.252874 0.998077 0.251437 0.998077 0.265805 0.998077 0.265805 0.996154 0.264368 0.994231
0 0.0502874 0.609615 0.045977 0.615385 0.045977 0.617308 0.0445402 0.619231 0.0445402 0.626923 0.045977 0.628846 0.045977 0.630769 0.0517241 0.638462 0.0545977 0.638462 0.0560345 0.640385 0.0574713 0.640385 0.058908 0.642308 0.0632184 0.642308 0.0646552 0.644231 0.0689655 0.644231 0.0704023 0.646154 0.0804598 0.646154 0.0818966 0.644231 0.0833333 0.644231 0.0905172 0.634615 0.0905172 0.630769 0.091954 0.628846 0.091954 0.626923 0.0905172 0.625 0.0905172 0.623077 0.0833333 0.613462 0.0818966 0.613462 0.0804598 0.611538 0.0689655 0.611538 0.0675287 0.609615
0 0.718391 0 0.718391 0.00192308 0.721264 0.00576923 0.722701 0.00576923 0.725575 0.00961538 0.725575 0.0115385 0.727011 0.0134615 0.729885 0.0134615 0.731322 0.0153846 0.735632 0.0153846 0.737069 0.0173077 0.75 0.0173077 0.751437 0.0153846 0.751437 0.00769231 0.75 0.00576923 0.75 0.00384615 0.747126 0
0 0.206897 0.934615 0.20546 0.936538 0.204023 0.936538 0.201149 0.940385 0.201149 0.951923 0.202586 0.953846 0.202586 0.955769 0.215517 0.973077 0.216954 0.973077 0.219828 0.976923 0.224138 0.976923 0.225575 0.978846 0.227011 0.978846 0.228448 0.980769 0.235632 0.980769 0.237069 0.978846 0.239943 0.978846 0.241379 0.976923 0.241379 0.975 0.242816 0.973077 0.242816 0.971154 0.244253 0.969231 0.244253 0.957692 0.242816 0.955769 0.242816 0.953846 0.239943 0.95 0.239943 0.948077 0.237069 0.944231 0.235632 0.944231 0.234195 0.942308 0.228448 0.942308 0.224138 0.936538 0.222701 0.936538 0.221264 0.934615
0 0.241379 0.382692 0.239943 0.384615 0.237069 0.384615 0.235632 0.386538 0.232759 0.386538 0.225575 0.396154 0.225575 0.409615 0.231322 0.417308 0.232759 0.417308 0.235632 0.421154 0.238506 0.421154 0.239943 0.423077 0.241379 0.423077 0.244253 0.426923 0.24569 0.426923 0.247126 0.428846 0.267241 0.428846 0.268678 0.426923 0.271552 0.426923 0.272989 0.425 0.274425 0.425 0.280172 0.417308 0.280172 0.415385 0.281609 0.413462 0.281609 0.405769 0.280172 0.403846 0.280172 0.401923 0.272989 0.392308 0.270115 0.392308 0.268678 0.390385 0.267241 0.390385 0.265805 0.388462 0.264368 0.388462 0.262931 0.386538 0.260057 0.386538 0.258621 0.384615 0.25431 0.384615 0.252874 0.382692
0 0.70546 0.592308 0.704023 0.594231 0.702586 0.594231 0.701149 0.596154 0.701149 0.598077 0.699713 0.6 0.699713 0.611538 0.701149 0.613462 0.701149 0.621154 0.715517 0.640385 0.716954 0.640385 0.718391 0.642308 0.722701 0.642308 0.724138 0.644231 0.728448 0.644231 0.731322 0.640385 0.731322 0.621154 0.719828 0.605769 0.719828 0.603846 0.716954 0.6 0.716954 0.598077 0.712644 0.592308
0 0.107759 0.169231 0.104885 0.173077 0.104885 0.178846 0.102011 0.182692 0.102011 0.184615 0.100575 0.186538 0.100575 0.190385 0.0991379 0.192308 0.0991379 0.198077 0.100575 0.2 0.100575 0.201923 0.103448 0.205769 0.104885 0.205769 0.106322 0.207692 0.119253 0.207692 0.12069 0.205769 0.122126 0.205769 0.12931 0.196154 0.12931 0.194231 0.132184 0.190385 0.132184 0.186538 0.133621 0.184615 0.133621 0.178846 0.127874 0.171154 0.126437 0.171154 0.125 0.169231
0 0.50431 0.0884615 0.502874 0.0903846 0.501437 0.0903846 0.5 0.0923077 0.498563 0.0923077 0.49569 0.0961538 0.494253 0.0961538 0.492816 0.0980769 0.492816 0.111538 0.494253 0.113462 0.494253 0.121154 0.492816 0.123077 0.492816 0.125 0.494253 0.126923 0.494253 0.130769 0.49569 0.132692 0.515805 0.132692 0.524425 0.121154 0.524425 0.117308 0.525862 0.115385 0.525862 0.105769 0.524425 0.103846 0.524425 0.0980769 0.518678 0.0903846 0.517241 0.0903846 0.515805 0.0884615
0 0.586207 0.846154 0.58477 0.848077 0.583333 0.848077 0.581897 0.85 0.581897 0.851923 0.58046 0.853846 0.58046 0.865385 0.579023 0.867308 0.579023 0.871154 0.58046 0.873077 0.58046 0.876923 0.581897 0.878846 0.583333 0.878846 0.58477 0.880769 0.586207 0.880769 0.590517 0.886538 0.596264 0.886538 0.597701 0.884615 0.599138 0.884615 0.603448 0.878846 0.603448 0.853846 0.602011 0.851923 0.600575 0.851923 0.599138 0.85 0.597701 0.85 0.594828 0.846154
0 0.804598 0.344231 0.798851 0.351923 0.798851 0.353846 0.797414 0.355769 0.797414 0.359615 0.795977 0.361538 0.795977 0.367308 0.79454 0.369231 0.79454 0.382692 0.795977 0.384615 0.795977 0.388462 0.797414 0.390385 0.797414 0.394231 0.798851 0.396154 0.798851 0.398077 0.800287 0.4 0.800287 0.401923 0.806034 0.409615 0.814655 0.409615 0.820402 0.401923 0.820402 0.4 0.821839 0.398077 0.821839 0.396154 0.823276 0.394231 0.823276 0.371154 0.821839 0.369231 0.821839 0.363462 0.820402 0.361538 0.820402 0.355769 0.818966 0.353846 0.818966 0.351923 0.813218 0.344231
0 0.501437 0.405769 0.498563 0.409615 0.498563 0.413462 0.497126 0.415385 0.497126 0.436538 0.498563 0.438462 0.498563 0.444231 0.502874 0.45 0.50431 0.45 0.505747 0.451923 0.510057 0.451923 0.511494 0.453846 0.514368 0.453846 0.515805 0.451923 0.517241 0.451923 0.518678 0.45 0.521552 0.45 0.522989 0.448077 0.522989 0.446154 0.524425 0.444231 0.524425 0.440385 0.525862 0.438462 0.525862 0.417308 0.524425 0.415385 0.524425 0.413462 0.522989 0.411538 0.521552 0.411538 0.520115 0.409615 0.518678 0.409615 0.515805 0.405769
0 0.481322 0.763462 0.479885 0.765385 0.478448 0.765385 0.477011 0.767308 0.477011 0.778846 0.478448 0.780769 0.478448 0.784615 0.488506 0.798077 0.489943 0.798077 0.49569 0.805769 0.497126 0.805769 0.502874 0.813462 0.50431 0.813462 0.505747 0.815385 0.507184 0.815385 0.508621 0.817308 0.521552 0.817308 0.522989 0.815385 0.522989 0.807692 0.521552 0.805769 0.521552 0.801923 0.50431 0.778846 0.50431 0.776923 0.49569 0.765385 0.494253 0.765385 0.492816 0.763462
0 0.357759 0.234615 0.354885 0.238462 0.353448 0.238462 0.349138 0.244231 0.349138 0.246154 0.347701 0.248077 0.347701 0.25 0.346264 0.251923 0.346264 0.261538 0.347701 0.263462 0.347701 0.265385 0.349138 0.267308 0.349138 0.269231 0.350575 0.271154 0.352011 0.271154 0.353448 0.273077 0.354885 0.273077 0.357759 0.276923 0.362069 0.276923 0.363506 0.278846 0.375 0.278846 0.376437 0.276923 0.377874 0.276923 0.37931 0.275 0.380747 0.275 0.383621 0.271154 0.383621 0.267308 0.385057 0.265385 0.385057 0.259615 0.380747 0.253846 0.380747 0.251923 0.37931 0.25 0.37931 0.248077 0.376437 0.244231 0.376437 0.242308 0.372126 0.236538 0.37069 0.236538 0.369253 0.234615
0 0.264368 0.796154 0.262931 0.798077 0.261494 0.798077 0.25431 0.807692 0.25431 0.815385 0.255747 0.817308 0.255747 0.819231 0.257184 0.821154 0.257184 0.823077 0.258621 0.825 0.258621 0.826923 0.261494 0.830769 0.262931 0.830769 0.267241 0.836538 0.270115 0.836538 0.271552 0.838462 0.283046 0.838462 0.284483 0.836538 0.28592 0.836538 0.287356 0.834615 0.288793 0.834615 0.291667 0.830769 0.293103 0.830769 0.297414 0.825 0.297414 0.823077 0.298851 0.821154 0.298851 0.811538 0.293103 0.803846 0.291667 0.803846 0.29023 0.801923 0.287356 0.801923 0.28592 0.8 0.283046 0.8 0.281609 0.798077 0.274425 0.798077 0.272989 0.796154
0 0.810345 0 0.811782 0.00192308 0.816092 0.00192308 0.818966 0.00576923 0.818966 0.00769231 0.820402 0.00961538 0.820402 0.0115385 0.821839 0.0134615 0.821839 0.0153846 0.823276 0.0173077 0.823276 0.0192308 0.826149 0.0230769 0.826149 0.025 0.827586 0.0269231 0.827586 0.0288462 0.829023 0.0307692 0.829023 0.0326923 0.83046 0.0346154 0.83046 0.0365385 0.833333 0.0403846 0.840517 0.0403846 0.846264 0.0326923 0.846264 0.0288462 0.847701 0.0269231 0.847701 0.025 0.849138 0.0230769 0.849138 0.0173077 0.850575 0.0153846 0.850575 0.0134615 0.852011 0.0115385 0.852011 0.00576923 0.853448 0.00384615 0.853448 0.00192308 0.852011 0
0 0.895115 0.767308 0.892241 0.771154 0.890805 0.771154 0.889368 0.773077 0.887931 0.773077 0.886494 0.775 0.885057 0.775 0.882184 0.778846 0.880747 0.778846 0.87931 0.780769 0.87931 0.782692 0.877874 0.784615 0.877874 0.788462 0.876437 0.790385 0.876437 0.798077 0.880747 0.803846 0.882184 0.803846 0.883621 0.805769 0.886494 0.805769 0.887931 0.807692 0.890805 0.807692 0.892241 0.809615 0.903736 0.809615 0.905172 0.807692 0.906609 0.807692 0.909483 0.803846 0.909483 0.801923 0.912356 0.798077 0.912356 0.796154 0.913793 0.794231 0.913793 0.790385 0.91523 0.788462 0.91523 0.780769 0.913793 0.778846 0.913793 0.775 0.91092 0.771154 0.909483 0.771154 0.908046 0.769231 0.902299 0.769231 0.900862 0.767308
0 0.159483 0.271154 0.158046 0.273077 0.153736 0.273077 0.152299 0.275 0.150862 0.275 0.137931 0.292308 0.136494 0.292308 0.135057 0.294231 0.132184 0.294231 0.132184 0.303846 0.130747 0.305769 0.130747 0.309615 0.132184 0.311538 0.132184 0.317308 0.133621 0.319231 0.135057 0.319231 0.136494 0.321154 0.137931 0.321154 0.139368 0.323077 0.143678 0.323077 0.145115 0.321154 0.149425 0.321154 0.150862 0.319231 0.152299 0.319231 0.153736 0.317308 0.155172 0.317308 0.163793 0.305769 0.16523 0.305769 0.173851 0.294231 0.173851 0.292308 0.178161 0.286538 0.178161 0.278846 0.175287 0.275 0.173851 0.275 0.172414 0.273077 0.170977 0.273077 0.16954 0.271154
0 0.451149 0.196154 0.436782 0.215385 0.436782 0.217308 0.435345 0.219231 0.435345 0.226923 0.438218 0.230769 0.439655 0.230769 0.441092 0.228846 0.442529 0.228846 0.454023 0.213462 0.454023 0.211538 0.456897 0.207692 0.456897 0.198077 0.45546 0.196154
0 0.252874 0.105769 0.251437 0.107692 0.248563 0.107692 0.247126 0.109615 0.24569 0.109615 0.244253 0.111538 0.244253 0.121154 0.24569 0.123077 0.24569 0.125 0.255747 0.138462 0.257184 0.138462 0.260057 0.142308 0.264368 0.142308 0.268678 0.136538 0.268678 0.134615 0.271552 0.130769 0.271552 0.126923 0.272989 0.125 0.272989 0.119231 0.268678 0.113462 0.265805 0.113462 0.262931 0.109615 0.261494 0.109615 0.260057 0.107692 0.257184 0.107692 0.255747 0.105769
