0 0.763689 0.834615 0.760807 0.838462 0.755043 0.838462 0.752161 0.842308 0.74928 0.842308 0.737752 0.857692 0.740634 0.861538 0.737752 0.865385 0.73487 0.865385 0.737752 0.865385 0.740634 0.869231 0.740634 0.880769 0.743516 0.884615 0.746398 0.884615 0.757925 0.9 0.757925 0.911538 0.760807 0.915385 0.760807 0.919231 0.763689 0.919231 0.766571 0.923077 0.769452 0.923077 0.772334 0.926923 0.783862 0.926923 0.789625 0.919231 0.795389 0.919231 0.798271 0.923077 0.798271 0.934615 0.795389 0.938462 0.795389 0.942308 0.792507 0.946154 0.792507 0.961538 0.795389 0.965385 0.795389 0.973077 0.798271 0.976923 0.798271 0.996154 0.815562 0.996154 0.815562 0.992308 0.818444 0.988462 0.821326 0.988462 0.824207 0.984615 0.824207 0.973077 0.827089 0.969231 0.827089 0.965385 0.829971 0.961538 0.829971 0.957692 0.835735 0.95 0.835735 0.934615 0.832853 0.930769 0.832853 0.926923 0.827089 0.926923 0.824207 0.923077 0.824207 0.919231 0.821326 0.915385 0.818444 0.915385 0.815562 0.911538 0.809798 0.911538 0.806916 0.907692 0.806916 0.892308 0.809798 0.888462 0.806916 0.884615 0.806916 0.880769 0.809798 0.876923 0.806916 0.873077 0.806916 0.865385 0.798271 0.853846 0.798271 0.846154 0.795389 0.842308 0.792507 0.842308 0.789625 0.838462 0.766571 0.838462
0 0.10951 0.353846 0.103746 0.361538 0.103746 0.365385 0.100865 0.369231 0.100865 0.411538 0.103746 0.415385 0.103746 0.423077 0.10951 0.430769 0.118156 0.430769 0.123919 0.423077 0.126801 0.423077 0.132565 0.415385 0.132565 0.411538 0.135447 0.407692 0.135447 0.392308 0.138329 0.388462 0.138329 0.369231 0.135447 0.365385 0.135447 0.361538 0.132565 0.357692 0.132565 0.353846
0 0.815562 0.55 0.81268 0.553846 0.806916 0.553846 0.804035 0.557692 0.804035 0.573077 0.806916 0.576923 0.809798 0.576923 0.815562 0.584615 0.818444 0.584615 0.821326 0.588462 0.824207 0.588462 0.827089 0.592308 0.829971 0.592308 0.832853 0.596154 0.835735 0.596154 0.838617 0.6 0.855908 0.6 0.85879 0.596154 0.861671 0.596154 0.861671 0.592308 0.864553 0.588462 0.870317 0.596154 0.873199 0.596154 0.876081 0.6 0.881844 0.6 0.884726 0.596154 0.887608 0.596154 0.887608 0.592308 0.89049 0.588462 0.89049 0.584615 0.893372 0.580769 0.896254 0.584615 0.896254 0.580769 0.899135 0.576923 0.899135 0.569231 0.896254 0.565385 0.896254 0.561538 0.893372 0.561538 0.89049 0.557692 0.878963 0.557692 0.876081 0.561538 0.876081 0.565385 0.870317 0.573077 0.867435 0.569231 0.867435 0.561538 0.861671 0.553846 0.85879 0.553846 0.855908 0.55
0 0.991354 0.526923 0.985591 0.534615 0.985591 0.538462 0.979827 0.546154 0.979827 0.55 0.962536 0.573077 0.962536 0.576923 0.956772 0.584615 0.956772 0.588462 0.95389 0.592308 0.95389 0.607692 0.959654 0.607692 0.962536 0.603846 0.965418 0.603846 0.974063 0.592308 0.976945 0.592308 0.988473 0.576923 0.988473 0.573077 0.991354 0.569231 0.991354 0.561538 0.994236 0.557692 0.994236 0.553846 0.997118 0.55 0.997118 0.526923
0 0 0.742308 0 0.792308 0.00576369 0.792308 0.0115274 0.8 0.0115274 0.811538 0.00864553 0.815385 0.0115274 0.819231 0.0172911 0.819231 0.0201729 0.823077 0.0518732 0.823077 0.054755 0.819231 0.054755 0.815385 0.0576369 0.811538 0.0576369 0.788462 0.054755 0.784615 0.054755 0.780769 0.0461095 0.769231 0.0432277 0.769231 0.0403458 0.765385 0.0345821 0.765385 0.0317003 0.761538 0.0144092 0.761538 0.0115274 0.765385 0.00576369 0.757692 0.00576369 0.753846 0 0.746154
0 0.054755 0.0346154 0.0576369 0.0384615 0.0576369 0.05 0.0489914 0.0615385 0.0489914 0.0653846 0.0432277 0.0730769 0.0432277 0.0769231 0.0403458 0.0807692 0.037464 0.0807692 0.037464 0.0846154 0.0345821 0.0884615 0.0345821 0.103846 0.0317003 0.107692 0.0317003 0.111538 0.0288184 0.115385 0.0288184 0.138462 0.0317003 0.142308 0.0317003 0.146154 0.0345821 0.15 0.054755 0.15 0.0576369 0.146154 0.0605187 0.146154 0.0634006 0.142308 0.0634006 0.138462 0.0720461 0.126923 0.0720461 0.123077 0.0778098 0.115385 0.0778098 0.111538 0.0835735 0.103846 0.0835735 0.1 0.0864553 0.0961538 0.0864553 0.0769231 0.0835735 0.0730769 0.0835735 0.0538462 0.0778098 0.0461538 0.0662824 0.0461538 0.0634006 0.0423077 0.0605187 0.0423077
0 0.504323 0.126923 0.495677 0.138462 0.495677 0.146154 0.492795 0.15 0.492795 0.165385 0.495677 0.169231 0.518732 0.169231 0.524496 0.161538 0.527378 0.161538 0.527378 0.157692 0.530259 0.153846 0.530259 0.134615 0.524496 0.126923
0 0.654179 0.307692 0.651297 0.311538 0.651297 0.315385 0.654179 0.319231 0.654179 0.323077 0.657061 0.326923 0.662824 0.326923 0.665706 0.330769 0.665706 0.326923 0.668588 0.323077 0.668588 0.319231 0.665706 0.315385 0.665706 0.311538 0.662824 0.311538 0.659942 0.307692
0 0.92219 0.25 0.92219 0.253846 0.916427 0.261538 0.916427 0.273077 0.913545 0.276923 0.913545 0.296154 0.92219 0.307692 0.939481 0.307692 0.948127 0.296154 0.948127 0.257692 0.942363 0.25
0 0.426513 0.115385 0.417867 0.126923 0.417867 0.142308 0.414986 0.146154 0.414986 0.165385 0.420749 0.165385 0.423631 0.169231 0.426513 0.169231 0.429395 0.173077 0.440922 0.173077 0.443804 0.169231 0.446686 0.169231 0.449568 0.165385 0.449568 0.161538 0.45245 0.157692 0.45245 0.138462 0.449568 0.134615 0.449568 0.126923 0.446686 0.123077 0.446686 0.119231 0.443804 0.119231 0.440922 0.115385
0 0.0489914 0.492308 0.0489914 0.496154 0.0461095 0.5 0.0403458 0.5 0.0403458 0.507692 0.0432277 0.507692 0.0461095 0.511538 0.054755 0.511538 0.054755 0.492308
0 0.259366 0.203846 0.256484 0.207692 0.253602 0.207692 0.25072 0.211538 0.242075 0.211538 0.242075 0.25 0.25072 0.261538 0.25072 0.265385 0.256484 0.265385 0.259366 0.261538 0.268012 0.261538 0.270893 0.257692 0.270893 0.246154 0.276657 0.238462 0.273775 0.234615 0.273775 0.215385 0.268012 0.207692 0.262248 0.207692
0 0.853026 0.0346154 0.853026 0.0384615 0.850144 0.0423077 0.850144 0.0615385 0.853026 0.0653846 0.853026 0.111538 0.855908 0.115385 0.861671 0.115385 0.867435 0.107692 0.870317 0.107692 0.870317 0.0961538 0.873199 0.0923077 0.873199 0.0884615 0.876081 0.0846154 0.876081 0.0807692 0.881844 0.0730769 0.884726 0.0730769 0.887608 0.0769231 0.89049 0.0769231 0.902017 0.0923077 0.913545 0.0923077 0.916427 0.0884615 0.927954 0.0884615 0.930836 0.0923077 0.933718 0.0923077 0.939481 0.1 0.942363 0.1 0.945245 0.103846 0.948127 0.103846 0.951009 0.107692 0.95389 0.107692 0.956772 0.111538 0.962536 0.111538 0.965418 0.115385 0.971182 0.115385 0.974063 0.119231 0.979827 0.119231 0.979827 0.115385 0.976945 0.111538 0.976945 0.107692 0.965418 0.0923077 0.965418 0.0884615 0.95389 0.0730769 0.95389 0.0692308 0.951009 0.0692308 0.942363 0.0576923 0.936599 0.0576923 0.933718 0.0538462 0.92219 0.0538462 0.913545 0.0423077 0.910663 0.0423077 0.907781 0.0384615 0.899135 0.0384615 0.896254 0.0423077 0.887608 0.0423077 0.884726 0.0461538 0.876081 0.0346154
0 0.639769 0.126923 0.639769 0.134615 0.642651 0.138462 0.642651 0.142308 0.645533 0.146154 0.651297 0.146154 0.651297 0.134615 0.645533 0.126923
0 0.00288184 0.876923 0.00288184 0.880769 0 0.884615 0 0.984615 0.00288184 0.980769 0.00576369 0.980769 0.00576369 0.973077 0.00864553 0.969231 0.00864553 0.965385 0.0115274 0.961538 0.0115274 0.953846 0.0144092 0.95 0.0144092 0.946154 0.0201729 0.938462 0.0201729 0.934615 0.0259366 0.926923 0.0259366 0.923077 0.0288184 0.919231 0.0288184 0.892308 0.0201729 0.880769 0.0172911 0.880769 0.0144092 0.876923
0 0.691643 0.569231 0.682997 0.580769 0.682997 0.626923 0.685879 0.630769 0.682997 0.634615 0.691643 0.646154 0.694524 0.646154 0.697406 0.65 0.708934 0.65 0.717579 0.638462 0.717579 0.634615 0.720461 0.630769 0.731988 0.630769 0.73487 0.634615 0.73487 0.642308 0.737752 0.646154 0.740634 0.646154 0.746398 0.653846 0.74928 0.653846 0.752161 0.657692 0.757925 0.657692 0.760807 0.653846 0.766571 0.653846 0.772334 0.646154 0.772334 0.626923 0.769452 0.623077 0.769452 0.619231 0.766571 0.615385 0.766571 0.607692 0.763689 0.603846 0.763689 0.576923 0.760807 0.573077 0.752161 0.573077 0.74928 0.576923 0.74928 0.580769 0.746398 0.584615 0.743516 0.584615 0.740634 0.588462 0.737752 0.584615 0.731988 0.592308 0.729107 0.592308 0.729107 0.596154 0.723343 0.603846 0.720461 0.6 0.720461 0.592308 0.717579 0.588462 0.717579 0.584615 0.714697 0.580769 0.714697 0.573077 0.711816 0.569231
0 0.740634 0.0153846 0.740634 0.0230769 0.73487 0.0307692 0.73487 0.0384615 0.743516 0.0384615 0.74928 0.0307692 0.74928 0.0153846
0 0.135447 0.0192308 0.132565 0.0230769 0.129683 0.0230769 0.123919 0.0307692 0.123919 0.0538462 0.132565 0.0653846 0.132565 0.0692308 0.138329 0.0769231 0.138329 0.0807692 0.14121 0.0846154 0.144092 0.0846154 0.149856 0.0923077 0.15562 0.0923077 0.158501 0.0961538 0.170029 0.0961538 0.175793 0.0884615 0.175793 0.0846154 0.178674 0.0807692 0.178674 0.0769231 0.181556 0.0730769 0.181556 0.0692308 0.178674 0.0653846 0.178674 0.05 0.172911 0.0423077 0.172911 0.0384615 0.167147 0.0307692 0.167147 0.0269231 0.164265 0.0269231 0.161383 0.0230769 0.158501 0.0230769 0.15562 0.0192308
0 0.440922 0.546154 0.435159 0.553846 0.435159 0.569231 0.429395 0.576923 0.429395 0.588462 0.423631 0.596154 0.423631 0.638462 0.426513 0.642308 0.423631 0.646154 0.426513 0.65 0.426513 0.657692 0.429395 0.657692 0.432277 0.661538 0.435159 0.661538 0.43804 0.665385 0.443804 0.665385 0.446686 0.661538 0.45245 0.669231 0.449568 0.673077 0.449568 0.676923 0.446686 0.680769 0.446686 0.692308 0.455331 0.703846 0.461095 0.703846 0.463977 0.707692 0.463977 0.711538 0.472622 0.723077 0.472622 0.738462 0.481268 0.738462 0.495677 0.719231 0.495677 0.715385 0.501441 0.707692 0.501441 0.703846 0.504323 0.7 0.504323 0.676923 0.501441 0.673077 0.501441 0.669231 0.492795 0.657692 0.489914 0.657692 0.487032 0.653846 0.478386 0.653846 0.475504 0.65 0.469741 0.65 0.466859 0.653846 0.463977 0.653846 0.461095 0.65 0.463977 0.646154 0.463977 0.638462 0.466859 0.634615 0.466859 0.623077 0.469741 0.619231 0.469741 0.615385 0.466859 0.611538 0.466859 0.607692 0.463977 0.603846 0.463977 0.6 0.455331 0.588462 0.455331 0.55 0.45245 0.55 0.449568 0.546154
0 0.726225 0.0961538 0.723343 0.1 0.717579 0.1 0.711816 0.107692 0.706052 0.107692 0.70317 0.103846 0.700288 0.107692 0.694524 0.107692 0.694524 0.111538 0.685879 0.123077 0.682997 0.123077 0.680115 0.126923 0.677233 0.126923 0.674352 0.130769 0.67147 0.130769 0.668588 0.134615 0.668588 0.142308 0.665706 0.146154 0.665706 0.161538 0.668588 0.161538 0.67147 0.165385 0.680115 0.165385 0.682997 0.161538 0.685879 0.161538 0.685879 0.157692 0.691643 0.15 0.694524 0.15 0.700288 0.142308 0.700288 0.138462 0.708934 0.126923 0.711816 0.126923 0.720461 0.138462 0.723343 0.138462 0.726225 0.142308 0.746398 0.142308 0.74928 0.138462 0.74928 0.123077 0.737752 0.107692 0.731988 0.107692 0.729107 0.103846 0.729107 0.0961538
0 0.590778 0.826923 0.587896 0.830769 0.585014 0.830769 0.582133 0.834615 0.579251 0.834615 0.576369 0.838462 0.570605 0.838462 0.553314 0.861538 0.553314 0.880769 0.556196 0.884615 0.559078 0.884615 0.56196 0.888462 0.56196 0.892308 0.564841 0.896154 0.579251 0.896154 0.582133 0.892308 0.585014 0.892308 0.590778 0.884615 0.59366 0.884615 0.602305 0.873077 0.605187 0.873077 0.605187 0.869231 0.613833 0.857692 0.613833 0.834615 0.608069 0.826923
0 0.590778 0.138462 0.587896 0.142308 0.585014 0.142308 0.579251 0.15 0.576369 0.15 0.564841 0.165385 0.564841 0.173077 0.56196 0.176923 0.56196 0.184615 0.564841 0.188462 0.564841 0.192308 0.567723 0.196154 0.567723 0.2 0.570605 0.203846 0.567723 0.207692 0.564841 0.207692 0.556196 0.219231 0.553314 0.219231 0.54755 0.226923 0.54755 0.238462 0.544669 0.242308 0.544669 0.261538 0.550432 0.269231 0.553314 0.269231 0.556196 0.273077 0.559078 0.273077 0.56196 0.276923 0.570605 0.276923 0.573487 0.280769 0.576369 0.276923 0.570605 0.276923 0.567723 0.273077 0.570605 0.269231 0.582133 0.269231 0.582133 0.265385 0.585014 0.261538 0.590778 0.261538 0.590778 0.253846 0.587896 0.25 0.587896 0.246154 0.590778 0.242308 0.590778 0.238462 0.59366 0.234615 0.59366 0.230769 0.590778 0.226923 0.590778 0.223077 0.59366 0.219231 0.590778 0.215385 0.587896 0.215385 0.585014 0.211538 0.587896 0.207692 0.59366 0.207692 0.602305 0.219231 0.602305 0.223077 0.608069 0.230769 0.608069 0.234615 0.610951 0.234615 0.613833 0.230769 0.619597 0.230769 0.619597 0.226923 0.622478 0.223077 0.628242 0.230769 0.628242 0.234615 0.631124 0.238462 0.631124 0.242308 0.634006 0.242308 0.636888 0.246154 0.645533 0.246154 0.648415 0.242308 0.648415 0.226923 0.651297 0.223077 0.651297 0.219231 0.654179 0.215385 0.654179 0.207692 0.645533 0.196154 0.648415 0.192308 0.651297 0.192308 0.659942 0.203846 0.662824 0.2 0.668588 0.2 0.67147 0.196154 0.680115 0.196154 0.657061 0.196154 0.654179 0.192308 0.651297 0.192308 0.648415 0.188462 0.642651 0.188462 0.639769 0.192308 0.628242 0.192308 0.62536 0.196154 0.622478 0.196154 0.622478 0.203846 0.619597 0.207692 0.619597 0.223077 0.616715 0.226923 0.610951 0.226923 0.608069 0.223077 0.610951 0.219231 0.608069 0.219231 0.605187 0.215385 0.605187 0.203846 0.602305 0.207692 0.596542 0.2 0.599424 0.196154 0.599424 0.188462 0.602305 0.184615 0.605187 0.184615 0.602305 0.180769 0.605187 0.176923 0.608069 0.176923 0.610951 0.173077 0.610951 0.142308 0.608069 0.142308 0.605187 0.138462
0 0.599424 0.273077 0.596542 0.276923 0.59366 0.276923 0.59366 0.288462 0.605187 0.288462 0.605187 0.276923 0.602305 0.273077
0 0.0720461 0.896154 0.0691643 0.9 0.0662824 0.9 0.0634006 0.903846 0.0605187 0.903846 0.0576369 0.907692 0.0576369 0.911538 0.054755 0.915385 0.054755 0.923077 0.0518732 0.926923 0.054755 0.930769 0.054755 0.942308 0.0576369 0.942308 0.0605187 0.946154 0.0634006 0.946154 0.0662824 0.95 0.0864553 0.95 0.092219 0.942308 0.092219 0.915385 0.0864553 0.907692 0.0864553 0.903846 0.0835735 0.9 0.0806916 0.9 0.0778098 0.896154
0 0.971182 0.365385 0.9683 0.369231 0.965418 0.369231 0.962536 0.373077 0.956772 0.373077 0.95389 0.376923 0.948127 0.376923 0.945245 0.380769 0.945245 0.384615 0.942363 0.388462 0.942363 0.4 0.945245 0.403846 0.945245 0.411538 0.948127 0.415385 0.948127 0.419231 0.951009 0.423077 0.951009 0.430769 0.95389 0.434615 0.956772 0.434615 0.959654 0.438462 0.962536 0.434615 0.9683 0.434615 0.974063 0.426923 0.976945 0.426923 0.982709 0.419231 0.982709 0.415385 0.985591 0.411538 0.991354 0.411538 0.994236 0.407692 0.997118 0.407692 0.997118 0.365385
0 0.899135 0.688462 0.896254 0.692308 0.89049 0.692308 0.887608 0.696154 0.884726 0.696154 0.881844 0.7 0.881844 0.719231 0.887608 0.726923 0.89049 0.726923 0.893372 0.730769 0.896254 0.730769 0.899135 0.734615 0.907781 0.734615 0.907781 0.730769 0.910663 0.726923 0.910663 0.719231 0.913545 0.715385 0.913545 0.711538 0.916427 0.707692 0.916427 0.7 0.919308 0.696154 0.919308 0.688462
0 0.0461095 0 0.0461095 0.0153846 0.0489914 0.0192308 0.0489914 0.0230769 0.0605187 0.0384615 0.0634006 0.0384615 0.0662824 0.0423077 0.0864553 0.0423077 0.0864553 0.0384615 0.0951009 0.0269231 0.0951009 0.00769231 0.092219 0.00384615 0.092219 0
0 0.144092 0.811538 0.138329 0.819231 0.138329 0.823077 0.135447 0.826923 0.135447 0.842308 0.14121 0.85 0.158501 0.85 0.164265 0.842308 0.164265 0.838462 0.170029 0.830769 0.170029 0.823077 0.167147 0.819231 0.164265 0.819231 0.161383 0.815385 0.158501 0.815385 0.15562 0.811538
0 0.190202 0.915385 0.18732 0.919231 0.178674 0.919231 0.175793 0.923077 0.175793 0.926923 0.172911 0.930769 0.172911 0.965385 0.175793 0.969231 0.175793 0.973077 0.178674 0.976923 0.178674 0.980769 0.181556 0.984615 0.204611 0.984615 0.210375 0.976923 0.210375 0.965385 0.213256 0.961538 0.213256 0.942308 0.210375 0.938462 0.210375 0.930769 0.201729 0.919231 0.198847 0.919231 0.195965 0.915385
0 0.976945 0.176923 0.959654 0.2 0.959654 0.203846 0.956772 0.207692 0.956772 0.226923 0.959654 0.230769 0.959654 0.234615 0.962536 0.234615 0.971182 0.246154 0.979827 0.246154 0.982709 0.242308 0.994236 0.242308 0.997118 0.238462 0.997118 0.184615 0.994236 0.180769 0.991354 0.180769 0.988473 0.176923
0 0.688761 0.876923 0.685879 0.880769 0.685879 0.884615 0.682997 0.888462 0.682997 0.896154 0.685879 0.9 0.682997 0.903846 0.688761 0.911538 0.688761 0.915385 0.691643 0.919231 0.691643 0.923077 0.694524 0.923077 0.700288 0.930769 0.711816 0.930769 0.720461 0.919231 0.720461 0.903846 0.723343 0.9 0.723343 0.892308 0.720461 0.892308 0.714697 0.884615 0.714697 0.880769 0.708934 0.880769 0.706052 0.876923
0 0.161383 0.284615 0.158501 0.288462 0.15562 0.288462 0.152738 0.292308 0.149856 0.292308 0.146974 0.296154 0.144092 0.296154 0.144092 0.3 0.14121 0.303846 0.14121 0.330769 0.144092 0.334615 0.144092 0.338462 0.152738 0.338462 0.15562 0.342308 0.178674 0.342308 0.181556 0.338462 0.184438 0.338462 0.18732 0.334615 0.190202 0.334615 0.190202 0.330769 0.193084 0.326923 0.193084 0.307692 0.190202 0.303846 0.190202 0.3 0.18732 0.296154 0.18732 0.292308 0.184438 0.288462 0.172911 0.288462 0.170029 0.284615
0 0.371758 0.476923 0.368876 0.480769 0.365994 0.480769 0.357349 0.492308 0.354467 0.492308 0.351585 0.496154 0.348703 0.496154 0.345821 0.5 0.342939 0.5 0.334294 0.511538 0.334294 0.519231 0.331412 0.523077 0.348703 0.523077 0.351585 0.519231 0.354467 0.523077 0.357349 0.523077 0.360231 0.519231 0.363112 0.519231 0.365994 0.515385 0.368876 0.515385 0.377522 0.503846 0.377522 0.5 0.380403 0.496154 0.380403 0.492308 0.377522 0.488462 0.377522 0.480769 0.37464 0.480769
0 0.29683 0.211538 0.293948 0.215385 0.291066 0.215385 0.285303 0.223077 0.285303 0.226923 0.282421 0.230769 0.282421 0.234615 0.285303 0.238462 0.282421 0.242308 0.282421 0.253846 0.285303 0.257692 0.285303 0.261538 0.288184 0.261538 0.293948 0.269231 0.308357 0.269231 0.319885 0.284615 0.317003 0.288462 0.319885 0.292308 0.319885 0.3 0.331412 0.315385 0.331412 0.319231 0.340058 0.330769 0.348703 0.330769 0.351585 0.334615 0.363112 0.319231 0.363112 0.296154 0.360231 0.292308 0.360231 0.288462 0.363112 0.284615 0.360231 0.280769 0.360231 0.269231 0.357349 0.265385 0.357349 0.261538 0.354467 0.257692 0.354467 0.253846 0.351585 0.253846 0.345821 0.246154 0.340058 0.246154 0.337176 0.242308 0.334294 0.242308 0.331412 0.246154 0.32853 0.246154 0.325648 0.25 0.319885 0.25 0.317003 0.246154 0.317003 0.230769 0.314121 0.226923 0.314121 0.223077 0.311239 0.219231 0.311239 0.215385 0.308357 0.215385 0.305476 0.211538
0 0.78098 0 0.78098 0.00384615 0.775216 0.0115385 0.775216 0.0192308 0.772334 0.0230769 0.772334 0.0461538 0.778098 0.0538462 0.78098 0.0538462 0.783862 0.0576923 0.792507 0.0576923 0.795389 0.0615385 0.798271 0.0615385 0.804035 0.0538462 0.806916 0.0538462 0.809798 0.05 0.809798 0.0461538 0.81268 0.0423077 0.81268 0.0346154 0.815562 0.0307692 0.815562 0
0 0 0.00384615 0 0.0115385 0.0201729 0.0115385 0.0201729 0.00384615
0 0.357349 0.153846 0.357349 0.169231 0.360231 0.173077 0.360231 0.176923 0.363112 0.173077 0.365994 0.176923 0.37464 0.176923 0.37464 0.157692 0.371758 0.161538 0.368876 0.157692 0.368876 0.153846 0.363112 0.153846 0.360231 0.157692
0 0.492795 0.453846 0.487032 0.461538 0.487032 0.473077 0.489914 0.476923 0.489914 0.480769 0.495677 0.488462 0.495677 0.492308 0.498559 0.496154 0.498559 0.5 0.501441 0.503846 0.501441 0.507692 0.512968 0.523077 0.530259 0.523077 0.533141 0.519231 0.536023 0.519231 0.536023 0.515385 0.538905 0.511538 0.538905 0.503846 0.536023 0.5 0.536023 0.492308 0.533141 0.488462 0.533141 0.484615 0.530259 0.480769 0.530259 0.476923 0.521614 0.465385 0.518732 0.465385 0.51585 0.461538 0.512968 0.461538 0.510086 0.457692 0.507205 0.457692 0.504323 0.453846
0 0.164265 0.476923 0.161383 0.480769 0.158501 0.480769 0.15562 0.484615 0.15562 0.488462 0.152738 0.492308 0.152738 0.496154 0.146974 0.503846 0.146974 0.515385 0.149856 0.519231 0.15562 0.519231 0.158501 0.515385 0.161383 0.515385 0.167147 0.523077 0.170029 0.523077 0.172911 0.519231 0.175793 0.519231 0.175793 0.511538 0.178674 0.507692 0.178674 0.503846 0.181556 0.5 0.181556 0.484615 0.178674 0.480769 0.178674 0.476923
0 0.0662824 0.830769 0.0605187 0.838462 0.0605187 0.846154 0.0634006 0.85 0.0691643 0.85 0.0720461 0.846154 0.074928 0.846154 0.074928 0.834615 0.0720461 0.830769
0 0.221902 0.834615 0.21902 0.838462 0.216138 0.838462 0.213256 0.842308 0.210375 0.842308 0.195965 0.861538 0.193084 0.857692 0.190202 0.857692 0.18732 0.853846 0.178674 0.853846 0.175793 0.857692 0.172911 0.857692 0.164265 0.869231 0.164265 0.873077 0.158501 0.880769 0.158501 0.884615 0.15562 0.888462 0.15562 0.896154 0.158501 0.9 0.161383 0.9 0.164265 0.903846 0.172911 0.903846 0.175793 0.907692 0.178674 0.903846 0.181556 0.903846 0.18732 0.896154 0.190202 0.896154 0.193084 0.892308 0.195965 0.892308 0.201729 0.884615 0.204611 0.884615 0.207493 0.888462 0.213256 0.888462 0.216138 0.892308 0.236311 0.892308 0.239193 0.888462 0.244957 0.888462 0.247839 0.884615 0.25072 0.884615 0.253602 0.880769 0.253602 0.876923 0.256484 0.873077 0.256484 0.853846 0.244957 0.838462 0.242075 0.838462 0.239193 0.834615 0.236311 0.838462 0.233429 0.838462 0.230548 0.834615
0 0.610951 0.296154 0.602305 0.307692 0.602305 0.311538 0.608069 0.319231 0.616715 0.319231 0.619597 0.315385 0.622478 0.315385 0.622478 0.303846 0.616715 0.296154
0 0.648415 0.342308 0.645533 0.346154 0.642651 0.346154 0.642651 0.35 0.636888 0.357692 0.636888 0.361538 0.634006 0.365385 0.631124 0.365385 0.628242 0.369231 0.62536 0.369231 0.622478 0.373077 0.622478 0.376923 0.619597 0.380769 0.616715 0.380769 0.610951 0.388462 0.613833 0.392308 0.613833 0.4 0.616715 0.403846 0.613833 0.407692 0.613833 0.411538 0.610951 0.415385 0.610951 0.419231 0.605187 0.426923 0.605187 0.434615 0.608069 0.438462 0.608069 0.442308 0.605187 0.446154 0.602305 0.446154 0.602305 0.461538 0.599424 0.465385 0.599424 0.469231 0.605187 0.476923 0.610951 0.476923 0.613833 0.480769 0.613833 0.492308 0.610951 0.496154 0.610951 0.5 0.613833 0.503846 0.613833 0.515385 0.631124 0.538462 0.636888 0.538462 0.639769 0.542308 0.651297 0.542308 0.651297 0.538462 0.654179 0.534615 0.657061 0.534615 0.657061 0.526923 0.659942 0.523077 0.659942 0.519231 0.662824 0.515385 0.662824 0.5 0.665706 0.496154 0.668588 0.496154 0.67147 0.5 0.680115 0.5 0.682997 0.496154 0.688761 0.496154 0.691643 0.492308 0.691643 0.488462 0.697406 0.480769 0.697406 0.476923 0.700288 0.473077 0.700288 0.446154 0.697406 0.446154 0.691643 0.438462 0.688761 0.438462 0.685879 0.434615 0.682997 0.434615 0.680115 0.430769 0.677233 0.430769 0.674352 0.426923 0.677233 0.423077 0.677233 0.415385 0.674352 0.411538 0.674352 0.407692 0.67147 0.403846 0.67147 0.392308 0.668588 0.388462 0.659942 0.388462 0.654179 0.396154 0.648415 0.388462 0.648415 0.384615 0.651297 0.380769 0.651297 0.373077 0.659942 0.361538 0.659942 0.35 0.654179 0.342308
0 0.645533 0.442308 0.648415 0.438462 0.651297 0.438462 0.654179 0.442308 0.654179 0.446154 0.657061 0.45 0.657061 0.473077 0.651297 0.480769 0.648415 0.476923 0.645533 0.476923 0.642651 0.473077 0.639769 0.476923 0.636888 0.473077 0.636888 0.461538 0.645533 0.45
0 0.492795 0.3 0.489914 0.303846 0.487032 0.303846 0.48415 0.307692 0.481268 0.307692 0.481268 0.311538 0.475504 0.319231 0.475504 0.323077 0.472622 0.326923 0.472622 0.334615 0.475504 0.338462 0.475504 0.342308 0.478386 0.342308 0.481268 0.346154 0.498559 0.346154 0.501441 0.342308 0.510086 0.342308 0.512968 0.338462 0.51585 0.338462 0.518732 0.334615 0.521614 0.334615 0.527378 0.326923 0.527378 0.323077 0.530259 0.319231 0.530259 0.311538 0.527378 0.311538 0.521614 0.303846 0.518732 0.303846 0.51585 0.3
0 0.654179 0.00769231 0.651297 0.0115385 0.651297 0.0153846 0.648415 0.0192308 0.631124 0.0192308 0.619597 0.0346154 0.619597 0.0538462 0.62536 0.0615385 0.636888 0.0615385 0.639769 0.0653846 0.659942 0.0653846 0.668588 0.0538462 0.668588 0.05 0.677233 0.0384615 0.677233 0.0346154 0.680115 0.0307692 0.680115 0.0115385 0.677233 0.0115385 0.674352 0.00769231
0 0.930836 0.930769 0.927954 0.934615 0.927954 0.946154 0.933718 0.953846 0.936599 0.953846 0.939481 0.957692 0.945245 0.957692 0.951009 0.95 0.951009 0.934615 0.948127 0.930769
0 0.449568 0.196154 0.443804 0.203846 0.429395 0.203846 0.426513 0.207692 0.414986 0.207692 0.412104 0.211538 0.409222 0.211538 0.40634 0.215385 0.403458 0.215385 0.397695 0.223077 0.397695 0.226923 0.394813 0.230769 0.394813 0.246154 0.397695 0.25 0.397695 0.253846 0.400576 0.257692 0.403458 0.257692 0.409222 0.265385 0.435159 0.265385 0.43804 0.261538 0.443804 0.261538 0.45245 0.25 0.45245 0.246154 0.458213 0.238462 0.463977 0.238462 0.466859 0.242308 0.489914 0.242308 0.489914 0.238462 0.501441 0.223077 0.48415 0.2 0.481268 0.2 0.478386 0.196154 0.466859 0.196154 0.463977 0.2 0.463977 0.203846 0.461095 0.207692 0.458213 0.207692 0.455331 0.211538 0.45245 0.211538 0.446686 0.203846 0.45245 0.196154
0 0.43804 0.788462 0.429395 0.8 0.426513 0.8 0.423631 0.796154 0.414986 0.796154 0.412104 0.8 0.412104 0.803846 0.409222 0.807692 0.40634 0.807692 0.403458 0.811538 0.403458 0.823077 0.400576 0.826923 0.400576 0.830769 0.403458 0.834615 0.414986 0.834615 0.417867 0.838462 0.429395 0.838462 0.429395 0.834615 0.435159 0.826923 0.435159 0.823077 0.43804 0.819231 0.440922 0.823077 0.45245 0.823077 0.458213 0.815385 0.458213 0.8 0.449568 0.788462
0 0.0662824 0.311538 0.0634006 0.315385 0.0432277 0.315385 0.0345821 0.326923 0.0345821 0.338462 0.0317003 0.342308 0.0317003 0.35 0.0345821 0.353846 0.0345821 0.361538 0.037464 0.365385 0.037464 0.380769 0.0345821 0.384615 0.0345821 0.403846 0.037464 0.407692 0.037464 0.411538 0.0403458 0.415385 0.0403458 0.419231 0.0518732 0.434615 0.0576369 0.434615 0.0605187 0.438462 0.0720461 0.438462 0.0720461 0.434615 0.074928 0.430769 0.074928 0.426923 0.0778098 0.423077 0.0778098 0.384615 0.074928 0.380769 0.074928 0.369231 0.0806916 0.361538 0.0806916 0.357692 0.0864553 0.35 0.0864553 0.346154 0.0893372 0.342308 0.0893372 0.330769 0.0864553 0.326923 0.0864553 0.323077 0.0835735 0.319231 0.0806916 0.319231 0.074928 0.311538
0 0.435159 0.0884615 0.432277 0.0923077 0.432277 0.103846 0.440922 0.103846 0.446686 0.0961538 0.446686 0.0923077 0.443804 0.0884615
0 0.311239 0.569231 0.305476 0.576923 0.302594 0.576923 0.302594 0.584615 0.299712 0.588462 0.299712 0.592308 0.29683 0.596154 0.299712 0.6 0.29683 0.603846 0.299712 0.607692 0.299712 0.615385 0.29683 0.619231 0.29683 0.626923 0.299712 0.626923 0.302594 0.630769 0.311239 0.630769 0.314121 0.626923 0.319885 0.626923 0.32853 0.615385 0.32853 0.611538 0.331412 0.607692 0.331412 0.603846 0.334294 0.6 0.334294 0.584615 0.331412 0.580769 0.331412 0.576923 0.32853 0.576923 0.325648 0.573077 0.322767 0.573077 0.319885 0.569231
0 0.510086 0.880769 0.507205 0.884615 0.504323 0.884615 0.501441 0.888462 0.498559 0.888462 0.492795 0.896154 0.492795 0.930769 0.498559 0.938462 0.501441 0.938462 0.504323 0.942308 0.504323 0.946154 0.504323 0.942308 0.507205 0.938462 0.510086 0.942308 0.521614 0.942308 0.524496 0.938462 0.527378 0.938462 0.536023 0.926923 0.538905 0.926923 0.538905 0.923077 0.544669 0.915385 0.544669 0.907692 0.54755 0.903846 0.54755 0.9 0.538905 0.888462 0.536023 0.888462 0.533141 0.884615 0.527378 0.884615 0.524496 0.880769
0 0.0230548 0.573077 0.0201729 0.576923 0.0144092 0.576923 0.00288184 0.592308 0 0.592308 0 0.638462 0.00288184 0.642308 0.00576369 0.642308 0.00864553 0.646154 0.0259366 0.646154 0.0288184 0.642308 0.0288184 0.634615 0.0317003 0.630769 0.0317003 0.615385 0.037464 0.607692 0.037464 0.588462 0.0345821 0.584615 0.0345821 0.580769 0.0317003 0.576923 0.0288184 0.576923 0.0259366 0.573077
0 0.541787 0 0.54755 0.00769231 0.550432 0.00769231 0.553314 0.0115385 0.559078 0.0115385 0.559078 0.00769231 0.56196 0.00384615 0.56196 0
0 0 0.388462 0 0.5 0.00576369 0.492308 0.00576369 0.480769 0.00864553 0.476923 0.0115274 0.476923 0.0115274 0.473077 0.0172911 0.465385 0.0172911 0.434615 0.0144092 0.430769 0.0144092 0.423077 0.00864553 0.415385 0.00864553 0.411538 0.00576369 0.411538 0.00288184 0.407692 0.00576369 0.403846 0.0144092 0.403846 0.0172911 0.4 0.0144092 0.396154 0.0144092 0.4 0.0115274 0.403846 0.00864553 0.4 0.00864553 0.392308 0.00576369 0.388462
0 0.795389 0.634615 0.792507 0.638462 0.786744 0.638462 0.783862 0.642308 0.783862 0.646154 0.78098 0.65 0.778098 0.65 0.778098 0.669231 0.78098 0.673077 0.78098 0.684615 0.783862 0.688462 0.789625 0.688462 0.792507 0.692308 0.795389 0.692308 0.798271 0.696154 0.801153 0.696154 0.804035 0.7 0.806916 0.7 0.809798 0.703846 0.809798 0.707692 0.804035 0.715385 0.798271 0.715385 0.798271 0.719231 0.786744 0.734615 0.786744 0.742308 0.783862 0.746154 0.786744 0.75 0.786744 0.757692 0.789625 0.761538 0.789625 0.765385 0.795389 0.773077 0.798271 0.773077 0.806916 0.784615 0.809798 0.784615 0.81268 0.788462 0.821326 0.788462 0.824207 0.784615 0.824207 0.776923 0.829971 0.769231 0.829971 0.761538 0.832853 0.757692 0.832853 0.730769 0.841499 0.719231 0.841499 0.715385 0.847262 0.707692 0.841499 0.7 0.841499 0.696154 0.838617 0.692308 0.838617 0.673077 0.835735 0.669231 0.835735 0.665385 0.832853 0.661538 0.832853 0.657692 0.829971 0.653846 0.829971 0.65 0.827089 0.65 0.821326 0.642308 0.815562 0.642308 0.81268 0.638462 0.809798 0.638462 0.806916 0.634615 0.804035 0.638462 0.801153 0.634615 0.798271 0.638462
0 0.56196 0.930769 0.559078 0.934615 0.556196 0.934615 0.556196 0.938462 0.550432 0.946154 0.550432 0.961538 0.556196 0.969231 0.556196 0.976923 0.56196 0.984615 0.564841 0.984615 0.567723 0.988462 0.576369 0.988462 0.579251 0.992308 0.585014 0.992308 0.587896 0.988462 0.59366 0.988462 0.602305 0.976923 0.616715 0.996154 0.651297 0.996154 0.654179 0.992308 0.659942 0.992308 0.659942 0.965385 0.657061 0.961538 0.657061 0.957692 0.651297 0.95 0.645533 0.95 0.642651 0.946154 0.639769 0.946154 0.636888 0.942308 0.634006 0.942308 0.631124 0.946154 0.619597 0.946154 0.616715 0.95 0.613833 0.95 0.608069 0.957692 0.605187 0.957692 0.602305 0.961538 0.59366 0.95 0.590778 0.95 0.585014 0.942308 0.582133 0.942308 0.579251 0.938462 0.576369 0.938462 0.573487 0.934615 0.567723 0.934615 0.564841 0.930769
0 0.570605 0.742308 0.564841 0.75 0.564841 0.761538 0.56196 0.765385 0.564841 0.769231 0.564841 0.773077 0.573487 0.784615 0.582133 0.784615 0.585014 0.788462 0.590778 0.788462 0.599424 0.776923 0.599424 0.773077 0.602305 0.769231 0.602305 0.761538 0.590778 0.746154 0.585014 0.746154 0.582133 0.742308
0 0.0403458 0.665385 0.037464 0.669231 0.0317003 0.669231 0.0288184 0.673077 0.0288184 0.688462 0.0317003 0.692308 0.0317003 0.7 0.037464 0.707692 0.037464 0.711538 0.0403458 0.711538 0.0432277 0.715385 0.0432277 0.723077 0.037464 0.730769 0.0345821 0.730769 0.0345821 0.734615 0.0317003 0.738462 0.0288184 0.738462 0.0288184 0.75 0.0317003 0.753846 0.037464 0.753846 0.0403458 0.757692 0.0489914 0.757692 0.0518732 0.761538 0.054755 0.761538 0.0576369 0.765385 0.0605187 0.765385 0.0634006 0.769231 0.0662824 0.769231 0.0691643 0.773077 0.0720461 0.769231 0.074928 0.773077 0.0893372 0.773077 0.092219 0.769231 0.0951009 0.769231 0.100865 0.761538 0.100865 0.746154 0.0979827 0.742308 0.0951009 0.742308 0.092219 0.738462 0.0951009 0.734615 0.0893372 0.726923 0.0835735 0.726923 0.0806916 0.723077 0.0806916 0.719231 0.0778098 0.715385 0.0778098 0.703846 0.074928 0.7 0.074928 0.688462 0.0662824 0.676923 0.0634006 0.676923 0.0605187 0.673077 0.0576369 0.673077 0.054755 0.669231 0.0432277 0.669231
0 0.285303 0 0.285303 0.00769231 0.282421 0.0115385 0.279539 0.0115385 0.279539 0.0192308 0.285303 0.0269231 0.305476 0.0269231 0.311239 0.0192308 0.311239 0
0 0.556196 0.634615 0.556196 0.638462 0.54755 0.65 0.54755 0.676923 0.550432 0.680769 0.550432 0.684615 0.559078 0.696154 0.56196 0.696154 0.564841 0.7 0.579251 0.7 0.587896 0.688462 0.587896 0.684615 0.590778 0.680769 0.590778 0.676923 0.587896 0.673077 0.587896 0.665385 0.585014 0.661538 0.585014 0.657692 0.576369 0.646154 0.576369 0.642308 0.570605 0.634615
0 0.682997 0.0807692 0.682997 0.0961538 0.688761 0.0961538 0.691643 0.1 0.694524 0.1 0.694524 0.0961538 0.697406 0.0923077 0.700288 0.0923077 0.700288 0.0884615 0.697406 0.0846154 0.694524 0.0846154 0.691643 0.0807692
0 0.443804 0.442308 0.429395 0.461538 0.429395 0.473077 0.426513 0.476923 0.426513 0.492308 0.429395 0.496154 0.429395 0.5 0.432277 0.503846 0.443804 0.503846 0.446686 0.5 0.455331 0.5 0.469741 0.480769 0.469741 0.45 0.466859 0.446154 0.463977 0.446154 0.461095 0.442308
0 0.103746 0.607692 0.100865 0.611538 0.0979827 0.611538 0.0951009 0.615385 0.0951009 0.619231 0.0893372 0.626923 0.0893372 0.630769 0.0864553 0.634615 0.0864553 0.638462 0.0835735 0.642308 0.0835735 0.657692 0.0806916 0.661538 0.0835735 0.665385 0.0835735 0.669231 0.0864553 0.673077 0.0893372 0.673077 0.092219 0.676923 0.106628 0.676923 0.10951 0.673077 0.112392 0.673077 0.118156 0.665385 0.121037 0.665385 0.121037 0.661538 0.126801 0.653846 0.129683 0.653846 0.132565 0.65 0.132565 0.634615 0.129683 0.630769 0.129683 0.626923 0.123919 0.619231 0.121037 0.619231 0.115274 0.611538 0.112392 0.611538 0.10951 0.607692 0.106628 0.611538
0 0.325648 0.8 0.322767 0.803846 0.319885 0.803846 0.317003 0.807692 0.314121 0.807692 0.302594 0.823077 0.302594 0.826923 0.299712 0.830769 0.299712 0.842308 0.29683 0.846154 0.299712 0.85 0.299712 0.853846 0.302594 0.857692 0.302594 0.861538 0.311239 0.873077 0.32853 0.873077 0.32853 0.861538 0.334294 0.853846 0.334294 0.838462 0.337176 0.834615 0.337176 0.830769 0.340058 0.826923 0.340058 0.807692 0.334294 0.8
0 0.694524 0.311538 0.691643 0.315385 0.685879 0.315385 0.682997 0.319231 0.680115 0.319231 0.680115 0.334615 0.682997 0.338462 0.682997 0.346154 0.674352 0.357692 0.677233 0.361538 0.677233 0.365385 0.674352 0.369231 0.685879 0.384615 0.685879 0.388462 0.691643 0.388462 0.694524 0.384615 0.694524 0.369231 0.691643 0.365385 0.697406 0.357692 0.700288 0.357692 0.70317 0.353846 0.708934 0.353846 0.714697 0.346154 0.717579 0.346154 0.723343 0.338462 0.723343 0.323077 0.720461 0.319231 0.717579 0.319231 0.714697 0.315385 0.70317 0.315385 0.700288 0.319231
0 0.190202 0.153846 0.184438 0.161538 0.184438 0.165385 0.181556 0.169231 0.181556 0.176923 0.178674 0.180769 0.178674 0.184615 0.181556 0.188462 0.181556 0.2 0.184438 0.203846 0.184438 0.207692 0.190202 0.215385 0.193084 0.215385 0.195965 0.219231 0.198847 0.219231 0.201729 0.223077 0.204611 0.223077 0.207493 0.219231 0.213256 0.219231 0.21902 0.211538 0.21902 0.207692 0.221902 0.203846 0.221902 0.176923 0.21902 0.173077 0.21902 0.169231 0.207493 0.153846
0 0.273775 0.0346154 0.273775 0.0384615 0.268012 0.0461538 0.268012 0.0538462 0.26513 0.0576923 0.26513 0.0653846 0.262248 0.0692308 0.262248 0.0961538 0.26513 0.1 0.270893 0.1 0.276657 0.107692 0.276657 0.111538 0.279539 0.111538 0.282421 0.115385 0.285303 0.115385 0.288184 0.119231 0.293948 0.119231 0.29683 0.123077 0.302594 0.123077 0.305476 0.119231 0.311239 0.119231 0.317003 0.126923 0.317003 0.130769 0.322767 0.130769 0.322767 0.126923 0.325648 0.123077 0.325648 0.115385 0.322767 0.111538 0.311239 0.111538 0.308357 0.107692 0.311239 0.103846 0.311239 0.1 0.308357 0.0961538 0.305476 0.0961538 0.302594 0.0923077 0.299712 0.0923077 0.293948 0.0846154 0.293948 0.0653846 0.291066 0.0615385 0.291066 0.0576923 0.288184 0.0538462 0.288184 0.05 0.282421 0.0423077 0.282421 0.0384615 0.279539 0.0384615 0.276657 0.0346154
0 0.835735 0.311538 0.835735 0.315385 0.829971 0.323077 0.829971 0.334615 0.835735 0.334615 0.838617 0.338462 0.84438 0.338462 0.84438 0.334615 0.847262 0.330769 0.847262 0.315385 0.84438 0.311538
0 0.409222 0.980769 0.40634 0.984615 0.403458 0.984615 0.403458 0.996154 0.443804 0.996154 0.443804 0.992308 0.440922 0.992308 0.43804 0.988462 0.432277 0.988462 0.429395 0.984615 0.420749 0.984615 0.417867 0.980769
