0 0.426758 0.495117 0.423828 0.498047 0.423828 0.500977 0.425781 0.50293 0.429688 0.50293 0.429688 0.501953 0.430664 0.500977 0.430664 0.496094 0.429688 0.495117
0 0.703125 0.921875 0.702148 0.922852 0.701172 0.922852 0.701172 0.928711 0.705078 0.932617 0.711914 0.932617 0.712891 0.931641 0.712891 0.926758 0.710938 0.924805 0.710938 0.923828 0.708984 0.921875
0 0.487305 0.352539 0.486328 0.353516 0.483398 0.353516 0.482422 0.354492 0.482422 0.355469 0.481445 0.356445 0.481445 0.359375 0.480469 0.360352 0.480469 0.366211 0.481445 0.367188 0.481445 0.370117 0.482422 0.371094 0.482422 0.37207 0.485352 0.375 0.485352 0.375977 0.487305 0.375977 0.488281 0.376953 0.489258 0.376953 0.490234 0.37793 0.492188 0.37793 0.493164 0.378906 0.49707 0.378906 0.498047 0.37793 0.500977 0.37793 0.501953 0.376953 0.501953 0.375977 0.50293 0.375 0.50293 0.370117 0.501953 0.369141 0.501953 0.366211 0.500977 0.365234 0.500977 0.363281 0.5 0.362305 0.5 0.361328 0.499023 0.360352 0.499023 0.359375 0.498047 0.358398 0.498047 0.357422 0.496094 0.355469 0.495117 0.355469 0.494141 0.354492 0.493164 0.354492 0.492188 0.353516 0.490234 0.353516 0.489258 0.352539
0 0.40918 0.405273 0.407227 0.407227 0.407227 0.413086 0.408203 0.414062 0.408203 0.416992 0.40918 0.417969 0.40918 0.418945 0.414062 0.423828 0.415039 0.423828 0.416016 0.424805 0.417969 0.424805 0.418945 0.425781 0.421875 0.425781 0.422852 0.424805 0.424805 0.424805 0.425781 0.423828 0.426758 0.423828 0.426758 0.422852 0.427734 0.421875 0.427734 0.419922 0.428711 0.418945 0.428711 0.415039 0.420898 0.407227 0.419922 0.407227 0.418945 0.40625 0.417969 0.40625 0.416992 0.405273
0 0.416016 0.844727 0.415039 0.845703 0.415039 0.84668 0.414062 0.847656 0.414062 0.853516 0.416016 0.855469 0.416016 0.856445 0.416992 0.857422 0.420898 0.857422 0.421875 0.858398 0.431641 0.858398 0.43457 0.855469 0.43457 0.854492 0.433594 0.853516 0.433594 0.851562 0.430664 0.848633 0.428711 0.848633 0.427734 0.847656 0.426758 0.847656 0.425781 0.84668 0.424805 0.84668 0.423828 0.845703 0.422852 0.845703 0.421875 0.844727
0 0.842773 0.139648 0.841797 0.140625 0.84082 0.140625 0.839844 0.141602 0.838867 0.141602 0.837891 0.142578 0.836914 0.142578 0.835938 0.143555 0.834961 0.143555 0.833984 0.144531 0.833008 0.144531 0.828125 0.149414 0.828125 0.150391 0.827148 0.151367 0.827148 0.157227 0.828125 0.158203 0.828125 0.161133 0.830078 0.163086 0.832031 0.163086 0.833008 0.164062 0.833984 0.164062 0.834961 0.165039 0.835938 0.164062 0.838867 0.164062 0.844727 0.158203 0.844727 0.157227 0.84668 0.155273 0.84668 0.154297 0.847656 0.15332 0.847656 0.144531 0.84375 0.140625 0.84375 0.139648
0 0.418945 0.875977 0.417969 0.876953 0.417969 0.87793 0.416992 0.878906 0.416992 0.882812 0.418945 0.882812 0.420898 0.880859 0.422852 0.880859 0.423828 0.881836 0.428711 0.881836 0.428711 0.876953 0.423828 0.876953 0.422852 0.875977
0 0.899414 0.50293 0.898438 0.503906 0.898438 0.510742 0.899414 0.511719 0.899414 0.514648 0.900391 0.515625 0.900391 0.516602 0.901367 0.516602 0.902344 0.517578 0.90625 0.517578 0.907227 0.516602 0.907227 0.515625 0.908203 0.514648 0.908203 0.507812 0.907227 0.506836 0.907227 0.505859 0.90625 0.504883 0.905273 0.504883 0.904297 0.503906 0.90332 0.503906 0.902344 0.50293
0 0.754883 0.47168 0.753906 0.472656 0.75293 0.472656 0.751953 0.473633 0.750977 0.473633 0.749023 0.475586 0.749023 0.476562 0.748047 0.477539 0.748047 0.479492 0.74707 0.480469 0.748047 0.481445 0.748047 0.484375 0.749023 0.485352 0.756836 0.485352 0.757812 0.484375 0.758789 0.484375 0.759766 0.483398 0.760742 0.483398 0.760742 0.482422 0.761719 0.481445 0.761719 0.480469 0.762695 0.479492 0.762695 0.475586 0.760742 0.473633 0.760742 0.472656 0.756836 0.472656 0.755859 0.47168
0 0.745117 0.421875 0.744141 0.422852 0.743164 0.422852 0.743164 0.423828 0.741211 0.425781 0.741211 0.433594 0.742188 0.43457 0.742188 0.435547 0.743164 0.436523 0.744141 0.436523 0.745117 0.4375 0.74707 0.4375 0.748047 0.436523 0.75 0.436523 0.750977 0.435547 0.75293 0.435547 0.753906 0.43457 0.754883 0.43457 0.755859 0.433594 0.755859 0.432617 0.757812 0.430664 0.757812 0.429688 0.756836 0.428711 0.756836 0.425781 0.755859 0.424805 0.755859 0.422852 0.754883 0.421875
0 0.0136719 0.666992 0.0117188 0.668945 0.0117188 0.669922 0.0107422 0.670898 0.0107422 0.672852 0.00976562 0.673828 0.00976562 0.678711 0.0107422 0.679688 0.0107422 0.682617 0.0117188 0.683594 0.0117188 0.68457 0.0146484 0.68457 0.0195312 0.679688 0.0195312 0.671875 0.0185547 0.670898 0.0185547 0.667969 0.0175781 0.666992
0 0.849609 0.492188 0.848633 0.493164 0.845703 0.493164 0.844727 0.494141 0.842773 0.494141 0.841797 0.495117 0.84082 0.495117 0.84082 0.496094 0.839844 0.49707 0.839844 0.498047 0.838867 0.499023 0.839844 0.5 0.839844 0.500977 0.84082 0.501953 0.841797 0.501953 0.842773 0.50293 0.84375 0.50293 0.844727 0.503906 0.845703 0.503906 0.84668 0.50293 0.848633 0.50293 0.849609 0.501953 0.850586 0.501953 0.852539 0.5 0.853516 0.5 0.853516 0.495117 0.851562 0.493164 0.850586 0.493164
0 0.869141 0.46875 0.869141 0.470703 0.868164 0.47168 0.868164 0.472656 0.869141 0.473633 0.869141 0.477539 0.870117 0.478516 0.871094 0.478516 0.873047 0.480469 0.874023 0.480469 0.875977 0.482422 0.87793 0.482422 0.878906 0.481445 0.879883 0.481445 0.880859 0.480469 0.880859 0.473633 0.879883 0.472656 0.879883 0.47168 0.878906 0.47168 0.876953 0.469727 0.875977 0.469727 0.875 0.46875
0 0.84668 0.435547 0.845703 0.436523 0.845703 0.442383 0.84668 0.442383 0.847656 0.443359 0.854492 0.443359 0.854492 0.435547
0 0.417969 0.344727 0.416016 0.34668 0.415039 0.34668 0.412109 0.349609 0.412109 0.350586 0.411133 0.351562 0.411133 0.352539 0.410156 0.353516 0.410156 0.355469 0.411133 0.356445 0.411133 0.359375 0.412109 0.360352 0.412109 0.361328 0.414062 0.363281 0.415039 0.363281 0.418945 0.367188 0.420898 0.367188 0.421875 0.368164 0.427734 0.368164 0.428711 0.367188 0.429688 0.367188 0.432617 0.364258 0.432617 0.363281 0.433594 0.362305 0.433594 0.358398 0.43457 0.357422 0.433594 0.356445 0.433594 0.355469 0.432617 0.354492 0.432617 0.353516 0.430664 0.351562 0.430664 0.350586 0.429688 0.349609 0.429688 0.347656 0.428711 0.347656 0.425781 0.344727
0 0.863281 0.405273 0.862305 0.40625 0.860352 0.40625 0.859375 0.407227 0.859375 0.40918 0.863281 0.413086 0.864258 0.413086 0.866211 0.415039 0.867188 0.415039 0.868164 0.416016 0.875 0.416016 0.875977 0.415039 0.876953 0.415039 0.87793 0.414062 0.87793 0.412109 0.876953 0.411133 0.876953 0.410156 0.875977 0.40918 0.875977 0.408203 0.873047 0.405273
0 0.905273 0.489258 0.904297 0.490234 0.902344 0.490234 0.901367 0.491211 0.901367 0.498047 0.905273 0.501953 0.90625 0.501953 0.908203 0.503906 0.912109 0.503906 0.914062 0.501953 0.914062 0.500977 0.915039 0.5 0.915039 0.499023 0.914062 0.498047 0.914062 0.496094 0.911133 0.493164 0.910156 0.493164 0.908203 0.491211 0.908203 0.490234 0.90625 0.490234
0 0.419922 0.882812 0.418945 0.883789 0.417969 0.883789 0.416992 0.884766 0.416992 0.891602 0.417969 0.892578 0.417969 0.893555 0.419922 0.895508 0.420898 0.895508 0.421875 0.896484 0.421875 0.897461 0.422852 0.897461 0.423828 0.898438 0.425781 0.898438 0.426758 0.899414 0.427734 0.899414 0.428711 0.900391 0.429688 0.900391 0.430664 0.901367 0.431641 0.901367 0.433594 0.90332 0.43457 0.90332 0.435547 0.904297 0.436523 0.904297 0.4375 0.905273 0.444336 0.905273 0.445312 0.904297 0.445312 0.90332 0.448242 0.900391 0.448242 0.898438 0.447266 0.898438 0.442383 0.893555 0.441406 0.893555 0.4375 0.889648 0.435547 0.889648 0.43457 0.888672 0.43457 0.887695 0.431641 0.887695 0.429688 0.885742 0.428711 0.885742 0.427734 0.884766 0.425781 0.884766 0.424805 0.883789 0.423828 0.883789 0.422852 0.882812
0 0.461914 0.912109 0.460938 0.913086 0.459961 0.913086 0.458984 0.914062 0.458984 0.915039 0.458008 0.916016 0.458008 0.916992 0.457031 0.917969 0.457031 0.926758 0.458008 0.927734 0.458008 0.928711 0.458984 0.928711 0.460938 0.930664 0.46582 0.930664 0.466797 0.931641 0.475586 0.931641 0.476562 0.930664 0.481445 0.930664 0.482422 0.929688 0.483398 0.929688 0.485352 0.927734 0.485352 0.921875 0.484375 0.920898 0.484375 0.919922 0.483398 0.918945 0.483398 0.917969 0.481445 0.916016 0.480469 0.916016 0.477539 0.913086 0.472656 0.913086 0.47168 0.912109
0 0.694336 0.400391 0.692383 0.402344 0.692383 0.40332 0.691406 0.404297 0.691406 0.40625 0.69043 0.407227 0.691406 0.408203 0.691406 0.40918 0.692383 0.410156 0.692383 0.411133 0.693359 0.411133 0.694336 0.412109 0.696289 0.412109 0.697266 0.413086 0.702148 0.413086 0.703125 0.412109 0.705078 0.412109 0.708008 0.40918 0.708008 0.407227 0.707031 0.40625 0.707031 0.404297 0.705078 0.402344 0.705078 0.401367 0.703125 0.401367 0.702148 0.400391
0 0.755859 0.94043 0.755859 0.944336 0.756836 0.945312 0.756836 0.947266 0.757812 0.948242 0.757812 0.949219 0.758789 0.949219 0.759766 0.950195 0.763672 0.950195 0.764648 0.949219 0.764648 0.943359 0.762695 0.941406 0.762695 0.94043
0 0.457031 0.900391 0.456055 0.901367 0.455078 0.901367 0.455078 0.902344 0.454102 0.90332 0.454102 0.912109 0.457031 0.912109 0.459961 0.90918 0.459961 0.904297 0.458984 0.90332 0.458984 0.901367 0.458008 0.901367
0 0.706055 0.933594 0.705078 0.93457 0.698242 0.93457 0.697266 0.935547 0.696289 0.935547 0.696289 0.949219 0.697266 0.950195 0.698242 0.950195 0.700195 0.952148 0.703125 0.952148 0.704102 0.953125 0.708984 0.953125 0.709961 0.954102 0.711914 0.952148 0.712891 0.952148 0.714844 0.950195 0.71582 0.950195 0.71582 0.949219 0.716797 0.948242 0.716797 0.945312 0.717773 0.944336 0.716797 0.943359 0.716797 0.938477 0.711914 0.933594
0 0.412109 0.869141 0.411133 0.870117 0.411133 0.87207 0.412109 0.873047 0.412109 0.875977 0.413086 0.875977 0.414062 0.876953 0.416992 0.876953 0.418945 0.875 0.418945 0.873047 0.416016 0.870117 0.415039 0.870117 0.414062 0.869141
0 0.87793 0.510742 0.876953 0.511719 0.875 0.511719 0.873047 0.513672 0.873047 0.514648 0.87207 0.515625 0.873047 0.516602 0.873047 0.517578 0.874023 0.518555 0.874023 0.520508 0.875 0.521484 0.875 0.522461 0.879883 0.527344 0.880859 0.527344 0.882812 0.529297 0.883789 0.529297 0.884766 0.530273 0.885742 0.530273 0.886719 0.53125 0.887695 0.53125 0.888672 0.530273 0.890625 0.530273 0.891602 0.529297 0.891602 0.52832 0.892578 0.527344 0.892578 0.522461 0.891602 0.521484 0.891602 0.518555 0.890625 0.517578 0.890625 0.515625 0.887695 0.512695 0.885742 0.512695 0.884766 0.511719 0.879883 0.511719 0.878906 0.510742
0 0.428711 0.266602 0.426758 0.268555 0.425781 0.268555 0.423828 0.270508 0.423828 0.272461 0.422852 0.273438 0.422852 0.279297 0.424805 0.28125 0.424805 0.282227 0.425781 0.283203 0.426758 0.283203 0.428711 0.285156 0.429688 0.285156 0.431641 0.287109 0.433594 0.287109 0.43457 0.288086 0.4375 0.288086 0.438477 0.289062 0.439453 0.288086 0.44043 0.288086 0.444336 0.28418 0.444336 0.283203 0.445312 0.282227 0.445312 0.279297 0.444336 0.27832 0.444336 0.277344 0.442383 0.275391 0.442383 0.274414 0.44043 0.272461 0.44043 0.271484 0.439453 0.270508 0.439453 0.269531 0.4375 0.267578 0.436523 0.267578 0.435547 0.266602
0 0.663086 0.40332 0.660156 0.40625 0.661133 0.407227 0.661133 0.410156 0.662109 0.411133 0.662109 0.412109 0.663086 0.413086 0.663086 0.415039 0.664062 0.416016 0.666016 0.416016 0.666992 0.416992 0.670898 0.416992 0.671875 0.416016 0.671875 0.408203 0.670898 0.407227 0.670898 0.40625 0.667969 0.40332
0 0.381836 0.475586 0.380859 0.476562 0.376953 0.476562 0.375977 0.477539 0.375 0.477539 0.375 0.482422 0.375977 0.483398 0.375977 0.484375 0.376953 0.485352 0.376953 0.486328 0.37793 0.486328 0.378906 0.487305 0.379883 0.487305 0.380859 0.488281 0.382812 0.488281 0.383789 0.489258 0.384766 0.489258 0.385742 0.490234 0.387695 0.490234 0.388672 0.491211 0.390625 0.491211 0.391602 0.492188 0.393555 0.492188 0.394531 0.491211 0.397461 0.491211 0.397461 0.490234 0.398438 0.489258 0.398438 0.486328 0.397461 0.485352 0.397461 0.483398 0.394531 0.480469 0.393555 0.480469 0.390625 0.477539 0.389648 0.477539 0.388672 0.476562 0.385742 0.476562 0.384766 0.475586
0 0.875977 0.447266 0.875 0.448242 0.874023 0.448242 0.87207 0.450195 0.871094 0.450195 0.87207 0.451172 0.87207 0.452148 0.874023 0.454102 0.874023 0.455078 0.876953 0.458008 0.87793 0.458008 0.878906 0.458984 0.882812 0.458984 0.885742 0.456055 0.885742 0.455078 0.886719 0.454102 0.886719 0.452148 0.887695 0.451172 0.887695 0.450195 0.885742 0.448242 0.884766 0.448242 0.883789 0.447266
0 0.787109 0.410156 0.785156 0.412109 0.78418 0.412109 0.78418 0.413086 0.782227 0.415039 0.782227 0.416016 0.78125 0.416992 0.78125 0.422852 0.78418 0.425781 0.785156 0.424805 0.788086 0.424805 0.790039 0.422852 0.791016 0.422852 0.792969 0.420898 0.792969 0.419922 0.793945 0.418945 0.793945 0.417969 0.794922 0.416992 0.794922 0.416016 0.795898 0.415039 0.795898 0.414062 0.794922 0.413086 0.794922 0.412109 0.793945 0.411133 0.791992 0.411133 0.791016 0.410156
0 0.787109 0.369141 0.786133 0.370117 0.786133 0.371094 0.785156 0.37207 0.785156 0.373047 0.78418 0.374023 0.78418 0.376953 0.786133 0.376953 0.788086 0.378906 0.788086 0.379883 0.791992 0.379883 0.792969 0.378906 0.792969 0.374023 0.791016 0.37207 0.791016 0.371094 0.790039 0.370117 0.790039 0.369141
0 0.825195 0.303711 0.824219 0.304688 0.824219 0.306641 0.823242 0.307617 0.823242 0.3125 0.824219 0.313477 0.824219 0.314453 0.825195 0.31543 0.825195 0.317383 0.826172 0.318359 0.832031 0.318359 0.833984 0.316406 0.833984 0.311523 0.833008 0.310547 0.833008 0.308594 0.831055 0.306641 0.831055 0.305664 0.830078 0.305664 0.828125 0.303711
0 0.407227 0.892578 0.40625 0.893555 0.405273 0.893555 0.404297 0.894531 0.402344 0.894531 0.401367 0.895508 0.401367 0.899414 0.40332 0.901367 0.404297 0.901367 0.405273 0.902344 0.40625 0.902344 0.407227 0.90332 0.408203 0.90332 0.40918 0.904297 0.411133 0.904297 0.412109 0.905273 0.414062 0.905273 0.415039 0.90625 0.416992 0.90625 0.417969 0.907227 0.418945 0.907227 0.419922 0.908203 0.427734 0.908203 0.428711 0.90918 0.43457 0.90918 0.436523 0.907227 0.436523 0.90625 0.435547 0.905273 0.43457 0.905273 0.432617 0.90332 0.431641 0.90332 0.429688 0.901367 0.428711 0.901367 0.427734 0.900391 0.426758 0.900391 0.425781 0.899414 0.423828 0.899414 0.422852 0.898438 0.421875 0.898438 0.420898 0.897461 0.420898 0.896484 0.419922 0.896484 0.417969 0.894531 0.416992 0.894531 0.416016 0.893555 0.415039 0.893555 0.414062 0.892578
0 0.799805 0.219727 0.796875 0.222656 0.796875 0.223633 0.795898 0.224609 0.795898 0.229492 0.796875 0.230469 0.796875 0.231445 0.797852 0.231445 0.798828 0.232422 0.799805 0.232422 0.801758 0.234375 0.802734 0.234375 0.804688 0.236328 0.808594 0.236328 0.80957 0.235352 0.810547 0.235352 0.811523 0.234375 0.8125 0.234375 0.8125 0.232422 0.813477 0.231445 0.813477 0.226562 0.811523 0.224609 0.811523 0.223633 0.810547 0.223633 0.807617 0.220703 0.806641 0.220703 0.805664 0.219727
0 0.349609 0.287109 0.347656 0.289062 0.347656 0.291992 0.34668 0.292969 0.34668 0.296875 0.347656 0.297852 0.347656 0.299805 0.348633 0.300781 0.348633 0.301758 0.351562 0.304688 0.352539 0.304688 0.355469 0.307617 0.357422 0.307617 0.358398 0.308594 0.360352 0.308594 0.361328 0.30957 0.370117 0.30957 0.371094 0.308594 0.37207 0.308594 0.37207 0.302734 0.371094 0.301758 0.371094 0.300781 0.370117 0.299805 0.370117 0.298828 0.360352 0.289062 0.359375 0.289062 0.358398 0.288086 0.357422 0.288086 0.356445 0.287109
0 0.495117 0.302734 0.493164 0.304688 0.492188 0.304688 0.490234 0.306641 0.490234 0.307617 0.489258 0.308594 0.489258 0.313477 0.490234 0.314453 0.490234 0.31543 0.491211 0.316406 0.491211 0.317383 0.493164 0.319336 0.493164 0.320312 0.496094 0.323242 0.50293 0.323242 0.503906 0.324219 0.507812 0.324219 0.508789 0.323242 0.510742 0.323242 0.511719 0.322266 0.513672 0.322266 0.514648 0.321289 0.514648 0.31543 0.515625 0.314453 0.515625 0.313477 0.514648 0.3125 0.514648 0.310547 0.510742 0.306641 0.509766 0.306641 0.507812 0.304688 0.506836 0.304688 0.505859 0.303711 0.498047 0.303711 0.49707 0.302734
0 0.929688 0.504883 0.928711 0.505859 0.928711 0.506836 0.927734 0.507812 0.927734 0.514648 0.928711 0.515625 0.928711 0.516602 0.931641 0.519531 0.935547 0.519531 0.936523 0.518555 0.936523 0.516602 0.9375 0.515625 0.9375 0.508789 0.933594 0.504883
0 0.799805 0.351562 0.798828 0.352539 0.796875 0.352539 0.795898 0.353516 0.794922 0.353516 0.792969 0.355469 0.792969 0.356445 0.791992 0.357422 0.791992 0.359375 0.791016 0.360352 0.791016 0.364258 0.791992 0.365234 0.791992 0.367188 0.795898 0.367188 0.796875 0.368164 0.797852 0.368164 0.800781 0.365234 0.801758 0.365234 0.803711 0.363281 0.803711 0.362305 0.804688 0.361328 0.804688 0.355469 0.800781 0.351562
0 0.541016 0.414062 0.540039 0.415039 0.540039 0.416016 0.538086 0.417969 0.538086 0.418945 0.539062 0.419922 0.539062 0.422852 0.540039 0.423828 0.540039 0.424805 0.541016 0.424805 0.546875 0.430664 0.547852 0.430664 0.548828 0.431641 0.549805 0.431641 0.551758 0.433594 0.560547 0.433594 0.5625 0.431641 0.563477 0.431641 0.56543 0.429688 0.56543 0.427734 0.566406 0.426758 0.566406 0.424805 0.56543 0.423828 0.56543 0.421875 0.564453 0.420898 0.564453 0.419922 0.561523 0.416992 0.557617 0.416992 0.556641 0.416016 0.553711 0.416016 0.552734 0.415039 0.549805 0.415039 0.548828 0.414062
0 0.716797 0.450195 0.71582 0.451172 0.713867 0.451172 0.713867 0.452148 0.712891 0.453125 0.712891 0.454102 0.711914 0.455078 0.713867 0.457031 0.713867 0.458008 0.714844 0.458984 0.714844 0.459961 0.71582 0.460938 0.725586 0.460938 0.726562 0.459961 0.726562 0.458984 0.727539 0.458008 0.727539 0.455078 0.724609 0.452148 0.724609 0.451172 0.72168 0.451172 0.720703 0.450195
0 0.811523 0.457031 0.810547 0.458008 0.808594 0.458008 0.807617 0.458984 0.807617 0.462891 0.806641 0.463867 0.806641 0.464844 0.811523 0.469727 0.8125 0.469727 0.813477 0.470703 0.814453 0.470703 0.81543 0.47168 0.816406 0.470703 0.818359 0.470703 0.819336 0.469727 0.820312 0.469727 0.822266 0.467773 0.822266 0.464844 0.821289 0.463867 0.821289 0.460938 0.820312 0.460938 0.817383 0.458008 0.81543 0.458008 0.814453 0.457031
0 0.771484 0.958984 0.770508 0.959961 0.769531 0.959961 0.767578 0.961914 0.767578 0.966797 0.771484 0.970703 0.772461 0.969727 0.775391 0.969727 0.77832 0.966797 0.77832 0.960938 0.776367 0.958984
0 0.798828 0.243164 0.798828 0.24707 0.799805 0.248047 0.799805 0.249023 0.801758 0.250977 0.805664 0.250977 0.805664 0.244141 0.804688 0.244141 0.803711 0.243164
0 0.232422 0.84082 0.231445 0.841797 0.230469 0.841797 0.229492 0.842773 0.228516 0.842773 0.225586 0.845703 0.225586 0.84668 0.223633 0.848633 0.223633 0.849609 0.222656 0.850586 0.222656 0.851562 0.22168 0.852539 0.22168 0.854492 0.220703 0.855469 0.220703 0.861328 0.222656 0.863281 0.222656 0.864258 0.223633 0.865234 0.224609 0.865234 0.226562 0.867188 0.231445 0.867188 0.232422 0.868164 0.233398 0.867188 0.236328 0.867188 0.237305 0.866211 0.239258 0.866211 0.244141 0.861328 0.244141 0.860352 0.245117 0.859375 0.245117 0.856445 0.246094 0.855469 0.246094 0.84668 0.245117 0.845703 0.245117 0.844727 0.244141 0.84375 0.244141 0.842773 0.242188 0.842773 0.241211 0.841797 0.239258 0.841797 0.238281 0.84082
0 0.743164 0.401367 0.742188 0.402344 0.740234 0.402344 0.738281 0.404297 0.737305 0.404297 0.737305 0.410156 0.738281 0.411133 0.738281 0.413086 0.739258 0.414062 0.739258 0.416016 0.740234 0.416016 0.742188 0.417969 0.743164 0.417969 0.744141 0.418945 0.745117 0.417969 0.74707 0.417969 0.748047 0.416992 0.749023 0.416992 0.749023 0.416016 0.75 0.415039 0.75 0.413086 0.750977 0.412109 0.750977 0.410156 0.751953 0.40918 0.751953 0.407227 0.750977 0.40625 0.750977 0.405273 0.748047 0.402344 0.74707 0.402344 0.746094 0.401367
0 0.72168 0.505859 0.720703 0.506836 0.719727 0.506836 0.71875 0.507812 0.71875 0.508789 0.717773 0.509766 0.717773 0.514648 0.71875 0.515625 0.71875 0.516602 0.719727 0.517578 0.720703 0.517578 0.72168 0.518555 0.722656 0.518555 0.723633 0.517578 0.725586 0.517578 0.726562 0.516602 0.726562 0.515625 0.727539 0.514648 0.727539 0.508789 0.725586 0.506836 0.725586 0.505859
