0 0.257812 0.453125 0.246094 0.464844 0.246094 0.46875 0.238281 0.476562 0.238281 0.480469 0.234375 0.484375 0.234375 0.492188 0.238281 0.496094 0.238281 0.507812 0.25 0.519531 0.261719 0.519531 0.269531 0.527344 0.273438 0.527344 0.277344 0.523438 0.289062 0.523438 0.292969 0.519531 0.296875 0.519531 0.304688 0.511719 0.304688 0.507812 0.308594 0.503906 0.308594 0.496094 0.3125 0.492188 0.3125 0.484375 0.308594 0.480469 0.308594 0.476562 0.304688 0.472656 0.304688 0.464844 0.300781 0.460938 0.296875 0.460938 0.289062 0.453125
0 0.09375 0.613281 0.0898438 0.617188 0.0859375 0.617188 0.0742188 0.628906 0.0742188 0.632812 0.0703125 0.636719 0.0703125 0.648438 0.0820312 0.660156 0.0820312 0.664062 0.09375 0.664062 0.09375 0.660156 0.113281 0.640625 0.113281 0.617188 0.109375 0.613281
0 0.0820312 0.390625 0.078125 0.394531 0.0742188 0.394531 0.0703125 0.398438 0.0703125 0.402344 0.0664062 0.40625 0.0664062 0.410156 0.0625 0.414062 0.0625 0.425781 0.078125 0.425781 0.0820312 0.429688 0.0976562 0.429688 0.0976562 0.425781 0.101562 0.421875 0.109375 0.421875 0.113281 0.417969 0.117188 0.417969 0.117188 0.402344 0.105469 0.390625
0 0.222656 0.828125 0.222656 0.832031 0.21875 0.835938 0.214844 0.835938 0.210938 0.839844 0.210938 0.847656 0.207031 0.851562 0.207031 0.859375 0.203125 0.863281 0.203125 0.878906 0.210938 0.886719 0.21875 0.886719 0.222656 0.890625 0.246094 0.890625 0.25 0.886719 0.253906 0.886719 0.257812 0.882812 0.257812 0.875 0.261719 0.871094 0.261719 0.867188 0.265625 0.863281 0.265625 0.847656 0.261719 0.84375 0.261719 0.839844 0.257812 0.839844 0.253906 0.835938 0.253906 0.832031 0.246094 0.832031 0.242188 0.828125
0 0.5625 0.335938 0.554688 0.34375 0.554688 0.382812 0.558594 0.378906 0.566406 0.378906 0.570312 0.382812 0.574219 0.378906 0.582031 0.378906 0.589844 0.371094 0.589844 0.363281 0.585938 0.359375 0.585938 0.351562 0.578125 0.34375 0.574219 0.34375 0.566406 0.335938
0 0.59375 0.5 0.589844 0.503906 0.585938 0.503906 0.582031 0.507812 0.582031 0.511719 0.570312 0.523438 0.570312 0.542969 0.578125 0.550781 0.585938 0.550781 0.589844 0.554688 0.59375 0.554688 0.597656 0.550781 0.601562 0.554688 0.613281 0.554688 0.617188 0.550781 0.617188 0.523438 0.613281 0.519531 0.613281 0.511719 0.605469 0.503906 0.601562 0.503906 0.597656 0.5
0 0.792969 0.015625 0.789062 0.0195312 0.785156 0.0195312 0.785156 0.0234375 0.78125 0.0273438 0.78125 0.046875 0.789062 0.0546875 0.8125 0.0546875 0.816406 0.0507812 0.820312 0.0507812 0.824219 0.046875 0.824219 0.0429688 0.828125 0.0390625 0.828125 0.03125 0.824219 0.0273438 0.824219 0.0234375 0.820312 0.0195312 0.816406 0.0195312 0.8125 0.015625
0 0.496094 0.296875 0.484375 0.308594 0.484375 0.320312 0.488281 0.324219 0.488281 0.347656 0.496094 0.355469 0.507812 0.355469 0.511719 0.359375 0.515625 0.359375 0.519531 0.355469 0.519531 0.351562 0.523438 0.347656 0.523438 0.328125 0.515625 0.320312 0.515625 0.3125 0.507812 0.304688 0.507812 0.300781 0.5 0.300781
0 0.414062 0.625 0.410156 0.628906 0.410156 0.644531 0.421875 0.65625 0.4375 0.65625 0.441406 0.652344 0.441406 0.644531 0.445312 0.640625 0.445312 0.632812 0.441406 0.628906 0.4375 0.628906 0.433594 0.625
0 0.359375 0.308594 0.355469 0.3125 0.355469 0.316406 0.351562 0.320312 0.351562 0.328125 0.355469 0.332031 0.355469 0.339844 0.367188 0.351562 0.371094 0.351562 0.375 0.355469 0.378906 0.355469 0.382812 0.359375 0.40625 0.359375 0.40625 0.355469 0.410156 0.351562 0.410156 0.328125 0.398438 0.316406 0.394531 0.316406 0.390625 0.3125 0.378906 0.3125 0.375 0.308594
0 0.535156 0.902344 0.53125 0.90625 0.527344 0.90625 0.527344 0.910156 0.519531 0.917969 0.519531 0.929688 0.515625 0.933594 0.515625 0.960938 0.519531 0.964844 0.519531 0.96875 0.523438 0.972656 0.527344 0.972656 0.53125 0.976562 0.53125 0.980469 0.558594 0.980469 0.558594 0.976562 0.5625 0.972656 0.5625 0.96875 0.574219 0.957031 0.574219 0.949219 0.578125 0.945312 0.578125 0.9375 0.574219 0.933594 0.574219 0.921875 0.570312 0.917969 0.570312 0.914062 0.5625 0.914062 0.558594 0.910156 0.558594 0.90625 0.554688 0.90625 0.550781 0.902344
