0 0.750977 0.569336 0.749023 0.571289 0.749023 0.574219 0.751953 0.577148 0.754883 0.577148 0.755859 0.576172 0.755859 0.573242 0.756836 0.572266 0.756836 0.570312 0.755859 0.569336
0 0.564453 0.486328 0.5625 0.488281 0.560547 0.488281 0.55957 0.489258 0.55957 0.492188 0.560547 0.492188 0.561523 0.493164 0.56543 0.493164 0.566406 0.492188 0.567383 0.492188 0.567383 0.491211 0.568359 0.490234 0.568359 0.488281 0.567383 0.487305 0.567383 0.486328
0 0.760742 0.569336 0.760742 0.574219 0.761719 0.575195 0.764648 0.575195 0.765625 0.574219 0.765625 0.570312 0.764648 0.570312 0.763672 0.569336
0 0.0439453 0.332031 0.0429688 0.333008 0.0419922 0.333008 0.0429688 0.333984 0.0419922 0.334961 0.0410156 0.334961 0.0410156 0.335938 0.0400391 0.336914 0.0390625 0.336914 0.0400391 0.337891 0.0400391 0.338867 0.0390625 0.339844 0.0361328 0.339844 0.0371094 0.34082 0.0361328 0.341797 0.0351562 0.341797 0.0390625 0.341797 0.0400391 0.34082 0.0410156 0.34082 0.0439453 0.337891 0.0439453 0.334961 0.0449219 0.333984 0.0449219 0.333008
0 0.0878906 0.598633 0.0869141 0.599609 0.0839844 0.599609 0.0820312 0.601562 0.0810547 0.601562 0.078125 0.604492 0.078125 0.606445 0.0771484 0.607422 0.0771484 0.611328 0.0791016 0.613281 0.0791016 0.614258 0.0810547 0.616211 0.0810547 0.617188 0.0839844 0.620117 0.0849609 0.620117 0.0859375 0.621094 0.0869141 0.621094 0.0878906 0.62207 0.0888672 0.62207 0.0898438 0.623047 0.0957031 0.623047 0.0966797 0.62207 0.0976562 0.62207 0.0986328 0.621094 0.0996094 0.621094 0.101562 0.619141 0.101562 0.618164 0.102539 0.617188 0.102539 0.612305 0.100586 0.610352 0.100586 0.609375 0.0986328 0.607422 0.0986328 0.606445 0.0966797 0.604492 0.0957031 0.604492 0.0947266 0.603516 0.09375 0.603516 0.0908203 0.600586 0.0898438 0.600586
0 0.420898 0.441406 0.419922 0.442383 0.416992 0.442383 0.416016 0.443359 0.413086 0.443359 0.412109 0.444336 0.411133 0.444336 0.410156 0.445312 0.40918 0.445312 0.407227 0.447266 0.407227 0.451172 0.40625 0.452148 0.40625 0.453125 0.40918 0.456055 0.40918 0.457031 0.410156 0.457031 0.414062 0.460938 0.415039 0.460938 0.416016 0.461914 0.422852 0.461914 0.423828 0.460938 0.425781 0.460938 0.426758 0.459961 0.428711 0.459961 0.432617 0.456055 0.432617 0.454102 0.433594 0.453125 0.433594 0.451172 0.432617 0.450195 0.432617 0.449219 0.431641 0.448242 0.431641 0.446289 0.427734 0.442383 0.426758 0.442383 0.425781 0.441406
0 0.375 0.518555 0.374023 0.519531 0.369141 0.519531 0.368164 0.520508 0.366211 0.520508 0.365234 0.521484 0.364258 0.521484 0.362305 0.523438 0.362305 0.524414 0.361328 0.525391 0.361328 0.526367 0.360352 0.527344 0.361328 0.52832 0.361328 0.53125 0.362305 0.532227 0.362305 0.53418 0.363281 0.535156 0.363281 0.536133 0.364258 0.537109 0.364258 0.538086 0.365234 0.539062 0.366211 0.539062 0.367188 0.540039 0.368164 0.540039 0.369141 0.541016 0.371094 0.541016 0.37207 0.541992 0.374023 0.541992 0.375 0.542969 0.380859 0.542969 0.381836 0.541992 0.384766 0.541992 0.385742 0.541016 0.386719 0.541016 0.387695 0.540039 0.388672 0.540039 0.389648 0.539062 0.389648 0.538086 0.390625 0.537109 0.390625 0.529297 0.389648 0.52832 0.389648 0.527344 0.383789 0.521484 0.382812 0.521484 0.380859 0.519531 0.376953 0.519531 0.375977 0.518555
0 0.400391 0.232422 0.400391 0.234375 0.401367 0.235352 0.404297 0.235352 0.405273 0.234375 0.405273 0.232422
0 0.388672 0.813477 0.384766 0.817383 0.384766 0.819336 0.383789 0.820312 0.383789 0.826172 0.384766 0.827148 0.384766 0.829102 0.388672 0.833008 0.389648 0.833008 0.392578 0.835938 0.395508 0.835938 0.396484 0.836914 0.404297 0.836914 0.405273 0.835938 0.40625 0.835938 0.40918 0.833008 0.40918 0.832031 0.410156 0.831055 0.410156 0.830078 0.411133 0.829102 0.411133 0.828125 0.410156 0.827148 0.410156 0.825195 0.40918 0.824219 0.40918 0.823242 0.405273 0.819336 0.405273 0.818359 0.404297 0.818359 0.402344 0.816406 0.401367 0.816406 0.399414 0.814453 0.395508 0.814453 0.394531 0.813477
0 0.43457 0.209961 0.433594 0.210938 0.433594 0.211914 0.43457 0.212891 0.43457 0.214844 0.435547 0.21582 0.435547 0.216797 0.436523 0.217773 0.436523 0.22168 0.4375 0.222656 0.4375 0.225586 0.438477 0.226562 0.44043 0.226562 0.442383 0.224609 0.442383 0.220703 0.441406 0.219727 0.441406 0.213867 0.44043 0.212891 0.44043 0.210938 0.439453 0.209961
0 0.393555 0.209961 0.392578 0.210938 0.387695 0.210938 0.383789 0.214844 0.382812 0.214844 0.379883 0.217773 0.37793 0.217773 0.376953 0.21875 0.375977 0.21875 0.376953 0.219727 0.376953 0.22168 0.37793 0.222656 0.37793 0.224609 0.378906 0.225586 0.378906 0.226562 0.380859 0.228516 0.380859 0.229492 0.381836 0.230469 0.382812 0.230469 0.383789 0.231445 0.384766 0.231445 0.385742 0.232422 0.386719 0.232422 0.387695 0.233398 0.389648 0.233398 0.390625 0.234375 0.399414 0.234375 0.399414 0.232422 0.400391 0.231445 0.40332 0.231445 0.405273 0.229492 0.405273 0.228516 0.40625 0.227539 0.40625 0.226562 0.407227 0.225586 0.407227 0.22168 0.40625 0.220703 0.40625 0.217773 0.404297 0.21582 0.404297 0.214844 0.40332 0.213867 0.402344 0.213867 0.400391 0.211914 0.398438 0.211914 0.397461 0.210938 0.395508 0.210938 0.394531 0.209961
0 0.743164 0.709961 0.731445 0.72168 0.731445 0.722656 0.730469 0.723633 0.730469 0.724609 0.729492 0.725586 0.729492 0.727539 0.730469 0.728516 0.730469 0.729492 0.734375 0.729492 0.735352 0.728516 0.737305 0.728516 0.738281 0.727539 0.739258 0.727539 0.740234 0.726562 0.741211 0.726562 0.742188 0.725586 0.745117 0.725586 0.748047 0.722656 0.748047 0.71582 0.74707 0.714844 0.74707 0.711914 0.746094 0.710938 0.746094 0.709961
0 0.599609 0.911133 0.599609 0.912109 0.598633 0.913086 0.598633 0.914062 0.597656 0.915039 0.597656 0.916016 0.59668 0.916992 0.59668 0.917969 0.595703 0.918945 0.595703 0.919922 0.598633 0.919922 0.601562 0.922852 0.601562 0.924805 0.600586 0.925781 0.597656 0.925781 0.595703 0.923828 0.595703 0.924805 0.599609 0.928711 0.600586 0.928711 0.602539 0.930664 0.603516 0.930664 0.604492 0.931641 0.610352 0.931641 0.612305 0.929688 0.613281 0.929688 0.613281 0.928711 0.614258 0.927734 0.614258 0.926758 0.615234 0.925781 0.615234 0.922852 0.616211 0.921875 0.616211 0.919922 0.615234 0.918945 0.615234 0.917969 0.614258 0.916992 0.613281 0.916992 0.612305 0.916016 0.611328 0.916016 0.609375 0.914062 0.608398 0.914062 0.607422 0.913086 0.605469 0.913086 0.604492 0.912109 0.600586 0.912109
0 0.285156 0.833008 0.282227 0.835938 0.282227 0.837891 0.28125 0.838867 0.28125 0.841797 0.282227 0.842773 0.282227 0.844727 0.283203 0.845703 0.28418 0.845703 0.288086 0.849609 0.295898 0.849609 0.296875 0.848633 0.296875 0.845703 0.295898 0.845703 0.293945 0.84375 0.293945 0.842773 0.292969 0.841797 0.292969 0.84082 0.291992 0.839844 0.291992 0.836914 0.291016 0.835938 0.291016 0.833984 0.290039 0.833008
0 0.301758 0.826172 0.300781 0.827148 0.296875 0.827148 0.293945 0.830078 0.292969 0.830078 0.291992 0.831055 0.291992 0.835938 0.292969 0.836914 0.292969 0.839844 0.293945 0.84082 0.293945 0.841797 0.294922 0.842773 0.294922 0.84375 0.295898 0.844727 0.296875 0.844727 0.297852 0.845703 0.297852 0.847656 0.298828 0.847656 0.299805 0.848633 0.300781 0.848633 0.301758 0.849609 0.304688 0.849609 0.305664 0.850586 0.307617 0.850586 0.308594 0.849609 0.310547 0.849609 0.311523 0.848633 0.313477 0.848633 0.314453 0.847656 0.31543 0.847656 0.317383 0.845703 0.318359 0.845703 0.321289 0.842773 0.321289 0.84082 0.322266 0.839844 0.322266 0.833984 0.319336 0.831055 0.318359 0.831055 0.317383 0.830078 0.316406 0.830078 0.31543 0.829102 0.314453 0.829102 0.313477 0.828125 0.3125 0.828125 0.311523 0.827148 0.304688 0.827148 0.303711 0.826172
0 0.28125 0.890625 0.280273 0.891602 0.27832 0.891602 0.277344 0.892578 0.275391 0.892578 0.274414 0.893555 0.273438 0.893555 0.272461 0.894531 0.272461 0.896484 0.271484 0.897461 0.271484 0.900391 0.270508 0.901367 0.270508 0.904297 0.271484 0.905273 0.271484 0.90625 0.272461 0.907227 0.272461 0.908203 0.273438 0.908203 0.275391 0.910156 0.276367 0.910156 0.277344 0.911133 0.279297 0.911133 0.280273 0.912109 0.293945 0.912109 0.295898 0.910156 0.296875 0.910156 0.304688 0.917969 0.313477 0.917969 0.314453 0.916992 0.316406 0.916992 0.317383 0.916016 0.318359 0.916016 0.319336 0.915039 0.319336 0.914062 0.320312 0.913086 0.320312 0.910156 0.321289 0.90918 0.321289 0.90625 0.320312 0.905273 0.320312 0.904297 0.316406 0.900391 0.31543 0.900391 0.314453 0.899414 0.3125 0.899414 0.311523 0.898438 0.308594 0.898438 0.307617 0.897461 0.306641 0.898438 0.303711 0.898438 0.302734 0.899414 0.300781 0.899414 0.300781 0.901367 0.298828 0.90332 0.297852 0.902344 0.297852 0.899414 0.296875 0.898438 0.296875 0.897461 0.294922 0.895508 0.293945 0.895508 0.292969 0.894531 0.291992 0.894531 0.289062 0.891602 0.286133 0.891602 0.285156 0.890625
0 0.734375 0.320312 0.734375 0.321289 0.732422 0.323242 0.732422 0.324219 0.731445 0.325195 0.731445 0.327148 0.730469 0.328125 0.730469 0.330078 0.731445 0.331055 0.731445 0.333008 0.732422 0.333984 0.732422 0.335938 0.734375 0.337891 0.734375 0.338867 0.736328 0.34082 0.738281 0.34082 0.739258 0.341797 0.746094 0.341797 0.74707 0.34082 0.750977 0.34082 0.750977 0.337891 0.751953 0.336914 0.751953 0.333008 0.750977 0.332031 0.750977 0.329102 0.75 0.328125 0.75 0.326172 0.749023 0.325195 0.749023 0.323242 0.748047 0.322266 0.74707 0.322266 0.746094 0.321289 0.743164 0.321289 0.742188 0.320312
0 0.148438 0.948242 0.146484 0.950195 0.145508 0.950195 0.143555 0.952148 0.143555 0.953125 0.142578 0.954102 0.142578 0.957031 0.141602 0.958008 0.141602 0.958984 0.142578 0.959961 0.142578 0.960938 0.143555 0.961914 0.143555 0.962891 0.144531 0.963867 0.144531 0.964844 0.148438 0.96875 0.154297 0.96875 0.155273 0.969727 0.165039 0.969727 0.165039 0.96875 0.166992 0.966797 0.166992 0.96582 0.167969 0.964844 0.167969 0.962891 0.168945 0.961914 0.168945 0.958984 0.167969 0.958008 0.167969 0.957031 0.165039 0.954102 0.165039 0.953125 0.163086 0.951172 0.162109 0.951172 0.161133 0.950195 0.160156 0.950195 0.15918 0.949219 0.155273 0.949219 0.154297 0.948242
0 0.274414 0.858398 0.274414 0.859375 0.273438 0.860352 0.273438 0.861328 0.271484 0.863281 0.271484 0.866211 0.275391 0.866211 0.279297 0.862305 0.279297 0.860352 0.27832 0.859375 0.277344 0.859375 0.276367 0.858398
0 0.539062 0.461914 0.539062 0.463867 0.540039 0.464844 0.539062 0.46582 0.537109 0.46582 0.537109 0.46875 0.539062 0.46875 0.540039 0.469727 0.541992 0.469727 0.542969 0.470703 0.550781 0.470703 0.550781 0.467773 0.546875 0.463867 0.545898 0.463867 0.543945 0.461914
0 0.466797 0.868164 0.46582 0.869141 0.46582 0.873047 0.472656 0.873047 0.472656 0.868164
0 0.758789 0.556641 0.758789 0.557617 0.755859 0.560547 0.755859 0.56543 0.757812 0.567383 0.760742 0.567383 0.760742 0.564453 0.762695 0.5625 0.763672 0.5625 0.763672 0.561523 0.764648 0.560547 0.764648 0.558594 0.763672 0.557617 0.763672 0.556641
0 0.772461 0.594727 0.769531 0.597656 0.769531 0.601562 0.768555 0.602539 0.769531 0.603516 0.769531 0.608398 0.770508 0.608398 0.771484 0.609375 0.772461 0.609375 0.774414 0.611328 0.78418 0.611328 0.785156 0.610352 0.789062 0.610352 0.790039 0.609375 0.791016 0.609375 0.791992 0.608398 0.792969 0.608398 0.794922 0.606445 0.794922 0.602539 0.793945 0.601562 0.793945 0.599609 0.791992 0.599609 0.791016 0.598633 0.789062 0.598633 0.788086 0.597656 0.787109 0.597656 0.786133 0.59668 0.78418 0.59668 0.783203 0.595703 0.78125 0.595703 0.780273 0.594727
0 0.413086 0.407227 0.413086 0.408203 0.410156 0.411133 0.410156 0.412109 0.407227 0.415039 0.407227 0.416016 0.405273 0.417969 0.405273 0.418945 0.404297 0.419922 0.404297 0.422852 0.40332 0.423828 0.40332 0.425781 0.404297 0.426758 0.404297 0.428711 0.405273 0.429688 0.405273 0.430664 0.407227 0.432617 0.408203 0.432617 0.40918 0.433594 0.416016 0.433594 0.416992 0.432617 0.417969 0.432617 0.420898 0.429688 0.420898 0.428711 0.421875 0.427734 0.421875 0.425781 0.422852 0.424805 0.422852 0.414062 0.421875 0.413086 0.421875 0.411133 0.420898 0.410156 0.420898 0.40918 0.419922 0.40918 0.418945 0.408203 0.417969 0.408203 0.416992 0.407227
0 0.0566406 0.279297 0.0537109 0.282227 0.0527344 0.282227 0.0527344 0.28418 0.0517578 0.285156 0.0517578 0.289062 0.0527344 0.290039 0.0527344 0.291016 0.0546875 0.292969 0.0546875 0.293945 0.0566406 0.295898 0.0585938 0.295898 0.0595703 0.296875 0.0605469 0.296875 0.0615234 0.297852 0.0644531 0.297852 0.0654297 0.296875 0.0664062 0.296875 0.0673828 0.295898 0.0673828 0.294922 0.0683594 0.293945 0.0683594 0.292969 0.0693359 0.291992 0.0693359 0.290039 0.0683594 0.289062 0.0683594 0.287109 0.0673828 0.286133 0.0673828 0.285156 0.0634766 0.28125 0.0625 0.28125 0.0615234 0.280273 0.0595703 0.280273 0.0585938 0.279297
0 0.540039 0.421875 0.539062 0.422852 0.537109 0.422852 0.536133 0.423828 0.53418 0.423828 0.53418 0.424805 0.533203 0.425781 0.533203 0.426758 0.53125 0.428711 0.53125 0.429688 0.530273 0.430664 0.530273 0.431641 0.529297 0.432617 0.529297 0.433594 0.52832 0.43457 0.52832 0.435547 0.526367 0.4375 0.526367 0.438477 0.527344 0.439453 0.527344 0.441406 0.52832 0.442383 0.52832 0.444336 0.53125 0.447266 0.532227 0.447266 0.533203 0.448242 0.538086 0.448242 0.540039 0.446289 0.541016 0.446289 0.542969 0.444336 0.543945 0.444336 0.543945 0.443359 0.546875 0.44043 0.546875 0.439453 0.548828 0.4375 0.548828 0.435547 0.549805 0.43457 0.549805 0.433594 0.550781 0.432617 0.550781 0.428711 0.549805 0.427734 0.549805 0.425781 0.547852 0.423828 0.547852 0.422852 0.546875 0.421875
0 0.460938 0.860352 0.459961 0.861328 0.459961 0.863281 0.460938 0.864258 0.460938 0.866211 0.461914 0.867188 0.463867 0.867188 0.46582 0.865234 0.466797 0.865234 0.467773 0.864258 0.467773 0.861328 0.463867 0.861328 0.462891 0.860352
0 0.729492 0.151367 0.727539 0.15332 0.724609 0.15332 0.724609 0.154297 0.723633 0.155273 0.723633 0.15918 0.728516 0.15918 0.730469 0.157227 0.733398 0.157227 0.733398 0.152344 0.732422 0.151367
0 0.853516 0.25 0.852539 0.250977 0.851562 0.250977 0.850586 0.251953 0.849609 0.251953 0.848633 0.25293 0.847656 0.25293 0.84375 0.256836 0.84375 0.257812 0.842773 0.258789 0.842773 0.260742 0.841797 0.261719 0.841797 0.265625 0.842773 0.266602 0.842773 0.268555 0.844727 0.270508 0.845703 0.270508 0.847656 0.272461 0.850586 0.272461 0.851562 0.273438 0.860352 0.273438 0.861328 0.272461 0.864258 0.272461 0.867188 0.269531 0.867188 0.267578 0.868164 0.266602 0.868164 0.256836 0.864258 0.25293 0.863281 0.25293 0.862305 0.251953 0.860352 0.251953 0.859375 0.250977 0.856445 0.250977 0.855469 0.25
0 0.18457 0.692383 0.183594 0.693359 0.183594 0.694336 0.181641 0.696289 0.181641 0.697266 0.179688 0.699219 0.179688 0.700195 0.178711 0.701172 0.178711 0.702148 0.177734 0.703125 0.177734 0.704102 0.176758 0.705078 0.176758 0.706055 0.175781 0.707031 0.175781 0.708984 0.174805 0.709961 0.175781 0.710938 0.175781 0.712891 0.176758 0.713867 0.176758 0.714844 0.178711 0.714844 0.179688 0.71582 0.194336 0.71582 0.195312 0.714844 0.196289 0.714844 0.198242 0.712891 0.198242 0.711914 0.200195 0.709961 0.200195 0.699219 0.195312 0.694336 0.194336 0.694336 0.193359 0.693359 0.192383 0.693359 0.191406 0.692383
0 0.40918 0.864258 0.40918 0.866211 0.410156 0.867188 0.412109 0.867188 0.413086 0.868164 0.413086 0.869141 0.414062 0.869141 0.414062 0.868164 0.415039 0.867188 0.415039 0.865234 0.414062 0.865234 0.413086 0.864258
0 0.875 0.0927734 0.874023 0.09375 0.871094 0.09375 0.870117 0.0947266 0.869141 0.0947266 0.868164 0.0957031 0.866211 0.0957031 0.865234 0.0966797 0.865234 0.0976562 0.864258 0.0986328 0.864258 0.0996094 0.863281 0.100586 0.863281 0.101562 0.862305 0.102539 0.862305 0.105469 0.861328 0.106445 0.861328 0.111328 0.862305 0.112305 0.862305 0.113281 0.863281 0.114258 0.863281 0.115234 0.864258 0.115234 0.866211 0.117188 0.868164 0.117188 0.869141 0.118164 0.870117 0.118164 0.871094 0.119141 0.87207 0.119141 0.873047 0.118164 0.878906 0.118164 0.879883 0.117188 0.879883 0.116211 0.881836 0.114258 0.881836 0.113281 0.884766 0.110352 0.884766 0.109375 0.885742 0.108398 0.885742 0.0986328 0.884766 0.0976562 0.884766 0.0957031 0.882812 0.09375 0.880859 0.09375 0.879883 0.0927734
0 0.348633 0.364258 0.348633 0.368164 0.349609 0.369141 0.353516 0.369141 0.355469 0.367188 0.355469 0.365234 0.354492 0.364258
0 0.475586 0.100586 0.470703 0.105469 0.47168 0.106445 0.47168 0.109375 0.472656 0.110352 0.472656 0.113281 0.473633 0.114258 0.473633 0.117188 0.474609 0.118164 0.474609 0.119141 0.477539 0.12207 0.477539 0.123047 0.478516 0.123047 0.479492 0.124023 0.481445 0.124023 0.482422 0.125 0.488281 0.125 0.488281 0.117188 0.487305 0.116211 0.487305 0.113281 0.486328 0.112305 0.486328 0.109375 0.485352 0.108398 0.485352 0.106445 0.482422 0.103516 0.482422 0.102539 0.481445 0.101562 0.476562 0.101562
0 0.228516 0.93457 0.224609 0.938477 0.224609 0.94043 0.223633 0.941406 0.223633 0.944336 0.224609 0.945312 0.224609 0.950195 0.226562 0.952148 0.226562 0.953125 0.229492 0.956055 0.230469 0.956055 0.231445 0.957031 0.233398 0.957031 0.234375 0.958008 0.238281 0.958008 0.239258 0.958984 0.243164 0.958984 0.244141 0.958008 0.245117 0.958008 0.246094 0.957031 0.246094 0.953125 0.24707 0.952148 0.24707 0.951172 0.248047 0.950195 0.248047 0.946289 0.24707 0.945312 0.24707 0.944336 0.245117 0.942383 0.245117 0.941406 0.241211 0.9375 0.240234 0.9375 0.239258 0.936523 0.238281 0.936523 0.237305 0.935547 0.230469 0.935547 0.229492 0.93457
0 0.931641 0.167969 0.930664 0.168945 0.929688 0.168945 0.928711 0.169922 0.927734 0.169922 0.927734 0.170898 0.926758 0.171875 0.926758 0.173828 0.925781 0.174805 0.925781 0.177734 0.924805 0.178711 0.924805 0.180664 0.925781 0.181641 0.925781 0.182617 0.926758 0.183594 0.926758 0.185547 0.928711 0.1875 0.929688 0.1875 0.931641 0.189453 0.932617 0.189453 0.933594 0.19043 0.935547 0.19043 0.936523 0.191406 0.94043 0.191406 0.941406 0.192383 0.942383 0.191406 0.945312 0.191406 0.946289 0.19043 0.947266 0.19043 0.949219 0.188477 0.949219 0.1875 0.950195 0.186523 0.950195 0.18457 0.951172 0.183594 0.951172 0.180664 0.950195 0.179688 0.950195 0.178711 0.949219 0.177734 0.949219 0.175781 0.944336 0.170898 0.943359 0.170898 0.941406 0.168945 0.94043 0.168945 0.939453 0.167969
0 0.291016 0.96582 0.290039 0.966797 0.288086 0.966797 0.287109 0.967773 0.285156 0.967773 0.280273 0.972656 0.280273 0.978516 0.28125 0.979492 0.28125 0.983398 0.282227 0.984375 0.282227 0.986328 0.285156 0.989258 0.286133 0.989258 0.287109 0.990234 0.289062 0.990234 0.290039 0.991211 0.292969 0.991211 0.293945 0.990234 0.294922 0.990234 0.295898 0.989258 0.296875 0.989258 0.297852 0.988281 0.298828 0.988281 0.298828 0.987305 0.299805 0.986328 0.299805 0.985352 0.300781 0.984375 0.300781 0.979492 0.301758 0.978516 0.301758 0.973633 0.300781 0.972656 0.300781 0.97168 0.298828 0.969727 0.298828 0.96875 0.295898 0.96582
0 0.577148 0.475586 0.576172 0.476562 0.575195 0.476562 0.575195 0.478516 0.576172 0.479492 0.583008 0.479492 0.583008 0.476562 0.582031 0.475586
0 0.595703 0 0.595703 0.00390625 0.59668 0.00488281 0.59668 0.00585938 0.597656 0.00683594 0.597656 0.0078125 0.598633 0.00878906 0.598633 0.00976562 0.600586 0.0117188 0.601562 0.0117188 0.602539 0.0126953 0.602539 0.0136719 0.604492 0.0136719 0.605469 0.0146484 0.615234 0.0146484 0.616211 0.0136719 0.617188 0.0136719 0.620117 0.0107422 0.620117 0.00976562 0.621094 0.00878906 0.621094 0.000976562 0.620117 0
0 0.722656 0.160156 0.72168 0.161133 0.72168 0.166016 0.725586 0.166016 0.727539 0.164062 0.727539 0.160156
0 0.453125 0.879883 0.452148 0.880859 0.451172 0.880859 0.451172 0.883789 0.453125 0.885742 0.456055 0.885742 0.458008 0.883789 0.458008 0.880859 0.457031 0.879883
0 0 0.453125 0 0.473633 0 0.47168 0.000976562 0.470703 0.00195312 0.47168 0.00195312 0.472656 0.00390625 0.474609 0.0126953 0.474609 0.0146484 0.472656 0.015625 0.472656 0.015625 0.47168 0.0166016 0.470703 0.0166016 0.461914 0.015625 0.460938 0.015625 0.458984 0.0146484 0.458984 0.0126953 0.457031 0.0126953 0.456055 0.0117188 0.456055 0.0107422 0.455078 0.00878906 0.455078 0.0078125 0.454102 0.0078125 0.453125
0 0.00390625 0.463867 0.00488281 0.462891 0.00585938 0.463867 0.00488281 0.464844
0 0.875 0.143555 0.873047 0.145508 0.87207 0.145508 0.868164 0.149414 0.868164 0.150391 0.867188 0.151367 0.867188 0.15332 0.866211 0.154297 0.866211 0.157227 0.867188 0.158203 0.867188 0.15918 0.871094 0.163086 0.87207 0.162109 0.875977 0.162109 0.879883 0.158203 0.879883 0.147461 0.87793 0.145508 0.876953 0.145508
0 0.325195 0.169922 0.324219 0.170898 0.320312 0.170898 0.320312 0.171875 0.318359 0.173828 0.318359 0.174805 0.313477 0.179688 0.313477 0.182617 0.3125 0.183594 0.3125 0.186523 0.311523 0.1875 0.3125 0.188477 0.3125 0.189453 0.313477 0.19043 0.313477 0.191406 0.319336 0.191406 0.320312 0.192383 0.325195 0.192383 0.326172 0.191406 0.327148 0.191406 0.328125 0.19043 0.328125 0.189453 0.330078 0.1875 0.330078 0.186523 0.331055 0.185547 0.331055 0.18457 0.332031 0.183594 0.332031 0.177734 0.331055 0.176758 0.331055 0.171875 0.330078 0.170898 0.327148 0.170898 0.326172 0.169922
0 0.417969 0.335938 0.416992 0.336914 0.415039 0.336914 0.414062 0.337891 0.414062 0.338867 0.411133 0.341797 0.411133 0.342773 0.410156 0.34375 0.410156 0.353516 0.411133 0.353516 0.412109 0.354492 0.413086 0.354492 0.414062 0.355469 0.415039 0.355469 0.416016 0.356445 0.416992 0.356445 0.418945 0.358398 0.419922 0.358398 0.421875 0.360352 0.422852 0.360352 0.423828 0.361328 0.427734 0.361328 0.428711 0.360352 0.429688 0.360352 0.429688 0.359375 0.430664 0.358398 0.430664 0.357422 0.431641 0.356445 0.431641 0.355469 0.432617 0.354492 0.432617 0.345703 0.431641 0.344727 0.431641 0.342773 0.430664 0.341797 0.429688 0.341797 0.426758 0.338867 0.425781 0.338867 0.423828 0.336914 0.421875 0.336914 0.420898 0.335938
0 0.268555 0.855469 0.268555 0.856445 0.267578 0.857422 0.266602 0.857422 0.266602 0.864258 0.270508 0.864258 0.270508 0.863281 0.272461 0.861328 0.272461 0.860352 0.273438 0.859375 0.273438 0.856445 0.272461 0.855469
0 0.730469 0.158203 0.728516 0.160156 0.728516 0.166992 0.729492 0.166992 0.730469 0.167969 0.733398 0.167969 0.734375 0.166992 0.734375 0.161133 0.732422 0.15918 0.732422 0.158203
0 0.757812 0.571289 0.757812 0.572266 0.756836 0.573242 0.756836 0.577148 0.757812 0.578125 0.760742 0.578125 0.761719 0.577148 0.761719 0.576172 0.759766 0.574219 0.759766 0.571289
0 0.00195312 0.616211 0 0.618164 0 0.639648 0.000976562 0.640625 0.00195312 0.640625 0.00292969 0.641602 0.0126953 0.641602 0.015625 0.638672 0.015625 0.637695 0.0166016 0.636719 0.0166016 0.625977 0.015625 0.625 0.015625 0.620117 0.0117188 0.616211
0 0.416992 0.864258 0.416016 0.865234 0.416016 0.867188 0.415039 0.868164 0.415039 0.870117 0.416992 0.87207 0.419922 0.87207 0.419922 0.871094 0.420898 0.870117 0.420898 0.865234 0.419922 0.864258
0 0.419922 0.836914 0.418945 0.837891 0.416992 0.837891 0.416016 0.838867 0.416016 0.839844 0.414062 0.841797 0.414062 0.842773 0.413086 0.84375 0.413086 0.848633 0.412109 0.849609 0.413086 0.850586 0.413086 0.851562 0.415039 0.853516 0.415039 0.854492 0.416016 0.855469 0.416992 0.855469 0.417969 0.856445 0.418945 0.856445 0.419922 0.857422 0.420898 0.857422 0.421875 0.858398 0.422852 0.858398 0.425781 0.861328 0.427734 0.861328 0.428711 0.860352 0.430664 0.860352 0.431641 0.859375 0.432617 0.859375 0.433594 0.858398 0.43457 0.858398 0.4375 0.855469 0.4375 0.852539 0.438477 0.851562 0.438477 0.848633 0.4375 0.847656 0.4375 0.84668 0.436523 0.845703 0.436523 0.844727 0.435547 0.84375 0.435547 0.842773 0.433594 0.84082 0.432617 0.84082 0.429688 0.837891 0.428711 0.837891 0.427734 0.836914
0 0.0332031 0.326172 0.0322266 0.327148 0.0273438 0.327148 0.0263672 0.328125 0.0263672 0.329102 0.0234375 0.332031 0.0244141 0.333008 0.0244141 0.333984 0.0283203 0.333984 0.0283203 0.333008 0.0292969 0.332031 0.0302734 0.332031 0.03125 0.331055 0.0322266 0.331055 0.0341797 0.329102 0.0361328 0.329102 0.0371094 0.328125 0.0390625 0.328125 0.0380859 0.327148 0.0351562 0.327148 0.0341797 0.326172
0 0.146484 0.341797 0.143555 0.344727 0.143555 0.348633 0.144531 0.349609 0.149414 0.349609 0.150391 0.348633 0.151367 0.348633 0.151367 0.344727 0.150391 0.34375 0.150391 0.342773 0.149414 0.341797
0 0.749023 0.716797 0.749023 0.722656 0.745117 0.726562 0.743164 0.726562 0.744141 0.726562 0.745117 0.727539 0.745117 0.729492 0.744141 0.730469 0.739258 0.730469 0.738281 0.729492 0.738281 0.728516 0.738281 0.733398 0.739258 0.734375 0.739258 0.735352 0.741211 0.737305 0.742188 0.737305 0.743164 0.738281 0.745117 0.738281 0.746094 0.739258 0.75293 0.739258 0.753906 0.738281 0.754883 0.738281 0.760742 0.732422 0.760742 0.723633 0.759766 0.722656 0.759766 0.72168 0.758789 0.720703 0.758789 0.719727 0.757812 0.719727 0.754883 0.716797
0 0.412109 0.859375 0.411133 0.860352 0.411133 0.863281 0.413086 0.863281 0.414062 0.864258 0.416016 0.864258 0.416992 0.863281 0.416992 0.860352 0.416016 0.859375
0 0 0.329102 0 0.345703 0.00195312 0.345703 0.00195312 0.344727 0.00292969 0.34375 0.00390625 0.34375 0.00390625 0.339844 0.00488281 0.338867 0.00488281 0.333008 0.00390625 0.332031 0.00390625 0.331055 0.00195312 0.329102
0 0.694336 0.0253906 0.693359 0.0263672 0.691406 0.0263672 0.685547 0.0322266 0.685547 0.0341797 0.686523 0.0351562 0.686523 0.0390625 0.69043 0.0429688 0.69043 0.0439453 0.691406 0.0449219 0.692383 0.0449219 0.694336 0.046875 0.695312 0.046875 0.697266 0.0488281 0.700195 0.0488281 0.701172 0.0478516 0.703125 0.0478516 0.704102 0.046875 0.705078 0.046875 0.707031 0.0449219 0.707031 0.0419922 0.708008 0.0410156 0.708008 0.0371094 0.707031 0.0361328 0.707031 0.0341797 0.706055 0.0332031 0.706055 0.03125 0.705078 0.0302734 0.705078 0.0283203 0.703125 0.0263672 0.699219 0.0263672 0.698242 0.0253906
0 0.0234375 0.0693359 0.0224609 0.0703125 0.0205078 0.0703125 0.0195312 0.0712891 0.0185547 0.0712891 0.0175781 0.0722656 0.0166016 0.0722656 0.0146484 0.0742188 0.0146484 0.0771484 0.0136719 0.078125 0.0146484 0.0791016 0.0146484 0.0800781 0.0224609 0.0878906 0.0224609 0.0888672 0.0244141 0.0908203 0.0253906 0.0908203 0.0263672 0.0917969 0.0273438 0.0917969 0.0283203 0.0927734 0.0302734 0.0927734 0.03125 0.0917969 0.0322266 0.0917969 0.0332031 0.0908203 0.0332031 0.0859375 0.0341797 0.0849609 0.0341797 0.0830078 0.0332031 0.0820312 0.0332031 0.0810547 0.0322266 0.0800781 0.0322266 0.078125 0.03125 0.0771484 0.03125 0.0761719 0.0263672 0.0712891 0.0253906 0.0712891
0 0.351562 0.358398 0.349609 0.360352 0.349609 0.363281 0.354492 0.363281 0.355469 0.362305 0.355469 0.360352 0.353516 0.358398
0 0.0429688 0.473633 0.0429688 0.479492 0.0439453 0.480469 0.0439453 0.481445 0.0449219 0.482422 0.0449219 0.484375 0.0498047 0.484375 0.0507812 0.483398 0.0507812 0.481445 0.0498047 0.480469 0.0498047 0.477539 0.0488281 0.476562 0.0488281 0.473633
0 0.727539 0.973633 0.724609 0.976562 0.723633 0.976562 0.723633 0.978516 0.722656 0.979492 0.722656 0.981445 0.72168 0.982422 0.72168 0.983398 0.720703 0.984375 0.720703 0.989258 0.72168 0.990234 0.72168 0.992188 0.722656 0.992188 0.725586 0.995117 0.726562 0.995117 0.727539 0.996094 0.728516 0.996094 0.729492 0.99707 0.730469 0.99707 0.731445 0.998047 0.733398 0.998047 0.734375 0.99707 0.737305 0.99707 0.738281 0.996094 0.739258 0.996094 0.740234 0.995117 0.741211 0.995117 0.745117 0.991211 0.745117 0.985352 0.744141 0.984375 0.744141 0.981445 0.743164 0.980469 0.743164 0.979492 0.742188 0.978516 0.742188 0.977539 0.740234 0.975586 0.739258 0.975586 0.738281 0.974609 0.737305 0.974609 0.736328 0.973633
0 0.296875 0.678711 0.295898 0.679688 0.291016 0.679688 0.290039 0.680664 0.289062 0.680664 0.289062 0.681641 0.288086 0.682617 0.288086 0.69043 0.291016 0.693359 0.291016 0.694336 0.293945 0.697266 0.293945 0.698242 0.294922 0.699219 0.301758 0.699219 0.302734 0.698242 0.304688 0.698242 0.305664 0.697266 0.306641 0.697266 0.307617 0.696289 0.308594 0.696289 0.30957 0.695312 0.310547 0.695312 0.311523 0.694336 0.311523 0.692383 0.3125 0.691406 0.3125 0.689453 0.311523 0.688477 0.311523 0.686523 0.310547 0.685547 0.310547 0.68457 0.30957 0.683594 0.308594 0.683594 0.305664 0.680664 0.304688 0.680664 0.303711 0.679688 0.300781 0.679688 0.299805 0.678711
0 0.700195 0.608398 0.699219 0.609375 0.698242 0.609375 0.697266 0.610352 0.696289 0.610352 0.692383 0.614258 0.691406 0.614258 0.69043 0.615234 0.69043 0.616211 0.689453 0.617188 0.689453 0.618164 0.688477 0.619141 0.688477 0.620117 0.6875 0.621094 0.689453 0.623047 0.689453 0.624023 0.69043 0.625 0.69043 0.625977 0.693359 0.628906 0.693359 0.629883 0.695312 0.631836 0.697266 0.631836 0.698242 0.632812 0.705078 0.632812 0.706055 0.631836 0.708008 0.631836 0.708984 0.630859 0.709961 0.630859 0.714844 0.625977 0.714844 0.625 0.71582 0.624023 0.71582 0.623047 0.716797 0.62207 0.716797 0.621094 0.71582 0.620117 0.71582 0.616211 0.714844 0.615234 0.714844 0.613281 0.710938 0.609375 0.708984 0.609375 0.708008 0.608398
0 0.0400391 0.328125 0.0390625 0.329102 0.0371094 0.329102 0.0361328 0.330078 0.0341797 0.330078 0.0322266 0.332031 0.03125 0.332031 0.0302734 0.333008 0.0292969 0.333008 0.0292969 0.333984 0.0283203 0.334961 0.0253906 0.334961 0.0244141 0.335938 0.0244141 0.336914 0.0253906 0.337891 0.0283203 0.337891 0.0292969 0.336914 0.0292969 0.335938 0.0302734 0.334961 0.03125 0.334961 0.0322266 0.333984 0.0351562 0.333984 0.0351562 0.333008 0.0371094 0.331055 0.0380859 0.331055 0.0390625 0.332031 0.0390625 0.333008 0.0380859 0.333984 0.0380859 0.334961 0.0371094 0.335938 0.0361328 0.335938 0.0341797 0.337891 0.0332031 0.337891 0.0322266 0.338867 0.03125 0.338867 0.03125 0.339844 0.0302734 0.34082 0.0322266 0.34082 0.0332031 0.341797 0.0322266 0.342773 0.0341797 0.342773 0.0341797 0.341797 0.0351562 0.34082 0.0361328 0.34082 0.0351562 0.339844 0.0361328 0.338867 0.0390625 0.338867 0.0390625 0.337891 0.0380859 0.336914 0.0390625 0.335938 0.0400391 0.335938 0.0400391 0.334961 0.0410156 0.333984 0.0419922 0.333984 0.0410156 0.333008 0.0419922 0.332031 0.0429688 0.332031 0.0429688 0.329102 0.0419922 0.328125
0 0.672852 0.569336 0.671875 0.570312 0.669922 0.570312 0.669922 0.571289 0.668945 0.572266 0.668945 0.574219 0.666992 0.576172 0.666992 0.577148 0.665039 0.579102 0.665039 0.583984 0.666016 0.584961 0.666016 0.585938 0.667969 0.587891 0.667969 0.588867 0.670898 0.591797 0.671875 0.591797 0.672852 0.592773 0.674805 0.592773 0.675781 0.59375 0.681641 0.59375 0.682617 0.592773 0.68457 0.592773 0.68457 0.591797 0.686523 0.589844 0.686523 0.588867 0.6875 0.587891 0.6875 0.584961 0.688477 0.583984 0.688477 0.578125 0.6875 0.577148 0.6875 0.576172 0.685547 0.574219 0.685547 0.573242 0.68457 0.572266 0.682617 0.572266 0.681641 0.571289 0.680664 0.571289 0.679688 0.570312 0.676758 0.570312 0.675781 0.569336
0 0.572266 0.607422 0.571289 0.608398 0.570312 0.608398 0.569336 0.609375 0.569336 0.611328 0.570312 0.612305 0.575195 0.612305 0.576172 0.611328 0.576172 0.608398 0.575195 0.607422
0 0.571289 0.493164 0.570312 0.494141 0.569336 0.494141 0.568359 0.495117 0.568359 0.49707 0.572266 0.49707 0.573242 0.496094 0.575195 0.496094 0.576172 0.495117 0.576172 0.493164
0 0.368164 0.40332 0.366211 0.405273 0.365234 0.405273 0.364258 0.40625 0.364258 0.407227 0.363281 0.408203 0.363281 0.40918 0.362305 0.410156 0.362305 0.411133 0.361328 0.412109 0.361328 0.413086 0.360352 0.414062 0.360352 0.415039 0.359375 0.416016 0.359375 0.422852 0.360352 0.423828 0.360352 0.424805 0.361328 0.425781 0.361328 0.426758 0.364258 0.426758 0.365234 0.425781 0.367188 0.425781 0.368164 0.424805 0.370117 0.424805 0.371094 0.423828 0.37207 0.423828 0.373047 0.422852 0.374023 0.422852 0.376953 0.419922 0.37793 0.419922 0.380859 0.416992 0.381836 0.416992 0.383789 0.415039 0.384766 0.415039 0.384766 0.410156 0.382812 0.408203 0.382812 0.407227 0.380859 0.405273 0.380859 0.404297 0.379883 0.40332
0 0.708984 0.365234 0.702148 0.37207 0.702148 0.384766 0.706055 0.388672 0.711914 0.388672 0.712891 0.387695 0.713867 0.387695 0.71582 0.385742 0.716797 0.385742 0.717773 0.384766 0.71875 0.384766 0.722656 0.380859 0.722656 0.378906 0.723633 0.37793 0.723633 0.374023 0.722656 0.373047 0.722656 0.37207 0.72168 0.371094 0.72168 0.370117 0.720703 0.369141 0.720703 0.368164 0.717773 0.365234
0 0.0761719 0.665039 0.0751953 0.666016 0.0732422 0.666016 0.0722656 0.666992 0.0722656 0.667969 0.0712891 0.668945 0.0712891 0.669922 0.0703125 0.670898 0.0703125 0.672852 0.0693359 0.673828 0.0693359 0.677734 0.0683594 0.678711 0.0693359 0.679688 0.0693359 0.680664 0.0703125 0.681641 0.0703125 0.682617 0.0712891 0.683594 0.0712891 0.68457 0.0732422 0.686523 0.0732422 0.6875 0.0742188 0.688477 0.0751953 0.688477 0.0761719 0.689453 0.0771484 0.689453 0.078125 0.69043 0.0839844 0.69043 0.0849609 0.689453 0.0859375 0.689453 0.0878906 0.6875 0.0878906 0.676758 0.0869141 0.675781 0.0869141 0.674805 0.0849609 0.672852 0.0849609 0.671875 0.0800781 0.666992 0.0791016 0.666992 0.078125 0.666016 0.0771484 0.666016
0 0.78418 0.472656 0.78125 0.475586 0.78125 0.476562 0.780273 0.477539 0.78125 0.478516 0.78125 0.481445 0.782227 0.482422 0.782227 0.486328 0.783203 0.487305 0.783203 0.489258 0.78418 0.490234 0.78418 0.491211 0.788086 0.495117 0.789062 0.495117 0.791016 0.49707 0.797852 0.49707 0.800781 0.494141 0.800781 0.485352 0.799805 0.484375 0.799805 0.483398 0.798828 0.482422 0.798828 0.481445 0.796875 0.479492 0.796875 0.478516 0.793945 0.475586 0.792969 0.475586 0.791016 0.473633 0.789062 0.473633 0.788086 0.472656
0 0.00195312 0.669922 0.000976562 0.670898 0.000976562 0.672852 0 0.673828 0 0.688477 0.000976562 0.689453 0.00195312 0.689453 0.00292969 0.69043 0.0107422 0.69043 0.0126953 0.688477 0.0136719 0.688477 0.015625 0.686523 0.015625 0.682617 0.0146484 0.681641 0.0146484 0.678711 0.0117188 0.675781 0.0117188 0.674805 0.00878906 0.671875 0.0078125 0.671875 0.00683594 0.670898 0.00488281 0.670898 0.00390625 0.669922
0 0.223633 0.977539 0.223633 0.978516 0.222656 0.979492 0.222656 0.983398 0.223633 0.984375 0.223633 0.985352 0.230469 0.992188 0.231445 0.992188 0.232422 0.993164 0.238281 0.993164 0.239258 0.992188 0.239258 0.991211 0.240234 0.990234 0.240234 0.988281 0.239258 0.987305 0.239258 0.986328 0.238281 0.985352 0.238281 0.984375 0.236328 0.982422 0.236328 0.981445 0.232422 0.977539
0 0.291016 0.370117 0.290039 0.371094 0.285156 0.371094 0.28418 0.37207 0.282227 0.37207 0.28125 0.373047 0.279297 0.373047 0.27832 0.374023 0.277344 0.374023 0.277344 0.375 0.274414 0.37793 0.274414 0.378906 0.273438 0.379883 0.273438 0.380859 0.272461 0.381836 0.272461 0.382812 0.271484 0.383789 0.272461 0.384766 0.272461 0.385742 0.274414 0.387695 0.274414 0.388672 0.276367 0.390625 0.277344 0.390625 0.27832 0.391602 0.279297 0.391602 0.280273 0.392578 0.282227 0.392578 0.283203 0.393555 0.289062 0.393555 0.290039 0.392578 0.291016 0.392578 0.291992 0.391602 0.293945 0.391602 0.294922 0.390625 0.295898 0.390625 0.296875 0.389648 0.297852 0.389648 0.300781 0.386719 0.300781 0.384766 0.301758 0.383789 0.301758 0.376953 0.300781 0.375977 0.299805 0.375977 0.296875 0.373047 0.295898 0.373047 0.294922 0.37207 0.293945 0.37207 0.292969 0.371094 0.291992 0.371094
0 0.594727 0.920898 0.594727 0.922852 0.595703 0.922852 0.597656 0.924805 0.600586 0.924805 0.600586 0.922852 0.598633 0.920898
0 0.763672 0.71582 0.763672 0.717773 0.762695 0.71875 0.762695 0.72168 0.764648 0.723633 0.764648 0.724609 0.768555 0.724609 0.768555 0.716797 0.767578 0.716797 0.766602 0.71582
0 0.0371094 0.332031 0.0361328 0.333008 0.0361328 0.333984 0.0351562 0.334961 0.0322266 0.334961 0.03125 0.335938 0.0302734 0.335938 0.0302734 0.336914 0.0283203 0.338867 0.0292969 0.339844 0.0302734 0.339844 0.0302734 0.338867 0.03125 0.337891 0.0322266 0.337891 0.0332031 0.336914 0.0341797 0.336914 0.0361328 0.334961 0.0371094 0.334961 0.0371094 0.333984 0.0380859 0.333008 0.0380859 0.332031
0 0.357422 0.359375 0.356445 0.360352 0.356445 0.362305 0.355469 0.363281 0.355469 0.364258 0.356445 0.365234 0.360352 0.365234 0.361328 0.364258 0.361328 0.363281 0.362305 0.362305 0.362305 0.361328 0.361328 0.360352 0.361328 0.359375
0 0.863281 0.936523 0.863281 0.938477 0.862305 0.939453 0.860352 0.939453 0.860352 0.942383 0.861328 0.943359 0.865234 0.943359 0.866211 0.942383 0.867188 0.942383 0.868164 0.941406 0.868164 0.9375 0.867188 0.936523
0 0.324219 0.771484 0.323242 0.772461 0.321289 0.772461 0.319336 0.774414 0.319336 0.776367 0.318359 0.777344 0.318359 0.780273 0.319336 0.78125 0.319336 0.783203 0.328125 0.791992 0.329102 0.791992 0.330078 0.792969 0.331055 0.792969 0.332031 0.791992 0.334961 0.791992 0.335938 0.791016 0.336914 0.791016 0.336914 0.78125 0.335938 0.780273 0.335938 0.77832 0.334961 0.777344 0.334961 0.776367 0.333984 0.775391 0.333008 0.775391 0.332031 0.774414 0.331055 0.774414 0.330078 0.773438 0.329102 0.773438 0.328125 0.772461 0.326172 0.772461 0.325195 0.771484
0 0.0107422 0.553711 0.00976562 0.554688 0.00488281 0.554688 0.00195312 0.557617 0.00195312 0.558594 0.000976562 0.55957 0.000976562 0.560547 0 0.561523 0 0.568359 0.000976562 0.568359 0.00488281 0.572266 0.00683594 0.572266 0.0126953 0.578125 0.0136719 0.578125 0.0166016 0.581055 0.0166016 0.582031 0.0214844 0.582031 0.0224609 0.581055 0.0234375 0.581055 0.0234375 0.580078 0.0253906 0.578125 0.0253906 0.576172 0.0263672 0.575195 0.0263672 0.568359 0.0253906 0.567383 0.0253906 0.564453 0.0234375 0.5625 0.0234375 0.561523 0.0214844 0.55957 0.0214844 0.556641 0.0205078 0.556641 0.0195312 0.555664 0.0175781 0.555664 0.0166016 0.554688 0.015625 0.554688 0.0146484 0.553711
0 0.579102 0.576172 0.577148 0.578125 0.576172 0.578125 0.574219 0.580078 0.574219 0.581055 0.575195 0.582031 0.575195 0.584961 0.576172 0.585938 0.576172 0.586914 0.578125 0.588867 0.578125 0.589844 0.583984 0.595703 0.586914 0.595703 0.587891 0.59668 0.591797 0.59668 0.592773 0.595703 0.595703 0.595703 0.597656 0.59375 0.597656 0.592773 0.598633 0.591797 0.598633 0.59082 0.599609 0.589844 0.599609 0.583008 0.598633 0.582031 0.598633 0.581055 0.597656 0.580078 0.594727 0.580078 0.59375 0.579102 0.59082 0.579102 0.589844 0.578125 0.587891 0.578125 0.586914 0.577148 0.584961 0.577148 0.583984 0.576172
0 0.707031 0.976562 0.705078 0.978516 0.705078 0.981445 0.706055 0.982422 0.710938 0.982422 0.711914 0.981445 0.711914 0.977539 0.710938 0.976562
0 0.59375 0.500977 0.589844 0.504883 0.589844 0.507812 0.59082 0.508789 0.59375 0.508789 0.59375 0.506836 0.594727 0.505859 0.595703 0.505859 0.595703 0.503906 0.59668 0.50293 0.59668 0.500977
0 0.914062 0.0458984 0.913086 0.046875 0.910156 0.046875 0.907227 0.0498047 0.907227 0.0517578 0.908203 0.0527344 0.908203 0.0546875 0.90918 0.0556641 0.90918 0.0576172 0.912109 0.0605469 0.912109 0.0615234 0.914062 0.0634766 0.914062 0.0644531 0.915039 0.0654297 0.915039 0.0664062 0.916016 0.0673828 0.916016 0.0683594 0.920898 0.0732422 0.921875 0.0722656 0.925781 0.0722656 0.925781 0.0712891 0.926758 0.0703125 0.926758 0.0615234 0.927734 0.0605469 0.927734 0.0556641 0.926758 0.0546875 0.926758 0.0527344 0.925781 0.0517578 0.925781 0.0507812 0.924805 0.0498047 0.924805 0.0478516 0.923828 0.0478516 0.922852 0.046875 0.920898 0.046875 0.919922 0.0458984
0 0.0400391 0.475586 0.0390625 0.476562 0.0380859 0.476562 0.0371094 0.477539 0.0341797 0.477539 0.0332031 0.478516 0.0332031 0.481445 0.0322266 0.482422 0.0322266 0.488281 0.03125 0.489258 0.03125 0.493164 0.0322266 0.494141 0.0322266 0.498047 0.0332031 0.498047 0.0341797 0.499023 0.0341797 0.5 0.0351562 0.500977 0.0351562 0.501953 0.0380859 0.504883 0.0380859 0.505859 0.0429688 0.505859 0.0429688 0.503906 0.0439453 0.50293 0.0439453 0.493164 0.0429688 0.492188 0.0429688 0.488281 0.0419922 0.487305 0.0419922 0.486328 0.0439453 0.484375 0.0439453 0.482422 0.0429688 0.481445 0.0429688 0.480469 0.0419922 0.479492 0.0419922 0.475586
0 0.199219 0.299805 0.198242 0.300781 0.198242 0.301758 0.196289 0.303711 0.196289 0.304688 0.194336 0.306641 0.194336 0.307617 0.193359 0.308594 0.193359 0.30957 0.192383 0.310547 0.192383 0.316406 0.195312 0.319336 0.200195 0.319336 0.201172 0.318359 0.202148 0.318359 0.203125 0.317383 0.205078 0.317383 0.206055 0.316406 0.207031 0.316406 0.208008 0.31543 0.208984 0.31543 0.210938 0.313477 0.211914 0.313477 0.211914 0.310547 0.212891 0.30957 0.212891 0.307617 0.211914 0.306641 0.211914 0.303711 0.210938 0.302734 0.210938 0.301758 0.209961 0.300781 0.208984 0.300781 0.208008 0.299805
0 0.768555 0.273438 0.767578 0.274414 0.766602 0.274414 0.765625 0.275391 0.764648 0.275391 0.763672 0.276367 0.763672 0.27832 0.762695 0.279297 0.762695 0.290039 0.765625 0.292969 0.765625 0.293945 0.767578 0.295898 0.768555 0.295898 0.769531 0.296875 0.770508 0.296875 0.771484 0.297852 0.772461 0.297852 0.773438 0.298828 0.779297 0.298828 0.780273 0.297852 0.782227 0.297852 0.783203 0.296875 0.78418 0.296875 0.78418 0.295898 0.785156 0.294922 0.785156 0.293945 0.786133 0.292969 0.786133 0.291992 0.787109 0.291016 0.787109 0.285156 0.786133 0.28418 0.786133 0.283203 0.785156 0.282227 0.785156 0.28125 0.78418 0.280273 0.78418 0.279297 0.782227 0.277344 0.78125 0.277344 0.77832 0.274414 0.777344 0.274414 0.776367 0.273438
0 0.40918 0.868164 0.408203 0.869141 0.408203 0.871094 0.40918 0.871094 0.411133 0.873047 0.413086 0.873047 0.414062 0.87207 0.414062 0.870117 0.413086 0.870117 0.412109 0.869141 0.412109 0.868164
0 0.871094 0.966797 0.870117 0.967773 0.869141 0.967773 0.868164 0.96875 0.867188 0.96875 0.865234 0.970703 0.865234 0.97168 0.863281 0.973633 0.863281 0.977539 0.864258 0.978516 0.864258 0.981445 0.865234 0.982422 0.865234 0.983398 0.866211 0.984375 0.866211 0.985352 0.868164 0.987305 0.868164 0.988281 0.869141 0.988281 0.871094 0.990234 0.87207 0.990234 0.873047 0.991211 0.874023 0.991211 0.875 0.992188 0.87793 0.992188 0.878906 0.993164 0.883789 0.993164 0.884766 0.992188 0.887695 0.992188 0.888672 0.991211 0.888672 0.990234 0.889648 0.989258 0.889648 0.988281 0.890625 0.987305 0.890625 0.976562 0.889648 0.975586 0.889648 0.973633 0.886719 0.970703 0.885742 0.970703 0.883789 0.96875 0.882812 0.96875 0.881836 0.967773 0.880859 0.967773 0.879883 0.966797
0 0.457031 0.50293 0.456055 0.503906 0.453125 0.503906 0.448242 0.508789 0.447266 0.508789 0.446289 0.509766 0.445312 0.509766 0.444336 0.510742 0.444336 0.511719 0.443359 0.512695 0.443359 0.517578 0.445312 0.519531 0.445312 0.520508 0.447266 0.522461 0.448242 0.522461 0.450195 0.524414 0.452148 0.524414 0.453125 0.525391 0.459961 0.525391 0.460938 0.524414 0.464844 0.524414 0.467773 0.521484 0.46875 0.521484 0.469727 0.520508 0.469727 0.518555 0.470703 0.517578 0.470703 0.511719 0.469727 0.510742 0.469727 0.508789 0.46875 0.507812 0.46875 0.505859 0.467773 0.505859 0.466797 0.504883 0.463867 0.504883 0.462891 0.503906 0.460938 0.503906 0.459961 0.50293
0 0.698242 0.985352 0.697266 0.986328 0.697266 0.992188 0.696289 0.993164 0.696289 0.996094 0.699219 0.996094 0.700195 0.995117 0.702148 0.995117 0.703125 0.994141 0.703125 0.993164 0.704102 0.992188 0.704102 0.989258 0.702148 0.987305 0.702148 0.986328 0.701172 0.985352
0 0.280273 0.862305 0.276367 0.866211 0.276367 0.869141 0.282227 0.869141 0.283203 0.868164 0.28418 0.868164 0.28418 0.864258 0.282227 0.862305
0 0.685547 0.333008 0.68457 0.333984 0.682617 0.333984 0.681641 0.334961 0.679688 0.334961 0.674805 0.339844 0.674805 0.34082 0.673828 0.341797 0.673828 0.342773 0.671875 0.344727 0.671875 0.353516 0.676758 0.358398 0.686523 0.358398 0.6875 0.357422 0.69043 0.357422 0.691406 0.356445 0.692383 0.356445 0.695312 0.353516 0.696289 0.353516 0.697266 0.352539 0.697266 0.351562 0.698242 0.350586 0.698242 0.348633 0.699219 0.347656 0.699219 0.344727 0.700195 0.34375 0.700195 0.342773 0.699219 0.341797 0.699219 0.337891 0.696289 0.334961 0.695312 0.334961 0.694336 0.333984 0.693359 0.333984 0.692383 0.333008
0 0.55957 0.123047 0.556641 0.125977 0.555664 0.125977 0.554688 0.126953 0.553711 0.126953 0.552734 0.12793 0.551758 0.12793 0.550781 0.128906 0.549805 0.128906 0.548828 0.129883 0.547852 0.129883 0.546875 0.130859 0.545898 0.130859 0.545898 0.133789 0.544922 0.134766 0.544922 0.136719 0.548828 0.140625 0.549805 0.140625 0.550781 0.141602 0.551758 0.141602 0.552734 0.142578 0.563477 0.142578 0.564453 0.141602 0.56543 0.141602 0.566406 0.140625 0.567383 0.140625 0.572266 0.135742 0.572266 0.130859 0.571289 0.129883 0.571289 0.128906 0.568359 0.125977 0.567383 0.125977 0.566406 0.125 0.56543 0.125 0.564453 0.124023 0.5625 0.124023 0.561523 0.123047
