0 0.0625 0.230469 0.0546875 0.238281 0.0546875 0.257812 0.0664062 0.269531 0.0703125 0.269531 0.0742188 0.273438 0.0820312 0.273438 0.0859375 0.277344 0.09375 0.277344 0.0976562 0.28125 0.101562 0.28125 0.105469 0.277344 0.109375 0.277344 0.121094 0.265625 0.121094 0.253906 0.105469 0.238281 0.101562 0.238281 0.0976562 0.234375 0.09375 0.234375 0.0898438 0.230469
0 0.753906 0.246094 0.726562 0.273438 0.726562 0.277344 0.730469 0.28125 0.730469 0.285156 0.734375 0.289062 0.738281 0.289062 0.742188 0.292969 0.753906 0.292969 0.757812 0.289062 0.765625 0.289062 0.78125 0.273438 0.78125 0.253906 0.773438 0.246094
0 0.683594 0 0.671875 0.0117188 0.671875 0.0195312 0.667969 0.0234375 0.667969 0.03125 0.671875 0.0351562 0.671875 0.0390625 0.675781 0.0429688 0.683594 0.0429688 0.6875 0.046875 0.695312 0.046875 0.699219 0.0507812 0.703125 0.0507812 0.707031 0.046875 0.707031 0.0429688 0.714844 0.0351562 0.714844 0.03125 0.71875 0.0273438 0.71875 0.0078125 0.714844 0.00390625 0.714844 0
0 0.492188 0.0742188 0.484375 0.0820312 0.484375 0.101562 0.492188 0.109375 0.496094 0.109375 0.5 0.113281 0.507812 0.113281 0.515625 0.105469 0.515625 0.0898438 0.5 0.0742188
0 0.902344 0.214844 0.894531 0.222656 0.894531 0.226562 0.890625 0.230469 0.890625 0.234375 0.886719 0.238281 0.886719 0.242188 0.882812 0.246094 0.882812 0.273438 0.890625 0.28125 0.902344 0.28125 0.921875 0.261719 0.921875 0.230469 0.917969 0.226562 0.917969 0.21875 0.914062 0.214844
0 0.839844 0.945312 0.828125 0.957031 0.828125 0.960938 0.824219 0.964844 0.824219 0.972656 0.820312 0.976562 0.820312 0.984375 0.816406 0.988281 0.816406 0.996094 0.851562 0.996094 0.859375 0.988281 0.859375 0.984375 0.863281 0.980469 0.863281 0.960938 0.859375 0.957031 0.859375 0.953125 0.851562 0.945312
0 0.542969 0.320312 0.539062 0.324219 0.53125 0.324219 0.527344 0.328125 0.527344 0.34375 0.53125 0.347656 0.535156 0.347656 0.539062 0.351562 0.542969 0.351562 0.546875 0.355469 0.554688 0.355469 0.558594 0.359375 0.5625 0.359375 0.566406 0.363281 0.582031 0.363281 0.59375 0.351562 0.59375 0.339844 0.578125 0.324219 0.574219 0.324219 0.570312 0.320312
0 0.3125 0.453125 0.308594 0.457031 0.304688 0.457031 0.300781 0.460938 0.300781 0.476562 0.304688 0.480469 0.308594 0.480469 0.316406 0.488281 0.320312 0.488281 0.332031 0.5 0.355469 0.5 0.367188 0.488281 0.367188 0.476562 0.347656 0.457031 0.339844 0.457031 0.335938 0.453125
0 0.878906 0.0078125 0.875 0.0117188 0.875 0.015625 0.871094 0.0195312 0.871094 0.0234375 0.863281 0.03125 0.863281 0.0507812 0.867188 0.0546875 0.875 0.0546875 0.878906 0.0585938 0.890625 0.0585938 0.914062 0.0351562 0.914062 0.0234375 0.910156 0.0195312 0.910156 0.0117188 0.90625 0.0078125
0 0.273438 0.398438 0.269531 0.402344 0.269531 0.40625 0.265625 0.410156 0.265625 0.425781 0.269531 0.429688 0.269531 0.433594 0.277344 0.441406 0.285156 0.441406 0.289062 0.445312 0.296875 0.445312 0.300781 0.449219 0.332031 0.449219 0.335938 0.445312 0.335938 0.441406 0.339844 0.4375 0.339844 0.425781 0.335938 0.421875 0.335938 0.417969 0.328125 0.410156 0.324219 0.410156 0.320312 0.40625 0.316406 0.40625 0.3125 0.402344 0.304688 0.402344 0.300781 0.398438
0 0.582031 0.078125 0.578125 0.0820312 0.570312 0.0820312 0.570312 0.0859375 0.566406 0.0898438 0.566406 0.0976562 0.570312 0.101562 0.570312 0.105469 0.578125 0.113281 0.585938 0.113281 0.589844 0.117188 0.601562 0.117188 0.605469 0.113281 0.609375 0.113281 0.613281 0.109375 0.617188 0.109375 0.617188 0.0976562 0.609375 0.0898438 0.609375 0.0859375 0.605469 0.0820312 0.601562 0.0820312 0.597656 0.078125
0 0.0351562 0.441406 0.0234375 0.453125 0.0234375 0.46875 0.0390625 0.484375 0.0429688 0.484375 0.046875 0.488281 0.0546875 0.488281 0.0585938 0.492188 0.0703125 0.492188 0.078125 0.484375 0.078125 0.464844 0.0742188 0.460938 0.0742188 0.457031 0.0625 0.445312 0.0585938 0.445312 0.0546875 0.441406
0 0.398438 0.164062 0.394531 0.167969 0.394531 0.171875 0.390625 0.175781 0.390625 0.191406 0.394531 0.195312 0.394531 0.203125 0.40625 0.214844 0.417969 0.214844 0.421875 0.210938 0.421875 0.207031 0.425781 0.203125 0.425781 0.1875 0.421875 0.183594 0.421875 0.179688 0.417969 0.175781 0.417969 0.171875 0.414062 0.167969 0.410156 0.167969 0.40625 0.164062
0 0.296875 0.839844 0.292969 0.84375 0.285156 0.84375 0.273438 0.855469 0.273438 0.867188 0.28125 0.875 0.308594 0.875 0.3125 0.871094 0.320312 0.871094 0.324219 0.867188 0.324219 0.847656 0.316406 0.839844
0 0.453125 0.582031 0.445312 0.589844 0.441406 0.589844 0.4375 0.59375 0.4375 0.613281 0.441406 0.617188 0.445312 0.617188 0.449219 0.621094 0.46875 0.621094 0.472656 0.617188 0.476562 0.617188 0.492188 0.601562 0.492188 0.589844 0.484375 0.582031
0 0.542969 0.0234375 0.53125 0.0351562 0.53125 0.046875 0.542969 0.0585938 0.5625 0.0585938 0.570312 0.0507812 0.570312 0.046875 0.574219 0.0429688 0.574219 0.0390625 0.570312 0.0351562 0.570312 0.03125 0.566406 0.0273438 0.554688 0.0273438 0.550781 0.0234375
0 0.730469 0.0234375 0.726562 0.0273438 0.722656 0.0273438 0.71875 0.03125 0.71875 0.0351562 0.710938 0.0429688 0.710938 0.046875 0.707031 0.0507812 0.707031 0.0703125 0.710938 0.0742188 0.738281 0.0742188 0.742188 0.0703125 0.746094 0.0703125 0.753906 0.0625 0.753906 0.0351562 0.746094 0.0273438 0.742188 0.0273438 0.738281 0.0234375
0 0.00390625 0.804688 0 0.808594 0 0.84375 0.0117188 0.855469 0.03125 0.855469 0.0351562 0.851562 0.0390625 0.851562 0.046875 0.84375 0.046875 0.824219 0.0390625 0.816406 0.03125 0.816406 0.0273438 0.8125 0.0234375 0.8125 0.015625 0.804688
0 0.820312 0.179688 0.816406 0.183594 0.8125 0.183594 0.804688 0.191406 0.800781 0.191406 0.792969 0.199219 0.792969 0.203125 0.789062 0.207031 0.789062 0.222656 0.792969 0.226562 0.808594 0.226562 0.8125 0.222656 0.816406 0.222656 0.828125 0.210938 0.828125 0.207031 0.832031 0.203125 0.832031 0.1875 0.824219 0.179688
0 0.980469 0.855469 0.96875 0.867188 0.96875 0.871094 0.964844 0.875 0.964844 0.90625 0.96875 0.910156 0.96875 0.914062 0.972656 0.917969 0.988281 0.917969 0.992188 0.914062 0.996094 0.914062 0.996094 0.855469
0 0.890625 0.375 0.882812 0.382812 0.882812 0.421875 0.886719 0.425781 0.90625 0.425781 0.917969 0.414062 0.917969 0.410156 0.921875 0.40625 0.921875 0.394531 0.917969 0.390625 0.917969 0.382812 0.910156 0.375
0 0.578125 0.617188 0.574219 0.621094 0.5625 0.621094 0.558594 0.625 0.554688 0.625 0.550781 0.628906 0.546875 0.628906 0.542969 0.632812 0.539062 0.632812 0.535156 0.636719 0.535156 0.640625 0.53125 0.644531 0.53125 0.667969 0.535156 0.671875 0.539062 0.671875 0.542969 0.675781 0.546875 0.675781 0.550781 0.679688 0.570312 0.679688 0.574219 0.675781 0.582031 0.675781 0.585938 0.671875 0.589844 0.671875 0.597656 0.664062 0.601562 0.664062 0.605469 0.660156 0.605469 0.652344 0.609375 0.648438 0.609375 0.632812 0.605469 0.628906 0.605469 0.625 0.601562 0.621094 0.597656 0.621094 0.59375 0.617188
0 0 0.117188 0 0.164062 0.0234375 0.164062 0.0273438 0.160156 0.03125 0.160156 0.0351562 0.15625 0.0351562 0.136719 0.0195312 0.121094 0.0117188 0.121094 0.0078125 0.117188
0 0.339844 0.917969 0.335938 0.921875 0.332031 0.921875 0.328125 0.925781 0.328125 0.941406 0.335938 0.949219 0.34375 0.949219 0.347656 0.953125 0.355469 0.953125 0.359375 0.949219 0.371094 0.949219 0.375 0.945312 0.375 0.929688 0.363281 0.917969
0 0.738281 0.449219 0.726562 0.460938 0.726562 0.472656 0.738281 0.484375 0.742188 0.484375 0.746094 0.488281 0.75 0.488281 0.757812 0.496094 0.78125 0.496094 0.785156 0.492188 0.785156 0.484375 0.78125 0.480469 0.78125 0.476562 0.777344 0.472656 0.777344 0.46875 0.769531 0.460938 0.765625 0.460938 0.761719 0.457031 0.757812 0.457031 0.753906 0.453125 0.746094 0.453125 0.742188 0.449219
0 0.75 0.746094 0.746094 0.75 0.738281 0.75 0.71875 0.769531 0.71875 0.785156 0.726562 0.792969 0.738281 0.792969 0.742188 0.796875 0.75 0.796875 0.753906 0.792969 0.757812 0.792969 0.761719 0.789062 0.765625 0.789062 0.769531 0.785156 0.773438 0.785156 0.78125 0.777344 0.78125 0.773438 0.785156 0.769531 0.785156 0.757812 0.773438 0.746094
0 0.0898438 0.871094 0.0859375 0.875 0.0859375 0.878906 0.0820312 0.882812 0.0820312 0.902344 0.0859375 0.90625 0.0898438 0.90625 0.101562 0.917969 0.125 0.917969 0.128906 0.914062 0.128906 0.886719 0.121094 0.878906 0.121094 0.875 0.117188 0.871094
0 0.476562 0.429688 0.464844 0.441406 0.464844 0.453125 0.46875 0.457031 0.46875 0.460938 0.472656 0.464844 0.476562 0.464844 0.480469 0.46875 0.484375 0.46875 0.488281 0.472656 0.511719 0.472656 0.519531 0.464844 0.519531 0.453125 0.515625 0.449219 0.515625 0.445312 0.507812 0.4375 0.503906 0.4375 0.5 0.433594 0.492188 0.433594 0.488281 0.429688
0 0.171875 0.511719 0.167969 0.515625 0.164062 0.515625 0.160156 0.519531 0.160156 0.523438 0.15625 0.527344 0.15625 0.535156 0.160156 0.539062 0.160156 0.542969 0.183594 0.566406 0.191406 0.566406 0.195312 0.570312 0.21875 0.570312 0.222656 0.566406 0.222656 0.5625 0.226562 0.558594 0.226562 0.550781 0.222656 0.546875 0.222656 0.542969 0.203125 0.523438 0.199219 0.523438 0.195312 0.519531 0.191406 0.519531 0.1875 0.515625 0.183594 0.515625 0.179688 0.511719
0 0.347656 0.796875 0.34375 0.800781 0.335938 0.800781 0.332031 0.804688 0.328125 0.804688 0.316406 0.816406 0.316406 0.824219 0.320312 0.828125 0.324219 0.828125 0.328125 0.832031 0.34375 0.832031 0.347656 0.828125 0.351562 0.828125 0.355469 0.824219 0.359375 0.824219 0.367188 0.816406 0.367188 0.804688 0.359375 0.796875
0 0.0664062 0.550781 0.0625 0.554688 0.0625 0.566406 0.0742188 0.578125 0.078125 0.578125 0.0820312 0.582031 0.0898438 0.582031 0.09375 0.585938 0.109375 0.585938 0.113281 0.582031 0.117188 0.582031 0.125 0.574219 0.125 0.5625 0.121094 0.558594 0.117188 0.558594 0.113281 0.554688 0.101562 0.554688 0.0976562 0.550781
0 0.109375 0 0.109375 0.0195312 0.113281 0.0234375 0.113281 0.0273438 0.125 0.0390625 0.128906 0.0390625 0.132812 0.0429688 0.144531 0.0429688 0.148438 0.0390625 0.148438 0.0351562 0.152344 0.03125 0.152344 0.0078125 0.148438 0.00390625 0.148438 0
0 0.449219 0.894531 0.4375 0.90625 0.4375 0.921875 0.449219 0.933594 0.449219 0.9375 0.453125 0.941406 0.5 0.941406 0.507812 0.933594 0.507812 0.917969 0.503906 0.914062 0.503906 0.910156 0.496094 0.902344 0.492188 0.902344 0.488281 0.898438 0.484375 0.898438 0.480469 0.894531
0 0.777344 0.320312 0.769531 0.328125 0.769531 0.332031 0.761719 0.339844 0.761719 0.355469 0.765625 0.359375 0.769531 0.359375 0.773438 0.363281 0.789062 0.363281 0.792969 0.359375 0.800781 0.359375 0.808594 0.351562 0.8125 0.351562 0.820312 0.34375 0.820312 0.328125 0.8125 0.320312
0 0.304688 0 0.304688 0.015625 0.316406 0.0273438 0.328125 0.0273438 0.339844 0.015625 0.339844 0
0 0.695312 0.875 0.6875 0.882812 0.683594 0.882812 0.671875 0.894531 0.671875 0.914062 0.675781 0.917969 0.683594 0.917969 0.6875 0.921875 0.695312 0.921875 0.699219 0.917969 0.710938 0.917969 0.722656 0.90625 0.722656 0.902344 0.726562 0.898438 0.726562 0.882812 0.71875 0.875
0 0.0195312 0.777344 0.015625 0.78125 0.0078125 0.78125 0.00390625 0.785156 0.00390625 0.800781 0.015625 0.800781 0.0234375 0.808594 0.0273438 0.808594 0.03125 0.8125 0.0390625 0.8125 0.0507812 0.824219 0.0507812 0.835938 0.0703125 0.835938 0.078125 0.828125 0.078125 0.8125 0.0742188 0.808594 0.0742188 0.804688 0.0585938 0.789062 0.0546875 0.789062 0.0507812 0.785156 0.046875 0.785156 0.0429688 0.78125 0.03125 0.78125 0.0273438 0.777344
0 0.0390625 0 0.0390625 0.0195312 0.0429688 0.0234375 0.0429688 0.0273438 0.046875 0.03125 0.046875 0.0390625 0.0546875 0.046875 0.0664062 0.046875 0.0742188 0.0390625 0.0742188 0.00390625 0.0703125 0
0 0.125 0.644531 0.121094 0.648438 0.117188 0.648438 0.109375 0.65625 0.109375 0.671875 0.113281 0.675781 0.113281 0.679688 0.121094 0.6875 0.125 0.6875 0.128906 0.691406 0.132812 0.691406 0.136719 0.695312 0.148438 0.695312 0.152344 0.699219 0.160156 0.699219 0.164062 0.695312 0.171875 0.695312 0.179688 0.6875 0.179688 0.664062 0.171875 0.65625 0.167969 0.65625 0.164062 0.652344 0.160156 0.652344 0.15625 0.648438 0.148438 0.648438 0.144531 0.644531
