0 0.351562 0.164062 0.339844 0.175781 0.339844 0.179688 0.335938 0.183594 0.335938 0.203125 0.339844 0.207031 0.339844 0.214844 0.34375 0.21875 0.34375 0.222656 0.347656 0.226562 0.351562 0.226562 0.359375 0.234375 0.363281 0.234375 0.367188 0.238281 0.378906 0.238281 0.382812 0.234375 0.390625 0.234375 0.394531 0.230469 0.398438 0.230469 0.402344 0.226562 0.402344 0.21875 0.40625 0.214844 0.40625 0.195312 0.402344 0.195312 0.382812 0.175781 0.382812 0.171875 0.375 0.164062
0 0.15625 0.0664062 0.152344 0.0703125 0.152344 0.121094 0.164062 0.132812 0.167969 0.132812 0.171875 0.136719 0.199219 0.136719 0.207031 0.128906 0.207031 0.121094 0.210938 0.117188 0.210938 0.101562 0.207031 0.0976562 0.207031 0.0820312 0.203125 0.078125 0.203125 0.0742188 0.199219 0.0703125 0.179688 0.0703125 0.175781 0.0742188 0.171875 0.0742188 0.164062 0.0664062
0 0.34375 0.472656 0.34375 0.476562 0.332031 0.488281 0.328125 0.488281 0.324219 0.492188 0.324219 0.511719 0.328125 0.515625 0.328125 0.519531 0.332031 0.523438 0.335938 0.523438 0.339844 0.527344 0.34375 0.527344 0.347656 0.53125 0.359375 0.53125 0.363281 0.527344 0.367188 0.527344 0.371094 0.523438 0.375 0.523438 0.378906 0.519531 0.382812 0.519531 0.382812 0.511719 0.386719 0.507812 0.386719 0.503906 0.390625 0.5 0.390625 0.488281 0.386719 0.484375 0.382812 0.488281 0.378906 0.484375 0.378906 0.476562 0.375 0.472656
0 0.421875 0.0898438 0.417969 0.09375 0.414062 0.09375 0.398438 0.109375 0.398438 0.136719 0.402344 0.140625 0.402344 0.144531 0.40625 0.148438 0.40625 0.152344 0.414062 0.160156 0.417969 0.160156 0.421875 0.164062 0.425781 0.164062 0.429688 0.167969 0.445312 0.167969 0.449219 0.164062 0.457031 0.164062 0.460938 0.160156 0.464844 0.160156 0.472656 0.152344 0.472656 0.148438 0.476562 0.144531 0.476562 0.117188 0.472656 0.113281 0.472656 0.109375 0.464844 0.101562 0.460938 0.105469 0.457031 0.101562 0.457031 0.0976562 0.453125 0.09375 0.445312 0.09375 0.441406 0.0898438
0 0.191406 0.0273438 0.1875 0.03125 0.179688 0.03125 0.175781 0.0351562 0.167969 0.0351562 0.160156 0.0429688 0.160156 0.0625 0.164062 0.0625 0.171875 0.0703125 0.175781 0.0703125 0.179688 0.0664062 0.195312 0.0664062 0.199219 0.0625 0.199219 0.0507812 0.203125 0.046875 0.203125 0.03125 0.199219 0.0273438
0 0.375 0.953125 0.371094 0.957031 0.359375 0.957031 0.355469 0.960938 0.351562 0.960938 0.347656 0.964844 0.347656 0.96875 0.339844 0.976562 0.339844 0.980469 0.335938 0.984375 0.335938 0.996094 0.402344 0.996094 0.402344 0.980469 0.394531 0.972656 0.394531 0.96875 0.390625 0.964844 0.390625 0.960938 0.386719 0.960938 0.382812 0.957031 0.382812 0.953125
0 0.0703125 0.203125 0.0585938 0.214844 0.0585938 0.234375 0.0664062 0.242188 0.0742188 0.242188 0.078125 0.246094 0.09375 0.246094 0.0976562 0.242188 0.0976562 0.230469 0.105469 0.222656 0.105469 0.214844 0.09375 0.203125
0 0.101562 0.203125 0.101562 0.207031 0.109375 0.214844 0.109375 0.222656 0.101562 0.230469 0.117188 0.230469 0.121094 0.226562 0.121094 0.222656 0.128906 0.214844 0.128906 0.207031 0.125 0.203125
0 0.828125 0.417969 0.820312 0.425781 0.816406 0.425781 0.8125 0.429688 0.8125 0.433594 0.808594 0.4375 0.808594 0.441406 0.8125 0.445312 0.8125 0.453125 0.816406 0.457031 0.832031 0.457031 0.839844 0.464844 0.851562 0.464844 0.859375 0.457031 0.863281 0.457031 0.863281 0.453125 0.867188 0.449219 0.867188 0.433594 0.851562 0.417969
0 0.761719 0.382812 0.757812 0.386719 0.753906 0.386719 0.738281 0.402344 0.738281 0.40625 0.734375 0.410156 0.734375 0.425781 0.742188 0.433594 0.746094 0.433594 0.753906 0.441406 0.78125 0.441406 0.785156 0.4375 0.789062 0.4375 0.789062 0.433594 0.785156 0.429688 0.789062 0.425781 0.789062 0.417969 0.796875 0.410156 0.796875 0.40625 0.792969 0.40625 0.785156 0.398438 0.785156 0.394531 0.773438 0.394531 0.769531 0.390625 0.769531 0.386719 0.765625 0.386719
0 0.164062 0.460938 0.160156 0.464844 0.15625 0.464844 0.152344 0.46875 0.148438 0.46875 0.140625 0.476562 0.140625 0.480469 0.136719 0.484375 0.136719 0.507812 0.140625 0.511719 0.140625 0.515625 0.144531 0.519531 0.144531 0.523438 0.152344 0.53125 0.175781 0.53125 0.183594 0.523438 0.183594 0.519531 0.1875 0.515625 0.1875 0.496094 0.183594 0.492188 0.183594 0.488281 0.179688 0.484375 0.179688 0.480469 0.183594 0.476562 0.179688 0.472656 0.175781 0.472656
0 0.0195312 0.699219 0.00390625 0.714844 0.00390625 0.726562 0 0.730469 0 0.742188 0.00390625 0.746094 0.00390625 0.75 0.0117188 0.757812 0.0117188 0.761719 0.015625 0.761719 0.0195312 0.765625 0.0234375 0.765625 0.0273438 0.769531 0.03125 0.769531 0.0351562 0.773438 0.046875 0.773438 0.0507812 0.777344 0.0546875 0.773438 0.0625 0.773438 0.078125 0.757812 0.078125 0.730469 0.0742188 0.726562 0.0742188 0.722656 0.0625 0.710938 0.0585938 0.710938 0.0546875 0.707031 0.046875 0.707031 0.0429688 0.703125 0.0390625 0.703125 0.0351562 0.699219
