0 0.296875 0.0117188 0.292969 0.015625 0.292969 0.0234375 0.296875 0.0273438 0.304688 0.0273438 0.308594 0.0234375 0.308594 0.015625 0.304688 0.0117188
0 0.792969 0.242188 0.789062 0.246094 0.789062 0.269531 0.792969 0.273438 0.808594 0.273438 0.8125 0.269531 0.8125 0.261719 0.804688 0.253906 0.804688 0.246094 0.800781 0.242188
0 0.960938 0.78125 0.957031 0.785156 0.957031 0.796875 0.960938 0.800781 0.96875 0.800781 0.976562 0.792969 0.976562 0.785156 0.972656 0.78125
0 0.214844 0.121094 0.207031 0.128906 0.214844 0.136719 0.222656 0.136719 0.230469 0.128906 0.222656 0.121094
0 0.984375 0.8125 0.976562 0.820312 0.976562 0.835938 0.980469 0.839844 0.984375 0.839844 0.988281 0.84375 0.996094 0.84375 0.996094 0.816406 0.992188 0.8125
0 0.234375 0.128906 0.230469 0.132812 0.230469 0.140625 0.234375 0.144531 0.242188 0.144531 0.246094 0.140625 0.246094 0.132812 0.242188 0.128906
0 0.195312 0.128906 0.191406 0.132812 0.191406 0.140625 0.195312 0.144531 0.203125 0.144531 0.207031 0.140625 0.207031 0.132812 0.203125 0.128906
0 0.929688 0.871094 0.921875 0.878906 0.921875 0.902344 0.925781 0.90625 0.929688 0.90625 0.933594 0.910156 0.945312 0.910156 0.949219 0.90625 0.960938 0.90625 0.960938 0.882812 0.964844 0.878906 0.960938 0.875 0.957031 0.875 0.953125 0.871094
0 0.359375 0.574219 0.351562 0.582031 0.351562 0.597656 0.335938 0.613281 0.335938 0.617188 0.34375 0.625 0.351562 0.625 0.359375 0.617188 0.363281 0.617188 0.371094 0.609375 0.371094 0.605469 0.378906 0.597656 0.378906 0.59375 0.382812 0.589844 0.382812 0.582031 0.375 0.574219
0 0.738281 0.613281 0.730469 0.621094 0.730469 0.644531 0.734375 0.648438 0.746094 0.648438 0.75 0.644531 0.75 0.632812 0.746094 0.628906 0.746094 0.617188 0.742188 0.613281
0 0.941406 0.808594 0.9375 0.8125 0.9375 0.824219 0.941406 0.828125 0.953125 0.828125 0.957031 0.824219 0.957031 0.816406 0.949219 0.808594
0 0.632812 0 0.632812 0.0117188 0.648438 0.0273438 0.660156 0.0273438 0.667969 0.0195312 0.671875 0.0195312 0.675781 0.015625 0.675781 0.0117188 0.679688 0.0078125 0.679688 0
0 0.988281 0.675781 0.984375 0.679688 0.980469 0.679688 0.976562 0.683594 0.976562 0.691406 0.980469 0.695312 0.996094 0.695312 0.996094 0.675781
0 0.691406 0.941406 0.6875 0.945312 0.6875 0.960938 0.691406 0.964844 0.707031 0.964844 0.710938 0.960938 0.710938 0.949219 0.703125 0.941406
0 0.832031 0.6875 0.828125 0.691406 0.824219 0.691406 0.816406 0.699219 0.816406 0.71875 0.824219 0.726562 0.847656 0.726562 0.859375 0.714844 0.859375 0.695312 0.851562 0.6875
0 0.15625 0.0351562 0.152344 0.0390625 0.152344 0.046875 0.148438 0.0507812 0.148438 0.0625 0.160156 0.0742188 0.171875 0.0742188 0.191406 0.0546875 0.183594 0.046875 0.183594 0.0429688 0.179688 0.0390625 0.167969 0.0390625 0.164062 0.0351562
0 0.113281 0.632812 0.109375 0.636719 0.101562 0.636719 0.0859375 0.652344 0.0859375 0.660156 0.0820312 0.664062 0.0820312 0.667969 0.0859375 0.671875 0.0859375 0.679688 0.0898438 0.683594 0.0898438 0.6875 0.09375 0.691406 0.09375 0.695312 0.0976562 0.699219 0.101562 0.699219 0.105469 0.703125 0.128906 0.703125 0.132812 0.699219 0.136719 0.699219 0.148438 0.6875 0.148438 0.679688 0.152344 0.675781 0.152344 0.652344 0.148438 0.648438 0.148438 0.644531 0.144531 0.640625 0.140625 0.640625 0.136719 0.636719 0.128906 0.636719 0.125 0.632812
0 0.976562 0.695312 0.972656 0.699219 0.972656 0.71875 0.984375 0.730469 0.996094 0.730469 0.996094 0.699219 0.980469 0.699219
0 0.226562 0.800781 0.21875 0.808594 0.21875 0.8125 0.214844 0.816406 0.214844 0.828125 0.21875 0.832031 0.238281 0.832031 0.246094 0.824219 0.246094 0.808594 0.238281 0.800781
0 0.675781 0.558594 0.671875 0.5625 0.664062 0.5625 0.65625 0.570312 0.652344 0.570312 0.648438 0.574219 0.648438 0.578125 0.644531 0.582031 0.644531 0.585938 0.640625 0.589844 0.640625 0.609375 0.644531 0.613281 0.644531 0.617188 0.652344 0.625 0.679688 0.625 0.683594 0.621094 0.691406 0.621094 0.695312 0.617188 0.699219 0.617188 0.710938 0.605469 0.710938 0.582031 0.691406 0.5625 0.6875 0.5625 0.683594 0.558594
0 0.96875 0.878906 0.964844 0.882812 0.964844 0.910156 0.96875 0.914062 0.976562 0.914062 0.980469 0.910156 0.984375 0.910156 0.992188 0.902344 0.992188 0.890625 0.988281 0.886719 0.984375 0.886719 0.976562 0.878906
0 0.253906 0.21875 0.25 0.222656 0.234375 0.222656 0.230469 0.226562 0.230469 0.238281 0.242188 0.25 0.265625 0.25 0.273438 0.242188 0.273438 0.230469 0.261719 0.21875
0 0.503906 0.476562 0.492188 0.488281 0.492188 0.496094 0.488281 0.5 0.488281 0.527344 0.496094 0.535156 0.515625 0.535156 0.519531 0.53125 0.523438 0.53125 0.535156 0.519531 0.535156 0.492188 0.53125 0.488281 0.53125 0.484375 0.527344 0.480469 0.523438 0.480469 0.519531 0.476562
0 0.730469 0.136719 0.726562 0.140625 0.726562 0.15625 0.734375 0.164062 0.734375 0.171875 0.738281 0.175781 0.742188 0.175781 0.746094 0.179688 0.753906 0.179688 0.761719 0.171875 0.761719 0.152344 0.753906 0.144531 0.753906 0.140625 0.75 0.136719
0 0.179688 0.0117188 0.171875 0.0195312 0.171875 0.03125 0.175781 0.0351562 0.179688 0.0351562 0.1875 0.0429688 0.1875 0.046875 0.191406 0.0507812 0.203125 0.0507812 0.207031 0.046875 0.210938 0.046875 0.214844 0.0429688 0.214844 0.0390625 0.21875 0.0351562 0.21875 0.0273438 0.203125 0.0117188
0 0.605469 0.644531 0.589844 0.660156 0.589844 0.671875 0.59375 0.675781 0.605469 0.675781 0.609375 0.671875 0.617188 0.671875 0.621094 0.667969 0.621094 0.65625 0.617188 0.652344 0.617188 0.648438 0.613281 0.644531
0 0.578125 0.0234375 0.574219 0.0273438 0.574219 0.03125 0.585938 0.0429688 0.585938 0.0507812 0.582031 0.0546875 0.582031 0.0585938 0.585938 0.0625 0.59375 0.0625 0.597656 0.0585938 0.601562 0.0585938 0.609375 0.0507812 0.609375 0.046875 0.613281 0.0429688 0.613281 0.03125 0.609375 0.0273438 0.589844 0.0273438 0.585938 0.0234375
0 0.1875 0.328125 0.183594 0.332031 0.183594 0.335938 0.167969 0.351562 0.167969 0.359375 0.164062 0.363281 0.164062 0.371094 0.183594 0.390625 0.183594 0.40625 0.1875 0.410156 0.199219 0.410156 0.203125 0.40625 0.203125 0.398438 0.199219 0.394531 0.199219 0.363281 0.195312 0.359375 0.195312 0.332031 0.191406 0.328125
0 0.933594 0.191406 0.921875 0.203125 0.921875 0.21875 0.925781 0.222656 0.925781 0.238281 0.929688 0.242188 0.960938 0.242188 0.96875 0.234375 0.96875 0.199219 0.960938 0.191406
0 0.0703125 0.234375 0.0585938 0.246094 0.0546875 0.246094 0.0507812 0.242188 0.0546875 0.246094 0.0546875 0.261719 0.0585938 0.261719 0.0742188 0.277344 0.0898438 0.277344 0.09375 0.273438 0.0976562 0.273438 0.105469 0.265625 0.105469 0.25 0.0898438 0.234375
0 0.234375 0.472656 0.226562 0.480469 0.226562 0.484375 0.222656 0.488281 0.222656 0.503906 0.226562 0.507812 0.230469 0.507812 0.234375 0.511719 0.242188 0.511719 0.246094 0.507812 0.253906 0.507812 0.257812 0.503906 0.257812 0.480469 0.25 0.472656
0 0.414062 0.589844 0.40625 0.597656 0.402344 0.597656 0.398438 0.601562 0.398438 0.621094 0.402344 0.625 0.40625 0.625 0.410156 0.621094 0.414062 0.621094 0.425781 0.609375 0.425781 0.59375 0.421875 0.589844
0 0.855469 0 0.855469 0.0078125 0.867188 0.0195312 0.867188 0.0234375 0.878906 0.0351562 0.882812 0.0351562 0.886719 0.0390625 0.902344 0.0390625 0.910156 0.03125 0.910156 0.0273438 0.914062 0.0234375 0.914062 0.0195312 0.917969 0.015625 0.917969 0.0117188 0.921875 0.0078125 0.921875 0
0 0.53125 0.0273438 0.527344 0.03125 0.523438 0.03125 0.515625 0.0390625 0.515625 0.0429688 0.511719 0.046875 0.511719 0.0625 0.515625 0.0664062 0.515625 0.0703125 0.523438 0.078125 0.527344 0.078125 0.53125 0.0820312 0.535156 0.0820312 0.539062 0.078125 0.546875 0.078125 0.550781 0.0742188 0.554688 0.0742188 0.558594 0.0703125 0.558594 0.0664062 0.5625 0.0625 0.5625 0.0429688 0.550781 0.03125 0.546875 0.03125 0.542969 0.0273438
0 0.0742188 0.128906 0.0664062 0.136719 0.0664062 0.140625 0.0703125 0.144531 0.0703125 0.148438 0.0742188 0.152344 0.0820312 0.152344 0.0898438 0.144531 0.0898438 0.136719 0.0859375 0.132812 0.0820312 0.132812 0.078125 0.128906
0 0.0273438 0.460938 0.0195312 0.46875 0.0195312 0.480469 0.00390625 0.496094 0.00390625 0.5 0.0078125 0.503906 0.0117188 0.503906 0.015625 0.507812 0.0195312 0.507812 0.0273438 0.515625 0.03125 0.515625 0.0351562 0.511719 0.0429688 0.511719 0.046875 0.507812 0.0507812 0.507812 0.0546875 0.503906 0.0546875 0.484375 0.0507812 0.480469 0.0507812 0.472656 0.0390625 0.460938
0 0.210938 0.136719 0.210938 0.140625 0.203125 0.148438 0.195312 0.148438 0.191406 0.144531 0.1875 0.144531 0.179688 0.152344 0.179688 0.160156 0.175781 0.164062 0.175781 0.167969 0.179688 0.171875 0.179688 0.175781 0.183594 0.179688 0.183594 0.183594 0.1875 0.1875 0.1875 0.195312 0.191406 0.199219 0.195312 0.199219 0.199219 0.203125 0.203125 0.203125 0.210938 0.210938 0.214844 0.210938 0.222656 0.203125 0.230469 0.203125 0.234375 0.207031 0.238281 0.207031 0.242188 0.203125 0.242188 0.199219 0.246094 0.195312 0.246094 0.1875 0.242188 0.183594 0.242188 0.175781 0.238281 0.171875 0.238281 0.164062 0.230469 0.15625 0.230469 0.144531 0.226562 0.140625 0.226562 0.136719 0.222656 0.140625 0.214844 0.140625
0 0.683594 0.40625 0.679688 0.410156 0.675781 0.410156 0.667969 0.417969 0.667969 0.421875 0.664062 0.425781 0.664062 0.433594 0.667969 0.4375 0.667969 0.441406 0.675781 0.449219 0.679688 0.449219 0.683594 0.453125 0.699219 0.453125 0.703125 0.449219 0.707031 0.449219 0.714844 0.441406 0.714844 0.433594 0.71875 0.429688 0.71875 0.425781 0.714844 0.421875 0.714844 0.417969 0.703125 0.40625
0 0.726562 0.953125 0.71875 0.960938 0.71875 0.980469 0.722656 0.984375 0.742188 0.984375 0.746094 0.980469 0.746094 0.957031 0.742188 0.953125
0 0.8125 0.242188 0.808594 0.246094 0.808594 0.253906 0.816406 0.261719 0.816406 0.269531 0.808594 0.277344 0.792969 0.277344 0.789062 0.273438 0.785156 0.273438 0.78125 0.277344 0.78125 0.289062 0.785156 0.292969 0.820312 0.292969 0.824219 0.289062 0.828125 0.289062 0.832031 0.285156 0.835938 0.285156 0.84375 0.277344 0.84375 0.265625 0.839844 0.261719 0.839844 0.257812 0.824219 0.242188
0 0.320312 0.511719 0.316406 0.515625 0.3125 0.515625 0.304688 0.523438 0.304688 0.546875 0.3125 0.554688 0.316406 0.554688 0.320312 0.558594 0.332031 0.558594 0.335938 0.554688 0.339844 0.554688 0.34375 0.550781 0.34375 0.546875 0.347656 0.542969 0.347656 0.523438 0.339844 0.515625 0.335938 0.515625 0.332031 0.511719
0 0.195312 0.0546875 0.1875 0.0625 0.1875 0.078125 0.195312 0.0859375 0.203125 0.0859375 0.210938 0.078125 0.210938 0.0625 0.203125 0.0546875
0 0.8125 0.175781 0.804688 0.183594 0.804688 0.199219 0.8125 0.207031 0.816406 0.207031 0.820312 0.203125 0.820312 0.179688 0.816406 0.175781
0 0.0117188 0.96875 0.00390625 0.976562 0 0.976562 0 0.992188 0.00390625 0.996094 0.03125 0.996094 0.03125 0.984375 0.0273438 0.980469 0.0273438 0.976562 0.0195312 0.96875
0 0.117188 0.382812 0.113281 0.386719 0.109375 0.386719 0.0976562 0.398438 0.0976562 0.402344 0.09375 0.40625 0.09375 0.429688 0.0976562 0.433594 0.0976562 0.4375 0.105469 0.445312 0.109375 0.445312 0.113281 0.449219 0.144531 0.449219 0.160156 0.433594 0.160156 0.429688 0.164062 0.425781 0.164062 0.40625 0.160156 0.402344 0.160156 0.398438 0.152344 0.390625 0.148438 0.390625 0.144531 0.386719 0.140625 0.386719 0.136719 0.382812
0 0.222656 0.101562 0.21875 0.105469 0.21875 0.117188 0.222656 0.117188 0.226562 0.121094 0.234375 0.113281 0.234375 0.105469 0.230469 0.101562
0 0.046875 0 0.046875 0.0078125 0.0507812 0.0117188 0.0546875 0.0117188 0.0625 0.0195312 0.0625 0.0234375 0.0664062 0.0273438 0.0703125 0.0273438 0.0742188 0.0234375 0.0742188 0.0195312 0.078125 0.015625 0.0703125 0.0078125 0.0703125 0
0 0.0742188 0 0.0742188 0.0078125 0.078125 0.0117188 0.0976562 0.0117188 0.101562 0.0078125 0.101562 0
0 0.714844 0.960938 0.707031 0.96875 0.691406 0.96875 0.691406 0.984375 0.703125 0.996094 0.71875 0.996094 0.722656 0.992188 0.722656 0.988281 0.714844 0.980469
0 0.417969 0 0.417969 0.00390625 0.421875 0.0078125 0.421875 0.0117188 0.429688 0.0195312 0.449219 0.0195312 0.453125 0.015625 0.453125 0
0 0.320312 0.0078125 0.3125 0.015625 0.3125 0.0234375 0.316406 0.0273438 0.328125 0.0273438 0.332031 0.0234375 0.332031 0.0117188 0.328125 0.0078125
0 0.433594 0.53125 0.429688 0.535156 0.429688 0.539062 0.433594 0.542969 0.433594 0.558594 0.4375 0.5625 0.464844 0.5625 0.46875 0.558594 0.46875 0.542969 0.460938 0.535156 0.457031 0.535156 0.453125 0.53125
0 0.558594 0.132812 0.542969 0.148438 0.542969 0.164062 0.546875 0.167969 0.546875 0.171875 0.554688 0.179688 0.558594 0.179688 0.5625 0.183594 0.578125 0.183594 0.582031 0.179688 0.589844 0.179688 0.597656 0.171875 0.597656 0.164062 0.601562 0.160156 0.601562 0.15625 0.597656 0.152344 0.597656 0.144531 0.589844 0.136719 0.585938 0.136719 0.582031 0.132812
0 0.167969 0.726562 0.164062 0.730469 0.160156 0.730469 0.152344 0.738281 0.152344 0.75 0.15625 0.753906 0.15625 0.761719 0.160156 0.765625 0.1875 0.765625 0.191406 0.761719 0.191406 0.734375 0.1875 0.730469 0.179688 0.730469 0.175781 0.726562
0 0.492188 0.65625 0.488281 0.660156 0.484375 0.660156 0.476562 0.667969 0.476562 0.6875 0.480469 0.691406 0.496094 0.691406 0.5 0.695312 0.519531 0.695312 0.523438 0.691406 0.523438 0.671875 0.519531 0.667969 0.515625 0.667969 0.507812 0.660156 0.5 0.660156 0.496094 0.65625
0 0.03125 0.234375 0.0273438 0.238281 0.0273438 0.25 0.0234375 0.253906 0.0195312 0.253906 0.0195312 0.269531 0.0234375 0.273438 0.0390625 0.273438 0.0507812 0.261719 0.0507812 0.246094 0.0390625 0.234375
0 0.101562 0.078125 0.0976562 0.0820312 0.0976562 0.0898438 0.101562 0.09375 0.101562 0.0976562 0.105469 0.101562 0.105469 0.105469 0.113281 0.113281 0.121094 0.113281 0.125 0.109375 0.125 0.0976562 0.121094 0.09375 0.121094 0.0859375 0.117188 0.0820312 0.109375 0.0820312 0.105469 0.078125
0 0.34375 0.0234375 0.339844 0.0273438 0.339844 0.0351562 0.34375 0.0390625 0.355469 0.0390625 0.359375 0.0351562 0.359375 0.0273438 0.355469 0.0234375
0 0.765625 0.234375 0.761719 0.238281 0.761719 0.246094 0.765625 0.25 0.773438 0.25 0.777344 0.246094 0.777344 0.238281 0.773438 0.234375
0 0.984375 0.734375 0.980469 0.738281 0.980469 0.746094 0.984375 0.75 0.984375 0.765625 0.988281 0.769531 0.996094 0.769531 0.996094 0.734375
0 0.957031 0.828125 0.953125 0.832031 0.945312 0.832031 0.945312 0.84375 0.949219 0.847656 0.957031 0.847656 0.964844 0.855469 0.96875 0.855469 0.972656 0.851562 0.972656 0.839844 0.960938 0.828125
0 0 0 0 0.0390625 0.0078125 0.0390625 0.0117188 0.0429688 0.015625 0.0429688 0.0234375 0.0351562 0.0234375 0
0 0.976562 0.648438 0.96875 0.65625 0.96875 0.667969 0.972656 0.671875 0.972656 0.675781 0.976562 0.679688 0.980469 0.675781 0.984375 0.675781 0.988281 0.671875 0.992188 0.671875 0.988281 0.667969 0.988281 0.660156 0.992188 0.65625 0.992188 0.652344 0.988281 0.648438
0 0.222656 0.207031 0.21875 0.210938 0.21875 0.21875 0.222656 0.222656 0.230469 0.222656 0.234375 0.21875 0.234375 0.210938 0.230469 0.207031
0 0.851562 0.128906 0.84375 0.136719 0.84375 0.140625 0.839844 0.144531 0.839844 0.160156 0.84375 0.164062 0.851562 0.164062 0.855469 0.160156 0.871094 0.160156 0.875 0.15625 0.875 0.144531 0.859375 0.128906
0 0.00390625 0.386719 0 0.390625 0 0.429688 0.00390625 0.433594 0.0117188 0.433594 0.015625 0.429688 0.0195312 0.429688 0.0273438 0.421875 0.0273438 0.417969 0.03125 0.414062 0.03125 0.398438 0.0234375 0.390625 0.0195312 0.390625 0.015625 0.386719
