0 0.034375 0.730469 0.03125 0.734375 0.03125 0.738281 0.028125 0.742188 0.028125 0.75 0.025 0.753906 0.025 0.765625 0.021875 0.769531 0.021875 0.78125 0.025 0.785156 0.025 0.789062 0.03125 0.796875 0.03125 0.800781 0.034375 0.804688 0.0375 0.804688 0.040625 0.808594 0.053125 0.808594 0.05625 0.8125 0.06875 0.8125 0.071875 0.816406 0.08125 0.816406 0.084375 0.820312 0.096875 0.820312 0.103125 0.8125 0.103125 0.769531 0.0875 0.75 0.084375 0.75 0.078125 0.742188 0.075 0.742188 0.071875 0.738281 0.0625 0.738281 0.059375 0.734375 0.04375 0.734375 0.040625 0.730469
0 0.240625 0.988281 0.234375 0.996094 0.28125 0.996094 0.28125 0.992188 0.278125 0.988281
0 0.228125 0.710938 0.225 0.714844 0.225 0.734375 0.228125 0.738281 0.228125 0.742188 0.234375 0.75 0.240625 0.75 0.24375 0.746094 0.24375 0.738281 0.246875 0.734375 0.246875 0.71875 0.240625 0.710938
0 0.2375 0.828125 0.234375 0.832031 0.23125 0.832031 0.20625 0.863281 0.20625 0.875 0.209375 0.878906 0.209375 0.902344 0.2125 0.90625 0.2125 0.914062 0.221875 0.925781 0.225 0.925781 0.228125 0.929688 0.23125 0.929688 0.234375 0.933594 0.259375 0.933594 0.2625 0.9375 0.265625 0.9375 0.271875 0.945312 0.278125 0.945312 0.284375 0.9375 0.284375 0.933594 0.2875 0.929688 0.2875 0.921875 0.290625 0.917969 0.290625 0.890625 0.2875 0.886719 0.2875 0.882812 0.28125 0.875 0.28125 0.871094 0.271875 0.859375 0.271875 0.855469 0.25 0.828125
0 0.00625 0.410156 0.003125 0.414062 0.003125 0.425781 0.00625 0.429688 0.00625 0.433594 0.0125 0.441406 0.0125 0.445312 0.01875 0.453125 0.025 0.453125 0.034375 0.441406 0.034375 0.429688 0.028125 0.421875 0.025 0.421875 0.015625 0.410156
0 0.33125 0.535156 0.321875 0.546875 0.321875 0.550781 0.325 0.554688 0.325 0.558594 0.328125 0.5625 0.328125 0.566406 0.33125 0.570312 0.33125 0.578125 0.3375 0.585938 0.3375 0.589844 0.346875 0.601562 0.346875 0.605469 0.35 0.609375 0.35 0.613281 0.353125 0.617188 0.353125 0.621094 0.365625 0.636719 0.375 0.636719 0.38125 0.644531 0.3875 0.644531 0.390625 0.648438 0.40625 0.648438 0.4125 0.640625 0.4125 0.636719 0.40625 0.628906 0.40625 0.605469 0.403125 0.601562 0.403125 0.597656 0.4 0.59375 0.4 0.589844 0.3875 0.574219 0.384375 0.574219 0.378125 0.566406 0.375 0.566406 0.35625 0.542969 0.353125 0.542969 0.35 0.539062 0.346875 0.539062 0.34375 0.535156
0 0.14375 0.78125 0.140625 0.785156 0.1375 0.785156 0.134375 0.789062 0.13125 0.789062 0.125 0.796875 0.125 0.8125 0.121875 0.816406 0.121875 0.820312 0.125 0.824219 0.125 0.828125 0.128125 0.832031 0.128125 0.835938 0.13125 0.839844 0.13125 0.84375 0.128125 0.847656 0.128125 0.855469 0.125 0.859375 0.125 0.867188 0.128125 0.871094 0.128125 0.878906 0.13125 0.882812 0.13125 0.898438 0.134375 0.902344 0.134375 0.921875 0.1375 0.925781 0.15 0.925781 0.153125 0.921875 0.159375 0.921875 0.1625 0.917969 0.165625 0.917969 0.16875 0.914062 0.16875 0.910156 0.171875 0.90625 0.171875 0.878906 0.175 0.875 0.175 0.867188 0.171875 0.863281 0.171875 0.855469 0.16875 0.851562 0.16875 0.835938 0.165625 0.832031 0.165625 0.800781 0.15625 0.789062 0.153125 0.789062 0.146875 0.78125
0 0 0.675781 0 0.789062 0.009375 0.777344 0.01875 0.777344 0.01875 0.769531 0.021875 0.765625 0.021875 0.753906 0.025 0.75 0.025 0.742188 0.028125 0.738281 0.028125 0.734375 0.03125 0.730469 0.015625 0.710938 0.015625 0.703125 0.0125 0.699219 0.0125 0.691406
0 0.815625 0.566406 0.8125 0.570312 0.8125 0.578125 0.815625 0.582031 0.815625 0.585938 0.81875 0.589844 0.81875 0.59375 0.825 0.601562 0.825 0.605469 0.828125 0.609375 0.828125 0.613281 0.83125 0.617188 0.83125 0.621094 0.834375 0.625 0.834375 0.632812 0.8375 0.636719 0.840625 0.636719 0.853125 0.652344 0.859375 0.652344 0.896875 0.699219 0.896875 0.703125 0.915625 0.726562 0.91875 0.726562 0.921875 0.730469 0.925 0.730469 0.95 0.761719 0.953125 0.761719 0.959375 0.769531 0.9625 0.769531 0.965625 0.773438 0.975 0.773438 0.978125 0.769531 0.978125 0.761719 0.971875 0.753906 0.96875 0.753906 0.953125 0.734375 0.953125 0.730469 0.95 0.726562 0.946875 0.726562 0.940625 0.71875 0.940625 0.714844 0.88125 0.640625 0.878125 0.640625 0.86875 0.628906 0.853125 0.628906 0.846875 0.621094 0.846875 0.617188 0.84375 0.613281 0.84375 0.609375 0.840625 0.605469 0.840625 0.601562 0.8375 0.597656 0.8375 0.59375 0.834375 0.589844 0.834375 0.585938 0.828125 0.578125 0.828125 0.574219 0.821875 0.566406
0 0.265625 0.761719 0.2625 0.765625 0.2625 0.789062 0.259375 0.792969 0.259375 0.800781 0.25625 0.804688 0.25625 0.808594 0.253125 0.8125 0.253125 0.816406 0.25 0.820312 0.25 0.824219 0.275 0.855469 0.275 0.859375 0.284375 0.871094 0.284375 0.875 0.290625 0.882812 0.290625 0.886719 0.29375 0.890625 0.29375 0.914062 0.296875 0.910156 0.3 0.914062 0.303125 0.914062 0.309375 0.921875 0.31875 0.921875 0.321875 0.925781 0.33125 0.925781 0.334375 0.921875 0.3375 0.921875 0.340625 0.917969 0.340625 0.914062 0.34375 0.910156 0.34375 0.90625 0.340625 0.902344 0.340625 0.890625 0.3375 0.886719 0.3375 0.882812 0.334375 0.878906 0.334375 0.875 0.33125 0.871094 0.33125 0.863281 0.328125 0.859375 0.328125 0.855469 0.325 0.851562 0.325 0.847656 0.321875 0.84375 0.321875 0.839844 0.31875 0.835938 0.31875 0.832031 0.315625 0.828125 0.315625 0.824219 0.30625 0.8125 0.303125 0.8125 0.290625 0.796875 0.290625 0.792969 0.2875 0.789062 0.2875 0.785156 0.284375 0.78125 0.284375 0.777344 0.271875 0.761719
0 0.03125 0.8125 0.021875 0.824219 0.021875 0.839844 0.025 0.84375 0.028125 0.84375 0.03125 0.847656 0.034375 0.847656 0.0375 0.851562 0.040625 0.851562 0.04375 0.855469 0.046875 0.855469 0.05625 0.867188 0.059375 0.867188 0.0625 0.871094 0.065625 0.871094 0.071875 0.878906 0.075 0.878906 0.078125 0.882812 0.08125 0.882812 0.084375 0.886719 0.090625 0.886719 0.09375 0.890625 0.103125 0.890625 0.109375 0.882812 0.109375 0.878906 0.1125 0.875 0.1125 0.851562 0.109375 0.847656 0.109375 0.84375 0.09375 0.824219 0.084375 0.824219 0.08125 0.820312 0.071875 0.820312 0.06875 0.816406 0.05625 0.816406 0.053125 0.8125
0 0.4 0.789062 0.396875 0.792969 0.39375 0.792969 0.384375 0.804688 0.38125 0.804688 0.375 0.8125 0.375 0.816406 0.36875 0.824219 0.36875 0.835938 0.365625 0.839844 0.365625 0.847656 0.375 0.859375 0.375 0.863281 0.378125 0.867188 0.378125 0.875 0.38125 0.878906 0.38125 0.882812 0.39375 0.898438 0.396875 0.898438 0.403125 0.90625 0.40625 0.90625 0.409375 0.910156 0.4125 0.910156 0.415625 0.914062 0.421875 0.914062 0.425 0.917969 0.43125 0.917969 0.4375 0.910156 0.4375 0.90625 0.440625 0.902344 0.440625 0.878906 0.44375 0.875 0.44375 0.867188 0.446875 0.863281 0.446875 0.839844 0.44375 0.835938 0.44375 0.832031 0.440625 0.828125 0.440625 0.820312 0.434375 0.8125 0.434375 0.808594 0.425 0.796875 0.415625 0.796875 0.409375 0.789062
0 0.828125 0 0.83125 0.00390625 0.83125 0.0078125 0.834375 0.0117188 0.834375 0.015625 0.840625 0.0234375 0.840625 0.0273438 0.85 0.0390625 0.85625 0.0390625 0.86875 0.0546875 0.86875 0.0585938 0.878125 0.0703125 0.88125 0.0703125 0.890625 0.0820312 0.890625 0.0898438 0.89375 0.09375 0.896875 0.09375 0.903125 0.101562 0.903125 0.105469 0.909375 0.113281 0.9125 0.113281 0.921875 0.125 0.925 0.125 0.928125 0.128906 0.934375 0.128906 0.940625 0.136719 0.940625 0.140625 0.94375 0.144531 0.94375 0.148438 0.959375 0.167969 0.9625 0.164062 0.9625 0.148438 0.959375 0.144531 0.959375 0.136719 0.95625 0.132812 0.95625 0.128906 0.953125 0.125 0.953125 0.121094 0.95 0.117188 0.95 0.109375 0.946875 0.105469 0.946875 0.101562 0.940625 0.09375 0.940625 0.0898438 0.9375 0.0859375 0.9375 0.0820312 0.921875 0.0625 0.921875 0.0585938 0.909375 0.0429688 0.909375 0.0390625 0.903125 0.03125 0.903125 0.0273438 0.884375 0.00390625 0.884375 0
0 0.353125 0.949219 0.346875 0.957031 0.346875 0.964844 0.35 0.96875 0.35 0.980469 0.353125 0.984375 0.353125 0.988281 0.35 0.992188 0.35 0.996094 0.409375 0.996094 0.409375 0.992188 0.4 0.980469 0.4 0.976562 0.390625 0.964844 0.3875 0.964844 0.378125 0.953125 0.375 0.953125 0.371875 0.949219
0 0.2125 0.605469 0.209375 0.609375 0.171875 0.609375 0.16875 0.613281 0.16875 0.617188 0.165625 0.621094 0.165625 0.636719 0.1625 0.640625 0.1625 0.652344 0.159375 0.65625 0.159375 0.660156 0.153125 0.667969 0.153125 0.679688 0.1625 0.691406 0.1625 0.695312 0.165625 0.699219 0.165625 0.703125 0.175 0.714844 0.18125 0.714844 0.184375 0.71875 0.1875 0.71875 0.190625 0.722656 0.19375 0.722656 0.2 0.730469 0.221875 0.730469 0.221875 0.714844 0.228125 0.707031 0.228125 0.703125 0.225 0.699219 0.225 0.691406 0.228125 0.6875 0.228125 0.683594 0.23125 0.679688 0.23125 0.671875 0.234375 0.667969 0.234375 0.65625 0.2375 0.652344 0.2375 0.648438 0.240625 0.644531 0.240625 0.636719 0.2375 0.632812 0.2375 0.628906 0.234375 0.625 0.234375 0.621094 0.228125 0.613281 0.228125 0.609375 0.225 0.605469
0 0.99375 0.308594 0.99375 0.347656 0.996875 0.347656 0.996875 0.308594
0 0.934375 0 0.940625 0.0078125 0.94375 0.0078125 0.95625 0.0234375 0.95625 0.0273438 0.975 0.0507812 0.978125 0.0507812 0.984375 0.0585938 0.996875 0.0585938 0.996875 0.0390625 0.99375 0.0351562 0.990625 0.0351562 0.9875 0.03125 0.984375 0.03125 0.978125 0.0234375 0.978125 0.0195312 0.975 0.015625 0.975 0.0078125 0.971875 0.00390625 0.971875 0
