0 0.828125 0.414062 0.824219 0.417969 0.824219 0.433594 0.828125 0.4375 0.828125 0.441406 0.835938 0.449219 0.84375 0.449219 0.847656 0.453125 0.863281 0.453125 0.867188 0.449219 0.867188 0.433594 0.859375 0.425781 0.859375 0.421875 0.855469 0.421875 0.847656 0.414062
0 0.46875 0.914062 0.464844 0.917969 0.460938 0.917969 0.453125 0.925781 0.453125 0.929688 0.449219 0.933594 0.449219 0.945312 0.457031 0.953125 0.460938 0.953125 0.464844 0.957031 0.480469 0.957031 0.484375 0.953125 0.492188 0.953125 0.496094 0.949219 0.5 0.949219 0.503906 0.945312 0.503906 0.917969 0.496094 0.917969 0.492188 0.914062
0 0.929688 0.585938 0.921875 0.59375 0.921875 0.609375 0.925781 0.613281 0.925781 0.617188 0.929688 0.617188 0.9375 0.625 0.945312 0.625 0.949219 0.628906 0.972656 0.628906 0.980469 0.621094 0.980469 0.605469 0.972656 0.597656 0.96875 0.597656 0.960938 0.589844 0.953125 0.589844 0.949219 0.585938
0 0.589844 0.851562 0.585938 0.855469 0.585938 0.859375 0.582031 0.863281 0.585938 0.867188 0.585938 0.878906 0.59375 0.886719 0.59375 0.890625 0.609375 0.90625 0.613281 0.902344 0.621094 0.902344 0.625 0.898438 0.625 0.878906 0.621094 0.875 0.621094 0.871094 0.601562 0.851562
0 0.078125 0.0820312 0.0703125 0.0898438 0.0703125 0.105469 0.0859375 0.121094 0.113281 0.121094 0.117188 0.117188 0.117188 0.105469 0.0976562 0.0859375 0.09375 0.0859375 0.0898438 0.0820312
0 0.722656 0.773438 0.722656 0.777344 0.71875 0.78125 0.71875 0.792969 0.722656 0.796875 0.722656 0.800781 0.726562 0.800781 0.734375 0.808594 0.738281 0.808594 0.742188 0.8125 0.753906 0.8125 0.761719 0.804688 0.761719 0.789062 0.757812 0.785156 0.757812 0.78125 0.75 0.773438
0 0.570312 0.621094 0.566406 0.625 0.5625 0.625 0.5625 0.628906 0.558594 0.632812 0.558594 0.644531 0.5625 0.648438 0.5625 0.652344 0.566406 0.65625 0.566406 0.660156 0.570312 0.664062 0.574219 0.664062 0.578125 0.667969 0.601562 0.667969 0.605469 0.664062 0.605469 0.648438 0.578125 0.621094
0 0.828125 0.632812 0.820312 0.640625 0.820312 0.660156 0.824219 0.664062 0.824219 0.671875 0.832031 0.679688 0.832031 0.683594 0.835938 0.6875 0.839844 0.6875 0.847656 0.695312 0.851562 0.695312 0.855469 0.699219 0.867188 0.699219 0.878906 0.6875 0.878906 0.664062 0.875 0.660156 0.875 0.652344 0.859375 0.636719 0.855469 0.636719 0.851562 0.632812
0 0.894531 0.128906 0.886719 0.136719 0.886719 0.148438 0.894531 0.15625 0.894531 0.160156 0.898438 0.160156 0.902344 0.164062 0.90625 0.164062 0.910156 0.167969 0.917969 0.167969 0.921875 0.164062 0.921875 0.148438 0.917969 0.144531 0.917969 0.140625 0.914062 0.136719 0.914062 0.132812 0.910156 0.128906
0 0.570312 0.398438 0.5625 0.40625 0.5625 0.425781 0.570312 0.433594 0.570312 0.4375 0.578125 0.445312 0.582031 0.445312 0.589844 0.453125 0.589844 0.457031 0.59375 0.457031 0.597656 0.460938 0.617188 0.460938 0.621094 0.457031 0.621094 0.4375 0.609375 0.425781 0.609375 0.421875 0.585938 0.398438
0 0.390625 0.644531 0.386719 0.648438 0.378906 0.648438 0.378906 0.65625 0.375 0.660156 0.375 0.679688 0.378906 0.683594 0.378906 0.6875 0.386719 0.695312 0.390625 0.695312 0.394531 0.699219 0.398438 0.699219 0.402344 0.695312 0.40625 0.695312 0.40625 0.691406 0.417969 0.679688 0.417969 0.660156 0.414062 0.65625 0.414062 0.652344 0.410156 0.652344 0.40625 0.648438 0.402344 0.648438 0.398438 0.644531
0 0.25 0.609375 0.246094 0.613281 0.238281 0.613281 0.238281 0.617188 0.234375 0.621094 0.234375 0.632812 0.25 0.648438 0.253906 0.648438 0.257812 0.652344 0.261719 0.652344 0.265625 0.65625 0.28125 0.65625 0.289062 0.648438 0.289062 0.636719 0.285156 0.632812 0.285156 0.628906 0.277344 0.621094 0.273438 0.621094 0.265625 0.613281 0.253906 0.613281
0 0.144531 0.0195312 0.140625 0.0234375 0.140625 0.0351562 0.144531 0.0390625 0.148438 0.0390625 0.152344 0.0429688 0.15625 0.0429688 0.160156 0.046875 0.179688 0.046875 0.183594 0.0429688 0.183594 0.0273438 0.179688 0.0234375 0.167969 0.0234375 0.164062 0.0195312
0 0.195312 0.925781 0.191406 0.929688 0.183594 0.929688 0.179688 0.933594 0.179688 0.9375 0.175781 0.941406 0.179688 0.945312 0.179688 0.949219 0.1875 0.957031 0.191406 0.957031 0.195312 0.960938 0.21875 0.960938 0.230469 0.949219 0.230469 0.941406 0.21875 0.929688 0.210938 0.929688 0.207031 0.925781
0 0.421875 0.773438 0.417969 0.777344 0.414062 0.777344 0.414062 0.78125 0.410156 0.785156 0.410156 0.789062 0.40625 0.792969 0.40625 0.808594 0.410156 0.8125 0.410156 0.816406 0.414062 0.820312 0.433594 0.820312 0.433594 0.8125 0.4375 0.808594 0.4375 0.785156 0.433594 0.78125 0.433594 0.777344 0.429688 0.777344 0.425781 0.773438
0 0.964844 0.953125 0.957031 0.960938 0.953125 0.960938 0.949219 0.964844 0.949219 0.96875 0.941406 0.976562 0.941406 0.980469 0.9375 0.984375 0.9375 0.996094 0.984375 0.996094 0.984375 0.992188 0.988281 0.988281 0.988281 0.984375 0.992188 0.980469 0.992188 0.960938 0.988281 0.957031 0.988281 0.953125
0 0.917969 0.335938 0.914062 0.339844 0.914062 0.363281 0.921875 0.371094 0.921875 0.375 0.929688 0.382812 0.933594 0.382812 0.9375 0.386719 0.949219 0.386719 0.953125 0.382812 0.953125 0.359375 0.949219 0.355469 0.949219 0.351562 0.945312 0.347656 0.945312 0.34375 0.941406 0.34375 0.933594 0.335938
0 0.542969 0.441406 0.539062 0.445312 0.535156 0.445312 0.527344 0.453125 0.527344 0.46875 0.535156 0.476562 0.539062 0.476562 0.542969 0.480469 0.546875 0.480469 0.550781 0.484375 0.574219 0.484375 0.578125 0.480469 0.582031 0.480469 0.585938 0.476562 0.585938 0.453125 0.582031 0.449219 0.578125 0.449219 0.574219 0.445312 0.566406 0.445312 0.5625 0.441406
0 0.554688 0.535156 0.550781 0.539062 0.542969 0.539062 0.542969 0.5625 0.550781 0.570312 0.550781 0.574219 0.558594 0.574219 0.5625 0.578125 0.570312 0.578125 0.574219 0.582031 0.578125 0.582031 0.582031 0.578125 0.585938 0.578125 0.589844 0.574219 0.59375 0.574219 0.59375 0.550781 0.578125 0.535156
0 0.0859375 0.460938 0.0820312 0.464844 0.078125 0.464844 0.078125 0.472656 0.0742188 0.476562 0.078125 0.480469 0.078125 0.484375 0.0820312 0.488281 0.0859375 0.488281 0.0898438 0.492188 0.09375 0.492188 0.0976562 0.496094 0.121094 0.496094 0.128906 0.488281 0.128906 0.472656 0.117188 0.460938
0 0.308594 0.242188 0.304688 0.246094 0.300781 0.246094 0.300781 0.25 0.296875 0.253906 0.296875 0.265625 0.308594 0.277344 0.3125 0.277344 0.320312 0.285156 0.335938 0.285156 0.34375 0.277344 0.34375 0.269531 0.339844 0.265625 0.339844 0.261719 0.328125 0.25 0.324219 0.25 0.320312 0.246094 0.316406 0.246094 0.3125 0.242188
0 0.449219 0.648438 0.445312 0.652344 0.441406 0.652344 0.441406 0.667969 0.445312 0.671875 0.445312 0.675781 0.449219 0.675781 0.457031 0.683594 0.460938 0.683594 0.464844 0.6875 0.484375 0.6875 0.492188 0.679688 0.492188 0.675781 0.488281 0.671875 0.488281 0.667969 0.476562 0.65625 0.472656 0.65625 0.46875 0.652344 0.464844 0.652344 0.460938 0.648438
0 0.75 0.875 0.746094 0.878906 0.742188 0.878906 0.738281 0.882812 0.738281 0.90625 0.742188 0.910156 0.75 0.910156 0.753906 0.914062 0.757812 0.914062 0.761719 0.917969 0.78125 0.917969 0.785156 0.914062 0.785156 0.910156 0.789062 0.90625 0.789062 0.902344 0.785156 0.898438 0.785156 0.890625 0.777344 0.882812 0.773438 0.882812 0.769531 0.878906 0.765625 0.878906 0.761719 0.875
0 0.863281 0.207031 0.859375 0.210938 0.855469 0.210938 0.847656 0.21875 0.847656 0.230469 0.851562 0.234375 0.851562 0.238281 0.859375 0.238281 0.863281 0.242188 0.878906 0.242188 0.882812 0.246094 0.886719 0.246094 0.898438 0.234375 0.898438 0.226562 0.886719 0.214844 0.882812 0.214844 0.878906 0.210938 0.871094 0.210938 0.867188 0.207031
0 0.808594 0 0.808594 0.00390625 0.816406 0.0117188 0.816406 0.015625 0.820312 0.0195312 0.824219 0.0195312 0.828125 0.0234375 0.832031 0.0234375 0.835938 0.0195312 0.839844 0.0195312 0.84375 0.015625 0.84375 0
0 0.0976562 0.34375 0.09375 0.347656 0.0898438 0.347656 0.0820312 0.355469 0.0820312 0.371094 0.0976562 0.386719 0.101562 0.386719 0.105469 0.390625 0.113281 0.390625 0.117188 0.394531 0.128906 0.394531 0.132812 0.398438 0.136719 0.394531 0.144531 0.394531 0.148438 0.390625 0.152344 0.390625 0.152344 0.386719 0.15625 0.382812 0.15625 0.371094 0.152344 0.367188 0.152344 0.363281 0.148438 0.359375 0.144531 0.359375 0.136719 0.351562 0.132812 0.351562 0.128906 0.347656 0.117188 0.347656 0.113281 0.34375
0 0.859375 0.246094 0.855469 0.25 0.855469 0.265625 0.863281 0.273438 0.867188 0.273438 0.878906 0.285156 0.902344 0.285156 0.902344 0.265625 0.890625 0.253906 0.886719 0.253906 0.878906 0.246094
