0 0.816406 0.6875 0.808594 0.695312 0.804688 0.695312 0.796875 0.703125 0.796875 0.722656 0.800781 0.726562 0.804688 0.726562 0.808594 0.730469 0.820312 0.730469 0.824219 0.726562 0.828125 0.726562 0.835938 0.71875 0.839844 0.71875 0.839844 0.714844 0.84375 0.710938 0.84375 0.691406 0.839844 0.6875
0 0.445312 0.554688 0.441406 0.558594 0.4375 0.558594 0.433594 0.5625 0.433594 0.566406 0.429688 0.570312 0.429688 0.589844 0.441406 0.601562 0.449219 0.601562 0.453125 0.597656 0.457031 0.597656 0.460938 0.59375 0.464844 0.59375 0.46875 0.589844 0.46875 0.585938 0.472656 0.582031 0.472656 0.566406 0.46875 0.5625 0.464844 0.5625 0.457031 0.554688
0 0.175781 0.867188 0.167969 0.875 0.167969 0.878906 0.164062 0.882812 0.164062 0.914062 0.167969 0.917969 0.167969 0.925781 0.179688 0.9375 0.199219 0.9375 0.199219 0.933594 0.210938 0.921875 0.210938 0.890625 0.207031 0.886719 0.207031 0.882812 0.191406 0.867188
0 0.710938 0.144531 0.710938 0.15625 0.714844 0.15625 0.71875 0.160156 0.722656 0.160156 0.726562 0.15625 0.726562 0.148438 0.722656 0.144531
0 0.496094 0.753906 0.492188 0.757812 0.484375 0.757812 0.480469 0.761719 0.480469 0.765625 0.476562 0.769531 0.476562 0.785156 0.480469 0.789062 0.480469 0.792969 0.484375 0.792969 0.488281 0.796875 0.503906 0.796875 0.519531 0.78125 0.519531 0.777344 0.523438 0.773438 0.523438 0.765625 0.515625 0.757812 0.511719 0.757812 0.507812 0.753906
0 0.335938 0.6875 0.320312 0.703125 0.320312 0.707031 0.316406 0.710938 0.316406 0.71875 0.320312 0.722656 0.320312 0.726562 0.328125 0.734375 0.347656 0.734375 0.351562 0.730469 0.351562 0.726562 0.355469 0.722656 0.355469 0.71875 0.359375 0.714844 0.359375 0.699219 0.355469 0.695312 0.355469 0.691406 0.351562 0.6875
0 0.773438 0.945312 0.769531 0.949219 0.765625 0.949219 0.753906 0.960938 0.753906 0.972656 0.75 0.976562 0.75 0.996094 0.828125 0.996094 0.832031 0.992188 0.832031 0.964844 0.820312 0.953125 0.816406 0.953125 0.8125 0.949219 0.800781 0.949219 0.796875 0.945312
0 0.863281 0.425781 0.859375 0.429688 0.855469 0.429688 0.851562 0.433594 0.851562 0.4375 0.847656 0.441406 0.847656 0.457031 0.851562 0.460938 0.851562 0.464844 0.855469 0.46875 0.859375 0.46875 0.863281 0.472656 0.878906 0.472656 0.890625 0.460938 0.890625 0.457031 0.894531 0.453125 0.894531 0.4375 0.890625 0.433594 0.890625 0.429688 0.886719 0.429688 0.882812 0.425781
0 0.96875 0.171875 0.964844 0.175781 0.960938 0.175781 0.953125 0.183594 0.953125 0.199219 0.957031 0.203125 0.957031 0.207031 0.960938 0.210938 0.980469 0.210938 0.984375 0.207031 0.988281 0.207031 0.996094 0.199219 0.996094 0.179688 0.992188 0.179688 0.984375 0.171875
0 0.0117188 0.550781 0.0078125 0.554688 0.0078125 0.558594 0.00390625 0.5625 0.00390625 0.566406 0 0.570312 0 0.59375 0.0078125 0.59375 0.0117188 0.597656 0.0117188 0.601562 0.0273438 0.601562 0.0273438 0.597656 0.0390625 0.585938 0.0390625 0.554688 0.0351562 0.550781
0 0.199219 0.5625 0.191406 0.570312 0.191406 0.589844 0.195312 0.59375 0.195312 0.597656 0.199219 0.601562 0.199219 0.605469 0.203125 0.609375 0.21875 0.609375 0.21875 0.605469 0.222656 0.601562 0.222656 0.59375 0.226562 0.589844 0.226562 0.570312 0.21875 0.5625
0 0.527344 0.296875 0.515625 0.308594 0.511719 0.308594 0.511719 0.3125 0.503906 0.320312 0.503906 0.328125 0.5 0.332031 0.5 0.34375 0.511719 0.355469 0.53125 0.355469 0.542969 0.34375 0.546875 0.34375 0.550781 0.339844 0.550781 0.335938 0.558594 0.328125 0.558594 0.304688 0.550781 0.296875
0 0.660156 0.0585938 0.65625 0.0625 0.652344 0.0625 0.652344 0.09375 0.65625 0.0976562 0.65625 0.101562 0.660156 0.105469 0.660156 0.109375 0.675781 0.125 0.683594 0.125 0.6875 0.128906 0.703125 0.128906 0.707031 0.125 0.710938 0.125 0.710938 0.121094 0.714844 0.117188 0.714844 0.09375 0.710938 0.0898438 0.710938 0.0859375 0.707031 0.0820312 0.707031 0.078125 0.699219 0.0703125 0.695312 0.0703125 0.6875 0.0625 0.683594 0.0625 0.679688 0.0585938
0 0.960938 0.296875 0.957031 0.300781 0.949219 0.300781 0.941406 0.308594 0.941406 0.324219 0.949219 0.324219 0.953125 0.328125 0.976562 0.328125 0.984375 0.320312 0.988281 0.320312 0.992188 0.316406 0.992188 0.304688 0.984375 0.296875
