0 0.960938 0.0820312 0.953125 0.0898438 0.953125 0.09375 0.949219 0.0976562 0.949219 0.121094 0.953125 0.125 0.953125 0.136719 0.957031 0.140625 0.957031 0.144531 0.960938 0.144531 0.964844 0.148438 0.96875 0.148438 0.972656 0.152344 0.984375 0.152344 0.984375 0.148438 0.988281 0.144531 0.988281 0.140625 0.992188 0.136719 0.992188 0.128906 0.996094 0.125 0.996094 0.109375 0.992188 0.105469 0.992188 0.09375 0.980469 0.0820312
0 0.675781 0.371094 0.671875 0.375 0.660156 0.375 0.652344 0.382812 0.652344 0.398438 0.65625 0.402344 0.65625 0.40625 0.660156 0.410156 0.664062 0.410156 0.667969 0.414062 0.671875 0.414062 0.675781 0.417969 0.703125 0.417969 0.710938 0.410156 0.710938 0.390625 0.699219 0.378906 0.695312 0.378906 0.691406 0.375 0.679688 0.375
0 0.28125 0.925781 0.277344 0.929688 0.273438 0.929688 0.261719 0.941406 0.261719 0.949219 0.257812 0.953125 0.257812 0.96875 0.261719 0.972656 0.261719 0.976562 0.265625 0.980469 0.292969 0.980469 0.296875 0.984375 0.3125 0.96875 0.3125 0.964844 0.316406 0.960938 0.316406 0.957031 0.320312 0.953125 0.320312 0.949219 0.316406 0.945312 0.316406 0.941406 0.3125 0.9375 0.3125 0.933594 0.308594 0.933594 0.304688 0.929688 0.300781 0.929688 0.296875 0.925781
0 0.140625 0.0625 0.136719 0.0664062 0.132812 0.0664062 0.128906 0.0703125 0.128906 0.0742188 0.125 0.078125 0.125 0.0820312 0.128906 0.0859375 0.128906 0.0898438 0.140625 0.101562 0.144531 0.101562 0.148438 0.105469 0.15625 0.105469 0.160156 0.101562 0.167969 0.101562 0.171875 0.0976562 0.175781 0.0976562 0.179688 0.09375 0.179688 0.0859375 0.183594 0.0820312 0.179688 0.078125 0.179688 0.0742188 0.167969 0.0625
0 0.308594 0.0234375 0.300781 0.03125 0.300781 0.0351562 0.296875 0.0390625 0.296875 0.0585938 0.304688 0.0664062 0.304688 0.0703125 0.308594 0.0742188 0.328125 0.0742188 0.335938 0.0664062 0.335938 0.0585938 0.339844 0.0546875 0.339844 0.0429688 0.335938 0.0390625 0.335938 0.0351562 0.324219 0.0234375
0 0.726562 0.046875 0.71875 0.0546875 0.71875 0.0898438 0.722656 0.09375 0.722656 0.0976562 0.730469 0.105469 0.734375 0.105469 0.738281 0.109375 0.761719 0.109375 0.765625 0.105469 0.765625 0.0664062 0.761719 0.0625 0.761719 0.0585938 0.753906 0.0507812 0.75 0.0507812 0.746094 0.046875
0 0.875 0 0.871094 0.00390625 0.871094 0.0234375 0.875 0.0273438 0.875 0.0351562 0.878906 0.0390625 0.878906 0.0429688 0.886719 0.0507812 0.902344 0.0507812 0.90625 0.046875 0.90625 0.0429688 0.910156 0.0390625 0.910156 0.0234375 0.90625 0.0195312 0.90625 0.015625 0.890625 0
0 0.941406 0.410156 0.9375 0.414062 0.9375 0.429688 0.957031 0.429688 0.960938 0.425781 0.960938 0.414062 0.957031 0.410156
0 0.550781 0.0625 0.539062 0.0742188 0.539062 0.078125 0.535156 0.0820312 0.535156 0.113281 0.539062 0.117188 0.539062 0.121094 0.542969 0.125 0.542969 0.128906 0.546875 0.132812 0.546875 0.136719 0.5625 0.152344 0.566406 0.152344 0.570312 0.15625 0.597656 0.15625 0.601562 0.152344 0.601562 0.148438 0.605469 0.144531 0.605469 0.136719 0.609375 0.132812 0.609375 0.101562 0.605469 0.0976562 0.605469 0.0898438 0.597656 0.0820312 0.597656 0.078125 0.589844 0.0703125 0.585938 0.0703125 0.582031 0.0664062 0.578125 0.0664062 0.574219 0.0625
0 0.601562 0.527344 0.597656 0.53125 0.589844 0.53125 0.585938 0.535156 0.582031 0.535156 0.570312 0.546875 0.570312 0.550781 0.566406 0.554688 0.566406 0.566406 0.570312 0.570312 0.570312 0.574219 0.578125 0.582031 0.582031 0.582031 0.585938 0.585938 0.589844 0.585938 0.597656 0.59375 0.625 0.59375 0.628906 0.589844 0.632812 0.589844 0.640625 0.582031 0.640625 0.578125 0.644531 0.574219 0.644531 0.554688 0.640625 0.550781 0.640625 0.542969 0.628906 0.53125 0.625 0.53125 0.621094 0.527344 0.609375 0.527344 0.605469 0.53125
