0 0.636719 0.148438 0.628906 0.15625 0.628906 0.191406 0.636719 0.199219 0.652344 0.199219 0.65625 0.195312 0.65625 0.1875 0.664062 0.179688 0.664062 0.164062 0.648438 0.148438
0 0.949219 0.101562 0.945312 0.105469 0.941406 0.105469 0.9375 0.109375 0.9375 0.113281 0.933594 0.117188 0.9375 0.121094 0.9375 0.125 0.941406 0.128906 0.96875 0.128906 0.96875 0.125 0.972656 0.121094 0.972656 0.109375 0.96875 0.105469 0.964844 0.105469 0.960938 0.101562
0 0.410156 0.675781 0.40625 0.679688 0.40625 0.683594 0.402344 0.6875 0.402344 0.699219 0.410156 0.707031 0.414062 0.707031 0.417969 0.710938 0.429688 0.710938 0.433594 0.707031 0.433594 0.699219 0.4375 0.695312 0.4375 0.6875 0.425781 0.675781
0 0.835938 0.226562 0.832031 0.230469 0.828125 0.230469 0.820312 0.238281 0.820312 0.242188 0.816406 0.246094 0.816406 0.253906 0.824219 0.253906 0.828125 0.257812 0.855469 0.257812 0.859375 0.253906 0.859375 0.238281 0.855469 0.234375 0.855469 0.230469 0.851562 0.226562
0 0.457031 0.480469 0.453125 0.484375 0.449219 0.484375 0.449219 0.507812 0.453125 0.511719 0.453125 0.515625 0.457031 0.519531 0.472656 0.519531 0.476562 0.515625 0.476562 0.5 0.472656 0.496094 0.472656 0.488281 0.46875 0.484375 0.464844 0.484375 0.460938 0.480469
0 0.453125 0.96875 0.449219 0.972656 0.449219 0.976562 0.453125 0.980469 0.453125 0.992188 0.457031 0.996094 0.472656 0.996094 0.476562 0.992188 0.476562 0.984375 0.472656 0.980469 0.46875 0.980469 0.460938 0.972656 0.460938 0.96875
0 0.433594 0.210938 0.429688 0.214844 0.425781 0.214844 0.417969 0.222656 0.417969 0.238281 0.425781 0.246094 0.441406 0.246094 0.449219 0.238281 0.453125 0.238281 0.453125 0.234375 0.457031 0.230469 0.457031 0.21875 0.449219 0.210938
0 0.128906 0.109375 0.125 0.113281 0.121094 0.113281 0.121094 0.117188 0.117188 0.121094 0.117188 0.128906 0.113281 0.132812 0.113281 0.144531 0.117188 0.148438 0.132812 0.148438 0.136719 0.144531 0.136719 0.140625 0.140625 0.136719 0.140625 0.113281 0.136719 0.109375
0 0 0.257812 0 0.28125 0.00390625 0.28125 0.0117188 0.273438 0.0117188 0.269531 0.0078125 0.265625 0.0078125 0.261719 0.00390625 0.257812
0 0.550781 0.695312 0.542969 0.703125 0.542969 0.726562 0.546875 0.730469 0.550781 0.730469 0.554688 0.734375 0.5625 0.734375 0.566406 0.730469 0.570312 0.730469 0.574219 0.726562 0.574219 0.722656 0.578125 0.71875 0.578125 0.714844 0.574219 0.710938 0.574219 0.707031 0.566406 0.699219 0.5625 0.699219 0.558594 0.695312
0 0.335938 0.449219 0.332031 0.453125 0.328125 0.453125 0.324219 0.457031 0.324219 0.476562 0.328125 0.480469 0.328125 0.484375 0.339844 0.496094 0.351562 0.496094 0.363281 0.484375 0.363281 0.480469 0.371094 0.472656 0.371094 0.464844 0.367188 0.460938 0.367188 0.457031 0.359375 0.449219
0 0.324219 0.242188 0.320312 0.246094 0.320312 0.253906 0.324219 0.257812 0.324219 0.261719 0.328125 0.265625 0.332031 0.265625 0.335938 0.269531 0.355469 0.269531 0.359375 0.265625 0.359375 0.257812 0.351562 0.25 0.347656 0.25 0.34375 0.246094 0.339844 0.246094 0.335938 0.242188
0 0.191406 0.804688 0.191406 0.808594 0.1875 0.8125 0.1875 0.820312 0.210938 0.820312 0.21875 0.8125 0.210938 0.804688
0 0.0234375 0.78125 0.0195312 0.785156 0.0195312 0.792969 0.0234375 0.796875 0.03125 0.796875 0.0351562 0.792969 0.0351562 0.785156 0.03125 0.78125
0 0.515625 0.261719 0.515625 0.265625 0.511719 0.269531 0.511719 0.285156 0.519531 0.292969 0.539062 0.292969 0.542969 0.289062 0.546875 0.289062 0.546875 0.273438 0.535156 0.261719
0 0.214844 0.480469 0.203125 0.492188 0.203125 0.515625 0.207031 0.515625 0.210938 0.519531 0.230469 0.519531 0.238281 0.511719 0.238281 0.492188 0.234375 0.492188 0.230469 0.488281 0.230469 0.484375 0.226562 0.480469 0.222656 0.484375 0.21875 0.480469
0 0.078125 0.242188 0.0664062 0.253906 0.0664062 0.265625 0.0859375 0.265625 0.0898438 0.261719 0.09375 0.261719 0.09375 0.257812 0.0976562 0.253906 0.0976562 0.242188
0 0.515625 0.0664062 0.515625 0.0703125 0.503906 0.0820312 0.503906 0.0859375 0.5 0.0898438 0.5 0.09375 0.503906 0.0976562 0.503906 0.105469 0.507812 0.109375 0.511719 0.109375 0.515625 0.105469 0.519531 0.105469 0.53125 0.09375 0.53125 0.0664062
0 0 0.402344 0 0.445312 0.00390625 0.441406 0.0078125 0.441406 0.0078125 0.4375 0.0117188 0.433594 0.0117188 0.410156 0.00390625 0.402344
0 0.277344 0.652344 0.273438 0.65625 0.273438 0.679688 0.28125 0.6875 0.289062 0.6875 0.292969 0.683594 0.296875 0.683594 0.296875 0.667969 0.300781 0.664062 0.296875 0.660156 0.296875 0.65625 0.292969 0.65625 0.289062 0.652344
0 0.601562 0.496094 0.597656 0.5 0.597656 0.507812 0.601562 0.511719 0.609375 0.511719 0.613281 0.507812 0.613281 0.5 0.609375 0.496094
0 0.351562 0.0820312 0.34375 0.0898438 0.34375 0.113281 0.351562 0.121094 0.367188 0.121094 0.371094 0.117188 0.371094 0.09375 0.367188 0.0898438 0.367188 0.0859375 0.363281 0.0820312
0 0.0507812 0.316406 0.046875 0.320312 0.0429688 0.320312 0.0390625 0.324219 0.0390625 0.339844 0.046875 0.339844 0.0546875 0.332031 0.0546875 0.328125 0.0585938 0.324219
0 0.394531 0.00390625 0.382812 0.015625 0.386719 0.0195312 0.382812 0.0234375 0.382812 0.0390625 0.390625 0.0390625 0.394531 0.0351562 0.398438 0.0351562 0.398438 0.03125 0.402344 0.0273438 0.410156 0.0273438 0.417969 0.0195312 0.421875 0.0195312 0.421875 0.0078125 0.40625 0.0078125 0.402344 0.00390625
0 0.574219 0.257812 0.566406 0.265625 0.566406 0.277344 0.570312 0.28125 0.570312 0.285156 0.574219 0.289062 0.582031 0.289062 0.585938 0.285156 0.597656 0.285156 0.597656 0.269531 0.59375 0.265625 0.59375 0.261719 0.589844 0.261719 0.585938 0.257812
0 0.539062 0.300781 0.53125 0.308594 0.53125 0.332031 0.539062 0.339844 0.558594 0.339844 0.566406 0.332031 0.566406 0.324219 0.5625 0.320312 0.5625 0.316406 0.558594 0.3125 0.558594 0.308594 0.550781 0.300781
0 0.191406 0.960938 0.1875 0.964844 0.1875 0.984375 0.191406 0.988281 0.199219 0.988281 0.203125 0.984375 0.203125 0.964844 0.199219 0.960938
0 0.722656 0 0.722656 0.00390625 0.726562 0.0078125 0.726562 0.0117188 0.730469 0.015625 0.734375 0.015625 0.738281 0.0195312 0.742188 0.0195312 0.746094 0.015625 0.75 0.015625 0.753906 0.0117188 0.753906 0.0078125 0.757812 0.00390625 0.757812 0
0 0.496094 0.691406 0.488281 0.699219 0.488281 0.707031 0.484375 0.710938 0.484375 0.726562 0.488281 0.730469 0.492188 0.730469 0.496094 0.734375 0.503906 0.734375 0.511719 0.726562 0.511719 0.722656 0.515625 0.71875 0.515625 0.707031 0.511719 0.703125 0.511719 0.699219 0.503906 0.691406
0 0.136719 0.632812 0.125 0.644531 0.125 0.648438 0.121094 0.652344 0.121094 0.667969 0.125 0.667969 0.128906 0.671875 0.144531 0.671875 0.152344 0.664062 0.152344 0.636719 0.148438 0.632812
0 0.582031 0.175781 0.578125 0.179688 0.578125 0.1875 0.574219 0.191406 0.574219 0.214844 0.578125 0.214844 0.582031 0.21875 0.59375 0.21875 0.597656 0.214844 0.597656 0.191406 0.59375 0.1875 0.59375 0.179688 0.589844 0.179688 0.585938 0.175781
0 0.171875 0.96875 0.167969 0.972656 0.164062 0.972656 0.160156 0.976562 0.160156 0.992188 0.164062 0.996094 0.191406 0.996094 0.195312 0.992188 0.191406 0.992188 0.183594 0.984375 0.183594 0.96875
0 0.328125 0.769531 0.324219 0.773438 0.320312 0.773438 0.3125 0.78125 0.3125 0.804688 0.316406 0.808594 0.335938 0.808594 0.34375 0.800781 0.34375 0.78125 0.339844 0.777344 0.339844 0.773438 0.332031 0.773438
0 0.585938 0.289062 0.582031 0.292969 0.574219 0.292969 0.566406 0.300781 0.566406 0.320312 0.578125 0.332031 0.589844 0.332031 0.59375 0.335938 0.613281 0.335938 0.621094 0.328125 0.621094 0.3125 0.617188 0.308594 0.613281 0.308594 0.609375 0.304688 0.605469 0.304688 0.601562 0.300781 0.601562 0.292969 0.597656 0.289062
0 0.953125 0.460938 0.949219 0.464844 0.949219 0.476562 0.957031 0.484375 0.96875 0.484375 0.972656 0.480469 0.976562 0.480469 0.976562 0.476562 0.980469 0.472656 0.976562 0.46875 0.976562 0.464844 0.972656 0.460938
0 0.46875 0.960938 0.464844 0.964844 0.464844 0.972656 0.46875 0.976562 0.476562 0.976562 0.480469 0.972656 0.480469 0.964844 0.476562 0.960938
0 0.4375 0.976562 0.433594 0.980469 0.433594 0.988281 0.4375 0.992188 0.445312 0.992188 0.449219 0.988281 0.449219 0.980469 0.445312 0.976562
0 0.355469 0.355469 0.34375 0.367188 0.34375 0.386719 0.347656 0.390625 0.363281 0.390625 0.367188 0.386719 0.367188 0.359375 0.363281 0.355469
0 0.472656 0.292969 0.464844 0.300781 0.464844 0.335938 0.472656 0.34375 0.484375 0.34375 0.488281 0.339844 0.488281 0.332031 0.480469 0.332031 0.472656 0.324219 0.472656 0.316406 0.480469 0.308594 0.488281 0.308594 0.488281 0.300781 0.480469 0.292969
0 0.0078125 0.820312 0.00390625 0.824219 0 0.824219 0 0.859375 0.015625 0.859375 0.03125 0.84375 0.03125 0.828125 0.0234375 0.820312
0 0.890625 0.492188 0.886719 0.496094 0.886719 0.503906 0.890625 0.507812 0.894531 0.507812 0.898438 0.511719 0.910156 0.511719 0.914062 0.507812 0.914062 0.5 0.90625 0.492188
0 0.269531 0.375 0.261719 0.382812 0.261719 0.402344 0.265625 0.40625 0.285156 0.40625 0.285156 0.402344 0.296875 0.390625 0.296875 0.382812 0.292969 0.378906 0.289062 0.378906 0.285156 0.375
0 0.0625 0 0.0585938 0.00390625 0.0585938 0.015625 0.0703125 0.0273438 0.0976562 0.0273438 0.105469 0.0195312 0.105469 0.015625 0.109375 0.0117188 0.109375 0.00390625 0.105469 0
0 0.660156 0.117188 0.648438 0.128906 0.648438 0.136719 0.652344 0.140625 0.652344 0.144531 0.65625 0.144531 0.667969 0.15625 0.664062 0.160156 0.667969 0.164062 0.667969 0.179688 0.660156 0.1875 0.660156 0.199219 0.664062 0.203125 0.6875 0.203125 0.695312 0.195312 0.695312 0.164062 0.691406 0.160156 0.6875 0.160156 0.679688 0.152344 0.6875 0.144531 0.6875 0.128906 0.679688 0.121094 0.675781 0.121094 0.671875 0.117188
0 0.890625 0.457031 0.882812 0.464844 0.882812 0.46875 0.878906 0.472656 0.878906 0.480469 0.882812 0.484375 0.890625 0.484375 0.902344 0.472656 0.902344 0.460938 0.898438 0.457031
0 0.511719 0.65625 0.507812 0.660156 0.507812 0.667969 0.511719 0.671875 0.511719 0.675781 0.515625 0.679688 0.519531 0.675781 0.523438 0.679688 0.523438 0.6875 0.535156 0.6875 0.535156 0.671875 0.53125 0.667969 0.53125 0.664062 0.523438 0.65625
0 0.320312 0.03125 0.316406 0.0351562 0.316406 0.0390625 0.3125 0.0429688 0.3125 0.0625 0.316406 0.0664062 0.320312 0.0664062 0.324219 0.0625 0.328125 0.0625 0.332031 0.0585938 0.335938 0.0585938 0.339844 0.0546875 0.339844 0.0351562 0.335938 0.03125
0 0.753906 0.382812 0.75 0.386719 0.742188 0.386719 0.738281 0.390625 0.738281 0.394531 0.734375 0.398438 0.734375 0.414062 0.742188 0.421875 0.757812 0.421875 0.769531 0.410156 0.769531 0.394531 0.761719 0.386719 0.757812 0.386719
0 0.308594 0.433594 0.296875 0.445312 0.296875 0.476562 0.300781 0.480469 0.3125 0.480469 0.316406 0.476562 0.320312 0.476562 0.320312 0.457031 0.328125 0.449219 0.328125 0.4375 0.324219 0.433594
0 0.21875 0.828125 0.214844 0.832031 0.210938 0.832031 0.210938 0.84375 0.21875 0.851562 0.242188 0.851562 0.242188 0.839844 0.234375 0.832031 0.234375 0.828125
0 0 0.929688 0 0.964844 0.0117188 0.964844 0.015625 0.960938 0.0234375 0.960938 0.0234375 0.953125 0.0195312 0.949219 0.0195312 0.945312 0.00390625 0.929688
0 0.820312 0.480469 0.808594 0.492188 0.808594 0.511719 0.8125 0.515625 0.824219 0.515625 0.828125 0.511719 0.832031 0.511719 0.835938 0.507812 0.835938 0.503906 0.839844 0.5 0.839844 0.488281 0.832031 0.480469
0 0.9375 0.183594 0.929688 0.191406 0.929688 0.195312 0.925781 0.199219 0.925781 0.207031 0.929688 0.210938 0.929688 0.21875 0.9375 0.226562 0.957031 0.226562 0.957031 0.222656 0.960938 0.21875 0.960938 0.199219 0.945312 0.183594
0 0.402344 0.0507812 0.398438 0.0546875 0.398438 0.0585938 0.394531 0.0625 0.394531 0.078125 0.398438 0.0820312 0.398438 0.0859375 0.410156 0.0859375 0.417969 0.078125 0.417969 0.0703125 0.421875 0.0664062 0.421875 0.0546875 0.417969 0.0507812
0 0.4375 0.3125 0.433594 0.316406 0.433594 0.34375 0.4375 0.347656 0.457031 0.347656 0.460938 0.34375 0.460938 0.316406 0.457031 0.3125
0 0.671875 0.578125 0.667969 0.582031 0.667969 0.601562 0.671875 0.605469 0.679688 0.605469 0.683594 0.601562 0.6875 0.605469 0.707031 0.605469 0.710938 0.601562 0.710938 0.589844 0.699219 0.578125
0 0.1875 0.25 0.179688 0.257812 0.179688 0.28125 0.191406 0.292969 0.199219 0.292969 0.203125 0.289062 0.207031 0.289062 0.207031 0.277344 0.210938 0.273438 0.210938 0.265625 0.207031 0.261719 0.207031 0.257812 0.203125 0.253906 0.199219 0.253906 0.195312 0.25
0 0.640625 0.488281 0.632812 0.496094 0.632812 0.5 0.628906 0.503906 0.628906 0.507812 0.632812 0.511719 0.644531 0.511719 0.648438 0.515625 0.664062 0.515625 0.667969 0.511719 0.667969 0.5 0.664062 0.496094 0.664062 0.492188 0.660156 0.492188 0.65625 0.488281
0 0.878906 0.0195312 0.875 0.0234375 0.871094 0.0234375 0.871094 0.03125 0.867188 0.0351562 0.867188 0.0390625 0.871094 0.0429688 0.871094 0.046875 0.875 0.0507812 0.882812 0.0429688 0.90625 0.0429688 0.910156 0.046875 0.914062 0.046875 0.917969 0.0429688 0.917969 0.03125 0.914062 0.03125 0.910156 0.0273438 0.910156 0.0234375 0.90625 0.0234375 0.902344 0.0195312
0 0.730469 0.0546875 0.726562 0.0585938 0.71875 0.0585938 0.714844 0.0625 0.714844 0.078125 0.722656 0.0859375 0.726562 0.0859375 0.730469 0.0898438 0.742188 0.0898438 0.746094 0.0859375 0.75 0.0859375 0.753906 0.0820312 0.753906 0.0664062 0.746094 0.0585938 0.734375 0.0585938
0 0.289062 0.277344 0.28125 0.285156 0.28125 0.304688 0.285156 0.308594 0.285156 0.3125 0.289062 0.3125 0.292969 0.316406 0.296875 0.316406 0.304688 0.308594 0.308594 0.308594 0.308594 0.292969 0.304688 0.289062 0.304688 0.285156 0.296875 0.277344
0 0.511719 0.484375 0.503906 0.492188 0.503906 0.507812 0.511719 0.515625 0.515625 0.515625 0.519531 0.519531 0.519531 0.515625 0.523438 0.511719 0.527344 0.511719 0.53125 0.507812 0.539062 0.507812 0.539062 0.492188 0.53125 0.484375
0 0 0.625 0 0.660156 0.0078125 0.660156 0.0078125 0.652344 0.0117188 0.648438 0.0117188 0.636719 0.00390625 0.628906 0.00390625 0.625
0 0.421875 0.878906 0.414062 0.886719 0.414062 0.898438 0.417969 0.902344 0.417969 0.90625 0.429688 0.90625 0.433594 0.902344 0.433594 0.882812 0.429688 0.882812 0.425781 0.878906
0 0.0117188 0.308594 0.0078125 0.3125 0.0078125 0.335938 0.0117188 0.335938 0.015625 0.339844 0.015625 0.335938 0.0195312 0.332031 0.0195312 0.3125 0.015625 0.308594
0 0.703125 0.464844 0.699219 0.46875 0.695312 0.46875 0.6875 0.476562 0.6875 0.492188 0.699219 0.492188 0.703125 0.496094 0.710938 0.496094 0.714844 0.492188 0.71875 0.492188 0.726562 0.484375 0.730469 0.484375 0.730469 0.476562 0.71875 0.464844
0 0.527344 0.515625 0.519531 0.523438 0.515625 0.523438 0.511719 0.527344 0.511719 0.542969 0.519531 0.550781 0.546875 0.550781 0.550781 0.546875 0.554688 0.546875 0.558594 0.542969 0.558594 0.53125 0.546875 0.519531 0.542969 0.519531 0.539062 0.515625
0 0.90625 0.472656 0.890625 0.488281 0.882812 0.488281 0.878906 0.484375 0.875 0.484375 0.875 0.492188 0.878906 0.496094 0.882812 0.496094 0.894531 0.484375 0.898438 0.488281 0.90625 0.488281 0.910156 0.484375 0.910156 0.476562
0 0.820312 0.09375 0.816406 0.0976562 0.8125 0.0976562 0.808594 0.101562 0.804688 0.101562 0.800781 0.105469 0.800781 0.109375 0.796875 0.113281 0.796875 0.125 0.804688 0.132812 0.824219 0.132812 0.828125 0.136719 0.832031 0.132812 0.839844 0.132812 0.847656 0.125 0.847656 0.105469 0.835938 0.09375
0 0.00390625 0.726562 0 0.730469 0 0.769531 0.00390625 0.773438 0.015625 0.773438 0.0195312 0.769531 0.0195312 0.75 0.015625 0.746094 0.015625 0.734375 0.0117188 0.730469 0.0078125 0.730469
0 0.882812 0.046875 0.878906 0.0507812 0.878906 0.0585938 0.882812 0.0625 0.90625 0.0625 0.910156 0.0585938 0.910156 0.0507812 0.90625 0.046875
0 0.171875 0.148438 0.164062 0.15625 0.164062 0.164062 0.160156 0.167969 0.160156 0.171875 0.164062 0.175781 0.164062 0.179688 0.167969 0.183594 0.179688 0.183594 0.179688 0.179688 0.183594 0.175781 0.183594 0.160156 0.179688 0.15625 0.179688 0.152344 0.175781 0.152344
0 0.582031 0.414062 0.578125 0.417969 0.570312 0.417969 0.566406 0.421875 0.566406 0.433594 0.589844 0.457031 0.601562 0.457031 0.605469 0.453125 0.609375 0.453125 0.613281 0.449219 0.613281 0.4375 0.609375 0.433594 0.609375 0.429688 0.605469 0.425781 0.605469 0.421875 0.597656 0.414062
0 0.695312 0.792969 0.683594 0.804688 0.683594 0.820312 0.691406 0.828125 0.699219 0.828125 0.703125 0.832031 0.71875 0.832031 0.726562 0.824219 0.726562 0.800781 0.71875 0.792969
0 0.480469 0.3125 0.476562 0.316406 0.476562 0.324219 0.480469 0.328125 0.488281 0.328125 0.492188 0.324219 0.492188 0.316406 0.488281 0.3125
0 0.0273438 0.117188 0.0273438 0.121094 0.0234375 0.125 0.0234375 0.152344 0.0273438 0.148438 0.03125 0.152344 0.0507812 0.152344 0.0507812 0.140625 0.046875 0.136719 0.046875 0.121094 0.0429688 0.117188
0 0.179688 0.390625 0.171875 0.398438 0.171875 0.414062 0.175781 0.417969 0.1875 0.417969 0.191406 0.414062 0.199219 0.414062 0.203125 0.410156 0.207031 0.410156 0.207031 0.398438 0.203125 0.394531 0.199219 0.394531 0.195312 0.390625
