0 0.621094 0.03125 0.617188 0.0351562 0.617188 0.0429688 0.621094 0.046875 0.628906 0.046875 0.636719 0.0390625 0.636719 0.0351562 0.632812 0.03125
0 0.789062 0.261719 0.78125 0.269531 0.78125 0.300781 0.785156 0.304688 0.785156 0.308594 0.792969 0.316406 0.820312 0.316406 0.824219 0.3125 0.824219 0.296875 0.828125 0.292969 0.828125 0.269531 0.824219 0.265625 0.820312 0.265625 0.816406 0.261719
0 0.445312 0.925781 0.441406 0.929688 0.433594 0.929688 0.429688 0.933594 0.425781 0.933594 0.421875 0.9375 0.421875 0.945312 0.417969 0.949219 0.417969 0.953125 0.421875 0.957031 0.421875 0.964844 0.429688 0.972656 0.433594 0.972656 0.4375 0.976562 0.449219 0.976562 0.453125 0.972656 0.457031 0.972656 0.464844 0.964844 0.464844 0.953125 0.46875 0.949219 0.46875 0.945312 0.464844 0.941406 0.464844 0.9375 0.457031 0.929688 0.453125 0.929688 0.449219 0.925781
0 0.636719 0.0429688 0.632812 0.046875 0.632812 0.0546875 0.636719 0.0585938 0.644531 0.0585938 0.648438 0.0546875 0.648438 0.046875 0.644531 0.0429688
0 0.289062 0.0390625 0.285156 0.0429688 0.285156 0.0585938 0.304688 0.078125 0.320312 0.078125 0.328125 0.0703125 0.332031 0.0703125 0.335938 0.0664062 0.335938 0.0585938 0.324219 0.046875 0.320312 0.046875 0.316406 0.0429688 0.308594 0.0429688 0.304688 0.0390625
0 0.425781 0.222656 0.417969 0.230469 0.417969 0.246094 0.425781 0.253906 0.429688 0.253906 0.433594 0.257812 0.457031 0.257812 0.457031 0.253906 0.460938 0.25 0.460938 0.234375 0.457031 0.230469 0.449219 0.230469 0.445312 0.226562 0.433594 0.226562 0.429688 0.222656
0 0.460938 0.847656 0.457031 0.851562 0.453125 0.851562 0.449219 0.855469 0.449219 0.863281 0.453125 0.867188 0.457031 0.867188 0.460938 0.871094 0.472656 0.871094 0.476562 0.867188 0.476562 0.851562 0.472656 0.847656
0 0.65625 0.03125 0.652344 0.0351562 0.652344 0.0390625 0.648438 0.0429688 0.652344 0.046875 0.652344 0.0546875 0.660156 0.0546875 0.667969 0.046875 0.667969 0.0351562 0.660156 0.0351562
0 0.636719 0.015625 0.632812 0.0195312 0.632812 0.0273438 0.636719 0.03125 0.644531 0.03125 0.648438 0.0273438 0.648438 0.0195312 0.644531 0.015625
0 0 0.613281 0 0.667969 0.0078125 0.667969 0.0117188 0.664062 0.0117188 0.652344 0.015625 0.648438 0.0273438 0.648438 0.03125 0.644531 0.03125 0.617188 0.0273438 0.613281 0.0117188 0.613281 0.0078125 0.617188 0.00390625 0.613281
0 0.65625 0.0117188 0.652344 0.015625 0.652344 0.0234375 0.660156 0.03125 0.667969 0.03125 0.671875 0.0273438 0.671875 0.015625 0.667969 0.0117188
0 0.644531 0.0625 0.636719 0.0703125 0.636719 0.0898438 0.640625 0.09375 0.664062 0.09375 0.667969 0.0898438 0.667969 0.0703125 0.660156 0.0625
0 0.0820312 0.503906 0.078125 0.507812 0.0742188 0.507812 0.0664062 0.515625 0.0664062 0.535156 0.0703125 0.539062 0.0742188 0.539062 0.078125 0.542969 0.101562 0.542969 0.105469 0.539062 0.105469 0.519531 0.101562 0.515625 0.101562 0.511719 0.09375 0.503906
0 0.453125 0.773438 0.445312 0.78125 0.445312 0.789062 0.449219 0.792969 0.449219 0.796875 0.453125 0.800781 0.460938 0.800781 0.464844 0.796875 0.472656 0.796875 0.472656 0.792969 0.476562 0.789062 0.476562 0.78125 0.472656 0.777344 0.464844 0.777344 0.460938 0.773438
0 0.363281 0.136719 0.355469 0.144531 0.355469 0.148438 0.351562 0.152344 0.351562 0.164062 0.359375 0.171875 0.386719 0.171875 0.394531 0.164062 0.394531 0.148438 0.386719 0.140625 0.382812 0.140625 0.378906 0.136719
0 0.679688 0.0507812 0.675781 0.0546875 0.675781 0.0625 0.671875 0.0664062 0.671875 0.0742188 0.675781 0.078125 0.691406 0.078125 0.699219 0.0703125 0.699219 0.0585938 0.691406 0.0507812
0 0.00390625 0.582031 0 0.585938 0 0.601562 0.00390625 0.605469 0.0234375 0.605469 0.0273438 0.601562 0.0273438 0.589844 0.0195312 0.582031
0 0.546875 0 0.546875 0.0078125 0.554688 0.015625 0.578125 0.015625 0.582031 0.0117188 0.582031 0
0 0.320312 0 0.316406 0.00390625 0.316406 0.03125 0.320312 0.0351562 0.320312 0.0390625 0.328125 0.046875 0.34375 0.046875 0.347656 0.0429688 0.347656 0.03125 0.351562 0.0273438 0.351562 0.0195312 0.332031 0
0 0.410156 0.816406 0.40625 0.820312 0.398438 0.820312 0.394531 0.824219 0.394531 0.835938 0.398438 0.839844 0.398438 0.84375 0.410156 0.84375 0.410156 0.835938 0.414062 0.832031 0.414062 0.820312
