0 0.132075 0.610282 0.131289 0.61194 0.129717 0.61194 0.128931 0.613599 0.128145 0.613599 0.126572 0.616915 0.127358 0.618574 0.126572 0.620232 0.126572 0.630182 0.127358 0.628524 0.131289 0.636816 0.13522 0.636816 0.136006 0.635158 0.137579 0.635158 0.137579 0.631841 0.138365 0.630182 0.139937 0.630182 0.139151 0.628524 0.139937 0.626866 0.139937 0.623549 0.139151 0.621891 0.139151 0.620232 0.138365 0.620232 0.137579 0.618574 0.137579 0.616915 0.136792 0.615257 0.136792 0.613599 0.136006 0.61194 0.134434 0.61194 0.133648 0.610282
0 0.27673 0.686567 0.27673 0.689884 0.275943 0.691542 0.275943 0.693201 0.27673 0.693201 0.278302 0.696517 0.278302 0.698176 0.279088 0.699834 0.28066 0.699834 0.281447 0.701493 0.282233 0.701493 0.283019 0.703151 0.283805 0.703151 0.284591 0.701493 0.284591 0.694859 0.282233 0.689884 0.281447 0.689884 0.279874 0.686567 0.278302 0.686567 0.277516 0.688226
0 0.355346 0.678275 0.35456 0.679934 0.35456 0.684909 0.356132 0.688226 0.356918 0.688226 0.357704 0.689884 0.361635 0.689884 0.362421 0.688226 0.362421 0.686567 0.359277 0.679934 0.359277 0.678275
0 0.467767 0.628524 0.466195 0.631841 0.465409 0.631841 0.465409 0.633499 0.464623 0.635158 0.463836 0.635158 0.46305 0.636816 0.462264 0.636816 0.461478 0.638474 0.461478 0.640133 0.460692 0.641791 0.460692 0.650083 0.461478 0.651741 0.462264 0.651741 0.46305 0.6534 0.463836 0.651741 0.464623 0.651741 0.465409 0.650083 0.467767 0.650083 0.468553 0.648425 0.468553 0.646766 0.470912 0.641791 0.470912 0.638474 0.471698 0.636816 0.471698 0.633499 0.46934 0.628524
0 0.419025 0.633499 0.419025 0.645108 0.420597 0.648425 0.421384 0.648425 0.42217 0.650083 0.42217 0.651741 0.422956 0.6534 0.423742 0.651741 0.424528 0.6534 0.425314 0.6534 0.425314 0.650083 0.426887 0.646766 0.426887 0.636816 0.426101 0.635158 0.422956 0.635158 0.42217 0.633499
0 0.511792 0.626866 0.511006 0.628524 0.51022 0.628524 0.509434 0.630182 0.509434 0.631841 0.508648 0.633499 0.508648 0.638474 0.507862 0.640133 0.507862 0.641791 0.509434 0.645108 0.51022 0.645108 0.511006 0.643449 0.512579 0.643449 0.514151 0.640133 0.514151 0.633499 0.513365 0.631841 0.513365 0.630182 0.512579 0.630182 0.511792 0.628524
0 0.165881 0.467662 0.165094 0.46932 0.164308 0.46932 0.164308 0.472637 0.163522 0.474295 0.163522 0.484245 0.164308 0.485904 0.165881 0.485904 0.166667 0.487562 0.172956 0.487562 0.173742 0.485904 0.173742 0.477612 0.17217 0.474295 0.17217 0.472637 0.171384 0.472637 0.169811 0.46932 0.168239 0.46932 0.167453 0.467662
0 0.220126 0.668325 0.21934 0.669983 0.217767 0.669983 0.216981 0.671642 0.216195 0.671642 0.214623 0.674959 0.214623 0.676617 0.213836 0.678275 0.213836 0.679934 0.215409 0.68325 0.220912 0.68325 0.222484 0.679934 0.222484 0.671642 0.220912 0.668325
0 0.397013 0.46932 0.396226 0.470978 0.39544 0.470978 0.39544 0.472637 0.400157 0.482587 0.403302 0.482587 0.40566 0.477612 0.406447 0.477612 0.407233 0.475954 0.407233 0.46932 0.399371 0.46932 0.398585 0.470978 0.397799 0.46932
0 0.384434 0.427861 0.384434 0.429519 0.383648 0.431177 0.383648 0.432836 0.381289 0.437811 0.381289 0.444444 0.382862 0.447761 0.389151 0.447761 0.389151 0.432836 0.388365 0.431177 0.388365 0.429519 0.387579 0.429519 0.386792 0.427861
0 0.216195 0.437811 0.215409 0.439469 0.212264 0.439469 0.211478 0.441128 0.211478 0.442786 0.209906 0.446103 0.209906 0.457711 0.211478 0.461028 0.211478 0.462687 0.212264 0.464345 0.217767 0.464345 0.220126 0.45937 0.220912 0.45937 0.221698 0.457711 0.222484 0.457711 0.222484 0.456053 0.22327 0.454395 0.22327 0.446103 0.220126 0.439469 0.217767 0.439469 0.216981 0.437811
0 0.305031 0.759536 0.304245 0.761194 0.304245 0.762852 0.303459 0.764511 0.303459 0.777778 0.305031 0.781095 0.308962 0.781095 0.309748 0.779436 0.309748 0.776119 0.310535 0.774461 0.310535 0.766169 0.309748 0.764511 0.309748 0.762852 0.308176 0.759536
0 0.268868 0.470978 0.268868 0.472637 0.266509 0.477612 0.266509 0.485904 0.267296 0.487562 0.271226 0.487562 0.272013 0.485904 0.272799 0.485904 0.272799 0.484245 0.273585 0.482587 0.273585 0.475954 0.271226 0.470978
0 0.450472 0.512438 0.448899 0.515755 0.448899 0.517413 0.448113 0.519071 0.448113 0.52073 0.447327 0.522388 0.447327 0.53068 0.448899 0.533997 0.449686 0.533997 0.450472 0.535655 0.453616 0.535655 0.455975 0.53068 0.455975 0.529022 0.456761 0.527363 0.455975 0.525705 0.455975 0.524046 0.455189 0.522388 0.455189 0.52073 0.454403 0.519071 0.454403 0.517413 0.453616 0.515755 0.45283 0.515755 0.452044 0.514096 0.451258 0.514096
0 0.296384 0.694859 0.294811 0.698176 0.294025 0.698176 0.294025 0.699834 0.292453 0.703151 0.292453 0.709784 0.293239 0.709784 0.294025 0.708126 0.294811 0.708126 0.295597 0.709784 0.29717 0.709784 0.297956 0.711443 0.303459 0.711443 0.303459 0.709784 0.305031 0.706468 0.305031 0.696517 0.304245 0.694859
0 0.131289 0.55058 0.131289 0.552239 0.129717 0.555556 0.129717 0.560531 0.130503 0.562189 0.130503 0.563847 0.132075 0.567164 0.132075 0.568823 0.132862 0.568823 0.133648 0.570481 0.134434 0.570481 0.13522 0.572139 0.136006 0.572139 0.136792 0.573798 0.143082 0.573798 0.14544 0.568823 0.14544 0.563847 0.143082 0.558872 0.143082 0.557214 0.142296 0.557214 0.140723 0.553897 0.139937 0.553897 0.139151 0.552239 0.138365 0.552239 0.137579 0.55058
0 0.301101 0.379768 0.301101 0.396352 0.301887 0.39801 0.305818 0.39801 0.306604 0.396352 0.306604 0.38806 0.305818 0.386401 0.305818 0.384743 0.304245 0.381426 0.303459 0.381426 0.302673 0.379768
0 0.323113 0.739635 0.322327 0.741294 0.322327 0.759536 0.323899 0.762852 0.323899 0.764511 0.326258 0.764511 0.32783 0.761194 0.328616 0.761194 0.328616 0.759536 0.329403 0.757877 0.329403 0.749585 0.328616 0.747927 0.328616 0.746269 0.327044 0.742952 0.327044 0.741294 0.326258 0.739635
0 0.444969 0.482587 0.444182 0.484245 0.443396 0.484245 0.441038 0.489221 0.440252 0.489221 0.440252 0.492537 0.441038 0.494196 0.441038 0.495854 0.444182 0.502488 0.444969 0.502488 0.445755 0.504146 0.449686 0.504146 0.451258 0.500829 0.451258 0.492537 0.450472 0.490879 0.450472 0.489221 0.449686 0.487562 0.449686 0.484245 0.448899 0.484245 0.448113 0.482587
0 0.20283 0.688226 0.201258 0.691542 0.200472 0.691542 0.198899 0.694859 0.198113 0.694859 0.197327 0.696517 0.197327 0.703151 0.198113 0.704809 0.198113 0.706468 0.198899 0.708126 0.20283 0.708126 0.203616 0.706468 0.204403 0.706468 0.204403 0.704809 0.206761 0.699834 0.206761 0.696517 0.207547 0.694859 0.207547 0.693201 0.205189 0.688226
0 0.470912 0.402985 0.470126 0.404643 0.46934 0.404643 0.468553 0.406302 0.467767 0.406302 0.467767 0.40796 0.466981 0.409619 0.466981 0.41791 0.471698 0.41791 0.474057 0.412935 0.474057 0.402985
0 0.207547 0.424544 0.206761 0.426202 0.205975 0.426202 0.20283 0.432836 0.20283 0.439469 0.204403 0.442786 0.206761 0.442786 0.207547 0.444444 0.209906 0.444444 0.210692 0.442786 0.210692 0.441128 0.212264 0.437811 0.21305 0.437811 0.21305 0.431177 0.212264 0.429519 0.212264 0.427861 0.211478 0.426202 0.210692 0.426202 0.209906 0.424544
0 0.150943 0.538972 0.150157 0.54063 0.149371 0.54063 0.149371 0.542289 0.147799 0.545605 0.147799 0.55058 0.147013 0.552239 0.147799 0.553897 0.147799 0.557214 0.148585 0.557214 0.149371 0.558872 0.149371 0.560531 0.15173 0.560531 0.152516 0.562189 0.158805 0.562189 0.158805 0.560531 0.159591 0.558872 0.160377 0.558872 0.160377 0.557214 0.161164 0.555556 0.161164 0.55058 0.160377 0.548922 0.160377 0.547264 0.159591 0.545605 0.158805 0.545605 0.158019 0.543947 0.157233 0.543947 0.15566 0.54063 0.154874 0.54063 0.154088 0.538972
0 0.137579 0.679934 0.136792 0.681592 0.136006 0.681592 0.13522 0.68325 0.13522 0.684909 0.134434 0.686567 0.134434 0.696517 0.13522 0.698176 0.136006 0.698176 0.136792 0.699834 0.140723 0.699834 0.142296 0.696517 0.142296 0.694859 0.143082 0.693201 0.143082 0.691542 0.143868 0.689884 0.143868 0.686567 0.142296 0.68325 0.142296 0.681592 0.141509 0.681592 0.140723 0.679934
0 0.34827 0.779436 0.347484 0.781095 0.347484 0.782753 0.34827 0.784411 0.34827 0.787728 0.349057 0.789386 0.350629 0.789386 0.351415 0.787728 0.351415 0.782753 0.349843 0.779436
0 0.414308 0.364842 0.414308 0.368159 0.412736 0.371476 0.412736 0.378109 0.413522 0.379768 0.413522 0.381426 0.414308 0.383085 0.417453 0.383085 0.417453 0.381426 0.418239 0.379768 0.418239 0.371476 0.415094 0.364842
0 0.249214 0.46932 0.249214 0.474295 0.25 0.475954 0.250786 0.475954 0.252358 0.47927 0.253145 0.47927 0.253931 0.480929 0.257075 0.480929 0.257075 0.474295 0.255503 0.470978 0.256289 0.46932
0 0.315252 0.422886 0.315252 0.432836 0.316038 0.434494 0.316038 0.436153 0.31761 0.439469 0.318396 0.439469 0.319969 0.442786 0.320755 0.442786 0.321541 0.444444 0.323899 0.444444 0.324686 0.442786 0.325472 0.442786 0.326258 0.441128 0.326258 0.434494 0.325472 0.432836 0.325472 0.431177 0.323113 0.426202 0.320755 0.426202 0.319969 0.424544 0.318396 0.424544 0.31761 0.422886
0 0.414308 0.44942 0.413522 0.451078 0.412736 0.451078 0.412736 0.452736 0.41195 0.454395 0.411164 0.454395 0.411164 0.45937 0.41195 0.461028 0.41195 0.464345 0.415094 0.464345 0.415881 0.462687 0.415881 0.45937 0.416667 0.457711 0.415881 0.456053 0.417453 0.452736 0.415881 0.44942
0 0.524371 0.444444 0.522013 0.44942 0.522013 0.452736 0.523585 0.456053 0.527516 0.456053 0.528302 0.454395 0.528302 0.44942 0.525943 0.444444
0 0.421384 0.558872 0.421384 0.560531 0.420597 0.562189 0.419811 0.562189 0.418239 0.565506 0.418239 0.570481 0.419025 0.572139 0.419025 0.573798 0.419811 0.575456 0.420597 0.575456 0.421384 0.577114 0.424528 0.577114 0.424528 0.575456 0.425314 0.573798 0.425314 0.565506 0.42217 0.558872
0 0.429245 0.606965 0.428459 0.608624 0.428459 0.610282 0.427673 0.61194 0.426887 0.61194 0.426887 0.613599 0.426101 0.615257 0.426101 0.620232 0.427673 0.623549 0.427673 0.625207 0.428459 0.626866 0.428459 0.628524 0.431604 0.628524 0.431604 0.625207 0.43239 0.623549 0.43239 0.615257 0.430818 0.61194 0.430818 0.610282
0 0.434748 0.457711 0.43239 0.462687 0.431604 0.462687 0.431604 0.46932 0.436321 0.47927 0.437107 0.47927 0.437893 0.477612 0.439465 0.477612 0.441038 0.474295 0.441038 0.46932 0.440252 0.467662 0.440252 0.464345 0.439465 0.462687 0.439465 0.461028 0.438679 0.45937 0.437107 0.45937 0.436321 0.457711
0 0.292453 0.411277 0.291667 0.412935 0.290094 0.412935 0.290094 0.414594 0.288522 0.41791 0.288522 0.421227 0.290094 0.424544 0.290881 0.424544 0.292453 0.427861 0.293239 0.427861 0.294025 0.429519 0.295597 0.429519 0.296384 0.427861 0.29717 0.427861 0.297956 0.426202 0.298742 0.426202 0.298742 0.424544 0.299528 0.422886 0.300314 0.422886 0.300314 0.41791 0.298742 0.414594 0.298742 0.412935 0.297956 0.412935 0.29717 0.411277 0.296384 0.412935 0.295597 0.411277
0 0.411164 0.515755 0.41195 0.517413 0.411164 0.519071 0.411164 0.52073 0.409591 0.524046 0.409591 0.527363 0.408805 0.529022 0.408805 0.53068 0.410377 0.533997 0.414308 0.533997 0.414308 0.532338 0.415094 0.53068 0.415094 0.522388 0.414308 0.52073 0.414308 0.519071 0.412736 0.515755
0 0.345912 0.44942 0.345126 0.451078 0.345126 0.452736 0.34434 0.454395 0.34434 0.467662 0.345126 0.46932 0.34827 0.46932 0.350629 0.464345 0.350629 0.457711 0.349057 0.454395 0.349057 0.452736 0.347484 0.44942
0 0.430031 0.525705 0.429245 0.527363 0.429245 0.53068 0.430031 0.532338 0.430031 0.533997 0.431604 0.533997 0.433176 0.537313 0.434748 0.537313 0.434748 0.535655 0.435535 0.533997 0.435535 0.532338 0.433962 0.529022 0.433176 0.529022 0.431604 0.525705
0 0.378145 0.766169 0.375786 0.771144 0.375786 0.776119 0.376572 0.776119 0.377358 0.777778 0.381289 0.777778 0.382075 0.776119 0.382075 0.771144 0.379717 0.766169
0 0.358491 0.718076 0.358491 0.721393 0.357704 0.723051 0.357704 0.733002 0.358491 0.73466 0.358491 0.736318 0.359277 0.737977 0.359277 0.739635 0.361635 0.74461 0.362421 0.74461 0.363208 0.746269 0.36478 0.746269 0.365566 0.747927 0.369497 0.747927 0.369497 0.739635 0.367925 0.736318 0.367925 0.73466 0.367138 0.733002 0.367138 0.731343 0.366352 0.729685 0.366352 0.726368 0.365566 0.72471 0.365566 0.723051 0.36478 0.721393 0.363994 0.721393 0.363208 0.719735 0.362421 0.719735 0.361635 0.718076
0 0.205975 0.656716 0.205189 0.658375 0.20283 0.658375 0.201258 0.661692 0.200472 0.661692 0.199686 0.66335 0.199686 0.665008 0.198899 0.666667 0.198899 0.668325 0.199686 0.669983 0.200472 0.669983 0.201258 0.671642 0.204403 0.671642 0.205189 0.669983 0.208333 0.669983 0.209119 0.668325 0.209906 0.668325 0.209906 0.665008 0.210692 0.66335 0.210692 0.661692 0.209906 0.660033 0.209906 0.658375 0.209119 0.658375 0.208333 0.656716
0 0.258648 0.396352 0.257862 0.39801 0.257862 0.40796 0.258648 0.409619 0.26022 0.409619 0.261006 0.411277 0.261792 0.411277 0.262579 0.412935 0.263365 0.412935 0.264151 0.414594 0.267296 0.414594 0.268082 0.412935 0.267296 0.411277 0.267296 0.402985 0.266509 0.402985 0.265723 0.401327 0.265723 0.399668 0.264937 0.39801 0.264151 0.39801 0.263365 0.396352
0 0.142296 0.588723 0.141509 0.590381 0.139151 0.590381 0.138365 0.59204 0.137579 0.59204 0.136792 0.593698 0.137579 0.595357 0.137579 0.60199 0.138365 0.603648 0.138365 0.606965 0.140723 0.61194 0.143082 0.61194 0.143868 0.610282 0.149371 0.610282 0.149371 0.608624 0.150157 0.606965 0.150943 0.606965 0.150943 0.605307 0.15173 0.603648 0.15173 0.597015 0.150943 0.595357 0.150943 0.593698 0.150157 0.593698 0.149371 0.59204 0.148585 0.59204 0.147013 0.588723
0 0.457547 0.54063 0.456761 0.542289 0.456761 0.543947 0.455189 0.547264 0.454403 0.547264 0.453616 0.548922 0.45283 0.548922 0.452044 0.55058 0.452044 0.555556 0.453616 0.558872 0.453616 0.560531 0.454403 0.560531 0.455189 0.562189 0.455189 0.563847 0.459119 0.563847 0.460692 0.560531 0.461478 0.560531 0.462264 0.558872 0.462264 0.548922 0.461478 0.548922 0.459906 0.545605 0.459906 0.543947 0.459119 0.542289 0.458333 0.542289
0 0.165094 0.716418 0.165881 0.718076 0.165094 0.719735 0.164308 0.719735 0.163522 0.721393 0.161164 0.721393 0.158805 0.726368 0.158805 0.728027 0.158019 0.729685 0.158019 0.73466 0.158805 0.73466 0.159591 0.736318 0.165094 0.736318 0.165881 0.73466 0.166667 0.73466 0.167453 0.733002 0.168239 0.733002 0.170597 0.728027 0.170597 0.72471 0.166667 0.716418
0 0.200472 0.490879 0.200472 0.492537 0.199686 0.494196 0.199686 0.495854 0.200472 0.497512 0.200472 0.507463 0.202044 0.510779 0.203616 0.510779 0.205189 0.514096 0.205975 0.512438 0.206761 0.512438 0.207547 0.510779 0.208333 0.510779 0.209119 0.509121 0.209906 0.509121 0.209906 0.504146 0.206761 0.497512 0.205975 0.497512 0.204403 0.494196 0.204403 0.492537 0.20283 0.492537 0.202044 0.490879 0.201258 0.492537
0 0.25 0.708126 0.25 0.709784 0.249214 0.711443 0.249214 0.71476 0.248428 0.716418 0.248428 0.721393 0.249214 0.723051 0.249214 0.726368 0.25 0.728027 0.25 0.729685 0.250786 0.731343 0.250786 0.733002 0.251572 0.73466 0.253145 0.73466 0.253931 0.733002 0.254717 0.733002 0.256289 0.729685 0.257075 0.729685 0.257862 0.728027 0.257862 0.726368 0.258648 0.72471 0.258648 0.719735 0.257862 0.718076 0.257862 0.716418 0.257075 0.71476 0.257075 0.713101 0.255503 0.709784 0.254717 0.709784 0.253931 0.708126
0 0.176887 0.529022 0.176101 0.53068 0.176101 0.537313 0.176887 0.538972 0.176887 0.54063 0.177673 0.542289 0.177673 0.543947 0.181604 0.552239 0.188679 0.552239 0.190252 0.548922 0.190252 0.547264 0.191038 0.545605 0.191038 0.543947 0.190252 0.542289 0.190252 0.54063 0.187107 0.533997 0.186321 0.533997 0.184748 0.53068 0.183176 0.53068 0.18239 0.529022
0 0.41195 0.605307 0.411164 0.606965 0.410377 0.606965 0.410377 0.613599 0.412736 0.618574 0.413522 0.618574 0.414308 0.620232 0.416667 0.620232 0.417453 0.618574 0.417453 0.615257 0.418239 0.613599 0.418239 0.610282 0.415881 0.605307
0 0.47327 0.577114 0.472484 0.578773 0.472484 0.580431 0.471698 0.58209 0.471698 0.585406 0.470912 0.587065 0.470912 0.588723 0.470126 0.590381 0.470126 0.595357 0.470912 0.597015 0.470912 0.598673 0.474057 0.598673 0.474843 0.597015 0.475629 0.597015 0.476415 0.598673 0.477201 0.598673 0.478774 0.60199 0.47956 0.600332 0.47956 0.597015 0.478774 0.595357 0.478774 0.59204 0.477987 0.590381 0.477987 0.587065 0.476415 0.583748 0.476415 0.578773 0.475629 0.577114
0 0.115566 0.587065 0.11478 0.588723 0.113994 0.588723 0.113208 0.590381 0.112421 0.590381 0.110849 0.593698 0.110849 0.597015 0.110063 0.598673 0.110849 0.600332 0.110849 0.60199 0.111635 0.603648 0.112421 0.60199 0.113208 0.603648 0.113994 0.603648 0.113994 0.60199 0.11478 0.600332 0.115566 0.600332 0.117138 0.597015 0.117138 0.593698 0.117925 0.59204 0.117138 0.590381 0.117138 0.587065 0.116352 0.588723
0 0.406447 0.421227 0.40566 0.422886 0.40566 0.431177 0.404874 0.432836 0.404874 0.437811 0.40566 0.439469 0.40566 0.442786 0.406447 0.444444 0.409591 0.444444 0.410377 0.442786 0.410377 0.432836 0.411164 0.431177 0.411164 0.424544 0.410377 0.424544 0.409591 0.422886 0.408805 0.422886 0.408019 0.421227
0 0.316038 0.444444 0.316038 0.446103 0.315252 0.447761 0.315252 0.456053 0.316038 0.457711 0.316038 0.45937 0.316824 0.45937 0.31761 0.461028 0.31761 0.462687 0.318396 0.462687 0.319182 0.464345 0.321541 0.464345 0.322327 0.462687 0.322327 0.451078 0.321541 0.44942 0.321541 0.447761 0.320755 0.446103 0.318396 0.446103 0.31761 0.444444
0 0.275943 0.412935 0.275943 0.414594 0.275157 0.416252 0.275157 0.421227 0.274371 0.422886 0.274371 0.426202 0.277516 0.432836 0.277516 0.434494 0.278302 0.436153 0.279088 0.436153 0.279874 0.437811 0.283805 0.437811 0.284591 0.436153 0.284591 0.432836 0.283805 0.431177 0.283805 0.429519 0.281447 0.424544 0.281447 0.422886 0.279874 0.419569 0.279874 0.416252 0.279088 0.414594 0.278302 0.414594 0.277516 0.412935
0 0.181604 0.457711 0.180818 0.45937 0.180818 0.464345 0.180031 0.466003 0.180031 0.470978 0.180818 0.472637 0.187893 0.472637 0.189465 0.46932 0.189465 0.464345 0.187107 0.45937 0.186321 0.45937 0.185535 0.457711
0 0.154874 0.507463 0.153302 0.510779 0.152516 0.510779 0.152516 0.519071 0.154088 0.522388 0.154088 0.524046 0.154874 0.524046 0.15566 0.525705 0.156447 0.525705 0.157233 0.527363 0.159591 0.527363 0.160377 0.529022 0.168239 0.529022 0.168239 0.522388 0.166667 0.519071 0.165881 0.519071 0.163522 0.514096 0.162736 0.514096 0.160377 0.509121 0.159591 0.509121 0.158805 0.507463
0 0.47327 0.645108 0.472484 0.646766 0.471698 0.646766 0.471698 0.648425 0.470912 0.650083 0.470912 0.656716 0.471698 0.658375 0.472484 0.658375 0.474843 0.66335 0.478774 0.66335 0.481918 0.656716 0.481918 0.6534 0.480346 0.650083 0.480346 0.648425 0.47956 0.648425 0.477987 0.645108
0 0.374214 0.402985 0.374214 0.404643 0.373428 0.406302 0.373428 0.40796 0.372642 0.409619 0.372642 0.41791 0.373428 0.419569 0.373428 0.421227 0.374214 0.422886 0.375 0.422886 0.375786 0.424544 0.378931 0.424544 0.380503 0.421227 0.381289 0.421227 0.381289 0.41791 0.382075 0.416252 0.382075 0.40796 0.379717 0.402985
0 0.224843 0.689884 0.224057 0.691542 0.22327 0.691542 0.22327 0.696517 0.224057 0.698176 0.224057 0.699834 0.224843 0.701493 0.224843 0.704809 0.225629 0.706468 0.225629 0.708126 0.226415 0.709784 0.22956 0.709784 0.231132 0.706468 0.231132 0.704809 0.232704 0.701493 0.232704 0.696517 0.231132 0.693201 0.231132 0.691542 0.230346 0.691542 0.22956 0.689884
0 0.541667 0.477612 0.540881 0.47927 0.540094 0.47927 0.539308 0.480929 0.538522 0.480929 0.538522 0.482587 0.537736 0.484245 0.537736 0.489221 0.538522 0.490879 0.538522 0.492537 0.539308 0.492537 0.540094 0.494196 0.542453 0.494196 0.544025 0.490879 0.544025 0.489221 0.544811 0.487562 0.544811 0.482587 0.544025 0.480929 0.544025 0.47927 0.542453 0.47927
0 0.52044 0.577114 0.518868 0.580431 0.518082 0.580431 0.516509 0.583748 0.515723 0.583748 0.514151 0.587065 0.514151 0.595357 0.518868 0.595357 0.522799 0.587065 0.522799 0.578773 0.522013 0.577114
0 0.462264 0.598673 0.460692 0.60199 0.459906 0.60199 0.459119 0.603648 0.459119 0.618574 0.461478 0.623549 0.464623 0.623549 0.466195 0.620232 0.466195 0.605307 0.465409 0.603648 0.465409 0.60199 0.463836 0.598673 0.46305 0.600332
0 0.267296 0.669983 0.267296 0.681592 0.268868 0.684909 0.271226 0.684909 0.271226 0.6733 0.269654 0.669983
0 0.168239 0.542289 0.166667 0.545605 0.166667 0.547264 0.165881 0.548922 0.165881 0.557214 0.167453 0.560531 0.167453 0.562189 0.168239 0.563847 0.168239 0.565506 0.169025 0.567164 0.169811 0.567164 0.171384 0.570481 0.17217 0.570481 0.17217 0.568823 0.172956 0.567164 0.173742 0.567164 0.174528 0.565506 0.174528 0.563847 0.176101 0.560531 0.176101 0.555556 0.175314 0.553897 0.175314 0.55058 0.174528 0.548922 0.174528 0.547264 0.172956 0.543947 0.17217 0.543947 0.171384 0.542289
0 0.331761 0.706468 0.331761 0.716418 0.333333 0.719735 0.336478 0.719735 0.337264 0.721393 0.340409 0.721393 0.341981 0.718076 0.341981 0.708126 0.337264 0.708126 0.336478 0.706468
0 0.21934 0.767828 0.216981 0.772803 0.216981 0.777778 0.218553 0.781095 0.220126 0.781095 0.220126 0.779436 0.221698 0.776119 0.221698 0.769486 0.220912 0.767828
0 0.293239 0.749585 0.291667 0.752902 0.291667 0.754561 0.290881 0.756219 0.290881 0.764511 0.291667 0.764511 0.293239 0.767828 0.293239 0.769486 0.294025 0.769486 0.294811 0.771144 0.295597 0.771144 0.296384 0.772803 0.297956 0.772803 0.297956 0.771144 0.299528 0.767828 0.299528 0.766169 0.301887 0.761194 0.301887 0.752902 0.301101 0.751244 0.300314 0.751244 0.299528 0.749585
0 0.418239 0.502488 0.418239 0.507463 0.419025 0.509121 0.419025 0.510779 0.421384 0.515755 0.423742 0.515755 0.423742 0.510779 0.422956 0.509121 0.422956 0.507463 0.420597 0.502488
0 0.301887 0.452736 0.301101 0.454395 0.301101 0.457711 0.302673 0.461028 0.303459 0.461028 0.305031 0.464345 0.308176 0.464345 0.308176 0.462687 0.308962 0.461028 0.308962 0.45937 0.305818 0.452736
0 0.210692 0.522388 0.209119 0.525705 0.209119 0.529022 0.208333 0.53068 0.208333 0.533997 0.209119 0.535655 0.209119 0.537313 0.210692 0.54063 0.21305 0.54063 0.214623 0.537313 0.214623 0.525705 0.213836 0.524046 0.21305 0.524046 0.212264 0.522388
0 0.308962 0.671642 0.308176 0.6733 0.30739 0.6733 0.30739 0.681592 0.308962 0.684909 0.309748 0.684909 0.310535 0.686567 0.314465 0.686567 0.314465 0.679934 0.313679 0.678275 0.313679 0.676617 0.311321 0.671642
0 0.517296 0.492537 0.516509 0.494196 0.515723 0.494196 0.515723 0.502488 0.517296 0.505804 0.518082 0.505804 0.518868 0.507463 0.518868 0.509121 0.519654 0.509121 0.52044 0.510779 0.524371 0.510779 0.524371 0.500829 0.522013 0.495854 0.521226 0.495854 0.519654 0.492537
0 0.393082 0.376451 0.392296 0.378109 0.392296 0.386401 0.393868 0.389718 0.397013 0.389718 0.397013 0.386401 0.397799 0.384743 0.397799 0.383085 0.397013 0.381426 0.397013 0.379768 0.396226 0.378109 0.396226 0.376451
0 0.441038 0.434494 0.440252 0.436153 0.440252 0.437811 0.438679 0.441128 0.438679 0.446103 0.437893 0.447761 0.437893 0.451078 0.438679 0.451078 0.439465 0.452736 0.439465 0.454395 0.44261 0.454395 0.443396 0.452736 0.444182 0.452736 0.444969 0.451078 0.446541 0.451078 0.447327 0.44942 0.448113 0.44942 0.448899 0.447761 0.449686 0.447761 0.450472 0.446103 0.450472 0.444444 0.451258 0.442786 0.451258 0.441128 0.449686 0.437811 0.446541 0.437811 0.445755 0.436153 0.443396 0.436153 0.44261 0.434494 0.441824 0.436153
0 0.465409 0.711443 0.46305 0.716418 0.46305 0.72471 0.463836 0.726368 0.466981 0.726368 0.468553 0.723051 0.468553 0.721393 0.46934 0.719735 0.46934 0.71476 0.468553 0.713101 0.467767 0.713101 0.466981 0.711443
0 0.271226 0.742952 0.27044 0.74461 0.269654 0.74461 0.269654 0.746269 0.268868 0.747927 0.269654 0.749585 0.268868 0.751244 0.268868 0.762852 0.269654 0.764511 0.269654 0.767828 0.271226 0.767828 0.272013 0.769486 0.273585 0.769486 0.274371 0.767828 0.275157 0.767828 0.27673 0.764511 0.27673 0.756219 0.275943 0.754561 0.275943 0.749585 0.273585 0.74461 0.272799 0.74461 0.272013 0.742952
0 0.47327 0.466003 0.472484 0.467662 0.472484 0.47927 0.474843 0.484245 0.475629 0.484245 0.476415 0.485904 0.478774 0.485904 0.47956 0.484245 0.480346 0.484245 0.481132 0.482587 0.481132 0.480929 0.481918 0.47927 0.482704 0.480929 0.482704 0.489221 0.483491 0.489221 0.484277 0.490879 0.485063 0.490879 0.485849 0.492537 0.486635 0.492537 0.487421 0.490879 0.48978 0.490879 0.48978 0.489221 0.490566 0.487562 0.490566 0.485904 0.491352 0.484245 0.492138 0.484245 0.492138 0.482587 0.492925 0.480929 0.493711 0.480929 0.493711 0.470978 0.492925 0.470978 0.492138 0.46932 0.486635 0.46932 0.486635 0.470978 0.485063 0.474295 0.485063 0.475954 0.482704 0.480929 0.481918 0.47927 0.481918 0.475954 0.482704 0.474295 0.482704 0.466003
0 0.331761 0.726368 0.330189 0.729685 0.330189 0.742952 0.332547 0.747927 0.332547 0.749585 0.334906 0.749585 0.336478 0.746269 0.337264 0.746269 0.338836 0.742952 0.338836 0.737977 0.339623 0.736318 0.339623 0.728027 0.335692 0.728027 0.334906 0.726368
0 0.38522 0.696517 0.384434 0.698176 0.383648 0.698176 0.382862 0.699834 0.382075 0.699834 0.381289 0.701493 0.381289 0.716418 0.382075 0.718076 0.382862 0.718076 0.383648 0.719735 0.389151 0.719735 0.390723 0.716418 0.390723 0.704809 0.389937 0.703151 0.389937 0.701493 0.388365 0.698176 0.387579 0.698176 0.386792 0.696517
0 0.456761 0.477612 0.455975 0.47927 0.455189 0.47927 0.455189 0.482587 0.454403 0.484245 0.454403 0.487562 0.455189 0.489221 0.454403 0.490879 0.454403 0.494196 0.455975 0.497512 0.456761 0.497512 0.457547 0.499171 0.458333 0.497512 0.459906 0.497512 0.460692 0.499171 0.461478 0.499171 0.462264 0.497512 0.463836 0.497512 0.463836 0.480929 0.462264 0.477612
0 0.330975 0.447761 0.329403 0.451078 0.329403 0.454395 0.330189 0.456053 0.330189 0.457711 0.330975 0.45937 0.330975 0.462687 0.333333 0.462687 0.334119 0.461028 0.334119 0.45937 0.334906 0.457711 0.334906 0.452736 0.334119 0.451078 0.334119 0.44942 0.333333 0.44942 0.332547 0.447761
0 0.371855 0.368159 0.369497 0.373134 0.369497 0.383085 0.371069 0.386401 0.371855 0.386401 0.371855 0.384743 0.373428 0.381426 0.373428 0.378109 0.374214 0.376451 0.374214 0.371476 0.372642 0.368159
0 0.286164 0.464345 0.285377 0.466003 0.283805 0.466003 0.283805 0.467662 0.282233 0.470978 0.282233 0.472637 0.281447 0.474295 0.281447 0.475954 0.283805 0.480929 0.287736 0.480929 0.288522 0.47927 0.288522 0.46932 0.287736 0.467662 0.287736 0.466003 0.28695 0.466003
0 0.338836 0.470978 0.338836 0.472637 0.337264 0.475954 0.337264 0.477612 0.336478 0.47927 0.336478 0.485904 0.337264 0.487562 0.340409 0.487562 0.341195 0.485904 0.341195 0.474295 0.339623 0.470978
0 0.429245 0.441128 0.428459 0.442786 0.425314 0.442786 0.424528 0.444444 0.423742 0.442786 0.422956 0.442786 0.422956 0.452736 0.423742 0.454395 0.423742 0.457711 0.424528 0.45937 0.428459 0.45937 0.430031 0.456053 0.431604 0.456053 0.431604 0.454395 0.433176 0.451078 0.433176 0.444444 0.43239 0.444444 0.431604 0.442786 0.430031 0.442786
0 0.419025 0.466003 0.419811 0.467662 0.418239 0.470978 0.417453 0.470978 0.416667 0.472637 0.416667 0.480929 0.417453 0.480929 0.418239 0.482587 0.419811 0.482587 0.420597 0.480929 0.421384 0.480929 0.422956 0.477612 0.423742 0.477612 0.424528 0.475954 0.424528 0.472637 0.423742 0.470978 0.423742 0.46932 0.42217 0.466003
0 0.305031 0.358209 0.305031 0.361526 0.304245 0.363184 0.304245 0.368159 0.30739 0.374793 0.308176 0.374793 0.309748 0.371476 0.309748 0.364842 0.30739 0.359867 0.306604 0.359867 0.305818 0.358209
0 0.120283 0.548922 0.120283 0.55058 0.118711 0.553897 0.117925 0.553897 0.117138 0.555556 0.117138 0.560531 0.117925 0.562189 0.117925 0.563847 0.118711 0.563847 0.119497 0.565506 0.121855 0.565506 0.125786 0.557214 0.125786 0.55058 0.125 0.55058 0.124214 0.548922
0 0.356918 0.466003 0.356132 0.467662 0.356132 0.472637 0.359277 0.47927 0.362421 0.47927 0.362421 0.470978 0.360063 0.466003
0 0.45283 0.451078 0.451258 0.454395 0.450472 0.454395 0.449686 0.456053 0.448113 0.456053 0.444969 0.462687 0.444969 0.467662 0.447327 0.472637 0.447327 0.474295 0.450472 0.474295 0.451258 0.472637 0.452044 0.472637 0.455189 0.466003 0.455975 0.466003 0.455975 0.456053 0.455189 0.454395 0.455189 0.452736 0.454403 0.452736 0.453616 0.451078
0 0.290881 0.776119 0.290881 0.777778 0.290094 0.779436 0.290094 0.789386 0.291667 0.792703 0.294811 0.792703 0.296384 0.789386 0.296384 0.777778 0.295597 0.777778 0.294811 0.776119
0 0.289308 0.383085 0.289308 0.384743 0.287736 0.38806 0.287736 0.391376 0.28695 0.393035 0.28695 0.401327 0.287736 0.402985 0.290094 0.402985 0.290881 0.404643 0.294025 0.404643 0.296384 0.399668 0.296384 0.391376 0.294811 0.38806 0.294811 0.386401 0.293239 0.383085
0 0.408019 0.635158 0.40566 0.640133 0.40566 0.641791 0.406447 0.643449 0.406447 0.645108 0.407233 0.646766 0.407233 0.648425 0.408805 0.651741 0.410377 0.648425 0.411164 0.648425 0.411164 0.646766 0.41195 0.645108 0.41195 0.640133 0.411164 0.638474 0.411164 0.636816 0.410377 0.635158
0 0.503145 0.475954 0.502358 0.477612 0.502358 0.487562 0.505503 0.494196 0.509434 0.494196 0.51022 0.492537 0.51022 0.490879 0.511006 0.489221 0.511006 0.484245 0.51022 0.482587 0.509434 0.482587 0.508648 0.480929 0.508648 0.477612 0.507862 0.475954
0 0.494497 0.655058 0.494497 0.658375 0.493711 0.660033 0.493711 0.668325 0.494497 0.669983 0.495283 0.669983 0.496069 0.671642 0.499214 0.665008 0.499214 0.658375 0.498428 0.658375 0.496855 0.655058
0 0.340409 0.746269 0.338836 0.749585 0.338836 0.762852 0.339623 0.762852 0.341195 0.766169 0.341981 0.766169 0.342767 0.767828 0.343553 0.767828 0.34434 0.769486 0.347484 0.769486 0.34827 0.767828 0.34827 0.764511 0.349057 0.762852 0.349057 0.751244 0.346698 0.751244 0.34434 0.746269
0 0.501572 0.44942 0.5 0.452736 0.499214 0.452736 0.499214 0.454395 0.498428 0.456053 0.498428 0.45937 0.497642 0.461028 0.497642 0.466003 0.498428 0.467662 0.498428 0.46932 0.503145 0.46932 0.503931 0.467662 0.504717 0.467662 0.506289 0.464345 0.506289 0.454395 0.503931 0.44942
0 0.245283 0.485904 0.244497 0.487562 0.244497 0.499171 0.245283 0.500829 0.245283 0.502488 0.247642 0.507463 0.247642 0.509121 0.248428 0.510779 0.249214 0.509121 0.251572 0.509121 0.251572 0.507463 0.252358 0.505804 0.252358 0.502488 0.251572 0.500829 0.251572 0.497512 0.249214 0.492537 0.249214 0.490879 0.248428 0.489221 0.247642 0.489221 0.246855 0.487562 0.246069 0.487562
0 0.286164 0.668325 0.28695 0.669983 0.285377 0.6733 0.285377 0.681592 0.286164 0.681592 0.28695 0.68325 0.288522 0.68325 0.289308 0.681592 0.289308 0.674959 0.288522 0.6733 0.288522 0.671642 0.287736 0.669983 0.28695 0.669983
0 0.370283 0.681592 0.368711 0.684909 0.368711 0.696517 0.369497 0.698176 0.370283 0.698176 0.372642 0.703151 0.373428 0.703151 0.374214 0.704809 0.376572 0.704809 0.377358 0.703151 0.377358 0.701493 0.378931 0.698176 0.378931 0.696517 0.379717 0.694859 0.379717 0.688226 0.377358 0.68325 0.375 0.68325 0.374214 0.681592
0 0.265723 0.374793 0.264937 0.376451 0.264937 0.378109 0.264151 0.379768 0.264151 0.383085 0.267296 0.389718 0.268082 0.389718 0.268868 0.38806 0.268868 0.378109 0.268082 0.376451 0.268082 0.374793
0 0.232704 0.475954 0.231918 0.477612 0.231918 0.47927 0.230346 0.482587 0.230346 0.495854 0.231132 0.495854 0.231918 0.497512 0.232704 0.497512 0.233491 0.499171 0.238208 0.499171 0.238208 0.497512 0.23978 0.494196 0.23978 0.487562 0.235063 0.477612 0.234277 0.477612 0.233491 0.475954
0 0.318396 0.769486 0.31761 0.771144 0.31761 0.772803 0.316038 0.776119 0.316038 0.784411 0.316824 0.78607 0.323899 0.78607 0.324686 0.784411 0.324686 0.774461 0.323113 0.771144 0.322327 0.771144 0.321541 0.769486
0 0.466195 0.429519 0.464623 0.432836 0.463836 0.432836 0.463836 0.434494 0.46305 0.436153 0.46305 0.437811 0.462264 0.439469 0.461478 0.439469 0.459119 0.444444 0.459906 0.446103 0.464623 0.446103 0.465409 0.444444 0.466195 0.444444 0.467767 0.441128 0.468553 0.441128 0.470912 0.436153 0.470912 0.432836 0.470126 0.431177 0.46934 0.431177 0.468553 0.429519
0 0.324686 0.708126 0.323899 0.709784 0.321541 0.709784 0.319182 0.71476 0.319182 0.729685 0.319969 0.731343 0.326258 0.731343 0.32783 0.728027 0.32783 0.709784 0.327044 0.708126
0 0.171384 0.66335 0.170597 0.665008 0.169025 0.665008 0.168239 0.666667 0.167453 0.666667 0.166667 0.668325 0.165881 0.668325 0.165094 0.669983 0.165881 0.671642 0.165881 0.674959 0.166667 0.674959 0.167453 0.676617 0.167453 0.678275 0.168239 0.679934 0.169025 0.679934 0.169811 0.681592 0.170597 0.681592 0.17217 0.684909 0.172956 0.68325 0.174528 0.68325 0.176101 0.679934 0.176101 0.669983 0.176887 0.668325 0.176887 0.665008 0.176101 0.66335
0 0.30739 0.716418 0.30739 0.718076 0.306604 0.719735 0.306604 0.731343 0.30739 0.733002 0.30739 0.739635 0.308176 0.741294 0.310535 0.741294 0.313679 0.73466 0.314465 0.73466 0.315252 0.733002 0.315252 0.72471 0.314465 0.723051 0.314465 0.721393 0.312107 0.716418
0 0.38522 0.457711 0.38522 0.472637 0.387579 0.472637 0.388365 0.470978 0.389151 0.470978 0.389151 0.464345 0.388365 0.462687 0.387579 0.462687 0.386792 0.461028 0.386792 0.45937 0.386006 0.45937
0 0.393082 0.495854 0.393082 0.497512 0.390723 0.502488 0.390723 0.509121 0.391509 0.510779 0.393082 0.510779 0.394654 0.507463 0.394654 0.499171
0 0.459119 0.660033 0.459906 0.661692 0.457547 0.666667 0.457547 0.676617 0.459906 0.681592 0.460692 0.681592 0.461478 0.68325 0.465409 0.68325 0.466195 0.681592 0.466981 0.68325 0.466981 0.681592 0.468553 0.678275 0.468553 0.674959 0.46934 0.6733 0.468553 0.671642 0.468553 0.666667 0.467767 0.666667 0.466195 0.66335 0.466195 0.661692 0.464623 0.661692 0.463836 0.660033
0 0.355346 0.749585 0.35456 0.751244 0.35456 0.762852 0.356132 0.766169 0.360849 0.766169 0.363208 0.761194 0.363208 0.752902 0.362421 0.751244 0.362421 0.749585
0 0.465409 0.451078 0.463836 0.454395 0.462264 0.454395 0.460692 0.457711 0.460692 0.467662 0.462264 0.470978 0.46305 0.470978 0.464623 0.474295 0.468553 0.474295 0.468553 0.470978 0.46934 0.46932 0.46934 0.466003 0.470126 0.464345 0.470126 0.454395 0.46934 0.452736 0.46934 0.451078
0 0.472484 0.679934 0.470126 0.684909 0.46934 0.684909 0.468553 0.686567 0.468553 0.694859 0.472484 0.694859 0.47327 0.693201 0.47327 0.691542 0.474057 0.689884 0.474057 0.679934
0 0.130503 0.648425 0.130503 0.650083 0.128931 0.6534 0.128931 0.655058 0.128145 0.656716 0.128145 0.665008 0.128931 0.666667 0.129717 0.666667 0.130503 0.668325 0.13522 0.668325 0.136006 0.666667 0.136792 0.666667 0.139937 0.660033 0.139937 0.658375 0.139151 0.656716 0.139151 0.655058 0.138365 0.655058 0.136792 0.651741 0.132862 0.651741 0.131289 0.648425
0 0.523585 0.52073 0.522013 0.524046 0.522013 0.525705 0.521226 0.527363 0.521226 0.542289 0.522013 0.543947 0.522013 0.545605 0.523585 0.548922 0.525943 0.548922 0.525943 0.547264 0.527516 0.543947 0.527516 0.54063 0.528302 0.538972 0.528302 0.533997 0.527516 0.532338 0.527516 0.53068 0.525943 0.527363 0.525943 0.525705
0 0.470126 0.542289 0.46934 0.543947 0.46934 0.545605 0.468553 0.547264 0.468553 0.562189 0.46934 0.563847 0.46934 0.565506 0.470126 0.565506 0.470912 0.563847 0.472484 0.563847 0.47327 0.565506 0.474843 0.565506 0.474843 0.562189 0.475629 0.560531 0.475629 0.558872 0.476415 0.557214 0.475629 0.555556 0.475629 0.552239 0.474843 0.55058 0.474843 0.547264 0.474057 0.547264 0.47327 0.545605 0.47327 0.543947 0.472484 0.542289
0 0.426101 0.485904 0.426101 0.487562 0.425314 0.489221 0.425314 0.495854 0.426887 0.499171 0.426887 0.500829 0.428459 0.500829 0.429245 0.502488 0.430818 0.499171 0.431604 0.499171 0.433176 0.495854 0.433176 0.489221 0.431604 0.485904
0 0.233491 0.419569 0.231918 0.422886 0.231918 0.437811 0.232704 0.439469 0.232704 0.441128 0.233491 0.442786 0.235849 0.442786 0.237421 0.439469 0.237421 0.436153 0.238208 0.434494 0.237421 0.432836 0.237421 0.431177 0.238208 0.429519 0.238208 0.427861 0.237421 0.426202 0.237421 0.422886 0.235849 0.419569
0 0.383648 0.368159 0.383648 0.369818 0.379717 0.378109 0.379717 0.379768 0.378931 0.381426 0.378931 0.383085 0.378145 0.384743 0.378145 0.396352 0.378931 0.39801 0.381289 0.39801 0.382075 0.396352 0.382862 0.396352 0.386006 0.389718 0.386006 0.386401 0.386792 0.384743 0.386792 0.376451 0.386006 0.374793 0.386006 0.373134
0 0.433962 0.562189 0.433176 0.563847 0.433176 0.572139 0.433962 0.573798 0.433962 0.575456 0.434748 0.575456 0.435535 0.577114 0.437107 0.577114 0.437893 0.575456 0.437893 0.565506 0.436321 0.562189
0 0.299528 0.424544 0.299528 0.431177 0.301887 0.436153 0.301887 0.437811 0.305031 0.444444 0.305818 0.444444 0.306604 0.446103 0.310535 0.446103 0.310535 0.444444 0.311321 0.442786 0.311321 0.437811 0.310535 0.436153 0.310535 0.434494 0.30739 0.427861 0.306604 0.427861 0.305818 0.426202 0.305031 0.426202 0.304245 0.424544
0 0.337264 0.394693 0.336478 0.396352 0.336478 0.39801 0.335692 0.399668 0.335692 0.401327 0.334906 0.402985 0.334906 0.412935 0.337264 0.41791 0.340409 0.41791 0.341195 0.416252 0.341195 0.414594 0.341981 0.412935 0.341981 0.404643 0.341195 0.402985 0.341195 0.401327 0.340409 0.399668 0.340409 0.39801 0.339623 0.396352 0.339623 0.394693
0 0.224057 0.723051 0.22327 0.72471 0.222484 0.72471 0.220912 0.728027 0.220126 0.728027 0.218553 0.731343 0.218553 0.733002 0.217767 0.73466 0.217767 0.739635 0.222484 0.749585 0.224843 0.749585 0.225629 0.747927 0.226415 0.747927 0.227201 0.746269 0.227201 0.74461 0.228774 0.741294 0.228774 0.739635 0.22956 0.737977 0.228774 0.736318 0.22956 0.73466 0.22956 0.733002 0.230346 0.731343 0.230346 0.728027 0.22956 0.726368 0.22956 0.72471 0.228774 0.723051
0 0.242925 0.698176 0.242138 0.699834 0.23978 0.699834 0.235849 0.708126 0.235849 0.711443 0.234277 0.71476 0.234277 0.718076 0.235063 0.716418 0.238994 0.716418 0.23978 0.71476 0.241352 0.71476 0.243711 0.709784 0.244497 0.709784 0.244497 0.708126 0.245283 0.706468 0.245283 0.699834 0.244497 0.698176
0 0.310535 0.696517 0.309748 0.698176 0.309748 0.704809 0.310535 0.706468 0.310535 0.708126 0.311321 0.709784 0.318396 0.709784 0.318396 0.699834 0.316824 0.696517
0 0.235063 0.447761 0.235063 0.464345 0.236635 0.467662 0.236635 0.46932 0.238994 0.474295 0.23978 0.474295 0.240566 0.475954 0.244497 0.475954 0.244497 0.474295 0.245283 0.472637 0.245283 0.470978 0.246069 0.46932 0.246069 0.464345 0.244497 0.461028 0.244497 0.45937 0.242138 0.454395 0.241352 0.454395 0.240566 0.452736 0.238994 0.452736 0.238208 0.451078 0.237421 0.451078 0.236635 0.44942 0.235849 0.44942
0 0.298742 0.719735 0.297956 0.721393 0.29717 0.721393 0.296384 0.723051 0.296384 0.72471 0.295597 0.726368 0.295597 0.73466 0.296384 0.736318 0.296384 0.739635 0.29717 0.741294 0.297956 0.741294 0.298742 0.742952 0.303459 0.742952 0.303459 0.739635 0.304245 0.737977 0.304245 0.72471 0.301887 0.719735
0 0.437893 0.587065 0.436321 0.590381 0.436321 0.600332 0.437107 0.60199 0.437107 0.603648 0.437893 0.603648 0.438679 0.605307 0.444182 0.605307 0.444182 0.59204 0.44261 0.588723 0.441824 0.588723 0.441038 0.587065
0 0.143868 0.52073 0.142296 0.524046 0.141509 0.524046 0.140723 0.525705 0.138365 0.525705 0.136006 0.53068 0.136006 0.535655 0.137579 0.538972 0.138365 0.538972 0.139151 0.54063 0.143868 0.54063 0.14544 0.537313 0.146226 0.537313 0.147799 0.533997 0.148585 0.533997 0.149371 0.532338 0.149371 0.529022 0.148585 0.527363 0.148585 0.525705 0.147013 0.522388 0.146226 0.522388 0.14544 0.52073
0 0.231918 0.668325 0.231918 0.674959 0.234277 0.679934 0.234277 0.681592 0.235063 0.681592 0.236635 0.684909 0.23978 0.684909 0.23978 0.678275 0.238994 0.676617 0.238994 0.674959 0.237421 0.671642 0.237421 0.669983 0.236635 0.668325
0 0.396226 0.701493 0.39544 0.703151 0.394654 0.703151 0.394654 0.706468 0.393868 0.708126 0.393868 0.721393 0.397013 0.728027 0.402516 0.728027 0.403302 0.726368 0.403302 0.72471 0.404088 0.723051 0.404088 0.711443 0.402516 0.708126 0.402516 0.706468 0.400943 0.703151 0.400157 0.703151 0.399371 0.701493
0 0.273585 0.703151 0.272799 0.704809 0.272799 0.706468 0.272013 0.708126 0.272013 0.709784 0.271226 0.711443 0.272013 0.713101 0.272013 0.719735 0.273585 0.723051 0.273585 0.726368 0.274371 0.728027 0.275943 0.72471 0.27673 0.72471 0.27673 0.723051 0.277516 0.721393 0.277516 0.719735 0.279088 0.716418 0.279088 0.71476 0.278302 0.713101 0.278302 0.711443 0.277516 0.709784 0.277516 0.708126 0.27673 0.706468 0.275943 0.706468 0.274371 0.703151
0 0.309748 0.402985 0.308962 0.404643 0.306604 0.404643 0.305818 0.406302 0.305818 0.40796 0.305031 0.409619 0.305031 0.41791 0.30739 0.422886 0.30739 0.424544 0.311321 0.424544 0.313679 0.419569 0.313679 0.41791 0.314465 0.416252 0.314465 0.414594 0.315252 0.412935 0.315252 0.40796 0.314465 0.406302 0.313679 0.406302 0.312893 0.404643 0.310535 0.404643
0 0.418239 0.41791 0.417453 0.419569 0.415881 0.419569 0.415881 0.421227 0.415094 0.422886 0.415094 0.429519 0.414308 0.431177 0.414308 0.437811 0.415094 0.439469 0.415094 0.441128 0.415881 0.442786 0.419025 0.442786 0.419811 0.441128 0.419811 0.439469 0.420597 0.437811 0.420597 0.436153 0.421384 0.434494 0.42217 0.434494 0.42217 0.432836 0.422956 0.431177 0.422956 0.422886 0.421384 0.419569 0.420597 0.419569 0.419811 0.41791
0 0.186321 0.562189 0.184748 0.565506 0.184748 0.570481 0.185535 0.572139 0.187107 0.572139 0.187893 0.573798 0.189465 0.573798 0.190252 0.575456 0.194969 0.575456 0.195755 0.573798 0.195755 0.570481 0.194182 0.567164 0.193396 0.567164 0.191824 0.563847 0.190252 0.563847 0.189465 0.562189
0 0.423742 0.384743 0.422956 0.386401 0.421384 0.386401 0.420597 0.38806 0.419811 0.38806 0.419025 0.389718 0.419025 0.399668 0.419811 0.401327 0.419811 0.402985 0.420597 0.402985 0.42217 0.406302 0.42217 0.40796 0.424528 0.40796 0.425314 0.406302 0.425314 0.404643 0.426101 0.402985 0.426101 0.39801 0.426887 0.396352 0.426887 0.386401 0.426101 0.384743
0 0.368711 0.432836 0.367925 0.434494 0.367925 0.442786 0.369497 0.446103 0.370283 0.446103 0.371069 0.447761 0.371855 0.447761 0.372642 0.44942 0.373428 0.44942 0.374214 0.451078 0.377358 0.451078 0.377358 0.441128 0.375786 0.437811 0.375786 0.436153 0.374214 0.432836
0 0.447327 0.674959 0.444969 0.679934 0.444969 0.68325 0.444182 0.684909 0.444182 0.694859 0.445755 0.698176 0.448113 0.698176 0.448899 0.699834 0.449686 0.699834 0.451258 0.696517 0.451258 0.694859 0.452044 0.693201 0.452044 0.689884 0.45283 0.688226 0.45283 0.676617 0.452044 0.674959
0 0.389937 0.72471 0.389151 0.726368 0.388365 0.726368 0.387579 0.728027 0.386792 0.728027 0.384434 0.733002 0.384434 0.74461 0.38522 0.74461 0.387579 0.749585 0.393868 0.749585 0.393868 0.747927 0.394654 0.746269 0.394654 0.742952 0.39544 0.741294 0.39544 0.729685 0.393082 0.72471
0 0.233491 0.509121 0.231918 0.512438 0.231918 0.515755 0.232704 0.517413 0.232704 0.519071 0.233491 0.519071 0.235063 0.522388 0.236635 0.522388 0.237421 0.524046 0.238208 0.524046 0.238994 0.525705 0.240566 0.525705 0.241352 0.524046 0.242138 0.524046 0.242138 0.522388 0.242925 0.52073 0.242925 0.517413 0.242138 0.515755 0.242138 0.514096 0.240566 0.510779 0.238994 0.510779 0.238208 0.509121
0 0.538522 0.573798 0.537736 0.575456 0.53695 0.575456 0.53695 0.585406 0.537736 0.587065 0.540881 0.587065 0.542453 0.583748 0.542453 0.575456 0.541667 0.573798
0 0.366352 0.66335 0.366352 0.669983 0.367925 0.6733 0.368711 0.6733 0.369497 0.674959 0.371069 0.674959 0.371069 0.669983 0.370283 0.668325 0.370283 0.666667 0.368711 0.66335
0 0.20283 0.723051 0.201258 0.726368 0.200472 0.726368 0.198113 0.731343 0.198113 0.733002 0.197327 0.73466 0.197327 0.736318 0.196541 0.737977 0.196541 0.742952 0.198113 0.746269 0.206761 0.746269 0.207547 0.74461 0.208333 0.74461 0.212264 0.736318 0.212264 0.729685 0.211478 0.728027 0.211478 0.726368 0.209906 0.723051
0 0.450472 0.616915 0.449686 0.618574 0.449686 0.620232 0.448899 0.621891 0.448899 0.631841 0.449686 0.633499 0.450472 0.633499 0.45283 0.638474 0.457547 0.638474 0.457547 0.636816 0.458333 0.635158 0.458333 0.633499 0.459119 0.631841 0.458333 0.630182 0.458333 0.623549 0.455975 0.618574 0.454403 0.618574 0.453616 0.616915
0 0.176887 0.731343 0.176887 0.73466 0.177673 0.736318 0.176887 0.737977 0.176887 0.741294 0.177673 0.742952 0.177673 0.747927 0.181604 0.747927 0.18239 0.746269 0.183962 0.746269 0.183962 0.74461 0.184748 0.742952 0.183962 0.741294 0.183962 0.737977 0.183176 0.736318 0.183176 0.73466 0.181604 0.73466 0.180818 0.733002 0.180031 0.733002 0.179245 0.731343
0 0.498428 0.623549 0.497642 0.625207 0.496855 0.625207 0.496855 0.626866 0.496069 0.628524 0.496069 0.630182 0.495283 0.631841 0.495283 0.640133 0.496069 0.641791 0.496069 0.645108 0.498428 0.645108 0.499214 0.646766 0.5 0.645108 0.501572 0.645108 0.502358 0.643449 0.502358 0.641791 0.503145 0.640133 0.503145 0.631841 0.502358 0.630182 0.502358 0.628524 0.501572 0.626866 0.501572 0.623549
0 0.316038 0.373134 0.315252 0.374793 0.314465 0.374793 0.312107 0.379768 0.312107 0.381426 0.311321 0.383085 0.311321 0.38806 0.312107 0.389718 0.312107 0.391376 0.315252 0.39801 0.31761 0.39801 0.318396 0.396352 0.318396 0.394693 0.319182 0.393035 0.319182 0.381426 0.318396 0.379768 0.318396 0.378109 0.31761 0.376451 0.31761 0.374793 0.316824 0.374793
0 0.492138 0.439469 0.491352 0.441128 0.490566 0.441128 0.490566 0.446103 0.48978 0.447761 0.48978 0.454395 0.490566 0.456053 0.490566 0.457711 0.491352 0.45937 0.494497 0.45937 0.495283 0.457711 0.495283 0.454395 0.496069 0.452736 0.496069 0.446103 0.495283 0.444444 0.495283 0.441128 0.494497 0.439469
0 0.448899 0.567164 0.448113 0.568823 0.447327 0.568823 0.446541 0.570481 0.445755 0.570481 0.445755 0.577114 0.446541 0.578773 0.45283 0.578773 0.453616 0.580431 0.454403 0.580431 0.455189 0.578773 0.455189 0.577114 0.455975 0.575456 0.455975 0.573798 0.454403 0.570481 0.453616 0.570481 0.452044 0.567164
0 0.152516 0.474295 0.152516 0.477612 0.15173 0.47927 0.150943 0.47927 0.150157 0.480929 0.149371 0.480929 0.149371 0.485904 0.152516 0.492537 0.153302 0.492537 0.154088 0.494196 0.154874 0.494196 0.15566 0.495854 0.158805 0.495854 0.159591 0.494196 0.159591 0.485904 0.158805 0.484245 0.158805 0.482587 0.154874 0.474295
0 0.269654 0.779436 0.268868 0.781095 0.268868 0.792703 0.269654 0.794362 0.272799 0.794362 0.273585 0.792703 0.273585 0.782753 0.272799 0.781095 0.272013 0.781095 0.271226 0.779436
0 0.455975 0.40796 0.455189 0.409619 0.455189 0.41791 0.454403 0.419569 0.454403 0.421227 0.453616 0.422886 0.453616 0.429519 0.455975 0.434494 0.456761 0.434494 0.459906 0.427861 0.459906 0.424544 0.460692 0.422886 0.460692 0.421227 0.461478 0.419569 0.461478 0.416252 0.460692 0.414594 0.460692 0.412935 0.459906 0.412935 0.459119 0.411277 0.459119 0.409619 0.458333 0.409619 0.457547 0.40796
0 0.112421 0.616915 0.110849 0.620232 0.110063 0.620232 0.110063 0.621891 0.109277 0.623549 0.108491 0.623549 0.109277 0.625207 0.109277 0.626866 0.108491 0.628524 0.108491 0.630182 0.109277 0.631841 0.110063 0.631841 0.110849 0.633499 0.110849 0.635158 0.113994 0.635158 0.11478 0.633499 0.116352 0.633499 0.119497 0.626866 0.120283 0.626866 0.120283 0.621891 0.118711 0.618574 0.11478 0.618574 0.113994 0.620232
0 0.186321 0.674959 0.183962 0.679934 0.183176 0.679934 0.18239 0.681592 0.181604 0.681592 0.181604 0.688226 0.183962 0.693201 0.184748 0.693201 0.185535 0.694859 0.186321 0.694859 0.187107 0.696517 0.190252 0.696517 0.191038 0.694859 0.191824 0.694859 0.191824 0.693201 0.19261 0.691542 0.19261 0.689884 0.193396 0.688226 0.193396 0.679934 0.19261 0.678275 0.19261 0.676617 0.191824 0.676617 0.191038 0.674959
0 0.512579 0.45937 0.511792 0.461028 0.511792 0.467662 0.514937 0.474295 0.518868 0.474295 0.519654 0.472637 0.519654 0.466003 0.516509 0.45937
0 0.157233 0.568823 0.154088 0.575456 0.153302 0.575456 0.15173 0.578773 0.150943 0.578773 0.150943 0.580431 0.150157 0.58209 0.150943 0.583748 0.152516 0.583748 0.153302 0.585406 0.154088 0.585406 0.154874 0.587065 0.15566 0.587065 0.156447 0.588723 0.156447 0.590381 0.157233 0.588723 0.159591 0.588723 0.160377 0.587065 0.161164 0.587065 0.16195 0.585406 0.16195 0.58209 0.162736 0.580431 0.162736 0.578773 0.163522 0.577114 0.163522 0.572139 0.16195 0.568823
0 0.360849 0.696517 0.359277 0.699834 0.359277 0.709784 0.360063 0.711443 0.360849 0.711443 0.361635 0.713101 0.362421 0.713101 0.36478 0.718076 0.368711 0.718076 0.369497 0.716418 0.369497 0.708126 0.367925 0.704809 0.367138 0.704809 0.363994 0.698176 0.363994 0.696517
0 0.360063 0.412935 0.359277 0.414594 0.358491 0.414594 0.358491 0.429519 0.359277 0.431177 0.358491 0.432836 0.357704 0.432836 0.356918 0.431177 0.35456 0.431177 0.353774 0.432836 0.353774 0.434494 0.352987 0.436153 0.352201 0.436153 0.352201 0.446103 0.355346 0.452736 0.355346 0.454395 0.356918 0.454395 0.357704 0.456053 0.360063 0.456053 0.360849 0.454395 0.362421 0.454395 0.362421 0.442786 0.358491 0.434494 0.358491 0.432836 0.359277 0.431177 0.360849 0.434494 0.366352 0.434494 0.366352 0.432836 0.367138 0.431177 0.367138 0.414594 0.366352 0.414594 0.365566 0.412935
0 0.437893 0.500829 0.436321 0.504146 0.436321 0.507463 0.435535 0.509121 0.435535 0.514096 0.438679 0.52073 0.438679 0.522388 0.44261 0.522388 0.444182 0.519071 0.444182 0.515755 0.444969 0.514096 0.444182 0.512438 0.444182 0.507463 0.441038 0.500829
0 0.240566 0.719735 0.238994 0.723051 0.238208 0.723051 0.237421 0.72471 0.235849 0.72471 0.235849 0.726368 0.235063 0.728027 0.235063 0.729685 0.234277 0.731343 0.234277 0.742952 0.235063 0.742952 0.236635 0.746269 0.242925 0.746269 0.245283 0.741294 0.245283 0.737977 0.246069 0.736318 0.246069 0.73466 0.246855 0.733002 0.246855 0.731343 0.246069 0.729685 0.246069 0.728027 0.245283 0.726368 0.245283 0.72471 0.243711 0.721393 0.242925 0.721393 0.242138 0.719735
0 0.418239 0.733002 0.418239 0.739635 0.417453 0.741294 0.416667 0.741294 0.416667 0.742952 0.415881 0.74461 0.415881 0.749585 0.416667 0.751244 0.418239 0.751244 0.419025 0.752902 0.422956 0.752902 0.422956 0.749585 0.423742 0.747927 0.423742 0.736318 0.422956 0.73466 0.42217 0.73466 0.421384 0.733002
0 0.434748 0.383085 0.433962 0.384743 0.433176 0.384743 0.433176 0.386401 0.43239 0.38806 0.43239 0.391376 0.433176 0.393035 0.433176 0.399668 0.434748 0.402985 0.437107 0.402985 0.437893 0.401327 0.438679 0.401327 0.438679 0.39801 0.439465 0.396352 0.439465 0.386401 0.438679 0.384743 0.437893 0.384743 0.437107 0.383085
0 0.429245 0.6534 0.429245 0.655058 0.428459 0.656716 0.427673 0.656716 0.426887 0.658375 0.426887 0.660033 0.425314 0.66335 0.425314 0.665008 0.424528 0.666667 0.424528 0.678275 0.426101 0.681592 0.430031 0.681592 0.43239 0.676617 0.43239 0.660033 0.431604 0.658375 0.431604 0.6534
0 0.279088 0.772803 0.279088 0.787728 0.279874 0.787728 0.28066 0.789386 0.284591 0.789386 0.285377 0.787728 0.285377 0.772803
0 0.533805 0.505804 0.533019 0.507463 0.531447 0.507463 0.53066 0.509121 0.53066 0.510779 0.529874 0.512438 0.529874 0.515755 0.531447 0.519071 0.531447 0.52073 0.533019 0.52073 0.533805 0.522388 0.534591 0.52073 0.536164 0.52073 0.537736 0.517413 0.537736 0.515755 0.538522 0.514096 0.538522 0.510779 0.536164 0.505804
0 0.264937 0.718076 0.264151 0.719735 0.264151 0.721393 0.262579 0.72471 0.262579 0.728027 0.261792 0.729685 0.261792 0.736318 0.261006 0.737977 0.261792 0.739635 0.261792 0.742952 0.262579 0.74461 0.265723 0.74461 0.268082 0.739635 0.268868 0.741294 0.269654 0.739635 0.269654 0.728027 0.268868 0.726368 0.268868 0.721393 0.268082 0.719735 0.268082 0.718076
0 0.506289 0.538972 0.506289 0.547264 0.507075 0.548922 0.507075 0.55058 0.508648 0.553897 0.508648 0.555556 0.509434 0.555556 0.51022 0.557214 0.514151 0.557214 0.514937 0.555556 0.515723 0.555556 0.517296 0.552239 0.517296 0.547264 0.516509 0.545605 0.516509 0.543947 0.514937 0.54063 0.512579 0.54063 0.511792 0.538972
0 0.225629 0.452736 0.224843 0.454395 0.224057 0.454395 0.22327 0.456053 0.22327 0.457711 0.222484 0.45937 0.221698 0.45937 0.221698 0.461028 0.220912 0.462687 0.220912 0.475954 0.221698 0.477612 0.221698 0.47927 0.222484 0.47927 0.224057 0.482587 0.228774 0.482587 0.233491 0.472637 0.233491 0.462687 0.22956 0.454395 0.228774 0.454395 0.227987 0.452736
0 0.167453 0.494196 0.166667 0.495854 0.165881 0.495854 0.164308 0.499171 0.164308 0.502488 0.165094 0.504146 0.165094 0.505804 0.165881 0.507463 0.166667 0.507463 0.171384 0.517413 0.17217 0.517413 0.172956 0.519071 0.176887 0.519071 0.178459 0.515755 0.178459 0.514096 0.180031 0.510779 0.180031 0.509121 0.180818 0.507463 0.180818 0.504146 0.180031 0.502488 0.179245 0.502488 0.177673 0.499171 0.176887 0.499171 0.176101 0.497512 0.174528 0.497512 0.173742 0.495854 0.170597 0.495854 0.169811 0.494196
0 0.409591 0.709784 0.408805 0.711443 0.408805 0.716418 0.408019 0.718076 0.408019 0.721393 0.407233 0.723051 0.408019 0.72471 0.408019 0.728027 0.407233 0.729685 0.408019 0.729685 0.408805 0.731343 0.410377 0.731343 0.411164 0.733002 0.415094 0.733002 0.415881 0.731343 0.415881 0.728027 0.415094 0.726368 0.415094 0.719735 0.415881 0.718076 0.415881 0.71476 0.414308 0.711443 0.413522 0.711443 0.412736 0.709784
0 0.509434 0.565506 0.508648 0.567164 0.507862 0.567164 0.507075 0.568823 0.507075 0.578773 0.507862 0.580431 0.511006 0.580431 0.511792 0.578773 0.512579 0.578773 0.513365 0.577114 0.514937 0.577114 0.514937 0.575456 0.515723 0.573798 0.516509 0.573798 0.516509 0.565506
0 0.443396 0.709784 0.443396 0.711443 0.44261 0.713101 0.441824 0.713101 0.441824 0.71476 0.441038 0.716418 0.441038 0.728027 0.441824 0.729685 0.445755 0.729685 0.447327 0.726368 0.447327 0.72471 0.448113 0.723051 0.448113 0.71476 0.445755 0.709784
0 0.481132 0.414594 0.480346 0.416252 0.47956 0.416252 0.47956 0.426202 0.480346 0.427861 0.487421 0.427861 0.487421 0.41791 0.485849 0.414594
0 0.334119 0.761194 0.333333 0.762852 0.333333 0.764511 0.331761 0.767828 0.328616 0.767828 0.328616 0.776119 0.329403 0.777778 0.330189 0.777778 0.331761 0.781095 0.337264 0.781095 0.33805 0.779436 0.33805 0.767828 0.335692 0.762852 0.335692 0.761194
0 0.159591 0.598673 0.158805 0.600332 0.158019 0.600332 0.158019 0.603648 0.157233 0.605307 0.156447 0.605307 0.156447 0.608624 0.15566 0.610282 0.15566 0.615257 0.156447 0.616915 0.15566 0.618574 0.158019 0.623549 0.158019 0.625207 0.158805 0.623549 0.159591 0.623549 0.160377 0.625207 0.160377 0.626866 0.165094 0.626866 0.168239 0.620232 0.168239 0.613599 0.167453 0.61194 0.167453 0.610282 0.164308 0.603648 0.163522 0.603648 0.16195 0.600332 0.160377 0.600332
0 0.201258 0.553897 0.201258 0.563847 0.203616 0.568823 0.207547 0.568823 0.208333 0.567164 0.208333 0.565506 0.209119 0.563847 0.209119 0.557214 0.208333 0.555556 0.208333 0.553897
0 0.518868 0.610282 0.518082 0.61194 0.518082 0.620232 0.519654 0.623549 0.523585 0.623549 0.523585 0.621891 0.524371 0.620232 0.524371 0.61194 0.523585 0.61194 0.522799 0.610282
0 0.127358 0.575456 0.126572 0.577114 0.125786 0.577114 0.125786 0.578773 0.125 0.580431 0.125 0.58209 0.124214 0.583748 0.124214 0.597015 0.125786 0.600332 0.128145 0.600332 0.128931 0.60199 0.129717 0.600332 0.132075 0.600332 0.132862 0.598673 0.133648 0.598673 0.133648 0.597015 0.134434 0.595357 0.134434 0.593698 0.13522 0.59204 0.13522 0.585406 0.134434 0.585406 0.133648 0.583748 0.133648 0.58209 0.131289 0.577114 0.130503 0.577114 0.129717 0.575456
0 0.439465 0.615257 0.438679 0.616915 0.438679 0.618574 0.437893 0.620232 0.437893 0.621891 0.437107 0.623549 0.437107 0.628524 0.436321 0.630182 0.436321 0.641791 0.437107 0.643449 0.438679 0.643449 0.440252 0.640133 0.441038 0.640133 0.441824 0.638474 0.44261 0.638474 0.443396 0.636816 0.443396 0.633499 0.444969 0.630182 0.444969 0.620232 0.444182 0.618574 0.444182 0.616915 0.443396 0.615257
0 0.390723 0.676617 0.390723 0.691542 0.391509 0.693201 0.391509 0.694859 0.393082 0.698176 0.39544 0.693201 0.39544 0.691542 0.397013 0.688226 0.397013 0.684909 0.39544 0.681592 0.393868 0.681592 0.393082 0.679934 0.393082 0.678275 0.392296 0.676617
0 0.502358 0.595357 0.5 0.600332 0.5 0.610282 0.503145 0.616915 0.504717 0.616915 0.505503 0.615257 0.508648 0.615257 0.508648 0.613599 0.509434 0.61194 0.51022 0.61194 0.511006 0.610282 0.511006 0.600332 0.51022 0.598673 0.508648 0.598673 0.507075 0.595357
0 0.461478 0.386401 0.459906 0.389718 0.459906 0.393035 0.461478 0.396352 0.463836 0.396352 0.463836 0.394693 0.464623 0.393035 0.464623 0.389718 0.46305 0.386401
0 0.433176 0.68325 0.433176 0.684909 0.43239 0.686567 0.43239 0.691542 0.431604 0.693201 0.431604 0.709784 0.43239 0.711443 0.435535 0.711443 0.436321 0.709784 0.437107 0.709784 0.437107 0.708126 0.437893 0.706468 0.438679 0.706468 0.440252 0.703151 0.440252 0.693201 0.439465 0.691542 0.439465 0.689884 0.436321 0.68325
0 0.350629 0.369818 0.349843 0.371476 0.349843 0.386401 0.353774 0.394693 0.355346 0.394693 0.356132 0.393035 0.356132 0.391376 0.356918 0.389718 0.356918 0.384743 0.357704 0.383085 0.357704 0.379768 0.35456 0.373134 0.353774 0.373134 0.352987 0.371476 0.352987 0.369818
0 0.52673 0.475954 0.52673 0.477612 0.525157 0.480929 0.525157 0.489221 0.527516 0.494196 0.528302 0.494196 0.529088 0.492537 0.529874 0.492537 0.53066 0.490879 0.531447 0.490879 0.53066 0.489221 0.531447 0.487562 0.531447 0.477612 0.529874 0.477612 0.529088 0.475954 0.528302 0.477612 0.527516 0.475954
0 0.325472 0.474295 0.324686 0.475954 0.324686 0.477612 0.323899 0.47927 0.323899 0.484245 0.325472 0.487562 0.32783 0.487562 0.328616 0.485904 0.329403 0.485904 0.329403 0.475954 0.328616 0.475954 0.32783 0.474295
0 0.27673 0.73466 0.27673 0.739635 0.277516 0.741294 0.277516 0.742952 0.278302 0.74461 0.279088 0.74461 0.279874 0.746269 0.279874 0.747927 0.28066 0.749585 0.28066 0.754561 0.281447 0.754561 0.282233 0.756219 0.283805 0.756219 0.284591 0.754561 0.28695 0.754561 0.28695 0.752902 0.287736 0.751244 0.287736 0.739635 0.28695 0.737977 0.28695 0.736318 0.286164 0.736318 0.285377 0.73466
0 0.487421 0.52073 0.486635 0.522388 0.485849 0.522388 0.485063 0.524046 0.485063 0.525705 0.484277 0.527363 0.484277 0.535655 0.485063 0.535655 0.485849 0.537313 0.48978 0.537313 0.490566 0.538972 0.491352 0.537313 0.492138 0.537313 0.492925 0.535655 0.492925 0.533997 0.493711 0.532338 0.493711 0.525705 0.492925 0.524046 0.492138 0.524046 0.491352 0.522388 0.48978 0.522388 0.488994 0.524046
0 0.48978 0.603648 0.488994 0.605307 0.488208 0.605307 0.487421 0.606965 0.486635 0.606965 0.485849 0.608624 0.485849 0.616915 0.486635 0.616915 0.488208 0.620232 0.488208 0.623549 0.488994 0.625207 0.492138 0.625207 0.495283 0.618574 0.496069 0.618574 0.496069 0.615257 0.496855 0.613599 0.496069 0.61194 0.496069 0.610282 0.495283 0.608624 0.495283 0.606965 0.493711 0.603648
0 0.387579 0.39801 0.387579 0.399668 0.386792 0.401327 0.386792 0.404643 0.386006 0.406302 0.386792 0.40796 0.386792 0.416252 0.387579 0.414594 0.388365 0.414594 0.389151 0.412935 0.389937 0.412935 0.389937 0.411277 0.390723 0.409619 0.391509 0.409619 0.392296 0.40796 0.393082 0.40796 0.393868 0.406302 0.394654 0.406302 0.394654 0.404643 0.39544 0.402985 0.39544 0.401327 0.394654 0.399668 0.393082 0.399668 0.392296 0.39801
0 0.246069 0.422886 0.245283 0.424544 0.243711 0.424544 0.241352 0.429519 0.241352 0.432836 0.242138 0.434494 0.242138 0.439469 0.242925 0.441128 0.242925 0.442786 0.246855 0.451078 0.25 0.451078 0.250786 0.44942 0.250786 0.447761 0.251572 0.446103 0.251572 0.442786 0.252358 0.441128 0.252358 0.439469 0.253145 0.437811 0.253145 0.434494 0.248428 0.424544 0.246855 0.424544
0 0.422956 0.587065 0.422956 0.593698 0.427673 0.603648 0.429245 0.603648 0.429245 0.595357 0.428459 0.593698 0.428459 0.59204 0.427673 0.590381 0.427673 0.588723 0.426887 0.587065
0 0.53066 0.553897 0.527516 0.560531 0.525943 0.560531 0.525157 0.562189 0.524371 0.562189 0.523585 0.563847 0.523585 0.568823 0.524371 0.570481 0.53066 0.570481 0.531447 0.568823 0.531447 0.567164 0.534591 0.560531 0.534591 0.555556 0.533805 0.553897
0 0.202044 0.635158 0.202044 0.636816 0.201258 0.638474 0.201258 0.646766 0.20283 0.650083 0.203616 0.650083 0.204403 0.648425 0.205189 0.648425 0.206761 0.645108 0.207547 0.646766 0.207547 0.645108 0.208333 0.643449 0.209119 0.643449 0.209119 0.641791 0.208333 0.640133 0.207547 0.640133 0.206761 0.638474 0.205975 0.638474 0.204403 0.635158
0 0.146226 0.711443 0.143082 0.718076 0.143082 0.723051 0.143868 0.723051 0.144654 0.72471 0.147799 0.72471 0.148585 0.723051 0.149371 0.723051 0.15173 0.718076 0.15173 0.71476 0.150943 0.713101 0.150157 0.713101 0.149371 0.711443
0 0.381289 0.661692 0.381289 0.665008 0.380503 0.666667 0.380503 0.678275 0.381289 0.679934 0.384434 0.679934 0.38522 0.678275 0.38522 0.666667 0.383648 0.66335 0.383648 0.661692
0 0.414308 0.658375 0.413522 0.660033 0.413522 0.66335 0.412736 0.665008 0.412736 0.666667 0.413522 0.668325 0.413522 0.669983 0.414308 0.671642 0.414308 0.6733 0.415881 0.676617 0.417453 0.676617 0.418239 0.678275 0.419811 0.678275 0.419811 0.676617 0.420597 0.674959 0.419811 0.6733 0.420597 0.671642 0.420597 0.669983 0.419811 0.668325 0.419811 0.666667 0.420597 0.665008 0.419811 0.66335 0.419811 0.661692 0.419025 0.660033 0.419025 0.658375 0.417453 0.658375 0.416667 0.660033 0.415881 0.660033 0.415094 0.658375
0 0.47956 0.507463 0.478774 0.509121 0.477201 0.509121 0.477201 0.510779 0.476415 0.512438 0.476415 0.514096 0.474057 0.519071 0.474057 0.527363 0.474843 0.529022 0.475629 0.529022 0.476415 0.53068 0.476415 0.532338 0.477201 0.533997 0.477987 0.533997 0.478774 0.532338 0.47956 0.532338 0.47956 0.53068 0.481132 0.527363 0.481132 0.525705 0.481918 0.524046 0.481918 0.507463
0 0.497642 0.572139 0.496855 0.573798 0.495283 0.573798 0.494497 0.575456 0.494497 0.583748 0.495283 0.585406 0.495283 0.588723 0.496069 0.590381 0.5 0.590381 0.500786 0.588723 0.501572 0.588723 0.501572 0.577114 0.500786 0.575456 0.500786 0.572139
0 0.258648 0.447761 0.257862 0.44942 0.257075 0.44942 0.256289 0.451078 0.256289 0.45937 0.258648 0.464345 0.259434 0.464345 0.261006 0.467662 0.267296 0.467662 0.266509 0.466003 0.267296 0.464345 0.267296 0.462687 0.268082 0.461028 0.268082 0.45937 0.267296 0.457711 0.267296 0.456053 0.265723 0.452736 0.264937 0.452736 0.264151 0.451078 0.262579 0.451078 0.261792 0.44942 0.259434 0.44942
0 0.446541 0.641791 0.446541 0.643449 0.445755 0.645108 0.445755 0.6534 0.449686 0.661692 0.448899 0.66335 0.449686 0.66335 0.450472 0.665008 0.454403 0.665008 0.455975 0.661692 0.455975 0.648425 0.455189 0.646766 0.45283 0.646766 0.451258 0.643449 0.449686 0.643449 0.448899 0.641791
0 0.261006 0.421227 0.26022 0.422886 0.259434 0.422886 0.259434 0.424544 0.258648 0.426202 0.258648 0.431177 0.259434 0.432836 0.259434 0.434494 0.262579 0.441128 0.263365 0.441128 0.264151 0.442786 0.265723 0.442786 0.266509 0.444444 0.269654 0.444444 0.27044 0.442786 0.27044 0.432836 0.269654 0.431177 0.269654 0.429519 0.268082 0.426202 0.268082 0.424544 0.267296 0.424544 0.266509 0.422886 0.264937 0.422886 0.264151 0.421227
0 0.482704 0.698176 0.481918 0.699834 0.481132 0.699834 0.481132 0.701493 0.480346 0.703151 0.480346 0.706468 0.481132 0.708126 0.481132 0.709784 0.484277 0.709784 0.485063 0.708126 0.485063 0.701493 0.483491 0.698176
0 0.319969 0.68325 0.319969 0.691542 0.322327 0.696517 0.323899 0.696517 0.324686 0.698176 0.32783 0.698176 0.32783 0.688226 0.327044 0.686567 0.327044 0.684909 0.326258 0.684909 0.325472 0.68325
0 0.494497 0.490879 0.494497 0.492537 0.493711 0.494196 0.490566 0.494196 0.488994 0.497512 0.487421 0.497512 0.485849 0.500829 0.485849 0.507463 0.486635 0.509121 0.488208 0.509121 0.488994 0.510779 0.495283 0.510779 0.495283 0.509121 0.496069 0.507463 0.496069 0.499171 0.496855 0.497512 0.496855 0.490879
0 0.448113 0.386401 0.446541 0.389718 0.446541 0.394693 0.447327 0.396352 0.447327 0.39801 0.448113 0.39801 0.449686 0.401327 0.45283 0.401327 0.453616 0.399668 0.453616 0.394693 0.45283 0.393035 0.45283 0.389718 0.452044 0.38806 0.451258 0.38806 0.450472 0.386401
0 0.41195 0.391376 0.411164 0.393035 0.407233 0.393035 0.406447 0.394693 0.40566 0.394693 0.404874 0.396352 0.404874 0.404643 0.407233 0.409619 0.408019 0.409619 0.410377 0.414594 0.411164 0.414594 0.41195 0.412935 0.412736 0.412935 0.413522 0.411277 0.413522 0.40796 0.414308 0.406302 0.414308 0.394693 0.413522 0.393035 0.412736 0.393035
0 0.20283 0.44942 0.20283 0.451078 0.202044 0.452736 0.200472 0.452736 0.198899 0.456053 0.198113 0.456053 0.198113 0.457711 0.197327 0.45937 0.197327 0.462687 0.196541 0.464345 0.196541 0.470978 0.197327 0.472637 0.197327 0.474295 0.199686 0.47927 0.200472 0.477612 0.203616 0.477612 0.205975 0.472637 0.205975 0.46932 0.206761 0.467662 0.206761 0.462687 0.207547 0.461028 0.207547 0.45937 0.206761 0.457711 0.206761 0.456053 0.205975 0.454395 0.205189 0.454395 0.204403 0.452736 0.203616 0.452736 0.20283 0.451078
0 0.400157 0.512438 0.398585 0.515755 0.398585 0.517413 0.397799 0.519071 0.397799 0.524046 0.398585 0.525705 0.399371 0.525705 0.400157 0.527363 0.402516 0.527363 0.402516 0.525705 0.403302 0.524046 0.403302 0.514096 0.402516 0.514096 0.40173 0.512438
0 0.455975 0.691542 0.455975 0.693201 0.454403 0.696517 0.454403 0.698176 0.453616 0.699834 0.453616 0.711443 0.454403 0.713101 0.459119 0.713101 0.459119 0.711443 0.460692 0.708126 0.460692 0.704809 0.461478 0.703151 0.461478 0.696517 0.460692 0.694859 0.460692 0.693201 0.459906 0.691542
0 0.165881 0.635158 0.165094 0.636816 0.163522 0.636816 0.162736 0.638474 0.16195 0.638474 0.160377 0.641791 0.160377 0.650083 0.161164 0.651741 0.16195 0.651741 0.162736 0.6534 0.168239 0.6534 0.169025 0.651741 0.171384 0.651741 0.172956 0.648425 0.173742 0.648425 0.174528 0.646766 0.174528 0.641791 0.173742 0.641791 0.171384 0.636816 0.170597 0.636816 0.169811 0.635158 0.168239 0.635158 0.167453 0.636816 0.166667 0.636816
0 0.528302 0.59204 0.528302 0.60199 0.529088 0.603648 0.533019 0.603648 0.533019 0.60199 0.533805 0.600332 0.533805 0.595357 0.533019 0.593698 0.533019 0.59204
0 0.44261 0.537313 0.441038 0.54063 0.441038 0.542289 0.438679 0.547264 0.438679 0.548922 0.439465 0.55058 0.440252 0.55058 0.441038 0.552239 0.441824 0.552239 0.443396 0.555556 0.443396 0.557214 0.444182 0.555556 0.444969 0.555556 0.446541 0.552239 0.446541 0.55058 0.447327 0.548922 0.447327 0.543947 0.445755 0.54063 0.445755 0.538972 0.444969 0.538972 0.444182 0.537313
0 0.391509 0.762852 0.390723 0.764511 0.390723 0.769486 0.391509 0.771144 0.391509 0.772803 0.392296 0.774461 0.39544 0.774461 0.39544 0.767828 0.393082 0.762852
0 0.186321 0.505804 0.185535 0.507463 0.184748 0.507463 0.183962 0.509121 0.183176 0.509121 0.18239 0.510779 0.18239 0.515755 0.183176 0.517413 0.183176 0.519071 0.183962 0.52073 0.184748 0.52073 0.186321 0.524046 0.187107 0.524046 0.187893 0.525705 0.194182 0.525705 0.196541 0.52073 0.196541 0.519071 0.197327 0.517413 0.197327 0.514096 0.195755 0.510779 0.195755 0.509121 0.194969 0.509121 0.194182 0.507463 0.193396 0.507463 0.19261 0.505804
0 0.170597 0.580431 0.169811 0.58209 0.169025 0.58209 0.168239 0.583748 0.167453 0.583748 0.168239 0.585406 0.167453 0.587065 0.169025 0.590381 0.169025 0.59204 0.169811 0.593698 0.169811 0.595357 0.170597 0.597015 0.171384 0.597015 0.17217 0.598673 0.179245 0.598673 0.179245 0.597015 0.180031 0.595357 0.180818 0.595357 0.181604 0.593698 0.180818 0.59204 0.18239 0.588723 0.18239 0.583748 0.181604 0.583748 0.180818 0.58209 0.180031 0.583748 0.179245 0.583748 0.178459 0.58209 0.176887 0.58209 0.176101 0.583748 0.17217 0.583748
0 0.334119 0.681592 0.333333 0.68325 0.333333 0.684909 0.332547 0.686567 0.332547 0.696517 0.333333 0.698176 0.339623 0.698176 0.340409 0.699834 0.34434 0.699834 0.34434 0.698176 0.345126 0.696517 0.345126 0.693201 0.34434 0.691542 0.34434 0.689884 0.341195 0.68325 0.340409 0.68325 0.339623 0.681592
0 0.459906 0.512438 0.459906 0.522388 0.460692 0.524046 0.460692 0.53068 0.462264 0.533997 0.46305 0.533997 0.464623 0.537313 0.466195 0.537313 0.466981 0.535655 0.466981 0.532338 0.467767 0.53068 0.467767 0.525705 0.466981 0.524046 0.466981 0.522388 0.464623 0.517413 0.465409 0.515755 0.463836 0.515755 0.462264 0.512438
0 0.374214 0.713101 0.372642 0.716418 0.371855 0.716418 0.371855 0.73466 0.372642 0.736318 0.372642 0.739635 0.374214 0.742952 0.378145 0.742952 0.378145 0.741294 0.378931 0.739635 0.378931 0.736318 0.379717 0.73466 0.379717 0.718076 0.378931 0.716418 0.378931 0.71476 0.378145 0.713101
0 0.147013 0.625207 0.146226 0.626866 0.14544 0.626866 0.143082 0.631841 0.143082 0.636816 0.147799 0.646766 0.153302 0.646766 0.154088 0.645108 0.154874 0.645108 0.154874 0.643449 0.156447 0.640133 0.156447 0.638474 0.157233 0.636816 0.157233 0.631841 0.154874 0.626866 0.15173 0.626866 0.150943 0.625207
0 0.313679 0.739635 0.313679 0.741294 0.312893 0.742952 0.312893 0.74461 0.312107 0.746269 0.311321 0.746269 0.309748 0.749585 0.309748 0.757877 0.313679 0.766169 0.314465 0.764511 0.316824 0.764511 0.31761 0.762852 0.31761 0.761194 0.318396 0.759536 0.318396 0.741294 0.31761 0.739635
0 0.191824 0.429519 0.191038 0.431177 0.190252 0.431177 0.188679 0.434494 0.188679 0.436153 0.187893 0.437811 0.187893 0.441128 0.189465 0.444444 0.194969 0.444444 0.196541 0.441128 0.196541 0.434494 0.195755 0.432836 0.195755 0.431177 0.194969 0.431177 0.194182 0.429519
0 0.259434 0.751244 0.258648 0.752902 0.258648 0.757877 0.257862 0.759536 0.257862 0.761194 0.257075 0.762852 0.257075 0.772803 0.257862 0.774461 0.257862 0.777778 0.258648 0.779436 0.263365 0.779436 0.265723 0.774461 0.265723 0.772803 0.266509 0.771144 0.266509 0.766169 0.265723 0.764511 0.265723 0.762852 0.264937 0.761194 0.264937 0.759536 0.263365 0.756219 0.263365 0.754561 0.261792 0.751244
0 0.500786 0.505804 0.5 0.507463 0.5 0.509121 0.499214 0.510779 0.499214 0.527363 0.5 0.529022 0.5 0.53068 0.503145 0.53068 0.505503 0.525705 0.505503 0.522388 0.504717 0.52073 0.504717 0.519071 0.505503 0.517413 0.505503 0.510779 0.504717 0.509121 0.504717 0.507463 0.503931 0.505804
0 0.311321 0.470978 0.309748 0.474295 0.309748 0.47927 0.312893 0.485904 0.313679 0.485904 0.314465 0.487562 0.315252 0.487562 0.315252 0.480929 0.314465 0.47927 0.314465 0.477612
0 0.429245 0.409619 0.428459 0.411277 0.428459 0.412935 0.427673 0.414594 0.427673 0.424544 0.429245 0.427861 0.429245 0.429519 0.430818 0.429519 0.43239 0.432836 0.436321 0.432836 0.436321 0.424544 0.437107 0.422886 0.437107 0.41791 0.436321 0.416252 0.436321 0.414594 0.435535 0.412935 0.435535 0.411277 0.433962 0.411277 0.433176 0.409619
0 0.393868 0.643449 0.393082 0.645108 0.393082 0.646766 0.392296 0.648425 0.392296 0.655058 0.393868 0.655058 0.394654 0.656716 0.394654 0.658375 0.39544 0.656716 0.39544 0.655058 0.397799 0.650083 0.397799 0.643449
0 0.198899 0.525705 0.198113 0.527363 0.197327 0.527363 0.195755 0.53068 0.195755 0.532338 0.194969 0.533997 0.194969 0.537313 0.195755 0.538972 0.195755 0.54063 0.198113 0.545605 0.202044 0.545605 0.20283 0.543947 0.20283 0.533997 0.202044 0.532338 0.202044 0.53068 0.201258 0.53068
0 0.419811 0.686567 0.419025 0.688226 0.418239 0.688226 0.416667 0.691542 0.416667 0.693201 0.415881 0.694859 0.415881 0.701493 0.417453 0.704809 0.417453 0.708126 0.418239 0.709784 0.418239 0.711443 0.417453 0.713101 0.417453 0.71476 0.418239 0.716418 0.419025 0.716418 0.419811 0.71476 0.420597 0.71476 0.421384 0.713101 0.42217 0.713101 0.422956 0.711443 0.424528 0.711443 0.424528 0.709784 0.426887 0.704809 0.426887 0.696517 0.426101 0.694859 0.426101 0.693201 0.422956 0.686567
0 0.222484 0.41791 0.221698 0.419569 0.221698 0.427861 0.224057 0.432836 0.224843 0.432836 0.225629 0.434494 0.227201 0.434494 0.227201 0.424544 0.226415 0.422886 0.225629 0.422886 0.224057 0.419569 0.22327 0.419569
0 0.323899 0.399668 0.323113 0.401327 0.321541 0.401327 0.320755 0.402985 0.320755 0.406302 0.319969 0.40796 0.319969 0.416252 0.322327 0.421227 0.323113 0.421227 0.323899 0.422886 0.32783 0.422886 0.329403 0.419569 0.329403 0.41791 0.330189 0.416252 0.330189 0.409619 0.329403 0.40796 0.329403 0.404643 0.328616 0.402985 0.32783 0.402985 0.327044 0.401327 0.326258 0.401327 0.325472 0.399668
0 0.252358 0.739635 0.251572 0.741294 0.251572 0.742952 0.250786 0.74461 0.249214 0.74461 0.248428 0.746269 0.248428 0.747927 0.244497 0.756219 0.244497 0.762852 0.246855 0.767828 0.250786 0.767828 0.252358 0.764511 0.253145 0.764511 0.253145 0.761194 0.253931 0.759536 0.253931 0.756219 0.254717 0.754561 0.254717 0.752902 0.256289 0.749585 0.256289 0.742952 0.254717 0.739635
0 0.183962 0.646766 0.183176 0.648425 0.181604 0.648425 0.181604 0.656716 0.18239 0.658375 0.18239 0.660033 0.183962 0.66335 0.183962 0.665008 0.185535 0.665008 0.186321 0.66335 0.187107 0.66335 0.186321 0.661692 0.187107 0.660033 0.189465 0.660033 0.189465 0.658375 0.190252 0.656716 0.190252 0.655058 0.189465 0.6534 0.189465 0.651741 0.187893 0.648425 0.186321 0.648425 0.185535 0.646766
0 0.402516 0.739635 0.40173 0.741294 0.400943 0.741294 0.400157 0.742952 0.399371 0.742952 0.399371 0.746269 0.398585 0.747927 0.398585 0.757877 0.399371 0.759536 0.400157 0.759536 0.400943 0.761194 0.404874 0.761194 0.40566 0.759536 0.407233 0.759536 0.408019 0.757877 0.408019 0.756219 0.408805 0.754561 0.408805 0.751244 0.409591 0.749585 0.409591 0.742952 0.408805 0.742952 0.408019 0.741294 0.407233 0.741294 0.406447 0.739635
0 0.5 0.422886 0.499214 0.424544 0.499214 0.434494 0.5 0.434494 0.500786 0.436153 0.503145 0.436153 0.503931 0.434494 0.504717 0.434494 0.504717 0.424544 0.503931 0.422886
0 0.188679 0.706468 0.187893 0.708126 0.187107 0.708126 0.185535 0.711443 0.185535 0.713101 0.183176 0.718076 0.183176 0.719735 0.18239 0.721393 0.183176 0.723051 0.183176 0.726368 0.183962 0.728027 0.183962 0.729685 0.185535 0.733002 0.186321 0.733002 0.187107 0.73466 0.187893 0.733002 0.190252 0.733002 0.191038 0.731343 0.19261 0.731343 0.193396 0.729685 0.193396 0.728027 0.19261 0.726368 0.194182 0.723051 0.194182 0.718076 0.193396 0.716418 0.193396 0.713101 0.190252 0.706468 0.189465 0.708126
0 0.117925 0.646766 0.117138 0.648425 0.115566 0.648425 0.113208 0.6534 0.113208 0.661692 0.113994 0.66335 0.11478 0.66335 0.115566 0.665008 0.121069 0.665008 0.121069 0.66335 0.122642 0.660033 0.122642 0.648425 0.121855 0.648425 0.121069 0.646766
0 0.214623 0.698176 0.213836 0.699834 0.21305 0.699834 0.212264 0.701493 0.212264 0.711443 0.215409 0.718076 0.220126 0.718076 0.220912 0.716418 0.220912 0.708126 0.220126 0.706468 0.220126 0.704809 0.21934 0.703151 0.21934 0.701493 0.217767 0.698176
0 0.482704 0.575456 0.481918 0.577114 0.481918 0.578773 0.481132 0.580431 0.481132 0.583748 0.481918 0.585406 0.481918 0.588723 0.481132 0.590381 0.484277 0.597015 0.484277 0.598673 0.485849 0.598673 0.486635 0.597015 0.488208 0.597015 0.488208 0.595357 0.488994 0.593698 0.48978 0.593698 0.48978 0.587065 0.490566 0.585406 0.488994 0.58209 0.488994 0.580431 0.486635 0.575456
0 0.251572 0.671642 0.250786 0.6733 0.25 0.6733 0.249214 0.674959 0.249214 0.68325 0.250786 0.686567 0.253145 0.686567 0.254717 0.68325 0.254717 0.674959 0.253931 0.6733 0.253145 0.6733 0.252358 0.671642
0 0.191038 0.477612 0.191038 0.47927 0.190252 0.480929 0.189465 0.480929 0.188679 0.47927 0.184748 0.47927 0.183962 0.480929 0.18239 0.480929 0.180818 0.484245 0.180818 0.490879 0.18239 0.494196 0.18239 0.495854 0.183176 0.495854 0.183962 0.497512 0.184748 0.497512 0.185535 0.499171 0.193396 0.499171 0.193396 0.497512 0.194182 0.495854 0.194182 0.492537 0.194969 0.490879 0.194969 0.485904 0.193396 0.482587 0.193396 0.480929 0.19261 0.480929
0 0.221698 0.500829 0.21934 0.505804 0.21934 0.512438 0.221698 0.517413 0.225629 0.517413 0.227987 0.512438 0.227987 0.509121 0.227201 0.507463 0.227201 0.505804 0.225629 0.502488 0.224843 0.502488 0.224057 0.500829 0.22327 0.500829 0.222484 0.502488
0 0.345126 0.424544 0.34434 0.426202 0.34434 0.427861 0.343553 0.429519 0.343553 0.432836 0.342767 0.434494 0.342767 0.436153 0.341981 0.437811 0.341981 0.439469 0.341195 0.441128 0.341195 0.444444 0.340409 0.446103 0.340409 0.447761 0.343553 0.447761 0.34434 0.446103 0.345126 0.446103 0.347484 0.441128 0.347484 0.439469 0.34827 0.437811 0.34827 0.429519 0.347484 0.427861 0.347484 0.426202 0.346698 0.424544
0 0.477987 0.439469 0.474843 0.446103 0.474057 0.446103 0.474057 0.447761 0.47327 0.44942 0.47327 0.454395 0.474057 0.456053 0.481918 0.456053 0.481918 0.439469
0 0.27673 0.444444 0.27673 0.446103 0.275157 0.44942 0.275157 0.452736 0.274371 0.454395 0.274371 0.461028 0.275157 0.461028 0.275943 0.462687 0.282233 0.462687 0.283019 0.461028 0.283805 0.461028 0.284591 0.45937 0.284591 0.457711 0.285377 0.456053 0.285377 0.452736 0.284591 0.451078 0.284591 0.44942 0.283805 0.44942 0.283019 0.447761 0.283019 0.446103 0.282233 0.446103 0.281447 0.444444
0 0.152516 0.651741 0.15173 0.6534 0.150943 0.6534 0.149371 0.656716 0.148585 0.656716 0.148585 0.658375 0.147799 0.660033 0.147013 0.660033 0.147013 0.661692 0.146226 0.66335 0.146226 0.6733 0.147799 0.676617 0.15566 0.676617 0.156447 0.674959 0.157233 0.674959 0.159591 0.669983 0.159591 0.661692 0.158019 0.658375 0.158019 0.656716 0.157233 0.656716 0.156447 0.655058 0.15566 0.655058 0.154874 0.6534 0.154088 0.6534 0.153302 0.651741
0 0.471698 0.489221 0.470126 0.492537 0.467767 0.492537 0.467767 0.507463 0.46934 0.510779 0.46934 0.512438 0.471698 0.512438 0.472484 0.510779 0.47327 0.510779 0.474057 0.509121 0.474057 0.507463 0.474843 0.505804 0.475629 0.505804 0.475629 0.504146 0.478774 0.497512 0.478774 0.494196 0.477201 0.490879 0.476415 0.490879 0.475629 0.489221
0 0.511006 0.514096 0.51022 0.515755 0.51022 0.527363 0.511006 0.529022 0.511006 0.53068 0.511792 0.532338 0.515723 0.532338 0.515723 0.53068 0.516509 0.529022 0.517296 0.529022 0.517296 0.527363 0.518082 0.525705 0.517296 0.524046 0.517296 0.52073 0.514151 0.514096
0 0.443396 0.404643 0.443396 0.406302 0.44261 0.40796 0.44261 0.409619 0.441038 0.412935 0.441038 0.419569 0.441824 0.421227 0.441824 0.424544 0.44261 0.426202 0.444182 0.426202 0.444969 0.424544 0.448113 0.424544 0.449686 0.421227 0.449686 0.414594 0.448899 0.412935 0.448899 0.411277 0.445755 0.404643
0 0.286164 0.713101 0.285377 0.71476 0.284591 0.71476 0.284591 0.716418 0.283805 0.718076 0.283805 0.723051 0.285377 0.726368 0.285377 0.728027 0.28695 0.728027 0.289308 0.733002 0.289308 0.736318 0.290881 0.739635 0.290881 0.741294 0.291667 0.741294 0.292453 0.739635 0.292453 0.737977 0.291667 0.736318 0.291667 0.719735 0.290881 0.718076 0.290094 0.718076 0.289308 0.716418 0.289308 0.71476 0.288522 0.71476 0.287736 0.713101
0 0.140723 0.495854 0.139937 0.497512 0.139151 0.497512 0.138365 0.499171 0.137579 0.499171 0.136006 0.502488 0.136006 0.505804 0.136792 0.507463 0.137579 0.507463 0.138365 0.509121 0.139151 0.509121 0.139937 0.510779 0.143082 0.510779 0.143868 0.509121 0.143868 0.507463 0.144654 0.505804 0.144654 0.504146 0.143082 0.500829 0.143082 0.499171 0.142296 0.499171
0 0.258648 0.495854 0.257075 0.499171 0.257075 0.504146 0.258648 0.507463 0.262579 0.507463 0.263365 0.505804 0.263365 0.504146 0.262579 0.502488 0.262579 0.500829 0.26022 0.495854
0 0.536164 0.535655 0.535377 0.537313 0.535377 0.543947 0.536164 0.545605 0.53695 0.545605 0.537736 0.547264 0.540881 0.547264 0.540881 0.545605 0.541667 0.543947 0.541667 0.537313 0.540881 0.535655
0 0.173742 0.693201 0.172956 0.694859 0.171384 0.694859 0.170597 0.696517 0.169025 0.696517 0.168239 0.698176 0.168239 0.699834 0.167453 0.701493 0.167453 0.706468 0.168239 0.708126 0.168239 0.709784 0.169025 0.711443 0.169811 0.711443 0.170597 0.713101 0.172956 0.713101 0.173742 0.71476 0.176101 0.71476 0.177673 0.711443 0.178459 0.711443 0.179245 0.709784 0.180031 0.709784 0.180031 0.708126 0.180818 0.706468 0.181604 0.706468 0.181604 0.704809 0.180818 0.703151 0.181604 0.701493 0.180818 0.699834 0.180818 0.698176 0.180031 0.699834 0.179245 0.698176 0.178459 0.698176 0.176887 0.694859 0.176101 0.694859 0.175314 0.693201
0 0.544811 0.557214 0.544811 0.558872 0.544025 0.560531 0.544025 0.563847 0.545597 0.567164 0.548742 0.567164 0.549528 0.565506 0.549528 0.560531 0.547956 0.557214
0 0.345912 0.723051 0.34434 0.726368 0.34434 0.728027 0.343553 0.729685 0.343553 0.736318 0.34434 0.737977 0.34434 0.739635 0.345126 0.739635 0.345912 0.741294 0.345912 0.742952 0.346698 0.742952 0.347484 0.74461 0.352987 0.74461 0.352987 0.742952 0.353774 0.741294 0.35456 0.741294 0.35456 0.737977 0.353774 0.736318 0.353774 0.733002 0.352987 0.731343 0.352987 0.728027 0.351415 0.72471 0.351415 0.723051
0 0.176887 0.606965 0.176101 0.608624 0.174528 0.608624 0.173742 0.610282 0.172956 0.608624 0.172956 0.610282 0.17217 0.61194 0.171384 0.61194 0.171384 0.613599 0.170597 0.615257 0.171384 0.616915 0.171384 0.621891 0.17217 0.623549 0.173742 0.623549 0.174528 0.625207 0.176101 0.625207 0.176887 0.626866 0.178459 0.626866 0.179245 0.628524 0.180031 0.626866 0.181604 0.630182 0.18239 0.628524 0.183176 0.628524 0.183176 0.626866 0.184748 0.623549 0.184748 0.621891 0.185535 0.620232 0.185535 0.616915 0.184748 0.615257 0.184748 0.613599 0.183176 0.610282 0.181604 0.610282 0.180818 0.608624 0.179245 0.608624 0.178459 0.606965
0 0.210692 0.470978 0.209906 0.472637 0.209906 0.474295 0.209119 0.475954 0.209119 0.485904 0.209906 0.487562 0.209906 0.489221 0.210692 0.489221 0.212264 0.492537 0.21305 0.492537 0.214623 0.495854 0.215409 0.495854 0.216195 0.497512 0.217767 0.497512 0.218553 0.495854 0.21934 0.495854 0.220126 0.494196 0.220126 0.487562 0.218553 0.484245 0.218553 0.482587 0.216981 0.47927 0.216195 0.47927 0.215409 0.477612 0.215409 0.475954 0.214623 0.475954 0.213836 0.474295 0.21305 0.474295 0.212264 0.472637 0.211478 0.472637
0 0.474057 0.608624 0.47327 0.610282 0.472484 0.610282 0.471698 0.61194 0.471698 0.618574 0.472484 0.620232 0.472484 0.623549 0.47327 0.623549 0.474057 0.625207 0.476415 0.625207 0.476415 0.623549 0.477987 0.620232 0.477987 0.61194 0.475629 0.61194
0 0.304245 0.489221 0.301887 0.494196 0.301887 0.499171 0.302673 0.500829 0.302673 0.502488 0.303459 0.504146 0.305818 0.504146 0.306604 0.502488 0.306604 0.500829 0.30739 0.499171 0.30739 0.494196 0.306604 0.494196 0.305818 0.492537 0.305818 0.490879 0.305031 0.489221
0 0.407233 0.679934 0.40566 0.68325 0.404874 0.68325 0.403302 0.686567 0.402516 0.686567 0.40173 0.688226 0.40173 0.691542 0.402516 0.693201 0.402516 0.696517 0.40566 0.703151 0.408805 0.703151 0.409591 0.704809 0.409591 0.699834 0.411164 0.696517 0.41195 0.696517 0.412736 0.694859 0.412736 0.688226 0.41195 0.686567 0.41195 0.684909 0.411164 0.68325 0.410377 0.68325 0.409591 0.681592 0.408805 0.681592 0.408019 0.679934
0 0.397013 0.442786 0.397013 0.446103 0.396226 0.447761 0.396226 0.44942 0.39544 0.451078 0.39544 0.457711 0.396226 0.45937 0.396226 0.461028 0.397799 0.461028 0.398585 0.462687 0.400157 0.462687 0.400943 0.464345 0.402516 0.461028 0.404088 0.461028 0.404088 0.452736 0.403302 0.451078 0.403302 0.44942 0.40173 0.446103 0.40173 0.444444 0.400157 0.444444 0.399371 0.442786
0 0.245283 0.404643 0.245283 0.406302 0.244497 0.40796 0.244497 0.411277 0.245283 0.412935 0.245283 0.414594 0.247642 0.419569 0.25 0.419569 0.250786 0.421227 0.251572 0.421227 0.252358 0.422886 0.253931 0.422886 0.253931 0.421227 0.254717 0.419569 0.254717 0.412935 0.252358 0.40796 0.251572 0.40796 0.250786 0.406302 0.248428 0.406302 0.247642 0.404643
0 0.362421 0.384743 0.360849 0.38806 0.360849 0.389718 0.360063 0.391376 0.360063 0.394693 0.359277 0.396352 0.359277 0.399668 0.358491 0.401327 0.358491 0.404643 0.359277 0.406302 0.359277 0.40796 0.360063 0.409619 0.366352 0.409619 0.367138 0.40796 0.367925 0.40796 0.370283 0.402985 0.370283 0.401327 0.371069 0.399668 0.371069 0.39801 0.370283 0.396352 0.370283 0.394693 0.369497 0.393035 0.369497 0.391376 0.368711 0.389718 0.368711 0.38806 0.367138 0.384743
0 0.32783 0.369818 0.32783 0.371476 0.327044 0.373134 0.326258 0.373134 0.325472 0.374793 0.325472 0.384743 0.326258 0.386401 0.326258 0.38806 0.328616 0.393035 0.328616 0.394693 0.330189 0.394693 0.330975 0.393035 0.331761 0.393035 0.332547 0.391376 0.332547 0.378109 0.331761 0.376451 0.331761 0.374793 0.330975 0.373134 0.330189 0.373134 0.329403 0.371476 0.328616 0.371476
0 0.426887 0.716418 0.426101 0.718076 0.426101 0.726368 0.426887 0.728027 0.427673 0.728027 0.428459 0.729685 0.430818 0.729685 0.433176 0.72471 0.433176 0.721393 0.430818 0.716418
0 0.351415 0.39801 0.349057 0.402985 0.34827 0.402985 0.347484 0.404643 0.347484 0.40796 0.346698 0.409619 0.346698 0.414594 0.350629 0.422886 0.35456 0.422886 0.355346 0.421227 0.355346 0.419569 0.356132 0.41791 0.356132 0.414594 0.356918 0.412935 0.356918 0.404643 0.356132 0.402985 0.356132 0.401327 0.355346 0.399668 0.35456 0.399668 0.353774 0.39801
0 0.462264 0.572139 0.46305 0.573798 0.461478 0.577114 0.459906 0.577114 0.459119 0.578773 0.459119 0.580431 0.458333 0.58209 0.458333 0.587065 0.459119 0.588723 0.459906 0.588723 0.460692 0.590381 0.461478 0.590381 0.462264 0.59204 0.466981 0.59204 0.467767 0.590381 0.467767 0.578773 0.466981 0.577114 0.466981 0.575456 0.465409 0.572139
0 0.154088 0.681592 0.153302 0.68325 0.152516 0.68325 0.15173 0.684909 0.150943 0.684909 0.149371 0.688226 0.149371 0.693201 0.15173 0.698176 0.152516 0.698176 0.154874 0.703151 0.158019 0.703151 0.158805 0.704809 0.158805 0.703151 0.162736 0.694859 0.162736 0.68325 0.16195 0.681592
0 0.196541 0.616915 0.195755 0.618574 0.194969 0.618574 0.191824 0.625207 0.191824 0.633499 0.19261 0.633499 0.194182 0.636816 0.194969 0.635158 0.195755 0.635158 0.195755 0.633499 0.198113 0.628524 0.198899 0.628524 0.198899 0.620232 0.197327 0.616915
0 0.258648 0.686567 0.256289 0.691542 0.256289 0.699834 0.261006 0.709784 0.261792 0.709784 0.262579 0.711443 0.264937 0.711443 0.265723 0.709784 0.265723 0.708126 0.266509 0.706468 0.266509 0.696517 0.265723 0.694859 0.265723 0.693201 0.264151 0.689884 0.263365 0.689884 0.261792 0.686567
0 0.279874 0.374793 0.278302 0.378109 0.278302 0.383085 0.28066 0.38806 0.283805 0.38806 0.285377 0.384743 0.285377 0.381426 0.286164 0.379768 0.286164 0.378109 0.285377 0.376451 0.284591 0.376451 0.283805 0.374793
0 0.340409 0.371476 0.33805 0.376451 0.33805 0.383085 0.343553 0.394693 0.347484 0.394693 0.347484 0.379768 0.345912 0.376451 0.345912 0.374793 0.345126 0.373134 0.34434 0.373134 0.343553 0.371476
0 0.497642 0.537313 0.496855 0.538972 0.496855 0.54063 0.496069 0.542289 0.496069 0.545605 0.495283 0.547264 0.495283 0.558872 0.496069 0.558872 0.496855 0.560531 0.501572 0.560531 0.502358 0.558872 0.503145 0.558872 0.503145 0.545605 0.501572 0.542289 0.501572 0.54063 0.500786 0.538972 0.5 0.538972 0.499214 0.537313
0 0.482704 0.545605 0.481918 0.547264 0.481132 0.547264 0.481132 0.553897 0.480346 0.555556 0.480346 0.563847 0.481132 0.565506 0.483491 0.565506 0.484277 0.567164 0.485063 0.565506 0.485849 0.567164 0.486635 0.567164 0.487421 0.565506 0.487421 0.563847 0.48978 0.558872 0.488994 0.557214 0.488994 0.555556 0.488208 0.553897 0.488208 0.552239 0.485849 0.547264 0.485063 0.547264 0.484277 0.545605
0 0.247642 0.777778 0.246069 0.781095 0.246069 0.78607 0.246855 0.78607 0.247642 0.787728 0.249214 0.787728 0.250786 0.784411 0.250786 0.777778
0 0.404088 0.6534 0.402516 0.656716 0.400943 0.656716 0.399371 0.660033 0.399371 0.661692 0.398585 0.66335 0.398585 0.666667 0.400943 0.671642 0.400943 0.6733 0.40173 0.674959 0.402516 0.6733 0.404088 0.6733 0.404874 0.674959 0.40566 0.674959 0.406447 0.6733 0.406447 0.668325 0.40566 0.666667 0.40566 0.665008 0.406447 0.66335 0.40566 0.661692 0.406447 0.660033 0.406447 0.658375
0 0.367925 0.461028 0.367925 0.466003 0.368711 0.467662 0.368711 0.46932 0.369497 0.470978 0.373428 0.470978 0.373428 0.46932 0.374214 0.467662 0.374214 0.466003 0.373428 0.464345 0.373428 0.462687 0.372642 0.462687 0.371855 0.461028
0 0.47956 0.669983 0.47956 0.676617 0.480346 0.678275 0.483491 0.678275 0.485063 0.674959 0.485063 0.671642 0.484277 0.669983
0 0.277516 0.391376 0.27673 0.393035 0.275943 0.393035 0.274371 0.396352 0.274371 0.406302 0.275157 0.40796 0.275943 0.40796 0.278302 0.412935 0.279088 0.412935 0.279874 0.414594 0.282233 0.414594 0.283805 0.411277 0.283805 0.406302 0.283019 0.404643 0.283019 0.402985 0.282233 0.401327 0.282233 0.399668 0.279088 0.393035 0.278302 0.393035
0 0.448113 0.590381 0.447327 0.59204 0.447327 0.593698 0.446541 0.595357 0.446541 0.60199 0.448113 0.605307 0.448899 0.605307 0.449686 0.606965 0.454403 0.606965 0.454403 0.605307 0.455189 0.603648 0.455189 0.60199 0.455975 0.600332 0.455975 0.59204 0.455189 0.590381
0 0.294811 0.464345 0.294811 0.474295 0.296384 0.477612 0.296384 0.47927 0.29717 0.480929 0.297956 0.480929 0.298742 0.482587 0.299528 0.482587 0.300314 0.484245 0.301887 0.484245 0.302673 0.482587 0.302673 0.475954 0.301101 0.472637 0.301101 0.470978 0.298742 0.466003 0.297956 0.466003 0.29717 0.464345
0 0.331761 0.422886 0.330975 0.424544 0.330189 0.424544 0.330189 0.426202 0.329403 0.427861 0.329403 0.431177 0.331761 0.436153 0.331761 0.439469 0.332547 0.441128 0.334119 0.441128 0.334906 0.439469 0.337264 0.439469 0.337264 0.437811 0.33805 0.436153 0.33805 0.434494 0.338836 0.432836 0.338836 0.426202 0.33805 0.426202 0.337264 0.424544 0.334906 0.424544 0.334119 0.422886
0 0.481918 0.623549 0.481132 0.625207 0.481132 0.626866 0.480346 0.628524 0.480346 0.631841 0.481132 0.633499 0.481132 0.638474 0.481918 0.640133 0.482704 0.640133 0.484277 0.643449 0.484277 0.645108 0.488208 0.645108 0.488994 0.643449 0.488994 0.641791 0.48978 0.640133 0.48978 0.633499 0.488994 0.631841 0.488994 0.630182 0.488208 0.630182 0.486635 0.626866 0.485849 0.626866 0.484277 0.623549
0 0.350629 0.699834 0.349843 0.701493 0.349057 0.701493 0.347484 0.704809 0.347484 0.711443 0.34827 0.711443 0.349843 0.71476 0.350629 0.71476 0.351415 0.716418 0.353774 0.716418 0.353774 0.706468 0.352987 0.704809 0.352987 0.701493 0.352201 0.699834
0 0.209906 0.747927 0.209119 0.749585 0.208333 0.749585 0.207547 0.751244 0.206761 0.751244 0.206761 0.752902 0.205189 0.756219 0.205189 0.762852 0.206761 0.766169 0.208333 0.766169 0.209119 0.764511 0.210692 0.764511 0.213836 0.757877 0.213836 0.749585 0.21305 0.749585 0.212264 0.747927
0 0.293239 0.437811 0.293239 0.439469 0.290881 0.444444 0.290881 0.452736 0.291667 0.452736 0.292453 0.454395 0.294811 0.454395 0.29717 0.44942 0.29717 0.447761 0.297956 0.446103 0.297956 0.444444 0.294811 0.437811
0 0.231132 0.751244 0.230346 0.752902 0.230346 0.754561 0.22956 0.756219 0.22956 0.757877 0.228774 0.759536 0.228774 0.766169 0.22956 0.767828 0.230346 0.767828 0.231132 0.769486 0.231918 0.769486 0.232704 0.771144 0.235063 0.771144 0.236635 0.767828 0.236635 0.764511 0.237421 0.762852 0.237421 0.761194 0.238208 0.759536 0.238208 0.756219 0.236635 0.752902 0.235849 0.752902 0.235063 0.751244
0 0.438679 0.651741 0.437893 0.6534 0.436321 0.6534 0.436321 0.656716 0.437107 0.658375 0.437107 0.6733 0.437893 0.674959 0.439465 0.674959 0.440252 0.676617 0.440252 0.678275 0.441038 0.676617 0.441824 0.678275 0.441824 0.676617 0.44261 0.674959 0.44261 0.671642 0.443396 0.669983 0.443396 0.668325 0.444182 0.666667 0.444182 0.660033 0.443396 0.660033 0.44261 0.658375 0.44261 0.656716 0.441824 0.655058 0.441824 0.651741
0 0.397799 0.411277 0.397013 0.412935 0.39544 0.412935 0.394654 0.414594 0.394654 0.416252 0.393868 0.41791 0.393868 0.429519 0.394654 0.431177 0.394654 0.434494 0.397013 0.434494 0.397799 0.432836 0.398585 0.432836 0.398585 0.431177 0.399371 0.429519 0.399371 0.419569 0.400157 0.41791 0.400157 0.416252 0.399371 0.414594 0.399371 0.411277
