0 0.207031 0 0.195312 0.0117188 0.195312 0.0195312 0.199219 0.0234375 0.230469 0.0234375 0.238281 0.015625 0.238281 0.00390625 0.234375 0
0 0.640625 0 0.640625 0.00390625 0.644531 0.0078125 0.667969 0.0078125 0.671875 0.00390625 0.671875 0
0 0.703125 0.273438 0.699219 0.277344 0.699219 0.289062 0.710938 0.300781 0.71875 0.300781 0.722656 0.296875 0.722656 0.289062 0.71875 0.285156 0.71875 0.277344 0.714844 0.273438
0 0.882812 0.0664062 0.871094 0.078125 0.871094 0.0898438 0.875 0.09375 0.890625 0.09375 0.898438 0.0859375 0.902344 0.0859375 0.90625 0.0820312 0.90625 0.0703125 0.902344 0.0664062
0 0.339844 0.0703125 0.328125 0.0820312 0.324219 0.0820312 0.308594 0.0976562 0.308594 0.105469 0.3125 0.109375 0.328125 0.109375 0.332031 0.105469 0.335938 0.105469 0.339844 0.101562 0.34375 0.101562 0.351562 0.09375 0.351562 0.0898438 0.355469 0.0859375 0.355469 0.0820312 0.351562 0.078125 0.351562 0.0742188 0.347656 0.0703125
0 0.488281 0.355469 0.480469 0.363281 0.480469 0.367188 0.476562 0.371094 0.476562 0.394531 0.480469 0.398438 0.488281 0.398438 0.492188 0.394531 0.496094 0.394531 0.5 0.390625 0.503906 0.390625 0.515625 0.378906 0.515625 0.363281 0.511719 0.359375 0.507812 0.359375 0.503906 0.355469
0 0.46875 0.539062 0.464844 0.542969 0.460938 0.542969 0.453125 0.550781 0.453125 0.554688 0.457031 0.558594 0.488281 0.558594 0.492188 0.554688 0.492188 0.546875 0.488281 0.546875 0.480469 0.539062
0 0.644531 0.0664062 0.636719 0.0742188 0.636719 0.0859375 0.640625 0.0898438 0.648438 0.0898438 0.65625 0.0820312 0.660156 0.0820312 0.664062 0.078125 0.664062 0.0703125 0.660156 0.0664062
0 0.433594 0.136719 0.429688 0.140625 0.425781 0.140625 0.425781 0.144531 0.417969 0.152344 0.414062 0.152344 0.410156 0.15625 0.410156 0.171875 0.40625 0.175781 0.410156 0.179688 0.410156 0.191406 0.414062 0.195312 0.425781 0.195312 0.433594 0.1875 0.4375 0.1875 0.449219 0.175781 0.449219 0.152344 0.445312 0.148438 0.445312 0.140625 0.441406 0.136719
0 0.449219 0.238281 0.445312 0.242188 0.4375 0.242188 0.4375 0.246094 0.433594 0.25 0.433594 0.261719 0.445312 0.273438 0.453125 0.273438 0.457031 0.277344 0.460938 0.277344 0.464844 0.273438 0.472656 0.273438 0.480469 0.265625 0.480469 0.25 0.476562 0.246094 0.476562 0.242188 0.464844 0.242188 0.460938 0.238281
0 0.335938 0 0.332031 0.00390625 0.332031 0.015625 0.335938 0.0195312 0.335938 0.0234375 0.34375 0.03125 0.347656 0.03125 0.351562 0.0351562 0.363281 0.0351562 0.367188 0.03125 0.367188 0.0117188 0.355469 0
0 0.539062 0.628906 0.535156 0.632812 0.53125 0.632812 0.527344 0.636719 0.527344 0.640625 0.539062 0.652344 0.542969 0.652344 0.550781 0.660156 0.554688 0.660156 0.5625 0.667969 0.570312 0.667969 0.574219 0.671875 0.578125 0.671875 0.582031 0.667969 0.585938 0.667969 0.585938 0.652344 0.582031 0.648438 0.578125 0.648438 0.574219 0.644531 0.574219 0.636719 0.566406 0.628906
0 0.640625 0.09375 0.636719 0.0976562 0.636719 0.117188 0.640625 0.121094 0.636719 0.125 0.636719 0.132812 0.640625 0.136719 0.652344 0.136719 0.660156 0.128906 0.660156 0.101562 0.652344 0.09375
0 0.726562 0.273438 0.722656 0.277344 0.722656 0.285156 0.726562 0.289062 0.726562 0.296875 0.722656 0.300781 0.722656 0.304688 0.726562 0.308594 0.742188 0.308594 0.746094 0.304688 0.746094 0.296875 0.75 0.292969 0.75 0.28125 0.742188 0.273438
0 0.671875 0.851562 0.667969 0.855469 0.664062 0.855469 0.660156 0.859375 0.660156 0.863281 0.65625 0.867188 0.65625 0.882812 0.660156 0.882812 0.664062 0.886719 0.6875 0.886719 0.691406 0.882812 0.695312 0.882812 0.699219 0.878906 0.703125 0.878906 0.707031 0.875 0.710938 0.875 0.714844 0.871094 0.714844 0.859375 0.710938 0.859375 0.707031 0.855469 0.707031 0.851562 0.695312 0.851562 0.691406 0.855469 0.6875 0.851562
0 0.90625 0.472656 0.902344 0.476562 0.898438 0.476562 0.890625 0.484375 0.886719 0.484375 0.886719 0.488281 0.882812 0.492188 0.882812 0.507812 0.890625 0.507812 0.894531 0.503906 0.898438 0.503906 0.902344 0.5 0.910156 0.5 0.914062 0.496094 0.917969 0.496094 0.917969 0.480469 0.910156 0.472656
0 0.320312 0.460938 0.316406 0.464844 0.308594 0.464844 0.296875 0.476562 0.296875 0.480469 0.292969 0.484375 0.292969 0.503906 0.296875 0.507812 0.296875 0.511719 0.300781 0.511719 0.304688 0.515625 0.304688 0.519531 0.308594 0.523438 0.3125 0.523438 0.316406 0.527344 0.320312 0.527344 0.324219 0.523438 0.328125 0.523438 0.332031 0.519531 0.335938 0.519531 0.34375 0.511719 0.34375 0.492188 0.339844 0.488281 0.339844 0.484375 0.335938 0.480469 0.335938 0.476562 0.328125 0.46875 0.328125 0.464844 0.324219 0.464844
0 0.984375 0.0859375 0.988281 0.0898438 0.980469 0.0976562 0.976562 0.0976562 0.972656 0.101562 0.972656 0.121094 0.976562 0.125 0.976562 0.128906 0.988281 0.140625 0.996094 0.140625 0.996094 0.0976562 0.988281 0.0898438 0.988281 0.0859375
0 0.558594 0.0976562 0.554688 0.101562 0.554688 0.117188 0.5625 0.125 0.566406 0.125 0.570312 0.121094 0.570312 0.101562 0.566406 0.0976562
0 0.992188 0.0390625 0.980469 0.0507812 0.980469 0.078125 0.984375 0.0820312 0.988281 0.0820312 0.992188 0.0859375 0.992188 0.0898438 0.996094 0.09375 0.996094 0.0390625
0 0.984375 0.757812 0.976562 0.765625 0.976562 0.769531 0.972656 0.773438 0.972656 0.777344 0.96875 0.78125 0.96875 0.789062 0.980469 0.789062 0.984375 0.785156 0.984375 0.78125 0.996094 0.769531 0.996094 0.765625 0.992188 0.761719 0.992188 0.757812
0 0.460938 0.496094 0.457031 0.5 0.457031 0.523438 0.464844 0.53125 0.476562 0.53125 0.480469 0.535156 0.484375 0.535156 0.492188 0.542969 0.503906 0.542969 0.507812 0.539062 0.507812 0.519531 0.496094 0.507812 0.488281 0.507812 0.484375 0.503906 0.484375 0.5 0.480469 0.496094
0 0.4375 0.890625 0.433594 0.894531 0.433594 0.898438 0.421875 0.910156 0.421875 0.921875 0.425781 0.925781 0.4375 0.925781 0.441406 0.929688 0.457031 0.929688 0.460938 0.925781 0.460938 0.917969 0.457031 0.914062 0.453125 0.914062 0.449219 0.910156 0.449219 0.90625 0.453125 0.902344 0.453125 0.894531 0.449219 0.890625
0 0.503906 0.9375 0.496094 0.945312 0.496094 0.96875 0.5 0.972656 0.5 0.976562 0.507812 0.984375 0.535156 0.984375 0.539062 0.980469 0.539062 0.96875 0.53125 0.960938 0.53125 0.949219 0.523438 0.941406 0.519531 0.941406 0.515625 0.9375
0 0.878906 0.15625 0.875 0.160156 0.875 0.167969 0.878906 0.171875 0.886719 0.171875 0.890625 0.167969 0.890625 0.160156 0.886719 0.15625
0 0.398438 0.128906 0.394531 0.132812 0.386719 0.132812 0.378906 0.140625 0.378906 0.144531 0.375 0.148438 0.375 0.183594 0.382812 0.191406 0.402344 0.191406 0.40625 0.1875 0.40625 0.179688 0.402344 0.175781 0.40625 0.171875 0.40625 0.15625 0.414062 0.148438 0.417969 0.148438 0.421875 0.144531 0.421875 0.132812 0.417969 0.128906
0 0.832031 0.582031 0.828125 0.585938 0.828125 0.605469 0.832031 0.609375 0.847656 0.609375 0.851562 0.605469 0.851562 0.59375 0.847656 0.589844 0.847656 0.585938 0.84375 0.582031
0 0.609375 0.300781 0.605469 0.304688 0.605469 0.3125 0.617188 0.324219 0.628906 0.324219 0.632812 0.328125 0.644531 0.328125 0.644531 0.316406 0.628906 0.300781
0 0.726562 0.00390625 0.722656 0.0078125 0.71875 0.0078125 0.71875 0.0234375 0.722656 0.0273438 0.726562 0.0273438 0.742188 0.0429688 0.746094 0.0429688 0.75 0.046875 0.753906 0.046875 0.757812 0.0507812 0.761719 0.046875 0.761719 0.0351562 0.75 0.0234375 0.75 0.015625 0.746094 0.0117188 0.746094 0.0078125 0.742188 0.0078125 0.738281 0.00390625
0 0.601562 0.0390625 0.597656 0.0429688 0.597656 0.046875 0.601562 0.0507812 0.601562 0.0625 0.605469 0.0664062 0.617188 0.0664062 0.621094 0.0625 0.621094 0.0546875 0.613281 0.046875 0.613281 0.0429688 0.609375 0.0390625
0 0.808594 0.296875 0.804688 0.300781 0.800781 0.300781 0.796875 0.304688 0.796875 0.320312 0.800781 0.324219 0.8125 0.324219 0.816406 0.320312 0.820312 0.320312 0.828125 0.3125 0.828125 0.304688 0.820312 0.296875
0 0.652344 0.171875 0.644531 0.179688 0.644531 0.1875 0.640625 0.191406 0.640625 0.203125 0.648438 0.210938 0.648438 0.222656 0.671875 0.222656 0.679688 0.214844 0.683594 0.214844 0.6875 0.210938 0.691406 0.210938 0.695312 0.207031 0.695312 0.195312 0.691406 0.191406 0.691406 0.183594 0.683594 0.175781 0.675781 0.175781 0.671875 0.171875
0 0.773438 0.109375 0.765625 0.117188 0.765625 0.152344 0.773438 0.160156 0.785156 0.160156 0.789062 0.15625 0.789062 0.148438 0.78125 0.140625 0.78125 0.128906 0.785156 0.125 0.789062 0.125 0.792969 0.121094 0.792969 0.113281 0.789062 0.109375
0 0.136719 0.945312 0.132812 0.949219 0.132812 0.984375 0.136719 0.988281 0.136719 0.992188 0.140625 0.996094 0.175781 0.996094 0.175781 0.992188 0.171875 0.988281 0.167969 0.988281 0.164062 0.984375 0.164062 0.96875 0.160156 0.964844 0.160156 0.960938 0.15625 0.957031 0.15625 0.949219 0.152344 0.945312
0 0.234375 0.0234375 0.230469 0.0273438 0.214844 0.0273438 0.210938 0.03125 0.210938 0.0507812 0.214844 0.0546875 0.21875 0.0546875 0.222656 0.0585938 0.226562 0.0585938 0.230469 0.0625 0.238281 0.0546875 0.242188 0.0546875 0.242188 0.0351562 0.238281 0.03125 0.238281 0.0234375
0 0.921875 0.160156 0.917969 0.164062 0.914062 0.164062 0.914062 0.167969 0.910156 0.171875 0.910156 0.191406 0.914062 0.195312 0.914062 0.199219 0.921875 0.207031 0.9375 0.207031 0.945312 0.199219 0.945312 0.195312 0.949219 0.191406 0.949219 0.175781 0.945312 0.171875 0.945312 0.167969 0.9375 0.160156
0 0.371094 0.0195312 0.371094 0.03125 0.363281 0.0390625 0.363281 0.0429688 0.367188 0.046875 0.390625 0.046875 0.394531 0.0429688 0.394531 0.0351562 0.398438 0.03125 0.398438 0.0234375 0.394531 0.0195312
0 0.761719 0 0.765625 0.00390625 0.769531 0.00390625 0.792969 0.0273438 0.796875 0.0273438 0.800781 0.0234375 0.800781 0.0078125 0.792969 0
0 0.371094 0.535156 0.363281 0.542969 0.363281 0.558594 0.371094 0.566406 0.371094 0.570312 0.375 0.570312 0.378906 0.574219 0.390625 0.574219 0.394531 0.578125 0.417969 0.578125 0.425781 0.570312 0.425781 0.554688 0.421875 0.550781 0.421875 0.546875 0.417969 0.542969 0.414062 0.542969 0.410156 0.539062 0.390625 0.539062 0.386719 0.535156
0 0.863281 0.125 0.859375 0.128906 0.859375 0.136719 0.863281 0.140625 0.871094 0.140625 0.875 0.136719 0.875 0.128906 0.871094 0.125
0 0.1875 0.03125 0.183594 0.0351562 0.171875 0.0351562 0.171875 0.0546875 0.175781 0.0585938 0.175781 0.0625 0.179688 0.0664062 0.191406 0.0664062 0.191406 0.0585938 0.195312 0.0546875 0.195312 0.0351562 0.191406 0.03125
0 0.71875 0.871094 0.710938 0.878906 0.707031 0.878906 0.703125 0.882812 0.699219 0.882812 0.695312 0.886719 0.695312 0.890625 0.699219 0.894531 0.703125 0.894531 0.707031 0.898438 0.722656 0.898438 0.726562 0.894531 0.730469 0.894531 0.738281 0.886719 0.738281 0.875 0.734375 0.871094
0 0.425781 0.929688 0.421875 0.933594 0.421875 0.957031 0.425781 0.960938 0.425781 0.964844 0.429688 0.96875 0.449219 0.96875 0.457031 0.960938 0.457031 0.949219 0.453125 0.945312 0.457031 0.941406 0.457031 0.933594 0.441406 0.933594 0.4375 0.929688
0 0.800781 0.515625 0.800781 0.519531 0.796875 0.523438 0.796875 0.542969 0.8125 0.558594 0.824219 0.558594 0.828125 0.554688 0.828125 0.546875 0.824219 0.542969 0.824219 0.539062 0.816406 0.53125 0.816406 0.527344 0.804688 0.515625
0 0.851562 0.542969 0.847656 0.546875 0.847656 0.5625 0.851562 0.566406 0.851562 0.570312 0.855469 0.574219 0.875 0.574219 0.878906 0.570312 0.878906 0.554688 0.867188 0.542969
0 0.960938 0.652344 0.957031 0.65625 0.945312 0.65625 0.941406 0.660156 0.9375 0.660156 0.925781 0.671875 0.925781 0.675781 0.921875 0.679688 0.921875 0.710938 0.925781 0.714844 0.925781 0.71875 0.933594 0.726562 0.9375 0.726562 0.941406 0.730469 0.945312 0.730469 0.949219 0.734375 0.960938 0.734375 0.964844 0.730469 0.96875 0.730469 0.972656 0.726562 0.976562 0.726562 0.980469 0.722656 0.984375 0.722656 0.988281 0.71875 0.992188 0.71875 0.992188 0.714844 0.996094 0.710938 0.996094 0.667969 0.992188 0.667969 0.980469 0.65625 0.976562 0.65625 0.972656 0.652344
0 0.902344 0.839844 0.890625 0.851562 0.890625 0.867188 0.894531 0.871094 0.894531 0.875 0.902344 0.882812 0.902344 0.886719 0.90625 0.890625 0.910156 0.890625 0.914062 0.894531 0.925781 0.894531 0.933594 0.886719 0.933594 0.882812 0.9375 0.878906 0.9375 0.867188 0.933594 0.863281 0.933594 0.859375 0.929688 0.855469 0.925781 0.855469 0.921875 0.851562 0.921875 0.847656 0.914062 0.839844
0 0.796875 0.566406 0.78125 0.582031 0.78125 0.597656 0.785156 0.59375 0.792969 0.59375 0.796875 0.589844 0.800781 0.589844 0.808594 0.582031 0.808594 0.570312 0.800781 0.570312
0 0.0703125 0 0.0703125 0.00390625 0.0742188 0.0078125 0.0742188 0.0117188 0.0820312 0.0195312 0.0859375 0.0195312 0.0898438 0.0234375 0.109375 0.0234375 0.109375 0
0 0.933594 0.230469 0.929688 0.234375 0.925781 0.234375 0.925781 0.253906 0.933594 0.261719 0.957031 0.261719 0.964844 0.253906 0.964844 0.238281 0.957031 0.230469
0 0.585938 0.046875 0.582031 0.0507812 0.582031 0.0625 0.585938 0.0664062 0.59375 0.0664062 0.597656 0.0625 0.597656 0.0507812 0.59375 0.046875
0 0.597656 0.078125 0.59375 0.0820312 0.589844 0.0820312 0.582031 0.0898438 0.582031 0.0976562 0.585938 0.101562 0.597656 0.101562 0.601562 0.105469 0.605469 0.101562 0.613281 0.101562 0.613281 0.0859375 0.609375 0.0859375 0.605469 0.0820312 0.605469 0.078125
0 0.617188 0.480469 0.609375 0.488281 0.609375 0.492188 0.605469 0.496094 0.605469 0.503906 0.613281 0.511719 0.617188 0.511719 0.621094 0.515625 0.625 0.515625 0.628906 0.519531 0.632812 0.519531 0.636719 0.515625 0.640625 0.515625 0.648438 0.507812 0.648438 0.5 0.632812 0.484375 0.621094 0.484375
0 0.394531 0.207031 0.390625 0.210938 0.390625 0.21875 0.394531 0.222656 0.402344 0.222656 0.40625 0.21875 0.40625 0.210938 0.402344 0.207031
0 0.609375 0.445312 0.605469 0.449219 0.605469 0.457031 0.613281 0.464844 0.613281 0.46875 0.625 0.480469 0.632812 0.480469 0.636719 0.476562 0.636719 0.464844 0.617188 0.445312
0 0.191406 0.0820312 0.1875 0.0859375 0.1875 0.09375 0.183594 0.0976562 0.179688 0.0976562 0.179688 0.101562 0.183594 0.105469 0.195312 0.105469 0.203125 0.113281 0.207031 0.113281 0.210938 0.117188 0.21875 0.109375 0.21875 0.105469 0.214844 0.105469 0.210938 0.101562 0.207031 0.101562 0.203125 0.0976562 0.203125 0.0898438 0.199219 0.0859375 0.199219 0.0820312
0 0.515625 0.00390625 0.511719 0.0078125 0.507812 0.0078125 0.496094 0.0195312 0.496094 0.03125 0.5 0.03125 0.503906 0.0351562 0.519531 0.0351562 0.523438 0.03125 0.527344 0.03125 0.53125 0.0273438 0.535156 0.0273438 0.539062 0.0234375 0.539062 0.0195312 0.542969 0.015625 0.542969 0.0117188 0.539062 0.0078125 0.535156 0.0078125 0.53125 0.00390625
0 0.789062 0.953125 0.785156 0.957031 0.785156 0.964844 0.773438 0.976562 0.769531 0.976562 0.765625 0.980469 0.765625 0.988281 0.769531 0.992188 0.785156 0.992188 0.800781 0.976562 0.800781 0.96875 0.804688 0.964844 0.804688 0.957031 0.800781 0.953125
0 0.585938 0.976562 0.582031 0.980469 0.578125 0.980469 0.578125 0.984375 0.570312 0.992188 0.570312 0.996094 0.59375 0.996094 0.59375 0.984375 0.589844 0.980469 0.589844 0.976562
0 0.246094 0.21875 0.242188 0.222656 0.242188 0.234375 0.246094 0.238281 0.246094 0.242188 0.25 0.246094 0.269531 0.246094 0.273438 0.242188 0.273438 0.234375 0.269531 0.230469 0.269531 0.222656 0.265625 0.21875
