0 0.246875 0.0625 0.24375 0.0664062 0.228125 0.0664062 0.225 0.0703125 0.2125 0.0703125 0.209375 0.0742188 0.20625 0.0742188 0.203125 0.078125 0.2 0.078125 0.196875 0.0820312 0.19375 0.0820312 0.1875 0.0898438 0.1875 0.09375 0.18125 0.101562 0.18125 0.109375 0.175 0.117188 0.175 0.125 0.171875 0.128906 0.171875 0.152344 0.16875 0.15625 0.16875 0.179688 0.165625 0.183594 0.165625 0.1875 0.1625 0.191406 0.1625 0.203125 0.159375 0.207031 0.159375 0.242188 0.1625 0.246094 0.1625 0.25 0.165625 0.253906 0.165625 0.257812 0.16875 0.261719 0.16875 0.265625 0.171875 0.269531 0.178125 0.269531 0.18125 0.273438 0.20625 0.273438 0.2125 0.265625 0.215625 0.265625 0.225 0.253906 0.225 0.214844 0.228125 0.210938 0.228125 0.207031 0.23125 0.203125 0.23125 0.191406 0.234375 0.1875 0.234375 0.175781 0.2375 0.171875 0.2375 0.167969 0.240625 0.164062 0.240625 0.160156 0.24375 0.15625 0.24375 0.152344 0.246875 0.148438 0.246875 0.128906 0.25 0.125 0.25 0.113281 0.253125 0.109375 0.253125 0.0742188 0.25625 0.0703125 0.25625 0.0664062 0.253125 0.0625
0 0.99375 0.644531 0.990625 0.648438 0.98125 0.648438 0.978125 0.652344 0.971875 0.652344 0.959375 0.667969 0.95625 0.667969 0.946875 0.679688 0.94375 0.679688 0.940625 0.683594 0.940625 0.6875 0.909375 0.726562 0.909375 0.730469 0.875 0.773438 0.875 0.78125 0.86875 0.789062 0.86875 0.792969 0.8625 0.800781 0.8625 0.804688 0.85625 0.8125 0.85625 0.824219 0.8625 0.832031 0.865625 0.832031 0.86875 0.835938 0.878125 0.835938 0.884375 0.828125 0.890625 0.828125 0.896875 0.820312 0.9 0.820312 0.903125 0.816406 0.90625 0.816406 0.921875 0.796875 0.921875 0.789062 0.934375 0.773438 0.934375 0.769531 0.95 0.75 0.953125 0.75 0.95625 0.746094 0.9625 0.746094 0.965625 0.742188 0.990625 0.742188 0.99375 0.738281 0.996875 0.738281 0.996875 0.644531
0 0.634375 0 0.634375 0.0117188 0.6375 0.015625 0.6375 0.0234375 0.640625 0.0273438 0.646875 0.0273438 0.65 0.03125 0.65625 0.03125 0.659375 0.0351562 0.671875 0.0351562 0.675 0.03125 0.68125 0.03125 0.684375 0.0273438 0.69375 0.0273438 0.696875 0.0234375 0.7 0.0234375 0.703125 0.0195312 0.70625 0.0195312 0.709375 0.015625 0.7125 0.015625 0.715625 0.0117188 0.715625 0.00390625 0.71875 0
0 0.359375 0 0.353125 0.0078125 0.35 0.0078125 0.340625 0.0195312 0.3375 0.0195312 0.325 0.0351562 0.321875 0.0351562 0.31875 0.0390625 0.31875 0.0429688 0.315625 0.046875 0.315625 0.0742188 0.325 0.0859375 0.33125 0.0859375 0.334375 0.0898438 0.35 0.0898438 0.353125 0.09375 0.38125 0.09375 0.390625 0.0820312 0.396875 0.0820312 0.43125 0.0390625 0.434375 0.0390625 0.446875 0.0234375 0.446875 0.0195312 0.45625 0.0078125 0.4625 0.0078125 0.46875 0
0 0.184375 0.453125 0.18125 0.457031 0.178125 0.457031 0.16875 0.46875 0.165625 0.46875 0.153125 0.484375 0.153125 0.488281 0.14375 0.5 0.14375 0.503906 0.134375 0.515625 0.134375 0.519531 0.125 0.53125 0.125 0.578125 0.128125 0.582031 0.128125 0.585938 0.13125 0.589844 0.1375 0.589844 0.140625 0.59375 0.15 0.59375 0.153125 0.589844 0.15625 0.589844 0.171875 0.570312 0.171875 0.554688 0.175 0.550781 0.175 0.523438 0.178125 0.519531 0.178125 0.507812 0.18125 0.503906 0.18125 0.492188 0.184375 0.488281 0.184375 0.480469 0.1875 0.476562 0.1875 0.464844 0.190625 0.460938 0.190625 0.457031 0.1875 0.453125
0 0.803125 0 0.803125 0.0078125 0.8 0.0117188 0.8 0.03125 0.79375 0.0390625 0.79375 0.0507812 0.7875 0.0585938 0.7875 0.0664062 0.771875 0.0859375 0.771875 0.105469 0.775 0.109375 0.8375 0.109375 0.840625 0.113281 0.846875 0.113281 0.85 0.109375 0.859375 0.109375 0.8625 0.105469 0.865625 0.105469 0.86875 0.101562 0.86875 0.0859375 0.865625 0.0820312 0.865625 0.0742188 0.8625 0.0703125 0.8625 0.0664062 0.859375 0.0625 0.859375 0
0 0.99375 0.183594 0.984375 0.195312 0.978125 0.195312 0.9625 0.214844 0.959375 0.214844 0.95625 0.21875 0.95 0.21875 0.94375 0.226562 0.940625 0.226562 0.934375 0.234375 0.934375 0.238281 0.93125 0.242188 0.93125 0.246094 0.925 0.253906 0.925 0.257812 0.921875 0.261719 0.921875 0.265625 0.93125 0.277344 0.93125 0.28125 0.9375 0.289062 0.9375 0.292969 0.940625 0.296875 0.94375 0.296875 0.946875 0.292969 0.959375 0.292969 0.9625 0.289062 0.96875 0.289062 0.971875 0.285156 0.978125 0.285156 0.98125 0.28125 0.984375 0.28125 0.9875 0.277344 0.990625 0.277344 0.996875 0.269531 0.996875 0.183594
0 0.775 0 0.76875 0.0078125 0.76875 0.0117188 0.771875 0.015625 0.784375 0.015625 0.7875 0.0117188 0.790625 0.0117188 0.8 0
0 0.215625 0 0.215625 0.015625 0.225 0.0273438 0.228125 0.0273438 0.23125 0.03125 0.25 0.03125 0.25625 0.0234375 0.259375 0.0234375 0.2625 0.0195312 0.265625 0.0195312 0.26875 0.015625 0.26875 0.0117188 0.275 0.00390625 0.275 0
0 0.98125 0.46875 0.978125 0.472656 0.96875 0.472656 0.95625 0.488281 0.953125 0.488281 0.946875 0.496094 0.94375 0.496094 0.9375 0.503906 0.934375 0.503906 0.928125 0.511719 0.925 0.511719 0.91875 0.519531 0.915625 0.519531 0.9125 0.523438 0.909375 0.523438 0.9 0.535156 0.896875 0.535156 0.89375 0.539062 0.89375 0.550781 0.890625 0.554688 0.890625 0.558594 0.8875 0.5625 0.8875 0.566406 0.884375 0.570312 0.884375 0.59375 0.88125 0.597656 0.88125 0.613281 0.878125 0.617188 0.878125 0.628906 0.88125 0.632812 0.88125 0.636719 0.884375 0.640625 0.896875 0.640625 0.9 0.636719 0.903125 0.636719 0.90625 0.632812 0.9125 0.632812 0.915625 0.628906 0.91875 0.628906 0.921875 0.625 0.925 0.625 0.928125 0.621094 0.93125 0.621094 0.934375 0.617188 0.940625 0.617188 0.94375 0.613281 0.946875 0.613281 0.95 0.609375 0.953125 0.609375 0.95625 0.605469 0.9625 0.605469 0.965625 0.601562 0.96875 0.601562 0.971875 0.597656 0.971875 0.589844 0.978125 0.582031 0.978125 0.578125 0.98125 0.574219 0.98125 0.558594 0.984375 0.554688 0.984375 0.542969 0.990625 0.535156 0.990625 0.523438 0.99375 0.519531 0.99375 0.515625 0.996875 0.511719 0.996875 0.46875
0 0.975 0.597656 0.96875 0.605469 0.965625 0.605469 0.9625 0.609375 0.95625 0.609375 0.953125 0.613281 0.95 0.613281 0.946875 0.617188 0.94375 0.617188 0.940625 0.621094 0.934375 0.621094 0.93125 0.625 0.928125 0.625 0.925 0.628906 0.921875 0.628906 0.91875 0.632812 0.915625 0.632812 0.9125 0.636719 0.90625 0.636719 0.903125 0.640625 0.9 0.640625 0.896875 0.644531 0.890625 0.644531 0.88125 0.65625 0.88125 0.660156 0.85625 0.691406 0.85625 0.695312 0.825 0.734375 0.825 0.738281 0.8 0.769531 0.796875 0.769531 0.79375 0.773438 0.79375 0.792969 0.8 0.800781 0.803125 0.800781 0.80625 0.804688 0.828125 0.804688 0.8375 0.792969 0.840625 0.792969 0.84375 0.789062 0.846875 0.789062 0.853125 0.78125 0.853125 0.773438 0.86875 0.753906 0.86875 0.75 0.871875 0.746094 0.871875 0.742188 0.896875 0.710938 0.896875 0.707031 0.925 0.671875 0.93125 0.671875 0.94375 0.65625 0.946875 0.65625 0.95625 0.644531 0.959375 0.644531 0.96875 0.632812 0.971875 0.632812 0.975 0.628906 0.98125 0.628906 0.984375 0.625 0.990625 0.625 0.99375 0.621094 0.996875 0.621094 0.996875 0.597656
0 0.99375 0.300781 0.9875 0.308594 0.984375 0.308594 0.971875 0.324219 0.965625 0.324219 0.9625 0.328125 0.959375 0.328125 0.953125 0.335938 0.95 0.335938 0.946875 0.339844 0.946875 0.34375 0.94375 0.347656 0.94375 0.351562 0.9375 0.359375 0.9375 0.363281 0.93125 0.371094 0.928125 0.371094 0.925 0.375 0.925 0.378906 0.928125 0.382812 0.928125 0.390625 0.93125 0.394531 0.934375 0.394531 0.9375 0.398438 0.940625 0.398438 0.94375 0.402344 0.95625 0.402344 0.959375 0.40625 0.996875 0.40625 0.996875 0.300781
0 0.6 0.03125 0.596875 0.0351562 0.584375 0.0351562 0.58125 0.0390625 0.575 0.0390625 0.571875 0.0429688 0.56875 0.0429688 0.565625 0.046875 0.559375 0.046875 0.546875 0.0625 0.54375 0.0625 0.5375 0.0703125 0.5375 0.101562 0.540625 0.105469 0.540625 0.109375 0.54375 0.113281 0.546875 0.113281 0.55 0.117188 0.5625 0.117188 0.565625 0.121094 0.609375 0.121094 0.615625 0.113281 0.61875 0.113281 0.621875 0.109375 0.628125 0.109375 0.640625 0.09375 0.640625 0.0859375 0.64375 0.0820312 0.64375 0.0390625 0.640625 0.0351562 0.609375 0.0351562 0.60625 0.03125
0 0.971875 0.410156 0.965625 0.417969 0.959375 0.417969 0.95625 0.421875 0.953125 0.421875 0.95 0.425781 0.946875 0.425781 0.94375 0.429688 0.9375 0.429688 0.934375 0.433594 0.93125 0.433594 0.928125 0.4375 0.921875 0.4375 0.91875 0.441406 0.915625 0.441406 0.9125 0.445312 0.9125 0.46875 0.915625 0.472656 0.921875 0.472656 0.925 0.46875 0.93125 0.46875 0.934375 0.464844 0.9375 0.464844 0.940625 0.460938 0.959375 0.460938 0.9625 0.457031 0.975 0.457031 0.978125 0.453125 0.996875 0.453125 0.996875 0.410156
0 0.934375 0.0390625 0.925 0.0507812 0.921875 0.0507812 0.90625 0.0703125 0.90625 0.0742188 0.903125 0.078125 0.903125 0.0976562 0.90625 0.101562 0.90625 0.105469 0.925 0.128906 0.934375 0.128906 0.9375 0.132812 0.940625 0.132812 0.946875 0.140625 0.959375 0.140625 0.9625 0.144531 0.971875 0.144531 0.975 0.148438 0.98125 0.148438 0.984375 0.144531 0.9875 0.144531 0.990625 0.140625 0.99375 0.140625 0.996875 0.136719 0.996875 0.0390625
