0 0.0898438 0.160156 0.0859375 0.164062 0.0820312 0.164062 0.078125 0.167969 0.0664062 0.167969 0.0546875 0.179688 0.0546875 0.210938 0.0703125 0.226562 0.0742188 0.226562 0.078125 0.230469 0.117188 0.230469 0.132812 0.214844 0.132812 0.199219 0.136719 0.195312 0.136719 0.175781 0.132812 0.171875 0.132812 0.167969 0.128906 0.164062 0.125 0.164062 0.121094 0.160156
0 0.265625 0.132812 0.261719 0.136719 0.253906 0.136719 0.25 0.140625 0.246094 0.140625 0.242188 0.144531 0.238281 0.144531 0.226562 0.15625 0.226562 0.160156 0.21875 0.167969 0.21875 0.203125 0.222656 0.207031 0.25 0.207031 0.257812 0.199219 0.277344 0.199219 0.285156 0.191406 0.289062 0.191406 0.292969 0.1875 0.292969 0.183594 0.296875 0.179688 0.296875 0.175781 0.304688 0.167969 0.304688 0.164062 0.300781 0.160156 0.300781 0.15625 0.28125 0.136719 0.273438 0.136719 0.269531 0.132812
0 0.621094 0.3125 0.617188 0.316406 0.613281 0.316406 0.605469 0.324219 0.605469 0.332031 0.601562 0.335938 0.601562 0.351562 0.605469 0.355469 0.605469 0.359375 0.621094 0.375 0.644531 0.375 0.648438 0.371094 0.652344 0.371094 0.664062 0.359375 0.664062 0.347656 0.667969 0.34375 0.667969 0.332031 0.664062 0.328125 0.664062 0.324219 0.660156 0.320312 0.652344 0.320312 0.644531 0.3125
0 0.582031 0.148438 0.578125 0.152344 0.574219 0.152344 0.5625 0.164062 0.5625 0.183594 0.570312 0.191406 0.574219 0.191406 0.578125 0.195312 0.59375 0.195312 0.597656 0.191406 0.601562 0.191406 0.605469 0.1875 0.605469 0.179688 0.609375 0.175781 0.609375 0.160156 0.601562 0.152344 0.597656 0.152344 0.59375 0.148438
0 0.00390625 0 0.0195312 0.015625 0.0234375 0.015625 0.0273438 0.0117188 0.0351562 0.0117188 0.0429688 0.0195312 0.0507812 0.0195312 0.0546875 0.015625 0.0585938 0.015625 0.0703125 0.00390625 0.0703125 0
0 0.199219 0.699219 0.195312 0.703125 0.191406 0.703125 0.179688 0.714844 0.179688 0.730469 0.191406 0.742188 0.210938 0.742188 0.214844 0.738281 0.21875 0.738281 0.222656 0.734375 0.222656 0.710938 0.214844 0.703125 0.210938 0.703125 0.207031 0.699219
0 0.015625 0.339844 0.0117188 0.34375 0.0117188 0.347656 0.0078125 0.351562 0.0078125 0.359375 0.00390625 0.363281 0.00390625 0.367188 0 0.371094 0 0.394531 0.00390625 0.398438 0.0078125 0.398438 0.0117188 0.402344 0.0195312 0.402344 0.0234375 0.398438 0.03125 0.398438 0.0351562 0.402344 0.046875 0.402344 0.0507812 0.398438 0.0507812 0.355469 0.0390625 0.34375 0.03125 0.34375 0.0273438 0.339844
0 0 0.582031 0 0.621094 0.00390625 0.621094 0.0078125 0.617188 0.0078125 0.613281 0.0117188 0.609375 0.0117188 0.589844 0.00390625 0.582031
0 0.921875 0.164062 0.917969 0.167969 0.914062 0.167969 0.90625 0.175781 0.90625 0.179688 0.902344 0.183594 0.902344 0.199219 0.917969 0.214844 0.917969 0.222656 0.921875 0.226562 0.925781 0.226562 0.929688 0.230469 0.933594 0.230469 0.9375 0.234375 0.957031 0.234375 0.964844 0.226562 0.964844 0.21875 0.96875 0.214844 0.96875 0.1875 0.964844 0.183594 0.964844 0.179688 0.957031 0.171875 0.953125 0.171875 0.949219 0.167969 0.945312 0.167969 0.941406 0.164062
0 0.40625 0.0898438 0.402344 0.09375 0.402344 0.0976562 0.398438 0.101562 0.398438 0.113281 0.402344 0.117188 0.40625 0.117188 0.410156 0.121094 0.425781 0.121094 0.429688 0.117188 0.429688 0.0976562 0.421875 0.0898438
0 0.460938 0.046875 0.449219 0.0585938 0.449219 0.0664062 0.445312 0.0703125 0.445312 0.0859375 0.460938 0.101562 0.46875 0.101562 0.472656 0.105469 0.484375 0.105469 0.488281 0.101562 0.492188 0.101562 0.5 0.09375 0.5 0.0898438 0.503906 0.0859375 0.503906 0.0664062 0.5 0.0625 0.5 0.0585938 0.492188 0.0507812 0.488281 0.0507812 0.484375 0.046875
0 0.835938 0.894531 0.832031 0.898438 0.832031 0.910156 0.828125 0.914062 0.828125 0.917969 0.824219 0.921875 0.824219 0.925781 0.832031 0.933594 0.859375 0.933594 0.863281 0.929688 0.867188 0.929688 0.875 0.921875 0.875 0.914062 0.871094 0.910156 0.871094 0.902344 0.863281 0.894531
0 0.8125 0.625 0.804688 0.632812 0.800781 0.632812 0.78125 0.652344 0.78125 0.660156 0.777344 0.664062 0.777344 0.675781 0.78125 0.679688 0.78125 0.683594 0.785156 0.6875 0.785156 0.691406 0.789062 0.695312 0.796875 0.695312 0.800781 0.699219 0.808594 0.699219 0.8125 0.695312 0.816406 0.695312 0.820312 0.691406 0.824219 0.691406 0.828125 0.6875 0.835938 0.6875 0.84375 0.679688 0.855469 0.679688 0.859375 0.675781 0.859375 0.667969 0.863281 0.664062 0.863281 0.65625 0.859375 0.652344 0.859375 0.644531 0.855469 0.640625 0.855469 0.636719 0.851562 0.632812 0.847656 0.632812 0.84375 0.628906 0.839844 0.628906 0.835938 0.625
0 0.457031 0.421875 0.453125 0.425781 0.449219 0.425781 0.445312 0.429688 0.445312 0.433594 0.4375 0.441406 0.4375 0.453125 0.433594 0.457031 0.433594 0.464844 0.445312 0.476562 0.449219 0.476562 0.457031 0.484375 0.472656 0.484375 0.476562 0.480469 0.484375 0.480469 0.488281 0.476562 0.492188 0.476562 0.503906 0.464844 0.507812 0.464844 0.515625 0.457031 0.515625 0.445312 0.511719 0.441406 0.511719 0.4375 0.496094 0.421875
0 0.589844 0.0429688 0.585938 0.046875 0.570312 0.046875 0.5625 0.0546875 0.5625 0.0820312 0.570312 0.0898438 0.574219 0.0898438 0.585938 0.101562 0.59375 0.101562 0.597656 0.105469 0.605469 0.105469 0.621094 0.0898438 0.621094 0.0859375 0.625 0.0820312 0.625 0.0664062 0.621094 0.0625 0.621094 0.0585938 0.605469 0.0429688
0 0.472656 0.308594 0.46875 0.3125 0.460938 0.3125 0.445312 0.328125 0.445312 0.332031 0.441406 0.335938 0.441406 0.339844 0.4375 0.34375 0.4375 0.351562 0.441406 0.355469 0.441406 0.359375 0.449219 0.367188 0.453125 0.367188 0.457031 0.371094 0.484375 0.371094 0.488281 0.367188 0.492188 0.367188 0.503906 0.355469 0.503906 0.351562 0.507812 0.347656 0.507812 0.328125 0.503906 0.324219 0.503906 0.320312 0.496094 0.3125 0.492188 0.3125 0.488281 0.308594
0 0.0078125 0.0664062 0 0.0742188 0 0.132812 0.00390625 0.132812 0.0078125 0.136719 0.0390625 0.136719 0.0429688 0.132812 0.046875 0.132812 0.0546875 0.125 0.0546875 0.0820312 0.0429688 0.0703125 0.0351562 0.0703125 0.03125 0.0664062
0 0.835938 0.324219 0.824219 0.335938 0.824219 0.339844 0.828125 0.34375 0.828125 0.351562 0.824219 0.355469 0.824219 0.363281 0.832031 0.371094 0.84375 0.371094 0.847656 0.375 0.859375 0.375 0.863281 0.371094 0.863281 0.359375 0.859375 0.355469 0.859375 0.339844 0.855469 0.335938 0.855469 0.332031 0.847656 0.324219
0 0.738281 0.644531 0.734375 0.648438 0.734375 0.652344 0.730469 0.65625 0.730469 0.667969 0.734375 0.671875 0.746094 0.671875 0.75 0.667969 0.75 0.664062 0.753906 0.660156 0.753906 0.648438 0.75 0.644531
0 0.355469 0.117188 0.351562 0.121094 0.335938 0.121094 0.324219 0.132812 0.324219 0.140625 0.320312 0.144531 0.320312 0.164062 0.339844 0.183594 0.34375 0.183594 0.351562 0.175781 0.355469 0.175781 0.359375 0.179688 0.371094 0.179688 0.378906 0.171875 0.378906 0.152344 0.382812 0.148438 0.382812 0.132812 0.371094 0.121094 0.363281 0.121094 0.359375 0.117188
0 0.367188 0.015625 0.347656 0.0351562 0.347656 0.0429688 0.34375 0.046875 0.34375 0.0664062 0.363281 0.0859375 0.394531 0.0859375 0.398438 0.0820312 0.398438 0.0664062 0.394531 0.0625 0.394531 0.0507812 0.398438 0.046875 0.398438 0.0390625 0.402344 0.0351562 0.402344 0.0234375 0.398438 0.0195312 0.382812 0.0195312 0.378906 0.015625
0 0.0625 0.726562 0.046875 0.742188 0.046875 0.757812 0.0429688 0.761719 0.0429688 0.792969 0.0585938 0.808594 0.0585938 0.816406 0.0625 0.820312 0.0820312 0.820312 0.0898438 0.8125 0.09375 0.8125 0.105469 0.800781 0.125 0.800781 0.128906 0.796875 0.128906 0.792969 0.136719 0.785156 0.136719 0.769531 0.132812 0.765625 0.132812 0.761719 0.128906 0.757812 0.128906 0.746094 0.125 0.742188 0.125 0.734375 0.117188 0.726562 0.09375 0.726562 0.0898438 0.730469 0.0703125 0.730469 0.0664062 0.726562
0 0.183594 0.121094 0.175781 0.128906 0.171875 0.128906 0.160156 0.140625 0.160156 0.164062 0.171875 0.175781 0.195312 0.175781 0.203125 0.167969 0.207031 0.167969 0.210938 0.164062 0.210938 0.152344 0.214844 0.148438 0.214844 0.132812 0.210938 0.128906 0.207031 0.128906 0.203125 0.125 0.199219 0.125 0.195312 0.121094
0 0.234375 0.0351562 0.226562 0.0429688 0.226562 0.046875 0.222656 0.0507812 0.222656 0.0546875 0.21875 0.0585938 0.21875 0.0703125 0.222656 0.0742188 0.222656 0.0820312 0.226562 0.0859375 0.234375 0.0859375 0.246094 0.0976562 0.273438 0.0976562 0.292969 0.078125 0.292969 0.0664062 0.261719 0.0351562
0 0.292969 0 0.292969 0.00390625 0.296875 0.0078125 0.296875 0.0117188 0.304688 0.0195312 0.308594 0.0195312 0.3125 0.0234375 0.324219 0.0234375 0.332031 0.015625 0.332031 0.0117188 0.34375 0
0 0.117188 0.0351562 0.113281 0.0390625 0.109375 0.0390625 0.101562 0.046875 0.0976562 0.046875 0.09375 0.0507812 0.09375 0.0546875 0.0898438 0.0585938 0.0898438 0.0625 0.0859375 0.0664062 0.0859375 0.0703125 0.0898438 0.0742188 0.0898438 0.078125 0.105469 0.09375 0.105469 0.0976562 0.109375 0.101562 0.125 0.101562 0.128906 0.105469 0.144531 0.105469 0.148438 0.101562 0.152344 0.101562 0.164062 0.0898438 0.164062 0.078125 0.15625 0.0703125 0.15625 0.0585938 0.152344 0.0546875 0.152344 0.0507812 0.148438 0.046875 0.148438 0.0429688 0.140625 0.0351562
0 0.375 0.195312 0.371094 0.199219 0.363281 0.199219 0.359375 0.203125 0.359375 0.207031 0.347656 0.21875 0.347656 0.234375 0.351562 0.238281 0.351562 0.242188 0.363281 0.253906 0.367188 0.253906 0.371094 0.257812 0.382812 0.257812 0.386719 0.253906 0.390625 0.253906 0.394531 0.25 0.394531 0.246094 0.402344 0.238281 0.402344 0.234375 0.40625 0.230469 0.40625 0.210938 0.402344 0.207031 0.402344 0.203125 0.398438 0.199219 0.394531 0.199219 0.390625 0.195312
0 0.617188 0.441406 0.613281 0.445312 0.613281 0.449219 0.605469 0.457031 0.605469 0.488281 0.613281 0.496094 0.617188 0.496094 0.621094 0.5 0.636719 0.5 0.640625 0.496094 0.644531 0.496094 0.652344 0.488281 0.652344 0.472656 0.648438 0.46875 0.648438 0.464844 0.644531 0.460938 0.644531 0.453125 0.636719 0.445312 0.628906 0.445312 0.625 0.441406
0 0.191406 0.785156 0.1875 0.789062 0.183594 0.789062 0.171875 0.800781 0.171875 0.8125 0.175781 0.816406 0.175781 0.824219 0.164062 0.835938 0.15625 0.835938 0.152344 0.839844 0.152344 0.847656 0.167969 0.863281 0.183594 0.863281 0.1875 0.859375 0.203125 0.859375 0.207031 0.863281 0.21875 0.863281 0.222656 0.859375 0.226562 0.859375 0.230469 0.855469 0.230469 0.851562 0.234375 0.847656 0.234375 0.84375 0.238281 0.839844 0.238281 0.824219 0.230469 0.816406 0.230469 0.8125 0.226562 0.808594 0.226562 0.804688 0.21875 0.796875 0.214844 0.796875 0.210938 0.792969 0.203125 0.792969 0.195312 0.785156
0 0.0117188 0.90625 0.00390625 0.914062 0.00390625 0.917969 0 0.921875 0 0.9375 0.00390625 0.941406 0.00390625 0.945312 0.015625 0.957031 0.0195312 0.957031 0.0234375 0.960938 0.0351562 0.960938 0.0390625 0.964844 0.0429688 0.964844 0.046875 0.96875 0.0546875 0.96875 0.0585938 0.964844 0.0625 0.964844 0.078125 0.949219 0.078125 0.925781 0.0742188 0.921875 0.0625 0.921875 0.0546875 0.914062 0.0546875 0.910156 0.0507812 0.90625
0 0.429688 0.015625 0.425781 0.0195312 0.417969 0.0195312 0.40625 0.03125 0.40625 0.0351562 0.402344 0.0390625 0.402344 0.046875 0.398438 0.0507812 0.398438 0.0625 0.414062 0.078125 0.4375 0.078125 0.441406 0.0742188 0.441406 0.0703125 0.445312 0.0664062 0.445312 0.0585938 0.464844 0.0390625 0.464844 0.0273438 0.460938 0.0234375 0.457031 0.0234375 0.449219 0.015625
0 0.355469 0.339844 0.351562 0.34375 0.339844 0.34375 0.328125 0.355469 0.328125 0.359375 0.324219 0.363281 0.324219 0.394531 0.328125 0.398438 0.328125 0.402344 0.332031 0.40625 0.335938 0.40625 0.339844 0.410156 0.34375 0.410156 0.347656 0.414062 0.367188 0.414062 0.371094 0.410156 0.375 0.410156 0.394531 0.390625 0.394531 0.386719 0.398438 0.382812 0.398438 0.367188 0.394531 0.363281 0.394531 0.355469 0.390625 0.351562 0.390625 0.347656 0.386719 0.34375 0.371094 0.34375 0.367188 0.339844
0 0.664062 0.132812 0.660156 0.136719 0.65625 0.136719 0.652344 0.140625 0.652344 0.144531 0.648438 0.148438 0.648438 0.15625 0.644531 0.160156 0.644531 0.164062 0.640625 0.167969 0.640625 0.179688 0.648438 0.1875 0.664062 0.1875 0.671875 0.195312 0.679688 0.195312 0.695312 0.179688 0.707031 0.179688 0.710938 0.175781 0.710938 0.167969 0.703125 0.160156 0.703125 0.152344 0.695312 0.144531 0.695312 0.140625 0.6875 0.132812
0 0.390625 0.453125 0.386719 0.457031 0.375 0.457031 0.371094 0.460938 0.367188 0.460938 0.359375 0.46875 0.359375 0.472656 0.355469 0.476562 0.355469 0.496094 0.359375 0.5 0.359375 0.507812 0.371094 0.519531 0.375 0.519531 0.378906 0.523438 0.402344 0.523438 0.40625 0.519531 0.410156 0.519531 0.425781 0.503906 0.425781 0.480469 0.421875 0.476562 0.421875 0.472656 0.40625 0.457031 0.398438 0.457031 0.394531 0.453125
0 0.992188 0.199219 0.984375 0.207031 0.984375 0.222656 0.980469 0.226562 0.980469 0.238281 0.992188 0.25 0.996094 0.25 0.996094 0.199219
0 0.738281 0.308594 0.734375 0.3125 0.730469 0.3125 0.726562 0.316406 0.722656 0.316406 0.710938 0.328125 0.710938 0.34375 0.714844 0.347656 0.714844 0.351562 0.71875 0.355469 0.71875 0.359375 0.730469 0.371094 0.742188 0.371094 0.746094 0.367188 0.75 0.367188 0.753906 0.363281 0.757812 0.363281 0.773438 0.347656 0.773438 0.34375 0.777344 0.339844 0.777344 0.328125 0.773438 0.324219 0.773438 0.320312 0.765625 0.3125 0.761719 0.3125 0.757812 0.308594
0 0.796875 0.140625 0.78125 0.15625 0.78125 0.171875 0.785156 0.175781 0.785156 0.179688 0.789062 0.183594 0.792969 0.183594 0.800781 0.191406 0.800781 0.195312 0.804688 0.199219 0.808594 0.199219 0.8125 0.203125 0.816406 0.203125 0.824219 0.195312 0.828125 0.195312 0.839844 0.183594 0.839844 0.175781 0.84375 0.171875 0.84375 0.167969 0.839844 0.164062 0.839844 0.160156 0.835938 0.15625 0.835938 0.148438 0.828125 0.140625
0 0.234375 0.238281 0.226562 0.246094 0.222656 0.246094 0.207031 0.261719 0.203125 0.261719 0.195312 0.253906 0.167969 0.253906 0.152344 0.269531 0.152344 0.285156 0.140625 0.296875 0.140625 0.304688 0.148438 0.3125 0.15625 0.3125 0.160156 0.316406 0.1875 0.316406 0.191406 0.3125 0.195312 0.3125 0.199219 0.308594 0.203125 0.308594 0.207031 0.304688 0.21875 0.304688 0.222656 0.308594 0.234375 0.308594 0.238281 0.304688 0.246094 0.304688 0.253906 0.296875 0.257812 0.296875 0.261719 0.292969 0.265625 0.292969 0.273438 0.285156 0.273438 0.265625 0.265625 0.257812 0.265625 0.25 0.253906 0.238281
0 0.792969 0.230469 0.785156 0.238281 0.78125 0.238281 0.777344 0.242188 0.777344 0.261719 0.78125 0.265625 0.78125 0.273438 0.792969 0.285156 0.796875 0.285156 0.800781 0.289062 0.824219 0.289062 0.832031 0.28125 0.832031 0.277344 0.839844 0.269531 0.839844 0.265625 0.835938 0.261719 0.828125 0.261719 0.820312 0.253906 0.820312 0.242188 0.8125 0.234375 0.808594 0.234375 0.804688 0.230469
0 0.828125 0.046875 0.824219 0.0507812 0.8125 0.0507812 0.804688 0.0585938 0.804688 0.0664062 0.800781 0.0703125 0.800781 0.0859375 0.804688 0.0898438 0.804688 0.09375 0.820312 0.109375 0.835938 0.109375 0.839844 0.113281 0.84375 0.113281 0.847656 0.109375 0.851562 0.109375 0.859375 0.101562 0.859375 0.09375 0.863281 0.0898438 0.863281 0.0664062 0.859375 0.0625 0.859375 0.0585938 0.855469 0.0546875 0.851562 0.0546875 0.847656 0.0507812 0.839844 0.0507812 0.835938 0.046875
