0 0.113281 0.304688 0.101562 0.316406 0.101562 0.332031 0.121094 0.332031 0.125 0.328125 0.128906 0.328125 0.128906 0.3125 0.121094 0.304688
0 0.789062 0.460938 0.777344 0.472656 0.777344 0.484375 0.773438 0.488281 0.773438 0.507812 0.808594 0.507812 0.808594 0.5 0.8125 0.496094 0.8125 0.492188 0.816406 0.488281 0.816406 0.472656 0.8125 0.46875 0.8125 0.464844 0.808594 0.464844 0.804688 0.460938
0 0.0546875 0.21875 0.046875 0.226562 0.046875 0.230469 0.0429688 0.234375 0.0429688 0.238281 0.046875 0.242188 0.0429688 0.246094 0.0351562 0.246094 0.03125 0.25 0.03125 0.257812 0.0390625 0.265625 0.0390625 0.269531 0.0429688 0.273438 0.0429688 0.277344 0.046875 0.28125 0.0585938 0.28125 0.0664062 0.273438 0.0742188 0.273438 0.078125 0.277344 0.0859375 0.277344 0.0898438 0.273438 0.0898438 0.265625 0.09375 0.261719 0.09375 0.238281 0.0898438 0.234375 0.0898438 0.230469 0.0820312 0.222656 0.078125 0.222656 0.0742188 0.21875
0 0.554688 0.183594 0.550781 0.1875 0.546875 0.1875 0.539062 0.195312 0.539062 0.199219 0.535156 0.203125 0.535156 0.222656 0.539062 0.226562 0.539062 0.230469 0.542969 0.234375 0.546875 0.234375 0.550781 0.238281 0.589844 0.238281 0.605469 0.222656 0.605469 0.207031 0.589844 0.191406 0.585938 0.191406 0.578125 0.183594
0 0.515625 0.257812 0.511719 0.261719 0.511719 0.265625 0.5 0.277344 0.496094 0.277344 0.484375 0.289062 0.484375 0.3125 0.488281 0.316406 0.488281 0.324219 0.492188 0.328125 0.5 0.328125 0.503906 0.324219 0.511719 0.324219 0.523438 0.3125 0.527344 0.3125 0.53125 0.308594 0.53125 0.304688 0.535156 0.300781 0.535156 0.292969 0.53125 0.289062 0.53125 0.285156 0.542969 0.273438 0.542969 0.261719 0.539062 0.257812
0 0.53125 0.90625 0.527344 0.910156 0.523438 0.910156 0.515625 0.917969 0.511719 0.917969 0.503906 0.925781 0.5 0.925781 0.5 0.929688 0.496094 0.933594 0.496094 0.949219 0.5 0.953125 0.5 0.957031 0.503906 0.960938 0.507812 0.960938 0.511719 0.964844 0.515625 0.964844 0.519531 0.96875 0.539062 0.96875 0.542969 0.964844 0.546875 0.964844 0.5625 0.949219 0.566406 0.949219 0.570312 0.945312 0.570312 0.933594 0.574219 0.929688 0.574219 0.925781 0.570312 0.921875 0.570312 0.914062 0.566406 0.914062 0.5625 0.910156 0.558594 0.910156 0.554688 0.90625
0 0.121094 0.253906 0.117188 0.257812 0.117188 0.265625 0.121094 0.269531 0.128906 0.269531 0.140625 0.28125 0.140625 0.285156 0.144531 0.289062 0.152344 0.289062 0.15625 0.285156 0.15625 0.269531 0.144531 0.257812 0.140625 0.257812 0.136719 0.253906
0 0.238281 0.484375 0.230469 0.492188 0.230469 0.496094 0.226562 0.5 0.226562 0.523438 0.230469 0.527344 0.238281 0.527344 0.242188 0.53125 0.257812 0.53125 0.261719 0.527344 0.269531 0.527344 0.269531 0.519531 0.273438 0.515625 0.273438 0.503906 0.269531 0.503906 0.261719 0.496094 0.261719 0.488281 0.257812 0.488281 0.253906 0.484375
0 0.386719 0.175781 0.382812 0.179688 0.382812 0.183594 0.375 0.191406 0.371094 0.191406 0.367188 0.195312 0.363281 0.195312 0.359375 0.199219 0.355469 0.199219 0.351562 0.203125 0.351562 0.210938 0.355469 0.214844 0.375 0.214844 0.390625 0.199219 0.398438 0.199219 0.402344 0.195312 0.402344 0.179688 0.398438 0.175781
0 0.777344 0.386719 0.773438 0.390625 0.769531 0.390625 0.765625 0.394531 0.765625 0.40625 0.761719 0.410156 0.765625 0.414062 0.765625 0.417969 0.78125 0.417969 0.789062 0.410156 0.789062 0.394531 0.785156 0.390625 0.78125 0.390625
0 0.609375 0.507812 0.605469 0.511719 0.605469 0.515625 0.601562 0.519531 0.601562 0.546875 0.605469 0.542969 0.609375 0.546875 0.625 0.546875 0.628906 0.542969 0.628906 0.53125 0.632812 0.527344 0.632812 0.515625 0.625 0.507812
0 0.359375 0.65625 0.355469 0.660156 0.351562 0.660156 0.339844 0.671875 0.339844 0.675781 0.335938 0.679688 0.335938 0.710938 0.339844 0.714844 0.339844 0.722656 0.34375 0.726562 0.34375 0.734375 0.351562 0.742188 0.363281 0.742188 0.367188 0.746094 0.375 0.746094 0.378906 0.742188 0.386719 0.742188 0.410156 0.71875 0.410156 0.691406 0.40625 0.6875 0.40625 0.679688 0.398438 0.671875 0.394531 0.671875 0.390625 0.667969 0.386719 0.667969 0.378906 0.660156 0.375 0.660156 0.371094 0.65625
0 0.640625 0.628906 0.636719 0.632812 0.636719 0.640625 0.640625 0.644531 0.648438 0.644531 0.652344 0.640625 0.652344 0.632812 0.648438 0.628906
0 0.332031 0.445312 0.328125 0.449219 0.324219 0.449219 0.320312 0.453125 0.316406 0.453125 0.316406 0.457031 0.3125 0.460938 0.3125 0.472656 0.308594 0.476562 0.308594 0.484375 0.3125 0.488281 0.332031 0.488281 0.335938 0.492188 0.335938 0.488281 0.339844 0.484375 0.34375 0.484375 0.34375 0.472656 0.347656 0.46875 0.347656 0.445312
0 0.355469 0.332031 0.347656 0.339844 0.347656 0.367188 0.351562 0.371094 0.351562 0.378906 0.355469 0.382812 0.367188 0.382812 0.371094 0.378906 0.371094 0.371094 0.375 0.367188 0.375 0.335938 0.371094 0.332031
0 0.394531 0.871094 0.390625 0.875 0.390625 0.878906 0.386719 0.882812 0.386719 0.886719 0.390625 0.890625 0.390625 0.894531 0.394531 0.898438 0.410156 0.898438 0.410156 0.894531 0.414062 0.890625 0.414062 0.875 0.410156 0.875 0.40625 0.871094
0 0.597656 0.585938 0.59375 0.589844 0.589844 0.589844 0.582031 0.597656 0.582031 0.605469 0.578125 0.609375 0.585938 0.609375 0.589844 0.605469 0.601562 0.605469 0.605469 0.609375 0.605469 0.613281 0.609375 0.617188 0.605469 0.621094 0.609375 0.625 0.605469 0.628906 0.605469 0.632812 0.617188 0.632812 0.625 0.625 0.625 0.605469 0.617188 0.597656 0.617188 0.59375 0.613281 0.59375 0.609375 0.589844 0.601562 0.589844
0 0.625 0.351562 0.617188 0.359375 0.617188 0.367188 0.605469 0.378906 0.605469 0.390625 0.625 0.410156 0.648438 0.410156 0.652344 0.40625 0.652344 0.394531 0.65625 0.390625 0.65625 0.386719 0.648438 0.378906 0.648438 0.359375 0.640625 0.351562
0 0.300781 0.226562 0.292969 0.234375 0.289062 0.234375 0.289062 0.238281 0.285156 0.242188 0.285156 0.261719 0.308594 0.261719 0.3125 0.257812 0.316406 0.257812 0.316406 0.25 0.320312 0.246094 0.320312 0.234375 0.3125 0.226562
0 0.40625 0.589844 0.402344 0.59375 0.394531 0.59375 0.386719 0.601562 0.390625 0.605469 0.390625 0.613281 0.402344 0.625 0.402344 0.628906 0.417969 0.628906 0.417969 0.625 0.421875 0.621094 0.421875 0.609375 0.417969 0.605469 0.417969 0.597656 0.414062 0.59375 0.410156 0.59375
0 0.925781 0.222656 0.921875 0.226562 0.921875 0.234375 0.925781 0.238281 0.933594 0.238281 0.9375 0.234375 0.9375 0.226562 0.933594 0.222656
0 0.566406 0.464844 0.5625 0.46875 0.5625 0.476562 0.566406 0.480469 0.570312 0.480469 0.574219 0.484375 0.570312 0.488281 0.570312 0.496094 0.574219 0.5 0.574219 0.507812 0.570312 0.511719 0.574219 0.515625 0.589844 0.515625 0.59375 0.511719 0.59375 0.503906 0.589844 0.5 0.589844 0.476562 0.585938 0.472656 0.585938 0.46875 0.582031 0.464844
0 0.753906 0.449219 0.75 0.453125 0.746094 0.453125 0.746094 0.457031 0.738281 0.464844 0.738281 0.480469 0.746094 0.488281 0.753906 0.488281 0.765625 0.476562 0.765625 0.472656 0.773438 0.464844 0.773438 0.453125 0.769531 0.449219
0 0.3125 0.273438 0.304688 0.28125 0.308594 0.285156 0.308594 0.292969 0.320312 0.304688 0.351562 0.304688 0.355469 0.300781 0.355469 0.28125 0.351562 0.277344 0.347656 0.277344 0.34375 0.273438
0 0.136719 0.375 0.132812 0.378906 0.128906 0.378906 0.121094 0.386719 0.121094 0.390625 0.117188 0.394531 0.117188 0.398438 0.109375 0.40625 0.109375 0.410156 0.105469 0.414062 0.105469 0.425781 0.109375 0.429688 0.125 0.429688 0.132812 0.421875 0.136719 0.421875 0.140625 0.417969 0.140625 0.414062 0.148438 0.40625 0.148438 0.398438 0.152344 0.394531 0.152344 0.390625 0.148438 0.386719 0.148438 0.382812 0.140625 0.375
0 0.355469 0.152344 0.347656 0.160156 0.34375 0.160156 0.332031 0.171875 0.332031 0.1875 0.339844 0.195312 0.359375 0.195312 0.363281 0.191406 0.367188 0.191406 0.371094 0.1875 0.375 0.1875 0.378906 0.183594 0.378906 0.179688 0.382812 0.175781 0.382812 0.171875 0.386719 0.167969 0.386719 0.15625 0.382812 0.152344
0 0.660156 0.34375 0.652344 0.351562 0.652344 0.378906 0.660156 0.386719 0.667969 0.386719 0.671875 0.390625 0.667969 0.394531 0.667969 0.402344 0.671875 0.40625 0.679688 0.40625 0.683594 0.402344 0.691406 0.402344 0.695312 0.398438 0.695312 0.347656 0.691406 0.34375
0 0.101562 0.265625 0.0976562 0.269531 0.0976562 0.28125 0.105469 0.289062 0.113281 0.289062 0.121094 0.296875 0.128906 0.296875 0.132812 0.300781 0.140625 0.300781 0.144531 0.296875 0.144531 0.292969 0.136719 0.285156 0.136719 0.28125 0.128906 0.273438 0.121094 0.273438 0.113281 0.265625
0 0.519531 0.480469 0.515625 0.484375 0.515625 0.492188 0.519531 0.496094 0.519531 0.5 0.53125 0.511719 0.542969 0.511719 0.546875 0.507812 0.546875 0.5 0.535156 0.488281 0.535156 0.484375 0.53125 0.480469
0 0.367188 0.515625 0.359375 0.523438 0.359375 0.539062 0.367188 0.546875 0.375 0.546875 0.378906 0.542969 0.386719 0.542969 0.390625 0.539062 0.390625 0.535156 0.394531 0.53125 0.394531 0.523438 0.390625 0.527344 0.386719 0.523438 0.386719 0.515625
0 0.882812 0.617188 0.878906 0.621094 0.878906 0.644531 0.886719 0.652344 0.902344 0.652344 0.90625 0.648438 0.90625 0.632812 0.898438 0.625 0.898438 0.621094 0.894531 0.617188
0 0.621094 0.175781 0.617188 0.179688 0.617188 0.1875 0.628906 0.199219 0.636719 0.199219 0.640625 0.195312 0.640625 0.1875 0.636719 0.183594 0.636719 0.179688 0.632812 0.175781
0 0.289062 0.316406 0.28125 0.324219 0.273438 0.324219 0.265625 0.332031 0.265625 0.335938 0.261719 0.339844 0.261719 0.351562 0.265625 0.347656 0.269531 0.347656 0.273438 0.351562 0.285156 0.351562 0.289062 0.347656 0.292969 0.347656 0.300781 0.339844 0.300781 0.324219 0.296875 0.320312 0.292969 0.320312
0 0.402344 0.410156 0.398438 0.414062 0.398438 0.417969 0.394531 0.421875 0.390625 0.421875 0.386719 0.425781 0.382812 0.425781 0.382812 0.4375 0.386719 0.441406 0.386719 0.449219 0.402344 0.449219 0.410156 0.441406 0.414062 0.441406 0.417969 0.4375 0.425781 0.4375 0.429688 0.433594 0.429688 0.421875 0.425781 0.417969 0.429688 0.414062 0.441406 0.414062 0.429688 0.414062 0.425781 0.410156
0 0.628906 0.851562 0.625 0.855469 0.625 0.863281 0.628906 0.867188 0.636719 0.867188 0.640625 0.863281 0.640625 0.855469 0.636719 0.851562
0 0.570312 0.609375 0.554688 0.625 0.554688 0.636719 0.550781 0.640625 0.554688 0.644531 0.554688 0.648438 0.566406 0.660156 0.574219 0.660156 0.582031 0.652344 0.585938 0.652344 0.585938 0.648438 0.597656 0.636719 0.601562 0.636719 0.601562 0.628906 0.605469 0.625 0.601562 0.621094 0.605469 0.617188 0.601562 0.613281 0.601562 0.609375 0.589844 0.609375 0.585938 0.613281 0.578125 0.613281 0.574219 0.609375
0 0.0703125 0.289062 0.0507812 0.308594 0.0507812 0.320312 0.0546875 0.320312 0.0585938 0.324219 0.0625 0.324219 0.0664062 0.328125 0.0820312 0.328125 0.0820312 0.324219 0.0859375 0.320312 0.0898438 0.320312 0.09375 0.316406 0.09375 0.296875 0.0898438 0.292969 0.0898438 0.289062
0 0.628906 0.152344 0.625 0.15625 0.625 0.164062 0.628906 0.167969 0.644531 0.167969 0.648438 0.164062 0.648438 0.15625 0.644531 0.152344
0 0.652344 0.886719 0.648438 0.890625 0.644531 0.890625 0.632812 0.902344 0.632812 0.90625 0.628906 0.910156 0.628906 0.929688 0.632812 0.933594 0.632812 0.941406 0.636719 0.945312 0.636719 0.949219 0.648438 0.960938 0.679688 0.960938 0.6875 0.953125 0.691406 0.953125 0.691406 0.925781 0.6875 0.921875 0.691406 0.917969 0.691406 0.914062 0.683594 0.90625 0.679688 0.90625 0.675781 0.902344 0.675781 0.894531 0.671875 0.890625 0.667969 0.890625 0.664062 0.886719
0 0.527344 0.375 0.523438 0.378906 0.511719 0.378906 0.496094 0.394531 0.496094 0.40625 0.5 0.410156 0.5 0.421875 0.503906 0.425781 0.503906 0.429688 0.507812 0.433594 0.515625 0.433594 0.519531 0.4375 0.527344 0.4375 0.539062 0.425781 0.539062 0.421875 0.542969 0.417969 0.542969 0.40625 0.546875 0.402344 0.546875 0.378906 0.542969 0.375
0 0.902344 0.5625 0.894531 0.570312 0.894531 0.582031 0.902344 0.589844 0.902344 0.59375 0.90625 0.597656 0.921875 0.597656 0.925781 0.59375 0.925781 0.566406 0.921875 0.5625
0 0.015625 0.257812 0.015625 0.261719 0.00390625 0.273438 0 0.273438 0 0.292969 0.0078125 0.292969 0.015625 0.300781 0.0234375 0.300781 0.0273438 0.296875 0.0273438 0.277344 0.0234375 0.273438 0.0234375 0.269531 0.0195312 0.269531 0.015625 0.265625
0 0.484375 0.527344 0.476562 0.535156 0.472656 0.535156 0.46875 0.539062 0.46875 0.546875 0.472656 0.550781 0.476562 0.550781 0.480469 0.554688 0.480469 0.558594 0.488281 0.566406 0.5 0.566406 0.503906 0.5625 0.503906 0.53125 0.5 0.527344
0 0.417969 0.363281 0.410156 0.371094 0.410156 0.390625 0.414062 0.394531 0.414062 0.398438 0.421875 0.40625 0.429688 0.40625 0.433594 0.410156 0.445312 0.410156 0.449219 0.40625 0.449219 0.398438 0.453125 0.394531 0.453125 0.375 0.449219 0.371094 0.441406 0.371094 0.4375 0.367188 0.433594 0.367188 0.429688 0.363281
0 0.523438 0.578125 0.519531 0.582031 0.515625 0.582031 0.507812 0.589844 0.507812 0.613281 0.511719 0.613281 0.519531 0.621094 0.535156 0.621094 0.539062 0.617188 0.539062 0.609375 0.542969 0.605469 0.542969 0.59375 0.527344 0.578125
0 0.429688 0.816406 0.425781 0.820312 0.425781 0.824219 0.417969 0.832031 0.417969 0.835938 0.40625 0.847656 0.40625 0.855469 0.410156 0.859375 0.429688 0.859375 0.433594 0.855469 0.433594 0.851562 0.445312 0.839844 0.445312 0.824219 0.4375 0.816406
0 0.222656 0.28125 0.214844 0.289062 0.214844 0.300781 0.222656 0.308594 0.222656 0.316406 0.242188 0.316406 0.246094 0.320312 0.253906 0.320312 0.253906 0.316406 0.257812 0.3125 0.261719 0.3125 0.261719 0.292969 0.253906 0.285156 0.246094 0.285156 0.242188 0.28125
0 0.0585938 0.496094 0.046875 0.507812 0.046875 0.53125 0.0507812 0.535156 0.0546875 0.535156 0.0585938 0.539062 0.0625 0.539062 0.0664062 0.542969 0.0664062 0.546875 0.09375 0.546875 0.0976562 0.542969 0.101562 0.542969 0.105469 0.539062 0.109375 0.539062 0.117188 0.53125 0.117188 0.515625 0.101562 0.5 0.0859375 0.5 0.0820312 0.496094
0 0.570312 0.394531 0.566406 0.398438 0.5625 0.398438 0.558594 0.402344 0.558594 0.417969 0.566406 0.425781 0.582031 0.425781 0.585938 0.421875 0.589844 0.421875 0.589844 0.40625 0.578125 0.394531
0 0.460938 0.558594 0.457031 0.5625 0.457031 0.585938 0.460938 0.589844 0.460938 0.59375 0.464844 0.597656 0.484375 0.597656 0.492188 0.589844 0.492188 0.570312 0.488281 0.570312 0.476562 0.558594
0 0.546875 0.476562 0.542969 0.480469 0.542969 0.492188 0.550781 0.5 0.550781 0.507812 0.554688 0.511719 0.566406 0.511719 0.570312 0.507812 0.570312 0.5 0.566406 0.496094 0.566406 0.488281 0.570312 0.484375 0.566406 0.484375 0.5625 0.480469 0.558594 0.480469 0.554688 0.476562
0 0.265625 0.195312 0.253906 0.207031 0.253906 0.214844 0.257812 0.21875 0.257812 0.222656 0.261719 0.222656 0.265625 0.226562 0.265625 0.230469 0.277344 0.230469 0.285156 0.222656 0.285156 0.214844 0.28125 0.210938 0.28125 0.207031 0.277344 0.203125 0.277344 0.199219 0.273438 0.199219 0.269531 0.195312
0 0.460938 0.246094 0.457031 0.25 0.457031 0.273438 0.449219 0.28125 0.445312 0.28125 0.441406 0.285156 0.441406 0.292969 0.445312 0.296875 0.449219 0.296875 0.453125 0.300781 0.453125 0.308594 0.457031 0.3125 0.46875 0.3125 0.480469 0.300781 0.480469 0.289062 0.488281 0.28125 0.488281 0.277344 0.492188 0.273438 0.492188 0.253906 0.484375 0.246094
0 0.640625 0.261719 0.636719 0.265625 0.632812 0.265625 0.628906 0.269531 0.628906 0.273438 0.625 0.277344 0.625 0.285156 0.628906 0.289062 0.628906 0.296875 0.636719 0.296875 0.640625 0.292969 0.644531 0.292969 0.652344 0.285156 0.660156 0.285156 0.664062 0.28125 0.664062 0.277344 0.660156 0.273438 0.660156 0.265625 0.65625 0.265625 0.652344 0.261719
0 0.625 0.207031 0.621094 0.210938 0.621094 0.222656 0.625 0.226562 0.636719 0.226562 0.640625 0.222656 0.640625 0.210938 0.636719 0.207031
0 0.929688 0.578125 0.929688 0.59375 0.9375 0.59375 0.949219 0.605469 0.957031 0.605469 0.960938 0.601562 0.960938 0.589844 0.949219 0.578125
0 0.398438 0.472656 0.394531 0.476562 0.386719 0.476562 0.386719 0.480469 0.382812 0.484375 0.382812 0.496094 0.386719 0.5 0.390625 0.5 0.40625 0.515625 0.425781 0.515625 0.429688 0.511719 0.429688 0.492188 0.421875 0.484375 0.421875 0.480469 0.417969 0.480469 0.414062 0.476562 0.40625 0.476562 0.402344 0.472656
0 0.332031 0.316406 0.328125 0.320312 0.328125 0.355469 0.339844 0.355469 0.34375 0.359375 0.34375 0.339844 0.347656 0.335938 0.347656 0.320312 0.34375 0.316406
0 0.683594 0.507812 0.679688 0.511719 0.679688 0.515625 0.675781 0.519531 0.675781 0.53125 0.679688 0.535156 0.679688 0.539062 0.683594 0.539062 0.691406 0.546875 0.707031 0.546875 0.707031 0.542969 0.710938 0.539062 0.710938 0.535156 0.714844 0.53125 0.714844 0.523438 0.707031 0.515625 0.703125 0.515625 0.699219 0.511719 0.695312 0.511719 0.691406 0.507812
0 0.714844 0.578125 0.703125 0.589844 0.703125 0.59375 0.699219 0.597656 0.699219 0.605469 0.707031 0.613281 0.714844 0.613281 0.71875 0.617188 0.71875 0.625 0.710938 0.632812 0.710938 0.636719 0.707031 0.640625 0.710938 0.644531 0.710938 0.648438 0.714844 0.652344 0.714844 0.65625 0.730469 0.65625 0.730469 0.652344 0.753906 0.628906 0.753906 0.617188 0.75 0.613281 0.730469 0.613281 0.726562 0.609375 0.726562 0.605469 0.730469 0.601562 0.730469 0.578125
0 0.914062 0.617188 0.910156 0.621094 0.910156 0.644531 0.917969 0.652344 0.925781 0.652344 0.929688 0.648438 0.929688 0.636719 0.925781 0.632812 0.925781 0.621094 0.921875 0.617188
0 0 0.238281 0 0.269531 0.00390625 0.269531 0.0117188 0.261719 0.0117188 0.257812 0.015625 0.253906 0.015625 0.246094 0.0117188 0.246094 0.00390625 0.238281
