0 0.546875 0.078125 0.542969 0.0820312 0.539062 0.0820312 0.535156 0.0859375 0.53125 0.0859375 0.523438 0.09375 0.523438 0.0976562 0.519531 0.101562 0.519531 0.105469 0.515625 0.109375 0.515625 0.117188 0.511719 0.121094 0.511719 0.144531 0.515625 0.144531 0.523438 0.152344 0.523438 0.164062 0.527344 0.167969 0.53125 0.167969 0.535156 0.171875 0.546875 0.171875 0.550781 0.175781 0.582031 0.175781 0.585938 0.171875 0.59375 0.171875 0.601562 0.164062 0.605469 0.164062 0.617188 0.152344 0.617188 0.148438 0.621094 0.144531 0.621094 0.140625 0.609375 0.128906 0.609375 0.125 0.605469 0.121094 0.601562 0.121094 0.59375 0.113281 0.59375 0.109375 0.585938 0.101562 0.585938 0.0976562 0.578125 0.0898438 0.578125 0.0859375 0.570312 0.078125
0 0.0664062 0.652344 0.0625 0.65625 0.0585938 0.65625 0.046875 0.667969 0.046875 0.671875 0.0429688 0.675781 0.0429688 0.6875 0.046875 0.691406 0.046875 0.695312 0.0507812 0.699219 0.0507812 0.703125 0.0585938 0.710938 0.0585938 0.714844 0.0625 0.714844 0.0664062 0.71875 0.0859375 0.71875 0.0898438 0.714844 0.09375 0.714844 0.0976562 0.710938 0.101562 0.710938 0.105469 0.707031 0.105469 0.703125 0.113281 0.695312 0.113281 0.675781 0.109375 0.671875 0.109375 0.667969 0.101562 0.660156 0.0976562 0.660156 0.09375 0.65625 0.0898438 0.65625 0.0859375 0.652344
0 0.777344 0.292969 0.773438 0.296875 0.769531 0.296875 0.761719 0.304688 0.761719 0.308594 0.757812 0.3125 0.757812 0.351562 0.761719 0.355469 0.761719 0.359375 0.777344 0.375 0.785156 0.375 0.789062 0.378906 0.804688 0.378906 0.808594 0.375 0.816406 0.375 0.824219 0.367188 0.828125 0.367188 0.832031 0.363281 0.832031 0.359375 0.835938 0.355469 0.835938 0.351562 0.839844 0.347656 0.839844 0.332031 0.835938 0.328125 0.835938 0.320312 0.816406 0.300781 0.8125 0.300781 0.808594 0.296875 0.804688 0.296875 0.800781 0.292969
0 0.0976562 0.335938 0.09375 0.339844 0.0898438 0.339844 0.0859375 0.34375 0.0820312 0.34375 0.078125 0.347656 0.0742188 0.347656 0.0664062 0.355469 0.0664062 0.359375 0.0585938 0.367188 0.0585938 0.375 0.0546875 0.378906 0.0546875 0.40625 0.0585938 0.410156 0.0585938 0.414062 0.0625 0.417969 0.0625 0.421875 0.0820312 0.441406 0.0859375 0.441406 0.0898438 0.445312 0.0976562 0.445312 0.101562 0.449219 0.128906 0.449219 0.132812 0.445312 0.136719 0.445312 0.175781 0.40625 0.171875 0.40625 0.167969 0.402344 0.167969 0.378906 0.164062 0.375 0.164062 0.367188 0.160156 0.363281 0.160156 0.359375 0.144531 0.34375 0.140625 0.34375 0.136719 0.339844 0.132812 0.339844 0.128906 0.335938
0 0.546875 0.445312 0.546875 0.449219 0.523438 0.472656 0.519531 0.472656 0.507812 0.484375 0.507812 0.5 0.511719 0.503906 0.511719 0.511719 0.519531 0.519531 0.519531 0.523438 0.527344 0.53125 0.535156 0.53125 0.539062 0.527344 0.550781 0.527344 0.554688 0.523438 0.558594 0.523438 0.5625 0.519531 0.566406 0.519531 0.582031 0.503906 0.605469 0.503906 0.605469 0.476562 0.601562 0.472656 0.601562 0.46875 0.59375 0.460938 0.585938 0.460938 0.582031 0.457031 0.578125 0.457031 0.574219 0.453125 0.570312 0.453125 0.566406 0.449219 0.554688 0.449219 0.550781 0.445312
0 0.265625 0.488281 0.253906 0.5 0.246094 0.5 0.238281 0.507812 0.234375 0.507812 0.207031 0.535156 0.207031 0.550781 0.210938 0.554688 0.210938 0.558594 0.222656 0.570312 0.242188 0.570312 0.246094 0.574219 0.253906 0.574219 0.257812 0.578125 0.28125 0.578125 0.285156 0.574219 0.289062 0.574219 0.292969 0.570312 0.304688 0.570312 0.308594 0.566406 0.3125 0.566406 0.316406 0.5625 0.320312 0.5625 0.324219 0.558594 0.324219 0.554688 0.332031 0.546875 0.332031 0.511719 0.324219 0.503906 0.324219 0.5 0.320312 0.496094 0.3125 0.496094 0.308594 0.492188 0.285156 0.492188 0.28125 0.488281
0 0.425781 0.128906 0.421875 0.132812 0.421875 0.136719 0.40625 0.152344 0.40625 0.15625 0.394531 0.167969 0.394531 0.222656 0.398438 0.226562 0.414062 0.226562 0.417969 0.230469 0.445312 0.230469 0.457031 0.21875 0.457031 0.199219 0.460938 0.195312 0.460938 0.191406 0.472656 0.179688 0.472656 0.160156 0.464844 0.152344 0.464844 0.140625 0.453125 0.128906
0 0.03125 0.734375 0.0195312 0.746094 0.0195312 0.757812 0.015625 0.761719 0.0195312 0.765625 0.0195312 0.773438 0.03125 0.773438 0.0390625 0.78125 0.0390625 0.789062 0.0507812 0.800781 0.0546875 0.800781 0.0625 0.808594 0.0625 0.8125 0.0664062 0.816406 0.0703125 0.816406 0.078125 0.824219 0.0820312 0.824219 0.0898438 0.832031 0.09375 0.832031 0.109375 0.847656 0.132812 0.847656 0.140625 0.839844 0.144531 0.839844 0.144531 0.835938 0.152344 0.828125 0.152344 0.820312 0.15625 0.816406 0.148438 0.808594 0.148438 0.800781 0.132812 0.785156 0.132812 0.773438 0.125 0.765625 0.125 0.75 0.109375 0.75 0.105469 0.746094 0.0820312 0.746094 0.078125 0.75 0.0742188 0.746094 0.0664062 0.746094 0.0585938 0.738281 0.0546875 0.738281 0.0507812 0.734375
0 0.65625 0.203125 0.652344 0.207031 0.652344 0.210938 0.648438 0.214844 0.648438 0.21875 0.644531 0.222656 0.644531 0.230469 0.640625 0.234375 0.640625 0.246094 0.644531 0.25 0.644531 0.253906 0.648438 0.257812 0.648438 0.261719 0.660156 0.273438 0.664062 0.273438 0.667969 0.277344 0.671875 0.277344 0.675781 0.28125 0.703125 0.28125 0.707031 0.277344 0.710938 0.277344 0.714844 0.273438 0.71875 0.273438 0.730469 0.261719 0.730469 0.257812 0.734375 0.253906 0.734375 0.222656 0.730469 0.21875 0.726562 0.21875 0.722656 0.214844 0.695312 0.214844 0.691406 0.210938 0.6875 0.210938 0.683594 0.207031 0.671875 0.207031 0.667969 0.203125
0 0.878906 0.851562 0.875 0.855469 0.871094 0.855469 0.863281 0.863281 0.859375 0.863281 0.855469 0.867188 0.851562 0.867188 0.847656 0.871094 0.847656 0.875 0.839844 0.882812 0.839844 0.914062 0.855469 0.929688 0.859375 0.929688 0.863281 0.933594 0.894531 0.933594 0.898438 0.929688 0.90625 0.929688 0.910156 0.925781 0.917969 0.925781 0.917969 0.917969 0.921875 0.914062 0.921875 0.910156 0.925781 0.90625 0.925781 0.875 0.917969 0.867188 0.917969 0.859375 0.914062 0.855469 0.910156 0.855469 0.90625 0.851562
0 0.851562 0.167969 0.847656 0.171875 0.839844 0.171875 0.835938 0.175781 0.832031 0.175781 0.824219 0.183594 0.824219 0.1875 0.820312 0.191406 0.820312 0.195312 0.816406 0.199219 0.816406 0.222656 0.820312 0.226562 0.820312 0.234375 0.828125 0.242188 0.828125 0.246094 0.839844 0.257812 0.84375 0.257812 0.847656 0.261719 0.863281 0.261719 0.867188 0.265625 0.871094 0.265625 0.875 0.261719 0.886719 0.261719 0.890625 0.257812 0.894531 0.257812 0.90625 0.246094 0.90625 0.242188 0.910156 0.238281 0.910156 0.230469 0.914062 0.226562 0.914062 0.214844 0.910156 0.210938 0.910156 0.199219 0.90625 0.195312 0.90625 0.191406 0.890625 0.175781 0.886719 0.175781 0.882812 0.171875 0.871094 0.171875 0.867188 0.167969
0 0.222656 0.8125 0.21875 0.816406 0.214844 0.816406 0.207031 0.824219 0.203125 0.824219 0.203125 0.828125 0.195312 0.835938 0.195312 0.871094 0.199219 0.875 0.199219 0.878906 0.214844 0.894531 0.21875 0.894531 0.222656 0.898438 0.226562 0.898438 0.230469 0.902344 0.25 0.902344 0.253906 0.898438 0.257812 0.898438 0.273438 0.882812 0.273438 0.878906 0.277344 0.875 0.277344 0.867188 0.28125 0.863281 0.277344 0.859375 0.273438 0.859375 0.265625 0.851562 0.265625 0.847656 0.257812 0.839844 0.257812 0.835938 0.25 0.828125 0.25 0.816406 0.246094 0.816406 0.242188 0.8125
0 0.230469 0.234375 0.226562 0.238281 0.21875 0.238281 0.214844 0.242188 0.210938 0.242188 0.207031 0.246094 0.203125 0.246094 0.199219 0.25 0.199219 0.253906 0.191406 0.261719 0.191406 0.269531 0.1875 0.273438 0.1875 0.292969 0.191406 0.296875 0.191406 0.304688 0.210938 0.324219 0.214844 0.324219 0.21875 0.328125 0.222656 0.328125 0.226562 0.332031 0.261719 0.332031 0.265625 0.328125 0.273438 0.328125 0.28125 0.320312 0.285156 0.320312 0.289062 0.316406 0.289062 0.3125 0.296875 0.304688 0.296875 0.273438 0.292969 0.269531 0.292969 0.261719 0.289062 0.257812 0.289062 0.253906 0.285156 0.25 0.285156 0.246094 0.277344 0.238281 0.273438 0.238281 0.269531 0.234375
0 0.398438 0.46875 0.390625 0.476562 0.390625 0.480469 0.382812 0.488281 0.378906 0.488281 0.363281 0.503906 0.351562 0.503906 0.351562 0.570312 0.347656 0.574219 0.351562 0.574219 0.359375 0.582031 0.367188 0.582031 0.371094 0.585938 0.390625 0.585938 0.398438 0.59375 0.398438 0.597656 0.402344 0.601562 0.410156 0.601562 0.40625 0.597656 0.40625 0.589844 0.414062 0.582031 0.414062 0.570312 0.421875 0.5625 0.421875 0.558594 0.429688 0.550781 0.429688 0.546875 0.433594 0.542969 0.433594 0.539062 0.4375 0.535156 0.4375 0.519531 0.441406 0.515625 0.441406 0.511719 0.445312 0.507812 0.445312 0.503906 0.4375 0.503906 0.429688 0.496094 0.429688 0.484375 0.421875 0.476562 0.417969 0.476562 0.414062 0.472656 0.402344 0.472656
0 0.609375 0 0.609375 0.0078125 0.613281 0.0117188 0.613281 0.015625 0.621094 0.0234375 0.65625 0.0234375 0.660156 0.0273438 0.667969 0.0273438 0.675781 0.0351562 0.695312 0.0351562 0.707031 0.0234375 0.707031 0.0195312 0.710938 0.015625 0.710938 0
0 0.652344 0.578125 0.648438 0.582031 0.648438 0.589844 0.625 0.613281 0.625 0.621094 0.601562 0.644531 0.605469 0.648438 0.605469 0.652344 0.609375 0.65625 0.609375 0.660156 0.625 0.675781 0.628906 0.675781 0.632812 0.679688 0.640625 0.679688 0.644531 0.683594 0.679688 0.683594 0.683594 0.679688 0.6875 0.679688 0.699219 0.667969 0.699219 0.664062 0.703125 0.660156 0.703125 0.632812 0.699219 0.628906 0.699219 0.621094 0.695312 0.617188 0.695312 0.609375 0.691406 0.605469 0.691406 0.601562 0.671875 0.582031 0.667969 0.582031 0.664062 0.578125
0 0.0390625 0.808594 0.0117188 0.835938 0.0117188 0.839844 0.00390625 0.847656 0.00390625 0.878906 0.0078125 0.882812 0.015625 0.882812 0.0273438 0.894531 0.0351562 0.894531 0.0390625 0.890625 0.0429688 0.890625 0.0507812 0.882812 0.0546875 0.882812 0.0585938 0.878906 0.0585938 0.875 0.0664062 0.867188 0.0664062 0.855469 0.0742188 0.847656 0.0742188 0.824219 0.0703125 0.820312 0.0625 0.820312 0.0507812 0.808594
0 0.0898438 0.148438 0.0859375 0.152344 0.0820312 0.152344 0.078125 0.15625 0.0742188 0.15625 0.0625 0.167969 0.0625 0.175781 0.0585938 0.179688 0.0585938 0.199219 0.0625 0.203125 0.0625 0.210938 0.0664062 0.214844 0.0664062 0.222656 0.0703125 0.226562 0.0703125 0.230469 0.078125 0.238281 0.0820312 0.238281 0.0859375 0.242188 0.09375 0.242188 0.0976562 0.246094 0.105469 0.246094 0.109375 0.242188 0.125 0.242188 0.128906 0.238281 0.132812 0.238281 0.136719 0.234375 0.140625 0.234375 0.160156 0.214844 0.160156 0.203125 0.164062 0.199219 0.164062 0.1875 0.160156 0.183594 0.160156 0.175781 0.15625 0.171875 0.15625 0.167969 0.144531 0.15625 0.140625 0.15625 0.136719 0.152344 0.132812 0.152344 0.128906 0.148438
0 0.292969 0 0.296875 0.00390625 0.296875 0.0078125 0.300781 0.0117188 0.300781 0.015625 0.308594 0.0234375 0.328125 0.0234375 0.332031 0.0273438 0.335938 0.0273438 0.339844 0.0234375 0.347656 0.0234375 0.351562 0.0195312 0.363281 0.0195312 0.367188 0.015625 0.371094 0.015625 0.375 0.0117188 0.378906 0.0117188 0.382812 0.0078125 0.386719 0.0078125 0.390625 0.00390625 0.390625 0
0 0.183594 0.558594 0.179688 0.5625 0.164062 0.5625 0.160156 0.566406 0.15625 0.566406 0.152344 0.570312 0.148438 0.570312 0.148438 0.574219 0.140625 0.582031 0.140625 0.597656 0.132812 0.605469 0.132812 0.632812 0.136719 0.636719 0.136719 0.640625 0.148438 0.652344 0.152344 0.652344 0.15625 0.65625 0.160156 0.65625 0.167969 0.664062 0.171875 0.664062 0.175781 0.667969 0.179688 0.667969 0.183594 0.671875 0.195312 0.671875 0.199219 0.675781 0.226562 0.675781 0.230469 0.671875 0.242188 0.671875 0.246094 0.667969 0.253906 0.667969 0.257812 0.664062 0.25 0.65625 0.25 0.632812 0.246094 0.628906 0.246094 0.617188 0.242188 0.613281 0.242188 0.605469 0.234375 0.597656 0.234375 0.59375 0.230469 0.589844 0.230469 0.585938 0.226562 0.585938 0.214844 0.574219 0.210938 0.574219 0.195312 0.558594
0 0.554688 0.691406 0.550781 0.695312 0.542969 0.695312 0.527344 0.710938 0.527344 0.714844 0.523438 0.71875 0.523438 0.722656 0.519531 0.726562 0.519531 0.738281 0.515625 0.742188 0.519531 0.746094 0.519531 0.757812 0.523438 0.761719 0.523438 0.765625 0.539062 0.78125 0.542969 0.78125 0.546875 0.785156 0.578125 0.785156 0.582031 0.78125 0.585938 0.78125 0.59375 0.773438 0.59375 0.769531 0.597656 0.765625 0.597656 0.757812 0.601562 0.753906 0.601562 0.746094 0.597656 0.742188 0.597656 0.730469 0.59375 0.726562 0.59375 0.722656 0.589844 0.71875 0.589844 0.714844 0.582031 0.707031 0.582031 0.703125 0.578125 0.699219 0.574219 0.699219 0.570312 0.695312 0.566406 0.695312 0.5625 0.691406
0 0.585938 0.535156 0.578125 0.542969 0.574219 0.542969 0.570312 0.546875 0.5625 0.546875 0.558594 0.550781 0.550781 0.550781 0.535156 0.566406 0.53125 0.566406 0.53125 0.613281 0.542969 0.625 0.546875 0.625 0.554688 0.632812 0.5625 0.632812 0.566406 0.636719 0.578125 0.636719 0.578125 0.632812 0.601562 0.609375 0.601562 0.601562 0.617188 0.585938 0.621094 0.585938 0.625 0.582031 0.625 0.570312 0.617188 0.5625 0.617188 0.558594 0.609375 0.550781 0.605469 0.550781 0.601562 0.546875 0.597656 0.546875
0 0.9375 0.746094 0.933594 0.75 0.929688 0.75 0.925781 0.753906 0.921875 0.753906 0.917969 0.757812 0.917969 0.761719 0.910156 0.769531 0.910156 0.777344 0.90625 0.78125 0.90625 0.808594 0.910156 0.8125 0.910156 0.816406 0.917969 0.824219 0.921875 0.824219 0.925781 0.828125 0.933594 0.828125 0.9375 0.832031 0.96875 0.832031 0.972656 0.828125 0.976562 0.828125 0.992188 0.8125 0.992188 0.808594 0.996094 0.804688 0.996094 0.765625 0.984375 0.753906 0.980469 0.753906 0.976562 0.75 0.96875 0.75 0.964844 0.746094
0 0.503906 0.191406 0.5 0.195312 0.496094 0.195312 0.492188 0.199219 0.488281 0.199219 0.476562 0.210938 0.472656 0.210938 0.46875 0.214844 0.46875 0.21875 0.449219 0.238281 0.449219 0.246094 0.453125 0.25 0.453125 0.257812 0.457031 0.261719 0.457031 0.265625 0.460938 0.269531 0.460938 0.273438 0.46875 0.28125 0.472656 0.28125 0.476562 0.285156 0.484375 0.285156 0.488281 0.289062 0.496094 0.289062 0.5 0.292969 0.53125 0.292969 0.539062 0.285156 0.542969 0.285156 0.550781 0.277344 0.554688 0.277344 0.570312 0.261719 0.570312 0.253906 0.574219 0.25 0.574219 0.242188 0.570312 0.238281 0.570312 0.230469 0.566406 0.226562 0.566406 0.222656 0.5625 0.21875 0.5625 0.214844 0.546875 0.199219 0.542969 0.199219 0.539062 0.195312 0.535156 0.195312 0.53125 0.191406
0 0 0.789062 0 0.847656 0.00390625 0.84375 0.00390625 0.839844 0.0078125 0.835938 0.0078125 0.832031 0.0117188 0.828125 0.0117188 0.800781
0 0.566406 0.328125 0.5625 0.332031 0.550781 0.332031 0.546875 0.335938 0.542969 0.335938 0.527344 0.351562 0.527344 0.359375 0.53125 0.359375 0.539062 0.367188 0.539062 0.371094 0.546875 0.378906 0.546875 0.394531 0.554688 0.402344 0.554688 0.40625 0.558594 0.410156 0.558594 0.414062 0.570312 0.425781 0.589844 0.425781 0.59375 0.421875 0.597656 0.421875 0.601562 0.417969 0.605469 0.417969 0.617188 0.40625 0.617188 0.402344 0.621094 0.398438 0.621094 0.390625 0.625 0.386719 0.625 0.378906 0.621094 0.375 0.621094 0.367188 0.617188 0.363281 0.617188 0.359375 0.609375 0.351562 0.609375 0.347656 0.601562 0.339844 0.597656 0.339844 0.589844 0.332031 0.578125 0.332031 0.574219 0.328125
0 0.277344 0.0859375 0.273438 0.0898438 0.269531 0.0898438 0.265625 0.09375 0.261719 0.09375 0.25 0.105469 0.25 0.109375 0.246094 0.113281 0.246094 0.117188 0.242188 0.121094 0.242188 0.128906 0.238281 0.132812 0.238281 0.144531 0.242188 0.148438 0.242188 0.15625 0.246094 0.160156 0.246094 0.164062 0.25 0.167969 0.25 0.171875 0.257812 0.179688 0.261719 0.179688 0.273438 0.191406 0.289062 0.175781 0.292969 0.175781 0.296875 0.171875 0.300781 0.171875 0.304688 0.167969 0.308594 0.167969 0.316406 0.160156 0.320312 0.160156 0.320312 0.15625 0.328125 0.148438 0.328125 0.128906 0.304688 0.105469 0.304688 0.101562 0.296875 0.09375 0.296875 0.0898438 0.292969 0.0859375
0 0.988281 0.875 0.984375 0.878906 0.972656 0.878906 0.96875 0.882812 0.964844 0.882812 0.960938 0.886719 0.957031 0.886719 0.953125 0.890625 0.953125 0.894531 0.945312 0.902344 0.941406 0.898438 0.9375 0.902344 0.9375 0.917969 0.941406 0.914062 0.945312 0.914062 0.953125 0.921875 0.953125 0.925781 0.960938 0.933594 0.964844 0.933594 0.96875 0.9375 0.984375 0.9375 0.988281 0.933594 0.996094 0.933594 0.996094 0.875
0 0.324219 0.746094 0.320312 0.75 0.3125 0.75 0.308594 0.753906 0.304688 0.753906 0.300781 0.757812 0.296875 0.757812 0.289062 0.765625 0.277344 0.765625 0.269531 0.773438 0.269531 0.777344 0.265625 0.78125 0.265625 0.808594 0.269531 0.8125 0.269531 0.824219 0.277344 0.832031 0.277344 0.835938 0.289062 0.847656 0.3125 0.847656 0.316406 0.84375 0.320312 0.84375 0.339844 0.824219 0.34375 0.824219 0.347656 0.820312 0.351562 0.820312 0.371094 0.800781 0.371094 0.796875 0.378906 0.789062 0.378906 0.761719 0.367188 0.75 0.359375 0.75 0.355469 0.746094
0 0.53125 0.871094 0.527344 0.875 0.523438 0.875 0.519531 0.878906 0.515625 0.878906 0.507812 0.886719 0.507812 0.890625 0.503906 0.894531 0.503906 0.898438 0.5 0.902344 0.5 0.917969 0.503906 0.921875 0.503906 0.929688 0.511719 0.9375 0.511719 0.941406 0.515625 0.945312 0.519531 0.945312 0.523438 0.949219 0.53125 0.949219 0.535156 0.953125 0.542969 0.953125 0.546875 0.949219 0.554688 0.949219 0.5625 0.941406 0.566406 0.941406 0.566406 0.9375 0.574219 0.929688 0.574219 0.917969 0.578125 0.914062 0.578125 0.90625 0.574219 0.902344 0.574219 0.894531 0.570312 0.890625 0.570312 0.886719 0.558594 0.875 0.554688 0.875 0.550781 0.871094
0 0.0546875 0.515625 0.0507812 0.519531 0.0429688 0.519531 0.0351562 0.527344 0.03125 0.527344 0.0273438 0.53125 0.0273438 0.535156 0.0195312 0.542969 0.0195312 0.546875 0.015625 0.550781 0.015625 0.558594 0.0117188 0.5625 0.0117188 0.597656 0.015625 0.601562 0.015625 0.605469 0.0273438 0.617188 0.03125 0.617188 0.0351562 0.621094 0.0390625 0.621094 0.0429688 0.625 0.046875 0.625 0.0507812 0.628906 0.0585938 0.628906 0.0625 0.632812 0.0859375 0.632812 0.09375 0.625 0.0976562 0.625 0.105469 0.617188 0.105469 0.613281 0.109375 0.609375 0.109375 0.597656 0.113281 0.59375 0.113281 0.589844 0.117188 0.585938 0.117188 0.570312 0.121094 0.566406 0.121094 0.554688 0.117188 0.550781 0.117188 0.542969 0.0976562 0.523438 0.09375 0.523438 0.0898438 0.519531 0.0820312 0.519531 0.078125 0.515625
0 0.0585938 0.949219 0.046875 0.960938 0.046875 0.980469 0.0390625 0.988281 0.0390625 0.992188 0.0351562 0.996094 0.125 0.996094 0.121094 0.992188 0.121094 0.984375 0.117188 0.980469 0.117188 0.976562 0.109375 0.96875 0.109375 0.960938 0.0859375 0.960938 0.0820312 0.957031 0.0703125 0.957031 0.0664062 0.953125 0.0625 0.953125
0 0.304688 0.941406 0.300781 0.945312 0.296875 0.945312 0.292969 0.949219 0.289062 0.949219 0.273438 0.964844 0.273438 0.992188 0.277344 0.996094 0.371094 0.996094 0.371094 0.988281 0.367188 0.984375 0.367188 0.972656 0.363281 0.96875 0.363281 0.964844 0.355469 0.957031 0.355469 0.953125 0.351562 0.949219 0.347656 0.949219 0.339844 0.941406
0 0.382812 0.621094 0.367188 0.636719 0.367188 0.644531 0.359375 0.652344 0.359375 0.660156 0.351562 0.667969 0.351562 0.671875 0.335938 0.6875 0.332031 0.6875 0.328125 0.691406 0.328125 0.695312 0.324219 0.699219 0.328125 0.703125 0.328125 0.710938 0.332031 0.714844 0.332031 0.71875 0.335938 0.722656 0.335938 0.726562 0.339844 0.730469 0.371094 0.730469 0.378906 0.738281 0.382812 0.738281 0.386719 0.742188 0.390625 0.742188 0.394531 0.738281 0.40625 0.738281 0.410156 0.734375 0.425781 0.734375 0.429688 0.730469 0.441406 0.730469 0.445312 0.726562 0.453125 0.726562 0.457031 0.722656 0.464844 0.722656 0.46875 0.71875 0.472656 0.71875 0.480469 0.710938 0.480469 0.707031 0.484375 0.703125 0.484375 0.699219 0.488281 0.695312 0.488281 0.675781 0.484375 0.671875 0.484375 0.667969 0.472656 0.65625 0.46875 0.65625 0.457031 0.644531 0.453125 0.644531 0.449219 0.640625 0.445312 0.640625 0.441406 0.636719 0.433594 0.636719 0.425781 0.628906 0.40625 0.628906 0.402344 0.625 0.390625 0.625 0.386719 0.621094
0 0.175781 0.695312 0.171875 0.699219 0.167969 0.699219 0.164062 0.703125 0.160156 0.703125 0.152344 0.710938 0.152344 0.714844 0.148438 0.71875 0.148438 0.722656 0.144531 0.726562 0.144531 0.738281 0.148438 0.742188 0.148438 0.757812 0.15625 0.765625 0.15625 0.773438 0.160156 0.777344 0.160156 0.78125 0.171875 0.78125 0.175781 0.785156 0.203125 0.785156 0.207031 0.78125 0.210938 0.78125 0.226562 0.765625 0.226562 0.757812 0.222656 0.753906 0.222656 0.746094 0.230469 0.738281 0.230469 0.730469 0.226562 0.726562 0.226562 0.71875 0.207031 0.699219 0.203125 0.699219 0.199219 0.695312
0 0.984375 0.628906 0.980469 0.632812 0.976562 0.632812 0.972656 0.636719 0.96875 0.636719 0.964844 0.640625 0.964844 0.644531 0.960938 0.648438 0.960938 0.652344 0.957031 0.65625 0.957031 0.683594 0.960938 0.6875 0.960938 0.691406 0.96875 0.699219 0.972656 0.699219 0.976562 0.703125 0.980469 0.703125 0.984375 0.707031 0.996094 0.707031 0.996094 0.628906
0 0.394531 0.253906 0.390625 0.257812 0.371094 0.257812 0.367188 0.261719 0.355469 0.261719 0.34375 0.273438 0.339844 0.273438 0.324219 0.289062 0.324219 0.292969 0.320312 0.296875 0.320312 0.300781 0.316406 0.304688 0.316406 0.328125 0.320312 0.332031 0.320312 0.339844 0.328125 0.347656 0.328125 0.351562 0.332031 0.355469 0.332031 0.359375 0.339844 0.367188 0.339844 0.371094 0.34375 0.375 0.34375 0.378906 0.339844 0.382812 0.304688 0.382812 0.300781 0.386719 0.292969 0.386719 0.289062 0.390625 0.285156 0.390625 0.273438 0.402344 0.273438 0.425781 0.28125 0.433594 0.28125 0.460938 0.296875 0.460938 0.308594 0.472656 0.308594 0.476562 0.3125 0.480469 0.3125 0.476562 0.320312 0.46875 0.328125 0.46875 0.332031 0.472656 0.335938 0.472656 0.347656 0.484375 0.351562 0.480469 0.355469 0.480469 0.359375 0.476562 0.359375 0.472656 0.367188 0.464844 0.371094 0.464844 0.371094 0.445312 0.375 0.441406 0.375 0.4375 0.371094 0.433594 0.371094 0.417969 0.367188 0.414062 0.367188 0.410156 0.363281 0.40625 0.363281 0.402344 0.359375 0.398438 0.359375 0.394531 0.363281 0.390625 0.382812 0.390625 0.386719 0.394531 0.417969 0.394531 0.421875 0.390625 0.429688 0.390625 0.4375 0.382812 0.441406 0.382812 0.441406 0.378906 0.449219 0.371094 0.449219 0.363281 0.453125 0.359375 0.453125 0.339844 0.457031 0.335938 0.457031 0.308594 0.453125 0.304688 0.453125 0.300781 0.449219 0.296875 0.449219 0.292969 0.429688 0.273438 0.425781 0.273438 0.421875 0.269531 0.417969 0.269531 0.410156 0.261719 0.402344 0.261719
0 0.296875 0.578125 0.292969 0.582031 0.285156 0.582031 0.273438 0.59375 0.269531 0.59375 0.269531 0.597656 0.265625 0.601562 0.265625 0.605469 0.269531 0.609375 0.269531 0.617188 0.273438 0.621094 0.273438 0.644531 0.28125 0.652344 0.28125 0.671875 0.285156 0.675781 0.292969 0.675781 0.296875 0.679688 0.308594 0.679688 0.328125 0.660156 0.328125 0.65625 0.335938 0.648438 0.335938 0.644531 0.339844 0.640625 0.339844 0.636719 0.34375 0.632812 0.34375 0.628906 0.351562 0.621094 0.351562 0.617188 0.355469 0.613281 0.351562 0.613281 0.332031 0.59375 0.328125 0.59375 0.316406 0.582031 0.3125 0.582031 0.308594 0.578125
0 0 0.367188 0 0.460938 0.00390625 0.460938 0.0234375 0.441406 0.0234375 0.4375 0.0273438 0.433594 0.0273438 0.429688 0.03125 0.425781 0.03125 0.398438 0.0273438 0.394531 0.0273438 0.390625 0.0195312 0.382812 0.0195312 0.378906 0.015625 0.375 0.0117188 0.375 0.0078125 0.371094 0.00390625 0.371094
0 0.207031 0.40625 0.195312 0.417969 0.195312 0.421875 0.164062 0.453125 0.164062 0.457031 0.15625 0.464844 0.152344 0.464844 0.148438 0.46875 0.148438 0.472656 0.152344 0.476562 0.152344 0.480469 0.175781 0.503906 0.179688 0.503906 0.1875 0.511719 0.191406 0.511719 0.195312 0.507812 0.203125 0.507812 0.207031 0.503906 0.214844 0.503906 0.21875 0.5 0.226562 0.5 0.230469 0.496094 0.234375 0.496094 0.25 0.480469 0.25 0.472656 0.253906 0.46875 0.253906 0.464844 0.257812 0.460938 0.257812 0.441406 0.25 0.433594 0.25 0.425781 0.242188 0.417969 0.238281 0.417969 0.234375 0.414062 0.230469 0.414062 0.226562 0.410156 0.214844 0.410156 0.210938 0.40625
0 0.855469 0.558594 0.851562 0.5625 0.847656 0.5625 0.84375 0.566406 0.839844 0.566406 0.820312 0.585938 0.820312 0.589844 0.816406 0.59375 0.816406 0.605469 0.8125 0.609375 0.8125 0.621094 0.816406 0.625 0.816406 0.628906 0.820312 0.632812 0.820312 0.636719 0.824219 0.640625 0.828125 0.640625 0.835938 0.648438 0.84375 0.648438 0.847656 0.652344 0.867188 0.652344 0.871094 0.648438 0.878906 0.648438 0.882812 0.644531 0.886719 0.644531 0.898438 0.632812 0.898438 0.628906 0.902344 0.625 0.902344 0.613281 0.90625 0.609375 0.90625 0.601562 0.902344 0.597656 0.902344 0.585938 0.898438 0.582031 0.898438 0.578125 0.894531 0.574219 0.894531 0.570312 0.886719 0.5625 0.882812 0.5625 0.878906 0.558594
0 0.714844 0.109375 0.6875 0.136719 0.683594 0.136719 0.679688 0.140625 0.675781 0.140625 0.671875 0.144531 0.660156 0.144531 0.660156 0.152344 0.65625 0.15625 0.65625 0.160156 0.660156 0.164062 0.660156 0.175781 0.664062 0.179688 0.675781 0.179688 0.679688 0.183594 0.695312 0.183594 0.703125 0.191406 0.734375 0.191406 0.738281 0.195312 0.742188 0.195312 0.746094 0.191406 0.75 0.191406 0.761719 0.179688 0.761719 0.175781 0.765625 0.171875 0.765625 0.148438 0.761719 0.144531 0.761719 0.140625 0.757812 0.136719 0.757812 0.132812 0.742188 0.117188 0.738281 0.117188 0.734375 0.113281 0.722656 0.113281 0.71875 0.109375
0 0.917969 0.949219 0.914062 0.953125 0.910156 0.953125 0.90625 0.957031 0.871094 0.957031 0.871094 0.96875 0.867188 0.972656 0.867188 0.996094 0.949219 0.996094 0.949219 0.976562 0.945312 0.972656 0.945312 0.96875 0.925781 0.949219
0 0.730469 0.421875 0.726562 0.425781 0.71875 0.425781 0.714844 0.429688 0.710938 0.429688 0.703125 0.4375 0.703125 0.441406 0.699219 0.445312 0.699219 0.472656 0.703125 0.476562 0.703125 0.480469 0.714844 0.492188 0.722656 0.492188 0.726562 0.496094 0.734375 0.496094 0.738281 0.492188 0.746094 0.492188 0.75 0.488281 0.753906 0.488281 0.773438 0.46875 0.773438 0.453125 0.769531 0.449219 0.769531 0.441406 0.753906 0.425781 0.746094 0.425781 0.742188 0.421875
0 0.359375 0.148438 0.355469 0.152344 0.351562 0.152344 0.332031 0.171875 0.328125 0.171875 0.324219 0.175781 0.320312 0.175781 0.316406 0.179688 0.3125 0.179688 0.304688 0.1875 0.300781 0.1875 0.296875 0.191406 0.296875 0.199219 0.292969 0.203125 0.292969 0.238281 0.304688 0.25 0.308594 0.25 0.3125 0.253906 0.332031 0.253906 0.335938 0.25 0.34375 0.25 0.355469 0.238281 0.359375 0.238281 0.363281 0.234375 0.367188 0.234375 0.386719 0.214844 0.386719 0.171875 0.382812 0.171875 0.375 0.164062 0.375 0.15625 0.367188 0.148438
0 0.511719 0.378906 0.507812 0.382812 0.488281 0.382812 0.484375 0.386719 0.472656 0.386719 0.46875 0.390625 0.464844 0.390625 0.457031 0.398438 0.453125 0.398438 0.453125 0.402344 0.445312 0.410156 0.445312 0.414062 0.441406 0.417969 0.441406 0.449219 0.445312 0.453125 0.445312 0.457031 0.453125 0.464844 0.453125 0.46875 0.457031 0.464844 0.464844 0.464844 0.472656 0.472656 0.472656 0.476562 0.480469 0.476562 0.5 0.457031 0.503906 0.457031 0.515625 0.445312 0.515625 0.441406 0.53125 0.425781 0.535156 0.425781 0.535156 0.417969 0.523438 0.40625 0.523438 0.390625
0 0.792969 0 0.796875 0.00390625 0.796875 0.0117188 0.804688 0.0195312 0.808594 0.0195312 0.8125 0.0234375 0.816406 0.0234375 0.820312 0.0273438 0.855469 0.0273438 0.859375 0.0234375 0.863281 0.0234375 0.878906 0.0078125 0.878906 0.00390625 0.882812 0
0 0 0.90625 0 0.988281 0.00390625 0.988281 0.0234375 0.96875 0.0234375 0.953125 0.0429688 0.933594 0.03125 0.921875 0.03125 0.90625
0 0.0859375 0.863281 0.0625 0.886719 0.0625 0.890625 0.0546875 0.898438 0.0546875 0.910156 0.078125 0.933594 0.0859375 0.933594 0.0898438 0.9375 0.132812 0.9375 0.136719 0.933594 0.136719 0.925781 0.140625 0.921875 0.140625 0.902344 0.136719 0.898438 0.136719 0.890625 0.117188 0.871094 0.0976562 0.871094 0.0898438 0.863281
0 0.390625 0.0195312 0.386719 0.0234375 0.382812 0.0234375 0.378906 0.0273438 0.375 0.0273438 0.371094 0.03125 0.34375 0.03125 0.316406 0.0585938 0.316406 0.0625 0.308594 0.0703125 0.308594 0.0976562 0.320312 0.109375 0.324219 0.109375 0.328125 0.113281 0.332031 0.113281 0.335938 0.117188 0.339844 0.117188 0.34375 0.121094 0.347656 0.121094 0.351562 0.125 0.375 0.125 0.378906 0.121094 0.382812 0.121094 0.398438 0.105469 0.410156 0.105469 0.417969 0.0976562 0.417969 0.09375 0.429688 0.0820312 0.429688 0.078125 0.433594 0.0742188 0.433594 0.0429688 0.414062 0.0234375 0.410156 0.0234375 0.40625 0.0195312
0 0.363281 0.105469 0.367188 0.101562 0.371094 0.105469 0.367188 0.109375
0 0.324219 0.078125 0.328125 0.0742188 0.332031 0.078125 0.328125 0.0820312
0 0.410156 0.0664062 0.414062 0.0625 0.417969 0.0664062 0.414062 0.0703125
0 0.378906 0.824219 0.375 0.828125 0.371094 0.828125 0.359375 0.839844 0.355469 0.839844 0.351562 0.84375 0.347656 0.84375 0.335938 0.855469 0.328125 0.855469 0.328125 0.863281 0.332031 0.867188 0.332031 0.871094 0.335938 0.875 0.335938 0.882812 0.347656 0.894531 0.351562 0.894531 0.355469 0.898438 0.359375 0.898438 0.363281 0.902344 0.402344 0.902344 0.40625 0.898438 0.410156 0.898438 0.417969 0.890625 0.417969 0.886719 0.421875 0.882812 0.421875 0.878906 0.425781 0.875 0.425781 0.851562 0.421875 0.847656 0.421875 0.84375 0.410156 0.832031 0.40625 0.832031 0.402344 0.828125 0.394531 0.828125 0.390625 0.824219
0 0.457031 0.546875 0.457031 0.550781 0.453125 0.554688 0.453125 0.558594 0.445312 0.566406 0.445312 0.574219 0.4375 0.582031 0.4375 0.589844 0.421875 0.605469 0.417969 0.605469 0.429688 0.605469 0.433594 0.609375 0.4375 0.609375 0.441406 0.613281 0.449219 0.613281 0.453125 0.617188 0.457031 0.617188 0.460938 0.621094 0.464844 0.621094 0.472656 0.628906 0.476562 0.628906 0.484375 0.636719 0.496094 0.636719 0.5 0.632812 0.503906 0.632812 0.507812 0.628906 0.507812 0.558594 0.503906 0.554688 0.5 0.554688 0.496094 0.550781 0.46875 0.550781 0.464844 0.546875
0 0.636719 0.046875 0.621094 0.0625 0.621094 0.0664062 0.609375 0.078125 0.609375 0.0898438 0.644531 0.125 0.648438 0.121094 0.660156 0.121094 0.664062 0.117188 0.667969 0.117188 0.679688 0.105469 0.683594 0.105469 0.699219 0.0898438 0.699219 0.078125 0.695312 0.0742188 0.695312 0.0703125 0.6875 0.0625 0.6875 0.0585938 0.667969 0.0585938 0.660156 0.0507812 0.648438 0.0507812 0.644531 0.046875
0 0.191406 0.949219 0.1875 0.953125 0.179688 0.953125 0.175781 0.957031 0.171875 0.957031 0.15625 0.972656 0.15625 0.976562 0.152344 0.980469 0.152344 0.996094 0.25 0.996094 0.25 0.96875 0.238281 0.957031 0.234375 0.957031 0.230469 0.953125 0.222656 0.953125 0.21875 0.949219
