0 0.1125 0.402344 0.109375 0.40625 0.10625 0.40625 0.1 0.414062 0.1 0.421875 0.103125 0.425781 0.103125 0.429688 0.10625 0.429688 0.109375 0.433594 0.1125 0.433594 0.115625 0.4375 0.128125 0.4375 0.13125 0.441406 0.153125 0.441406 0.159375 0.433594 0.159375 0.421875 0.153125 0.414062 0.15 0.414062 0.146875 0.410156 0.128125 0.410156 0.125 0.40625 0.11875 0.40625 0.115625 0.402344
0 0.771875 0.164062 0.76875 0.167969 0.765625 0.167969 0.7625 0.171875 0.7625 0.183594 0.76875 0.191406 0.775 0.191406 0.778125 0.195312 0.784375 0.195312 0.7875 0.199219 0.809375 0.199219 0.8125 0.203125 0.85 0.203125 0.853125 0.199219 0.853125 0.191406 0.85 0.1875 0.846875 0.1875 0.84375 0.183594 0.8375 0.183594 0.834375 0.179688 0.828125 0.179688 0.825 0.175781 0.821875 0.175781 0.81875 0.171875 0.796875 0.171875 0.79375 0.167969 0.778125 0.167969 0.775 0.164062
0 0.85 0.878906 0.846875 0.882812 0.846875 0.898438 0.85 0.902344 0.85 0.910156 0.878125 0.945312 0.88125 0.945312 0.884375 0.949219 0.896875 0.949219 0.9 0.945312 0.9 0.941406 0.903125 0.9375 0.903125 0.933594 0.90625 0.929688 0.90625 0.914062 0.89375 0.898438 0.8875 0.898438 0.884375 0.894531 0.88125 0.894531 0.878125 0.890625 0.875 0.890625 0.86875 0.882812 0.865625 0.882812 0.8625 0.878906
0 0.225 0.234375 0.221875 0.238281 0.2 0.238281 0.196875 0.242188 0.196875 0.246094 0.2 0.25 0.23125 0.25 0.2375 0.242188 0.2375 0.238281 0.234375 0.234375
0 0.515625 0.695312 0.509375 0.703125 0.509375 0.71875 0.515625 0.726562 0.515625 0.730469 0.546875 0.730469 0.553125 0.722656 0.553125 0.710938 0.546875 0.710938 0.5375 0.699219 0.534375 0.699219 0.53125 0.695312
0 0.103125 0.433594 0.1 0.4375 0.096875 0.4375 0.090625 0.445312 0.090625 0.480469 0.096875 0.488281 0.1125 0.488281 0.115625 0.484375 0.11875 0.484375 0.121875 0.480469 0.121875 0.449219 0.11875 0.445312 0.11875 0.441406 0.115625 0.441406 0.1125 0.4375 0.109375 0.4375 0.10625 0.433594
0 0.6 0.507812 0.596875 0.511719 0.5875 0.511719 0.584375 0.515625 0.584375 0.523438 0.5875 0.527344 0.5875 0.53125 0.590625 0.535156 0.60625 0.535156 0.609375 0.53125 0.628125 0.53125 0.63125 0.535156 0.64375 0.535156 0.646875 0.53125 0.646875 0.519531 0.640625 0.511719 0.6375 0.511719 0.634375 0.507812
0 0.259375 0.527344 0.25625 0.53125 0.25625 0.535156 0.253125 0.539062 0.253125 0.554688 0.271875 0.578125 0.284375 0.578125 0.2875 0.574219 0.290625 0.574219 0.296875 0.566406 0.296875 0.5625 0.3 0.558594 0.3 0.550781 0.296875 0.546875 0.296875 0.542969 0.29375 0.539062 0.290625 0.539062 0.284375 0.53125 0.278125 0.53125 0.275 0.527344
0 0.978125 0.964844 0.971875 0.972656 0.971875 0.988281 0.978125 0.996094 0.996875 0.996094 0.996875 0.96875 0.990625 0.96875 0.9875 0.964844
0 0 0.304688 0 0.328125 0.015625 0.328125 0.01875 0.324219 0.01875 0.316406 0.015625 0.3125 0.009375 0.3125 0.00625 0.308594 0.003125 0.308594
0 0.584375 0.964844 0.584375 0.972656 0.59375 0.984375 0.603125 0.984375 0.603125 0.964844
0 0.01875 0.511719 0.015625 0.515625 0.0125 0.515625 0 0.53125 0 0.554688 0.00625 0.5625 0.00625 0.566406 0.015625 0.578125 0.03125 0.578125 0.034375 0.574219 0.0375 0.574219 0.040625 0.570312 0.04375 0.570312 0.05 0.5625 0.05 0.523438 0.046875 0.519531 0.046875 0.515625 0.04375 0.511719
0 0.99375 0.128906 0.990625 0.132812 0.9875 0.132812 0.9875 0.144531 0.990625 0.144531 0.99375 0.148438 0.99375 0.152344 0.996875 0.152344 0.996875 0.128906
0 0.35 0.660156 0.346875 0.664062 0.33125 0.664062 0.321875 0.675781 0.321875 0.6875 0.3375 0.707031 0.340625 0.707031 0.34375 0.710938 0.36875 0.710938 0.371875 0.707031 0.378125 0.707031 0.3875 0.695312 0.390625 0.695312 0.390625 0.691406 0.3875 0.6875 0.3875 0.683594 0.38125 0.675781 0.378125 0.675781 0.371875 0.667969 0.36875 0.667969 0.365625 0.664062 0.3625 0.664062 0.359375 0.660156
0 0.39375 0.675781 0.390625 0.679688 0.390625 0.6875 0.39375 0.691406 0.39375 0.695312 0.4 0.703125 0.403125 0.703125 0.40625 0.707031 0.409375 0.707031 0.4125 0.710938 0.425 0.710938 0.428125 0.714844 0.440625 0.714844 0.440625 0.691406 0.428125 0.691406 0.421875 0.683594 0.415625 0.683594 0.4125 0.679688 0.409375 0.679688 0.40625 0.675781
0 0.846875 0.957031 0.840625 0.964844 0.840625 0.972656 0.84375 0.976562 0.84375 0.984375 0.853125 0.996094 0.90625 0.996094 0.90625 0.992188 0.896875 0.980469 0.89375 0.980469 0.890625 0.976562 0.884375 0.976562 0.878125 0.96875 0.871875 0.96875 0.86875 0.964844 0.8625 0.964844 0.859375 0.960938 0.853125 0.960938 0.85 0.957031
0 0.625 0.96875 0.61875 0.976562 0.615625 0.976562 0.609375 0.984375 0.60625 0.984375 0.603125 0.988281 0.603125 0.996094 0.6375 0.996094 0.6375 0.972656 0.634375 0.96875
0 0.3 0.167969 0.296875 0.171875 0.296875 0.183594 0.303125 0.191406 0.30625 0.191406 0.315625 0.203125 0.325 0.203125 0.328125 0.207031 0.359375 0.207031 0.3625 0.203125 0.3625 0.191406 0.35625 0.183594 0.346875 0.183594 0.340625 0.175781 0.325 0.175781 0.321875 0.171875 0.31875 0.171875 0.315625 0.167969
0 0.403125 0.863281 0.4 0.867188 0.396875 0.867188 0.39375 0.871094 0.39375 0.882812 0.396875 0.886719 0.396875 0.890625 0.4 0.894531 0.465625 0.894531 0.46875 0.890625 0.46875 0.886719 0.45625 0.871094 0.453125 0.871094 0.45 0.867188 0.446875 0.867188 0.44375 0.863281
0 0.125 0.617188 0.109375 0.636719 0.10625 0.636719 0.103125 0.640625 0.103125 0.648438 0.109375 0.65625 0.115625 0.65625 0.11875 0.660156 0.125 0.660156 0.128125 0.664062 0.134375 0.664062 0.1375 0.660156 0.140625 0.660156 0.146875 0.652344 0.146875 0.648438 0.15 0.644531 0.15 0.636719 0.1375 0.621094 0.13125 0.621094 0.128125 0.617188
0 0.115625 0.542969 0.1125 0.546875 0.096875 0.546875 0.09375 0.550781 0.08125 0.550781 0.078125 0.554688 0.075 0.554688 0.06875 0.5625 0.06875 0.574219 0.078125 0.585938 0.096875 0.585938 0.1 0.582031 0.10625 0.582031 0.109375 0.578125 0.1125 0.578125 0.115625 0.574219 0.11875 0.574219 0.125 0.566406 0.125 0.5625 0.128125 0.558594 0.128125 0.546875 0.125 0.542969
0 0.475 0.8125 0.471875 0.816406 0.46875 0.816406 0.45625 0.832031 0.45625 0.835938 0.459375 0.839844 0.4625 0.839844 0.465625 0.835938 0.49375 0.835938 0.496875 0.839844 0.515625 0.839844 0.51875 0.835938 0.51875 0.832031 0.503125 0.8125
0 0.684375 0.546875 0.68125 0.550781 0.675 0.550781 0.66875 0.558594 0.66875 0.5625 0.671875 0.566406 0.690625 0.566406 0.69375 0.570312 0.703125 0.570312 0.709375 0.5625 0.709375 0.550781 0.70625 0.546875
0 0.3125 0.710938 0.309375 0.714844 0.309375 0.726562 0.3125 0.730469 0.3125 0.734375 0.315625 0.738281 0.315625 0.742188 0.321875 0.75 0.321875 0.753906 0.340625 0.777344 0.346875 0.777344 0.35 0.773438 0.35 0.761719 0.353125 0.757812 0.353125 0.75 0.35625 0.746094 0.35625 0.742188 0.35 0.734375 0.35 0.730469 0.346875 0.726562 0.340625 0.726562 0.334375 0.71875 0.328125 0.71875 0.325 0.714844 0.321875 0.714844 0.31875 0.710938
0 0.625 0.160156 0.621875 0.164062 0.60625 0.164062 0.603125 0.167969 0.6 0.167969 0.596875 0.171875 0.5875 0.171875 0.584375 0.167969 0.575 0.167969 0.571875 0.171875 0.571875 0.179688 0.58125 0.191406 0.5875 0.191406 0.590625 0.195312 0.621875 0.195312 0.625 0.191406 0.63125 0.191406 0.634375 0.1875 0.6375 0.1875 0.640625 0.183594 0.64375 0.183594 0.646875 0.179688 0.646875 0.171875 0.640625 0.164062 0.634375 0.164062 0.63125 0.160156
0 0.559375 0.417969 0.55625 0.421875 0.553125 0.421875 0.55 0.425781 0.546875 0.425781 0.540625 0.433594 0.540625 0.4375 0.528125 0.453125 0.525 0.453125 0.521875 0.457031 0.521875 0.460938 0.515625 0.46875 0.515625 0.476562 0.51875 0.480469 0.525 0.480469 0.528125 0.484375 0.5375 0.484375 0.540625 0.480469 0.54375 0.480469 0.546875 0.476562 0.55 0.476562 0.553125 0.472656 0.553125 0.46875 0.565625 0.453125 0.565625 0.441406 0.56875 0.4375 0.56875 0.425781 0.5625 0.417969
0 0.8125 0.925781 0.809375 0.929688 0.809375 0.9375 0.80625 0.941406 0.80625 0.976562 0.809375 0.980469 0.809375 0.992188 0.81875 0.992188 0.81875 0.929688 0.815625 0.925781
0 0.14375 0.09375 0.140625 0.0976562 0.140625 0.101562 0.14375 0.105469 0.14375 0.109375 0.15 0.117188 0.15 0.121094 0.165625 0.140625 0.16875 0.140625 0.171875 0.144531 0.178125 0.144531 0.184375 0.152344 0.196875 0.152344 0.2 0.15625 0.203125 0.15625 0.20625 0.160156 0.209375 0.160156 0.2125 0.15625 0.2125 0.148438 0.196875 0.128906 0.19375 0.128906 0.190625 0.125 0.1875 0.125 0.184375 0.121094 0.18125 0.121094 0.178125 0.117188 0.175 0.117188 0.171875 0.113281 0.16875 0.113281 0.1625 0.105469 0.159375 0.105469 0.153125 0.0976562 0.15 0.0976562 0.146875 0.09375
0 0.1 0.140625 0.096875 0.144531 0.09375 0.144531 0.090625 0.148438 0.084375 0.148438 0.08125 0.152344 0.075 0.152344 0.071875 0.15625 0.06875 0.15625 0.0625 0.164062 0.0625 0.183594 0.06875 0.191406 0.071875 0.191406 0.075 0.195312 0.10625 0.195312 0.109375 0.191406 0.125 0.191406 0.128125 0.1875 0.13125 0.1875 0.134375 0.183594 0.140625 0.183594 0.14375 0.179688 0.146875 0.179688 0.15 0.175781 0.15 0.164062 0.1375 0.148438 0.134375 0.148438 0.13125 0.144531 0.125 0.144531 0.121875 0.140625
0 0.940625 0.832031 0.940625 0.871094 0.94375 0.875 0.94375 0.878906 0.946875 0.882812 0.946875 0.890625 0.95625 0.902344 0.959375 0.902344 0.9625 0.90625 0.96875 0.90625 0.971875 0.910156 0.9875 0.910156 0.99375 0.902344 0.996875 0.902344 0.996875 0.855469 0.99375 0.851562 0.9875 0.851562 0.984375 0.847656 0.98125 0.847656 0.978125 0.84375 0.971875 0.84375 0.965625 0.835938 0.959375 0.835938 0.95625 0.832031
0 0.171875 0.578125 0.165625 0.585938 0.165625 0.589844 0.159375 0.597656 0.159375 0.613281 0.1625 0.617188 0.175 0.617188 0.184375 0.605469 0.184375 0.601562 0.1875 0.597656 0.1875 0.582031 0.184375 0.578125
0 0.040625 0.0703125 0.0375 0.0742188 0.0375 0.0820312 0.040625 0.0859375 0.040625 0.0898438 0.04375 0.09375 0.04375 0.0976562 0.053125 0.109375 0.05625 0.109375 0.0625 0.117188 0.06875 0.117188 0.078125 0.105469 0.078125 0.09375 0.06875 0.0820312 0.0625 0.0820312 0.059375 0.078125 0.05625 0.078125 0.05 0.0703125
0 0.68125 0.285156 0.678125 0.289062 0.671875 0.289062 0.66875 0.292969 0.665625 0.292969 0.659375 0.300781 0.659375 0.3125 0.66875 0.324219 0.678125 0.324219 0.68125 0.328125 0.6875 0.328125 0.690625 0.324219 0.69375 0.324219 0.7 0.316406 0.7 0.3125 0.703125 0.308594 0.703125 0.289062 0.7 0.285156
0 0.13125 0.582031 0.125 0.589844 0.125 0.59375 0.128125 0.597656 0.134375 0.597656 0.140625 0.589844 0.140625 0.585938 0.1375 0.582031
