0 0.0703125 0.0234375 0.0625 0.03125 0.0625 0.0507812 0.0664062 0.0546875 0.0703125 0.0546875 0.09375 0.078125 0.0976562 0.078125 0.101562 0.0820312 0.109375 0.0820312 0.113281 0.0859375 0.128906 0.0859375 0.132812 0.0820312 0.136719 0.0820312 0.140625 0.078125 0.140625 0.0742188 0.144531 0.0703125 0.144531 0.0546875 0.132812 0.0429688 0.132812 0.0390625 0.128906 0.0351562 0.125 0.0351562 0.121094 0.03125 0.117188 0.03125 0.109375 0.0234375
0 0.0625 0.113281 0.0546875 0.121094 0.0546875 0.132812 0.0585938 0.136719 0.0585938 0.140625 0.078125 0.160156 0.105469 0.160156 0.117188 0.148438 0.117188 0.136719 0.113281 0.132812 0.109375 0.132812 0.105469 0.128906 0.101562 0.128906 0.0976562 0.125 0.09375 0.125 0.0859375 0.117188 0.0820312 0.117188 0.078125 0.113281
0 0 0.355469 0 0.394531 0.0078125 0.394531 0.0117188 0.398438 0.0390625 0.398438 0.0429688 0.394531 0.0429688 0.378906 0.0390625 0.375 0.0390625 0.371094 0.0351562 0.371094 0.0273438 0.363281 0.0234375 0.363281 0.0195312 0.359375 0.0117188 0.359375 0.0078125 0.355469
0 0.949219 0.46875 0.941406 0.476562 0.941406 0.492188 0.949219 0.5 0.953125 0.5 0.957031 0.503906 0.980469 0.503906 0.984375 0.5 0.984375 0.476562 0.980469 0.472656 0.976562 0.472656 0.972656 0.46875
0 0.503906 0.859375 0.492188 0.871094 0.492188 0.882812 0.507812 0.898438 0.515625 0.898438 0.519531 0.902344 0.546875 0.902344 0.554688 0.894531 0.554688 0.878906 0.539062 0.863281 0.535156 0.863281 0.53125 0.859375
0 0.890625 0.121094 0.882812 0.128906 0.882812 0.132812 0.878906 0.136719 0.878906 0.148438 0.882812 0.152344 0.882812 0.15625 0.894531 0.167969 0.910156 0.167969 0.914062 0.164062 0.914062 0.152344 0.917969 0.148438 0.917969 0.140625 0.914062 0.136719 0.914062 0.132812 0.90625 0.125 0.902344 0.125 0.898438 0.121094
0 0.941406 0.710938 0.933594 0.71875 0.933594 0.730469 0.945312 0.742188 0.949219 0.742188 0.953125 0.746094 0.96875 0.746094 0.972656 0.75 0.976562 0.75 0.988281 0.738281 0.988281 0.730469 0.976562 0.71875 0.96875 0.71875 0.964844 0.714844 0.957031 0.714844 0.953125 0.710938
0 0.570312 0.449219 0.5625 0.457031 0.5625 0.46875 0.570312 0.476562 0.582031 0.476562 0.585938 0.480469 0.601562 0.480469 0.609375 0.472656 0.609375 0.464844 0.597656 0.453125 0.59375 0.453125 0.589844 0.449219
0 0.566406 0.480469 0.5625 0.484375 0.558594 0.484375 0.550781 0.492188 0.550781 0.507812 0.554688 0.511719 0.558594 0.511719 0.5625 0.515625 0.597656 0.515625 0.605469 0.507812 0.605469 0.496094 0.59375 0.484375 0.585938 0.484375 0.582031 0.480469
0 0.820312 0.90625 0.816406 0.910156 0.8125 0.910156 0.808594 0.914062 0.804688 0.914062 0.789062 0.929688 0.789062 0.933594 0.800781 0.945312 0.8125 0.945312 0.816406 0.949219 0.832031 0.949219 0.835938 0.945312 0.84375 0.945312 0.847656 0.941406 0.855469 0.941406 0.867188 0.929688 0.867188 0.925781 0.863281 0.921875 0.863281 0.917969 0.855469 0.910156 0.851562 0.910156 0.847656 0.90625
0 0.601562 0.59375 0.597656 0.597656 0.582031 0.597656 0.578125 0.601562 0.566406 0.601562 0.558594 0.609375 0.558594 0.613281 0.5625 0.617188 0.566406 0.617188 0.570312 0.621094 0.578125 0.621094 0.582031 0.625 0.613281 0.625 0.617188 0.621094 0.621094 0.621094 0.632812 0.609375 0.632812 0.601562 0.628906 0.597656 0.621094 0.597656 0.617188 0.59375
0 0.402344 0.277344 0.402344 0.28125 0.394531 0.289062 0.394531 0.292969 0.398438 0.296875 0.398438 0.300781 0.40625 0.308594 0.410156 0.308594 0.414062 0.3125 0.4375 0.3125 0.441406 0.308594 0.441406 0.304688 0.445312 0.300781 0.445312 0.296875 0.425781 0.277344
0 0.0234375 0.5625 0.015625 0.570312 0.015625 0.574219 0.0117188 0.578125 0.0117188 0.582031 0.015625 0.585938 0.015625 0.59375 0.0234375 0.601562 0.0273438 0.601562 0.0351562 0.609375 0.0664062 0.609375 0.0742188 0.601562 0.0742188 0.589844 0.0703125 0.585938 0.0703125 0.582031 0.0625 0.574219 0.0585938 0.574219 0.0546875 0.570312 0.0507812 0.570312 0.046875 0.566406 0.0390625 0.566406 0.0351562 0.5625
0 0.289062 0.5625 0.285156 0.566406 0.28125 0.566406 0.277344 0.570312 0.277344 0.574219 0.292969 0.589844 0.300781 0.589844 0.304688 0.59375 0.320312 0.59375 0.332031 0.582031 0.332031 0.574219 0.324219 0.566406 0.316406 0.566406 0.3125 0.5625
0 0.167969 0.730469 0.164062 0.734375 0.144531 0.734375 0.140625 0.738281 0.136719 0.738281 0.128906 0.746094 0.128906 0.761719 0.132812 0.765625 0.136719 0.765625 0.140625 0.769531 0.164062 0.769531 0.167969 0.773438 0.199219 0.773438 0.203125 0.769531 0.207031 0.769531 0.21875 0.757812 0.21875 0.75 0.210938 0.742188 0.210938 0.738281 0.203125 0.738281 0.199219 0.734375 0.195312 0.734375 0.191406 0.730469
0 0.238281 0 0.238281 0.015625 0.242188 0.0195312 0.242188 0.0234375 0.25 0.03125 0.257812 0.03125 0.261719 0.0351562 0.269531 0.0351562 0.273438 0.0390625 0.289062 0.0390625 0.300781 0.0273438 0.300781 0.015625 0.285156 0
0 0.933594 0.800781 0.925781 0.808594 0.921875 0.808594 0.917969 0.8125 0.917969 0.820312 0.921875 0.824219 0.921875 0.828125 0.925781 0.832031 0.929688 0.832031 0.933594 0.835938 0.941406 0.835938 0.945312 0.832031 0.957031 0.832031 0.964844 0.824219 0.964844 0.8125 0.957031 0.804688 0.953125 0.804688 0.949219 0.800781
0 0.457031 0.472656 0.453125 0.476562 0.449219 0.476562 0.445312 0.480469 0.445312 0.488281 0.453125 0.496094 0.457031 0.496094 0.460938 0.5 0.488281 0.5 0.492188 0.496094 0.492188 0.484375 0.488281 0.480469 0.484375 0.480469 0.480469 0.476562 0.46875 0.476562 0.464844 0.472656
0 0.683594 0.527344 0.675781 0.535156 0.675781 0.542969 0.679688 0.546875 0.683594 0.546875 0.6875 0.550781 0.695312 0.550781 0.699219 0.554688 0.726562 0.554688 0.730469 0.550781 0.738281 0.550781 0.742188 0.546875 0.742188 0.53125 0.738281 0.527344
0 0.359375 0.558594 0.355469 0.5625 0.355469 0.574219 0.363281 0.582031 0.375 0.582031 0.378906 0.585938 0.398438 0.585938 0.402344 0.582031 0.40625 0.582031 0.410156 0.578125 0.410156 0.566406 0.40625 0.5625 0.398438 0.5625 0.394531 0.558594
0 0.644531 0.800781 0.636719 0.808594 0.636719 0.816406 0.640625 0.820312 0.640625 0.824219 0.644531 0.828125 0.652344 0.828125 0.65625 0.832031 0.660156 0.832031 0.664062 0.828125 0.671875 0.828125 0.675781 0.824219 0.675781 0.808594 0.667969 0.800781
0 0.53125 0.398438 0.527344 0.402344 0.519531 0.402344 0.515625 0.40625 0.503906 0.40625 0.5 0.410156 0.496094 0.410156 0.492188 0.414062 0.492188 0.425781 0.496094 0.429688 0.503906 0.429688 0.507812 0.433594 0.546875 0.433594 0.550781 0.429688 0.554688 0.429688 0.5625 0.421875 0.5625 0.40625 0.558594 0.402344 0.550781 0.402344 0.546875 0.398438
0 0.84375 0.757812 0.839844 0.761719 0.835938 0.761719 0.824219 0.773438 0.824219 0.777344 0.820312 0.78125 0.820312 0.785156 0.824219 0.789062 0.824219 0.792969 0.832031 0.800781 0.835938 0.800781 0.839844 0.804688 0.863281 0.804688 0.867188 0.800781 0.871094 0.800781 0.882812 0.789062 0.882812 0.777344 0.875 0.769531 0.875 0.765625 0.871094 0.761719 0.859375 0.761719 0.855469 0.757812
0 0.90625 0.4375 0.890625 0.453125 0.890625 0.476562 0.898438 0.484375 0.90625 0.484375 0.910156 0.488281 0.917969 0.488281 0.921875 0.484375 0.925781 0.484375 0.933594 0.476562 0.933594 0.441406 0.929688 0.4375
0 0.121094 0.980469 0.117188 0.984375 0.113281 0.984375 0.109375 0.988281 0.109375 0.996094 0.164062 0.996094 0.164062 0.992188 0.15625 0.984375 0.140625 0.984375 0.136719 0.980469
0 0.078125 0.789062 0.0742188 0.792969 0.0703125 0.792969 0.0664062 0.796875 0.0664062 0.816406 0.0742188 0.824219 0.078125 0.824219 0.0820312 0.828125 0.0859375 0.828125 0.0898438 0.832031 0.0976562 0.832031 0.101562 0.835938 0.109375 0.835938 0.117188 0.828125 0.117188 0.824219 0.121094 0.820312 0.121094 0.8125 0.105469 0.796875 0.101562 0.796875 0.0976562 0.792969 0.0859375 0.792969 0.0820312 0.789062
0 0.367188 0.257812 0.363281 0.261719 0.363281 0.273438 0.375 0.285156 0.394531 0.285156 0.398438 0.28125 0.398438 0.269531 0.390625 0.261719 0.382812 0.261719 0.378906 0.257812
0 0.453125 0.339844 0.445312 0.347656 0.445312 0.363281 0.457031 0.375 0.460938 0.375 0.464844 0.378906 0.484375 0.378906 0.488281 0.375 0.488281 0.355469 0.476562 0.34375 0.46875 0.34375 0.464844 0.339844
0 0.9375 0.21875 0.929688 0.226562 0.929688 0.230469 0.925781 0.234375 0.925781 0.238281 0.929688 0.242188 0.929688 0.25 0.9375 0.257812 0.941406 0.257812 0.945312 0.261719 0.96875 0.261719 0.976562 0.253906 0.976562 0.234375 0.964844 0.222656 0.960938 0.222656 0.957031 0.21875
0 0.0273438 0.519531 0.0195312 0.527344 0.0195312 0.539062 0.0234375 0.542969 0.0234375 0.546875 0.0390625 0.5625 0.046875 0.5625 0.0507812 0.566406 0.0546875 0.566406 0.0585938 0.570312 0.078125 0.570312 0.0820312 0.566406 0.0820312 0.554688 0.0507812 0.523438 0.046875 0.523438 0.0429688 0.519531
0 0.496094 0.816406 0.492188 0.820312 0.492188 0.824219 0.488281 0.828125 0.488281 0.839844 0.492188 0.84375 0.496094 0.84375 0.5 0.847656 0.507812 0.847656 0.511719 0.851562 0.542969 0.851562 0.546875 0.847656 0.546875 0.828125 0.542969 0.824219 0.539062 0.824219 0.535156 0.820312 0.523438 0.820312 0.519531 0.816406
0 0.820312 0.675781 0.816406 0.679688 0.8125 0.679688 0.804688 0.6875 0.804688 0.707031 0.808594 0.710938 0.820312 0.710938 0.824219 0.714844 0.828125 0.714844 0.832031 0.710938 0.839844 0.710938 0.84375 0.707031 0.84375 0.6875 0.835938 0.679688 0.832031 0.679688 0.828125 0.675781
0 0.316406 0.898438 0.3125 0.902344 0.308594 0.902344 0.300781 0.910156 0.300781 0.921875 0.3125 0.933594 0.316406 0.933594 0.320312 0.9375 0.332031 0.9375 0.339844 0.929688 0.339844 0.914062 0.328125 0.902344 0.324219 0.902344 0.320312 0.898438
0 0.847656 0.5625 0.84375 0.566406 0.839844 0.566406 0.828125 0.578125 0.828125 0.59375 0.835938 0.601562 0.855469 0.601562 0.867188 0.589844 0.867188 0.585938 0.871094 0.582031 0.871094 0.574219 0.863281 0.566406 0.859375 0.566406 0.855469 0.5625
0 0.0195312 0.40625 0.015625 0.410156 0.0117188 0.410156 0.0078125 0.414062 0.0078125 0.421875 0.0195312 0.433594 0.0234375 0.433594 0.0273438 0.4375 0.03125 0.4375 0.0351562 0.441406 0.0546875 0.441406 0.0585938 0.4375 0.0625 0.4375 0.0664062 0.433594 0.0664062 0.421875 0.0585938 0.414062 0.0546875 0.414062 0.0507812 0.410156 0.0429688 0.410156 0.0390625 0.40625
0 0.796875 0.855469 0.792969 0.859375 0.789062 0.859375 0.78125 0.867188 0.78125 0.886719 0.789062 0.894531 0.816406 0.894531 0.820312 0.890625 0.824219 0.890625 0.832031 0.882812 0.832031 0.863281 0.824219 0.855469
0 0.179688 0.695312 0.171875 0.703125 0.171875 0.714844 0.183594 0.726562 0.191406 0.726562 0.195312 0.730469 0.199219 0.730469 0.203125 0.734375 0.214844 0.734375 0.222656 0.726562 0.222656 0.714844 0.210938 0.703125 0.207031 0.703125 0.203125 0.699219 0.199219 0.699219 0.195312 0.695312
0 0.535156 0 0.53125 0.00390625 0.53125 0.0117188 0.546875 0.0273438 0.554688 0.0273438 0.558594 0.03125 0.585938 0.03125 0.589844 0.0273438 0.589844 0.015625 0.585938 0.0117188 0.585938 0.0078125 0.578125 0
0 0.683594 0.210938 0.679688 0.214844 0.675781 0.214844 0.667969 0.222656 0.667969 0.234375 0.675781 0.242188 0.675781 0.246094 0.683594 0.253906 0.6875 0.253906 0.691406 0.257812 0.71875 0.257812 0.730469 0.246094 0.730469 0.242188 0.726562 0.238281 0.726562 0.234375 0.710938 0.21875 0.707031 0.21875 0.703125 0.214844 0.699219 0.214844 0.695312 0.210938
