0 0.558594 0.6875 0.558594 0.691406 0.554688 0.695312 0.554688 0.707031 0.558594 0.710938 0.558594 0.71875 0.574219 0.734375 0.589844 0.734375 0.59375 0.730469 0.59375 0.707031 0.582031 0.695312 0.582031 0.691406 0.578125 0.691406 0.574219 0.6875
0 0.726562 0.710938 0.726562 0.714844 0.722656 0.71875 0.722656 0.734375 0.726562 0.738281 0.726562 0.742188 0.734375 0.75 0.734375 0.753906 0.738281 0.753906 0.742188 0.757812 0.75 0.757812 0.753906 0.753906 0.757812 0.753906 0.757812 0.75 0.761719 0.746094 0.761719 0.734375 0.757812 0.730469 0.757812 0.726562 0.742188 0.710938
0 0.667969 0.804688 0.65625 0.816406 0.65625 0.832031 0.660156 0.835938 0.660156 0.839844 0.675781 0.855469 0.679688 0.855469 0.683594 0.859375 0.691406 0.859375 0.695312 0.863281 0.714844 0.863281 0.71875 0.859375 0.71875 0.855469 0.722656 0.851562 0.722656 0.84375 0.71875 0.839844 0.71875 0.832031 0.691406 0.804688 0.675781 0.804688 0.671875 0.808594
0 0.660156 0.703125 0.65625 0.707031 0.65625 0.710938 0.652344 0.714844 0.652344 0.722656 0.65625 0.726562 0.65625 0.730469 0.667969 0.742188 0.691406 0.742188 0.691406 0.714844 0.6875 0.710938 0.6875 0.707031 0.683594 0.703125
0 0.890625 0.898438 0.890625 0.902344 0.886719 0.90625 0.886719 0.925781 0.898438 0.9375 0.921875 0.9375 0.925781 0.933594 0.925781 0.914062 0.914062 0.902344 0.910156 0.902344 0.90625 0.898438
0 0.742188 0.941406 0.734375 0.949219 0.734375 0.964844 0.742188 0.972656 0.742188 0.976562 0.75 0.984375 0.757812 0.984375 0.761719 0.988281 0.769531 0.988281 0.773438 0.992188 0.796875 0.992188 0.800781 0.988281 0.800781 0.984375 0.804688 0.980469 0.804688 0.972656 0.800781 0.96875 0.800781 0.964844 0.789062 0.953125 0.785156 0.953125 0.78125 0.949219 0.777344 0.949219 0.773438 0.945312 0.765625 0.945312 0.761719 0.941406
0 0.929688 0.585938 0.925781 0.589844 0.914062 0.589844 0.894531 0.609375 0.894531 0.613281 0.890625 0.617188 0.890625 0.628906 0.886719 0.632812 0.886719 0.644531 0.890625 0.648438 0.890625 0.65625 0.902344 0.667969 0.90625 0.667969 0.910156 0.671875 0.917969 0.671875 0.921875 0.667969 0.929688 0.667969 0.9375 0.660156 0.9375 0.65625 0.945312 0.648438 0.949219 0.648438 0.949219 0.640625 0.953125 0.636719 0.953125 0.628906 0.957031 0.625 0.957031 0.613281 0.953125 0.609375 0.953125 0.601562 0.941406 0.589844 0.9375 0.589844 0.933594 0.585938
0 0.773438 0.246094 0.769531 0.25 0.761719 0.25 0.757812 0.253906 0.753906 0.253906 0.75 0.257812 0.746094 0.257812 0.738281 0.265625 0.738281 0.28125 0.742188 0.285156 0.742188 0.289062 0.75 0.296875 0.753906 0.296875 0.757812 0.300781 0.773438 0.300781 0.777344 0.296875 0.792969 0.296875 0.796875 0.292969 0.804688 0.292969 0.808594 0.289062 0.8125 0.289062 0.820312 0.28125 0.820312 0.261719 0.8125 0.253906 0.808594 0.253906 0.804688 0.25 0.796875 0.25 0.792969 0.246094
0 0.691406 0.875 0.6875 0.878906 0.683594 0.878906 0.683594 0.894531 0.695312 0.90625 0.699219 0.90625 0.703125 0.910156 0.714844 0.910156 0.722656 0.902344 0.726562 0.902344 0.730469 0.898438 0.730469 0.894531 0.726562 0.890625 0.726562 0.886719 0.722656 0.882812 0.71875 0.882812 0.714844 0.878906 0.699219 0.878906 0.695312 0.875
0 0.375 0.121094 0.371094 0.125 0.367188 0.125 0.359375 0.132812 0.359375 0.136719 0.355469 0.140625 0.355469 0.152344 0.359375 0.15625 0.359375 0.160156 0.367188 0.167969 0.375 0.167969 0.378906 0.171875 0.386719 0.171875 0.390625 0.167969 0.394531 0.167969 0.402344 0.160156 0.40625 0.160156 0.40625 0.15625 0.410156 0.152344 0.410156 0.128906 0.40625 0.125 0.402344 0.125 0.398438 0.121094
0 0.367188 0.519531 0.363281 0.523438 0.359375 0.523438 0.355469 0.527344 0.355469 0.53125 0.351562 0.535156 0.351562 0.542969 0.347656 0.546875 0.351562 0.550781 0.351562 0.574219 0.375 0.597656 0.394531 0.597656 0.398438 0.59375 0.402344 0.59375 0.40625 0.589844 0.40625 0.585938 0.410156 0.582031 0.410156 0.5625 0.40625 0.558594 0.40625 0.554688 0.402344 0.550781 0.402344 0.546875 0.398438 0.542969 0.398438 0.535156 0.390625 0.527344 0.386719 0.527344 0.382812 0.523438 0.378906 0.523438 0.375 0.519531
0 0.835938 0.34375 0.832031 0.347656 0.828125 0.347656 0.824219 0.351562 0.824219 0.355469 0.820312 0.359375 0.820312 0.382812 0.828125 0.382812 0.835938 0.390625 0.835938 0.398438 0.84375 0.40625 0.847656 0.40625 0.851562 0.410156 0.863281 0.410156 0.867188 0.40625 0.871094 0.40625 0.878906 0.398438 0.878906 0.378906 0.871094 0.371094 0.871094 0.367188 0.867188 0.363281 0.867188 0.359375 0.855469 0.347656 0.847656 0.347656 0.84375 0.34375
0 0.273438 0.960938 0.269531 0.964844 0.261719 0.964844 0.261719 0.96875 0.257812 0.972656 0.257812 0.976562 0.261719 0.980469 0.261719 0.984375 0.273438 0.996094 0.292969 0.996094 0.300781 0.988281 0.300781 0.976562 0.289062 0.964844 0.285156 0.964844 0.28125 0.960938
0 0.511719 0.59375 0.507812 0.597656 0.507812 0.601562 0.503906 0.605469 0.503906 0.613281 0.511719 0.621094 0.519531 0.621094 0.523438 0.625 0.535156 0.625 0.539062 0.621094 0.539062 0.617188 0.542969 0.613281 0.539062 0.609375 0.539062 0.605469 0.53125 0.597656 0.527344 0.597656 0.523438 0.59375
0 0.113281 0.109375 0.109375 0.113281 0.105469 0.113281 0.105469 0.117188 0.101562 0.121094 0.101562 0.128906 0.105469 0.132812 0.105469 0.136719 0.113281 0.144531 0.117188 0.144531 0.121094 0.148438 0.152344 0.148438 0.160156 0.140625 0.160156 0.132812 0.15625 0.128906 0.15625 0.125 0.152344 0.121094 0.148438 0.121094 0.140625 0.113281 0.132812 0.113281 0.128906 0.109375
0 0.113281 0.625 0.109375 0.628906 0.109375 0.632812 0.0976562 0.644531 0.0976562 0.65625 0.101562 0.660156 0.101562 0.679688 0.113281 0.691406 0.128906 0.691406 0.136719 0.683594 0.136719 0.679688 0.140625 0.675781 0.140625 0.664062 0.144531 0.660156 0.144531 0.644531 0.140625 0.640625 0.140625 0.636719 0.128906 0.625
