0 0.175781 0.179688 0.171875 0.183594 0.15625 0.183594 0.15625 0.1875 0.152344 0.191406 0.152344 0.195312 0.148438 0.199219 0.148438 0.203125 0.144531 0.207031 0.144531 0.210938 0.148438 0.214844 0.175781 0.214844 0.183594 0.207031 0.1875 0.207031 0.1875 0.199219 0.191406 0.195312 0.191406 0.1875 0.183594 0.179688
0 0.621094 0.230469 0.617188 0.234375 0.605469 0.234375 0.597656 0.242188 0.59375 0.242188 0.585938 0.25 0.585938 0.253906 0.582031 0.257812 0.582031 0.261719 0.578125 0.265625 0.578125 0.289062 0.582031 0.292969 0.582031 0.296875 0.589844 0.304688 0.59375 0.304688 0.597656 0.308594 0.621094 0.308594 0.628906 0.300781 0.636719 0.300781 0.636719 0.292969 0.640625 0.289062 0.640625 0.285156 0.644531 0.28125 0.644531 0.261719 0.648438 0.257812 0.648438 0.246094 0.640625 0.238281 0.636719 0.238281 0.628906 0.230469
0 0 0.382812 0 0.433594 0.00390625 0.429688 0.00390625 0.425781 0.0078125 0.421875 0.0078125 0.417969 0.0117188 0.414062 0.0117188 0.398438 0.0078125 0.394531 0.0078125 0.390625
0 0.148438 0 0.144531 0.00390625 0.144531 0.0429688 0.15625 0.0546875 0.160156 0.0546875 0.164062 0.0585938 0.183594 0.0585938 0.183594 0.0546875 0.1875 0.0507812 0.1875 0.0351562 0.183594 0.03125 0.183594 0.0273438 0.179688 0.0234375 0.179688 0.0078125 0.175781 0.00390625 0.175781 0
0 0.832031 0.578125 0.828125 0.582031 0.820312 0.582031 0.820312 0.59375 0.816406 0.597656 0.816406 0.621094 0.8125 0.625 0.816406 0.628906 0.8125 0.632812 0.8125 0.640625 0.816406 0.640625 0.820312 0.636719 0.832031 0.636719 0.835938 0.632812 0.839844 0.632812 0.84375 0.628906 0.847656 0.628906 0.851562 0.625 0.855469 0.625 0.855469 0.617188 0.859375 0.613281 0.859375 0.59375 0.855469 0.589844 0.855469 0.585938 0.847656 0.578125
0 0.652344 0.6875 0.648438 0.691406 0.644531 0.691406 0.640625 0.695312 0.640625 0.726562 0.648438 0.734375 0.65625 0.734375 0.660156 0.738281 0.667969 0.730469 0.671875 0.730469 0.671875 0.726562 0.675781 0.722656 0.675781 0.714844 0.679688 0.710938 0.679688 0.699219 0.671875 0.691406 0.667969 0.691406 0.664062 0.6875
0 0.679688 0.589844 0.667969 0.601562 0.664062 0.601562 0.660156 0.605469 0.660156 0.609375 0.664062 0.613281 0.679688 0.613281 0.6875 0.605469 0.6875 0.59375 0.683594 0.589844
0 0.640625 0.59375 0.636719 0.597656 0.628906 0.597656 0.625 0.601562 0.609375 0.601562 0.609375 0.613281 0.617188 0.621094 0.617188 0.617188 0.621094 0.613281 0.628906 0.613281 0.632812 0.609375 0.636719 0.609375 0.640625 0.605469 0.644531 0.605469 0.644531 0.597656
0 0.53125 0.730469 0.527344 0.734375 0.523438 0.734375 0.519531 0.738281 0.519531 0.742188 0.515625 0.746094 0.515625 0.765625 0.519531 0.769531 0.542969 0.769531 0.546875 0.765625 0.550781 0.765625 0.550781 0.746094 0.546875 0.742188 0.546875 0.738281 0.542969 0.734375 0.539062 0.734375 0.535156 0.730469
0 0.0429688 0.941406 0.0390625 0.945312 0.0351562 0.945312 0.0234375 0.957031 0.0234375 0.960938 0.0195312 0.964844 0.0195312 0.96875 0.015625 0.972656 0.015625 0.988281 0.0195312 0.992188 0.0195312 0.996094 0.101562 0.996094 0.101562 0.96875 0.0976562 0.964844 0.0976562 0.960938 0.09375 0.957031 0.0898438 0.957031 0.0859375 0.953125 0.0820312 0.953125 0.0742188 0.945312 0.0703125 0.945312 0.0664062 0.941406
0 0.589844 0.746094 0.585938 0.75 0.585938 0.769531 0.609375 0.769531 0.613281 0.773438 0.613281 0.765625 0.617188 0.761719 0.617188 0.75 0.609375 0.75 0.605469 0.746094
0 0.664062 0.574219 0.660156 0.578125 0.652344 0.578125 0.648438 0.582031 0.648438 0.597656 0.652344 0.601562 0.644531 0.609375 0.640625 0.609375 0.636719 0.613281 0.632812 0.613281 0.628906 0.617188 0.621094 0.617188 0.621094 0.625 0.625 0.628906 0.625 0.640625 0.644531 0.640625 0.644531 0.632812 0.648438 0.628906 0.648438 0.621094 0.652344 0.617188 0.652344 0.609375 0.648438 0.605469 0.652344 0.601562 0.660156 0.601562 0.664062 0.597656 0.667969 0.597656 0.675781 0.589844 0.675781 0.585938 0.679688 0.582031 0.675781 0.578125 0.675781 0.574219
0 0.0976562 0.367188 0.09375 0.371094 0.0859375 0.371094 0.0820312 0.375 0.078125 0.375 0.0742188 0.378906 0.0703125 0.378906 0.0664062 0.382812 0.0625 0.382812 0.0585938 0.386719 0.0585938 0.390625 0.0507812 0.398438 0.046875 0.398438 0.046875 0.402344 0.0429688 0.40625 0.0429688 0.429688 0.046875 0.433594 0.0507812 0.433594 0.0546875 0.4375 0.0585938 0.4375 0.0625 0.441406 0.0820312 0.441406 0.0859375 0.4375 0.09375 0.4375 0.0976562 0.433594 0.101562 0.433594 0.117188 0.417969 0.121094 0.417969 0.121094 0.410156 0.128906 0.402344 0.128906 0.378906 0.125 0.378906 0.121094 0.375 0.121094 0.371094 0.117188 0.371094 0.113281 0.367188
0 0.0742188 0.566406 0.078125 0.566406 0.0820312 0.570312 0.0820312 0.59375 0.0859375 0.597656 0.0859375 0.601562 0.0898438 0.601562 0.09375 0.605469 0.09375 0.625 0.0859375 0.632812 0.078125 0.632812 0.0742188 0.636719 0.0625 0.636719 0.0585938 0.632812 0.0507812 0.632812 0.046875 0.628906 0.046875 0.621094 0.0429688 0.617188 0.0429688 0.597656 0.046875 0.59375 0.046875 0.589844 0.0429688 0.59375 0.0429688 0.609375 0.0390625 0.613281 0.0390625 0.625 0.0351562 0.628906 0.0390625 0.632812 0.0390625 0.640625 0.0429688 0.644531 0.046875 0.644531 0.0507812 0.648438 0.0546875 0.648438 0.0585938 0.644531 0.0742188 0.644531 0.078125 0.640625 0.0820312 0.640625 0.0859375 0.636719 0.0898438 0.636719 0.101562 0.625 0.101562 0.621094 0.105469 0.617188 0.105469 0.605469 0.101562 0.605469 0.0976562 0.601562 0.09375 0.601562 0.0859375 0.59375 0.0859375 0.570312 0.0820312 0.566406
0 0.402344 0.144531 0.398438 0.148438 0.394531 0.148438 0.390625 0.152344 0.386719 0.152344 0.382812 0.15625 0.382812 0.160156 0.375 0.167969 0.375 0.179688 0.378906 0.183594 0.398438 0.183594 0.402344 0.179688 0.40625 0.179688 0.410156 0.175781 0.414062 0.175781 0.417969 0.171875 0.429688 0.171875 0.429688 0.152344 0.421875 0.144531
0 0.363281 0.128906 0.355469 0.136719 0.355469 0.140625 0.351562 0.144531 0.351562 0.152344 0.355469 0.15625 0.359375 0.152344 0.359375 0.144531 0.371094 0.132812 0.375 0.132812 0.375 0.128906
0 0.867188 0.179688 0.863281 0.183594 0.859375 0.183594 0.855469 0.1875 0.851562 0.1875 0.847656 0.191406 0.847656 0.199219 0.84375 0.203125 0.84375 0.210938 0.847656 0.214844 0.847656 0.222656 0.851562 0.226562 0.851562 0.230469 0.871094 0.25 0.875 0.25 0.878906 0.253906 0.898438 0.253906 0.90625 0.246094 0.90625 0.242188 0.910156 0.238281 0.910156 0.230469 0.914062 0.226562 0.914062 0.210938 0.910156 0.207031 0.910156 0.199219 0.898438 0.1875 0.894531 0.1875 0.886719 0.179688
0 0.667969 0.253906 0.660156 0.261719 0.652344 0.261719 0.648438 0.265625 0.648438 0.289062 0.667969 0.289062 0.671875 0.285156 0.675781 0.285156 0.679688 0.28125 0.679688 0.273438 0.683594 0.269531 0.683594 0.265625 0.679688 0.261719 0.679688 0.257812 0.675781 0.257812 0.671875 0.253906
0 0.0703125 0.570312 0.0703125 0.574219 0.0625 0.582031 0.0546875 0.582031 0.0546875 0.585938 0.0507812 0.589844 0.0507812 0.59375 0.046875 0.597656 0.046875 0.617188 0.0507812 0.621094 0.0507812 0.628906 0.0585938 0.628906 0.0625 0.632812 0.0742188 0.632812 0.078125 0.628906 0.0859375 0.628906 0.0898438 0.625 0.0898438 0.605469 0.0859375 0.605469 0.0820312 0.601562 0.0820312 0.597656 0.078125 0.59375 0.078125 0.570312
0 0.464844 0.445312 0.460938 0.449219 0.449219 0.449219 0.445312 0.453125 0.441406 0.453125 0.4375 0.457031 0.433594 0.457031 0.433594 0.460938 0.429688 0.464844 0.425781 0.464844 0.425781 0.484375 0.429688 0.488281 0.429688 0.492188 0.433594 0.496094 0.433594 0.5 0.445312 0.511719 0.449219 0.511719 0.453125 0.515625 0.460938 0.515625 0.464844 0.511719 0.46875 0.511719 0.472656 0.507812 0.476562 0.507812 0.480469 0.503906 0.480469 0.492188 0.488281 0.484375 0.488281 0.476562 0.480469 0.46875 0.476562 0.46875 0.472656 0.464844 0.472656 0.449219 0.46875 0.449219
0 0.351562 0.769531 0.34375 0.777344 0.34375 0.792969 0.351562 0.800781 0.351562 0.808594 0.347656 0.8125 0.351562 0.816406 0.351562 0.828125 0.359375 0.835938 0.375 0.835938 0.378906 0.832031 0.382812 0.832031 0.390625 0.824219 0.390625 0.8125 0.394531 0.808594 0.394531 0.789062 0.390625 0.785156 0.390625 0.78125 0.386719 0.78125 0.378906 0.773438 0.375 0.773438 0.371094 0.769531
0 0.804688 0.578125 0.796875 0.585938 0.796875 0.589844 0.792969 0.59375 0.785156 0.59375 0.785156 0.617188 0.796875 0.628906 0.804688 0.628906 0.8125 0.621094 0.8125 0.597656 0.816406 0.59375 0.816406 0.578125
0 0.316406 0.777344 0.300781 0.792969 0.300781 0.800781 0.296875 0.804688 0.296875 0.816406 0.300781 0.820312 0.300781 0.824219 0.3125 0.835938 0.316406 0.835938 0.324219 0.84375 0.328125 0.839844 0.339844 0.839844 0.347656 0.832031 0.347656 0.816406 0.34375 0.8125 0.347656 0.808594 0.347656 0.800781 0.339844 0.792969 0.339844 0.78125 0.335938 0.78125 0.332031 0.777344
0 0.613281 0.570312 0.609375 0.574219 0.609375 0.589844 0.617188 0.597656 0.625 0.597656 0.628906 0.59375 0.636719 0.59375 0.636719 0.574219 0.632812 0.570312
0 0.253906 0.417969 0.25 0.421875 0.246094 0.421875 0.238281 0.429688 0.238281 0.433594 0.234375 0.4375 0.234375 0.453125 0.25 0.46875 0.253906 0.46875 0.257812 0.472656 0.261719 0.472656 0.265625 0.476562 0.277344 0.476562 0.28125 0.472656 0.289062 0.472656 0.292969 0.46875 0.300781 0.46875 0.300781 0.464844 0.308594 0.457031 0.308594 0.449219 0.300781 0.441406 0.300781 0.4375 0.292969 0.429688 0.289062 0.429688 0.285156 0.425781 0.277344 0.425781 0.269531 0.417969
0 0.09375 0.265625 0.0898438 0.269531 0.0859375 0.269531 0.0820312 0.273438 0.0820312 0.277344 0.078125 0.28125 0.078125 0.308594 0.0820312 0.308594 0.0859375 0.3125 0.0859375 0.316406 0.0898438 0.320312 0.09375 0.320312 0.101562 0.328125 0.109375 0.328125 0.113281 0.332031 0.128906 0.332031 0.132812 0.328125 0.132812 0.320312 0.140625 0.3125 0.140625 0.292969 0.132812 0.285156 0.132812 0.28125 0.125 0.28125 0.121094 0.277344 0.121094 0.269531 0.117188 0.269531 0.113281 0.265625
0 0.117188 0.105469 0.113281 0.109375 0.113281 0.113281 0.105469 0.121094 0.0976562 0.121094 0.0976562 0.125 0.09375 0.128906 0.09375 0.144531 0.0976562 0.148438 0.0976562 0.164062 0.101562 0.167969 0.105469 0.167969 0.109375 0.171875 0.117188 0.171875 0.128906 0.183594 0.140625 0.183594 0.140625 0.167969 0.148438 0.160156 0.148438 0.15625 0.15625 0.148438 0.15625 0.136719 0.160156 0.132812 0.160156 0.128906 0.15625 0.125 0.15625 0.117188 0.144531 0.105469
0 0.179688 0 0.179688 0.00390625 0.183594 0.0078125 0.183594 0.0234375 0.1875 0.0273438 0.1875 0.03125 0.191406 0.0351562 0.191406 0.0390625 0.207031 0.0390625 0.210938 0.0351562 0.210938 0.03125 0.214844 0.0273438 0.214844 0.0195312 0.21875 0.015625 0.21875 0.0117188 0.222656 0.0078125 0.222656 0
