0 0.378906 0.933594 0.367188 0.945312 0.367188 0.972656 0.371094 0.976562 0.371094 0.984375 0.375 0.988281 0.375 0.996094 0.421875 0.996094 0.433594 0.984375 0.433594 0.980469 0.4375 0.976562 0.4375 0.960938 0.433594 0.957031 0.433594 0.945312 0.421875 0.933594 0.414062 0.933594 0.410156 0.9375 0.382812 0.9375
0 0.171875 0.679688 0.164062 0.6875 0.164062 0.691406 0.160156 0.695312 0.160156 0.722656 0.164062 0.726562 0.167969 0.726562 0.183594 0.742188 0.207031 0.742188 0.210938 0.738281 0.210938 0.726562 0.214844 0.722656 0.214844 0.707031 0.21875 0.703125 0.21875 0.691406 0.210938 0.683594 0.203125 0.683594 0.199219 0.679688
0 0.261719 0.878906 0.253906 0.886719 0.25 0.886719 0.246094 0.890625 0.246094 0.894531 0.242188 0.898438 0.242188 0.902344 0.238281 0.90625 0.238281 0.914062 0.242188 0.917969 0.242188 0.921875 0.253906 0.933594 0.269531 0.933594 0.273438 0.929688 0.277344 0.929688 0.285156 0.921875 0.285156 0.898438 0.28125 0.894531 0.28125 0.890625 0.277344 0.886719 0.273438 0.886719 0.265625 0.878906
0 0.683594 0.492188 0.667969 0.507812 0.667969 0.511719 0.664062 0.515625 0.664062 0.519531 0.660156 0.523438 0.660156 0.535156 0.664062 0.539062 0.664062 0.554688 0.667969 0.558594 0.671875 0.558594 0.675781 0.5625 0.679688 0.5625 0.683594 0.566406 0.691406 0.566406 0.695312 0.5625 0.699219 0.5625 0.703125 0.558594 0.707031 0.558594 0.710938 0.5625 0.714844 0.5625 0.71875 0.566406 0.722656 0.5625 0.722656 0.554688 0.730469 0.546875 0.730469 0.542969 0.738281 0.535156 0.730469 0.527344 0.730469 0.523438 0.726562 0.519531 0.726562 0.515625 0.703125 0.492188
0 0.636719 0.0351562 0.632812 0.0390625 0.617188 0.0390625 0.605469 0.0507812 0.605469 0.0859375 0.613281 0.09375 0.621094 0.09375 0.628906 0.101562 0.65625 0.101562 0.660156 0.0976562 0.664062 0.0976562 0.675781 0.0859375 0.679688 0.0859375 0.683594 0.0820312 0.683594 0.0625 0.675781 0.0546875 0.675781 0.0507812 0.664062 0.0390625 0.660156 0.0390625 0.65625 0.0351562
0 0.859375 0.828125 0.855469 0.832031 0.835938 0.832031 0.832031 0.835938 0.824219 0.835938 0.816406 0.84375 0.816406 0.851562 0.8125 0.855469 0.8125 0.859375 0.816406 0.863281 0.816406 0.871094 0.832031 0.886719 0.835938 0.886719 0.84375 0.894531 0.855469 0.894531 0.863281 0.886719 0.867188 0.886719 0.875 0.878906 0.882812 0.878906 0.890625 0.871094 0.890625 0.867188 0.894531 0.863281 0.894531 0.847656 0.890625 0.84375 0.890625 0.839844 0.882812 0.832031 0.867188 0.832031 0.863281 0.828125
0 0.722656 0.273438 0.710938 0.285156 0.710938 0.289062 0.707031 0.292969 0.707031 0.304688 0.710938 0.308594 0.710938 0.316406 0.714844 0.320312 0.71875 0.320312 0.726562 0.328125 0.730469 0.328125 0.742188 0.339844 0.75 0.339844 0.753906 0.34375 0.769531 0.34375 0.773438 0.339844 0.777344 0.339844 0.785156 0.332031 0.785156 0.328125 0.789062 0.324219 0.789062 0.296875 0.785156 0.292969 0.78125 0.292969 0.777344 0.289062 0.773438 0.289062 0.769531 0.285156 0.765625 0.285156 0.761719 0.28125 0.757812 0.28125 0.753906 0.277344 0.738281 0.277344 0.734375 0.273438
0 0.65625 0.152344 0.652344 0.15625 0.640625 0.15625 0.636719 0.160156 0.632812 0.160156 0.628906 0.164062 0.628906 0.167969 0.625 0.171875 0.625 0.191406 0.628906 0.195312 0.632812 0.195312 0.648438 0.210938 0.652344 0.210938 0.660156 0.21875 0.664062 0.21875 0.671875 0.226562 0.679688 0.226562 0.683594 0.222656 0.6875 0.222656 0.695312 0.214844 0.703125 0.214844 0.710938 0.207031 0.710938 0.183594 0.703125 0.175781 0.703125 0.171875 0.699219 0.167969 0.695312 0.167969 0.691406 0.164062 0.6875 0.164062 0.679688 0.15625 0.667969 0.15625 0.664062 0.152344
0 0.949219 0.914062 0.925781 0.9375 0.925781 0.949219 0.929688 0.953125 0.929688 0.957031 0.941406 0.96875 0.945312 0.96875 0.949219 0.972656 0.972656 0.972656 0.976562 0.96875 0.980469 0.96875 0.996094 0.953125 0.996094 0.929688 0.984375 0.917969 0.972656 0.917969 0.96875 0.914062
0 0.0898438 0.800781 0.0859375 0.804688 0.078125 0.804688 0.0742188 0.808594 0.0703125 0.808594 0.0546875 0.824219 0.0546875 0.832031 0.0507812 0.835938 0.0507812 0.863281 0.0546875 0.867188 0.0546875 0.875 0.078125 0.898438 0.0820312 0.898438 0.0859375 0.902344 0.105469 0.902344 0.109375 0.898438 0.117188 0.898438 0.125 0.890625 0.132812 0.890625 0.136719 0.886719 0.140625 0.886719 0.148438 0.878906 0.148438 0.875 0.152344 0.871094 0.152344 0.832031 0.144531 0.824219 0.144531 0.820312 0.140625 0.816406 0.136719 0.816406 0.132812 0.8125 0.128906 0.8125 0.121094 0.804688 0.117188 0.804688 0.113281 0.800781
0 0.777344 0.402344 0.773438 0.40625 0.769531 0.40625 0.765625 0.410156 0.765625 0.414062 0.761719 0.417969 0.761719 0.449219 0.769531 0.457031 0.769531 0.460938 0.785156 0.476562 0.792969 0.476562 0.796875 0.480469 0.8125 0.480469 0.816406 0.484375 0.824219 0.484375 0.832031 0.476562 0.835938 0.476562 0.839844 0.472656 0.839844 0.457031 0.835938 0.453125 0.835938 0.441406 0.832031 0.4375 0.832031 0.429688 0.824219 0.421875 0.824219 0.417969 0.808594 0.402344
0 0.589844 0.855469 0.574219 0.871094 0.574219 0.875 0.570312 0.878906 0.570312 0.898438 0.574219 0.902344 0.578125 0.902344 0.582031 0.90625 0.597656 0.90625 0.601562 0.910156 0.605469 0.910156 0.609375 0.914062 0.625 0.914062 0.636719 0.902344 0.636719 0.875 0.632812 0.871094 0.628906 0.871094 0.621094 0.863281 0.621094 0.859375 0.617188 0.855469
0 0.175781 0.609375 0.171875 0.613281 0.15625 0.613281 0.144531 0.625 0.144531 0.648438 0.15625 0.660156 0.1875 0.660156 0.191406 0.65625 0.195312 0.65625 0.199219 0.652344 0.203125 0.652344 0.214844 0.640625 0.214844 0.621094 0.203125 0.609375
0 0.484375 0.925781 0.476562 0.933594 0.476562 0.9375 0.472656 0.941406 0.472656 0.949219 0.476562 0.953125 0.476562 0.964844 0.480469 0.96875 0.480469 0.976562 0.488281 0.984375 0.488281 0.988281 0.496094 0.996094 0.527344 0.996094 0.527344 0.992188 0.535156 0.984375 0.535156 0.980469 0.539062 0.976562 0.539062 0.960938 0.535156 0.957031 0.535156 0.953125 0.53125 0.949219 0.53125 0.945312 0.511719 0.925781
0 0.429688 0.101562 0.421875 0.109375 0.421875 0.152344 0.429688 0.160156 0.433594 0.160156 0.4375 0.164062 0.441406 0.164062 0.445312 0.167969 0.453125 0.167969 0.460938 0.175781 0.46875 0.175781 0.472656 0.179688 0.511719 0.179688 0.519531 0.171875 0.519531 0.167969 0.523438 0.164062 0.523438 0.113281 0.519531 0.109375 0.515625 0.109375 0.511719 0.105469 0.503906 0.105469 0.5 0.101562
0 0.402344 0.859375 0.398438 0.863281 0.394531 0.863281 0.390625 0.867188 0.386719 0.867188 0.382812 0.871094 0.378906 0.871094 0.371094 0.878906 0.371094 0.882812 0.367188 0.886719 0.367188 0.910156 0.371094 0.914062 0.371094 0.917969 0.375 0.921875 0.375 0.925781 0.382812 0.933594 0.410156 0.933594 0.414062 0.929688 0.421875 0.929688 0.425781 0.925781 0.4375 0.925781 0.449219 0.914062 0.449219 0.890625 0.445312 0.886719 0.445312 0.882812 0.441406 0.878906 0.441406 0.875 0.433594 0.867188 0.425781 0.867188 0.421875 0.863281 0.417969 0.863281 0.414062 0.859375
0 0.359375 0.632812 0.34375 0.648438 0.34375 0.65625 0.339844 0.660156 0.339844 0.691406 0.347656 0.699219 0.347656 0.703125 0.355469 0.710938 0.355469 0.714844 0.371094 0.730469 0.414062 0.730469 0.417969 0.726562 0.417969 0.722656 0.421875 0.71875 0.421875 0.714844 0.417969 0.710938 0.417969 0.707031 0.414062 0.703125 0.414062 0.683594 0.417969 0.679688 0.417969 0.660156 0.410156 0.652344 0.410156 0.644531 0.40625 0.640625 0.40625 0.636719 0.402344 0.632812
0 0.0078125 0 0.00390625 0.00390625 0.00390625 0.015625 0 0.0195312 0 0.0703125 0.00390625 0.0703125 0.0078125 0.0742188 0.015625 0.0742188 0.0195312 0.0703125 0.0234375 0.0703125 0.0273438 0.0664062 0.0351562 0.0664062 0.0390625 0.0625 0.0429688 0.0625 0.0546875 0.0507812 0.0546875 0.0429688 0.0585938 0.0390625 0.0585938 0.0234375 0.0429688 0.0078125 0.0390625 0.0078125 0.0351562 0.00390625 0.03125 0.00390625 0.0273438 0
0 0.914062 0.519531 0.910156 0.523438 0.902344 0.523438 0.890625 0.535156 0.890625 0.539062 0.886719 0.542969 0.886719 0.546875 0.882812 0.550781 0.882812 0.566406 0.894531 0.578125 0.894531 0.582031 0.902344 0.589844 0.910156 0.589844 0.914062 0.59375 0.941406 0.59375 0.953125 0.582031 0.953125 0.566406 0.949219 0.5625 0.949219 0.558594 0.945312 0.554688 0.945312 0.539062 0.941406 0.535156 0.941406 0.527344 0.9375 0.523438 0.933594 0.523438 0.929688 0.519531
0 0.234375 0.375 0.21875 0.390625 0.21875 0.398438 0.222656 0.402344 0.222656 0.40625 0.234375 0.417969 0.25 0.417969 0.261719 0.40625 0.261719 0.394531 0.257812 0.390625 0.257812 0.386719 0.25 0.378906 0.246094 0.378906 0.242188 0.375
0 0 0.554688 0 0.613281 0.0078125 0.613281 0.0195312 0.601562 0.0195312 0.597656 0.015625 0.59375 0.015625 0.570312 0.0117188 0.566406 0.0117188 0.558594 0.0078125 0.554688
0 0.738281 0.539062 0.734375 0.542969 0.734375 0.546875 0.726562 0.554688 0.726562 0.5625 0.722656 0.566406 0.722656 0.578125 0.742188 0.597656 0.746094 0.597656 0.757812 0.609375 0.785156 0.609375 0.789062 0.605469 0.796875 0.605469 0.800781 0.601562 0.800781 0.589844 0.804688 0.585938 0.804688 0.570312 0.800781 0.566406 0.800781 0.5625 0.796875 0.558594 0.796875 0.554688 0.789062 0.546875 0.785156 0.546875 0.78125 0.542969 0.773438 0.542969 0.769531 0.539062
0 0.644531 0.722656 0.632812 0.734375 0.628906 0.734375 0.625 0.738281 0.621094 0.738281 0.617188 0.742188 0.613281 0.742188 0.605469 0.75 0.605469 0.753906 0.601562 0.757812 0.601562 0.761719 0.597656 0.765625 0.597656 0.773438 0.601562 0.777344 0.601562 0.785156 0.609375 0.792969 0.617188 0.792969 0.621094 0.796875 0.632812 0.796875 0.636719 0.800781 0.648438 0.800781 0.652344 0.796875 0.660156 0.796875 0.667969 0.789062 0.667969 0.785156 0.671875 0.78125 0.671875 0.777344 0.675781 0.773438 0.675781 0.765625 0.679688 0.761719 0.679688 0.757812 0.667969 0.746094 0.664062 0.746094 0.648438 0.730469 0.648438 0.722656
0 0 0.734375 0 0.792969 0.0078125 0.792969 0.0117188 0.789062 0.015625 0.789062 0.0234375 0.78125 0.0234375 0.773438 0.015625 0.765625 0.015625 0.757812 0.0078125 0.75 0.0078125 0.738281 0.00390625 0.734375
0 0.683594 0.371094 0.679688 0.375 0.675781 0.375 0.664062 0.386719 0.664062 0.414062 0.671875 0.421875 0.671875 0.425781 0.679688 0.433594 0.683594 0.433594 0.6875 0.4375 0.691406 0.4375 0.695312 0.433594 0.703125 0.433594 0.707031 0.429688 0.710938 0.429688 0.722656 0.417969 0.722656 0.414062 0.726562 0.410156 0.726562 0.382812 0.722656 0.378906 0.71875 0.378906 0.714844 0.375 0.710938 0.375 0.707031 0.371094 0.703125 0.371094 0.699219 0.375 0.695312 0.375 0.691406 0.371094
0 0.292969 0.78125 0.277344 0.796875 0.277344 0.820312 0.28125 0.824219 0.28125 0.832031 0.289062 0.839844 0.289062 0.84375 0.300781 0.855469 0.3125 0.855469 0.316406 0.859375 0.320312 0.859375 0.324219 0.855469 0.328125 0.855469 0.332031 0.851562 0.335938 0.851562 0.339844 0.847656 0.34375 0.847656 0.355469 0.835938 0.355469 0.832031 0.359375 0.828125 0.359375 0.8125 0.355469 0.808594 0.355469 0.804688 0.347656 0.796875 0.339844 0.796875 0.324219 0.78125
0 0.0820312 0.691406 0.078125 0.695312 0.0585938 0.695312 0.0546875 0.699219 0.0546875 0.71875 0.0507812 0.722656 0.0507812 0.757812 0.0546875 0.761719 0.0546875 0.765625 0.0625 0.773438 0.0664062 0.773438 0.078125 0.785156 0.0859375 0.785156 0.0898438 0.78125 0.0976562 0.78125 0.105469 0.773438 0.109375 0.773438 0.113281 0.769531 0.117188 0.769531 0.125 0.761719 0.125 0.753906 0.128906 0.75 0.128906 0.746094 0.132812 0.742188 0.132812 0.722656 0.128906 0.71875 0.128906 0.714844 0.125 0.710938 0.125 0.707031 0.121094 0.703125 0.117188 0.703125 0.109375 0.695312 0.105469 0.695312 0.101562 0.691406
0 0.738281 0.773438 0.734375 0.777344 0.730469 0.777344 0.710938 0.796875 0.710938 0.828125 0.714844 0.832031 0.71875 0.832031 0.726562 0.839844 0.734375 0.839844 0.738281 0.835938 0.753906 0.835938 0.765625 0.824219 0.769531 0.824219 0.773438 0.820312 0.773438 0.800781 0.769531 0.796875 0.769531 0.792969 0.765625 0.789062 0.765625 0.78125 0.761719 0.777344 0.757812 0.777344 0.753906 0.773438
0 0.234375 0.792969 0.230469 0.796875 0.230469 0.8125 0.222656 0.820312 0.214844 0.820312 0.210938 0.816406 0.203125 0.816406 0.191406 0.804688 0.183594 0.804688 0.183594 0.808594 0.1875 0.8125 0.1875 0.828125 0.183594 0.832031 0.183594 0.84375 0.1875 0.847656 0.1875 0.855469 0.195312 0.863281 0.199219 0.863281 0.207031 0.871094 0.214844 0.871094 0.21875 0.867188 0.226562 0.867188 0.230469 0.863281 0.234375 0.863281 0.246094 0.851562 0.246094 0.828125 0.242188 0.824219 0.242188 0.820312 0.238281 0.816406 0.238281 0.796875
0 0.480469 0.414062 0.476562 0.417969 0.464844 0.417969 0.460938 0.421875 0.457031 0.421875 0.453125 0.425781 0.453125 0.4375 0.449219 0.441406 0.449219 0.445312 0.445312 0.449219 0.445312 0.464844 0.449219 0.46875 0.453125 0.46875 0.457031 0.472656 0.464844 0.472656 0.476562 0.484375 0.484375 0.484375 0.488281 0.480469 0.5 0.480469 0.511719 0.46875 0.511719 0.464844 0.515625 0.460938 0.515625 0.4375 0.511719 0.433594 0.511719 0.429688 0.507812 0.425781 0.507812 0.421875 0.503906 0.417969 0.5 0.417969 0.496094 0.414062
0 0.710938 0.875 0.703125 0.882812 0.703125 0.886719 0.699219 0.890625 0.699219 0.894531 0.691406 0.902344 0.691406 0.910156 0.6875 0.914062 0.6875 0.921875 0.691406 0.925781 0.691406 0.929688 0.699219 0.9375 0.699219 0.941406 0.714844 0.957031 0.71875 0.957031 0.722656 0.960938 0.730469 0.960938 0.734375 0.957031 0.738281 0.957031 0.753906 0.941406 0.753906 0.9375 0.757812 0.933594 0.757812 0.929688 0.761719 0.925781 0.761719 0.902344 0.753906 0.894531 0.753906 0.890625 0.742188 0.878906 0.734375 0.878906 0.730469 0.875
0 0.898438 0.386719 0.894531 0.390625 0.882812 0.390625 0.875 0.398438 0.875 0.40625 0.871094 0.410156 0.871094 0.441406 0.875 0.445312 0.875 0.457031 0.878906 0.460938 0.910156 0.460938 0.914062 0.457031 0.917969 0.457031 0.933594 0.441406 0.933594 0.4375 0.9375 0.433594 0.9375 0.425781 0.933594 0.421875 0.933594 0.414062 0.925781 0.40625 0.925781 0.402344 0.917969 0.394531 0.914062 0.394531 0.90625 0.386719
0 0.828125 0.929688 0.824219 0.933594 0.800781 0.933594 0.796875 0.9375 0.796875 0.941406 0.785156 0.953125 0.785156 0.957031 0.78125 0.960938 0.78125 0.96875 0.785156 0.972656 0.785156 0.976562 0.789062 0.980469 0.789062 0.996094 0.859375 0.996094 0.863281 0.992188 0.863281 0.988281 0.867188 0.984375 0.867188 0.957031 0.863281 0.953125 0.863281 0.949219 0.847656 0.933594 0.84375 0.933594 0.839844 0.929688
0 0.542969 0.648438 0.539062 0.652344 0.535156 0.652344 0.523438 0.664062 0.523438 0.675781 0.519531 0.679688 0.519531 0.691406 0.523438 0.695312 0.523438 0.699219 0.539062 0.714844 0.542969 0.714844 0.546875 0.71875 0.570312 0.71875 0.574219 0.714844 0.578125 0.714844 0.582031 0.710938 0.582031 0.679688 0.578125 0.675781 0.578125 0.660156 0.570312 0.652344 0.566406 0.652344 0.5625 0.648438
0 0.117188 0.0117188 0.101562 0.0273438 0.101562 0.0546875 0.105469 0.0585938 0.105469 0.0625 0.109375 0.0664062 0.113281 0.0664062 0.125 0.078125 0.152344 0.078125 0.164062 0.0664062 0.164062 0.0625 0.167969 0.0585938 0.167969 0.0507812 0.171875 0.046875 0.171875 0.0273438 0.15625 0.0117188
0 0.433594 0.652344 0.421875 0.664062 0.421875 0.679688 0.417969 0.683594 0.417969 0.703125 0.421875 0.707031 0.421875 0.710938 0.425781 0.714844 0.425781 0.71875 0.421875 0.722656 0.421875 0.726562 0.425781 0.726562 0.429688 0.730469 0.4375 0.730469 0.441406 0.734375 0.457031 0.734375 0.460938 0.738281 0.476562 0.738281 0.480469 0.734375 0.484375 0.734375 0.488281 0.730469 0.488281 0.722656 0.492188 0.71875 0.492188 0.691406 0.488281 0.6875 0.488281 0.664062 0.484375 0.660156 0.46875 0.660156 0.464844 0.65625 0.453125 0.65625 0.449219 0.652344
0 0.917969 0.28125 0.890625 0.308594 0.890625 0.328125 0.902344 0.339844 0.90625 0.339844 0.910156 0.34375 0.914062 0.34375 0.917969 0.347656 0.921875 0.347656 0.925781 0.351562 0.941406 0.351562 0.945312 0.347656 0.949219 0.347656 0.964844 0.332031 0.964844 0.328125 0.96875 0.324219 0.96875 0.316406 0.953125 0.300781 0.953125 0.296875 0.941406 0.285156 0.9375 0.285156 0.933594 0.28125
0 0.847656 0.175781 0.84375 0.179688 0.839844 0.179688 0.832031 0.1875 0.832031 0.21875 0.835938 0.222656 0.835938 0.226562 0.847656 0.238281 0.863281 0.238281 0.871094 0.246094 0.914062 0.246094 0.925781 0.234375 0.925781 0.210938 0.921875 0.207031 0.921875 0.199219 0.898438 0.175781
0 0.777344 0.648438 0.773438 0.652344 0.769531 0.652344 0.765625 0.65625 0.761719 0.65625 0.753906 0.664062 0.753906 0.667969 0.746094 0.675781 0.746094 0.695312 0.75 0.699219 0.75 0.707031 0.757812 0.714844 0.757812 0.71875 0.765625 0.726562 0.792969 0.726562 0.796875 0.722656 0.804688 0.722656 0.8125 0.730469 0.8125 0.78125 0.816406 0.785156 0.820312 0.785156 0.832031 0.796875 0.863281 0.796875 0.875 0.785156 0.878906 0.785156 0.890625 0.773438 0.890625 0.75 0.863281 0.722656 0.859375 0.722656 0.855469 0.71875 0.832031 0.71875 0.824219 0.710938 0.824219 0.679688 0.820312 0.675781 0.820312 0.664062 0.808594 0.652344 0.804688 0.652344 0.800781 0.648438
0 0.472656 0.773438 0.464844 0.78125 0.460938 0.78125 0.445312 0.796875 0.441406 0.796875 0.4375 0.800781 0.4375 0.8125 0.449219 0.824219 0.453125 0.824219 0.457031 0.828125 0.460938 0.828125 0.464844 0.832031 0.46875 0.832031 0.472656 0.835938 0.488281 0.835938 0.492188 0.832031 0.496094 0.832031 0.507812 0.820312 0.507812 0.816406 0.511719 0.8125 0.511719 0.808594 0.507812 0.804688 0.507812 0.800781 0.503906 0.796875 0.503906 0.78125 0.496094 0.773438
0 0.367188 0 0.375 0.0078125 0.394531 0.0078125 0.398438 0.00390625 0.402344 0.00390625 0.40625 0
0 0.195312 0.757812 0.191406 0.761719 0.1875 0.761719 0.183594 0.765625 0.179688 0.765625 0.175781 0.769531 0.175781 0.792969 0.183594 0.800781 0.191406 0.800781 0.203125 0.8125 0.210938 0.8125 0.214844 0.816406 0.222656 0.816406 0.226562 0.8125 0.226562 0.796875 0.234375 0.789062 0.234375 0.773438 0.222656 0.761719 0.207031 0.761719 0.203125 0.757812
0 0.679688 0.664062 0.671875 0.671875 0.667969 0.671875 0.660156 0.679688 0.65625 0.679688 0.652344 0.683594 0.652344 0.691406 0.648438 0.695312 0.648438 0.71875 0.652344 0.722656 0.652344 0.730469 0.664062 0.742188 0.667969 0.742188 0.679688 0.753906 0.691406 0.753906 0.695312 0.75 0.707031 0.75 0.722656 0.734375 0.722656 0.730469 0.726562 0.726562 0.726562 0.683594 0.722656 0.679688 0.71875 0.679688 0.703125 0.664062
0 0.625 0.953125 0.621094 0.957031 0.617188 0.957031 0.613281 0.960938 0.613281 0.964844 0.601562 0.976562 0.601562 0.988281 0.605469 0.992188 0.605469 0.996094 0.664062 0.996094 0.664062 0.984375 0.667969 0.980469 0.667969 0.976562 0.664062 0.972656 0.664062 0.96875 0.65625 0.960938 0.652344 0.960938 0.648438 0.957031 0.640625 0.957031 0.636719 0.953125
0 0.441406 0.0195312 0.429688 0.03125 0.429688 0.0390625 0.425781 0.0429688 0.425781 0.0585938 0.429688 0.0625 0.429688 0.0703125 0.433594 0.0742188 0.472656 0.0742188 0.476562 0.0703125 0.480469 0.0703125 0.492188 0.0585938 0.492188 0.046875 0.488281 0.0429688 0.488281 0.0351562 0.480469 0.0273438 0.476562 0.0273438 0.46875 0.0195312
0 0.769531 0.00390625 0.765625 0.0078125 0.757812 0.0078125 0.753906 0.0117188 0.753906 0.015625 0.746094 0.0234375 0.746094 0.0273438 0.742188 0.03125 0.742188 0.0351562 0.738281 0.0390625 0.738281 0.0546875 0.742188 0.0585938 0.742188 0.0625 0.746094 0.0664062 0.746094 0.0703125 0.753906 0.078125 0.757812 0.078125 0.761719 0.0820312 0.769531 0.0820312 0.773438 0.0859375 0.785156 0.0859375 0.789062 0.0820312 0.792969 0.0820312 0.796875 0.078125 0.800781 0.078125 0.808594 0.0703125 0.808594 0.0390625 0.804688 0.0351562 0.804688 0.03125 0.800781 0.0273438 0.800781 0.0234375 0.789062 0.0117188 0.785156 0.0117188 0.78125 0.0078125 0.777344 0.0078125 0.773438 0.00390625
0 0.917969 0.660156 0.898438 0.679688 0.898438 0.683594 0.894531 0.6875 0.894531 0.710938 0.90625 0.722656 0.90625 0.726562 0.910156 0.730469 0.917969 0.730469 0.925781 0.738281 0.929688 0.738281 0.933594 0.742188 0.9375 0.742188 0.941406 0.746094 0.976562 0.746094 0.984375 0.738281 0.984375 0.734375 0.992188 0.726562 0.992188 0.695312 0.96875 0.671875 0.964844 0.671875 0.960938 0.667969 0.953125 0.667969 0.949219 0.664062 0.945312 0.664062 0.941406 0.660156
0 0.28125 0.988281 0.277344 0.992188 0.277344 0.996094 0.3125 0.996094 0.3125 0.992188 0.308594 0.988281
0 0.980469 0.777344 0.976562 0.78125 0.96875 0.78125 0.957031 0.792969 0.957031 0.796875 0.949219 0.804688 0.949219 0.832031 0.964844 0.847656 0.96875 0.847656 0.972656 0.851562 0.992188 0.851562 0.996094 0.847656 0.996094 0.777344
0 0.273438 0.0351562 0.265625 0.0429688 0.265625 0.046875 0.261719 0.0507812 0.261719 0.078125 0.257812 0.0820312 0.257812 0.0898438 0.269531 0.101562 0.269531 0.105469 0.28125 0.117188 0.289062 0.117188 0.292969 0.113281 0.296875 0.113281 0.300781 0.109375 0.304688 0.109375 0.324219 0.0898438 0.324219 0.0859375 0.328125 0.0820312 0.328125 0.0546875 0.320312 0.046875 0.320312 0.0429688 0.316406 0.0390625 0.3125 0.0390625 0.308594 0.0351562
0 0.269531 0.683594 0.253906 0.699219 0.253906 0.703125 0.25 0.707031 0.25 0.730469 0.253906 0.734375 0.253906 0.738281 0.261719 0.746094 0.265625 0.746094 0.269531 0.75 0.273438 0.75 0.277344 0.753906 0.289062 0.753906 0.292969 0.757812 0.300781 0.757812 0.304688 0.753906 0.308594 0.753906 0.320312 0.742188 0.320312 0.726562 0.3125 0.71875 0.3125 0.710938 0.316406 0.707031 0.316406 0.703125 0.3125 0.699219 0.3125 0.695312 0.304688 0.6875 0.285156 0.6875 0.28125 0.683594
0 0.59375 0.46875 0.589844 0.472656 0.585938 0.472656 0.582031 0.476562 0.578125 0.476562 0.570312 0.484375 0.570312 0.515625 0.574219 0.519531 0.582031 0.519531 0.589844 0.527344 0.589844 0.53125 0.597656 0.539062 0.621094 0.539062 0.625 0.535156 0.628906 0.535156 0.640625 0.523438 0.640625 0.519531 0.644531 0.515625 0.644531 0.492188 0.640625 0.488281 0.640625 0.476562 0.632812 0.46875
0 0.574219 0.421875 0.566406 0.429688 0.566406 0.4375 0.554688 0.449219 0.554688 0.476562 0.5625 0.484375 0.566406 0.484375 0.578125 0.472656 0.582031 0.472656 0.585938 0.46875 0.589844 0.46875 0.59375 0.464844 0.632812 0.464844 0.632812 0.457031 0.628906 0.453125 0.628906 0.4375 0.613281 0.421875 0.609375 0.421875 0.605469 0.425781 0.59375 0.425781 0.589844 0.429688 0.585938 0.429688 0.578125 0.421875
0 0.652344 0.609375 0.648438 0.613281 0.648438 0.617188 0.644531 0.621094 0.644531 0.636719 0.640625 0.640625 0.640625 0.65625 0.644531 0.660156 0.644531 0.664062 0.648438 0.667969 0.652344 0.667969 0.660156 0.675781 0.667969 0.667969 0.671875 0.667969 0.679688 0.660156 0.699219 0.660156 0.707031 0.652344 0.707031 0.640625 0.703125 0.636719 0.703125 0.632812 0.699219 0.628906 0.699219 0.625 0.691406 0.617188 0.6875 0.617188 0.683594 0.613281 0.679688 0.613281 0.675781 0.609375
0 0.164062 0.917969 0.148438 0.933594 0.148438 0.9375 0.125 0.960938 0.121094 0.960938 0.109375 0.972656 0.109375 0.980469 0.105469 0.984375 0.105469 0.996094 0.226562 0.996094 0.226562 0.992188 0.222656 0.988281 0.222656 0.949219 0.21875 0.945312 0.21875 0.941406 0.210938 0.933594 0.210938 0.929688 0.203125 0.921875 0.195312 0.921875 0.191406 0.917969
0 0.582031 0.261719 0.570312 0.273438 0.566406 0.273438 0.5625 0.277344 0.5625 0.292969 0.558594 0.296875 0.558594 0.316406 0.5625 0.320312 0.5625 0.328125 0.574219 0.339844 0.578125 0.339844 0.582031 0.34375 0.585938 0.34375 0.589844 0.347656 0.625 0.347656 0.640625 0.332031 0.640625 0.300781 0.636719 0.296875 0.636719 0.292969 0.632812 0.289062 0.632812 0.285156 0.613281 0.265625 0.609375 0.265625 0.605469 0.261719
