0 0.65332 0.272461 0.652344 0.273438 0.650391 0.273438 0.649414 0.274414 0.647461 0.274414 0.645508 0.276367 0.645508 0.27832 0.644531 0.279297 0.644531 0.283203 0.645508 0.28418 0.645508 0.289062 0.650391 0.293945 0.652344 0.293945 0.65332 0.294922 0.666016 0.294922 0.666992 0.293945 0.668945 0.293945 0.669922 0.292969 0.669922 0.291992 0.671875 0.290039 0.671875 0.286133 0.669922 0.28418 0.669922 0.28125 0.667969 0.279297 0.667969 0.27832 0.666992 0.277344 0.666016 0.277344 0.665039 0.276367 0.664062 0.276367 0.663086 0.275391 0.662109 0.275391 0.660156 0.273438 0.658203 0.273438 0.657227 0.272461
0 0.308594 0.371094 0.305664 0.374023 0.304688 0.374023 0.303711 0.375 0.302734 0.375 0.298828 0.378906 0.297852 0.378906 0.296875 0.379883 0.296875 0.380859 0.292969 0.384766 0.291992 0.384766 0.290039 0.386719 0.290039 0.389648 0.291992 0.391602 0.301758 0.391602 0.302734 0.390625 0.304688 0.390625 0.306641 0.388672 0.306641 0.387695 0.30957 0.384766 0.30957 0.383789 0.310547 0.382812 0.310547 0.37207 0.30957 0.371094
0 0.779297 0.868164 0.775391 0.87207 0.775391 0.876953 0.774414 0.87793 0.774414 0.889648 0.776367 0.891602 0.776367 0.892578 0.77832 0.894531 0.77832 0.895508 0.782227 0.899414 0.78418 0.899414 0.786133 0.897461 0.786133 0.883789 0.785156 0.882812 0.785156 0.879883 0.78418 0.878906 0.78418 0.874023 0.783203 0.873047 0.783203 0.870117 0.78125 0.868164
0 0.873047 0.482422 0.866211 0.489258 0.866211 0.490234 0.865234 0.491211 0.865234 0.492188 0.864258 0.493164 0.864258 0.49707 0.866211 0.499023 0.876953 0.499023 0.87793 0.498047 0.883789 0.498047 0.885742 0.496094 0.885742 0.495117 0.886719 0.494141 0.886719 0.487305 0.885742 0.486328 0.884766 0.486328 0.882812 0.484375 0.879883 0.484375 0.878906 0.483398 0.876953 0.483398 0.875977 0.482422
0 0.217773 0.180664 0.216797 0.181641 0.216797 0.182617 0.214844 0.18457 0.214844 0.185547 0.21582 0.186523 0.21582 0.1875 0.21875 0.19043 0.223633 0.19043 0.224609 0.189453 0.225586 0.189453 0.228516 0.186523 0.228516 0.185547 0.227539 0.18457 0.227539 0.182617 0.225586 0.180664 0.222656 0.180664 0.22168 0.181641 0.219727 0.181641 0.21875 0.180664
0 0.542969 0.907227 0.541992 0.908203 0.541016 0.908203 0.540039 0.90918 0.532227 0.90918 0.53125 0.910156 0.530273 0.910156 0.526367 0.914062 0.526367 0.917969 0.525391 0.918945 0.525391 0.922852 0.526367 0.923828 0.526367 0.924805 0.527344 0.925781 0.527344 0.926758 0.529297 0.928711 0.530273 0.928711 0.53125 0.929688 0.532227 0.929688 0.533203 0.930664 0.541992 0.930664 0.545898 0.926758 0.545898 0.925781 0.546875 0.924805 0.546875 0.916016 0.544922 0.914062 0.544922 0.911133 0.545898 0.910156 0.545898 0.908203 0.544922 0.907227
0 0.0185547 0.244141 0.0175781 0.245117 0.0175781 0.24707 0.0166016 0.248047 0.0166016 0.25293 0.0175781 0.253906 0.0234375 0.253906 0.0253906 0.251953 0.0253906 0.246094 0.0234375 0.244141
0 0.517578 0.723633 0.516602 0.724609 0.515625 0.724609 0.511719 0.728516 0.511719 0.742188 0.514648 0.745117 0.515625 0.745117 0.516602 0.746094 0.517578 0.746094 0.518555 0.74707 0.519531 0.74707 0.520508 0.748047 0.52832 0.748047 0.529297 0.74707 0.530273 0.74707 0.533203 0.744141 0.533203 0.743164 0.53418 0.742188 0.53418 0.733398 0.533203 0.732422 0.533203 0.731445 0.53125 0.729492 0.53125 0.728516 0.52832 0.725586 0.527344 0.725586 0.526367 0.724609 0.525391 0.724609 0.524414 0.723633
0 0.557617 0.626953 0.556641 0.62793 0.554688 0.62793 0.552734 0.629883 0.552734 0.634766 0.553711 0.635742 0.553711 0.637695 0.55957 0.643555 0.561523 0.643555 0.5625 0.644531 0.563477 0.644531 0.56543 0.646484 0.567383 0.646484 0.568359 0.645508 0.570312 0.645508 0.574219 0.641602 0.574219 0.640625 0.575195 0.639648 0.575195 0.635742 0.574219 0.634766 0.574219 0.633789 0.569336 0.628906 0.568359 0.628906 0.566406 0.626953
0 0.543945 0.777344 0.542969 0.77832 0.542969 0.78418 0.543945 0.785156 0.545898 0.785156 0.547852 0.783203 0.547852 0.77832 0.546875 0.777344
0 0.521484 0.753906 0.516602 0.758789 0.516602 0.771484 0.517578 0.772461 0.517578 0.773438 0.518555 0.774414 0.518555 0.775391 0.521484 0.77832 0.523438 0.77832 0.524414 0.779297 0.52832 0.779297 0.529297 0.780273 0.530273 0.780273 0.53125 0.78125 0.532227 0.78125 0.532227 0.780273 0.536133 0.776367 0.536133 0.775391 0.537109 0.774414 0.537109 0.760742 0.53418 0.757812 0.533203 0.757812 0.532227 0.756836 0.52832 0.756836 0.526367 0.754883 0.525391 0.754883 0.524414 0.753906
0 0.703125 0.167969 0.701172 0.169922 0.701172 0.170898 0.700195 0.171875 0.700195 0.172852 0.699219 0.173828 0.699219 0.174805 0.698242 0.175781 0.698242 0.182617 0.699219 0.183594 0.699219 0.185547 0.704102 0.19043 0.712891 0.19043 0.716797 0.186523 0.716797 0.185547 0.717773 0.18457 0.717773 0.173828 0.716797 0.172852 0.716797 0.171875 0.714844 0.169922 0.713867 0.169922 0.712891 0.168945 0.711914 0.168945 0.710938 0.167969
0 0.267578 0.970703 0.266602 0.97168 0.262695 0.97168 0.259766 0.974609 0.259766 0.975586 0.257812 0.977539 0.257812 0.978516 0.256836 0.979492 0.256836 0.986328 0.257812 0.987305 0.257812 0.989258 0.261719 0.993164 0.265625 0.993164 0.266602 0.994141 0.267578 0.994141 0.270508 0.991211 0.273438 0.991211 0.277344 0.987305 0.277344 0.986328 0.27832 0.985352 0.27832 0.982422 0.279297 0.981445 0.279297 0.978516 0.27832 0.977539 0.27832 0.975586 0.277344 0.974609 0.277344 0.972656 0.276367 0.97168 0.274414 0.97168 0.273438 0.970703
0 0.772461 0.919922 0.769531 0.922852 0.769531 0.927734 0.770508 0.928711 0.773438 0.928711 0.774414 0.927734 0.775391 0.927734 0.776367 0.926758 0.776367 0.925781 0.777344 0.924805 0.777344 0.921875 0.775391 0.919922
0 0.316406 0.311523 0.31543 0.3125 0.313477 0.3125 0.3125 0.313477 0.30957 0.313477 0.307617 0.31543 0.307617 0.316406 0.306641 0.317383 0.306641 0.318359 0.305664 0.319336 0.305664 0.322266 0.306641 0.323242 0.306641 0.325195 0.307617 0.326172 0.307617 0.327148 0.308594 0.328125 0.308594 0.329102 0.310547 0.331055 0.3125 0.331055 0.313477 0.332031 0.31543 0.332031 0.316406 0.333008 0.321289 0.333008 0.322266 0.332031 0.325195 0.332031 0.326172 0.331055 0.327148 0.331055 0.330078 0.328125 0.330078 0.321289 0.324219 0.31543 0.324219 0.314453 0.321289 0.311523
0 0.500977 0.750977 0.5 0.751953 0.5 0.754883 0.500977 0.755859 0.50293 0.755859 0.503906 0.754883 0.503906 0.751953 0.50293 0.750977
0 0.8125 0.289062 0.810547 0.291016 0.810547 0.292969 0.808594 0.294922 0.805664 0.294922 0.803711 0.296875 0.803711 0.299805 0.805664 0.301758 0.806641 0.301758 0.807617 0.302734 0.808594 0.302734 0.80957 0.303711 0.810547 0.303711 0.811523 0.304688 0.817383 0.304688 0.820312 0.301758 0.820312 0.295898 0.819336 0.294922 0.819336 0.293945 0.81543 0.290039 0.814453 0.290039 0.813477 0.289062
0 0.794922 0.879883 0.791992 0.882812 0.791992 0.883789 0.790039 0.885742 0.790039 0.887695 0.789062 0.888672 0.789062 0.889648 0.788086 0.890625 0.788086 0.894531 0.789062 0.895508 0.790039 0.895508 0.800781 0.884766 0.800781 0.880859 0.799805 0.879883
0 0.675781 0.139648 0.673828 0.141602 0.672852 0.141602 0.671875 0.142578 0.671875 0.143555 0.670898 0.144531 0.670898 0.145508 0.669922 0.146484 0.669922 0.150391 0.670898 0.151367 0.670898 0.15332 0.669922 0.154297 0.669922 0.161133 0.670898 0.162109 0.670898 0.164062 0.674805 0.167969 0.675781 0.167969 0.676758 0.168945 0.681641 0.168945 0.6875 0.163086 0.6875 0.150391 0.686523 0.149414 0.686523 0.148438 0.685547 0.147461 0.685547 0.145508 0.679688 0.139648
0 0.901367 0.31543 0.900391 0.316406 0.899414 0.316406 0.897461 0.318359 0.896484 0.318359 0.894531 0.320312 0.894531 0.321289 0.893555 0.322266 0.893555 0.323242 0.892578 0.324219 0.892578 0.328125 0.899414 0.334961 0.911133 0.334961 0.912109 0.333984 0.914062 0.333984 0.916992 0.331055 0.916992 0.320312 0.913086 0.316406 0.912109 0.316406 0.911133 0.31543
0 0.792969 0.897461 0.791016 0.899414 0.791016 0.904297 0.791992 0.905273 0.792969 0.905273 0.795898 0.902344 0.795898 0.898438 0.794922 0.897461
0 0.493164 0.891602 0.492188 0.892578 0.490234 0.892578 0.489258 0.893555 0.488281 0.893555 0.487305 0.894531 0.484375 0.894531 0.482422 0.896484 0.481445 0.896484 0.480469 0.897461 0.480469 0.898438 0.479492 0.899414 0.479492 0.900391 0.480469 0.901367 0.480469 0.90332 0.483398 0.90625 0.484375 0.90625 0.486328 0.908203 0.488281 0.908203 0.489258 0.90918 0.499023 0.90918 0.5 0.908203 0.500977 0.908203 0.501953 0.907227 0.50293 0.907227 0.504883 0.905273 0.505859 0.905273 0.506836 0.904297 0.506836 0.90332 0.508789 0.901367 0.508789 0.900391 0.509766 0.899414 0.509766 0.895508 0.506836 0.892578 0.505859 0.892578 0.504883 0.891602
0 0.493164 0.75 0.491211 0.751953 0.491211 0.75293 0.490234 0.753906 0.490234 0.754883 0.495117 0.759766 0.499023 0.759766 0.5 0.758789 0.5 0.755859 0.499023 0.754883 0.499023 0.75293 0.498047 0.75293 0.496094 0.750977 0.495117 0.750977 0.494141 0.75
0 0.495117 0.993164 0.494141 0.994141 0.494141 0.999023 0.499023 0.999023 0.499023 0.994141 0.498047 0.993164
0 0.166016 0.675781 0.165039 0.676758 0.165039 0.681641 0.166992 0.683594 0.171875 0.683594 0.173828 0.681641 0.173828 0.677734 0.171875 0.675781
0 0.357422 0.696289 0.356445 0.697266 0.354492 0.697266 0.353516 0.698242 0.352539 0.698242 0.351562 0.699219 0.351562 0.701172 0.353516 0.703125 0.354492 0.703125 0.356445 0.705078 0.358398 0.705078 0.359375 0.706055 0.364258 0.706055 0.365234 0.707031 0.370117 0.707031 0.371094 0.708008 0.37207 0.708008 0.373047 0.707031 0.376953 0.707031 0.37793 0.706055 0.378906 0.706055 0.380859 0.704102 0.380859 0.699219 0.379883 0.698242 0.378906 0.698242 0.37793 0.697266 0.376953 0.697266 0.375977 0.696289
0 0.538086 0.772461 0.538086 0.774414 0.537109 0.775391 0.537109 0.776367 0.533203 0.780273 0.533203 0.78125 0.53418 0.782227 0.535156 0.782227 0.536133 0.783203 0.540039 0.783203 0.541992 0.78125 0.541992 0.773438 0.541016 0.772461
0 0.618164 0.351562 0.617188 0.352539 0.617188 0.358398 0.618164 0.359375 0.623047 0.359375 0.625 0.357422 0.625 0.352539 0.624023 0.351562
0 0.220703 0.253906 0.219727 0.254883 0.217773 0.254883 0.214844 0.257812 0.212891 0.257812 0.209961 0.260742 0.208984 0.260742 0.207031 0.262695 0.207031 0.266602 0.208008 0.267578 0.210938 0.267578 0.211914 0.268555 0.21582 0.268555 0.216797 0.269531 0.217773 0.269531 0.21875 0.270508 0.222656 0.270508 0.223633 0.271484 0.232422 0.271484 0.234375 0.269531 0.234375 0.262695 0.233398 0.261719 0.233398 0.260742 0.231445 0.258789 0.231445 0.257812 0.227539 0.253906
0 0.563477 0.0595703 0.5625 0.0605469 0.560547 0.0605469 0.55957 0.0615234 0.55957 0.0625 0.558594 0.0634766 0.558594 0.0722656 0.557617 0.0732422 0.557617 0.0761719 0.558594 0.0771484 0.55957 0.0771484 0.560547 0.078125 0.561523 0.078125 0.5625 0.0791016 0.563477 0.0791016 0.564453 0.0800781 0.573242 0.0800781 0.575195 0.078125 0.575195 0.0722656 0.574219 0.0712891 0.574219 0.0693359 0.573242 0.0683594 0.573242 0.0654297 0.572266 0.0644531 0.572266 0.0625 0.571289 0.0615234 0.571289 0.0605469 0.570312 0.0595703
0 0.472656 0.977539 0.47168 0.978516 0.466797 0.978516 0.462891 0.982422 0.462891 0.984375 0.461914 0.985352 0.461914 0.989258 0.46875 0.996094 0.469727 0.996094 0.47168 0.998047 0.47168 0.999023 0.479492 0.999023 0.481445 0.99707 0.483398 0.99707 0.485352 0.995117 0.486328 0.995117 0.488281 0.993164 0.488281 0.991211 0.487305 0.990234 0.487305 0.986328 0.484375 0.983398 0.483398 0.983398 0.481445 0.981445 0.480469 0.981445 0.478516 0.979492 0.478516 0.978516 0.477539 0.977539
0 0.695312 0.790039 0.694336 0.791016 0.694336 0.791992 0.693359 0.792969 0.693359 0.795898 0.695312 0.797852 0.699219 0.797852 0.700195 0.798828 0.702148 0.798828 0.704102 0.796875 0.704102 0.795898 0.705078 0.794922 0.705078 0.791992 0.704102 0.791016 0.700195 0.791016 0.699219 0.790039
0 0.885742 0.410156 0.883789 0.412109 0.881836 0.412109 0.880859 0.413086 0.876953 0.413086 0.875977 0.414062 0.875 0.414062 0.874023 0.415039 0.873047 0.415039 0.870117 0.417969 0.869141 0.417969 0.868164 0.418945 0.867188 0.418945 0.866211 0.419922 0.866211 0.421875 0.868164 0.423828 0.868164 0.427734 0.870117 0.429688 0.870117 0.430664 0.871094 0.431641 0.87207 0.431641 0.873047 0.432617 0.876953 0.432617 0.87793 0.431641 0.885742 0.431641 0.886719 0.430664 0.887695 0.430664 0.890625 0.427734 0.890625 0.426758 0.892578 0.424805 0.892578 0.419922 0.893555 0.418945 0.893555 0.416992 0.894531 0.416016 0.894531 0.415039 0.891602 0.412109 0.890625 0.412109 0.888672 0.410156
0 0.985352 0.291016 0.984375 0.291992 0.983398 0.291992 0.980469 0.294922 0.980469 0.296875 0.978516 0.298828 0.978516 0.307617 0.979492 0.308594 0.979492 0.310547 0.980469 0.311523 0.980469 0.3125 0.982422 0.314453 0.983398 0.314453 0.984375 0.31543 0.988281 0.31543 0.989258 0.314453 0.990234 0.314453 0.994141 0.310547 0.994141 0.30957 0.995117 0.308594 0.995117 0.307617 0.996094 0.306641 0.996094 0.304688 0.99707 0.303711 0.99707 0.301758 0.996094 0.300781 0.996094 0.296875 0.995117 0.295898 0.995117 0.294922 0.991211 0.291016
0 0.837891 0.342773 0.836914 0.34375 0.834961 0.34375 0.833984 0.344727 0.833008 0.344727 0.832031 0.345703 0.831055 0.345703 0.829102 0.347656 0.828125 0.347656 0.824219 0.351562 0.824219 0.352539 0.825195 0.353516 0.827148 0.353516 0.829102 0.355469 0.829102 0.356445 0.828125 0.357422 0.828125 0.358398 0.831055 0.361328 0.832031 0.361328 0.833984 0.363281 0.834961 0.363281 0.835938 0.364258 0.842773 0.364258 0.84375 0.363281 0.845703 0.363281 0.84668 0.362305 0.848633 0.362305 0.852539 0.358398 0.852539 0.350586 0.850586 0.348633 0.850586 0.347656 0.847656 0.344727 0.84668 0.344727 0.844727 0.342773
0 0.620117 0.0429688 0.619141 0.0439453 0.618164 0.0439453 0.617188 0.0449219 0.616211 0.0449219 0.614258 0.046875 0.614258 0.0478516 0.613281 0.0488281 0.613281 0.0517578 0.612305 0.0527344 0.612305 0.0546875 0.613281 0.0556641 0.613281 0.0566406 0.614258 0.0576172 0.617188 0.0576172 0.618164 0.0566406 0.619141 0.0566406 0.620117 0.0556641 0.623047 0.0556641 0.625977 0.0527344 0.625977 0.0517578 0.62793 0.0498047 0.62793 0.0478516 0.626953 0.046875 0.626953 0.0458984 0.625 0.0439453 0.624023 0.0439453 0.623047 0.0429688
0 0.898438 0.363281 0.893555 0.368164 0.893555 0.369141 0.892578 0.370117 0.892578 0.37207 0.891602 0.373047 0.891602 0.374023 0.890625 0.375 0.890625 0.381836 0.891602 0.382812 0.891602 0.384766 0.892578 0.385742 0.892578 0.386719 0.893555 0.387695 0.893555 0.388672 0.895508 0.390625 0.896484 0.390625 0.897461 0.391602 0.898438 0.391602 0.899414 0.392578 0.904297 0.392578 0.905273 0.391602 0.907227 0.391602 0.908203 0.390625 0.908203 0.389648 0.90918 0.388672 0.90918 0.387695 0.911133 0.385742 0.911133 0.384766 0.912109 0.383789 0.912109 0.375977 0.911133 0.375 0.911133 0.37207 0.90918 0.370117 0.90918 0.369141 0.907227 0.367188 0.90625 0.367188 0.90332 0.364258 0.902344 0.364258 0.901367 0.363281
0 0.495117 0.981445 0.494141 0.982422 0.494141 0.984375 0.495117 0.985352 0.495117 0.987305 0.496094 0.988281 0.496094 0.992188 0.498047 0.992188 0.499023 0.993164 0.5 0.992188 0.5 0.991211 0.501953 0.989258 0.501953 0.984375 0.500977 0.983398 0.500977 0.982422 0.5 0.981445
0 0.513672 0.995117 0.512695 0.996094 0.511719 0.996094 0.510742 0.99707 0.510742 0.999023 0.530273 0.999023 0.530273 0.998047 0.529297 0.99707 0.52832 0.99707 0.527344 0.996094 0.526367 0.996094 0.525391 0.995117
0 0.99707 0.185547 0.995117 0.1875 0.995117 0.188477 0.994141 0.189453 0.994141 0.19043 0.993164 0.191406 0.993164 0.193359 0.992188 0.194336 0.992188 0.203125 0.993164 0.204102 0.993164 0.207031 0.995117 0.208984 0.995117 0.210938 0.996094 0.211914 0.99707 0.211914 0.998047 0.212891 0.999023 0.212891 0.999023 0.185547
0 0.791016 0.283203 0.790039 0.28418 0.789062 0.28418 0.787109 0.286133 0.787109 0.291016 0.789062 0.292969 0.791016 0.292969 0.791992 0.293945 0.794922 0.293945 0.795898 0.292969 0.796875 0.292969 0.798828 0.291016 0.798828 0.286133 0.797852 0.285156 0.797852 0.28418 0.796875 0.283203
0 0.43457 0.342773 0.431641 0.345703 0.431641 0.34668 0.430664 0.347656 0.430664 0.364258 0.433594 0.367188 0.43457 0.367188 0.435547 0.366211 0.436523 0.366211 0.4375 0.365234 0.438477 0.365234 0.444336 0.359375 0.444336 0.358398 0.445312 0.357422 0.445312 0.356445 0.446289 0.355469 0.446289 0.34668 0.445312 0.345703 0.439453 0.345703 0.436523 0.342773
0 0.587891 0.536133 0.586914 0.537109 0.585938 0.537109 0.584961 0.538086 0.583984 0.538086 0.582031 0.540039 0.582031 0.541016 0.581055 0.541992 0.581055 0.542969 0.582031 0.543945 0.582031 0.545898 0.583984 0.547852 0.585938 0.547852 0.586914 0.548828 0.589844 0.548828 0.59082 0.547852 0.592773 0.547852 0.59375 0.546875 0.594727 0.546875 0.595703 0.545898 0.595703 0.543945 0.59668 0.542969 0.59668 0.541992 0.595703 0.541016 0.595703 0.539062 0.592773 0.536133
0 0.754883 0.390625 0.75293 0.392578 0.75293 0.393555 0.753906 0.394531 0.753906 0.396484 0.755859 0.398438 0.755859 0.400391 0.756836 0.401367 0.758789 0.401367 0.759766 0.402344 0.760742 0.402344 0.762695 0.400391 0.762695 0.396484 0.761719 0.395508 0.761719 0.394531 0.757812 0.390625
0 0.535156 0.938477 0.53418 0.939453 0.533203 0.939453 0.53125 0.941406 0.53125 0.947266 0.532227 0.948242 0.532227 0.949219 0.53418 0.951172 0.541016 0.951172 0.544922 0.947266 0.544922 0.941406 0.542969 0.939453 0.541016 0.939453 0.540039 0.938477
0 0.84668 0.432617 0.845703 0.433594 0.842773 0.433594 0.841797 0.43457 0.84082 0.43457 0.839844 0.435547 0.837891 0.435547 0.836914 0.436523 0.835938 0.436523 0.834961 0.4375 0.833984 0.4375 0.833008 0.438477 0.833008 0.439453 0.832031 0.44043 0.832031 0.441406 0.831055 0.442383 0.831055 0.443359 0.833008 0.445312 0.833984 0.445312 0.834961 0.446289 0.84082 0.446289 0.841797 0.447266 0.844727 0.447266 0.845703 0.448242 0.84668 0.448242 0.847656 0.447266 0.847656 0.446289 0.848633 0.445312 0.848633 0.444336 0.850586 0.442383 0.851562 0.442383 0.852539 0.441406 0.852539 0.44043 0.853516 0.439453 0.853516 0.438477 0.854492 0.4375 0.854492 0.43457 0.853516 0.433594 0.849609 0.433594 0.848633 0.432617
0 0.353516 0.776367 0.352539 0.777344 0.350586 0.777344 0.349609 0.77832 0.348633 0.77832 0.34668 0.780273 0.34668 0.78125 0.344727 0.783203 0.344727 0.785156 0.34668 0.787109 0.350586 0.787109 0.351562 0.786133 0.352539 0.786133 0.354492 0.78418 0.355469 0.78418 0.357422 0.782227 0.357422 0.777344 0.356445 0.776367
0 0.356445 0.706055 0.355469 0.707031 0.355469 0.709961 0.356445 0.710938 0.356445 0.713867 0.357422 0.714844 0.357422 0.71582 0.358398 0.716797 0.358398 0.717773 0.361328 0.720703 0.361328 0.72168 0.363281 0.723633 0.364258 0.723633 0.366211 0.725586 0.367188 0.725586 0.368164 0.726562 0.37207 0.726562 0.373047 0.725586 0.373047 0.724609 0.374023 0.723633 0.374023 0.722656 0.375 0.72168 0.375 0.719727 0.375977 0.71875 0.375977 0.71582 0.376953 0.714844 0.376953 0.708008 0.373047 0.708008 0.37207 0.708984 0.371094 0.708984 0.370117 0.708008 0.365234 0.708008 0.364258 0.707031 0.359375 0.707031 0.358398 0.706055
0 0.173828 0.672852 0.172852 0.673828 0.172852 0.675781 0.174805 0.677734 0.174805 0.679688 0.178711 0.679688 0.179688 0.678711 0.180664 0.678711 0.181641 0.677734 0.181641 0.673828 0.180664 0.672852
0 0.530273 0.749023 0.529297 0.75 0.52832 0.75 0.527344 0.750977 0.527344 0.754883 0.52832 0.755859 0.532227 0.755859 0.533203 0.756836 0.535156 0.756836 0.537109 0.754883 0.537109 0.75 0.536133 0.749023
0 0.0771484 0.598633 0.0761719 0.599609 0.0751953 0.599609 0.0742188 0.600586 0.0732422 0.600586 0.0683594 0.605469 0.0683594 0.606445 0.0673828 0.607422 0.0673828 0.609375 0.0664062 0.610352 0.0664062 0.617188 0.0693359 0.620117 0.078125 0.620117 0.0800781 0.618164 0.0810547 0.618164 0.0830078 0.616211 0.0830078 0.615234 0.0839844 0.614258 0.0839844 0.613281 0.0849609 0.612305 0.0849609 0.606445 0.0839844 0.605469 0.0839844 0.604492 0.0830078 0.603516 0.0830078 0.602539 0.0800781 0.599609 0.0791016 0.599609 0.078125 0.598633
0 0.206055 0.230469 0.205078 0.231445 0.203125 0.231445 0.202148 0.232422 0.201172 0.232422 0.198242 0.235352 0.198242 0.237305 0.196289 0.239258 0.196289 0.240234 0.195312 0.241211 0.195312 0.250977 0.196289 0.251953 0.196289 0.254883 0.197266 0.255859 0.200195 0.255859 0.201172 0.256836 0.206055 0.256836 0.208984 0.253906 0.208984 0.25293 0.212891 0.249023 0.212891 0.248047 0.21875 0.242188 0.21875 0.241211 0.217773 0.240234 0.217773 0.237305 0.216797 0.236328 0.216797 0.235352 0.213867 0.232422 0.212891 0.232422 0.211914 0.231445 0.210938 0.231445 0.209961 0.230469
0 0.626953 0.337891 0.625977 0.338867 0.625 0.338867 0.624023 0.339844 0.623047 0.339844 0.619141 0.34375 0.619141 0.344727 0.62207 0.347656 0.623047 0.347656 0.624023 0.348633 0.625 0.348633 0.625977 0.349609 0.626953 0.349609 0.62793 0.350586 0.629883 0.350586 0.630859 0.351562 0.631836 0.351562 0.632812 0.352539 0.633789 0.352539 0.634766 0.351562 0.635742 0.351562 0.636719 0.350586 0.637695 0.350586 0.638672 0.349609 0.639648 0.349609 0.640625 0.348633 0.640625 0.344727 0.634766 0.338867 0.633789 0.338867 0.632812 0.337891
0 0.581055 0.0771484 0.577148 0.0810547 0.577148 0.0878906 0.583008 0.09375 0.584961 0.09375 0.585938 0.0947266 0.586914 0.0947266 0.587891 0.0957031 0.592773 0.0957031 0.59668 0.0917969 0.59668 0.0859375 0.595703 0.0849609 0.595703 0.0839844 0.589844 0.078125 0.588867 0.078125 0.587891 0.0771484
0 0.219727 0.242188 0.213867 0.248047 0.213867 0.249023 0.209961 0.25293 0.209961 0.256836 0.210938 0.257812 0.211914 0.257812 0.212891 0.256836 0.214844 0.256836 0.217773 0.253906 0.219727 0.253906 0.220703 0.25293 0.227539 0.25293 0.232422 0.257812 0.232422 0.258789 0.233398 0.259766 0.235352 0.259766 0.236328 0.258789 0.236328 0.250977 0.235352 0.25 0.235352 0.249023 0.232422 0.246094 0.232422 0.245117 0.230469 0.243164 0.229492 0.243164 0.228516 0.242188
0 0.243164 0.400391 0.242188 0.401367 0.238281 0.401367 0.236328 0.40332 0.236328 0.404297 0.234375 0.40625 0.234375 0.412109 0.238281 0.416016 0.239258 0.416016 0.242188 0.418945 0.243164 0.418945 0.244141 0.419922 0.245117 0.419922 0.246094 0.420898 0.24707 0.420898 0.248047 0.421875 0.256836 0.421875 0.257812 0.420898 0.258789 0.420898 0.259766 0.419922 0.259766 0.416016 0.258789 0.415039 0.258789 0.414062 0.256836 0.412109 0.256836 0.405273 0.257812 0.404297 0.257812 0.402344 0.256836 0.401367 0.253906 0.401367 0.25293 0.400391
0 0.234375 0.657227 0.233398 0.658203 0.232422 0.658203 0.231445 0.65918 0.230469 0.65918 0.228516 0.661133 0.228516 0.662109 0.227539 0.663086 0.227539 0.666016 0.228516 0.666992 0.228516 0.669922 0.229492 0.670898 0.229492 0.671875 0.231445 0.673828 0.238281 0.673828 0.242188 0.669922 0.242188 0.667969 0.243164 0.666992 0.243164 0.662109 0.239258 0.658203 0.238281 0.658203 0.237305 0.657227
