0 0.304688 0.445312 0.296875 0.453125 0.296875 0.457031 0.292969 0.460938 0.292969 0.464844 0.296875 0.46875 0.296875 0.472656 0.300781 0.476562 0.300781 0.480469 0.304688 0.484375 0.308594 0.484375 0.3125 0.488281 0.320312 0.488281 0.324219 0.492188 0.34375 0.492188 0.347656 0.488281 0.351562 0.488281 0.359375 0.480469 0.359375 0.46875 0.355469 0.464844 0.355469 0.460938 0.347656 0.453125 0.34375 0.453125 0.339844 0.449219 0.335938 0.449219 0.332031 0.445312
0 0.65625 0.445312 0.652344 0.449219 0.640625 0.449219 0.632812 0.457031 0.632812 0.460938 0.625 0.46875 0.625 0.472656 0.648438 0.496094 0.652344 0.496094 0.65625 0.5 0.664062 0.5 0.667969 0.503906 0.675781 0.503906 0.679688 0.507812 0.683594 0.507812 0.6875 0.503906 0.695312 0.503906 0.699219 0.5 0.699219 0.488281 0.703125 0.484375 0.703125 0.480469 0.699219 0.476562 0.699219 0.472656 0.691406 0.464844 0.691406 0.460938 0.6875 0.457031 0.683594 0.457031 0.671875 0.445312
0 0.761719 0.980469 0.753906 0.988281 0.753906 0.996094 0.785156 0.996094 0.785156 0.992188 0.78125 0.988281 0.78125 0.984375 0.777344 0.980469
0 0.386719 0.566406 0.382812 0.570312 0.378906 0.570312 0.367188 0.582031 0.367188 0.589844 0.363281 0.59375 0.363281 0.597656 0.371094 0.605469 0.394531 0.605469 0.398438 0.601562 0.402344 0.601562 0.410156 0.59375 0.410156 0.578125 0.402344 0.570312 0.398438 0.570312 0.394531 0.566406
0 0.9375 0.332031 0.933594 0.335938 0.925781 0.335938 0.914062 0.347656 0.914062 0.359375 0.929688 0.375 0.933594 0.375 0.941406 0.382812 0.960938 0.382812 0.972656 0.371094 0.972656 0.351562 0.96875 0.347656 0.96875 0.34375 0.960938 0.335938 0.953125 0.335938 0.949219 0.332031
0 0.78125 0.113281 0.777344 0.117188 0.773438 0.117188 0.765625 0.125 0.765625 0.136719 0.769531 0.140625 0.769531 0.144531 0.773438 0.148438 0.773438 0.152344 0.777344 0.15625 0.78125 0.15625 0.785156 0.160156 0.796875 0.160156 0.804688 0.152344 0.804688 0.128906 0.800781 0.125 0.800781 0.121094 0.792969 0.113281
0 0.367188 0 0.367188 0.0078125 0.382812 0.0234375 0.390625 0.0234375 0.394531 0.0273438 0.417969 0.0273438 0.425781 0.0195312 0.425781 0
0 0.644531 0.128906 0.640625 0.132812 0.636719 0.132812 0.632812 0.136719 0.632812 0.152344 0.636719 0.15625 0.636719 0.160156 0.644531 0.167969 0.648438 0.167969 0.652344 0.171875 0.660156 0.171875 0.664062 0.167969 0.671875 0.167969 0.679688 0.160156 0.679688 0.140625 0.675781 0.136719 0.671875 0.136719 0.667969 0.132812 0.660156 0.132812 0.65625 0.128906
0 0.644531 0.230469 0.632812 0.242188 0.632812 0.253906 0.636719 0.257812 0.648438 0.257812 0.65625 0.265625 0.660156 0.265625 0.664062 0.269531 0.671875 0.269531 0.675781 0.265625 0.683594 0.265625 0.691406 0.257812 0.691406 0.238281 0.6875 0.234375 0.683594 0.234375 0.679688 0.230469
0 0.0585938 0.164062 0.0546875 0.167969 0.0507812 0.167969 0.03125 0.1875 0.03125 0.191406 0.0273438 0.195312 0.0273438 0.214844 0.03125 0.21875 0.03125 0.222656 0.0390625 0.230469 0.0742188 0.230469 0.078125 0.226562 0.0820312 0.226562 0.0898438 0.21875 0.0898438 0.214844 0.09375 0.210938 0.09375 0.207031 0.0976562 0.203125 0.0976562 0.179688 0.0820312 0.164062
0 0.449219 0.730469 0.445312 0.734375 0.441406 0.734375 0.429688 0.746094 0.429688 0.765625 0.433594 0.769531 0.433594 0.773438 0.441406 0.78125 0.441406 0.785156 0.457031 0.800781 0.464844 0.800781 0.46875 0.804688 0.476562 0.804688 0.480469 0.800781 0.484375 0.800781 0.488281 0.796875 0.488281 0.792969 0.496094 0.785156 0.496094 0.78125 0.5 0.777344 0.5 0.765625 0.496094 0.761719 0.496094 0.753906 0.476562 0.734375 0.46875 0.734375 0.464844 0.730469
