0 0.496094 0.355469 0.492188 0.359375 0.488281 0.359375 0.484375 0.363281 0.480469 0.363281 0.472656 0.371094 0.46875 0.371094 0.460938 0.378906 0.460938 0.382812 0.457031 0.386719 0.457031 0.410156 0.460938 0.414062 0.460938 0.425781 0.464844 0.429688 0.464844 0.433594 0.46875 0.4375 0.46875 0.441406 0.472656 0.445312 0.472656 0.449219 0.480469 0.457031 0.484375 0.457031 0.488281 0.460938 0.492188 0.460938 0.496094 0.464844 0.511719 0.464844 0.515625 0.460938 0.523438 0.460938 0.527344 0.457031 0.53125 0.457031 0.550781 0.4375 0.550781 0.433594 0.558594 0.425781 0.558594 0.421875 0.5625 0.417969 0.5625 0.410156 0.566406 0.40625 0.566406 0.402344 0.570312 0.398438 0.570312 0.386719 0.566406 0.382812 0.554688 0.382812 0.546875 0.375 0.546875 0.371094 0.542969 0.367188 0.539062 0.367188 0.535156 0.363281 0.527344 0.363281 0.523438 0.359375 0.511719 0.359375 0.507812 0.355469
0 0.371094 0.0742188 0.367188 0.078125 0.367188 0.0859375 0.359375 0.09375 0.359375 0.0976562 0.339844 0.117188 0.339844 0.125 0.34375 0.128906 0.34375 0.132812 0.355469 0.144531 0.359375 0.144531 0.363281 0.148438 0.367188 0.148438 0.371094 0.152344 0.394531 0.152344 0.398438 0.148438 0.402344 0.148438 0.398438 0.144531 0.398438 0.136719 0.40625 0.128906 0.417969 0.128906 0.417969 0.125 0.421875 0.121094 0.421875 0.117188 0.417969 0.113281 0.417969 0.101562 0.414062 0.0976562 0.414062 0.09375 0.402344 0.0820312 0.398438 0.0820312 0.394531 0.078125 0.390625 0.078125 0.386719 0.0742188
0 0.210938 0.113281 0.207031 0.117188 0.203125 0.117188 0.203125 0.125 0.195312 0.132812 0.195312 0.148438 0.191406 0.152344 0.191406 0.15625 0.1875 0.160156 0.1875 0.226562 0.234375 0.226562 0.238281 0.230469 0.242188 0.230469 0.246094 0.234375 0.25 0.234375 0.25 0.199219 0.253906 0.195312 0.253906 0.191406 0.257812 0.1875 0.257812 0.179688 0.265625 0.171875 0.265625 0.164062 0.273438 0.15625 0.273438 0.152344 0.28125 0.144531 0.273438 0.136719 0.273438 0.132812 0.269531 0.128906 0.265625 0.128906 0.261719 0.125 0.253906 0.125 0.25 0.121094 0.242188 0.121094 0.238281 0.117188 0.21875 0.117188 0.214844 0.113281
0 0.523438 0 0.539062 0.015625 0.542969 0.015625 0.546875 0.0195312 0.550781 0.0195312 0.554688 0.0234375 0.589844 0.0234375 0.597656 0.015625 0.601562 0.015625 0.605469 0.0117188 0.605469 0 0.585938 0 0.582031 0.00390625 0.578125 0
0 0.5625 0.00390625 0.566406 0 0.578125 0 0.582031 0.00390625 0.578125 0.0078125 0.566406 0.0078125
0 0.273438 0 0.261719 0.0117188 0.261719 0.015625 0.253906 0.0234375 0.25 0.0234375 0.238281 0.0351562 0.234375 0.0351562 0.214844 0.0546875 0.214844 0.09375 0.230469 0.109375 0.234375 0.109375 0.242188 0.117188 0.25 0.117188 0.253906 0.121094 0.273438 0.121094 0.277344 0.125 0.320312 0.125 0.324219 0.121094 0.324219 0.117188 0.332031 0.109375 0.332031 0.105469 0.339844 0.0976562 0.34375 0.0976562 0.355469 0.0859375 0.355469 0.078125 0.359375 0.0742188 0.359375 0.046875 0.355469 0.0429688 0.355469 0.03125 0.347656 0.0234375 0.347656 0.015625 0.34375 0.0117188 0.339844 0.0117188 0.335938 0.0078125 0.324219 0.0078125 0.320312 0.00390625 0.316406 0.00390625 0.3125 0
0 0.464844 0.121094 0.460938 0.125 0.457031 0.125 0.445312 0.136719 0.445312 0.140625 0.441406 0.144531 0.441406 0.152344 0.445312 0.15625 0.445312 0.160156 0.457031 0.171875 0.460938 0.171875 0.464844 0.175781 0.46875 0.175781 0.484375 0.191406 0.496094 0.191406 0.5 0.1875 0.507812 0.1875 0.511719 0.183594 0.515625 0.183594 0.519531 0.179688 0.519531 0.175781 0.523438 0.171875 0.523438 0.148438 0.519531 0.144531 0.519531 0.140625 0.511719 0.132812 0.507812 0.132812 0.503906 0.128906 0.5 0.128906 0.496094 0.125 0.492188 0.125 0.488281 0.121094
0 0.203125 0.246094 0.199219 0.25 0.195312 0.25 0.179688 0.265625 0.175781 0.265625 0.167969 0.273438 0.167969 0.304688 0.1875 0.324219 0.191406 0.324219 0.203125 0.335938 0.207031 0.335938 0.214844 0.34375 0.222656 0.34375 0.226562 0.347656 0.242188 0.347656 0.246094 0.34375 0.246094 0.339844 0.253906 0.332031 0.253906 0.304688 0.246094 0.296875 0.246094 0.269531 0.238281 0.261719 0.238281 0.257812 0.234375 0.253906 0.230469 0.253906 0.226562 0.25 0.222656 0.25 0.21875 0.246094
0 0.878906 0.351562 0.875 0.355469 0.867188 0.355469 0.863281 0.359375 0.859375 0.359375 0.855469 0.363281 0.855469 0.367188 0.851562 0.371094 0.851562 0.398438 0.855469 0.402344 0.855469 0.40625 0.875 0.425781 0.878906 0.425781 0.882812 0.429688 0.910156 0.429688 0.914062 0.425781 0.917969 0.425781 0.917969 0.421875 0.921875 0.417969 0.921875 0.410156 0.925781 0.40625 0.925781 0.398438 0.921875 0.394531 0.921875 0.382812 0.917969 0.378906 0.917969 0.375 0.898438 0.355469 0.890625 0.355469 0.886719 0.351562
0 0.28125 0.285156 0.277344 0.289062 0.273438 0.289062 0.269531 0.292969 0.265625 0.292969 0.261719 0.296875 0.261719 0.308594 0.257812 0.3125 0.257812 0.332031 0.253906 0.335938 0.253906 0.359375 0.257812 0.363281 0.261719 0.363281 0.265625 0.367188 0.269531 0.367188 0.273438 0.371094 0.285156 0.371094 0.289062 0.375 0.292969 0.375 0.296875 0.378906 0.300781 0.378906 0.304688 0.382812 0.3125 0.382812 0.316406 0.378906 0.316406 0.359375 0.324219 0.351562 0.324219 0.347656 0.332031 0.339844 0.332031 0.332031 0.339844 0.324219 0.339844 0.308594 0.320312 0.289062 0.316406 0.289062 0.3125 0.285156
0 0.378906 0.21875 0.347656 0.25 0.347656 0.261719 0.355469 0.269531 0.355469 0.273438 0.367188 0.285156 0.371094 0.285156 0.375 0.289062 0.40625 0.289062 0.410156 0.285156 0.425781 0.285156 0.429688 0.28125 0.4375 0.28125 0.441406 0.277344 0.441406 0.273438 0.445312 0.269531 0.445312 0.265625 0.449219 0.261719 0.449219 0.238281 0.4375 0.226562 0.433594 0.226562 0.429688 0.222656 0.421875 0.222656 0.417969 0.21875
0 0.398438 0.152344 0.394531 0.15625 0.382812 0.15625 0.371094 0.167969 0.371094 0.171875 0.363281 0.179688 0.363281 0.207031 0.367188 0.210938 0.410156 0.210938 0.414062 0.214844 0.417969 0.214844 0.421875 0.21875 0.449219 0.21875 0.453125 0.222656 0.464844 0.222656 0.46875 0.21875 0.476562 0.21875 0.480469 0.214844 0.480469 0.191406 0.46875 0.179688 0.464844 0.179688 0.460938 0.175781 0.457031 0.175781 0.445312 0.164062 0.441406 0.164062 0.433594 0.15625 0.417969 0.15625 0.414062 0.152344
0 0.878906 0.148438 0.855469 0.171875 0.855469 0.199219 0.886719 0.230469 0.914062 0.230469 0.917969 0.226562 0.917969 0.222656 0.933594 0.207031 0.933594 0.171875 0.925781 0.164062 0.925781 0.160156 0.921875 0.15625 0.917969 0.15625 0.910156 0.148438
0 0.953125 0.195312 0.941406 0.207031 0.941406 0.214844 0.9375 0.21875 0.9375 0.226562 0.914062 0.25 0.914062 0.253906 0.910156 0.257812 0.910156 0.285156 0.914062 0.289062 0.933594 0.289062 0.941406 0.296875 0.953125 0.296875 0.957031 0.292969 0.957031 0.285156 0.953125 0.28125 0.960938 0.273438 0.964844 0.273438 0.972656 0.265625 0.972656 0.257812 0.976562 0.253906 0.976562 0.25 0.980469 0.246094 0.980469 0.214844 0.972656 0.207031 0.972656 0.199219 0.96875 0.195312
0 0.371094 0.214844 0.355469 0.230469 0.355469 0.234375 0.347656 0.242188 0.347656 0.246094 0.34375 0.25 0.378906 0.214844 0.410156 0.214844
0 0.492188 0.257812 0.488281 0.261719 0.484375 0.261719 0.480469 0.265625 0.476562 0.265625 0.472656 0.269531 0.46875 0.269531 0.464844 0.273438 0.464844 0.277344 0.460938 0.28125 0.460938 0.285156 0.457031 0.289062 0.457031 0.308594 0.460938 0.3125 0.460938 0.320312 0.464844 0.324219 0.464844 0.328125 0.46875 0.332031 0.46875 0.335938 0.472656 0.339844 0.476562 0.339844 0.484375 0.332031 0.519531 0.332031 0.523438 0.335938 0.53125 0.335938 0.535156 0.339844 0.546875 0.339844 0.550781 0.34375 0.554688 0.34375 0.558594 0.347656 0.566406 0.347656 0.566406 0.320312 0.570312 0.316406 0.570312 0.300781 0.566406 0.296875 0.566406 0.289062 0.5625 0.285156 0.5625 0.28125 0.542969 0.261719 0.535156 0.261719 0.53125 0.257812
0 0.101562 0.300781 0.0976562 0.304688 0.09375 0.304688 0.0820312 0.316406 0.0820312 0.320312 0.078125 0.324219 0.078125 0.347656 0.0820312 0.351562 0.0820312 0.355469 0.0859375 0.359375 0.0859375 0.363281 0.0976562 0.375 0.101562 0.375 0.105469 0.378906 0.140625 0.378906 0.144531 0.375 0.148438 0.375 0.15625 0.367188 0.15625 0.363281 0.160156 0.359375 0.160156 0.355469 0.164062 0.351562 0.164062 0.328125 0.160156 0.324219 0.160156 0.320312 0.15625 0.316406 0.15625 0.3125 0.148438 0.304688 0.113281 0.304688 0.109375 0.300781
0 0.105469 0.195312 0.0976562 0.203125 0.09375 0.203125 0.0859375 0.210938 0.0820312 0.210938 0.0820312 0.214844 0.078125 0.21875 0.078125 0.253906 0.0820312 0.257812 0.0820312 0.265625 0.0859375 0.269531 0.0859375 0.273438 0.09375 0.273438 0.0976562 0.277344 0.117188 0.277344 0.121094 0.28125 0.15625 0.28125 0.15625 0.261719 0.164062 0.253906 0.164062 0.242188 0.160156 0.238281 0.160156 0.226562 0.164062 0.222656 0.164062 0.207031 0.152344 0.195312
0 0.109375 0.0976562 0.105469 0.101562 0.09375 0.101562 0.0898438 0.105469 0.0859375 0.105469 0.0820312 0.109375 0.078125 0.109375 0.0742188 0.113281 0.0742188 0.121094 0.0664062 0.128906 0.0664062 0.171875 0.078125 0.183594 0.109375 0.183594 0.113281 0.1875 0.148438 0.1875 0.171875 0.164062 0.175781 0.164062 0.191406 0.148438 0.191406 0.132812 0.175781 0.117188 0.167969 0.117188 0.164062 0.113281 0.160156 0.113281 0.148438 0.101562 0.144531 0.101562 0.140625 0.0976562
0 0.0898438 0.152344 0.09375 0.148438 0.0976562 0.152344 0.09375 0.15625
0 0.0859375 0.148438 0.0898438 0.144531 0.09375 0.148438 0.0898438 0.152344
0 0.304688 0.148438 0.300781 0.152344 0.296875 0.152344 0.292969 0.15625 0.289062 0.15625 0.277344 0.167969 0.277344 0.179688 0.269531 0.1875 0.269531 0.234375 0.273438 0.238281 0.277344 0.238281 0.289062 0.25 0.296875 0.25 0.300781 0.246094 0.3125 0.246094 0.316406 0.242188 0.332031 0.242188 0.34375 0.230469 0.34375 0.226562 0.347656 0.222656 0.347656 0.1875 0.351562 0.183594 0.351562 0.175781 0.347656 0.171875 0.347656 0.164062 0.335938 0.152344 0.332031 0.152344 0.328125 0.148438
0 0.015625 0 0.0195312 0.00390625 0.0195312 0.015625 0.0234375 0.0195312 0.0234375 0.0664062 0.0273438 0.0664062 0.03125 0.0703125 0.0351562 0.0703125 0.0390625 0.0742188 0.0429688 0.0742188 0.046875 0.078125 0.046875 0.0820312 0.0507812 0.0859375 0.0507812 0.09375 0.0585938 0.101562 0.0898438 0.101562 0.09375 0.0976562 0.105469 0.0976562 0.101562 0.0976562 0.0976562 0.09375 0.101562 0.0898438 0.105469 0.0898438 0.113281 0.0820312 0.128906 0.0820312 0.144531 0.0976562 0.148438 0.0976562 0.152344 0.101562 0.15625 0.0976562 0.160156 0.0976562 0.164062 0.09375 0.164062 0.0898438 0.179688 0.0742188 0.175781 0.0703125 0.175781 0.0625 0.171875 0.0625 0.15625 0.046875 0.15625 0.0390625 0.164062 0.03125 0.167969 0.03125 0.152344 0.03125 0.144531 0.0234375 0.132812 0.0234375 0.128906 0.0195312 0.125 0.0195312 0.113281 0.0078125 0.109375 0.0078125 0.101562 0
0 0.980469 0.371094 0.96875 0.382812 0.960938 0.382812 0.949219 0.394531 0.949219 0.425781 0.976562 0.453125 0.996094 0.453125 0.996094 0.4375 0.992188 0.433594 0.996094 0.429688 0.996094 0.375 0.992188 0.375 0.988281 0.371094
0 0.984375 0.277344 0.984375 0.28125 0.976562 0.289062 0.972656 0.289062 0.960938 0.300781 0.957031 0.300781 0.957031 0.304688 0.953125 0.308594 0.953125 0.3125 0.949219 0.316406 0.949219 0.324219 0.945312 0.328125 0.945312 0.347656 0.960938 0.363281 0.972656 0.363281 0.992188 0.34375 0.996094 0.34375 0.996094 0.28125 0.988281 0.28125
0 0.164062 0 0.167969 0 0.175781 0.0078125 0.179688 0.0078125 0.195312 0.0234375 0.195312 0.0273438 0.199219 0.03125 0.203125 0.03125 0.207031 0.0351562 0.210938 0.03125 0.214844 0.03125 0.246094 0
