0 0.878125 0.867188 0.875 0.871094 0.875 0.878906 0.878125 0.882812 0.8875 0.882812 0.890625 0.878906 0.890625 0.871094 0.8875 0.867188
0 0.78125 0.457031 0.778125 0.460938 0.771875 0.460938 0.765625 0.46875 0.759375 0.46875 0.75625 0.472656 0.753125 0.472656 0.75 0.476562 0.740625 0.476562 0.7375 0.480469 0.7375 0.488281 0.734375 0.492188 0.734375 0.496094 0.73125 0.5 0.73125 0.511719 0.74375 0.527344 0.74375 0.539062 0.75625 0.554688 0.771875 0.554688 0.79375 0.527344 0.79375 0.523438 0.796875 0.519531 0.796875 0.515625 0.803125 0.507812 0.803125 0.484375 0.8 0.480469 0.8 0.476562 0.796875 0.472656 0.79375 0.472656 0.7875 0.464844 0.7875 0.460938 0.784375 0.457031
0 0.29375 0 0.29375 0.00390625 0.296875 0.0078125 0.296875 0.0234375 0.303125 0.03125 0.309375 0.03125 0.315625 0.0234375 0.321875 0.0234375 0.325 0.0195312 0.34375 0.0195312 0.35 0.0117188 0.35 0
0 0.596875 0.015625 0.59375 0.0195312 0.58125 0.0195312 0.578125 0.0234375 0.559375 0.0234375 0.55625 0.0273438 0.553125 0.0273438 0.55 0.03125 0.546875 0.03125 0.540625 0.0390625 0.540625 0.0546875 0.54375 0.0585938 0.54375 0.0664062 0.546875 0.0703125 0.546875 0.0742188 0.55625 0.0859375 0.5625 0.0859375 0.565625 0.0898438 0.571875 0.0898438 0.575 0.09375 0.578125 0.09375 0.58125 0.0976562 0.59375 0.0976562 0.596875 0.101562 0.6 0.101562 0.60625 0.109375 0.60625 0.113281 0.609375 0.117188 0.609375 0.121094 0.61875 0.132812 0.625 0.132812 0.628125 0.136719 0.640625 0.136719 0.64375 0.132812 0.65 0.132812 0.671875 0.105469 0.671875 0.0664062 0.6625 0.0546875 0.646875 0.0546875 0.634375 0.0390625 0.63125 0.0390625 0.615625 0.0195312 0.60625 0.0195312 0.603125 0.015625
0 0.203125 0.210938 0.1875 0.230469 0.1875 0.238281 0.184375 0.242188 0.184375 0.265625 0.1875 0.269531 0.1875 0.277344 0.190625 0.28125 0.19375 0.28125 0.2 0.289062 0.2375 0.289062 0.24375 0.28125 0.24375 0.277344 0.25 0.269531 0.25 0.242188 0.246875 0.238281 0.246875 0.234375 0.234375 0.21875 0.23125 0.21875 0.228125 0.214844 0.225 0.214844 0.221875 0.210938
0 0.83125 0.339844 0.828125 0.34375 0.825 0.34375 0.815625 0.355469 0.8125 0.355469 0.79375 0.378906 0.79375 0.394531 0.803125 0.40625 0.803125 0.410156 0.8 0.414062 0.8 0.433594 0.809375 0.445312 0.840625 0.445312 0.84375 0.441406 0.84375 0.4375 0.853125 0.425781 0.853125 0.382812 0.85 0.378906 0.85 0.375 0.846875 0.371094 0.846875 0.367188 0.84375 0.363281 0.84375 0.359375 0.840625 0.355469 0.840625 0.34375 0.8375 0.339844
0 0.721875 0.140625 0.71875 0.144531 0.715625 0.144531 0.7125 0.148438 0.709375 0.148438 0.69375 0.167969 0.69375 0.171875 0.690625 0.175781 0.690625 0.179688 0.6875 0.183594 0.6875 0.1875 0.684375 0.191406 0.684375 0.203125 0.6875 0.207031 0.6875 0.210938 0.70625 0.234375 0.709375 0.234375 0.7125 0.238281 0.715625 0.238281 0.71875 0.242188 0.73125 0.242188 0.734375 0.246094 0.74375 0.246094 0.75 0.238281 0.75 0.226562 0.75625 0.21875 0.75625 0.214844 0.759375 0.210938 0.759375 0.207031 0.765625 0.199219 0.765625 0.183594 0.75625 0.171875 0.75625 0.167969 0.75 0.160156 0.75 0.15625 0.746875 0.152344 0.746875 0.144531 0.74375 0.140625
0 0.184375 0.015625 0.178125 0.0234375 0.178125 0.0390625 0.184375 0.046875 0.184375 0.0703125 0.18125 0.0742188 0.18125 0.105469 0.190625 0.117188 0.19375 0.117188 0.196875 0.113281 0.2 0.113281 0.203125 0.109375 0.225 0.109375 0.228125 0.113281 0.234375 0.113281 0.240625 0.105469 0.240625 0.046875 0.2375 0.0429688 0.2375 0.0390625 0.23125 0.03125 0.228125 0.03125 0.221875 0.0234375 0.2125 0.0234375 0.20625 0.015625
0 0.36875 0.0742188 0.35625 0.0898438 0.35625 0.101562 0.353125 0.105469 0.353125 0.109375 0.35 0.113281 0.35 0.121094 0.353125 0.125 0.353125 0.128906 0.3625 0.140625 0.365625 0.140625 0.36875 0.144531 0.375 0.144531 0.38125 0.152344 0.39375 0.152344 0.4 0.144531 0.403125 0.144531 0.40625 0.140625 0.40625 0.136719 0.409375 0.132812 0.409375 0.09375 0.40625 0.0898438 0.403125 0.0898438 0.4 0.0859375 0.396875 0.0859375 0.3875 0.0742188 0.384375 0.0742188 0.38125 0.078125 0.375 0.078125 0.371875 0.0742188
0 0.84375 0.878906 0.834375 0.890625 0.83125 0.890625 0.828125 0.894531 0.828125 0.902344 0.825 0.90625 0.825 0.914062 0.828125 0.917969 0.828125 0.949219 0.825 0.953125 0.825 0.957031 0.828125 0.960938 0.828125 0.972656 0.834375 0.980469 0.834375 0.992188 0.8375 0.996094 0.8875 0.996094 0.8875 0.992188 0.890625 0.988281 0.890625 0.980469 0.89375 0.976562 0.89375 0.960938 0.896875 0.957031 0.896875 0.945312 0.89375 0.941406 0.89375 0.933594 0.890625 0.929688 0.890625 0.921875 0.88125 0.910156 0.88125 0.902344 0.878125 0.898438 0.878125 0.894531 0.875 0.890625 0.871875 0.890625 0.86875 0.886719 0.8625 0.886719 0.85625 0.878906
0 0.4125 0.335938 0.409375 0.339844 0.403125 0.339844 0.4 0.34375 0.396875 0.34375 0.39375 0.347656 0.365625 0.347656 0.3625 0.351562 0.353125 0.351562 0.35 0.355469 0.35 0.363281 0.34375 0.371094 0.34375 0.375 0.340625 0.378906 0.340625 0.40625 0.34375 0.410156 0.34375 0.414062 0.346875 0.417969 0.346875 0.441406 0.35 0.445312 0.35 0.449219 0.353125 0.453125 0.35625 0.453125 0.3625 0.460938 0.371875 0.460938 0.378125 0.453125 0.390625 0.453125 0.39375 0.449219 0.4 0.449219 0.403125 0.445312 0.40625 0.445312 0.409375 0.441406 0.415625 0.441406 0.41875 0.4375 0.425 0.4375 0.428125 0.433594 0.43125 0.433594 0.434375 0.429688 0.4375 0.429688 0.440625 0.425781 0.45625 0.425781 0.4625 0.417969 0.471875 0.417969 0.48125 0.40625 0.48125 0.386719 0.478125 0.382812 0.478125 0.375 0.46875 0.363281 0.465625 0.363281 0.459375 0.355469 0.45625 0.355469 0.45 0.347656 0.4375 0.347656 0.434375 0.34375 0.425 0.34375 0.41875 0.335938
0 0.028125 0 0.025 0.00390625 0.025 0.0078125 0.021875 0.0117188 0.021875 0.0234375 0.025 0.0273438 0.025 0.0351562 0.03125 0.0429688 0.03125 0.046875 0.0375 0.0546875 0.040625 0.0546875 0.04375 0.0585938 0.05 0.0585938 0.053125 0.0625 0.06875 0.0625 0.08125 0.046875 0.08125 0.0429688 0.090625 0.03125 0.090625 0.0234375 0.09375 0.0195312 0.09375 0.0078125 0.096875 0.00390625 0.096875 0
0 0.996875 0.347656 0.990625 0.355469 0.9875 0.355469 0.984375 0.359375 0.98125 0.359375 0.978125 0.363281 0.975 0.363281 0.971875 0.367188 0.96875 0.367188 0.965625 0.371094 0.965625 0.394531 0.975 0.40625 0.975 0.410156 0.978125 0.414062 0.978125 0.417969 0.98125 0.421875 0.98125 0.425781 0.9875 0.433594 0.990625 0.433594 0.99375 0.4375 0.996875 0.4375
0 0.421875 0.171875 0.415625 0.179688 0.415625 0.210938 0.41875 0.214844 0.421875 0.214844 0.425 0.21875 0.43125 0.21875 0.4375 0.226562 0.44375 0.226562 0.446875 0.222656 0.45 0.222656 0.453125 0.226562 0.465625 0.226562 0.46875 0.222656 0.478125 0.222656 0.48125 0.21875 0.48125 0.214844 0.484375 0.210938 0.484375 0.199219 0.48125 0.195312 0.48125 0.1875 0.478125 0.1875 0.475 0.183594 0.465625 0.183594 0.45625 0.171875
0 0.753125 0.28125 0.746875 0.289062 0.74375 0.289062 0.740625 0.292969 0.740625 0.300781 0.728125 0.316406 0.728125 0.320312 0.725 0.324219 0.725 0.335938 0.721875 0.339844 0.721875 0.34375 0.725 0.347656 0.725 0.375 0.728125 0.378906 0.728125 0.382812 0.740625 0.398438 0.7625 0.398438 0.765625 0.394531 0.778125 0.394531 0.8125 0.351562 0.809375 0.347656 0.809375 0.34375 0.80625 0.339844 0.80625 0.335938 0.803125 0.332031 0.790625 0.332031 0.784375 0.339844 0.78125 0.339844 0.771875 0.328125 0.771875 0.324219 0.775 0.320312 0.775 0.292969 0.765625 0.28125
0 0.89375 0.164062 0.86875 0.195312 0.86875 0.199219 0.865625 0.203125 0.865625 0.207031 0.859375 0.214844 0.859375 0.230469 0.8625 0.234375 0.86875 0.234375 0.8875 0.210938 0.890625 0.210938 0.896875 0.203125 0.896875 0.199219 0.9 0.195312 0.9 0.179688 0.903125 0.175781 0.903125 0.164062
0 0.140625 0 0.140625 0.00390625 0.14375 0.0078125 0.14375 0.0117188 0.146875 0.015625 0.16875 0.015625 0.178125 0.00390625 0.178125 0
0 0.29375 0.101562 0.290625 0.105469 0.2875 0.105469 0.284375 0.109375 0.28125 0.109375 0.278125 0.113281 0.275 0.113281 0.26875 0.121094 0.2625 0.121094 0.259375 0.125 0.259375 0.171875 0.2625 0.175781 0.2625 0.183594 0.278125 0.203125 0.28125 0.203125 0.284375 0.207031 0.29375 0.207031 0.296875 0.210938 0.309375 0.210938 0.3125 0.207031 0.31875 0.207031 0.334375 0.1875 0.334375 0.179688 0.3375 0.175781 0.3375 0.125 0.334375 0.121094 0.33125 0.121094 0.325 0.113281 0.325 0.109375 0.321875 0.105469 0.315625 0.105469 0.3125 0.101562
0 0.440625 0.121094 0.41875 0.148438 0.41875 0.164062 0.421875 0.167969 0.45625 0.167969 0.465625 0.179688 0.475 0.179688 0.478125 0.183594 0.484375 0.183594 0.4875 0.179688 0.4875 0.171875 0.49375 0.164062 0.49375 0.148438 0.490625 0.144531 0.490625 0.140625 0.478125 0.125 0.475 0.125 0.471875 0.121094
0 0.85625 0.457031 0.853125 0.460938 0.85 0.460938 0.846875 0.464844 0.846875 0.46875 0.840625 0.476562 0.821875 0.476562 0.81875 0.480469 0.815625 0.480469 0.8125 0.484375 0.809375 0.484375 0.80625 0.488281 0.80625 0.507812 0.8 0.515625 0.8 0.519531 0.796875 0.523438 0.796875 0.527344 0.790625 0.535156 0.79375 0.539062 0.803125 0.539062 0.80625 0.542969 0.809375 0.542969 0.8125 0.546875 0.825 0.546875 0.828125 0.542969 0.834375 0.542969 0.8375 0.539062 0.853125 0.539062 0.85625 0.535156 0.859375 0.535156 0.8625 0.53125 0.8625 0.527344 0.86875 0.519531 0.871875 0.519531 0.884375 0.503906 0.884375 0.5 0.875 0.488281 0.875 0.484375 0.86875 0.476562 0.86875 0.464844 0.8625 0.457031
0 0.86875 0.5625 0.8625 0.570312 0.859375 0.570312 0.85625 0.574219 0.853125 0.574219 0.85 0.578125 0.846875 0.578125 0.8375 0.589844 0.834375 0.589844 0.821875 0.605469 0.821875 0.625 0.81875 0.628906 0.81875 0.636719 0.821875 0.640625 0.821875 0.644531 0.81875 0.648438 0.81875 0.671875 0.815625 0.675781 0.815625 0.679688 0.8125 0.683594 0.8125 0.6875 0.821875 0.699219 0.81875 0.703125 0.81875 0.710938 0.825 0.71875 0.825 0.722656 0.828125 0.726562 0.83125 0.726562 0.8375 0.734375 0.8375 0.746094 0.840625 0.75 0.840625 0.753906 0.846875 0.761719 0.846875 0.765625 0.85 0.769531 0.85 0.792969 0.853125 0.796875 0.853125 0.800781 0.8625 0.8125 0.865625 0.8125 0.871875 0.820312 0.871875 0.84375 0.875 0.847656 0.875 0.851562 0.884375 0.863281 0.8875 0.863281 0.890625 0.867188 0.896875 0.867188 0.9 0.871094 0.915625 0.871094 0.91875 0.867188 0.921875 0.867188 0.925 0.863281 0.928125 0.863281 0.93125 0.859375 0.934375 0.859375 0.95625 0.832031 0.95625 0.828125 0.959375 0.824219 0.959375 0.820312 0.965625 0.8125 0.96875 0.8125 0.971875 0.808594 0.971875 0.804688 0.98125 0.792969 0.98125 0.789062 0.984375 0.785156 0.984375 0.78125 0.99375 0.769531 0.99375 0.761719 0.996875 0.757812 0.996875 0.671875 0.990625 0.664062 0.990625 0.660156 0.9875 0.65625 0.9875 0.648438 0.984375 0.644531 0.984375 0.640625 0.978125 0.632812 0.975 0.632812 0.96875 0.625 0.96875 0.617188 0.9625 0.609375 0.959375 0.609375 0.95625 0.605469 0.953125 0.605469 0.9375 0.585938 0.934375 0.585938 0.93125 0.582031 0.928125 0.582031 0.925 0.578125 0.91875 0.578125 0.90625 0.5625
0 0.003125 0.203125 0 0.207031 0 0.371094 0.003125 0.371094 0.00625 0.375 0.065625 0.375 0.06875 0.371094 0.071875 0.371094 0.078125 0.363281 0.08125 0.363281 0.084375 0.359375 0.084375 0.355469 0.09375 0.34375 0.09375 0.339844 0.1 0.332031 0.1 0.308594 0.103125 0.304688 0.103125 0.300781 0.10625 0.296875 0.10625 0.289062 0.103125 0.285156 0.1 0.285156 0.09375 0.277344 0.090625 0.277344 0.08125 0.265625 0.08125 0.257812 0.075 0.25 0.059375 0.25 0.053125 0.242188 0.040625 0.242188 0.0375 0.238281 0.03125 0.238281 0.015625 0.21875 0.015625 0.214844 0.0125 0.210938 0.0125 0.207031 0.009375 0.203125
0 0.290625 0.503906 0.2875 0.507812 0.2875 0.523438 0.290625 0.527344 0.29375 0.527344 0.3 0.519531 0.3 0.507812 0.296875 0.503906
0 0.784375 0.015625 0.78125 0.0195312 0.775 0.0195312 0.771875 0.0234375 0.771875 0.0273438 0.784375 0.0429688 0.796875 0.0429688 0.803125 0.0351562 0.803125 0.03125 0.80625 0.0273438 0.80625 0.0195312 0.803125 0.015625
0 0.575 0.546875 0.56875 0.554688 0.56875 0.558594 0.565625 0.5625 0.565625 0.566406 0.5625 0.570312 0.5625 0.59375 0.565625 0.597656 0.565625 0.601562 0.575 0.613281 0.575 0.617188 0.578125 0.621094 0.578125 0.625 0.584375 0.632812 0.5875 0.632812 0.59375 0.640625 0.60625 0.640625 0.609375 0.644531 0.628125 0.644531 0.63125 0.640625 0.63125 0.628906 0.6375 0.621094 0.6375 0.605469 0.61875 0.582031 0.61875 0.574219 0.615625 0.570312 0.615625 0.566406 0.6 0.546875
0 0.80625 0.0703125 0.803125 0.0742188 0.8 0.0742188 0.790625 0.0859375 0.7875 0.0859375 0.784375 0.0898438 0.784375 0.0976562 0.78125 0.101562 0.78125 0.140625 0.7875 0.148438 0.7875 0.171875 0.784375 0.175781 0.784375 0.1875 0.7875 0.191406 0.7875 0.195312 0.796875 0.207031 0.8 0.207031 0.803125 0.210938 0.809375 0.210938 0.8125 0.214844 0.821875 0.214844 0.828125 0.207031 0.828125 0.195312 0.834375 0.1875 0.834375 0.171875 0.8375 0.167969 0.8375 0.164062 0.84375 0.15625 0.84375 0.152344 0.85625 0.136719 0.85625 0.121094 0.859375 0.117188 0.859375 0.113281 0.865625 0.105469 0.865625 0.101562 0.86875 0.0976562 0.86875 0.0859375 0.865625 0.0820312 0.8625 0.0820312 0.859375 0.078125 0.846875 0.078125 0.84375 0.0742188 0.821875 0.0742188 0.81875 0.0703125
0 0.29375 0.289062 0.284375 0.300781 0.284375 0.3125 0.28125 0.316406 0.28125 0.324219 0.284375 0.328125 0.290625 0.328125 0.29375 0.332031 0.296875 0.332031 0.3 0.328125 0.3 0.324219 0.303125 0.320312 0.303125 0.304688 0.30625 0.300781 0.30625 0.292969 0.303125 0.289062
0 0.609375 0.347656 0.60625 0.351562 0.6 0.351562 0.596875 0.355469 0.596875 0.359375 0.5875 0.371094 0.584375 0.371094 0.578125 0.378906 0.575 0.378906 0.56875 0.386719 0.565625 0.386719 0.55625 0.398438 0.55625 0.410156 0.553125 0.414062 0.553125 0.4375 0.5625 0.449219 0.575 0.449219 0.578125 0.453125 0.584375 0.453125 0.590625 0.460938 0.590625 0.472656 0.59375 0.476562 0.596875 0.476562 0.6 0.480469 0.61875 0.480469 0.621875 0.476562 0.625 0.476562 0.63125 0.46875 0.63125 0.460938 0.634375 0.457031 0.634375 0.4375 0.63125 0.433594 0.63125 0.421875 0.646875 0.402344 0.646875 0.394531 0.65 0.390625 0.65 0.382812 0.646875 0.378906 0.646875 0.371094 0.634375 0.355469 0.63125 0.355469 0.625 0.347656
0 0.9125 0.261719 0.909375 0.265625 0.90625 0.265625 0.903125 0.269531 0.896875 0.269531 0.8875 0.28125 0.884375 0.28125 0.88125 0.285156 0.88125 0.292969 0.878125 0.296875 0.878125 0.335938 0.884375 0.34375 0.890625 0.34375 0.89375 0.347656 0.9 0.347656 0.903125 0.351562 0.9125 0.351562 0.915625 0.347656 0.91875 0.347656 0.925 0.339844 0.928125 0.339844 0.934375 0.332031 0.9375 0.332031 0.95 0.316406 0.95 0.277344 0.940625 0.265625 0.91875 0.265625 0.915625 0.261719
