0 0.707031 0.277344 0.703125 0.28125 0.683594 0.28125 0.679688 0.285156 0.675781 0.285156 0.671875 0.289062 0.671875 0.304688 0.675781 0.308594 0.675781 0.3125 0.679688 0.316406 0.683594 0.316406 0.691406 0.324219 0.722656 0.324219 0.730469 0.316406 0.734375 0.316406 0.742188 0.308594 0.742188 0.304688 0.746094 0.300781 0.742188 0.296875 0.742188 0.289062 0.734375 0.28125 0.722656 0.28125 0.71875 0.277344
0 0.347656 0.988281 0.339844 0.996094 0.382812 0.996094 0.378906 0.996094 0.375 0.992188 0.367188 0.992188 0.363281 0.988281
0 0.453125 0.429688 0.4375 0.445312 0.4375 0.457031 0.449219 0.46875 0.457031 0.46875 0.460938 0.472656 0.472656 0.472656 0.476562 0.46875 0.488281 0.46875 0.496094 0.460938 0.496094 0.457031 0.5 0.453125 0.5 0.445312 0.488281 0.433594 0.480469 0.433594 0.476562 0.429688
0 0.515625 0.761719 0.511719 0.765625 0.507812 0.765625 0.5 0.773438 0.5 0.789062 0.511719 0.800781 0.539062 0.800781 0.542969 0.796875 0.546875 0.796875 0.554688 0.789062 0.554688 0.785156 0.558594 0.78125 0.558594 0.777344 0.554688 0.773438 0.554688 0.769531 0.546875 0.761719
0 0.46875 0.0507812 0.464844 0.0546875 0.464844 0.0703125 0.46875 0.0742188 0.484375 0.0742188 0.484375 0.0507812
0 0.273438 0.320312 0.269531 0.324219 0.265625 0.324219 0.261719 0.328125 0.261719 0.339844 0.269531 0.347656 0.296875 0.347656 0.300781 0.34375 0.300781 0.332031 0.292969 0.324219 0.285156 0.324219 0.28125 0.320312
0 0.171875 0.792969 0.167969 0.796875 0.167969 0.820312 0.171875 0.824219 0.191406 0.824219 0.195312 0.820312 0.195312 0.796875 0.191406 0.796875 0.1875 0.792969
0 0.121094 0.636719 0.117188 0.640625 0.109375 0.640625 0.105469 0.644531 0.101562 0.644531 0.0898438 0.65625 0.0898438 0.660156 0.0820312 0.667969 0.0820312 0.6875 0.0898438 0.6875 0.09375 0.691406 0.117188 0.691406 0.121094 0.6875 0.136719 0.6875 0.148438 0.675781 0.148438 0.671875 0.15625 0.664062 0.15625 0.648438 0.152344 0.644531 0.148438 0.644531 0.144531 0.640625 0.128906 0.640625 0.125 0.636719
0 0.46875 0.914062 0.464844 0.917969 0.460938 0.917969 0.453125 0.925781 0.453125 0.929688 0.449219 0.933594 0.449219 0.953125 0.457031 0.953125 0.460938 0.957031 0.496094 0.957031 0.5 0.953125 0.507812 0.953125 0.511719 0.949219 0.511719 0.945312 0.515625 0.941406 0.515625 0.933594 0.511719 0.929688 0.511719 0.925781 0.503906 0.917969 0.496094 0.917969 0.492188 0.914062
0 0.0976562 0.28125 0.09375 0.285156 0.09375 0.289062 0.0898438 0.292969 0.0898438 0.308594 0.0976562 0.316406 0.101562 0.316406 0.105469 0.320312 0.109375 0.320312 0.113281 0.324219 0.125 0.324219 0.128906 0.320312 0.132812 0.320312 0.136719 0.316406 0.136719 0.296875 0.132812 0.292969 0.128906 0.292969 0.125 0.289062 0.121094 0.289062 0.117188 0.285156 0.113281 0.285156 0.109375 0.28125
0 0.246094 0.527344 0.242188 0.53125 0.238281 0.53125 0.234375 0.535156 0.234375 0.539062 0.230469 0.542969 0.230469 0.550781 0.242188 0.5625 0.277344 0.5625 0.28125 0.558594 0.285156 0.558594 0.285156 0.554688 0.289062 0.550781 0.289062 0.539062 0.28125 0.53125 0.277344 0.53125 0.273438 0.527344
