0 0.015625 0.328125 0.0078125 0.335938 0.0078125 0.339844 0.00390625 0.34375 0.00390625 0.347656 0 0.351562 0 0.367188 0.00390625 0.367188 0.0078125 0.363281 0.015625 0.363281 0.0195312 0.359375 0.0234375 0.359375 0.0273438 0.355469 0.0273438 0.332031 0.0234375 0.328125
0 0.917969 0.628906 0.910156 0.636719 0.910156 0.65625 0.929688 0.675781 0.933594 0.675781 0.9375 0.679688 0.949219 0.679688 0.953125 0.675781 0.953125 0.65625 0.949219 0.652344 0.949219 0.648438 0.941406 0.640625 0.941406 0.636719 0.9375 0.632812 0.933594 0.632812 0.929688 0.628906
0 0.0585938 0.265625 0.0546875 0.269531 0.0507812 0.269531 0.046875 0.273438 0.046875 0.277344 0.0429688 0.28125 0.0429688 0.296875 0.0546875 0.308594 0.078125 0.308594 0.0859375 0.300781 0.0859375 0.277344 0.0742188 0.265625
0 0.347656 0.191406 0.34375 0.195312 0.328125 0.195312 0.320312 0.203125 0.320312 0.207031 0.316406 0.210938 0.316406 0.214844 0.308594 0.222656 0.308594 0.238281 0.3125 0.242188 0.3125 0.246094 0.316406 0.25 0.316406 0.253906 0.324219 0.261719 0.328125 0.261719 0.332031 0.265625 0.34375 0.265625 0.347656 0.261719 0.347656 0.226562 0.367188 0.207031 0.367188 0.199219 0.359375 0.191406
0 0.28125 0.046875 0.273438 0.0546875 0.273438 0.0664062 0.277344 0.0703125 0.28125 0.0703125 0.285156 0.0742188 0.289062 0.0742188 0.292969 0.0703125 0.296875 0.0703125 0.300781 0.0664062 0.300781 0.0507812 0.296875 0.046875
0 0.828125 0.660156 0.824219 0.664062 0.824219 0.6875 0.828125 0.691406 0.828125 0.695312 0.832031 0.699219 0.84375 0.699219 0.847656 0.695312 0.851562 0.695312 0.859375 0.6875 0.859375 0.679688 0.855469 0.675781 0.855469 0.671875 0.851562 0.667969 0.847656 0.667969 0.839844 0.660156
0 0.5625 0.0546875 0.554688 0.0625 0.554688 0.0703125 0.5625 0.078125 0.570312 0.078125 0.574219 0.0742188 0.574219 0.0585938 0.570312 0.0546875
0 0.574219 0.210938 0.570312 0.214844 0.570312 0.230469 0.578125 0.238281 0.589844 0.238281 0.59375 0.234375 0.59375 0.214844 0.589844 0.210938
0 0.9375 0.417969 0.933594 0.421875 0.925781 0.421875 0.910156 0.4375 0.910156 0.449219 0.914062 0.453125 0.925781 0.453125 0.929688 0.449219 0.933594 0.449219 0.949219 0.464844 0.960938 0.464844 0.964844 0.460938 0.964844 0.457031 0.96875 0.453125 0.96875 0.441406 0.964844 0.4375 0.964844 0.433594 0.960938 0.429688 0.960938 0.425781 0.957031 0.421875 0.953125 0.421875 0.949219 0.417969
0 0.597656 0.0117188 0.59375 0.015625 0.589844 0.015625 0.585938 0.0195312 0.585938 0.0234375 0.597656 0.0351562 0.605469 0.0351562 0.609375 0.0390625 0.613281 0.0390625 0.617188 0.0351562 0.617188 0.0195312 0.609375 0.0117188
0 0.539062 0 0.539062 0.015625 0.542969 0.0195312 0.542969 0.0273438 0.546875 0.03125 0.554688 0.03125 0.558594 0.0273438 0.566406 0.0273438 0.570312 0.0234375 0.582031 0.0234375 0.582031 0.0195312 0.589844 0.0117188 0.59375 0.0117188 0.597656 0.0078125 0.597656 0.00390625 0.59375 0
0 0.117188 0 0.0976562 0.0195312 0.0976562 0.0273438 0.09375 0.03125 0.09375 0.046875 0.0976562 0.0507812 0.0976562 0.0625 0.101562 0.0664062 0.117188 0.0664062 0.125 0.0585938 0.125 0.0546875 0.121094 0.0507812 0.121094 0.046875 0.125 0.0429688 0.125 0.0351562 0.128906 0.03125 0.128906 0.0273438 0.140625 0.015625 0.144531 0.015625 0.152344 0.0078125 0.152344 0.00390625 0.148438 0
0 0.601562 0.214844 0.597656 0.21875 0.597656 0.238281 0.601562 0.242188 0.617188 0.242188 0.625 0.234375 0.625 0.222656 0.617188 0.214844
0 0.597656 0.195312 0.589844 0.203125 0.589844 0.207031 0.597656 0.214844 0.601562 0.210938 0.617188 0.210938 0.617188 0.207031 0.613281 0.203125 0.613281 0.199219 0.609375 0.195312
0 0.960938 0.59375 0.953125 0.601562 0.953125 0.605469 0.949219 0.609375 0.949219 0.632812 0.957031 0.640625 0.960938 0.640625 0.96875 0.648438 0.984375 0.648438 0.992188 0.640625 0.996094 0.640625 0.996094 0.601562 0.988281 0.59375
0 0.878906 0.632812 0.867188 0.644531 0.867188 0.660156 0.875 0.667969 0.890625 0.667969 0.902344 0.65625 0.90625 0.65625 0.90625 0.640625 0.902344 0.640625 0.894531 0.632812
