0 0.707031 0.878906 0.703125 0.882812 0.695312 0.882812 0.675781 0.902344 0.675781 0.910156 0.671875 0.914062 0.671875 0.953125 0.675781 0.957031 0.675781 0.960938 0.679688 0.964844 0.679688 0.96875 0.683594 0.972656 0.6875 0.972656 0.691406 0.976562 0.71875 0.976562 0.722656 0.972656 0.726562 0.972656 0.730469 0.96875 0.734375 0.96875 0.753906 0.949219 0.753906 0.945312 0.757812 0.941406 0.757812 0.933594 0.761719 0.929688 0.761719 0.917969 0.757812 0.914062 0.757812 0.90625 0.753906 0.902344 0.753906 0.898438 0.742188 0.886719 0.738281 0.886719 0.734375 0.882812 0.726562 0.882812 0.722656 0.878906
0 0.0117188 0.78125 0.0078125 0.785156 0 0.785156 0 0.878906 0.0078125 0.878906 0.0117188 0.882812 0.046875 0.882812 0.0507812 0.878906 0.0546875 0.878906 0.0585938 0.875 0.0625 0.875 0.078125 0.859375 0.078125 0.855469 0.0820312 0.851562 0.0820312 0.847656 0.0859375 0.84375 0.0859375 0.824219 0.0820312 0.820312 0.0820312 0.816406 0.078125 0.8125 0.078125 0.808594 0.0742188 0.804688 0.0703125 0.804688 0.0625 0.796875 0.0585938 0.796875 0.0546875 0.792969 0.046875 0.792969 0.0390625 0.785156 0.0390625 0.78125
0 0.882812 0.410156 0.878906 0.414062 0.871094 0.414062 0.867188 0.417969 0.863281 0.417969 0.859375 0.421875 0.855469 0.421875 0.851562 0.425781 0.847656 0.425781 0.835938 0.4375 0.835938 0.464844 0.851562 0.480469 0.859375 0.480469 0.863281 0.484375 0.871094 0.484375 0.875 0.488281 0.894531 0.488281 0.898438 0.484375 0.902344 0.484375 0.910156 0.476562 0.910156 0.472656 0.914062 0.46875 0.914062 0.445312 0.910156 0.441406 0.910156 0.433594 0.902344 0.425781 0.902344 0.421875 0.894531 0.414062 0.890625 0.414062 0.886719 0.410156
0 0.167969 0.855469 0.164062 0.859375 0.160156 0.859375 0.15625 0.863281 0.152344 0.863281 0.144531 0.871094 0.144531 0.875 0.136719 0.882812 0.136719 0.886719 0.132812 0.890625 0.132812 0.894531 0.128906 0.898438 0.128906 0.914062 0.132812 0.917969 0.132812 0.921875 0.140625 0.929688 0.144531 0.929688 0.152344 0.9375 0.15625 0.9375 0.160156 0.941406 0.210938 0.941406 0.214844 0.9375 0.21875 0.9375 0.222656 0.933594 0.226562 0.933594 0.234375 0.925781 0.234375 0.921875 0.238281 0.917969 0.238281 0.890625 0.234375 0.886719 0.234375 0.882812 0.21875 0.867188 0.214844 0.867188 0.210938 0.863281 0.207031 0.863281 0.203125 0.859375 0.191406 0.859375 0.1875 0.855469
0 0.886719 0.710938 0.882812 0.714844 0.875 0.714844 0.867188 0.722656 0.863281 0.722656 0.859375 0.726562 0.859375 0.730469 0.851562 0.738281 0.851562 0.742188 0.847656 0.746094 0.847656 0.78125 0.859375 0.792969 0.863281 0.792969 0.867188 0.796875 0.871094 0.796875 0.875 0.800781 0.898438 0.800781 0.902344 0.796875 0.910156 0.796875 0.917969 0.789062 0.921875 0.789062 0.9375 0.773438 0.9375 0.765625 0.941406 0.761719 0.941406 0.742188 0.9375 0.738281 0.9375 0.730469 0.921875 0.714844 0.917969 0.714844 0.914062 0.710938
0 0.316406 0.609375 0.3125 0.613281 0.296875 0.613281 0.289062 0.621094 0.289062 0.625 0.285156 0.628906 0.285156 0.632812 0.289062 0.636719 0.289062 0.664062 0.296875 0.671875 0.296875 0.675781 0.3125 0.691406 0.324219 0.691406 0.328125 0.6875 0.34375 0.6875 0.347656 0.683594 0.355469 0.683594 0.359375 0.679688 0.363281 0.679688 0.367188 0.675781 0.371094 0.675781 0.378906 0.667969 0.390625 0.667969 0.394531 0.664062 0.394531 0.652344 0.398438 0.648438 0.398438 0.640625 0.390625 0.632812 0.390625 0.625 0.382812 0.617188 0.382812 0.613281 0.335938 0.613281 0.332031 0.609375
0 0.746094 0 0.746094 0.0078125 0.742188 0.0117188 0.738281 0.0117188 0.738281 0.015625 0.730469 0.0234375 0.730469 0.0351562 0.726562 0.0390625 0.726562 0.0429688 0.730469 0.046875 0.730469 0.0546875 0.734375 0.0585938 0.734375 0.0625 0.746094 0.0742188 0.75 0.0742188 0.753906 0.078125 0.761719 0.078125 0.765625 0.0820312 0.777344 0.0820312 0.78125 0.0859375 0.792969 0.0859375 0.800781 0.078125 0.804688 0.078125 0.816406 0.0664062 0.816406 0.0625 0.824219 0.0546875 0.824219 0.0117188 0.820312 0.0078125 0.820312 0.00390625 0.816406 0
0 0.570312 0.828125 0.566406 0.832031 0.558594 0.832031 0.554688 0.835938 0.550781 0.835938 0.542969 0.84375 0.539062 0.84375 0.519531 0.863281 0.519531 0.867188 0.523438 0.871094 0.523438 0.875 0.539062 0.890625 0.539062 0.921875 0.542969 0.921875 0.550781 0.929688 0.554688 0.929688 0.5625 0.9375 0.566406 0.9375 0.570312 0.941406 0.574219 0.941406 0.578125 0.945312 0.582031 0.945312 0.585938 0.949219 0.617188 0.949219 0.621094 0.945312 0.625 0.945312 0.644531 0.925781 0.644531 0.917969 0.648438 0.914062 0.648438 0.898438 0.644531 0.894531 0.644531 0.886719 0.640625 0.882812 0.640625 0.878906 0.636719 0.875 0.636719 0.871094 0.632812 0.867188 0.632812 0.863281 0.609375 0.839844 0.605469 0.839844 0.597656 0.832031 0.59375 0.832031 0.589844 0.828125
0 0.0625 0.394531 0.0585938 0.398438 0.0195312 0.398438 0.0117188 0.40625 0.0078125 0.40625 0.00390625 0.410156 0.00390625 0.414062 0.0078125 0.417969 0.0078125 0.421875 0.015625 0.429688 0.015625 0.433594 0.0234375 0.433594 0.0351562 0.445312 0.0351562 0.460938 0.03125 0.464844 0.03125 0.472656 0.0234375 0.480469 0.03125 0.488281 0.03125 0.496094 0.0351562 0.5 0.0390625 0.5 0.0429688 0.496094 0.0507812 0.496094 0.0546875 0.492188 0.0585938 0.492188 0.0625 0.488281 0.0664062 0.488281 0.0703125 0.484375 0.0742188 0.484375 0.078125 0.480469 0.0820312 0.480469 0.0859375 0.476562 0.0898438 0.476562 0.09375 0.472656 0.09375 0.46875 0.0976562 0.464844 0.09375 0.460938 0.09375 0.445312 0.0976562 0.441406 0.078125 0.421875 0.078125 0.394531
0 0 0.449219 0 0.503906 0.0078125 0.503906 0.0078125 0.5 0 0.492188 0 0.46875 0.0078125 0.460938 0.0078125 0.457031
0 0.4375 0.542969 0.433594 0.546875 0.425781 0.546875 0.417969 0.554688 0.421875 0.558594 0.421875 0.585938 0.414062 0.59375 0.402344 0.59375 0.40625 0.597656 0.40625 0.605469 0.414062 0.613281 0.414062 0.621094 0.421875 0.628906 0.421875 0.640625 0.429688 0.648438 0.460938 0.648438 0.464844 0.644531 0.472656 0.644531 0.480469 0.636719 0.484375 0.636719 0.484375 0.613281 0.480469 0.609375 0.480469 0.601562 0.476562 0.597656 0.476562 0.542969
0 0.207031 0.566406 0.203125 0.570312 0.1875 0.570312 0.1875 0.574219 0.179688 0.582031 0.179688 0.589844 0.164062 0.605469 0.164062 0.617188 0.15625 0.625 0.152344 0.625 0.15625 0.625 0.160156 0.621094 0.167969 0.628906 0.167969 0.632812 0.179688 0.644531 0.179688 0.648438 0.226562 0.648438 0.230469 0.652344 0.242188 0.652344 0.246094 0.65625 0.25 0.65625 0.253906 0.660156 0.261719 0.660156 0.261719 0.65625 0.265625 0.652344 0.265625 0.648438 0.261719 0.644531 0.261719 0.617188 0.273438 0.605469 0.273438 0.59375 0.265625 0.585938 0.265625 0.582031 0.253906 0.570312 0.25 0.570312 0.246094 0.566406
0 0.828125 0.121094 0.824219 0.125 0.816406 0.125 0.8125 0.128906 0.808594 0.128906 0.804688 0.132812 0.800781 0.132812 0.796875 0.136719 0.796875 0.140625 0.792969 0.144531 0.792969 0.148438 0.789062 0.152344 0.789062 0.175781 0.792969 0.179688 0.792969 0.191406 0.804688 0.191406 0.808594 0.195312 0.820312 0.195312 0.824219 0.199219 0.855469 0.199219 0.859375 0.195312 0.863281 0.195312 0.867188 0.191406 0.875 0.191406 0.875 0.183594 0.882812 0.175781 0.882812 0.15625 0.878906 0.152344 0.878906 0.148438 0.875 0.144531 0.875 0.140625 0.859375 0.125 0.851562 0.125 0.847656 0.121094
0 0.789062 0.96875 0.785156 0.972656 0.777344 0.972656 0.773438 0.976562 0.769531 0.976562 0.765625 0.980469 0.761719 0.980469 0.757812 0.984375 0.757812 0.988281 0.753906 0.992188 0.753906 0.996094 0.828125 0.996094 0.828125 0.992188 0.824219 0.988281 0.824219 0.984375 0.8125 0.972656 0.804688 0.972656 0.800781 0.96875
0 0.734375 0.757812 0.730469 0.761719 0.722656 0.761719 0.71875 0.765625 0.714844 0.765625 0.710938 0.769531 0.707031 0.769531 0.699219 0.777344 0.699219 0.804688 0.703125 0.808594 0.703125 0.816406 0.71875 0.832031 0.722656 0.832031 0.726562 0.835938 0.734375 0.835938 0.738281 0.839844 0.746094 0.839844 0.75 0.835938 0.757812 0.835938 0.761719 0.832031 0.765625 0.832031 0.773438 0.824219 0.773438 0.820312 0.777344 0.816406 0.777344 0.808594 0.78125 0.804688 0.78125 0.796875 0.777344 0.792969 0.777344 0.785156 0.773438 0.78125 0.773438 0.777344 0.761719 0.765625 0.757812 0.765625 0.753906 0.761719 0.746094 0.761719 0.742188 0.757812
0 0.472656 0.863281 0.46875 0.867188 0.464844 0.867188 0.453125 0.878906 0.453125 0.882812 0.449219 0.886719 0.449219 0.910156 0.453125 0.914062 0.453125 0.917969 0.457031 0.921875 0.457031 0.925781 0.464844 0.933594 0.46875 0.933594 0.472656 0.9375 0.480469 0.9375 0.484375 0.941406 0.492188 0.941406 0.496094 0.9375 0.503906 0.9375 0.515625 0.925781 0.515625 0.90625 0.507812 0.898438 0.507812 0.894531 0.5 0.886719 0.5 0.882812 0.496094 0.878906 0.496094 0.875 0.492188 0.871094 0.492188 0.863281
0 0.960938 0 0.960938 0.00390625 0.964844 0.0078125 0.964844 0.015625 0.96875 0.0195312 0.96875 0.0234375 0.976562 0.03125 0.980469 0.03125 0.984375 0.0351562 0.988281 0.0351562 0.992188 0.0390625 0.996094 0.0390625 0.996094 0
0 0.421875 0.0976562 0.417969 0.101562 0.410156 0.101562 0.40625 0.105469 0.402344 0.105469 0.398438 0.101562 0.394531 0.101562 0.394531 0.105469 0.390625 0.109375 0.390625 0.140625 0.398438 0.148438 0.398438 0.152344 0.421875 0.175781 0.421875 0.183594 0.445312 0.183594 0.449219 0.179688 0.453125 0.179688 0.46875 0.164062 0.46875 0.160156 0.476562 0.152344 0.476562 0.148438 0.472656 0.144531 0.472656 0.140625 0.46875 0.136719 0.46875 0.132812 0.464844 0.128906 0.464844 0.105469 0.460938 0.105469 0.457031 0.101562 0.449219 0.101562 0.445312 0.0976562
0 0.0429688 0.28125 0.0390625 0.285156 0.03125 0.285156 0.0117188 0.304688 0.0117188 0.308594 0.0078125 0.3125 0.0078125 0.324219 0.00390625 0.328125 0.00390625 0.351562 0.0078125 0.355469 0.0078125 0.359375 0.0234375 0.375 0.0507812 0.375 0.0546875 0.371094 0.0703125 0.371094 0.078125 0.363281 0.078125 0.359375 0.09375 0.34375 0.09375 0.339844 0.101562 0.332031 0.101562 0.320312 0.0976562 0.316406 0.0976562 0.308594 0.0820312 0.292969 0.078125 0.292969 0.0742188 0.289062 0.0703125 0.289062 0.0664062 0.285156 0.0585938 0.285156 0.0546875 0.28125
0 0.132812 0.234375 0.128906 0.238281 0.121094 0.238281 0.117188 0.242188 0.113281 0.242188 0.101562 0.253906 0.101562 0.257812 0.0976562 0.261719 0.0976562 0.292969 0.101562 0.296875 0.101562 0.300781 0.105469 0.300781 0.109375 0.296875 0.117188 0.296875 0.125 0.304688 0.125 0.308594 0.15625 0.308594 0.160156 0.304688 0.171875 0.304688 0.175781 0.300781 0.191406 0.300781 0.195312 0.296875 0.199219 0.296875 0.199219 0.269531 0.195312 0.265625 0.195312 0.261719 0.191406 0.257812 0.191406 0.253906 0.183594 0.246094 0.179688 0.246094 0.175781 0.242188 0.171875 0.242188 0.167969 0.238281 0.15625 0.238281 0.152344 0.234375
0 0 0.917969 0 0.996094 0.03125 0.996094 0.03125 0.988281 0.0351562 0.984375 0.0351562 0.964844 0.0390625 0.960938 0.0390625 0.957031 0.0351562 0.953125 0.0351562 0.941406 0.015625 0.921875 0.0078125 0.921875 0.00390625 0.917969
0 0.183594 0.324219 0.179688 0.328125 0.167969 0.328125 0.164062 0.332031 0.125 0.332031 0.125 0.347656 0.101562 0.371094 0.101562 0.375 0.0976562 0.378906 0.101562 0.382812 0.101562 0.40625 0.109375 0.414062 0.109375 0.417969 0.117188 0.425781 0.144531 0.425781 0.148438 0.421875 0.152344 0.421875 0.15625 0.417969 0.171875 0.417969 0.179688 0.425781 0.179688 0.429688 0.183594 0.425781 0.1875 0.425781 0.191406 0.421875 0.21875 0.421875 0.222656 0.425781 0.226562 0.425781 0.226562 0.40625 0.234375 0.398438 0.234375 0.394531 0.242188 0.386719 0.242188 0.378906 0.25 0.371094 0.25 0.367188 0.261719 0.355469 0.265625 0.355469 0.261719 0.355469 0.257812 0.351562 0.253906 0.351562 0.246094 0.34375 0.246094 0.339844 0.242188 0.335938 0.238281 0.335938 0.234375 0.332031 0.203125 0.332031 0.199219 0.328125 0.195312 0.328125 0.191406 0.324219
0 0.273438 0.355469 0.269531 0.359375 0.261719 0.359375 0.253906 0.367188 0.253906 0.371094 0.246094 0.378906 0.246094 0.386719 0.238281 0.394531 0.238281 0.398438 0.230469 0.40625 0.230469 0.425781 0.226562 0.429688 0.222656 0.429688 0.21875 0.425781 0.191406 0.425781 0.1875 0.429688 0.183594 0.429688 0.179688 0.433594 0.175781 0.429688 0.175781 0.425781 0.171875 0.421875 0.15625 0.421875 0.152344 0.425781 0.148438 0.425781 0.144531 0.429688 0.121094 0.429688 0.117188 0.433594 0.109375 0.433594 0.0976562 0.445312 0.0976562 0.460938 0.113281 0.476562 0.113281 0.480469 0.117188 0.484375 0.121094 0.484375 0.125 0.488281 0.128906 0.488281 0.136719 0.496094 0.140625 0.496094 0.144531 0.5 0.195312 0.5 0.214844 0.480469 0.214844 0.472656 0.222656 0.464844 0.222656 0.460938 0.230469 0.453125 0.230469 0.4375 0.234375 0.433594 0.238281 0.4375 0.238281 0.449219 0.242188 0.453125 0.265625 0.453125 0.273438 0.460938 0.28125 0.460938 0.289062 0.46875 0.304688 0.46875 0.320312 0.453125 0.320312 0.445312 0.324219 0.441406 0.324219 0.4375 0.332031 0.429688 0.332031 0.390625 0.304688 0.363281 0.300781 0.363281 0.292969 0.355469
0 0.359375 0.0742188 0.355469 0.078125 0.34375 0.078125 0.339844 0.0820312 0.335938 0.0820312 0.332031 0.0859375 0.328125 0.0859375 0.324219 0.0898438 0.324219 0.0976562 0.316406 0.105469 0.316406 0.113281 0.308594 0.121094 0.308594 0.167969 0.316406 0.175781 0.316406 0.199219 0.328125 0.210938 0.332031 0.210938 0.335938 0.214844 0.339844 0.214844 0.347656 0.222656 0.347656 0.226562 0.351562 0.230469 0.375 0.230469 0.378906 0.226562 0.382812 0.226562 0.386719 0.222656 0.386719 0.214844 0.394531 0.207031 0.394531 0.167969 0.386719 0.160156 0.386719 0.152344 0.378906 0.144531 0.378906 0.128906 0.375 0.125 0.375 0.0898438 0.371094 0.0859375 0.371094 0.078125 0.367188 0.0742188
0 0.570312 0.371094 0.566406 0.375 0.5625 0.375 0.554688 0.382812 0.554688 0.386719 0.546875 0.394531 0.546875 0.40625 0.542969 0.410156 0.542969 0.421875 0.546875 0.425781 0.546875 0.433594 0.550781 0.4375 0.550781 0.441406 0.558594 0.449219 0.558594 0.453125 0.566406 0.460938 0.570312 0.460938 0.578125 0.46875 0.585938 0.46875 0.589844 0.472656 0.597656 0.472656 0.601562 0.46875 0.609375 0.46875 0.621094 0.457031 0.621094 0.453125 0.625 0.449219 0.625 0.445312 0.628906 0.441406 0.628906 0.4375 0.632812 0.433594 0.632812 0.425781 0.636719 0.421875 0.636719 0.410156 0.632812 0.40625 0.632812 0.398438 0.628906 0.394531 0.628906 0.390625 0.617188 0.378906 0.613281 0.378906 0.609375 0.375 0.605469 0.375 0.601562 0.371094
0 0.519531 0.273438 0.507812 0.285156 0.503906 0.285156 0.5 0.289062 0.496094 0.289062 0.492188 0.292969 0.488281 0.292969 0.484375 0.296875 0.480469 0.296875 0.46875 0.308594 0.464844 0.308594 0.460938 0.3125 0.460938 0.316406 0.457031 0.320312 0.457031 0.324219 0.453125 0.328125 0.453125 0.335938 0.457031 0.339844 0.457031 0.34375 0.460938 0.347656 0.460938 0.351562 0.472656 0.363281 0.476562 0.363281 0.480469 0.367188 0.503906 0.367188 0.507812 0.363281 0.515625 0.363281 0.519531 0.359375 0.527344 0.359375 0.53125 0.355469 0.535156 0.355469 0.542969 0.347656 0.546875 0.347656 0.550781 0.34375 0.550781 0.339844 0.558594 0.332031 0.558594 0.320312 0.5625 0.316406 0.5625 0.292969 0.554688 0.285156 0.542969 0.285156 0.539062 0.28125 0.535156 0.28125 0.53125 0.277344 0.527344 0.277344 0.523438 0.273438
0 0.0742188 0.160156 0.0703125 0.164062 0.0585938 0.164062 0.0546875 0.167969 0.0390625 0.167969 0.0351562 0.164062 0.0078125 0.164062 0.00390625 0.167969 0 0.167969 0 0.261719 0.00390625 0.261719 0.0078125 0.265625 0.0195312 0.265625 0.0234375 0.269531 0.03125 0.269531 0.0351562 0.265625 0.0390625 0.265625 0.0585938 0.246094 0.0585938 0.242188 0.0703125 0.230469 0.0703125 0.226562 0.0820312 0.214844 0.0820312 0.210938 0.0976562 0.195312 0.0976562 0.191406 0.101562 0.1875 0.101562 0.171875 0.09375 0.164062 0.0898438 0.164062 0.0859375 0.160156
0 0.636719 0.699219 0.632812 0.703125 0.628906 0.703125 0.621094 0.710938 0.621094 0.714844 0.613281 0.722656 0.613281 0.730469 0.609375 0.734375 0.609375 0.746094 0.613281 0.75 0.613281 0.757812 0.617188 0.761719 0.617188 0.765625 0.632812 0.78125 0.636719 0.78125 0.640625 0.785156 0.667969 0.785156 0.671875 0.78125 0.675781 0.78125 0.6875 0.769531 0.6875 0.730469 0.683594 0.726562 0.683594 0.722656 0.679688 0.71875 0.679688 0.714844 0.667969 0.703125 0.660156 0.703125 0.65625 0.699219
0 0.113281 0.644531 0.109375 0.648438 0.105469 0.648438 0.09375 0.660156 0.0898438 0.660156 0.0859375 0.664062 0.0820312 0.664062 0.078125 0.667969 0.0507812 0.667969 0.046875 0.671875 0.046875 0.675781 0.0546875 0.683594 0.0546875 0.6875 0.0585938 0.691406 0.0585938 0.695312 0.0625 0.699219 0.0625 0.714844 0.0703125 0.722656 0.0703125 0.742188 0.0664062 0.746094 0.09375 0.746094 0.0976562 0.742188 0.113281 0.742188 0.117188 0.738281 0.125 0.738281 0.125 0.734375 0.132812 0.726562 0.132812 0.71875 0.140625 0.710938 0.144531 0.710938 0.144531 0.707031 0.148438 0.703125 0.148438 0.683594 0.15625 0.675781 0.15625 0.65625 0.148438 0.648438 0.140625 0.648438 0.136719 0.644531
0 0.867188 0.832031 0.863281 0.835938 0.851562 0.835938 0.847656 0.839844 0.84375 0.839844 0.839844 0.84375 0.835938 0.84375 0.832031 0.847656 0.832031 0.851562 0.824219 0.859375 0.824219 0.894531 0.828125 0.898438 0.828125 0.902344 0.832031 0.90625 0.832031 0.910156 0.847656 0.925781 0.855469 0.925781 0.859375 0.929688 0.867188 0.929688 0.871094 0.925781 0.882812 0.925781 0.886719 0.921875 0.890625 0.921875 0.894531 0.917969 0.898438 0.917969 0.910156 0.90625 0.910156 0.902344 0.914062 0.898438 0.914062 0.890625 0.917969 0.886719 0.917969 0.878906 0.914062 0.875 0.914062 0.867188 0.910156 0.863281 0.910156 0.859375 0.890625 0.839844 0.886719 0.839844 0.882812 0.835938 0.871094 0.835938
0 0.925781 0.304688 0.914062 0.316406 0.910156 0.316406 0.902344 0.324219 0.894531 0.324219 0.890625 0.328125 0.886719 0.328125 0.878906 0.335938 0.882812 0.339844 0.882812 0.351562 0.886719 0.355469 0.886719 0.359375 0.890625 0.363281 0.890625 0.382812 0.894531 0.382812 0.902344 0.390625 0.90625 0.390625 0.910156 0.394531 0.914062 0.394531 0.917969 0.398438 0.921875 0.398438 0.925781 0.402344 0.960938 0.402344 0.964844 0.398438 0.972656 0.398438 0.980469 0.390625 0.980469 0.386719 0.984375 0.382812 0.984375 0.378906 0.988281 0.375 0.988281 0.339844 0.984375 0.335938 0.984375 0.328125 0.976562 0.320312 0.976562 0.316406 0.972656 0.3125 0.96875 0.3125 0.964844 0.308594 0.960938 0.308594 0.957031 0.304688 0.9375 0.304688 0.933594 0.308594 0.929688 0.308594
0 0.433594 0.402344 0.429688 0.40625 0.417969 0.40625 0.414062 0.410156 0.410156 0.410156 0.40625 0.414062 0.402344 0.414062 0.398438 0.417969 0.394531 0.417969 0.386719 0.425781 0.386719 0.429688 0.382812 0.433594 0.382812 0.4375 0.378906 0.441406 0.378906 0.453125 0.375 0.457031 0.375 0.46875 0.378906 0.472656 0.378906 0.480469 0.394531 0.496094 0.402344 0.496094 0.40625 0.5 0.457031 0.5 0.460938 0.496094 0.464844 0.496094 0.472656 0.488281 0.476562 0.488281 0.484375 0.480469 0.484375 0.476562 0.488281 0.472656 0.488281 0.46875 0.492188 0.464844 0.492188 0.4375 0.488281 0.433594 0.488281 0.429688 0.484375 0.425781 0.484375 0.421875 0.46875 0.40625 0.464844 0.40625 0.460938 0.402344
0 0.0117188 0.585938 0 0.597656 0 0.660156 0.0195312 0.660156 0.0234375 0.664062 0.0273438 0.660156 0.03125 0.660156 0.0351562 0.65625 0.046875 0.65625 0.0507812 0.652344 0.0742188 0.652344 0.0820312 0.644531 0.0820312 0.621094 0.0664062 0.605469 0.0664062 0.601562 0.0625 0.597656 0.0585938 0.597656 0.0546875 0.59375 0.0507812 0.59375 0.046875 0.589844 0.0429688 0.589844 0.0390625 0.585938
0 0.0546875 0.632812 0.0585938 0.628906 0.0625 0.632812 0.0585938 0.636719
0 0.640625 0.230469 0.636719 0.234375 0.636719 0.238281 0.632812 0.242188 0.632812 0.246094 0.628906 0.25 0.628906 0.253906 0.617188 0.265625 0.617188 0.269531 0.597656 0.289062 0.59375 0.289062 0.59375 0.292969 0.597656 0.296875 0.597656 0.300781 0.621094 0.324219 0.628906 0.324219 0.632812 0.328125 0.644531 0.328125 0.648438 0.324219 0.65625 0.324219 0.675781 0.304688 0.675781 0.300781 0.679688 0.296875 0.679688 0.292969 0.683594 0.289062 0.683594 0.265625 0.679688 0.261719 0.679688 0.257812 0.675781 0.253906 0.675781 0.25 0.667969 0.242188 0.664062 0.242188 0.660156 0.238281 0.65625 0.238281 0.652344 0.234375 0.648438 0.234375 0.644531 0.230469
0 0.949219 0.109375 0.945312 0.113281 0.941406 0.113281 0.925781 0.128906 0.925781 0.132812 0.921875 0.136719 0.921875 0.144531 0.917969 0.148438 0.917969 0.15625 0.921875 0.160156 0.921875 0.167969 0.929688 0.175781 0.929688 0.179688 0.941406 0.191406 0.941406 0.195312 0.921875 0.214844 0.921875 0.226562 0.929688 0.234375 0.929688 0.246094 0.9375 0.253906 0.9375 0.261719 0.945312 0.269531 0.945312 0.285156 0.949219 0.285156 0.953125 0.289062 0.957031 0.289062 0.960938 0.292969 0.996094 0.292969 0.996094 0.117188 0.992188 0.113281 0.984375 0.113281 0.980469 0.109375
0 0.238281 0.453125 0.230469 0.460938 0.230469 0.464844 0.222656 0.472656 0.222656 0.480469 0.214844 0.488281 0.214844 0.492188 0.207031 0.5 0.207031 0.523438 0.21875 0.535156 0.222656 0.535156 0.226562 0.539062 0.230469 0.539062 0.238281 0.546875 0.246094 0.546875 0.25 0.550781 0.289062 0.550781 0.292969 0.546875 0.296875 0.546875 0.300781 0.542969 0.300781 0.539062 0.308594 0.53125 0.308594 0.515625 0.300781 0.507812 0.300781 0.492188 0.296875 0.488281 0.296875 0.484375 0.300781 0.480469 0.300781 0.472656 0.289062 0.472656 0.28125 0.464844 0.273438 0.464844 0.265625 0.457031 0.242188 0.457031
0 0.863281 0.0078125 0.859375 0.0117188 0.855469 0.0117188 0.851562 0.015625 0.847656 0.015625 0.847656 0.0429688 0.84375 0.046875 0.84375 0.0507812 0.839844 0.0546875 0.839844 0.0585938 0.832031 0.0664062 0.832031 0.0703125 0.839844 0.078125 0.839844 0.0820312 0.84375 0.0859375 0.84375 0.0898438 0.859375 0.105469 0.863281 0.105469 0.867188 0.109375 0.894531 0.109375 0.917969 0.0859375 0.917969 0.0820312 0.921875 0.078125 0.921875 0.0664062 0.925781 0.0625 0.925781 0.046875 0.921875 0.0429688 0.921875 0.0351562 0.917969 0.03125 0.917969 0.0273438 0.910156 0.0195312 0.90625 0.0195312 0.898438 0.0117188 0.890625 0.0117188 0.886719 0.0078125
0 0.109375 0.976562 0.105469 0.980469 0.0976562 0.980469 0.0859375 0.992188 0.0859375 0.996094 0.152344 0.996094 0.148438 0.992188 0.148438 0.988281 0.136719 0.976562
0 0.0703125 0.539062 0.0507812 0.558594 0.046875 0.558594 0.0429688 0.5625 0.0390625 0.5625 0.0273438 0.574219 0.0273438 0.582031 0.0390625 0.582031 0.0429688 0.585938 0.046875 0.585938 0.0507812 0.589844 0.0546875 0.589844 0.0585938 0.59375 0.0625 0.59375 0.0703125 0.601562 0.0703125 0.605469 0.0898438 0.625 0.125 0.625 0.128906 0.621094 0.132812 0.621094 0.136719 0.617188 0.140625 0.617188 0.160156 0.597656 0.160156 0.566406 0.15625 0.5625 0.148438 0.5625 0.140625 0.554688 0.136719 0.554688 0.132812 0.550781 0.117188 0.550781 0.113281 0.546875 0.0976562 0.546875 0.0898438 0.539062
0 0.1875 0.671875 0.1875 0.675781 0.179688 0.683594 0.179688 0.691406 0.171875 0.699219 0.171875 0.710938 0.167969 0.714844 0.167969 0.722656 0.171875 0.726562 0.171875 0.730469 0.195312 0.753906 0.199219 0.753906 0.203125 0.757812 0.246094 0.757812 0.25 0.753906 0.253906 0.753906 0.257812 0.75 0.261719 0.75 0.269531 0.742188 0.269531 0.738281 0.273438 0.734375 0.273438 0.730469 0.277344 0.726562 0.277344 0.707031 0.273438 0.703125 0.273438 0.695312 0.269531 0.691406 0.269531 0.6875 0.257812 0.6875 0.253906 0.683594 0.25 0.683594 0.246094 0.679688 0.234375 0.679688 0.230469 0.675781 0.21875 0.675781 0.214844 0.671875
0 0.535156 0.0742188 0.53125 0.078125 0.519531 0.078125 0.515625 0.0820312 0.511719 0.0820312 0.507812 0.0859375 0.503906 0.0859375 0.492188 0.0976562 0.492188 0.101562 0.488281 0.105469 0.488281 0.121094 0.492188 0.125 0.492188 0.128906 0.5 0.136719 0.5 0.160156 0.503906 0.160156 0.507812 0.164062 0.511719 0.164062 0.515625 0.167969 0.519531 0.167969 0.523438 0.171875 0.527344 0.171875 0.53125 0.175781 0.53125 0.183594 0.523438 0.191406 0.523438 0.195312 0.515625 0.203125 0.515625 0.234375 0.527344 0.246094 0.53125 0.246094 0.542969 0.257812 0.546875 0.257812 0.550781 0.261719 0.570312 0.261719 0.578125 0.269531 0.582031 0.269531 0.59375 0.257812 0.59375 0.253906 0.609375 0.238281 0.609375 0.230469 0.617188 0.222656 0.617188 0.21875 0.625 0.210938 0.625 0.203125 0.617188 0.195312 0.617188 0.191406 0.609375 0.183594 0.605469 0.183594 0.597656 0.175781 0.59375 0.175781 0.585938 0.167969 0.585938 0.160156 0.589844 0.15625 0.589844 0.152344 0.59375 0.148438 0.59375 0.144531 0.597656 0.140625 0.597656 0.105469 0.589844 0.0976562 0.589844 0.09375 0.582031 0.0859375 0.578125 0.0859375 0.574219 0.0820312 0.570312 0.0820312 0.566406 0.078125 0.554688 0.078125 0.550781 0.0742188
0 0.320312 0.234375 0.300781 0.253906 0.300781 0.257812 0.292969 0.265625 0.292969 0.269531 0.285156 0.277344 0.285156 0.28125 0.28125 0.285156 0.28125 0.308594 0.285156 0.3125 0.285156 0.324219 0.289062 0.328125 0.289062 0.332031 0.292969 0.335938 0.304688 0.335938 0.308594 0.339844 0.335938 0.339844 0.339844 0.335938 0.34375 0.335938 0.355469 0.324219 0.355469 0.320312 0.363281 0.3125 0.363281 0.308594 0.371094 0.300781 0.371094 0.28125 0.363281 0.273438 0.363281 0.269531 0.355469 0.261719 0.355469 0.257812 0.34375 0.246094 0.339844 0.246094 0.328125 0.234375
0 0.347656 0.289062 0.351562 0.289062 0.355469 0.292969 0.34375 0.304688 0.339844 0.300781 0.339844 0.296875
0 0.386719 0.691406 0.378906 0.699219 0.375 0.699219 0.367188 0.707031 0.355469 0.707031 0.351562 0.710938 0.339844 0.710938 0.335938 0.714844 0.3125 0.714844 0.308594 0.71875 0.308594 0.75 0.3125 0.753906 0.3125 0.757812 0.328125 0.773438 0.332031 0.773438 0.335938 0.777344 0.34375 0.777344 0.347656 0.78125 0.367188 0.78125 0.371094 0.777344 0.378906 0.777344 0.382812 0.773438 0.386719 0.773438 0.390625 0.769531 0.394531 0.769531 0.398438 0.765625 0.398438 0.761719 0.40625 0.753906 0.40625 0.746094 0.410156 0.742188 0.410156 0.71875 0.40625 0.714844 0.40625 0.707031 0.398438 0.699219 0.398438 0.695312 0.394531 0.691406
0 0.503906 0.542969 0.5 0.546875 0.5 0.589844 0.503906 0.59375 0.503906 0.597656 0.507812 0.601562 0.507812 0.621094 0.511719 0.625 0.523438 0.625 0.527344 0.628906 0.535156 0.628906 0.539062 0.632812 0.550781 0.632812 0.554688 0.628906 0.558594 0.628906 0.5625 0.625 0.566406 0.625 0.574219 0.617188 0.574219 0.613281 0.582031 0.605469 0.582031 0.582031 0.578125 0.578125 0.578125 0.574219 0.574219 0.570312 0.574219 0.566406 0.558594 0.550781 0.554688 0.550781 0.550781 0.546875 0.546875 0.546875 0.542969 0.542969
0 0.179688 0 0.167969 0.0117188 0.167969 0.0195312 0.164062 0.0234375 0.164062 0.0351562 0.167969 0.0390625 0.167969 0.0507812 0.171875 0.0546875 0.171875 0.0625 0.179688 0.0703125 0.179688 0.0742188 0.183594 0.078125 0.1875 0.078125 0.195312 0.0859375 0.199219 0.0859375 0.203125 0.0898438 0.214844 0.0898438 0.21875 0.0859375 0.226562 0.0859375 0.234375 0.078125 0.238281 0.078125 0.25 0.0664062 0.25 0.0625 0.253906 0.0585938 0.253906 0.0546875 0.257812 0.0507812 0.257812 0.0390625 0.253906 0.0351562 0.253906 0.03125 0.25 0.0273438 0.25 0.0234375 0.226562 0
0 0 0.714844 0 0.761719 0.00390625 0.757812 0.0351562 0.757812 0.0351562 0.753906 0.03125 0.75 0.03125 0.746094 0.0234375 0.738281 0.0234375 0.730469 0.0117188 0.71875 0.0078125 0.71875 0.00390625 0.714844
0 0.480469 0.191406 0.476562 0.195312 0.472656 0.195312 0.46875 0.199219 0.464844 0.199219 0.457031 0.207031 0.425781 0.207031 0.414062 0.21875 0.414062 0.222656 0.40625 0.230469 0.40625 0.257812 0.414062 0.265625 0.414062 0.269531 0.421875 0.277344 0.425781 0.277344 0.433594 0.285156 0.4375 0.285156 0.445312 0.292969 0.460938 0.277344 0.464844 0.277344 0.46875 0.273438 0.472656 0.273438 0.476562 0.269531 0.480469 0.269531 0.484375 0.265625 0.488281 0.265625 0.5 0.253906 0.492188 0.246094 0.492188 0.199219 0.488281 0.195312 0.484375 0.195312
0 0.878906 0.214844 0.875 0.21875 0.871094 0.21875 0.867188 0.222656 0.820312 0.222656 0.816406 0.21875 0.808594 0.21875 0.808594 0.222656 0.804688 0.226562 0.804688 0.230469 0.800781 0.234375 0.800781 0.238281 0.796875 0.242188 0.796875 0.246094 0.792969 0.25 0.792969 0.289062 0.789062 0.292969 0.800781 0.304688 0.804688 0.304688 0.808594 0.308594 0.816406 0.308594 0.824219 0.316406 0.839844 0.316406 0.84375 0.3125 0.847656 0.3125 0.851562 0.308594 0.871094 0.308594 0.875 0.304688 0.878906 0.304688 0.882812 0.300781 0.890625 0.300781 0.898438 0.292969 0.902344 0.292969 0.90625 0.289062 0.90625 0.285156 0.910156 0.28125 0.910156 0.277344 0.914062 0.273438 0.914062 0.265625 0.90625 0.257812 0.90625 0.246094 0.898438 0.238281 0.898438 0.226562 0.890625 0.21875 0.890625 0.214844
0 0.261719 0.210938 0.257812 0.214844 0.25 0.214844 0.242188 0.222656 0.238281 0.222656 0.234375 0.226562 0.234375 0.230469 0.226562 0.238281 0.226562 0.261719 0.230469 0.265625 0.230469 0.269531 0.234375 0.273438 0.234375 0.277344 0.253906 0.296875 0.257812 0.296875 0.265625 0.304688 0.269531 0.304688 0.273438 0.308594 0.277344 0.308594 0.28125 0.3125 0.277344 0.308594 0.277344 0.285156 0.28125 0.28125 0.28125 0.277344 0.289062 0.269531 0.289062 0.265625 0.296875 0.257812 0.296875 0.253906 0.320312 0.230469 0.3125 0.230469 0.308594 0.226562 0.304688 0.226562 0.296875 0.21875 0.292969 0.21875 0.289062 0.214844 0.277344 0.214844 0.273438 0.210938
0 0.234375 0.4375 0.234375 0.453125 0.226562 0.460938 0.226562 0.464844 0.21875 0.472656 0.21875 0.480469 0.195312 0.503906 0.144531 0.503906 0.140625 0.5 0.136719 0.5 0.128906 0.492188 0.125 0.492188 0.121094 0.488281 0.117188 0.488281 0.113281 0.484375 0.09375 0.503906 0.0898438 0.503906 0.0859375 0.507812 0.0820312 0.507812 0.078125 0.511719 0.0742188 0.511719 0.0703125 0.515625 0.0664062 0.515625 0.0625 0.519531 0.0585938 0.519531 0.0585938 0.523438 0.0546875 0.527344 0.0546875 0.539062 0.0507812 0.542969 0.0507812 0.546875 0.03125 0.566406 0.0273438 0.566406 0.0234375 0.570312 0.0234375 0.574219 0.015625 0.582031 0.0234375 0.582031 0.0234375 0.574219 0.0390625 0.558594 0.0429688 0.558594 0.046875 0.554688 0.0507812 0.554688 0.0703125 0.535156 0.0898438 0.535156 0.0976562 0.542969 0.113281 0.542969 0.117188 0.546875 0.132812 0.546875 0.136719 0.550781 0.140625 0.550781 0.148438 0.558594 0.15625 0.558594 0.160156 0.5625 0.1875 0.535156 0.1875 0.53125 0.199219 0.519531 0.203125 0.523438 0.203125 0.5 0.210938 0.492188 0.210938 0.488281 0.21875 0.480469 0.21875 0.472656 0.226562 0.464844 0.226562 0.460938 0.234375 0.453125
0 0.789062 0.324219 0.78125 0.332031 0.78125 0.335938 0.777344 0.339844 0.777344 0.34375 0.773438 0.347656 0.773438 0.371094 0.777344 0.375 0.777344 0.378906 0.78125 0.382812 0.78125 0.386719 0.792969 0.398438 0.796875 0.398438 0.800781 0.402344 0.804688 0.402344 0.808594 0.40625 0.832031 0.40625 0.835938 0.402344 0.839844 0.402344 0.84375 0.398438 0.847656 0.398438 0.851562 0.394531 0.855469 0.394531 0.859375 0.390625 0.867188 0.390625 0.867188 0.367188 0.859375 0.359375 0.859375 0.351562 0.855469 0.347656 0.855469 0.335938 0.851562 0.339844 0.816406 0.339844 0.808594 0.332031 0.796875 0.332031
0 0.324219 0.519531 0.320312 0.523438 0.316406 0.523438 0.3125 0.527344 0.3125 0.53125 0.304688 0.539062 0.304688 0.542969 0.296875 0.550781 0.292969 0.550781 0.292969 0.554688 0.289062 0.558594 0.289062 0.578125 0.292969 0.582031 0.292969 0.585938 0.296875 0.589844 0.304688 0.589844 0.308594 0.585938 0.339844 0.585938 0.34375 0.589844 0.375 0.589844 0.375 0.574219 0.382812 0.566406 0.382812 0.546875 0.378906 0.542969 0.378906 0.539062 0.371094 0.53125 0.367188 0.53125 0.359375 0.523438 0.351562 0.523438 0.347656 0.519531
