0 0.183594 0.902344 0.167969 0.917969 0.167969 0.929688 0.175781 0.9375 0.1875 0.9375 0.191406 0.933594 0.199219 0.933594 0.203125 0.929688 0.203125 0.914062 0.199219 0.910156 0.199219 0.90625 0.195312 0.902344
0 0.414062 0.949219 0.40625 0.957031 0.390625 0.957031 0.390625 0.960938 0.398438 0.96875 0.398438 0.976562 0.402344 0.980469 0.402344 0.984375 0.414062 0.996094 0.421875 0.996094 0.425781 0.992188 0.425781 0.988281 0.429688 0.984375 0.429688 0.976562 0.433594 0.972656 0.433594 0.960938 0.429688 0.957031 0.421875 0.957031
0 0.101562 0.949219 0.0976562 0.953125 0.0976562 0.964844 0.105469 0.972656 0.113281 0.972656 0.117188 0.96875 0.117188 0.953125 0.113281 0.949219
0 0.746094 0.425781 0.742188 0.429688 0.738281 0.429688 0.734375 0.433594 0.734375 0.4375 0.730469 0.441406 0.730469 0.453125 0.734375 0.457031 0.734375 0.460938 0.738281 0.464844 0.75 0.464844 0.753906 0.460938 0.757812 0.460938 0.765625 0.453125 0.765625 0.449219 0.769531 0.445312 0.769531 0.4375 0.757812 0.425781
0 0.960938 0.570312 0.957031 0.574219 0.953125 0.574219 0.949219 0.578125 0.949219 0.582031 0.953125 0.585938 0.964844 0.585938 0.972656 0.59375 0.972656 0.597656 0.953125 0.617188 0.953125 0.621094 0.96875 0.636719 0.992188 0.636719 0.996094 0.632812 0.996094 0.582031 0.988281 0.574219 0.976562 0.574219 0.972656 0.570312
0 0.867188 0.273438 0.863281 0.277344 0.863281 0.289062 0.867188 0.292969 0.875 0.292969 0.878906 0.289062 0.878906 0.277344 0.875 0.273438
0 0.546875 0.878906 0.542969 0.882812 0.542969 0.914062 0.546875 0.917969 0.550781 0.917969 0.554688 0.921875 0.566406 0.921875 0.578125 0.910156 0.585938 0.910156 0.585938 0.894531 0.578125 0.894531 0.570312 0.886719 0.558594 0.886719 0.550781 0.878906
0 0.519531 0.847656 0.511719 0.855469 0.507812 0.855469 0.503906 0.859375 0.503906 0.882812 0.507812 0.886719 0.539062 0.886719 0.539062 0.882812 0.550781 0.871094 0.550781 0.859375 0.539062 0.847656
0 0.175781 0.117188 0.164062 0.128906 0.164062 0.140625 0.167969 0.144531 0.183594 0.144531 0.191406 0.136719 0.191406 0.132812 0.195312 0.128906 0.195312 0.121094 0.191406 0.117188
0 0.410156 0.804688 0.390625 0.824219 0.386719 0.824219 0.382812 0.828125 0.382812 0.832031 0.378906 0.835938 0.378906 0.84375 0.386719 0.851562 0.386719 0.855469 0.390625 0.859375 0.402344 0.859375 0.40625 0.855469 0.410156 0.855469 0.410156 0.851562 0.425781 0.835938 0.425781 0.828125 0.429688 0.824219 0.429688 0.8125 0.421875 0.804688
0 0.714844 0.863281 0.710938 0.867188 0.710938 0.871094 0.714844 0.875 0.714844 0.890625 0.71875 0.894531 0.71875 0.90625 0.726562 0.914062 0.730469 0.914062 0.734375 0.910156 0.738281 0.910156 0.742188 0.90625 0.742188 0.886719 0.738281 0.882812 0.738281 0.878906 0.722656 0.863281
0 0.679688 0.691406 0.675781 0.695312 0.675781 0.699219 0.671875 0.703125 0.671875 0.714844 0.675781 0.71875 0.675781 0.722656 0.679688 0.726562 0.703125 0.726562 0.710938 0.71875 0.710938 0.710938 0.714844 0.707031 0.714844 0.699219 0.707031 0.691406
0 0.1875 0.800781 0.179688 0.808594 0.179688 0.824219 0.191406 0.835938 0.210938 0.835938 0.214844 0.832031 0.214844 0.8125 0.203125 0.800781
0 0.804688 0.929688 0.792969 0.941406 0.789062 0.941406 0.785156 0.945312 0.785156 0.96875 0.796875 0.980469 0.808594 0.980469 0.8125 0.976562 0.816406 0.976562 0.824219 0.96875 0.824219 0.949219 0.820312 0.945312 0.820312 0.933594 0.816406 0.929688
0 0.886719 0.875 0.875 0.886719 0.875 0.910156 0.882812 0.917969 0.886719 0.917969 0.890625 0.921875 0.894531 0.921875 0.90625 0.910156 0.90625 0.90625 0.910156 0.902344 0.910156 0.882812 0.902344 0.875
0 0.472656 0.730469 0.464844 0.738281 0.464844 0.742188 0.460938 0.746094 0.460938 0.753906 0.464844 0.757812 0.464844 0.761719 0.46875 0.765625 0.46875 0.773438 0.476562 0.78125 0.5 0.78125 0.503906 0.777344 0.503906 0.773438 0.507812 0.769531 0.507812 0.753906 0.503906 0.75 0.503906 0.742188 0.492188 0.730469
0 0.414062 0.921875 0.410156 0.925781 0.410156 0.933594 0.414062 0.9375 0.414062 0.945312 0.421875 0.953125 0.429688 0.953125 0.4375 0.945312 0.4375 0.929688 0.429688 0.921875
0 0.40625 0.859375 0.402344 0.863281 0.394531 0.863281 0.390625 0.867188 0.390625 0.878906 0.394531 0.882812 0.394531 0.886719 0.390625 0.890625 0.390625 0.898438 0.394531 0.902344 0.40625 0.902344 0.410156 0.898438 0.414062 0.898438 0.421875 0.890625 0.421875 0.878906 0.417969 0.875 0.417969 0.863281 0.414062 0.859375
0 0.449219 0.613281 0.441406 0.621094 0.441406 0.625 0.4375 0.628906 0.4375 0.636719 0.433594 0.640625 0.433594 0.65625 0.441406 0.664062 0.453125 0.664062 0.464844 0.652344 0.464844 0.644531 0.457031 0.636719 0.457031 0.632812 0.464844 0.625 0.464844 0.617188 0.460938 0.613281
0 0.0625 0.824219 0.0546875 0.832031 0.0546875 0.84375 0.0664062 0.855469 0.0742188 0.855469 0.0820312 0.847656 0.0820312 0.832031 0.0742188 0.824219
0 0.660156 0.5 0.648438 0.511719 0.648438 0.535156 0.660156 0.546875 0.664062 0.546875 0.667969 0.550781 0.679688 0.550781 0.6875 0.542969 0.6875 0.535156 0.695312 0.527344 0.695312 0.507812 0.691406 0.503906 0.6875 0.503906 0.683594 0.5
0 0.765625 0.742188 0.757812 0.75 0.753906 0.75 0.746094 0.757812 0.746094 0.761719 0.742188 0.765625 0.742188 0.773438 0.75 0.78125 0.753906 0.78125 0.757812 0.785156 0.773438 0.785156 0.785156 0.773438 0.785156 0.75 0.78125 0.746094 0.777344 0.746094 0.773438 0.742188
0 0.382812 0.925781 0.378906 0.929688 0.378906 0.949219 0.382812 0.953125 0.40625 0.953125 0.410156 0.949219 0.410156 0.9375 0.40625 0.933594 0.40625 0.929688 0.402344 0.929688 0.398438 0.925781
0 0.773438 0.621094 0.765625 0.628906 0.765625 0.632812 0.75 0.648438 0.75 0.652344 0.746094 0.65625 0.746094 0.667969 0.75 0.671875 0.761719 0.671875 0.769531 0.664062 0.769531 0.660156 0.777344 0.652344 0.777344 0.648438 0.78125 0.644531 0.78125 0.640625 0.785156 0.636719 0.785156 0.625 0.78125 0.621094
0 0.273438 0.738281 0.265625 0.746094 0.265625 0.75 0.261719 0.753906 0.261719 0.769531 0.265625 0.773438 0.273438 0.773438 0.277344 0.777344 0.285156 0.777344 0.296875 0.765625 0.296875 0.757812 0.300781 0.753906 0.300781 0.746094 0.292969 0.738281
0 0.59375 0.902344 0.589844 0.90625 0.589844 0.910156 0.582031 0.917969 0.582031 0.9375 0.585938 0.941406 0.59375 0.941406 0.601562 0.933594 0.601562 0.929688 0.605469 0.925781 0.605469 0.917969 0.609375 0.914062 0.609375 0.90625 0.605469 0.902344
0 0.722656 0.683594 0.71875 0.6875 0.714844 0.6875 0.710938 0.691406 0.71875 0.699219 0.71875 0.707031 0.714844 0.710938 0.714844 0.71875 0.707031 0.726562 0.710938 0.730469 0.714844 0.730469 0.71875 0.734375 0.734375 0.734375 0.75 0.71875 0.75 0.714844 0.753906 0.710938 0.753906 0.703125 0.75 0.699219 0.75 0.695312 0.742188 0.6875 0.738281 0.6875 0.734375 0.683594
0 0.605469 0.957031 0.601562 0.960938 0.601562 0.984375 0.605469 0.988281 0.609375 0.988281 0.613281 0.984375 0.613281 0.960938 0.609375 0.957031
0 0.878906 0.296875 0.871094 0.304688 0.871094 0.328125 0.875 0.332031 0.890625 0.332031 0.898438 0.324219 0.898438 0.3125 0.894531 0.308594 0.894531 0.304688 0.886719 0.296875
0 0.84375 0.273438 0.839844 0.277344 0.839844 0.289062 0.84375 0.292969 0.851562 0.292969 0.859375 0.285156 0.859375 0.28125 0.851562 0.273438
0 0.8125 0.679688 0.808594 0.683594 0.804688 0.683594 0.800781 0.6875 0.800781 0.71875 0.804688 0.722656 0.804688 0.726562 0.808594 0.730469 0.820312 0.730469 0.828125 0.722656 0.828125 0.71875 0.832031 0.714844 0.832031 0.695312 0.828125 0.691406 0.828125 0.6875 0.824219 0.683594 0.820312 0.683594 0.816406 0.679688
0 0.164062 0.0703125 0.160156 0.0742188 0.15625 0.0742188 0.144531 0.0859375 0.144531 0.0898438 0.140625 0.09375 0.140625 0.0976562 0.144531 0.101562 0.164062 0.101562 0.175781 0.0898438 0.175781 0.078125 0.167969 0.0703125
0 0.613281 0.886719 0.605469 0.894531 0.605469 0.898438 0.613281 0.90625 0.613281 0.914062 0.609375 0.917969 0.609375 0.925781 0.605469 0.929688 0.605469 0.933594 0.625 0.933594 0.632812 0.925781 0.632812 0.921875 0.636719 0.917969 0.636719 0.914062 0.640625 0.910156 0.640625 0.894531 0.636719 0.890625 0.632812 0.890625 0.628906 0.886719
0 0.613281 0.613281 0.605469 0.621094 0.605469 0.625 0.601562 0.628906 0.601562 0.640625 0.605469 0.644531 0.605469 0.648438 0.621094 0.664062 0.636719 0.664062 0.640625 0.660156 0.640625 0.625 0.636719 0.621094 0.628906 0.621094 0.621094 0.613281
0 0.597656 0.765625 0.585938 0.777344 0.585938 0.796875 0.59375 0.804688 0.617188 0.804688 0.621094 0.800781 0.625 0.800781 0.628906 0.796875 0.628906 0.777344 0.625 0.773438 0.625 0.769531 0.621094 0.765625
0 0.578125 0.855469 0.574219 0.859375 0.570312 0.859375 0.5625 0.867188 0.558594 0.867188 0.550781 0.875 0.558594 0.882812 0.570312 0.882812 0.578125 0.890625 0.585938 0.890625 0.59375 0.882812 0.59375 0.859375 0.589844 0.855469
0 0.675781 0.878906 0.667969 0.886719 0.667969 0.902344 0.679688 0.914062 0.6875 0.914062 0.691406 0.910156 0.695312 0.910156 0.699219 0.90625 0.703125 0.90625 0.707031 0.902344 0.707031 0.894531 0.691406 0.878906
0 0.21875 0.882812 0.210938 0.890625 0.210938 0.898438 0.21875 0.90625 0.234375 0.90625 0.238281 0.902344 0.238281 0.890625 0.230469 0.882812
0 0.613281 0.535156 0.605469 0.542969 0.605469 0.570312 0.613281 0.578125 0.625 0.578125 0.628906 0.574219 0.632812 0.574219 0.640625 0.566406 0.640625 0.554688 0.636719 0.550781 0.636719 0.542969 0.628906 0.535156
0 0.875 0.238281 0.871094 0.242188 0.871094 0.25 0.875 0.253906 0.882812 0.253906 0.886719 0.25 0.886719 0.242188 0.882812 0.238281
0 0.46875 0.621094 0.46875 0.625 0.460938 0.632812 0.460938 0.636719 0.46875 0.644531 0.46875 0.648438 0.472656 0.652344 0.476562 0.652344 0.480469 0.65625 0.496094 0.65625 0.5 0.652344 0.5 0.632812 0.488281 0.621094
0 0.148438 0.789062 0.144531 0.792969 0.144531 0.8125 0.148438 0.816406 0.164062 0.816406 0.167969 0.820312 0.175781 0.820312 0.175781 0.808594 0.179688 0.804688 0.171875 0.796875 0.167969 0.796875 0.164062 0.792969 0.160156 0.792969 0.15625 0.789062
0 0.859375 0.253906 0.847656 0.265625 0.847656 0.269531 0.851562 0.269531 0.859375 0.277344 0.867188 0.269531 0.867188 0.257812 0.863281 0.253906
0 0.316406 0.9375 0.308594 0.945312 0.308594 0.964844 0.3125 0.96875 0.3125 0.972656 0.316406 0.976562 0.320312 0.976562 0.324219 0.980469 0.347656 0.980469 0.351562 0.976562 0.351562 0.964844 0.347656 0.960938 0.347656 0.953125 0.335938 0.941406 0.332031 0.941406 0.328125 0.9375
0 0.6875 0.394531 0.683594 0.398438 0.671875 0.398438 0.664062 0.40625 0.664062 0.425781 0.667969 0.429688 0.671875 0.429688 0.675781 0.433594 0.679688 0.433594 0.683594 0.429688 0.6875 0.429688 0.703125 0.414062 0.703125 0.410156 0.699219 0.40625 0.699219 0.398438 0.695312 0.394531
0 0.570312 0.472656 0.566406 0.476562 0.5625 0.476562 0.550781 0.488281 0.550781 0.5 0.558594 0.507812 0.582031 0.507812 0.585938 0.503906 0.589844 0.503906 0.59375 0.5 0.59375 0.496094 0.597656 0.492188 0.597656 0.488281 0.59375 0.484375 0.59375 0.480469 0.585938 0.472656
