0 0.0625 0.0820312 0.0585938 0.0859375 0.0546875 0.0859375 0.0546875 0.0898438 0.0507812 0.09375 0.0507812 0.0976562 0.046875 0.101562 0.046875 0.105469 0.0429688 0.109375 0.0429688 0.113281 0.046875 0.117188 0.046875 0.125 0.0585938 0.136719 0.078125 0.136719 0.0820312 0.132812 0.0859375 0.132812 0.0898438 0.128906 0.0898438 0.121094 0.09375 0.117188 0.09375 0.0976562 0.0820312 0.0859375 0.078125 0.0859375 0.0742188 0.0820312
0 0.269531 0.910156 0.265625 0.914062 0.261719 0.914062 0.257812 0.917969 0.253906 0.917969 0.246094 0.925781 0.242188 0.925781 0.226562 0.941406 0.226562 0.945312 0.222656 0.949219 0.222656 0.953125 0.21875 0.957031 0.21875 0.964844 0.222656 0.96875 0.222656 0.972656 0.230469 0.980469 0.253906 0.980469 0.257812 0.976562 0.265625 0.976562 0.269531 0.972656 0.273438 0.972656 0.277344 0.96875 0.28125 0.96875 0.300781 0.949219 0.300781 0.945312 0.304688 0.941406 0.304688 0.917969 0.296875 0.910156
0 0.378906 0.367188 0.371094 0.375 0.367188 0.375 0.359375 0.382812 0.359375 0.386719 0.355469 0.390625 0.355469 0.402344 0.359375 0.40625 0.359375 0.410156 0.382812 0.410156 0.40625 0.386719 0.40625 0.378906 0.402344 0.375 0.402344 0.371094 0.398438 0.367188
0 0.777344 0.925781 0.765625 0.9375 0.765625 0.945312 0.761719 0.949219 0.761719 0.960938 0.765625 0.964844 0.765625 0.96875 0.777344 0.980469 0.785156 0.980469 0.789062 0.984375 0.789062 0.980469 0.792969 0.976562 0.796875 0.976562 0.804688 0.96875 0.804688 0.945312 0.800781 0.941406 0.800781 0.9375 0.796875 0.933594 0.796875 0.929688 0.792969 0.925781
0 0.976562 0.472656 0.972656 0.476562 0.96875 0.476562 0.957031 0.488281 0.957031 0.503906 0.964844 0.511719 0.980469 0.511719 0.984375 0.507812 0.988281 0.507812 0.996094 0.5 0.996094 0.472656
0 0.144531 0.0429688 0.140625 0.046875 0.136719 0.046875 0.132812 0.0507812 0.132812 0.0703125 0.136719 0.0742188 0.136719 0.078125 0.144531 0.0859375 0.152344 0.0859375 0.160156 0.078125 0.160156 0.0742188 0.164062 0.0703125 0.164062 0.0625 0.160156 0.0585938 0.160156 0.0546875 0.148438 0.0429688
0 0.78125 0.132812 0.777344 0.136719 0.773438 0.136719 0.769531 0.140625 0.769531 0.144531 0.765625 0.148438 0.765625 0.160156 0.769531 0.164062 0.769531 0.167969 0.773438 0.171875 0.777344 0.171875 0.78125 0.175781 0.785156 0.175781 0.789062 0.179688 0.796875 0.179688 0.800781 0.183594 0.816406 0.183594 0.816406 0.179688 0.820312 0.175781 0.820312 0.171875 0.824219 0.167969 0.824219 0.152344 0.808594 0.136719 0.804688 0.136719 0.800781 0.132812
0 0.828125 0.378906 0.824219 0.382812 0.816406 0.382812 0.8125 0.386719 0.8125 0.390625 0.808594 0.394531 0.8125 0.398438 0.8125 0.402344 0.820312 0.410156 0.824219 0.410156 0.828125 0.414062 0.832031 0.414062 0.835938 0.417969 0.847656 0.417969 0.851562 0.414062 0.851562 0.410156 0.855469 0.40625 0.855469 0.398438 0.839844 0.382812 0.835938 0.382812 0.832031 0.378906
0 0.925781 0.0546875 0.921875 0.0585938 0.921875 0.0625 0.917969 0.0664062 0.917969 0.0859375 0.921875 0.0898438 0.921875 0.09375 0.929688 0.101562 0.933594 0.101562 0.9375 0.105469 0.945312 0.105469 0.949219 0.101562 0.953125 0.101562 0.953125 0.0976562 0.960938 0.0898438 0.960938 0.0742188 0.957031 0.0703125 0.957031 0.0625 0.953125 0.0585938 0.949219 0.0585938 0.945312 0.0546875
0 0.378906 0.449219 0.375 0.453125 0.367188 0.453125 0.359375 0.460938 0.359375 0.464844 0.355469 0.46875 0.355469 0.484375 0.363281 0.492188 0.367188 0.492188 0.371094 0.496094 0.382812 0.496094 0.386719 0.492188 0.390625 0.492188 0.398438 0.484375 0.398438 0.480469 0.402344 0.476562 0.402344 0.460938 0.398438 0.457031 0.398438 0.453125 0.390625 0.453125 0.386719 0.449219
0 0.304688 0.621094 0.300781 0.625 0.289062 0.625 0.277344 0.636719 0.277344 0.652344 0.285156 0.660156 0.289062 0.660156 0.292969 0.664062 0.300781 0.664062 0.304688 0.660156 0.320312 0.660156 0.328125 0.652344 0.328125 0.632812 0.320312 0.625 0.3125 0.625 0.308594 0.621094
0 0.3125 0 0.316406 0.00390625 0.316406 0.0078125 0.320312 0.0117188 0.339844 0.0117188 0.34375 0.0078125 0.347656 0.0078125 0.355469 0 0.359375 0
