0 0.617188 0.0898438 0.609375 0.0976562 0.609375 0.117188 0.617188 0.125 0.625 0.125 0.632812 0.132812 0.632812 0.140625 0.660156 0.140625 0.667969 0.132812 0.667969 0.109375 0.664062 0.105469 0.664062 0.101562 0.652344 0.0898438
0 0.703125 0.808594 0.699219 0.8125 0.699219 0.839844 0.703125 0.84375 0.714844 0.84375 0.722656 0.835938 0.722656 0.828125 0.71875 0.824219 0.71875 0.8125 0.714844 0.808594
0 0.714844 0.222656 0.710938 0.226562 0.710938 0.234375 0.714844 0.238281 0.757812 0.238281 0.761719 0.234375 0.761719 0.230469 0.757812 0.226562 0.742188 0.226562 0.738281 0.222656
0 0.0234375 0 0.0195312 0.00390625 0.0195312 0.0234375 0.0351562 0.0234375 0.0390625 0.0195312 0.0429688 0.0195312 0.0546875 0.0078125 0.0546875 0
0 0.75 0.804688 0.75 0.8125 0.746094 0.816406 0.746094 0.820312 0.753906 0.828125 0.753906 0.835938 0.761719 0.84375 0.769531 0.84375 0.773438 0.839844 0.773438 0.828125 0.769531 0.824219 0.769531 0.816406 0.757812 0.804688
0 0.125 0.0195312 0.121094 0.0234375 0.121094 0.03125 0.117188 0.0351562 0.117188 0.0429688 0.125 0.0507812 0.132812 0.0507812 0.136719 0.046875 0.136719 0.0351562 0.140625 0.03125 0.140625 0.0234375 0.136719 0.0195312
0 0.808594 0.105469 0.800781 0.113281 0.800781 0.125 0.808594 0.132812 0.820312 0.132812 0.824219 0.128906 0.824219 0.109375 0.820312 0.105469
0 0.746094 0.203125 0.738281 0.210938 0.738281 0.21875 0.742188 0.222656 0.757812 0.222656 0.765625 0.230469 0.765625 0.234375 0.757812 0.242188 0.734375 0.242188 0.730469 0.246094 0.730469 0.257812 0.734375 0.261719 0.765625 0.261719 0.773438 0.253906 0.777344 0.253906 0.78125 0.25 0.78125 0.246094 0.785156 0.242188 0.785156 0.21875 0.78125 0.214844 0.78125 0.210938 0.773438 0.203125
0 0.03125 0.683594 0.0234375 0.691406 0.0234375 0.710938 0.03125 0.71875 0.0429688 0.71875 0.0507812 0.710938 0.0507812 0.699219 0.046875 0.695312 0.046875 0.6875 0.0429688 0.683594
0 0.742188 0.09375 0.734375 0.101562 0.730469 0.101562 0.730469 0.117188 0.738281 0.125 0.75 0.125 0.753906 0.121094 0.757812 0.121094 0.761719 0.117188 0.761719 0.101562 0.753906 0.09375
0 0.234375 0.0195312 0.230469 0.0234375 0.226562 0.0234375 0.222656 0.0273438 0.222656 0.046875 0.230469 0.0546875 0.234375 0.0546875 0.238281 0.0585938 0.25 0.0585938 0.253906 0.0546875 0.257812 0.0546875 0.257812 0.0507812 0.265625 0.0429688 0.265625 0.0273438 0.261719 0.0234375 0.257812 0.0234375 0.253906 0.0195312
0 0.484375 0.0820312 0.480469 0.0859375 0.480469 0.09375 0.484375 0.0976562 0.484375 0.109375 0.488281 0.113281 0.484375 0.117188 0.484375 0.121094 0.496094 0.132812 0.503906 0.132812 0.515625 0.121094 0.523438 0.121094 0.527344 0.125 0.546875 0.125 0.550781 0.128906 0.566406 0.128906 0.570312 0.132812 0.570312 0.128906 0.5625 0.121094 0.5625 0.113281 0.566406 0.109375 0.566406 0.0976562 0.5625 0.09375 0.535156 0.09375 0.519531 0.109375 0.511719 0.109375 0.5 0.0976562 0.5 0.0859375 0.496094 0.0820312
0 0.730469 0.625 0.726562 0.628906 0.726562 0.640625 0.730469 0.644531 0.738281 0.644531 0.742188 0.640625 0.742188 0.628906 0.738281 0.625
0 0.878906 0.871094 0.871094 0.878906 0.871094 0.894531 0.867188 0.898438 0.867188 0.902344 0.878906 0.914062 0.894531 0.914062 0.898438 0.910156 0.902344 0.910156 0.910156 0.902344 0.910156 0.894531 0.914062 0.890625 0.914062 0.882812 0.910156 0.878906 0.90625 0.878906 0.902344 0.875 0.898438 0.875 0.894531 0.871094
0 0.546875 0.00390625 0.542969 0.0078125 0.539062 0.0078125 0.53125 0.015625 0.535156 0.015625 0.546875 0.0273438 0.550781 0.0273438 0.5625 0.015625 0.5625 0.00390625
0 0.710938 0.0195312 0.707031 0.0234375 0.703125 0.0234375 0.695312 0.03125 0.695312 0.0390625 0.699219 0.0429688 0.699219 0.0507812 0.707031 0.0585938 0.710938 0.0585938 0.71875 0.0664062 0.734375 0.0664062 0.742188 0.0585938 0.742188 0.046875 0.738281 0.0429688 0.738281 0.0390625 0.734375 0.0390625 0.71875 0.0234375 0.714844 0.0234375
0 0.46875 0.0507812 0.46875 0.0546875 0.464844 0.0585938 0.464844 0.0742188 0.472656 0.0820312 0.480469 0.0820312 0.496094 0.0664062 0.496094 0.0546875 0.492188 0.0507812
0 0.640625 0 0.628906 0.0117188 0.628906 0.0273438 0.636719 0.0351562 0.648438 0.0351562 0.65625 0.0273438 0.65625 0.00390625 0.652344 0
0 0.785156 0.160156 0.78125 0.164062 0.78125 0.167969 0.777344 0.171875 0.777344 0.179688 0.773438 0.183594 0.773438 0.199219 0.777344 0.203125 0.785156 0.203125 0.789062 0.207031 0.804688 0.207031 0.808594 0.203125 0.808594 0.199219 0.8125 0.195312 0.8125 0.164062 0.808594 0.160156
0 0.515625 0.175781 0.507812 0.183594 0.507812 0.191406 0.511719 0.191406 0.515625 0.195312 0.523438 0.195312 0.527344 0.191406 0.527344 0.179688 0.523438 0.175781
0 0.9375 0.246094 0.929688 0.253906 0.929688 0.257812 0.925781 0.261719 0.925781 0.265625 0.921875 0.269531 0.921875 0.285156 0.925781 0.289062 0.925781 0.292969 0.9375 0.304688 0.949219 0.304688 0.953125 0.308594 0.957031 0.308594 0.960938 0.304688 0.964844 0.304688 0.976562 0.292969 0.976562 0.289062 0.980469 0.285156 0.980469 0.269531 0.976562 0.265625 0.976562 0.261719 0.96875 0.253906 0.964844 0.253906 0.960938 0.25 0.953125 0.25 0.949219 0.246094
0 0.894531 0.0117188 0.890625 0.015625 0.890625 0.0273438 0.894531 0.03125 0.894531 0.0351562 0.898438 0.0390625 0.898438 0.0429688 0.914062 0.0429688 0.914062 0.0390625 0.917969 0.0351562 0.917969 0.03125 0.914062 0.0273438 0.914062 0.0195312 0.910156 0.0195312 0.902344 0.0117188
0 0.445312 0.160156 0.4375 0.167969 0.4375 0.179688 0.445312 0.1875 0.464844 0.1875 0.472656 0.179688 0.472656 0.171875 0.46875 0.167969 0.460938 0.167969 0.457031 0.171875 0.453125 0.171875 0.449219 0.167969 0.449219 0.160156
0 0.234375 0.769531 0.230469 0.773438 0.230469 0.785156 0.238281 0.792969 0.246094 0.792969 0.25 0.789062 0.25 0.777344 0.242188 0.769531
0 0.589844 0.105469 0.582031 0.113281 0.578125 0.113281 0.574219 0.109375 0.570312 0.109375 0.566406 0.113281 0.566406 0.121094 0.570312 0.125 0.585938 0.125 0.589844 0.128906 0.601562 0.128906 0.605469 0.125 0.605469 0.113281 0.597656 0.105469
0 0.539062 0.945312 0.523438 0.960938 0.519531 0.960938 0.515625 0.964844 0.515625 0.972656 0.519531 0.976562 0.519531 0.980469 0.523438 0.984375 0.53125 0.984375 0.550781 0.964844 0.550781 0.949219 0.546875 0.945312
0 0.796875 0.00390625 0.792969 0.0078125 0.792969 0.015625 0.796875 0.0195312 0.804688 0.0195312 0.808594 0.015625 0.808594 0.0078125 0.804688 0.00390625
0 0.191406 0.75 0.1875 0.753906 0.1875 0.757812 0.183594 0.761719 0.183594 0.765625 0.179688 0.769531 0.179688 0.773438 0.164062 0.789062 0.164062 0.796875 0.167969 0.800781 0.183594 0.800781 0.191406 0.792969 0.191406 0.789062 0.195312 0.785156 0.195312 0.78125 0.203125 0.773438 0.203125 0.753906 0.199219 0.75
0 0.835938 0.980469 0.832031 0.984375 0.828125 0.984375 0.824219 0.988281 0.816406 0.988281 0.8125 0.984375 0.804688 0.984375 0.800781 0.988281 0.796875 0.988281 0.792969 0.992188 0.792969 0.996094 0.847656 0.996094 0.847656 0.984375 0.84375 0.980469
0 0.109375 0.0546875 0.105469 0.0585938 0.105469 0.0703125 0.109375 0.0742188 0.128906 0.0742188 0.132812 0.0703125 0.132812 0.0664062 0.136719 0.0625 0.136719 0.0585938 0.132812 0.0546875
0 0.992188 0.894531 0.988281 0.898438 0.988281 0.902344 0.984375 0.90625 0.984375 0.910156 0.980469 0.914062 0.980469 0.917969 0.976562 0.921875 0.976562 0.929688 0.980469 0.933594 0.996094 0.933594 0.996094 0.894531
0 0.179688 0.0429688 0.167969 0.0546875 0.167969 0.0585938 0.164062 0.0625 0.164062 0.0703125 0.171875 0.078125 0.171875 0.0820312 0.199219 0.0820312 0.207031 0.0742188 0.207031 0.0585938 0.203125 0.0546875 0.203125 0.0507812 0.199219 0.0507812 0.191406 0.0429688
0 0.945312 0.898438 0.941406 0.902344 0.941406 0.90625 0.933594 0.914062 0.933594 0.941406 0.9375 0.945312 0.945312 0.945312 0.949219 0.949219 0.984375 0.949219 0.988281 0.945312 0.988281 0.9375 0.980469 0.9375 0.972656 0.929688 0.972656 0.921875 0.976562 0.917969 0.976562 0.914062 0.980469 0.910156 0.980469 0.90625 0.976562 0.902344 0.972656 0.902344 0.96875 0.898438
0 0.507812 0.21875 0.503906 0.222656 0.503906 0.234375 0.507812 0.238281 0.523438 0.238281 0.523438 0.234375 0.527344 0.230469 0.527344 0.222656 0.523438 0.222656 0.519531 0.21875
0 0.8125 0.644531 0.808594 0.648438 0.804688 0.648438 0.800781 0.652344 0.800781 0.664062 0.796875 0.667969 0.796875 0.683594 0.800781 0.6875 0.800781 0.691406 0.804688 0.695312 0.808594 0.695312 0.816406 0.703125 0.828125 0.703125 0.832031 0.699219 0.835938 0.699219 0.839844 0.695312 0.84375 0.695312 0.855469 0.683594 0.855469 0.664062 0.839844 0.648438 0.832031 0.648438 0.828125 0.644531
0 0.808594 0 0.808594 0.00390625 0.8125 0.0078125 0.8125 0.015625 0.808594 0.0195312 0.8125 0.0234375 0.816406 0.0234375 0.820312 0.0273438 0.828125 0.0273438 0.832031 0.03125 0.835938 0.03125 0.839844 0.0273438 0.84375 0.0273438 0.847656 0.0234375 0.847656 0.0117188 0.835938 0
0 0.628906 0.152344 0.625 0.15625 0.625 0.160156 0.617188 0.167969 0.617188 0.171875 0.613281 0.175781 0.613281 0.183594 0.617188 0.1875 0.625 0.1875 0.628906 0.183594 0.632812 0.183594 0.640625 0.191406 0.640625 0.195312 0.644531 0.199219 0.652344 0.199219 0.65625 0.195312 0.65625 0.1875 0.648438 0.179688 0.648438 0.171875 0.644531 0.167969 0.644531 0.15625 0.640625 0.152344
0 0.578125 0.914062 0.574219 0.917969 0.570312 0.917969 0.5625 0.925781 0.5625 0.929688 0.558594 0.933594 0.558594 0.945312 0.554688 0.949219 0.554688 0.964844 0.550781 0.96875 0.550781 0.980469 0.554688 0.984375 0.558594 0.984375 0.566406 0.992188 0.570312 0.992188 0.574219 0.996094 0.605469 0.996094 0.628906 0.972656 0.628906 0.945312 0.625 0.941406 0.625 0.933594 0.621094 0.929688 0.621094 0.925781 0.613281 0.917969 0.609375 0.917969 0.605469 0.914062
0 0.714844 0.5625 0.710938 0.566406 0.710938 0.574219 0.714844 0.578125 0.722656 0.578125 0.726562 0.574219 0.726562 0.566406 0.722656 0.5625
0 0.203125 0.777344 0.199219 0.78125 0.199219 0.785156 0.195312 0.789062 0.195312 0.800781 0.199219 0.804688 0.222656 0.804688 0.226562 0.800781 0.226562 0.785156 0.21875 0.777344
0 0.164062 0.105469 0.160156 0.109375 0.15625 0.109375 0.15625 0.128906 0.167969 0.140625 0.1875 0.140625 0.195312 0.132812 0.195312 0.113281 0.1875 0.105469
0 0.527344 0.523438 0.515625 0.535156 0.515625 0.546875 0.519531 0.550781 0.53125 0.550781 0.535156 0.554688 0.539062 0.554688 0.550781 0.566406 0.550781 0.574219 0.554688 0.578125 0.5625 0.578125 0.566406 0.574219 0.566406 0.542969 0.5625 0.539062 0.5625 0.53125 0.554688 0.523438
0 0.722656 0.746094 0.71875 0.75 0.714844 0.75 0.710938 0.753906 0.710938 0.757812 0.707031 0.761719 0.707031 0.789062 0.714844 0.796875 0.714844 0.804688 0.726562 0.816406 0.742188 0.816406 0.746094 0.8125 0.746094 0.804688 0.75 0.800781 0.75 0.792969 0.753906 0.789062 0.753906 0.777344 0.75 0.773438 0.75 0.757812 0.742188 0.75 0.738281 0.75 0.734375 0.746094
0 0.832031 0.804688 0.824219 0.8125 0.824219 0.828125 0.828125 0.832031 0.828125 0.839844 0.832031 0.84375 0.839844 0.84375 0.847656 0.835938 0.847656 0.8125 0.839844 0.804688
0 0.0625 0 0.0625 0.0117188 0.0664062 0.015625 0.0703125 0.015625 0.0742188 0.0195312 0.0898438 0.0195312 0.09375 0.015625 0.09375 0.0117188 0.0976562 0.0078125 0.0976562 0
0 0.265625 0.046875 0.261719 0.0507812 0.261719 0.0703125 0.269531 0.078125 0.273438 0.078125 0.277344 0.0820312 0.28125 0.0820312 0.285156 0.0859375 0.300781 0.0859375 0.304688 0.0820312 0.304688 0.0664062 0.289062 0.0507812 0.28125 0.0507812 0.277344 0.046875
0 0.613281 0.128906 0.609375 0.132812 0.609375 0.140625 0.613281 0.144531 0.625 0.144531 0.628906 0.140625 0.628906 0.132812 0.625 0.128906
0 0.722656 0.601562 0.71875 0.605469 0.714844 0.605469 0.710938 0.609375 0.710938 0.613281 0.714844 0.617188 0.734375 0.617188 0.738281 0.613281 0.738281 0.605469 0.734375 0.601562
0 0.351562 0.0546875 0.34375 0.0625 0.34375 0.078125 0.355469 0.0898438 0.371094 0.0898438 0.375 0.0859375 0.375 0.0820312 0.378906 0.078125 0.378906 0.0625 0.371094 0.0546875
0 0.722656 0.144531 0.71875 0.148438 0.71875 0.164062 0.738281 0.183594 0.75 0.183594 0.757812 0.175781 0.757812 0.171875 0.761719 0.167969 0.761719 0.160156 0.753906 0.152344 0.753906 0.148438 0.75 0.144531
0 0.671875 0.539062 0.667969 0.542969 0.667969 0.558594 0.679688 0.570312 0.679688 0.574219 0.683594 0.578125 0.6875 0.578125 0.691406 0.574219 0.691406 0.570312 0.695312 0.566406 0.695312 0.558594 0.683594 0.546875 0.683594 0.542969 0.679688 0.539062
0 0.679688 0.828125 0.671875 0.835938 0.671875 0.84375 0.667969 0.847656 0.667969 0.851562 0.671875 0.855469 0.671875 0.863281 0.683594 0.875 0.6875 0.875 0.691406 0.878906 0.695312 0.878906 0.699219 0.882812 0.714844 0.882812 0.722656 0.875 0.722656 0.851562 0.71875 0.847656 0.703125 0.847656 0.695312 0.839844 0.695312 0.832031 0.691406 0.828125
0 0.160156 0.695312 0.15625 0.699219 0.15625 0.710938 0.175781 0.730469 0.179688 0.730469 0.183594 0.734375 0.195312 0.734375 0.199219 0.730469 0.199219 0.726562 0.203125 0.722656 0.203125 0.714844 0.199219 0.710938 0.195312 0.710938 0.183594 0.699219 0.175781 0.699219 0.171875 0.695312
0 0.847656 0.167969 0.84375 0.171875 0.84375 0.183594 0.839844 0.1875 0.839844 0.195312 0.847656 0.203125 0.851562 0.203125 0.855469 0.207031 0.863281 0.207031 0.867188 0.210938 0.886719 0.210938 0.894531 0.203125 0.894531 0.195312 0.875 0.175781 0.871094 0.175781 0.867188 0.171875 0.863281 0.171875 0.859375 0.167969
0 0.523438 0.0195312 0.515625 0.0273438 0.515625 0.0390625 0.523438 0.0390625 0.527344 0.0429688 0.53125 0.0429688 0.535156 0.0390625 0.542969 0.0390625 0.546875 0.0351562 0.546875 0.03125 0.535156 0.0195312
0 0 0.824219 0 0.890625 0.00390625 0.890625 0.0078125 0.886719 0.0117188 0.886719 0.015625 0.882812 0.015625 0.878906 0.0195312 0.875 0.0195312 0.839844 0.015625 0.835938 0.015625 0.832031 0.0117188 0.828125 0.0078125 0.828125 0.00390625 0.824219
0 0.8125 0.222656 0.804688 0.230469 0.804688 0.246094 0.8125 0.253906 0.820312 0.253906 0.828125 0.246094 0.828125 0.222656
0 0.699219 0.132812 0.699219 0.136719 0.695312 0.140625 0.691406 0.136719 0.6875 0.140625 0.683594 0.140625 0.683594 0.148438 0.679688 0.152344 0.679688 0.15625 0.675781 0.160156 0.675781 0.171875 0.691406 0.171875 0.699219 0.164062 0.699219 0.160156 0.703125 0.15625 0.703125 0.152344 0.707031 0.148438 0.707031 0.136719 0.703125 0.132812
0 0.863281 0.0390625 0.855469 0.046875 0.855469 0.0625 0.859375 0.0664062 0.859375 0.0703125 0.867188 0.078125 0.882812 0.078125 0.886719 0.0742188 0.886719 0.0703125 0.878906 0.0625 0.878906 0.046875 0.875 0.0429688 0.875 0.0390625
0 0.847656 0.839844 0.839844 0.847656 0.839844 0.855469 0.84375 0.859375 0.855469 0.859375 0.863281 0.851562 0.863281 0.84375 0.859375 0.839844
