0 0.695312 0.871094 0.691406 0.875 0.675781 0.875 0.671875 0.878906 0.667969 0.878906 0.65625 0.890625 0.65625 0.894531 0.652344 0.898438 0.652344 0.902344 0.648438 0.90625 0.648438 0.941406 0.652344 0.945312 0.652344 0.957031 0.65625 0.960938 0.65625 0.964844 0.667969 0.976562 0.671875 0.976562 0.675781 0.980469 0.679688 0.980469 0.683594 0.984375 0.714844 0.984375 0.71875 0.980469 0.722656 0.980469 0.738281 0.964844 0.738281 0.960938 0.742188 0.957031 0.742188 0.953125 0.746094 0.949219 0.746094 0.941406 0.75 0.9375 0.75 0.90625 0.746094 0.902344 0.746094 0.898438 0.730469 0.882812 0.726562 0.882812 0.722656 0.878906 0.71875 0.878906 0.714844 0.875 0.699219 0.875
0 0.496094 0.542969 0.492188 0.546875 0.488281 0.546875 0.484375 0.550781 0.480469 0.550781 0.464844 0.566406 0.464844 0.570312 0.457031 0.578125 0.457031 0.585938 0.453125 0.589844 0.453125 0.597656 0.457031 0.601562 0.457031 0.609375 0.460938 0.613281 0.460938 0.617188 0.46875 0.625 0.472656 0.625 0.476562 0.628906 0.480469 0.628906 0.484375 0.632812 0.492188 0.632812 0.496094 0.636719 0.507812 0.636719 0.511719 0.632812 0.523438 0.632812 0.527344 0.628906 0.53125 0.628906 0.535156 0.625 0.539062 0.625 0.546875 0.617188 0.546875 0.613281 0.554688 0.605469 0.554688 0.574219 0.542969 0.5625 0.542969 0.558594 0.539062 0.558594 0.53125 0.550781 0.527344 0.550781 0.523438 0.546875 0.515625 0.546875 0.511719 0.542969
0 0.800781 0.949219 0.796875 0.953125 0.78125 0.953125 0.777344 0.957031 0.773438 0.957031 0.769531 0.960938 0.765625 0.960938 0.757812 0.96875 0.757812 0.972656 0.753906 0.976562 0.753906 0.996094 0.863281 0.996094 0.863281 0.992188 0.859375 0.988281 0.859375 0.984375 0.855469 0.980469 0.855469 0.976562 0.835938 0.957031 0.832031 0.957031 0.828125 0.953125 0.820312 0.953125 0.816406 0.949219
0 0.105469 0 0.101562 0.00390625 0.0976562 0.00390625 0.0859375 0.015625 0.0820312 0.015625 0.078125 0.0195312 0.078125 0.046875 0.0742188 0.0507812 0.0742188 0.0585938 0.078125 0.0625 0.0820312 0.0625 0.0859375 0.0585938 0.09375 0.0585938 0.101562 0.0664062 0.101562 0.0625 0.109375 0.0546875 0.113281 0.0546875 0.125 0.0429688 0.128906 0.0429688 0.132812 0.0390625 0.136719 0.0390625 0.140625 0.0351562 0.144531 0.0351562 0.148438 0.03125 0.148438 0.0273438 0.140625 0.0195312 0.140625 0.0078125 0.136719 0.0078125 0.128906 0
0 0.300781 0.75 0.296875 0.753906 0.289062 0.753906 0.285156 0.757812 0.28125 0.757812 0.28125 0.761719 0.273438 0.769531 0.273438 0.777344 0.269531 0.78125 0.269531 0.8125 0.273438 0.816406 0.273438 0.824219 0.285156 0.835938 0.289062 0.835938 0.292969 0.839844 0.300781 0.839844 0.304688 0.84375 0.3125 0.84375 0.316406 0.839844 0.328125 0.839844 0.332031 0.835938 0.335938 0.835938 0.351562 0.820312 0.351562 0.816406 0.355469 0.8125 0.355469 0.78125 0.351562 0.777344 0.351562 0.773438 0.335938 0.757812 0.332031 0.757812 0.328125 0.753906 0.320312 0.753906 0.316406 0.75
0 0.882812 0.0859375 0.878906 0.0898438 0.867188 0.0898438 0.863281 0.09375 0.855469 0.09375 0.847656 0.101562 0.84375 0.101562 0.839844 0.105469 0.839844 0.109375 0.835938 0.113281 0.835938 0.117188 0.832031 0.121094 0.832031 0.144531 0.835938 0.148438 0.835938 0.160156 0.839844 0.164062 0.839844 0.167969 0.84375 0.171875 0.84375 0.175781 0.855469 0.1875 0.859375 0.1875 0.863281 0.191406 0.875 0.191406 0.878906 0.1875 0.886719 0.1875 0.890625 0.183594 0.894531 0.183594 0.898438 0.179688 0.902344 0.179688 0.925781 0.15625 0.925781 0.152344 0.929688 0.148438 0.929688 0.140625 0.933594 0.136719 0.933594 0.132812 0.929688 0.128906 0.929688 0.117188 0.925781 0.113281 0.925781 0.109375 0.910156 0.09375 0.90625 0.09375 0.902344 0.0898438 0.898438 0.0898438 0.894531 0.0859375
0 0.601562 0.605469 0.597656 0.609375 0.59375 0.609375 0.582031 0.621094 0.582031 0.628906 0.578125 0.632812 0.578125 0.667969 0.582031 0.671875 0.582031 0.675781 0.585938 0.679688 0.585938 0.683594 0.597656 0.695312 0.601562 0.695312 0.609375 0.703125 0.613281 0.703125 0.617188 0.707031 0.625 0.707031 0.628906 0.710938 0.644531 0.710938 0.648438 0.707031 0.652344 0.707031 0.65625 0.703125 0.660156 0.703125 0.664062 0.699219 0.664062 0.695312 0.667969 0.691406 0.667969 0.6875 0.671875 0.683594 0.671875 0.648438 0.667969 0.644531 0.667969 0.640625 0.664062 0.636719 0.664062 0.632812 0.65625 0.625 0.65625 0.621094 0.648438 0.613281 0.644531 0.613281 0.640625 0.609375 0.636719 0.609375 0.632812 0.605469
0 0.136719 0.273438 0.132812 0.277344 0.128906 0.277344 0.125 0.28125 0.125 0.285156 0.121094 0.289062 0.121094 0.300781 0.117188 0.304688 0.117188 0.320312 0.121094 0.324219 0.121094 0.328125 0.128906 0.335938 0.132812 0.335938 0.136719 0.339844 0.15625 0.339844 0.160156 0.335938 0.164062 0.335938 0.171875 0.328125 0.171875 0.324219 0.175781 0.320312 0.175781 0.292969 0.160156 0.277344 0.152344 0.277344 0.148438 0.273438
0 0.589844 0.265625 0.585938 0.269531 0.578125 0.269531 0.574219 0.273438 0.570312 0.273438 0.558594 0.285156 0.558594 0.292969 0.554688 0.296875 0.554688 0.320312 0.558594 0.324219 0.558594 0.328125 0.574219 0.34375 0.578125 0.34375 0.582031 0.347656 0.605469 0.347656 0.609375 0.34375 0.613281 0.34375 0.617188 0.339844 0.621094 0.339844 0.632812 0.328125 0.632812 0.324219 0.636719 0.320312 0.636719 0.300781 0.632812 0.296875 0.632812 0.292969 0.613281 0.273438 0.609375 0.273438 0.605469 0.269531 0.597656 0.269531 0.59375 0.265625
0 0.875 0 0.875 0.00390625 0.871094 0.0078125 0.871094 0.0429688 0.875 0.046875 0.875 0.0507812 0.878906 0.0546875 0.878906 0.0585938 0.890625 0.0703125 0.894531 0.0703125 0.898438 0.0742188 0.933594 0.0742188 0.9375 0.0703125 0.941406 0.0703125 0.945312 0.0664062 0.949219 0.0664062 0.96875 0.046875 0.96875 0.0429688 0.972656 0.0390625 0.972656 0.03125 0.976562 0.0273438 0.976562 0.00390625 0.972656 0
0 0.0390625 0.277344 0.0351562 0.28125 0.03125 0.28125 0.03125 0.285156 0.0273438 0.289062 0.0273438 0.308594 0.03125 0.3125 0.03125 0.316406 0.0351562 0.320312 0.0390625 0.320312 0.0429688 0.324219 0.0546875 0.324219 0.0585938 0.320312 0.0625 0.320312 0.0664062 0.316406 0.0664062 0.3125 0.0703125 0.308594 0.0703125 0.296875 0.0625 0.289062 0.0625 0.285156 0.0585938 0.285156 0.0507812 0.277344
0 0 0.660156 0 0.757812 0.015625 0.757812 0.0195312 0.753906 0.0234375 0.753906 0.0390625 0.738281 0.0390625 0.734375 0.0429688 0.730469 0.0429688 0.695312 0.0390625 0.691406 0.0390625 0.6875 0.0351562 0.683594 0.0351562 0.679688 0.0195312 0.664062 0.015625 0.664062 0.0117188 0.660156
0 0.167969 0.0546875 0.164062 0.0585938 0.152344 0.0585938 0.148438 0.0625 0.144531 0.0625 0.140625 0.0664062 0.136719 0.0664062 0.117188 0.0859375 0.125 0.09375 0.125 0.0976562 0.128906 0.101562 0.132812 0.101562 0.136719 0.105469 0.140625 0.105469 0.144531 0.109375 0.164062 0.109375 0.164062 0.105469 0.179688 0.0898438 0.179688 0.078125 0.183594 0.0742188 0.183594 0.0664062 0.175781 0.0585938 0.175781 0.0546875
0 0.507812 0.867188 0.503906 0.871094 0.496094 0.871094 0.480469 0.886719 0.480469 0.890625 0.476562 0.894531 0.476562 0.898438 0.472656 0.902344 0.472656 0.925781 0.492188 0.945312 0.496094 0.945312 0.5 0.949219 0.503906 0.949219 0.507812 0.953125 0.515625 0.953125 0.519531 0.957031 0.535156 0.957031 0.539062 0.953125 0.546875 0.953125 0.5625 0.9375 0.5625 0.933594 0.566406 0.929688 0.566406 0.925781 0.570312 0.921875 0.570312 0.90625 0.566406 0.902344 0.566406 0.898438 0.5625 0.894531 0.5625 0.890625 0.558594 0.886719 0.554688 0.886719 0.546875 0.878906 0.542969 0.878906 0.539062 0.875 0.53125 0.875 0.527344 0.871094 0.519531 0.871094 0.515625 0.867188
0 0.378906 0.859375 0.375 0.863281 0.371094 0.863281 0.355469 0.878906 0.355469 0.882812 0.351562 0.886719 0.351562 0.894531 0.347656 0.898438 0.347656 0.914062 0.351562 0.917969 0.355469 0.917969 0.359375 0.921875 0.363281 0.921875 0.367188 0.925781 0.382812 0.925781 0.386719 0.929688 0.390625 0.929688 0.394531 0.933594 0.398438 0.933594 0.402344 0.9375 0.40625 0.9375 0.410156 0.941406 0.414062 0.941406 0.429688 0.925781 0.429688 0.921875 0.433594 0.917969 0.433594 0.914062 0.4375 0.910156 0.4375 0.886719 0.433594 0.882812 0.433594 0.878906 0.417969 0.863281 0.414062 0.863281 0.410156 0.859375
0 0.988281 0.9375 0.984375 0.941406 0.980469 0.941406 0.972656 0.949219 0.972656 0.953125 0.964844 0.960938 0.964844 0.96875 0.960938 0.972656 0.960938 0.980469 0.957031 0.984375 0.957031 0.992188 0.960938 0.996094 0.996094 0.996094 0.996094 0.9375
0 0.730469 0.714844 0.726562 0.71875 0.722656 0.71875 0.71875 0.722656 0.714844 0.722656 0.710938 0.726562 0.707031 0.726562 0.699219 0.734375 0.699219 0.738281 0.695312 0.742188 0.695312 0.746094 0.691406 0.75 0.691406 0.777344 0.695312 0.78125 0.695312 0.785156 0.699219 0.789062 0.699219 0.792969 0.707031 0.800781 0.710938 0.800781 0.714844 0.804688 0.71875 0.804688 0.722656 0.808594 0.757812 0.808594 0.761719 0.804688 0.765625 0.804688 0.769531 0.800781 0.773438 0.800781 0.78125 0.792969 0.78125 0.789062 0.785156 0.785156 0.785156 0.78125 0.789062 0.777344 0.789062 0.773438 0.792969 0.769531 0.792969 0.742188 0.789062 0.738281 0.789062 0.734375 0.773438 0.71875 0.769531 0.71875 0.765625 0.714844
0 0.347656 0.945312 0.34375 0.949219 0.339844 0.949219 0.332031 0.957031 0.328125 0.957031 0.3125 0.972656 0.3125 0.976562 0.308594 0.980469 0.308594 0.988281 0.304688 0.992188 0.304688 0.996094 0.40625 0.996094 0.40625 0.984375 0.402344 0.980469 0.402344 0.972656 0.398438 0.96875 0.398438 0.964844 0.390625 0.957031 0.382812 0.957031 0.378906 0.953125 0.375 0.953125 0.371094 0.949219 0.359375 0.949219 0.355469 0.945312
0 0.0507812 0.164062 0.046875 0.167969 0.0429688 0.167969 0.0429688 0.171875 0.0390625 0.175781 0.0390625 0.179688 0.0351562 0.183594 0.0351562 0.207031 0.0390625 0.210938 0.0390625 0.214844 0.0429688 0.21875 0.0429688 0.222656 0.0546875 0.234375 0.0546875 0.238281 0.0585938 0.242188 0.0585938 0.246094 0.0625 0.25 0.0625 0.253906 0.0703125 0.253906 0.0742188 0.257812 0.078125 0.253906 0.105469 0.253906 0.109375 0.25 0.113281 0.25 0.117188 0.246094 0.117188 0.242188 0.121094 0.238281 0.121094 0.21875 0.117188 0.214844 0.117188 0.207031 0.109375 0.199219 0.109375 0.195312 0.0898438 0.175781 0.0859375 0.175781 0.0820312 0.171875 0.078125 0.171875 0.0742188 0.167969 0.0703125 0.167969 0.0664062 0.164062
0 0.261719 0 0.273438 0.0117188 0.277344 0.0117188 0.28125 0.015625 0.285156 0.015625 0.289062 0.0195312 0.296875 0.0195312 0.300781 0.0234375 0.316406 0.0234375 0.320312 0.0195312 0.324219 0.0195312 0.328125 0.015625 0.332031 0.015625 0.339844 0.0078125 0.339844 0.00390625 0.34375 0
0 0.929688 0.246094 0.925781 0.25 0.921875 0.25 0.914062 0.257812 0.910156 0.257812 0.910156 0.261719 0.902344 0.269531 0.902344 0.273438 0.898438 0.277344 0.898438 0.296875 0.902344 0.300781 0.902344 0.308594 0.921875 0.328125 0.925781 0.328125 0.929688 0.332031 0.933594 0.332031 0.9375 0.335938 0.96875 0.335938 0.972656 0.332031 0.976562 0.332031 0.980469 0.328125 0.984375 0.328125 0.996094 0.316406 0.996094 0.273438 0.992188 0.269531 0.992188 0.265625 0.980469 0.253906 0.976562 0.253906 0.972656 0.25 0.964844 0.25 0.960938 0.246094
0 0.847656 0.824219 0.84375 0.828125 0.800781 0.828125 0.796875 0.832031 0.792969 0.832031 0.785156 0.839844 0.78125 0.839844 0.769531 0.851562 0.769531 0.859375 0.765625 0.863281 0.765625 0.875 0.769531 0.878906 0.769531 0.890625 0.773438 0.894531 0.773438 0.902344 0.785156 0.914062 0.789062 0.914062 0.792969 0.917969 0.835938 0.917969 0.839844 0.914062 0.84375 0.914062 0.847656 0.910156 0.851562 0.910156 0.855469 0.90625 0.855469 0.902344 0.867188 0.890625 0.867188 0.886719 0.871094 0.882812 0.871094 0.878906 0.875 0.875 0.875 0.871094 0.878906 0.867188 0.878906 0.855469 0.882812 0.851562 0.882812 0.847656 0.878906 0.84375 0.878906 0.835938 0.875 0.832031 0.875 0.828125 0.871094 0.824219
0 0.21875 0.152344 0.214844 0.15625 0.207031 0.15625 0.179688 0.183594 0.179688 0.1875 0.175781 0.191406 0.175781 0.214844 0.183594 0.222656 0.191406 0.222656 0.195312 0.226562 0.207031 0.226562 0.210938 0.222656 0.21875 0.222656 0.222656 0.21875 0.226562 0.21875 0.238281 0.207031 0.238281 0.203125 0.242188 0.199219 0.242188 0.191406 0.246094 0.1875 0.246094 0.164062 0.238281 0.15625 0.234375 0.15625 0.230469 0.152344
0 0.433594 0.738281 0.429688 0.742188 0.425781 0.742188 0.414062 0.753906 0.414062 0.757812 0.410156 0.761719 0.410156 0.765625 0.40625 0.769531 0.40625 0.78125 0.410156 0.785156 0.410156 0.792969 0.414062 0.796875 0.414062 0.800781 0.417969 0.804688 0.417969 0.808594 0.421875 0.8125 0.425781 0.8125 0.433594 0.820312 0.4375 0.820312 0.441406 0.824219 0.445312 0.824219 0.453125 0.832031 0.457031 0.832031 0.460938 0.835938 0.46875 0.835938 0.472656 0.839844 0.480469 0.839844 0.484375 0.835938 0.492188 0.835938 0.511719 0.816406 0.511719 0.796875 0.507812 0.792969 0.507812 0.789062 0.503906 0.785156 0.503906 0.78125 0.5 0.777344 0.5 0.773438 0.496094 0.769531 0.496094 0.765625 0.492188 0.761719 0.492188 0.757812 0.488281 0.753906 0.488281 0.75 0.484375 0.75 0.476562 0.742188 0.46875 0.742188 0.464844 0.738281
0 0.59375 0.773438 0.589844 0.777344 0.585938 0.777344 0.582031 0.78125 0.582031 0.785156 0.578125 0.789062 0.578125 0.800781 0.574219 0.804688 0.574219 0.816406 0.578125 0.820312 0.578125 0.839844 0.582031 0.84375 0.582031 0.847656 0.597656 0.863281 0.601562 0.863281 0.605469 0.867188 0.613281 0.867188 0.617188 0.871094 0.648438 0.871094 0.652344 0.867188 0.65625 0.867188 0.667969 0.855469 0.667969 0.847656 0.671875 0.84375 0.671875 0.824219 0.667969 0.820312 0.667969 0.816406 0.664062 0.8125 0.664062 0.808594 0.660156 0.804688 0.660156 0.800781 0.640625 0.78125 0.636719 0.78125 0.632812 0.777344 0.628906 0.777344 0.625 0.773438
0 0.742188 0 0.746094 0 0.753906 0.0078125 0.761719 0.0078125 0.765625 0.0117188 0.796875 0.0117188 0.800781 0.0078125 0.808594 0.0078125 0.816406 0
0 0.0234375 0.00390625 0.0195312 0.0078125 0.015625 0.0078125 0.0117188 0.0117188 0.0078125 0.0117188 0.00390625 0.015625 0 0.015625 0 0.105469 0.0078125 0.105469 0.0117188 0.101562 0.015625 0.101562 0.0195312 0.0976562 0.0234375 0.0976562 0.0273438 0.09375 0.0273438 0.0820312 0.0429688 0.0664062 0.046875 0.0664062 0.0390625 0.0585938 0.0390625 0.0234375 0.0546875 0.0078125 0.0507812 0.00390625
0 0.261719 0.261719 0.257812 0.265625 0.25 0.265625 0.238281 0.277344 0.238281 0.28125 0.234375 0.285156 0.234375 0.304688 0.238281 0.308594 0.238281 0.316406 0.242188 0.320312 0.242188 0.324219 0.257812 0.339844 0.261719 0.339844 0.265625 0.34375 0.292969 0.34375 0.296875 0.339844 0.300781 0.339844 0.316406 0.324219 0.316406 0.316406 0.320312 0.3125 0.320312 0.304688 0.316406 0.300781 0.316406 0.292969 0.3125 0.289062 0.3125 0.285156 0.292969 0.265625 0.285156 0.265625 0.28125 0.261719
