0 0.675781 0.101562 0.671875 0.105469 0.671875 0.125 0.683594 0.136719 0.6875 0.136719 0.691406 0.140625 0.726562 0.140625 0.730469 0.136719 0.730469 0.121094 0.71875 0.109375 0.714844 0.109375 0.707031 0.101562
0 0.230469 0.902344 0.21875 0.914062 0.21875 0.917969 0.214844 0.921875 0.214844 0.957031 0.21875 0.960938 0.21875 0.976562 0.222656 0.980469 0.222656 0.984375 0.234375 0.996094 0.253906 0.996094 0.253906 0.992188 0.257812 0.988281 0.257812 0.984375 0.261719 0.980469 0.261719 0.976562 0.265625 0.972656 0.265625 0.960938 0.269531 0.957031 0.269531 0.9375 0.265625 0.933594 0.265625 0.929688 0.261719 0.925781 0.261719 0.921875 0.246094 0.90625 0.242188 0.90625 0.238281 0.902344
0 0.785156 0.714844 0.773438 0.726562 0.773438 0.742188 0.792969 0.761719 0.8125 0.761719 0.816406 0.757812 0.816406 0.753906 0.820312 0.75 0.820312 0.738281 0.816406 0.734375 0.816406 0.730469 0.804688 0.71875 0.800781 0.71875 0.796875 0.714844
0 0 0.03125 0 0.0546875 0.015625 0.0703125 0.0351562 0.0703125 0.0390625 0.0664062 0.0390625 0.0625 0.0429688 0.0585938 0.0429688 0.0507812 0.0390625 0.046875 0.0390625 0.0390625 0.0351562 0.0351562 0.0273438 0.0351562 0.0234375 0.03125
0 0.398438 0.0898438 0.394531 0.09375 0.394531 0.0976562 0.390625 0.101562 0.390625 0.105469 0.394531 0.109375 0.394531 0.113281 0.398438 0.117188 0.398438 0.121094 0.414062 0.136719 0.429688 0.136719 0.4375 0.128906 0.4375 0.113281 0.433594 0.109375 0.433594 0.105469 0.421875 0.09375 0.417969 0.09375 0.414062 0.0898438
0 0.566406 0.792969 0.558594 0.800781 0.558594 0.8125 0.574219 0.828125 0.578125 0.828125 0.582031 0.832031 0.601562 0.832031 0.605469 0.828125 0.605469 0.8125 0.59375 0.800781 0.589844 0.800781 0.582031 0.792969
0 0.570312 0.828125 0.5625 0.835938 0.5625 0.84375 0.566406 0.847656 0.566406 0.851562 0.570312 0.855469 0.574219 0.855469 0.589844 0.871094 0.601562 0.871094 0.605469 0.867188 0.605469 0.855469 0.585938 0.835938 0.582031 0.835938 0.578125 0.832031 0.574219 0.832031
0 0.105469 0.851562 0.101562 0.855469 0.101562 0.867188 0.0976562 0.871094 0.0976562 0.890625 0.105469 0.898438 0.117188 0.898438 0.125 0.890625 0.125 0.855469 0.121094 0.851562
0 0.148438 0.582031 0.140625 0.589844 0.140625 0.59375 0.136719 0.597656 0.136719 0.601562 0.140625 0.605469 0.140625 0.613281 0.144531 0.617188 0.144531 0.621094 0.15625 0.632812 0.171875 0.632812 0.179688 0.625 0.179688 0.609375 0.175781 0.605469 0.175781 0.601562 0.171875 0.597656 0.171875 0.59375 0.164062 0.585938 0.160156 0.585938 0.15625 0.582031
0 0.394531 0.15625 0.390625 0.160156 0.390625 0.179688 0.394531 0.183594 0.398438 0.183594 0.40625 0.191406 0.429688 0.191406 0.4375 0.183594 0.4375 0.171875 0.425781 0.160156 0.421875 0.160156 0.417969 0.15625
0 0.480469 0.574219 0.476562 0.578125 0.476562 0.582031 0.472656 0.585938 0.472656 0.597656 0.476562 0.601562 0.476562 0.605469 0.488281 0.617188 0.496094 0.617188 0.5 0.621094 0.503906 0.621094 0.507812 0.625 0.527344 0.625 0.53125 0.621094 0.53125 0.605469 0.527344 0.601562 0.527344 0.597656 0.511719 0.582031 0.507812 0.582031 0.503906 0.578125 0.5 0.578125 0.496094 0.574219
0 0.746094 0.558594 0.742188 0.5625 0.738281 0.5625 0.730469 0.570312 0.730469 0.589844 0.734375 0.59375 0.738281 0.59375 0.742188 0.597656 0.746094 0.597656 0.75 0.601562 0.765625 0.601562 0.769531 0.605469 0.773438 0.605469 0.78125 0.597656 0.785156 0.597656 0.789062 0.59375 0.789062 0.585938 0.785156 0.582031 0.785156 0.578125 0.769531 0.5625 0.765625 0.5625 0.761719 0.558594
0 0.0117188 0.277344 0.00390625 0.285156 0 0.285156 0 0.296875 0.0078125 0.304688 0.0078125 0.308594 0.0195312 0.320312 0.0234375 0.320312 0.03125 0.328125 0.0351562 0.328125 0.0429688 0.320312 0.0429688 0.308594 0.0390625 0.304688 0.0390625 0.296875 0.0234375 0.28125 0.0195312 0.28125 0.015625 0.277344
0 0.886719 0.144531 0.882812 0.148438 0.878906 0.148438 0.875 0.152344 0.875 0.15625 0.871094 0.160156 0.871094 0.167969 0.875 0.171875 0.875 0.175781 0.878906 0.179688 0.878906 0.183594 0.882812 0.183594 0.886719 0.1875 0.890625 0.1875 0.894531 0.191406 0.917969 0.191406 0.929688 0.179688 0.929688 0.164062 0.925781 0.160156 0.925781 0.15625 0.921875 0.152344 0.914062 0.152344 0.910156 0.148438 0.902344 0.148438 0.898438 0.144531
0 0.550781 0.75 0.546875 0.753906 0.546875 0.765625 0.570312 0.789062 0.582031 0.789062 0.585938 0.792969 0.589844 0.789062 0.589844 0.769531 0.582031 0.761719 0.578125 0.761719 0.566406 0.75
0 0.191406 0.761719 0.1875 0.765625 0.1875 0.773438 0.183594 0.777344 0.183594 0.78125 0.179688 0.785156 0.179688 0.8125 0.183594 0.816406 0.183594 0.824219 0.1875 0.828125 0.1875 0.832031 0.191406 0.835938 0.195312 0.835938 0.199219 0.839844 0.203125 0.839844 0.214844 0.828125 0.214844 0.789062 0.210938 0.785156 0.210938 0.777344 0.207031 0.773438 0.207031 0.769531 0.199219 0.761719
0 0.460938 0.851562 0.453125 0.859375 0.453125 0.886719 0.460938 0.894531 0.460938 0.898438 0.46875 0.90625 0.472656 0.90625 0.476562 0.910156 0.488281 0.910156 0.492188 0.90625 0.492188 0.902344 0.496094 0.898438 0.496094 0.878906 0.492188 0.875 0.492188 0.871094 0.488281 0.867188 0.488281 0.863281 0.480469 0.855469 0.472656 0.855469 0.46875 0.851562
0 0.316406 0.742188 0.3125 0.746094 0.308594 0.746094 0.296875 0.757812 0.296875 0.769531 0.300781 0.773438 0.300781 0.796875 0.304688 0.800781 0.304688 0.808594 0.3125 0.816406 0.320312 0.816406 0.324219 0.820312 0.328125 0.820312 0.339844 0.808594 0.339844 0.765625 0.335938 0.761719 0.335938 0.753906 0.324219 0.742188
0 0.179688 0.324219 0.167969 0.335938 0.167969 0.355469 0.1875 0.375 0.203125 0.375 0.214844 0.363281 0.214844 0.347656 0.195312 0.328125 0.191406 0.328125 0.1875 0.324219
0 0.203125 0.0820312 0.195312 0.0898438 0.195312 0.101562 0.199219 0.105469 0.199219 0.109375 0.210938 0.121094 0.238281 0.121094 0.246094 0.113281 0.246094 0.105469 0.242188 0.101562 0.242188 0.0976562 0.230469 0.0859375 0.226562 0.0859375 0.222656 0.0820312
0 0.820312 0.707031 0.816406 0.710938 0.816406 0.722656 0.828125 0.734375 0.828125 0.738281 0.835938 0.746094 0.839844 0.746094 0.847656 0.753906 0.859375 0.753906 0.863281 0.75 0.863281 0.734375 0.839844 0.710938 0.835938 0.710938 0.832031 0.707031
0 0.210938 0.210938 0.207031 0.214844 0.203125 0.214844 0.199219 0.21875 0.199219 0.234375 0.203125 0.238281 0.203125 0.242188 0.207031 0.246094 0.210938 0.246094 0.214844 0.25 0.238281 0.25 0.246094 0.242188 0.246094 0.226562 0.238281 0.21875 0.234375 0.21875 0.230469 0.214844 0.226562 0.214844 0.222656 0.210938
0 0.441406 0.234375 0.4375 0.238281 0.433594 0.238281 0.429688 0.242188 0.425781 0.242188 0.417969 0.25 0.417969 0.261719 0.425781 0.269531 0.429688 0.269531 0.433594 0.273438 0.460938 0.273438 0.464844 0.269531 0.46875 0.269531 0.472656 0.265625 0.472656 0.257812 0.46875 0.253906 0.46875 0.246094 0.457031 0.234375
0 0.140625 0.234375 0.132812 0.242188 0.132812 0.261719 0.136719 0.265625 0.140625 0.265625 0.144531 0.269531 0.152344 0.269531 0.15625 0.273438 0.171875 0.273438 0.175781 0.269531 0.179688 0.269531 0.183594 0.265625 0.183594 0.246094 0.179688 0.242188 0.175781 0.242188 0.171875 0.238281 0.164062 0.238281 0.160156 0.234375
0 0.359375 0.941406 0.347656 0.953125 0.347656 0.976562 0.351562 0.980469 0.351562 0.988281 0.359375 0.996094 0.371094 0.996094 0.378906 0.988281 0.378906 0.980469 0.382812 0.976562 0.382812 0.960938 0.378906 0.957031 0.378906 0.949219 0.375 0.945312 0.371094 0.945312 0.367188 0.941406
0 0.152344 0.398438 0.148438 0.402344 0.148438 0.40625 0.144531 0.410156 0.144531 0.425781 0.148438 0.429688 0.15625 0.429688 0.160156 0.433594 0.167969 0.433594 0.171875 0.4375 0.175781 0.4375 0.179688 0.433594 0.183594 0.433594 0.1875 0.429688 0.1875 0.417969 0.167969 0.398438
0 0.453125 0.402344 0.445312 0.410156 0.445312 0.414062 0.441406 0.417969 0.441406 0.425781 0.445312 0.429688 0.445312 0.433594 0.457031 0.445312 0.460938 0.445312 0.464844 0.449219 0.484375 0.449219 0.492188 0.441406 0.492188 0.425781 0.488281 0.421875 0.488281 0.417969 0.484375 0.414062 0.480469 0.414062 0.472656 0.40625 0.46875 0.40625 0.464844 0.402344
0 0.335938 0.0742188 0.328125 0.0820312 0.328125 0.0976562 0.34375 0.113281 0.347656 0.113281 0.351562 0.117188 0.367188 0.117188 0.371094 0.113281 0.371094 0.109375 0.375 0.105469 0.375 0.0859375 0.367188 0.078125 0.363281 0.078125 0.359375 0.0742188
0 0.292969 0.261719 0.285156 0.269531 0.285156 0.285156 0.296875 0.296875 0.332031 0.296875 0.335938 0.292969 0.335938 0.273438 0.328125 0.265625 0.324219 0.265625 0.320312 0.261719
0 0.628906 0.308594 0.621094 0.316406 0.621094 0.324219 0.625 0.328125 0.625 0.332031 0.636719 0.34375 0.640625 0.34375 0.644531 0.347656 0.664062 0.347656 0.667969 0.34375 0.667969 0.324219 0.65625 0.3125 0.652344 0.3125 0.648438 0.308594
0 0.554688 0.613281 0.550781 0.617188 0.550781 0.628906 0.554688 0.632812 0.554688 0.636719 0.570312 0.652344 0.570312 0.65625 0.574219 0.660156 0.59375 0.660156 0.601562 0.652344 0.601562 0.632812 0.597656 0.628906 0.597656 0.625 0.589844 0.617188 0.585938 0.617188 0.582031 0.613281
0 0.0585938 0.746094 0.0546875 0.75 0.0546875 0.753906 0.0507812 0.757812 0.0507812 0.765625 0.046875 0.769531 0.046875 0.789062 0.0507812 0.792969 0.0507812 0.796875 0.0546875 0.800781 0.0742188 0.800781 0.078125 0.796875 0.078125 0.746094
0 0.605469 0.191406 0.601562 0.195312 0.597656 0.195312 0.59375 0.199219 0.59375 0.21875 0.601562 0.226562 0.609375 0.226562 0.613281 0.230469 0.625 0.230469 0.628906 0.226562 0.636719 0.226562 0.644531 0.21875 0.644531 0.203125 0.640625 0.199219 0.636719 0.199219 0.628906 0.191406
0 0.671875 0.371094 0.667969 0.375 0.667969 0.398438 0.683594 0.414062 0.699219 0.414062 0.710938 0.402344 0.710938 0.386719 0.699219 0.375 0.695312 0.375 0.691406 0.371094
0 0.699219 0.0703125 0.691406 0.078125 0.691406 0.0898438 0.699219 0.0976562 0.707031 0.0976562 0.714844 0.105469 0.738281 0.105469 0.742188 0.101562 0.742188 0.0859375 0.730469 0.0742188 0.726562 0.0742188 0.722656 0.0703125
0 0.339844 0.492188 0.332031 0.5 0.332031 0.503906 0.328125 0.507812 0.328125 0.527344 0.332031 0.53125 0.332031 0.542969 0.339844 0.550781 0.347656 0.550781 0.351562 0.554688 0.363281 0.554688 0.367188 0.558594 0.375 0.558594 0.378906 0.554688 0.382812 0.554688 0.390625 0.546875 0.390625 0.542969 0.394531 0.539062 0.394531 0.535156 0.390625 0.53125 0.390625 0.519531 0.382812 0.511719 0.378906 0.511719 0.363281 0.496094 0.359375 0.496094 0.355469 0.492188
0 0.992188 0.355469 0.984375 0.363281 0.984375 0.378906 0.996094 0.390625 0.996094 0.355469
0 0.949219 0.304688 0.945312 0.308594 0.9375 0.308594 0.929688 0.316406 0.929688 0.328125 0.941406 0.339844 0.976562 0.339844 0.984375 0.332031 0.984375 0.316406 0.972656 0.304688
0 0.925781 0.878906 0.921875 0.882812 0.914062 0.882812 0.910156 0.886719 0.910156 0.902344 0.917969 0.910156 0.917969 0.914062 0.921875 0.917969 0.960938 0.917969 0.964844 0.914062 0.964844 0.898438 0.960938 0.894531 0.960938 0.890625 0.957031 0.886719 0.953125 0.886719 0.945312 0.878906
0 0.332031 0.179688 0.328125 0.183594 0.324219 0.183594 0.320312 0.1875 0.320312 0.199219 0.324219 0.203125 0.324219 0.207031 0.328125 0.210938 0.332031 0.210938 0.335938 0.214844 0.363281 0.214844 0.371094 0.207031 0.371094 0.1875 0.363281 0.179688
0 0.0117188 0.742188 0.0078125 0.746094 0.0078125 0.773438 0.0117188 0.777344 0.0117188 0.78125 0.015625 0.785156 0.0195312 0.785156 0.0234375 0.789062 0.03125 0.789062 0.0429688 0.777344 0.0429688 0.769531 0.0390625 0.765625 0.0390625 0.757812 0.0351562 0.753906 0.0351562 0.75 0.0273438 0.742188
