0 0.75 0.257812 0.746094 0.261719 0.742188 0.261719 0.734375 0.269531 0.734375 0.28125 0.738281 0.285156 0.738281 0.289062 0.742188 0.292969 0.753906 0.292969 0.761719 0.285156 0.761719 0.277344 0.765625 0.273438 0.765625 0.261719 0.761719 0.257812
0 0.511719 0.253906 0.507812 0.257812 0.503906 0.257812 0.496094 0.265625 0.496094 0.269531 0.492188 0.273438 0.492188 0.289062 0.5 0.296875 0.503906 0.296875 0.507812 0.300781 0.519531 0.300781 0.523438 0.296875 0.535156 0.296875 0.546875 0.285156 0.546875 0.28125 0.542969 0.277344 0.542969 0.273438 0.539062 0.269531 0.539062 0.265625 0.53125 0.257812 0.527344 0.257812 0.523438 0.253906
0 0.351562 0.105469 0.332031 0.125 0.332031 0.132812 0.339844 0.140625 0.351562 0.140625 0.355469 0.136719 0.359375 0.136719 0.363281 0.132812 0.363281 0.128906 0.371094 0.121094 0.371094 0.109375 0.367188 0.105469
0 0.582031 0.0078125 0.578125 0.0117188 0.578125 0.0195312 0.582031 0.0234375 0.582031 0.0351562 0.589844 0.0429688 0.597656 0.0429688 0.609375 0.0546875 0.613281 0.0546875 0.621094 0.046875 0.621094 0.0429688 0.617188 0.0390625 0.617188 0.0351562 0.589844 0.0078125
0 0.488281 0.00390625 0.484375 0.0078125 0.484375 0.015625 0.488281 0.0195312 0.511719 0.0195312 0.515625 0.015625 0.515625 0.0078125 0.511719 0.00390625
0 0.726562 0.546875 0.722656 0.550781 0.71875 0.550781 0.714844 0.554688 0.714844 0.558594 0.710938 0.5625 0.710938 0.570312 0.71875 0.578125 0.753906 0.578125 0.757812 0.574219 0.757812 0.566406 0.753906 0.5625 0.753906 0.558594 0.75 0.554688 0.75 0.550781 0.746094 0.546875
0 0.785156 0.00390625 0.78125 0.0078125 0.777344 0.0078125 0.773438 0.0117188 0.773438 0.0234375 0.777344 0.0273438 0.78125 0.0273438 0.785156 0.03125 0.804688 0.03125 0.808594 0.0273438 0.808594 0.0195312 0.792969 0.00390625
0 0.59375 0.109375 0.582031 0.121094 0.582031 0.136719 0.589844 0.144531 0.601562 0.144531 0.605469 0.140625 0.609375 0.140625 0.613281 0.136719 0.617188 0.136719 0.628906 0.125 0.628906 0.117188 0.625 0.113281 0.621094 0.113281 0.617188 0.109375
0 0.445312 0.417969 0.441406 0.421875 0.441406 0.445312 0.449219 0.453125 0.457031 0.453125 0.460938 0.449219 0.460938 0.425781 0.453125 0.417969
0 0.660156 0.230469 0.65625 0.234375 0.65625 0.25 0.664062 0.257812 0.671875 0.257812 0.675781 0.253906 0.675781 0.25 0.671875 0.246094 0.671875 0.238281 0.664062 0.230469
0 0.457031 0.632812 0.453125 0.636719 0.453125 0.640625 0.449219 0.644531 0.449219 0.667969 0.460938 0.679688 0.46875 0.679688 0.472656 0.675781 0.472656 0.667969 0.46875 0.664062 0.46875 0.65625 0.464844 0.652344 0.464844 0.636719 0.460938 0.632812
0 0.761719 0.0859375 0.753906 0.09375 0.753906 0.0976562 0.757812 0.101562 0.757812 0.105469 0.765625 0.113281 0.769531 0.113281 0.777344 0.121094 0.789062 0.121094 0.792969 0.117188 0.792969 0.105469 0.789062 0.101562 0.789062 0.0976562 0.78125 0.0898438 0.777344 0.0898438 0.773438 0.0859375
0 0.832031 0.0898438 0.828125 0.09375 0.828125 0.113281 0.832031 0.117188 0.851562 0.117188 0.855469 0.113281 0.863281 0.113281 0.867188 0.109375 0.867188 0.105469 0.871094 0.101562 0.871094 0.09375 0.867188 0.0898438
0 0.0859375 0.269531 0.0820312 0.273438 0.0820312 0.285156 0.078125 0.289062 0.078125 0.304688 0.0820312 0.308594 0.0976562 0.308594 0.109375 0.296875 0.113281 0.296875 0.117188 0.292969 0.117188 0.285156 0.113281 0.28125 0.113281 0.273438 0.109375 0.269531
0 0.0351562 0.171875 0.03125 0.175781 0.0273438 0.175781 0.0234375 0.179688 0.0234375 0.1875 0.0117188 0.199219 0.0117188 0.214844 0.015625 0.21875 0.015625 0.222656 0.0195312 0.226562 0.0429688 0.226562 0.0507812 0.21875 0.0507812 0.210938 0.0546875 0.207031 0.0546875 0.183594 0.0429688 0.171875
0 0.425781 0.0820312 0.414062 0.09375 0.414062 0.101562 0.410156 0.105469 0.410156 0.109375 0.417969 0.117188 0.421875 0.117188 0.425781 0.113281 0.441406 0.113281 0.445312 0.109375 0.449219 0.109375 0.453125 0.105469 0.453125 0.09375 0.449219 0.0898438 0.449219 0.0859375 0.445312 0.0820312
0 0.617188 0.0859375 0.613281 0.0898438 0.613281 0.105469 0.617188 0.105469 0.621094 0.109375 0.628906 0.109375 0.632812 0.105469 0.632812 0.09375 0.625 0.0859375
0 0.828125 0.3125 0.824219 0.316406 0.824219 0.34375 0.828125 0.347656 0.851562 0.347656 0.855469 0.34375 0.855469 0.324219 0.847656 0.316406 0.847656 0.3125
0 0.589844 0.285156 0.585938 0.289062 0.582031 0.289062 0.578125 0.292969 0.578125 0.308594 0.582031 0.3125 0.59375 0.3125 0.597656 0.316406 0.601562 0.316406 0.613281 0.304688 0.613281 0.289062 0.609375 0.285156
0 0.246094 0.167969 0.242188 0.171875 0.238281 0.171875 0.234375 0.175781 0.203125 0.175781 0.199219 0.171875 0.191406 0.171875 0.1875 0.175781 0.1875 0.191406 0.195312 0.199219 0.207031 0.199219 0.210938 0.203125 0.222656 0.203125 0.226562 0.199219 0.230469 0.199219 0.234375 0.195312 0.238281 0.195312 0.242188 0.191406 0.246094 0.191406 0.253906 0.183594 0.253906 0.179688 0.257812 0.175781 0.257812 0.171875 0.253906 0.167969
0 0.28125 0.21875 0.269531 0.230469 0.269531 0.238281 0.273438 0.242188 0.273438 0.246094 0.285156 0.257812 0.292969 0.257812 0.296875 0.253906 0.296875 0.25 0.300781 0.246094 0.300781 0.222656 0.296875 0.21875
0 0.464844 0.539062 0.457031 0.546875 0.457031 0.5625 0.464844 0.570312 0.46875 0.570312 0.472656 0.574219 0.484375 0.574219 0.492188 0.566406 0.492188 0.554688 0.488281 0.550781 0.488281 0.546875 0.484375 0.542969 0.480469 0.542969 0.476562 0.539062
0 0.816406 0.265625 0.796875 0.285156 0.796875 0.289062 0.789062 0.296875 0.789062 0.300781 0.785156 0.304688 0.785156 0.308594 0.792969 0.316406 0.804688 0.316406 0.8125 0.308594 0.8125 0.304688 0.820312 0.296875 0.820312 0.292969 0.824219 0.289062 0.824219 0.285156 0.828125 0.28125 0.828125 0.269531 0.824219 0.265625
0 0.210938 0.316406 0.203125 0.324219 0.203125 0.34375 0.207031 0.347656 0.210938 0.347656 0.214844 0.351562 0.21875 0.351562 0.226562 0.359375 0.230469 0.359375 0.234375 0.363281 0.242188 0.363281 0.25 0.355469 0.253906 0.355469 0.257812 0.351562 0.257812 0.339844 0.238281 0.320312 0.234375 0.320312 0.230469 0.316406
0 0.660156 0.046875 0.65625 0.0507812 0.65625 0.0546875 0.652344 0.0585938 0.652344 0.0625 0.65625 0.0664062 0.65625 0.0703125 0.660156 0.0742188 0.683594 0.0742188 0.6875 0.0703125 0.6875 0.0585938 0.683594 0.0546875 0.683594 0.0507812 0.679688 0.046875
0 0.449219 0.980469 0.445312 0.984375 0.441406 0.984375 0.4375 0.988281 0.4375 0.996094 0.484375 0.996094 0.46875 0.980469
0 0.210938 0.230469 0.207031 0.234375 0.203125 0.234375 0.199219 0.238281 0.199219 0.246094 0.203125 0.25 0.203125 0.253906 0.207031 0.257812 0.226562 0.257812 0.234375 0.25 0.234375 0.238281 0.230469 0.234375 0.226562 0.234375 0.222656 0.230469
0 0.527344 0.0234375 0.523438 0.0273438 0.523438 0.0351562 0.535156 0.046875 0.542969 0.046875 0.546875 0.0429688 0.546875 0.03125 0.539062 0.0234375
0 0.84375 0.0195312 0.839844 0.0234375 0.828125 0.0234375 0.824219 0.0273438 0.820312 0.0273438 0.816406 0.03125 0.816406 0.0429688 0.820312 0.046875 0.824219 0.046875 0.832031 0.0546875 0.832031 0.0625 0.824219 0.0703125 0.824219 0.0820312 0.828125 0.0859375 0.84375 0.0859375 0.84375 0.0820312 0.847656 0.078125 0.847656 0.0625 0.84375 0.0585938 0.84375 0.0507812 0.855469 0.0390625 0.855469 0.0273438 0.847656 0.0195312
0 0.382812 0.402344 0.378906 0.40625 0.375 0.40625 0.359375 0.421875 0.359375 0.4375 0.363281 0.441406 0.367188 0.441406 0.371094 0.445312 0.386719 0.445312 0.394531 0.4375 0.394531 0.410156 0.386719 0.402344
0 0.53125 0.339844 0.527344 0.34375 0.527344 0.355469 0.53125 0.359375 0.546875 0.359375 0.550781 0.363281 0.558594 0.363281 0.5625 0.359375 0.5625 0.347656 0.558594 0.34375 0.554688 0.34375 0.550781 0.339844
0 0.546875 0.402344 0.542969 0.40625 0.53125 0.40625 0.527344 0.410156 0.527344 0.421875 0.535156 0.429688 0.539062 0.429688 0.542969 0.433594 0.550781 0.433594 0.558594 0.425781 0.558594 0.40625 0.554688 0.402344
0 0.714844 0.117188 0.710938 0.121094 0.707031 0.121094 0.703125 0.125 0.703125 0.140625 0.707031 0.144531 0.707031 0.148438 0.71875 0.160156 0.726562 0.160156 0.734375 0.152344 0.734375 0.148438 0.738281 0.144531 0.738281 0.132812 0.734375 0.128906 0.734375 0.125 0.730469 0.121094 0.726562 0.121094 0.722656 0.117188
0 0.597656 0.242188 0.59375 0.246094 0.589844 0.246094 0.585938 0.25 0.585938 0.261719 0.589844 0.265625 0.597656 0.265625 0.601562 0.269531 0.625 0.269531 0.632812 0.261719 0.632812 0.25 0.628906 0.246094 0.625 0.246094 0.621094 0.242188
0 0.488281 0.199219 0.472656 0.214844 0.472656 0.21875 0.464844 0.226562 0.464844 0.230469 0.472656 0.238281 0.484375 0.238281 0.492188 0.230469 0.496094 0.230469 0.503906 0.222656 0.503906 0.207031 0.496094 0.199219
0 0.464844 0.453125 0.460938 0.457031 0.460938 0.46875 0.464844 0.472656 0.476562 0.472656 0.480469 0.46875 0.480469 0.457031 0.476562 0.453125
0 0.464844 0.0273438 0.460938 0.03125 0.460938 0.0507812 0.464844 0.0546875 0.480469 0.0546875 0.484375 0.0585938 0.5 0.0585938 0.503906 0.0546875 0.503906 0.046875 0.5 0.0429688 0.5 0.0390625 0.496094 0.0351562 0.496094 0.03125 0.492188 0.0273438
0 0 0.304688 0 0.371094 0.0078125 0.371094 0.0117188 0.367188 0.0117188 0.347656 0.0078125 0.34375 0.0078125 0.308594 0.00390625 0.304688
0 0.644531 0.144531 0.640625 0.148438 0.640625 0.171875 0.644531 0.175781 0.644531 0.179688 0.652344 0.1875 0.660156 0.1875 0.664062 0.191406 0.671875 0.191406 0.679688 0.183594 0.679688 0.175781 0.675781 0.171875 0.675781 0.167969 0.667969 0.160156 0.667969 0.148438 0.664062 0.144531
0 0.574219 0.15625 0.570312 0.160156 0.570312 0.167969 0.566406 0.171875 0.566406 0.175781 0.574219 0.183594 0.609375 0.183594 0.613281 0.179688 0.613281 0.171875 0.597656 0.15625
0 0.875 0.175781 0.867188 0.183594 0.867188 0.199219 0.871094 0.203125 0.898438 0.203125 0.902344 0.199219 0.902344 0.183594 0.894531 0.175781
0 0.75 0.339844 0.746094 0.34375 0.746094 0.355469 0.757812 0.367188 0.761719 0.367188 0.765625 0.371094 0.769531 0.371094 0.773438 0.367188 0.777344 0.367188 0.785156 0.359375 0.785156 0.347656 0.777344 0.339844
0 0.292969 0.4375 0.285156 0.445312 0.28125 0.445312 0.277344 0.449219 0.273438 0.449219 0.265625 0.457031 0.265625 0.460938 0.28125 0.476562 0.3125 0.476562 0.320312 0.46875 0.320312 0.464844 0.324219 0.460938 0.324219 0.449219 0.3125 0.4375
0 0.671875 0.363281 0.667969 0.367188 0.664062 0.367188 0.660156 0.371094 0.65625 0.371094 0.652344 0.375 0.652344 0.378906 0.648438 0.382812 0.648438 0.386719 0.652344 0.390625 0.652344 0.394531 0.65625 0.398438 0.664062 0.398438 0.667969 0.402344 0.675781 0.402344 0.679688 0.398438 0.6875 0.398438 0.691406 0.394531 0.695312 0.394531 0.699219 0.390625 0.699219 0.378906 0.695312 0.375 0.695312 0.371094 0.6875 0.363281
0 0.046875 0.378906 0.0390625 0.386719 0.0390625 0.398438 0.0429688 0.402344 0.0429688 0.40625 0.046875 0.410156 0.0625 0.410156 0.0664062 0.40625 0.0664062 0.386719 0.0585938 0.378906
0 0.84375 0.289062 0.839844 0.292969 0.839844 0.300781 0.851562 0.3125 0.851562 0.316406 0.859375 0.324219 0.871094 0.324219 0.875 0.320312 0.875 0.3125 0.867188 0.304688 0.867188 0.300781 0.855469 0.289062
0 0.738281 0.0429688 0.726562 0.0546875 0.71875 0.0546875 0.714844 0.0585938 0.714844 0.0664062 0.71875 0.0703125 0.726562 0.0703125 0.730469 0.0742188 0.738281 0.0742188 0.746094 0.0664062 0.746094 0.046875 0.742188 0.0429688
