0 0.414062 0.773438 0.410156 0.777344 0.40625 0.777344 0.402344 0.78125 0.398438 0.78125 0.394531 0.785156 0.394531 0.789062 0.390625 0.792969 0.390625 0.820312 0.394531 0.824219 0.394531 0.828125 0.398438 0.832031 0.398438 0.835938 0.402344 0.839844 0.402344 0.84375 0.414062 0.84375 0.417969 0.847656 0.433594 0.847656 0.4375 0.84375 0.441406 0.84375 0.457031 0.828125 0.457031 0.800781 0.453125 0.796875 0.453125 0.792969 0.441406 0.78125 0.4375 0.78125 0.433594 0.777344 0.425781 0.777344 0.421875 0.773438
0 0.457031 0.480469 0.449219 0.488281 0.449219 0.503906 0.457031 0.511719 0.457031 0.515625 0.46875 0.527344 0.492188 0.527344 0.496094 0.523438 0.496094 0.503906 0.492188 0.5 0.492188 0.492188 0.480469 0.480469
0 0.761719 0.480469 0.757812 0.484375 0.75 0.484375 0.746094 0.488281 0.742188 0.488281 0.734375 0.496094 0.734375 0.5 0.730469 0.503906 0.730469 0.515625 0.726562 0.519531 0.730469 0.523438 0.730469 0.527344 0.734375 0.53125 0.734375 0.535156 0.738281 0.539062 0.738281 0.546875 0.742188 0.546875 0.746094 0.550781 0.757812 0.550781 0.761719 0.554688 0.78125 0.554688 0.785156 0.550781 0.789062 0.550781 0.796875 0.542969 0.800781 0.542969 0.800781 0.539062 0.804688 0.535156 0.804688 0.53125 0.808594 0.527344 0.808594 0.507812 0.804688 0.503906 0.804688 0.5 0.792969 0.488281 0.789062 0.488281 0.785156 0.484375 0.773438 0.484375 0.769531 0.480469
0 0.421875 0.492188 0.414062 0.5 0.414062 0.519531 0.417969 0.523438 0.417969 0.527344 0.433594 0.542969 0.457031 0.542969 0.464844 0.535156 0.46875 0.535156 0.472656 0.53125 0.46875 0.53125 0.453125 0.515625 0.453125 0.511719 0.445312 0.503906 0.445312 0.492188
0 0.863281 0.175781 0.855469 0.183594 0.847656 0.183594 0.839844 0.191406 0.839844 0.199219 0.835938 0.203125 0.835938 0.214844 0.839844 0.21875 0.84375 0.21875 0.855469 0.230469 0.878906 0.230469 0.894531 0.214844 0.894531 0.1875 0.886719 0.179688 0.886719 0.175781
0 0.355469 0.0742188 0.351562 0.078125 0.347656 0.078125 0.347656 0.0820312 0.339844 0.0898438 0.339844 0.09375 0.335938 0.0976562 0.335938 0.101562 0.332031 0.105469 0.328125 0.105469 0.328125 0.128906 0.332031 0.132812 0.332031 0.140625 0.335938 0.140625 0.339844 0.144531 0.34375 0.144531 0.347656 0.148438 0.371094 0.148438 0.375 0.144531 0.378906 0.144531 0.394531 0.128906 0.394531 0.0976562 0.390625 0.09375 0.390625 0.0859375 0.382812 0.078125 0.378906 0.078125 0.375 0.0742188
0 0.988281 0.746094 0.984375 0.75 0.984375 0.78125 0.988281 0.785156 0.988281 0.804688 0.992188 0.808594 0.996094 0.808594 0.996094 0.746094
0 0.417969 0.976562 0.410156 0.984375 0.402344 0.984375 0.398438 0.988281 0.398438 0.996094 0.449219 0.996094 0.449219 0.984375 0.441406 0.976562
0 0.636719 0.902344 0.628906 0.910156 0.628906 0.917969 0.617188 0.929688 0.613281 0.929688 0.613281 0.933594 0.609375 0.9375 0.609375 0.949219 0.613281 0.953125 0.613281 0.957031 0.617188 0.957031 0.621094 0.960938 0.625 0.960938 0.628906 0.964844 0.644531 0.964844 0.648438 0.960938 0.652344 0.960938 0.65625 0.957031 0.660156 0.957031 0.664062 0.953125 0.664062 0.949219 0.667969 0.945312 0.667969 0.941406 0.671875 0.9375 0.671875 0.917969 0.667969 0.914062 0.667969 0.910156 0.660156 0.902344
0 0.464844 0.589844 0.460938 0.59375 0.449219 0.59375 0.445312 0.597656 0.441406 0.597656 0.4375 0.601562 0.4375 0.609375 0.433594 0.613281 0.433594 0.621094 0.4375 0.625 0.4375 0.644531 0.441406 0.648438 0.441406 0.652344 0.449219 0.660156 0.476562 0.660156 0.484375 0.652344 0.484375 0.648438 0.492188 0.640625 0.496094 0.640625 0.5 0.636719 0.5 0.632812 0.503906 0.628906 0.503906 0.621094 0.5 0.617188 0.5 0.605469 0.488281 0.59375 0.488281 0.589844
0 0.816406 0.777344 0.8125 0.78125 0.800781 0.78125 0.792969 0.789062 0.792969 0.796875 0.785156 0.804688 0.78125 0.804688 0.78125 0.828125 0.792969 0.839844 0.792969 0.84375 0.804688 0.855469 0.828125 0.855469 0.832031 0.851562 0.835938 0.851562 0.835938 0.847656 0.847656 0.835938 0.847656 0.800781 0.84375 0.796875 0.84375 0.792969 0.835938 0.785156 0.832031 0.785156 0.828125 0.78125 0.820312 0.78125
0 0.335938 0 0.339844 0.00390625 0.339844 0.0078125 0.355469 0.0234375 0.375 0.0234375 0.378906 0.0195312 0.386719 0.0195312 0.390625 0.015625 0.398438 0.015625 0.402344 0.0117188 0.402344 0
0 0.261719 0.949219 0.257812 0.953125 0.25 0.953125 0.234375 0.96875 0.234375 0.972656 0.230469 0.976562 0.230469 0.996094 0.296875 0.996094 0.296875 0.972656 0.292969 0.96875 0.292969 0.964844 0.285156 0.957031 0.28125 0.957031 0.277344 0.953125 0.269531 0.953125 0.265625 0.949219
0 0.636719 0.65625 0.632812 0.660156 0.625 0.660156 0.609375 0.675781 0.609375 0.679688 0.605469 0.683594 0.605469 0.6875 0.601562 0.691406 0.601562 0.722656 0.605469 0.726562 0.605469 0.730469 0.617188 0.742188 0.621094 0.742188 0.625 0.746094 0.625 0.75 0.628906 0.75 0.632812 0.746094 0.648438 0.746094 0.652344 0.742188 0.65625 0.742188 0.671875 0.726562 0.671875 0.722656 0.675781 0.71875 0.675781 0.675781 0.671875 0.671875 0.671875 0.667969 0.667969 0.664062 0.664062 0.664062 0.660156 0.660156 0.65625 0.660156 0.652344 0.65625
