0 0.675781 0.390625 0.671875 0.394531 0.667969 0.394531 0.664062 0.398438 0.660156 0.398438 0.65625 0.402344 0.65625 0.421875 0.664062 0.429688 0.664062 0.433594 0.667969 0.4375 0.671875 0.4375 0.675781 0.441406 0.703125 0.441406 0.707031 0.4375 0.710938 0.4375 0.714844 0.433594 0.714844 0.402344 0.703125 0.390625
0 0.625 0.503906 0.617188 0.511719 0.617188 0.519531 0.613281 0.523438 0.613281 0.535156 0.625 0.546875 0.65625 0.546875 0.660156 0.542969 0.667969 0.542969 0.671875 0.539062 0.671875 0.519531 0.667969 0.515625 0.667969 0.511719 0.664062 0.507812 0.65625 0.507812 0.652344 0.503906
0 0.949219 0.675781 0.945312 0.679688 0.9375 0.679688 0.929688 0.6875 0.929688 0.691406 0.917969 0.703125 0.917969 0.707031 0.914062 0.710938 0.914062 0.71875 0.910156 0.722656 0.910156 0.738281 0.914062 0.742188 0.914062 0.746094 0.917969 0.75 0.921875 0.75 0.925781 0.753906 0.941406 0.753906 0.945312 0.75 0.949219 0.75 0.957031 0.742188 0.957031 0.738281 0.964844 0.730469 0.964844 0.726562 0.96875 0.722656 0.96875 0.714844 0.972656 0.710938 0.972656 0.695312 0.96875 0.691406 0.96875 0.6875 0.957031 0.675781
0 0.046875 0.554688 0.0429688 0.558594 0.0351562 0.558594 0.03125 0.5625 0.0273438 0.5625 0.0234375 0.566406 0.0234375 0.570312 0.0195312 0.574219 0.0195312 0.585938 0.03125 0.597656 0.0625 0.597656 0.0664062 0.59375 0.0703125 0.59375 0.0859375 0.578125 0.0859375 0.566406 0.0742188 0.554688
0 0.332031 0 0.339844 0.0078125 0.363281 0.0078125 0.371094 0 0.375 0
0 0.320312 0.257812 0.308594 0.269531 0.308594 0.285156 0.316406 0.292969 0.34375 0.292969 0.347656 0.289062 0.359375 0.289062 0.363281 0.285156 0.367188 0.285156 0.371094 0.28125 0.371094 0.265625 0.363281 0.257812
0 0.59375 0.894531 0.589844 0.898438 0.585938 0.898438 0.582031 0.902344 0.578125 0.902344 0.574219 0.90625 0.574219 0.910156 0.570312 0.914062 0.570312 0.925781 0.574219 0.929688 0.574219 0.933594 0.582031 0.941406 0.585938 0.941406 0.59375 0.949219 0.605469 0.949219 0.609375 0.953125 0.632812 0.953125 0.636719 0.949219 0.640625 0.949219 0.652344 0.9375 0.652344 0.914062 0.640625 0.902344 0.636719 0.902344 0.632812 0.898438 0.628906 0.898438 0.625 0.894531
0 0.015625 0.171875 0.0117188 0.175781 0.00390625 0.175781 0 0.179688 0 0.214844 0.0195312 0.214844 0.0351562 0.199219 0.0351562 0.195312 0.0390625 0.191406 0.0390625 0.1875 0.0351562 0.183594 0.0351562 0.179688 0.0273438 0.171875
0 0.480469 0.515625 0.476562 0.519531 0.472656 0.519531 0.46875 0.523438 0.46875 0.527344 0.464844 0.53125 0.464844 0.539062 0.472656 0.546875 0.476562 0.546875 0.480469 0.550781 0.492188 0.550781 0.496094 0.546875 0.503906 0.546875 0.507812 0.542969 0.511719 0.542969 0.519531 0.535156 0.519531 0.527344 0.511719 0.519531 0.503906 0.519531 0.5 0.515625
0 0.113281 0.886719 0.109375 0.890625 0.105469 0.890625 0.101562 0.894531 0.0976562 0.894531 0.0859375 0.90625 0.0859375 0.917969 0.0820312 0.921875 0.0820312 0.941406 0.0859375 0.945312 0.0859375 0.953125 0.0976562 0.964844 0.117188 0.964844 0.128906 0.953125 0.128906 0.949219 0.132812 0.945312 0.132812 0.941406 0.136719 0.9375 0.136719 0.902344 0.125 0.890625 0.121094 0.890625 0.117188 0.886719
0 0.03125 0.390625 0.0273438 0.394531 0.0234375 0.394531 0.0195312 0.398438 0.0078125 0.398438 0 0.40625 0 0.425781 0.0078125 0.433594 0.03125 0.433594 0.0351562 0.429688 0.0390625 0.429688 0.0429688 0.425781 0.046875 0.425781 0.0546875 0.417969 0.0546875 0.414062 0.0585938 0.410156 0.0585938 0.402344 0.046875 0.390625
0 0.742188 0.585938 0.738281 0.589844 0.730469 0.589844 0.71875 0.601562 0.71875 0.617188 0.734375 0.632812 0.746094 0.632812 0.75 0.636719 0.765625 0.636719 0.769531 0.632812 0.773438 0.632812 0.78125 0.625 0.78125 0.609375 0.773438 0.601562 0.773438 0.597656 0.765625 0.589844 0.761719 0.589844 0.757812 0.585938
0 0.382812 0.964844 0.378906 0.96875 0.375 0.96875 0.367188 0.976562 0.367188 0.996094 0.429688 0.996094 0.429688 0.992188 0.425781 0.988281 0.425781 0.984375 0.414062 0.972656 0.410156 0.972656 0.40625 0.96875 0.402344 0.96875 0.398438 0.964844
