0 0.675781 0.890625 0.671875 0.894531 0.671875 0.90625 0.683594 0.917969 0.703125 0.917969 0.707031 0.914062 0.707031 0.90625 0.703125 0.902344 0.703125 0.898438 0.695312 0.890625
0 0.191406 0.40625 0.1875 0.410156 0.1875 0.414062 0.183594 0.417969 0.183594 0.429688 0.191406 0.4375 0.199219 0.4375 0.203125 0.433594 0.210938 0.433594 0.21875 0.425781 0.21875 0.414062 0.210938 0.40625
0 0.996094 0.867188 0.984375 0.878906 0.984375 0.902344 0.992188 0.910156 0.996094 0.910156
0 0.527344 0.0507812 0.519531 0.0585938 0.519531 0.0703125 0.523438 0.0742188 0.523438 0.078125 0.542969 0.0976562 0.566406 0.0976562 0.574219 0.0898438 0.574219 0.0742188 0.570312 0.0703125 0.570312 0.0664062 0.566406 0.0625 0.5625 0.0625 0.558594 0.0585938 0.554688 0.0585938 0.550781 0.0546875 0.546875 0.0546875 0.542969 0.0507812
0 0.730469 0.558594 0.726562 0.5625 0.71875 0.5625 0.710938 0.570312 0.710938 0.574219 0.707031 0.578125 0.707031 0.59375 0.714844 0.601562 0.738281 0.601562 0.742188 0.597656 0.746094 0.597656 0.753906 0.589844 0.753906 0.582031 0.75 0.578125 0.75 0.570312 0.742188 0.5625 0.738281 0.5625 0.734375 0.558594
0 0.179688 0.546875 0.175781 0.550781 0.175781 0.554688 0.171875 0.558594 0.171875 0.5625 0.167969 0.566406 0.167969 0.585938 0.179688 0.597656 0.1875 0.597656 0.191406 0.59375 0.195312 0.59375 0.199219 0.589844 0.199219 0.582031 0.207031 0.574219 0.207031 0.550781 0.203125 0.546875
0 0.621094 0.847656 0.617188 0.851562 0.613281 0.851562 0.605469 0.859375 0.601562 0.859375 0.597656 0.863281 0.597656 0.875 0.605469 0.882812 0.609375 0.882812 0.613281 0.878906 0.617188 0.878906 0.625 0.871094 0.628906 0.871094 0.632812 0.867188 0.632812 0.863281 0.636719 0.859375 0.636719 0.855469 0.632812 0.851562 0.628906 0.851562 0.625 0.847656
0 0.996094 0.457031 0.992188 0.460938 0.992188 0.464844 0.988281 0.46875 0.988281 0.503906 0.992188 0.507812 0.996094 0.507812
0 0.546875 0.578125 0.542969 0.582031 0.539062 0.582031 0.527344 0.59375 0.527344 0.601562 0.53125 0.605469 0.550781 0.605469 0.554688 0.609375 0.566406 0.609375 0.570312 0.613281 0.578125 0.613281 0.582031 0.609375 0.582031 0.589844 0.578125 0.585938 0.574219 0.585938 0.570312 0.582031 0.5625 0.582031 0.558594 0.578125
0 0.566406 0.761719 0.5625 0.765625 0.554688 0.765625 0.550781 0.769531 0.546875 0.769531 0.539062 0.777344 0.539062 0.78125 0.546875 0.789062 0.558594 0.789062 0.5625 0.785156 0.570312 0.785156 0.574219 0.78125 0.578125 0.78125 0.582031 0.777344 0.582031 0.765625 0.578125 0.761719
0 0.378906 0.339844 0.375 0.34375 0.371094 0.34375 0.367188 0.347656 0.367188 0.351562 0.363281 0.355469 0.363281 0.375 0.367188 0.378906 0.386719 0.378906 0.390625 0.375 0.390625 0.371094 0.394531 0.367188 0.394531 0.347656 0.390625 0.34375 0.386719 0.34375 0.382812 0.339844
0 0.324219 0.492188 0.320312 0.496094 0.316406 0.496094 0.300781 0.511719 0.300781 0.515625 0.296875 0.519531 0.296875 0.539062 0.300781 0.542969 0.304688 0.542969 0.308594 0.546875 0.316406 0.546875 0.320312 0.542969 0.324219 0.542969 0.328125 0.539062 0.328125 0.535156 0.332031 0.53125 0.332031 0.527344 0.335938 0.523438 0.335938 0.511719 0.339844 0.507812 0.339844 0.5 0.332031 0.492188
0 0.640625 0.0546875 0.632812 0.0625 0.632812 0.078125 0.636719 0.0820312 0.65625 0.0820312 0.667969 0.0703125 0.667969 0.0664062 0.664062 0.0625 0.664062 0.0585938 0.660156 0.0546875
0 0 0.960938 0 0.988281 0.0234375 0.988281 0.0273438 0.984375 0.0273438 0.972656 0.0195312 0.964844 0.015625 0.964844 0.0117188 0.960938
0 0.144531 0.671875 0.132812 0.683594 0.132812 0.695312 0.136719 0.699219 0.148438 0.699219 0.152344 0.695312 0.15625 0.695312 0.160156 0.691406 0.160156 0.679688 0.152344 0.671875
0 0.871094 0.804688 0.867188 0.808594 0.863281 0.808594 0.855469 0.816406 0.855469 0.824219 0.863281 0.832031 0.890625 0.832031 0.894531 0.828125 0.898438 0.828125 0.902344 0.824219 0.902344 0.8125 0.894531 0.804688
0 0.796875 0.929688 0.792969 0.933594 0.792969 0.941406 0.800781 0.949219 0.800781 0.953125 0.804688 0.957031 0.835938 0.957031 0.84375 0.949219 0.84375 0.941406 0.839844 0.9375 0.839844 0.933594 0.835938 0.929688
0 0.816406 0.757812 0.808594 0.765625 0.808594 0.769531 0.800781 0.777344 0.800781 0.785156 0.804688 0.789062 0.808594 0.789062 0.820312 0.800781 0.828125 0.800781 0.835938 0.792969 0.835938 0.78125 0.832031 0.777344 0.832031 0.761719 0.828125 0.757812
0 0.730469 0.6875 0.726562 0.691406 0.722656 0.691406 0.71875 0.695312 0.71875 0.699219 0.722656 0.703125 0.722656 0.707031 0.730469 0.714844 0.734375 0.714844 0.742188 0.722656 0.746094 0.722656 0.75 0.726562 0.761719 0.726562 0.773438 0.714844 0.773438 0.707031 0.757812 0.691406 0.75 0.691406 0.746094 0.6875
0 0.167969 0.960938 0.164062 0.964844 0.164062 0.976562 0.175781 0.988281 0.191406 0.988281 0.195312 0.984375 0.195312 0.976562 0.179688 0.960938
0 0.644531 0.441406 0.640625 0.445312 0.636719 0.445312 0.632812 0.449219 0.632812 0.460938 0.636719 0.464844 0.640625 0.464844 0.644531 0.46875 0.671875 0.46875 0.675781 0.464844 0.675781 0.460938 0.671875 0.457031 0.671875 0.453125 0.664062 0.445312 0.660156 0.445312 0.65625 0.441406
0 0.890625 0 0.890625 0.00390625 0.898438 0.0117188 0.914062 0.0117188 0.917969 0.0078125 0.921875 0.0078125 0.925781 0.00390625 0.925781 0
0 0.375 0.632812 0.367188 0.640625 0.367188 0.652344 0.375 0.660156 0.394531 0.660156 0.398438 0.65625 0.398438 0.644531 0.386719 0.632812
0 0.949219 0.457031 0.941406 0.464844 0.941406 0.488281 0.945312 0.492188 0.960938 0.492188 0.964844 0.488281 0.964844 0.484375 0.972656 0.476562 0.972656 0.464844 0.964844 0.457031
0 0.289062 0.609375 0.285156 0.613281 0.285156 0.617188 0.28125 0.621094 0.28125 0.636719 0.285156 0.640625 0.285156 0.648438 0.292969 0.65625 0.300781 0.65625 0.304688 0.652344 0.304688 0.644531 0.308594 0.640625 0.308594 0.621094 0.300781 0.613281 0.296875 0.613281 0.292969 0.609375
0 0.867188 0.0273438 0.863281 0.03125 0.859375 0.03125 0.855469 0.0351562 0.855469 0.0546875 0.863281 0.0625 0.867188 0.0625 0.871094 0.0664062 0.882812 0.0664062 0.890625 0.0585938 0.890625 0.0546875 0.894531 0.0507812 0.894531 0.046875 0.890625 0.0429688 0.890625 0.0390625 0.882812 0.03125 0.878906 0.03125 0.875 0.0273438
0 0.0703125 0.726562 0.0664062 0.730469 0.0625 0.730469 0.0585938 0.734375 0.0546875 0.734375 0.0507812 0.738281 0.0507812 0.757812 0.0585938 0.765625 0.0703125 0.765625 0.0859375 0.75 0.0859375 0.734375 0.078125 0.726562
0 0.460938 0.417969 0.457031 0.421875 0.453125 0.421875 0.449219 0.425781 0.449219 0.429688 0.445312 0.433594 0.445312 0.441406 0.441406 0.445312 0.441406 0.460938 0.445312 0.464844 0.457031 0.464844 0.476562 0.445312 0.476562 0.4375 0.480469 0.433594 0.480469 0.429688 0.476562 0.425781 0.476562 0.421875 0.472656 0.417969
0 0.59375 0.917969 0.585938 0.925781 0.585938 0.9375 0.589844 0.941406 0.59375 0.941406 0.597656 0.945312 0.621094 0.945312 0.625 0.941406 0.628906 0.941406 0.632812 0.9375 0.632812 0.925781 0.625 0.917969
0 0.1875 0.929688 0.183594 0.933594 0.179688 0.933594 0.171875 0.941406 0.171875 0.945312 0.175781 0.949219 0.175781 0.957031 0.199219 0.957031 0.203125 0.953125 0.203125 0.941406 0.199219 0.9375 0.199219 0.933594 0.195312 0.929688
0 0.167969 0.820312 0.164062 0.824219 0.164062 0.84375 0.171875 0.851562 0.195312 0.851562 0.199219 0.847656 0.199219 0.84375 0.195312 0.839844 0.195312 0.832031 0.183594 0.820312
0 0.242188 0.9375 0.226562 0.953125 0.226562 0.96875 0.246094 0.96875 0.25 0.964844 0.253906 0.964844 0.261719 0.957031 0.261719 0.953125 0.265625 0.949219 0.265625 0.941406 0.261719 0.9375
0 0.726562 0.78125 0.710938 0.796875 0.710938 0.8125 0.714844 0.816406 0.734375 0.816406 0.746094 0.804688 0.746094 0.785156 0.742188 0.78125
0 0.726562 0.726562 0.722656 0.730469 0.722656 0.734375 0.71875 0.738281 0.71875 0.75 0.726562 0.757812 0.742188 0.757812 0.746094 0.753906 0.746094 0.75 0.75 0.746094 0.75 0.730469 0.746094 0.726562
0 0.414062 0.585938 0.410156 0.589844 0.410156 0.59375 0.40625 0.597656 0.40625 0.601562 0.402344 0.605469 0.402344 0.632812 0.40625 0.636719 0.410156 0.636719 0.414062 0.640625 0.425781 0.640625 0.429688 0.636719 0.429688 0.632812 0.433594 0.628906 0.433594 0.605469 0.429688 0.601562 0.429688 0.59375 0.421875 0.585938
0 0.527344 0.726562 0.523438 0.730469 0.519531 0.730469 0.515625 0.734375 0.515625 0.746094 0.523438 0.753906 0.527344 0.753906 0.53125 0.757812 0.539062 0.757812 0.542969 0.753906 0.550781 0.753906 0.554688 0.75 0.554688 0.738281 0.546875 0.730469 0.539062 0.730469 0.535156 0.726562
0 0.589844 0.957031 0.585938 0.960938 0.582031 0.960938 0.570312 0.972656 0.570312 0.988281 0.578125 0.996094 0.59375 0.996094 0.601562 0.988281 0.605469 0.988281 0.605469 0.984375 0.609375 0.980469 0.609375 0.964844 0.601562 0.957031
0 0.453125 0.980469 0.441406 0.992188 0.441406 0.996094 0.472656 0.996094 0.472656 0.988281 0.464844 0.980469
0 0.503906 0.976562 0.5 0.980469 0.5 0.984375 0.496094 0.988281 0.496094 0.996094 0.53125 0.996094 0.527344 0.992188 0.527344 0.984375 0.519531 0.976562
0 0.570312 0 0.570312 0.0078125 0.582031 0.0195312 0.585938 0.0195312 0.589844 0.0234375 0.59375 0.0234375 0.601562 0.015625 0.601562 0.0117188 0.605469 0.0078125 0.605469 0
0 0.0664062 0.921875 0.0625 0.925781 0.0625 0.933594 0.0742188 0.945312 0.078125 0.945312 0.0820312 0.949219 0.0898438 0.949219 0.09375 0.953125 0.113281 0.953125 0.121094 0.945312 0.121094 0.933594 0.113281 0.925781 0.101562 0.925781 0.0976562 0.921875
0 0.390625 0.886719 0.386719 0.890625 0.386719 0.902344 0.382812 0.90625 0.382812 0.917969 0.386719 0.921875 0.394531 0.921875 0.398438 0.917969 0.402344 0.917969 0.414062 0.90625 0.414062 0.902344 0.410156 0.898438 0.410156 0.890625 0.40625 0.886719
0 0.863281 0.648438 0.859375 0.652344 0.84375 0.652344 0.835938 0.660156 0.835938 0.664062 0.84375 0.671875 0.847656 0.671875 0.851562 0.675781 0.875 0.675781 0.882812 0.667969 0.882812 0.660156 0.875 0.652344 0.871094 0.652344 0.867188 0.648438
0 0.894531 0.980469 0.890625 0.984375 0.886719 0.984375 0.882812 0.988281 0.882812 0.996094 0.910156 0.996094 0.910156 0.988281 0.90625 0.984375 0.902344 0.984375 0.898438 0.980469
0 0.160156 0.695312 0.15625 0.699219 0.152344 0.699219 0.148438 0.703125 0.136719 0.703125 0.136719 0.722656 0.144531 0.730469 0.160156 0.730469 0.164062 0.726562 0.164062 0.699219
0 0.851562 0.867188 0.847656 0.871094 0.84375 0.871094 0.832031 0.882812 0.832031 0.886719 0.828125 0.890625 0.828125 0.914062 0.835938 0.921875 0.847656 0.921875 0.851562 0.917969 0.855469 0.917969 0.859375 0.914062 0.863281 0.914062 0.871094 0.90625 0.871094 0.902344 0.878906 0.894531 0.878906 0.878906 0.867188 0.867188
0 0.425781 0.496094 0.417969 0.503906 0.417969 0.519531 0.429688 0.53125 0.441406 0.53125 0.445312 0.527344 0.445312 0.5 0.441406 0.496094
0 0.539062 0.839844 0.535156 0.84375 0.535156 0.859375 0.546875 0.871094 0.5625 0.871094 0.570312 0.863281 0.570312 0.855469 0.5625 0.847656 0.554688 0.847656 0.550781 0.84375 0.546875 0.84375 0.542969 0.839844
0 0.921875 0.4375 0.917969 0.441406 0.917969 0.445312 0.914062 0.449219 0.914062 0.460938 0.917969 0.464844 0.917969 0.472656 0.921875 0.476562 0.921875 0.480469 0.925781 0.484375 0.9375 0.484375 0.9375 0.464844 0.941406 0.460938 0.933594 0.453125 0.933594 0.445312 0.925781 0.4375
0 0.3125 0.917969 0.304688 0.925781 0.304688 0.945312 0.3125 0.953125 0.324219 0.953125 0.332031 0.945312 0.332031 0.941406 0.335938 0.9375 0.335938 0.929688 0.332031 0.925781 0.328125 0.925781 0.324219 0.921875 0.320312 0.921875 0.316406 0.917969
0 0.21875 0.972656 0.210938 0.980469 0.210938 0.996094 0.25 0.996094 0.25 0.984375 0.238281 0.972656
0 0.226562 0.582031 0.210938 0.597656 0.210938 0.617188 0.222656 0.628906 0.230469 0.628906 0.242188 0.617188 0.242188 0.585938 0.238281 0.582031
0 0.84375 0.195312 0.839844 0.199219 0.839844 0.207031 0.835938 0.210938 0.835938 0.222656 0.84375 0.230469 0.863281 0.230469 0.867188 0.226562 0.867188 0.210938 0.863281 0.207031 0.863281 0.203125 0.855469 0.195312
0 0.53125 0.609375 0.523438 0.617188 0.523438 0.625 0.53125 0.632812 0.535156 0.632812 0.539062 0.636719 0.542969 0.636719 0.546875 0.640625 0.554688 0.640625 0.558594 0.644531 0.578125 0.644531 0.582031 0.640625 0.582031 0.628906 0.578125 0.625 0.578125 0.621094 0.574219 0.617188 0.570312 0.617188 0.566406 0.613281 0.554688 0.613281 0.550781 0.609375
