0 0.445312 0.324219 0.433594 0.335938 0.429688 0.335938 0.425781 0.339844 0.425781 0.355469 0.429688 0.359375 0.429688 0.363281 0.441406 0.375 0.464844 0.375 0.476562 0.363281 0.476562 0.351562 0.472656 0.347656 0.472656 0.34375 0.464844 0.335938 0.464844 0.328125 0.460938 0.324219
0 0.503906 0.5625 0.5 0.566406 0.496094 0.566406 0.492188 0.570312 0.480469 0.570312 0.472656 0.578125 0.472656 0.59375 0.476562 0.597656 0.511719 0.597656 0.515625 0.59375 0.523438 0.59375 0.53125 0.585938 0.523438 0.578125 0.523438 0.566406 0.519531 0.5625
0 0.253906 0.945312 0.25 0.949219 0.25 0.953125 0.246094 0.957031 0.246094 0.984375 0.253906 0.992188 0.273438 0.992188 0.277344 0.988281 0.277344 0.984375 0.289062 0.972656 0.289062 0.960938 0.277344 0.949219 0.273438 0.949219 0.269531 0.945312
0 0.433594 0.578125 0.425781 0.585938 0.425781 0.59375 0.429688 0.597656 0.429688 0.605469 0.433594 0.609375 0.4375 0.609375 0.441406 0.613281 0.453125 0.613281 0.457031 0.609375 0.457031 0.601562 0.453125 0.597656 0.453125 0.582031 0.449219 0.578125
0 0.382812 0.0351562 0.375 0.0429688 0.371094 0.0429688 0.371094 0.046875 0.363281 0.0546875 0.371094 0.0625 0.390625 0.0625 0.394531 0.0585938 0.398438 0.0585938 0.402344 0.0546875 0.402344 0.046875 0.398438 0.046875 0.390625 0.0390625 0.390625 0.0351562
0 0.6875 0.171875 0.679688 0.179688 0.679688 0.199219 0.683594 0.203125 0.683594 0.210938 0.6875 0.214844 0.695312 0.214844 0.699219 0.210938 0.699219 0.195312 0.707031 0.1875 0.707031 0.175781 0.703125 0.171875
0 0.332031 0.832031 0.328125 0.835938 0.328125 0.847656 0.335938 0.855469 0.335938 0.863281 0.355469 0.863281 0.359375 0.859375 0.359375 0.851562 0.363281 0.847656 0.363281 0.835938 0.359375 0.832031
0 0.464844 0.921875 0.453125 0.933594 0.453125 0.941406 0.457031 0.945312 0.460938 0.945312 0.464844 0.949219 0.472656 0.949219 0.476562 0.945312 0.476562 0.925781 0.472656 0.921875
0 0.0546875 0.765625 0.0507812 0.769531 0.0507812 0.792969 0.0546875 0.796875 0.0625 0.796875 0.0664062 0.800781 0.078125 0.800781 0.0859375 0.792969 0.0859375 0.769531 0.0820312 0.765625
0 0.214844 0.953125 0.207031 0.960938 0.207031 0.984375 0.210938 0.988281 0.210938 0.992188 0.214844 0.996094 0.238281 0.996094 0.238281 0.988281 0.242188 0.984375 0.242188 0.960938 0.234375 0.953125
0 0.25 0.898438 0.246094 0.902344 0.246094 0.914062 0.261719 0.929688 0.261719 0.933594 0.265625 0.9375 0.277344 0.9375 0.28125 0.933594 0.28125 0.921875 0.277344 0.917969 0.277344 0.910156 0.28125 0.90625 0.28125 0.902344 0.277344 0.898438 0.269531 0.898438 0.265625 0.902344 0.261719 0.902344 0.257812 0.898438
0 0.410156 0.304688 0.398438 0.316406 0.398438 0.328125 0.402344 0.332031 0.402344 0.335938 0.414062 0.347656 0.421875 0.347656 0.421875 0.339844 0.429688 0.332031 0.433594 0.332031 0.441406 0.324219 0.441406 0.316406 0.4375 0.3125 0.4375 0.308594 0.433594 0.304688
0 0.785156 0.0507812 0.773438 0.0625 0.773438 0.0703125 0.785156 0.0820312 0.785156 0.0859375 0.789062 0.0898438 0.796875 0.0898438 0.800781 0.0859375 0.800781 0.0546875 0.796875 0.0507812
0 0.417969 0.378906 0.410156 0.386719 0.410156 0.410156 0.417969 0.417969 0.429688 0.417969 0.4375 0.410156 0.445312 0.410156 0.449219 0.40625 0.449219 0.394531 0.433594 0.378906
0 0.261719 0.101562 0.257812 0.105469 0.25 0.105469 0.246094 0.109375 0.246094 0.125 0.25 0.128906 0.25 0.136719 0.257812 0.144531 0.292969 0.144531 0.296875 0.140625 0.296875 0.128906 0.304688 0.121094 0.304688 0.113281 0.296875 0.105469 0.292969 0.105469 0.289062 0.101562
0 0.734375 0.160156 0.730469 0.164062 0.726562 0.164062 0.71875 0.171875 0.71875 0.175781 0.714844 0.179688 0.714844 0.191406 0.71875 0.195312 0.734375 0.195312 0.738281 0.191406 0.746094 0.191406 0.757812 0.179688 0.757812 0.164062 0.753906 0.160156
0 0.539062 0.558594 0.535156 0.5625 0.53125 0.5625 0.527344 0.566406 0.527344 0.578125 0.539062 0.589844 0.558594 0.589844 0.570312 0.578125 0.570312 0.566406 0.5625 0.558594
0 0.375 0.453125 0.371094 0.457031 0.371094 0.464844 0.375 0.46875 0.386719 0.46875 0.390625 0.472656 0.402344 0.472656 0.40625 0.46875 0.40625 0.460938 0.398438 0.453125
0 0.492188 0.277344 0.488281 0.28125 0.488281 0.292969 0.492188 0.296875 0.511719 0.296875 0.515625 0.292969 0.515625 0.28125 0.511719 0.277344
0 0.410156 0.015625 0.40625 0.0195312 0.402344 0.0195312 0.394531 0.0273438 0.394531 0.0390625 0.398438 0.0429688 0.40625 0.0429688 0.414062 0.0351562 0.417969 0.0351562 0.421875 0.03125 0.429688 0.03125 0.433594 0.0273438 0.433594 0.0195312 0.429688 0.015625
0 0.308594 0.832031 0.304688 0.835938 0.304688 0.859375 0.308594 0.863281 0.3125 0.863281 0.316406 0.867188 0.328125 0.867188 0.332031 0.863281 0.332031 0.855469 0.324219 0.847656 0.324219 0.835938 0.320312 0.832031
0 0.796875 0.113281 0.792969 0.117188 0.792969 0.132812 0.796875 0.136719 0.796875 0.140625 0.800781 0.144531 0.8125 0.144531 0.816406 0.140625 0.816406 0.132812 0.8125 0.128906 0.8125 0.125 0.808594 0.121094 0.808594 0.117188 0.804688 0.113281
0 0.820312 0.078125 0.816406 0.0820312 0.816406 0.0898438 0.828125 0.101562 0.84375 0.101562 0.847656 0.0976562 0.847656 0.0898438 0.84375 0.0859375 0.839844 0.0859375 0.832031 0.078125
0 0.386719 0.578125 0.382812 0.582031 0.382812 0.59375 0.378906 0.597656 0.378906 0.605469 0.382812 0.609375 0.386719 0.609375 0.394531 0.617188 0.402344 0.617188 0.40625 0.613281 0.40625 0.589844 0.394531 0.578125
0 0.351562 0.0078125 0.347656 0.0117188 0.34375 0.0117188 0.335938 0.0195312 0.335938 0.0390625 0.347656 0.0507812 0.363281 0.0507812 0.367188 0.046875 0.367188 0.0117188 0.363281 0.0078125
0 0.433594 0.0507812 0.425781 0.0585938 0.425781 0.0625 0.421875 0.0664062 0.421875 0.09375 0.425781 0.0976562 0.4375 0.0976562 0.453125 0.0820312 0.453125 0.0585938 0.445312 0.0507812
0 0.777344 0.148438 0.773438 0.152344 0.769531 0.152344 0.765625 0.15625 0.765625 0.160156 0.761719 0.164062 0.761719 0.191406 0.777344 0.207031 0.800781 0.207031 0.808594 0.199219 0.808594 0.195312 0.8125 0.191406 0.8125 0.164062 0.796875 0.148438
0 0.441406 0.910156 0.4375 0.914062 0.4375 0.921875 0.429688 0.929688 0.429688 0.949219 0.433594 0.953125 0.433594 0.957031 0.4375 0.960938 0.445312 0.960938 0.449219 0.957031 0.449219 0.933594 0.464844 0.917969 0.464844 0.914062 0.460938 0.910156
0 0.0898438 0.78125 0.0898438 0.792969 0.078125 0.804688 0.0703125 0.804688 0.0703125 0.808594 0.0820312 0.820312 0.109375 0.820312 0.113281 0.816406 0.113281 0.789062 0.105469 0.78125
0 0.148438 0.800781 0.140625 0.808594 0.140625 0.8125 0.136719 0.816406 0.136719 0.832031 0.148438 0.84375 0.160156 0.84375 0.167969 0.835938 0.171875 0.835938 0.175781 0.832031 0.175781 0.808594 0.167969 0.800781
0 0.480469 0.976562 0.476562 0.980469 0.476562 0.996094 0.511719 0.996094 0.511719 0.984375 0.503906 0.976562
0 0.546875 0.292969 0.535156 0.304688 0.535156 0.3125 0.53125 0.316406 0.53125 0.324219 0.539062 0.332031 0.546875 0.332031 0.550781 0.328125 0.550781 0.324219 0.5625 0.3125 0.5625 0.296875 0.558594 0.292969
0 0.316406 0.0117188 0.304688 0.0234375 0.304688 0.0390625 0.308594 0.0429688 0.328125 0.0429688 0.332031 0.0390625 0.332031 0.0195312 0.335938 0.015625 0.332031 0.0117188
0 0.40625 0.617188 0.402344 0.621094 0.398438 0.621094 0.398438 0.640625 0.402344 0.644531 0.40625 0.644531 0.417969 0.65625 0.429688 0.65625 0.4375 0.648438 0.4375 0.628906 0.433594 0.625 0.429688 0.625 0.421875 0.617188
0 0.847656 0.921875 0.84375 0.925781 0.84375 0.957031 0.839844 0.960938 0.839844 0.972656 0.84375 0.976562 0.851562 0.976562 0.859375 0.96875 0.859375 0.925781 0.855469 0.921875
0 0.0078125 0.953125 0.0078125 0.960938 0.00390625 0.964844 0 0.964844 0 0.996094 0.015625 0.996094 0.0351562 0.976562 0.0351562 0.964844 0.0273438 0.957031 0.0234375 0.957031 0.0195312 0.953125
0 0.503906 0.203125 0.488281 0.21875 0.488281 0.238281 0.492188 0.242188 0.496094 0.242188 0.5 0.246094 0.503906 0.246094 0.507812 0.25 0.519531 0.25 0.523438 0.246094 0.527344 0.246094 0.53125 0.242188 0.53125 0.210938 0.527344 0.207031 0.523438 0.207031 0.519531 0.203125
0 0.242188 0 0.242188 0.00390625 0.25 0.0117188 0.25 0.015625 0.253906 0.0195312 0.261719 0.0195312 0.265625 0.0234375 0.292969 0.0234375 0.296875 0.0195312 0.304688 0.0195312 0.3125 0.0117188 0.3125 0
0 0.246094 0.0703125 0.242188 0.0742188 0.238281 0.0742188 0.21875 0.09375 0.21875 0.113281 0.234375 0.128906 0.234375 0.136719 0.230469 0.140625 0.230469 0.15625 0.238281 0.164062 0.242188 0.164062 0.246094 0.167969 0.261719 0.167969 0.265625 0.164062 0.265625 0.148438 0.257812 0.148438 0.246094 0.136719 0.246094 0.128906 0.242188 0.125 0.242188 0.109375 0.25 0.101562 0.257812 0.101562 0.261719 0.0976562 0.261719 0.0742188 0.257812 0.0703125
0 0.378906 0.414062 0.375 0.417969 0.375 0.429688 0.386719 0.441406 0.398438 0.441406 0.402344 0.4375 0.402344 0.417969 0.398438 0.414062
0 0.457031 0.144531 0.449219 0.152344 0.449219 0.175781 0.453125 0.179688 0.460938 0.179688 0.464844 0.183594 0.472656 0.183594 0.476562 0.179688 0.476562 0.148438 0.472656 0.144531
0 0.5 0.121094 0.488281 0.132812 0.488281 0.140625 0.5 0.152344 0.5 0.15625 0.503906 0.160156 0.523438 0.160156 0.527344 0.15625 0.539062 0.15625 0.546875 0.148438 0.546875 0.136719 0.539062 0.128906 0.53125 0.128906 0.523438 0.121094
0 0.140625 0.707031 0.132812 0.714844 0.132812 0.738281 0.136719 0.742188 0.140625 0.742188 0.148438 0.75 0.15625 0.75 0.164062 0.742188 0.164062 0.738281 0.167969 0.734375 0.167969 0.710938 0.164062 0.707031
0 0.292969 0.894531 0.285156 0.902344 0.285156 0.90625 0.28125 0.910156 0.28125 0.917969 0.285156 0.921875 0.304688 0.921875 0.308594 0.917969 0.308594 0.898438 0.304688 0.894531
