0 0 0.78125 0 0.839844 0.0078125 0.839844 0.0117188 0.84375 0.0273438 0.84375 0.03125 0.839844 0.0351562 0.839844 0.0507812 0.824219 0.0507812 0.820312 0.0585938 0.8125 0.0585938 0.796875 0.046875 0.785156 0.0429688 0.785156 0.0390625 0.78125 0.0234375 0.78125 0.0195312 0.785156 0.0078125 0.785156 0.00390625 0.78125
0 0.0585938 0 0.0546875 0.00390625 0.0546875 0.015625 0.0585938 0.0195312 0.0585938 0.0234375 0.0703125 0.0351562 0.078125 0.0351562 0.078125 0.03125 0.0859375 0.0234375 0.0976562 0.0234375 0.101562 0.0195312 0.101562 0.0117188 0.09375 0.00390625 0.09375 0
0 0.765625 0.292969 0.761719 0.296875 0.757812 0.296875 0.753906 0.300781 0.75 0.300781 0.746094 0.304688 0.738281 0.304688 0.734375 0.308594 0.726562 0.308594 0.722656 0.3125 0.71875 0.3125 0.714844 0.316406 0.710938 0.316406 0.707031 0.320312 0.707031 0.324219 0.703125 0.328125 0.703125 0.332031 0.699219 0.335938 0.699219 0.34375 0.695312 0.347656 0.695312 0.359375 0.714844 0.378906 0.71875 0.378906 0.726562 0.386719 0.738281 0.386719 0.742188 0.382812 0.746094 0.382812 0.75 0.378906 0.757812 0.378906 0.769531 0.367188 0.773438 0.367188 0.777344 0.363281 0.785156 0.363281 0.789062 0.359375 0.792969 0.359375 0.800781 0.351562 0.800781 0.347656 0.804688 0.34375 0.804688 0.339844 0.816406 0.328125 0.816406 0.308594 0.8125 0.304688 0.808594 0.304688 0.800781 0.296875 0.796875 0.296875 0.792969 0.292969
0 0.246094 0.925781 0.242188 0.929688 0.230469 0.929688 0.230469 0.9375 0.222656 0.945312 0.21875 0.945312 0.214844 0.949219 0.214844 0.957031 0.210938 0.960938 0.210938 0.96875 0.21875 0.976562 0.21875 0.996094 0.269531 0.996094 0.269531 0.988281 0.28125 0.976562 0.285156 0.976562 0.289062 0.972656 0.289062 0.953125 0.28125 0.945312 0.28125 0.941406 0.273438 0.933594 0.261719 0.933594 0.253906 0.925781
0 0 0 0 0.046875 0.0078125 0.046875 0.0117188 0.0429688 0.0117188 0.0390625 0.015625 0.0351562 0.015625 0.0078125 0.0078125 0
0 0.542969 0.179688 0.539062 0.183594 0.53125 0.183594 0.511719 0.203125 0.511719 0.207031 0.507812 0.210938 0.507812 0.238281 0.511719 0.242188 0.511719 0.25 0.53125 0.269531 0.53125 0.273438 0.539062 0.28125 0.539062 0.285156 0.5625 0.308594 0.566406 0.308594 0.570312 0.3125 0.578125 0.3125 0.582031 0.316406 0.601562 0.316406 0.605469 0.3125 0.609375 0.3125 0.617188 0.304688 0.621094 0.304688 0.632812 0.292969 0.632812 0.285156 0.636719 0.28125 0.636719 0.277344 0.640625 0.273438 0.640625 0.242188 0.605469 0.207031 0.601562 0.207031 0.59375 0.199219 0.589844 0.199219 0.570312 0.179688
0 0.332031 0.523438 0.328125 0.527344 0.3125 0.527344 0.308594 0.53125 0.304688 0.53125 0.300781 0.535156 0.300781 0.539062 0.296875 0.542969 0.296875 0.546875 0.292969 0.550781 0.292969 0.554688 0.289062 0.558594 0.289062 0.578125 0.28125 0.585938 0.277344 0.585938 0.269531 0.59375 0.261719 0.59375 0.253906 0.601562 0.253906 0.625 0.265625 0.636719 0.269531 0.636719 0.273438 0.640625 0.277344 0.640625 0.292969 0.65625 0.308594 0.65625 0.3125 0.652344 0.320312 0.652344 0.328125 0.644531 0.335938 0.644531 0.339844 0.640625 0.339844 0.632812 0.34375 0.628906 0.34375 0.625 0.347656 0.621094 0.347656 0.613281 0.351562 0.609375 0.351562 0.605469 0.363281 0.59375 0.367188 0.59375 0.371094 0.589844 0.371094 0.582031 0.375 0.578125 0.375 0.566406 0.378906 0.5625 0.378906 0.542969 0.371094 0.535156 0.367188 0.535156 0.363281 0.53125 0.347656 0.53125 0.339844 0.523438
0 0.0859375 0.910156 0.078125 0.917969 0.0742188 0.917969 0.0664062 0.925781 0.0625 0.925781 0.0585938 0.929688 0.0585938 0.933594 0.0546875 0.9375 0.0546875 0.949219 0.0585938 0.953125 0.0585938 0.957031 0.0742188 0.972656 0.0742188 0.976562 0.078125 0.980469 0.0859375 0.980469 0.0898438 0.984375 0.113281 0.984375 0.117188 0.980469 0.121094 0.980469 0.128906 0.972656 0.128906 0.96875 0.136719 0.960938 0.140625 0.960938 0.148438 0.953125 0.148438 0.933594 0.140625 0.925781 0.140625 0.921875 0.132812 0.914062 0.125 0.914062 0.121094 0.910156
0 0.574219 0.00390625 0.570312 0.0078125 0.550781 0.0078125 0.542969 0.015625 0.539062 0.015625 0.53125 0.0234375 0.53125 0.0429688 0.535156 0.046875 0.535156 0.0507812 0.542969 0.0585938 0.546875 0.0585938 0.5625 0.0742188 0.566406 0.0742188 0.570312 0.078125 0.589844 0.078125 0.59375 0.0742188 0.59375 0.0703125 0.605469 0.0585938 0.605469 0.0507812 0.609375 0.046875 0.609375 0.0390625 0.613281 0.0351562 0.613281 0.0273438 0.605469 0.0195312 0.605469 0.015625 0.601562 0.0117188 0.597656 0.0117188 0.589844 0.00390625
0 0 0.667969 0 0.730469 0.0078125 0.730469 0.0117188 0.726562 0.0195312 0.726562 0.0273438 0.71875 0.03125 0.71875 0.0351562 0.714844 0.0351562 0.710938 0.0390625 0.707031 0.0390625 0.703125 0.0429688 0.699219 0.0429688 0.691406 0.0390625 0.6875 0.0390625 0.683594 0.0351562 0.679688 0.0351562 0.675781 0.03125 0.671875 0.0273438 0.671875 0.0234375 0.667969
0 0.78125 0.175781 0.777344 0.179688 0.769531 0.179688 0.757812 0.191406 0.757812 0.203125 0.753906 0.207031 0.753906 0.214844 0.757812 0.21875 0.757812 0.226562 0.761719 0.230469 0.761719 0.234375 0.773438 0.246094 0.789062 0.246094 0.792969 0.25 0.808594 0.25 0.8125 0.246094 0.832031 0.246094 0.835938 0.242188 0.835938 0.234375 0.839844 0.230469 0.839844 0.21875 0.804688 0.183594 0.800781 0.183594 0.792969 0.175781
0 0.0664062 0.0351562 0.0625 0.0390625 0.0625 0.046875 0.0507812 0.0585938 0.0507812 0.0625 0.046875 0.0664062 0.046875 0.078125 0.0507812 0.0820312 0.0507812 0.0898438 0.0664062 0.0898438 0.0742188 0.0976562 0.09375 0.0976562 0.09375 0.09375 0.113281 0.0742188 0.113281 0.0703125 0.109375 0.0664062 0.109375 0.0546875 0.101562 0.046875 0.101562 0.0429688 0.0976562 0.0390625 0.0703125 0.0390625
0 0.390625 0.933594 0.386719 0.9375 0.375 0.9375 0.363281 0.949219 0.363281 0.964844 0.367188 0.96875 0.371094 0.96875 0.382812 0.980469 0.394531 0.980469 0.402344 0.988281 0.414062 0.988281 0.421875 0.996094 0.457031 0.996094 0.464844 0.988281 0.46875 0.988281 0.476562 0.980469 0.476562 0.972656 0.472656 0.96875 0.457031 0.96875 0.449219 0.960938 0.445312 0.960938 0.441406 0.957031 0.4375 0.957031 0.421875 0.941406 0.414062 0.941406 0.410156 0.9375 0.40625 0.9375 0.402344 0.933594
0 0.199219 0.722656 0.195312 0.726562 0.1875 0.726562 0.183594 0.730469 0.183594 0.738281 0.179688 0.742188 0.179688 0.753906 0.183594 0.757812 0.183594 0.761719 0.191406 0.769531 0.191406 0.773438 0.195312 0.777344 0.195312 0.78125 0.203125 0.789062 0.226562 0.789062 0.230469 0.785156 0.234375 0.785156 0.238281 0.78125 0.238281 0.761719 0.234375 0.757812 0.234375 0.753906 0.21875 0.738281 0.21875 0.730469 0.210938 0.722656
0 0.484375 0.820312 0.476562 0.828125 0.457031 0.828125 0.453125 0.824219 0.425781 0.824219 0.417969 0.832031 0.417969 0.835938 0.40625 0.847656 0.40625 0.882812 0.410156 0.886719 0.410156 0.894531 0.414062 0.898438 0.414062 0.902344 0.433594 0.921875 0.4375 0.921875 0.445312 0.929688 0.449219 0.929688 0.453125 0.933594 0.46875 0.933594 0.476562 0.941406 0.484375 0.941406 0.488281 0.945312 0.523438 0.945312 0.527344 0.941406 0.53125 0.941406 0.535156 0.9375 0.535156 0.933594 0.539062 0.929688 0.539062 0.921875 0.542969 0.917969 0.542969 0.914062 0.546875 0.910156 0.546875 0.90625 0.550781 0.902344 0.550781 0.894531 0.546875 0.890625 0.546875 0.878906 0.542969 0.875 0.542969 0.867188 0.539062 0.863281 0.539062 0.859375 0.507812 0.828125 0.503906 0.828125 0.496094 0.820312
0 0.046875 0.09375 0.0429688 0.0976562 0.0351562 0.0976562 0.03125 0.101562 0.03125 0.105469 0.0273438 0.109375 0.0273438 0.136719 0.046875 0.15625 0.078125 0.15625 0.0820312 0.152344 0.0859375 0.152344 0.0898438 0.148438 0.0898438 0.144531 0.09375 0.140625 0.09375 0.128906 0.0976562 0.125 0.0976562 0.121094 0.09375 0.117188 0.09375 0.101562 0.0742188 0.101562 0.0664062 0.09375
0 0.140625 0.808594 0.136719 0.8125 0.132812 0.8125 0.125 0.820312 0.121094 0.820312 0.113281 0.828125 0.113281 0.832031 0.109375 0.835938 0.109375 0.839844 0.105469 0.84375 0.105469 0.855469 0.109375 0.859375 0.109375 0.867188 0.121094 0.878906 0.125 0.878906 0.132812 0.886719 0.140625 0.886719 0.144531 0.890625 0.167969 0.890625 0.179688 0.878906 0.179688 0.84375 0.152344 0.816406 0.152344 0.8125 0.148438 0.808594
0 0.484375 0.480469 0.480469 0.484375 0.476562 0.484375 0.472656 0.488281 0.46875 0.488281 0.464844 0.492188 0.464844 0.523438 0.460938 0.527344 0.460938 0.53125 0.46875 0.539062 0.472656 0.539062 0.476562 0.535156 0.480469 0.535156 0.484375 0.539062 0.488281 0.539062 0.492188 0.535156 0.503906 0.535156 0.507812 0.53125 0.511719 0.53125 0.523438 0.519531 0.523438 0.503906 0.515625 0.496094 0.515625 0.492188 0.507812 0.484375 0.503906 0.484375 0.5 0.480469
0 0.1875 0.902344 0.171875 0.917969 0.164062 0.917969 0.15625 0.925781 0.15625 0.949219 0.160156 0.953125 0.167969 0.953125 0.175781 0.960938 0.175781 0.964844 0.179688 0.96875 0.183594 0.96875 0.1875 0.972656 0.203125 0.972656 0.207031 0.96875 0.207031 0.960938 0.210938 0.957031 0.210938 0.949219 0.21875 0.941406 0.222656 0.941406 0.226562 0.9375 0.226562 0.917969 0.222656 0.914062 0.21875 0.914062 0.207031 0.902344
0 0.53125 0.714844 0.515625 0.730469 0.515625 0.75 0.523438 0.757812 0.523438 0.765625 0.53125 0.773438 0.53125 0.78125 0.535156 0.785156 0.578125 0.785156 0.582031 0.78125 0.582031 0.777344 0.589844 0.769531 0.589844 0.75 0.59375 0.746094 0.59375 0.734375 0.589844 0.730469 0.578125 0.730469 0.574219 0.726562 0.570312 0.726562 0.5625 0.71875 0.535156 0.71875
0 0.207031 0.160156 0.203125 0.164062 0.199219 0.164062 0.195312 0.167969 0.191406 0.167969 0.175781 0.183594 0.175781 0.1875 0.171875 0.191406 0.171875 0.203125 0.175781 0.207031 0.175781 0.214844 0.191406 0.230469 0.199219 0.230469 0.207031 0.222656 0.214844 0.222656 0.242188 0.195312 0.242188 0.171875 0.238281 0.167969 0.238281 0.164062 0.234375 0.160156
0 0.367188 0.761719 0.363281 0.765625 0.363281 0.769531 0.359375 0.773438 0.359375 0.78125 0.355469 0.785156 0.355469 0.796875 0.351562 0.800781 0.351562 0.808594 0.363281 0.820312 0.363281 0.828125 0.382812 0.847656 0.402344 0.847656 0.414062 0.835938 0.414062 0.832031 0.417969 0.828125 0.417969 0.800781 0.414062 0.796875 0.414062 0.792969 0.410156 0.789062 0.410156 0.785156 0.40625 0.78125 0.40625 0.773438 0.394531 0.761719
0 0.296875 0.960938 0.292969 0.964844 0.292969 0.972656 0.285156 0.980469 0.28125 0.980469 0.273438 0.988281 0.273438 0.996094 0.332031 0.996094 0.335938 0.992188 0.335938 0.988281 0.34375 0.980469 0.34375 0.972656 0.339844 0.96875 0.332031 0.96875 0.324219 0.960938
0 0.390625 0.164062 0.382812 0.171875 0.382812 0.1875 0.386719 0.191406 0.386719 0.207031 0.390625 0.210938 0.390625 0.21875 0.394531 0.222656 0.394531 0.234375 0.398438 0.238281 0.40625 0.238281 0.414062 0.246094 0.417969 0.246094 0.421875 0.25 0.445312 0.25 0.449219 0.246094 0.453125 0.246094 0.46875 0.261719 0.476562 0.261719 0.480469 0.257812 0.480469 0.246094 0.472656 0.238281 0.472656 0.234375 0.460938 0.222656 0.460938 0.207031 0.457031 0.203125 0.457031 0.199219 0.449219 0.191406 0.449219 0.183594 0.433594 0.167969 0.429688 0.167969 0.425781 0.164062
0 0.488281 0.367188 0.476562 0.378906 0.46875 0.378906 0.460938 0.386719 0.457031 0.386719 0.433594 0.410156 0.433594 0.414062 0.441406 0.421875 0.441406 0.433594 0.445312 0.4375 0.449219 0.4375 0.457031 0.445312 0.476562 0.445312 0.492188 0.429688 0.496094 0.429688 0.5 0.425781 0.503906 0.425781 0.507812 0.421875 0.507812 0.398438 0.515625 0.390625 0.515625 0.382812 0.511719 0.378906 0.507812 0.378906 0.5 0.371094 0.496094 0.371094 0.492188 0.367188
0 0.261719 0.792969 0.257812 0.796875 0.226562 0.796875 0.222656 0.800781 0.222656 0.832031 0.21875 0.835938 0.21875 0.859375 0.222656 0.863281 0.222656 0.867188 0.226562 0.871094 0.226562 0.875 0.234375 0.882812 0.265625 0.882812 0.269531 0.878906 0.269531 0.875 0.273438 0.871094 0.273438 0.867188 0.277344 0.863281 0.277344 0.859375 0.28125 0.855469 0.28125 0.847656 0.292969 0.835938 0.292969 0.824219 0.289062 0.820312 0.289062 0.800781 0.285156 0.796875 0.277344 0.796875 0.273438 0.792969
0 0.472656 0.0703125 0.46875 0.0742188 0.464844 0.0742188 0.449219 0.0898438 0.449219 0.132812 0.460938 0.144531 0.464844 0.144531 0.46875 0.148438 0.507812 0.148438 0.511719 0.144531 0.515625 0.144531 0.527344 0.132812 0.53125 0.132812 0.535156 0.128906 0.535156 0.117188 0.539062 0.113281 0.539062 0.078125 0.535156 0.0742188 0.507812 0.0742188 0.503906 0.0703125
0 0.449219 0.664062 0.445312 0.667969 0.441406 0.667969 0.433594 0.675781 0.433594 0.679688 0.429688 0.683594 0.429688 0.753906 0.433594 0.757812 0.433594 0.761719 0.4375 0.765625 0.4375 0.769531 0.441406 0.773438 0.449219 0.773438 0.453125 0.777344 0.457031 0.777344 0.460938 0.78125 0.464844 0.78125 0.46875 0.785156 0.492188 0.785156 0.5 0.777344 0.5 0.75 0.492188 0.742188 0.492188 0.730469 0.496094 0.726562 0.496094 0.6875 0.492188 0.683594 0.492188 0.679688 0.488281 0.675781 0.488281 0.671875 0.484375 0.667969 0.480469 0.667969 0.476562 0.664062
0 0.316406 0.269531 0.304688 0.28125 0.304688 0.3125 0.308594 0.316406 0.308594 0.320312 0.3125 0.324219 0.3125 0.328125 0.316406 0.332031 0.355469 0.332031 0.371094 0.316406 0.371094 0.3125 0.375 0.308594 0.375 0.296875 0.367188 0.289062 0.363281 0.289062 0.351562 0.277344 0.347656 0.277344 0.34375 0.273438 0.328125 0.273438 0.324219 0.269531
0 0.425781 0 0.425781 0.0078125 0.445312 0.0273438 0.449219 0.0273438 0.453125 0.03125 0.457031 0.03125 0.460938 0.0351562 0.476562 0.0351562 0.480469 0.03125 0.480469 0.0273438 0.507812 0
0 0.589844 0.351562 0.585938 0.355469 0.5625 0.355469 0.558594 0.359375 0.554688 0.359375 0.550781 0.363281 0.546875 0.363281 0.539062 0.371094 0.539062 0.394531 0.535156 0.398438 0.535156 0.402344 0.53125 0.40625 0.53125 0.410156 0.535156 0.414062 0.539062 0.414062 0.550781 0.425781 0.550781 0.429688 0.558594 0.4375 0.566406 0.429688 0.578125 0.429688 0.582031 0.425781 0.585938 0.425781 0.589844 0.421875 0.597656 0.421875 0.609375 0.433594 0.628906 0.414062 0.632812 0.414062 0.636719 0.410156 0.652344 0.410156 0.660156 0.402344 0.660156 0.398438 0.664062 0.394531 0.664062 0.382812 0.660156 0.378906 0.660156 0.371094 0.648438 0.359375 0.640625 0.359375 0.636719 0.355469 0.597656 0.355469 0.59375 0.351562
0 0.589844 0.425781 0.585938 0.429688 0.582031 0.429688 0.578125 0.433594 0.566406 0.433594 0.558594 0.441406 0.558594 0.445312 0.554688 0.449219 0.554688 0.472656 0.546875 0.480469 0.546875 0.488281 0.574219 0.515625 0.589844 0.515625 0.59375 0.511719 0.601562 0.511719 0.605469 0.507812 0.609375 0.507812 0.617188 0.5 0.617188 0.496094 0.621094 0.492188 0.621094 0.484375 0.613281 0.476562 0.613281 0.445312 0.609375 0.441406 0.609375 0.4375 0.597656 0.425781
0 0.464844 0.585938 0.457031 0.59375 0.453125 0.59375 0.449219 0.597656 0.445312 0.597656 0.441406 0.601562 0.441406 0.628906 0.445312 0.632812 0.445312 0.640625 0.457031 0.652344 0.460938 0.652344 0.464844 0.65625 0.488281 0.65625 0.492188 0.652344 0.496094 0.652344 0.5 0.648438 0.5 0.644531 0.515625 0.628906 0.515625 0.625 0.523438 0.617188 0.523438 0.605469 0.511719 0.59375 0.5 0.59375 0.496094 0.589844 0.492188 0.589844 0.488281 0.585938
0 0.261719 0.332031 0.257812 0.335938 0.253906 0.335938 0.25 0.339844 0.246094 0.339844 0.242188 0.34375 0.242188 0.355469 0.238281 0.359375 0.238281 0.371094 0.234375 0.375 0.234375 0.378906 0.230469 0.382812 0.230469 0.386719 0.234375 0.390625 0.234375 0.394531 0.242188 0.402344 0.242188 0.40625 0.253906 0.417969 0.269531 0.417969 0.277344 0.410156 0.28125 0.410156 0.285156 0.40625 0.289062 0.40625 0.292969 0.402344 0.300781 0.402344 0.308594 0.410156 0.316406 0.410156 0.320312 0.40625 0.320312 0.402344 0.324219 0.398438 0.324219 0.390625 0.328125 0.386719 0.328125 0.363281 0.3125 0.347656 0.308594 0.347656 0.304688 0.34375 0.292969 0.34375 0.28125 0.332031
0 0.4375 0.292969 0.433594 0.296875 0.429688 0.296875 0.425781 0.300781 0.425781 0.304688 0.421875 0.308594 0.421875 0.332031 0.4375 0.347656 0.472656 0.347656 0.488281 0.332031 0.488281 0.320312 0.480469 0.3125 0.480469 0.308594 0.472656 0.300781 0.46875 0.300781 0.464844 0.296875 0.460938 0.296875 0.457031 0.292969
0 0.429688 0.53125 0.425781 0.535156 0.425781 0.539062 0.421875 0.542969 0.421875 0.570312 0.425781 0.574219 0.429688 0.574219 0.433594 0.578125 0.457031 0.578125 0.460938 0.574219 0.472656 0.574219 0.480469 0.566406 0.480469 0.554688 0.457031 0.53125
0 0.773438 0.648438 0.769531 0.652344 0.765625 0.652344 0.742188 0.675781 0.742188 0.699219 0.746094 0.703125 0.746094 0.707031 0.753906 0.714844 0.757812 0.714844 0.761719 0.71875 0.765625 0.71875 0.769531 0.722656 0.792969 0.722656 0.804688 0.710938 0.804688 0.695312 0.808594 0.691406 0.808594 0.683594 0.804688 0.679688 0.804688 0.671875 0.800781 0.667969 0.800781 0.65625 0.796875 0.652344 0.789062 0.652344 0.785156 0.648438
0 0.34375 0.671875 0.335938 0.679688 0.332031 0.679688 0.328125 0.683594 0.324219 0.683594 0.320312 0.6875 0.316406 0.6875 0.300781 0.703125 0.300781 0.722656 0.304688 0.726562 0.304688 0.730469 0.308594 0.734375 0.308594 0.738281 0.316406 0.746094 0.324219 0.746094 0.328125 0.75 0.351562 0.75 0.367188 0.734375 0.371094 0.734375 0.378906 0.726562 0.378906 0.707031 0.371094 0.699219 0.367188 0.699219 0.359375 0.691406 0.359375 0.675781 0.355469 0.671875
0 0 0.402344 0 0.464844 0.0195312 0.464844 0.0234375 0.460938 0.0273438 0.460938 0.03125 0.457031 0.03125 0.453125 0.0351562 0.449219 0.0351562 0.421875 0.03125 0.417969 0.03125 0.414062 0.0234375 0.40625 0.0195312 0.40625 0.015625 0.402344
0 0.375 0.582031 0.375 0.589844 0.367188 0.597656 0.363281 0.597656 0.355469 0.605469 0.355469 0.609375 0.351562 0.613281 0.351562 0.621094 0.347656 0.625 0.347656 0.628906 0.34375 0.632812 0.34375 0.648438 0.355469 0.660156 0.371094 0.660156 0.375 0.664062 0.414062 0.664062 0.441406 0.636719 0.441406 0.632812 0.4375 0.628906 0.4375 0.617188 0.421875 0.601562 0.421875 0.597656 0.417969 0.59375 0.410156 0.59375 0.398438 0.582031
0 0.59375 0.894531 0.582031 0.90625 0.582031 0.910156 0.570312 0.921875 0.570312 0.925781 0.5625 0.933594 0.5625 0.941406 0.566406 0.945312 0.566406 0.949219 0.574219 0.957031 0.574219 0.960938 0.582031 0.96875 0.613281 0.96875 0.617188 0.964844 0.621094 0.964844 0.625 0.960938 0.625 0.957031 0.632812 0.949219 0.632812 0.9375 0.628906 0.933594 0.628906 0.929688 0.632812 0.925781 0.632812 0.902344 0.628906 0.898438 0.605469 0.898438 0.601562 0.894531
0 0.347656 0.808594 0.34375 0.8125 0.339844 0.8125 0.328125 0.824219 0.324219 0.824219 0.316406 0.832031 0.316406 0.835938 0.304688 0.847656 0.292969 0.847656 0.289062 0.84375 0.285156 0.847656 0.285156 0.855469 0.28125 0.859375 0.28125 0.863281 0.277344 0.867188 0.277344 0.871094 0.273438 0.875 0.273438 0.878906 0.269531 0.882812 0.269531 0.890625 0.277344 0.898438 0.277344 0.902344 0.28125 0.90625 0.285156 0.90625 0.289062 0.910156 0.292969 0.910156 0.296875 0.914062 0.328125 0.914062 0.335938 0.90625 0.363281 0.90625 0.367188 0.902344 0.378906 0.902344 0.386719 0.894531 0.390625 0.894531 0.394531 0.890625 0.394531 0.871094 0.382812 0.859375 0.382812 0.851562 0.359375 0.828125 0.359375 0.820312
0 0.734375 0.476562 0.722656 0.488281 0.722656 0.507812 0.726562 0.511719 0.726562 0.515625 0.742188 0.53125 0.757812 0.53125 0.765625 0.523438 0.765625 0.496094 0.761719 0.492188 0.761719 0.488281 0.75 0.476562
0 0.265625 0.5625 0.261719 0.566406 0.261719 0.574219 0.265625 0.578125 0.273438 0.578125 0.277344 0.574219 0.277344 0.566406 0.273438 0.5625
0 0.339844 0.46875 0.328125 0.480469 0.328125 0.496094 0.34375 0.511719 0.371094 0.511719 0.375 0.507812 0.375 0.503906 0.386719 0.492188 0.386719 0.488281 0.382812 0.484375 0.382812 0.480469 0.378906 0.476562 0.375 0.476562 0.367188 0.46875
0 0.84375 0.332031 0.835938 0.339844 0.835938 0.34375 0.828125 0.351562 0.828125 0.355469 0.8125 0.371094 0.8125 0.375 0.828125 0.390625 0.859375 0.390625 0.871094 0.378906 0.871094 0.351562 0.859375 0.339844 0.855469 0.339844 0.847656 0.332031
0 0.378906 0.0664062 0.363281 0.0820312 0.363281 0.0976562 0.367188 0.101562 0.367188 0.105469 0.371094 0.109375 0.371094 0.113281 0.375 0.117188 0.378906 0.117188 0.382812 0.121094 0.394531 0.121094 0.398438 0.117188 0.402344 0.117188 0.410156 0.109375 0.410156 0.0820312 0.394531 0.0664062
0 0.507812 0.65625 0.503906 0.660156 0.503906 0.6875 0.507812 0.691406 0.507812 0.695312 0.511719 0.699219 0.511719 0.703125 0.515625 0.707031 0.523438 0.707031 0.527344 0.710938 0.53125 0.710938 0.535156 0.714844 0.570312 0.714844 0.574219 0.710938 0.582031 0.710938 0.585938 0.707031 0.585938 0.691406 0.582031 0.6875 0.582031 0.683594 0.578125 0.679688 0.578125 0.675781 0.558594 0.65625 0.546875 0.65625 0.539062 0.664062 0.535156 0.664062 0.527344 0.65625
0 0.253906 0.699219 0.25 0.703125 0.25 0.714844 0.242188 0.722656 0.234375 0.722656 0.230469 0.726562 0.226562 0.726562 0.222656 0.730469 0.222656 0.738281 0.238281 0.753906 0.238281 0.757812 0.242188 0.761719 0.25 0.761719 0.261719 0.773438 0.277344 0.773438 0.285156 0.765625 0.285156 0.75 0.292969 0.742188 0.292969 0.734375 0.269531 0.710938 0.269531 0.707031 0.261719 0.699219
0 0.910156 0.730469 0.90625 0.734375 0.902344 0.734375 0.894531 0.742188 0.894531 0.746094 0.890625 0.75 0.890625 0.757812 0.894531 0.761719 0.894531 0.769531 0.90625 0.78125 0.910156 0.78125 0.914062 0.785156 0.921875 0.785156 0.925781 0.78125 0.929688 0.78125 0.933594 0.777344 0.933594 0.746094 0.929688 0.742188 0.929688 0.738281 0.925781 0.734375 0.921875 0.734375 0.917969 0.730469
0 0.222656 0.613281 0.214844 0.621094 0.210938 0.621094 0.207031 0.625 0.207031 0.628906 0.199219 0.636719 0.195312 0.636719 0.191406 0.640625 0.191406 0.65625 0.222656 0.6875 0.230469 0.6875 0.234375 0.683594 0.242188 0.683594 0.25 0.675781 0.257812 0.675781 0.261719 0.671875 0.261719 0.648438 0.257812 0.644531 0.257812 0.640625 0.238281 0.621094 0.238281 0.617188 0.234375 0.613281
0 0.636719 0.589844 0.632812 0.59375 0.628906 0.59375 0.621094 0.601562 0.621094 0.605469 0.617188 0.609375 0.617188 0.617188 0.621094 0.621094 0.621094 0.628906 0.625 0.632812 0.625 0.644531 0.628906 0.648438 0.636719 0.648438 0.640625 0.652344 0.671875 0.652344 0.679688 0.644531 0.679688 0.640625 0.683594 0.636719 0.683594 0.632812 0.6875 0.628906 0.6875 0.613281 0.683594 0.609375 0.679688 0.609375 0.675781 0.605469 0.664062 0.605469 0.652344 0.59375 0.648438 0.59375 0.644531 0.589844
