0 0.453125 0.21582 0.451172 0.217773 0.450195 0.217773 0.447266 0.220703 0.447266 0.223633 0.446289 0.224609 0.446289 0.229492 0.447266 0.230469 0.447266 0.236328 0.451172 0.240234 0.458008 0.240234 0.458984 0.239258 0.460938 0.239258 0.461914 0.238281 0.462891 0.238281 0.463867 0.237305 0.46582 0.237305 0.46582 0.236328 0.467773 0.234375 0.467773 0.223633 0.464844 0.220703 0.464844 0.219727 0.463867 0.219727 0.462891 0.21875 0.462891 0.217773 0.461914 0.217773 0.460938 0.216797 0.458984 0.216797 0.458008 0.21582
0 0.354492 0.438477 0.353516 0.439453 0.352539 0.439453 0.349609 0.442383 0.349609 0.443359 0.348633 0.444336 0.348633 0.445312 0.347656 0.446289 0.347656 0.453125 0.348633 0.454102 0.348633 0.455078 0.349609 0.456055 0.349609 0.457031 0.350586 0.457031 0.351562 0.458008 0.352539 0.458008 0.353516 0.458984 0.355469 0.458984 0.356445 0.459961 0.363281 0.459961 0.364258 0.458984 0.367188 0.458984 0.369141 0.457031 0.370117 0.457031 0.37207 0.455078 0.37207 0.454102 0.374023 0.452148 0.374023 0.446289 0.373047 0.445312 0.373047 0.444336 0.37207 0.443359 0.37207 0.442383 0.371094 0.441406 0.370117 0.441406 0.368164 0.439453 0.366211 0.439453 0.365234 0.438477
0 0.451172 0.9375 0.448242 0.94043 0.446289 0.94043 0.445312 0.941406 0.443359 0.941406 0.442383 0.94043 0.441406 0.941406 0.439453 0.941406 0.439453 0.945312 0.44043 0.946289 0.44043 0.947266 0.439453 0.948242 0.439453 0.953125 0.44043 0.954102 0.44043 0.958984 0.443359 0.958984 0.444336 0.958008 0.445312 0.958008 0.446289 0.957031 0.452148 0.957031 0.454102 0.958984 0.455078 0.958984 0.456055 0.959961 0.456055 0.960938 0.457031 0.961914 0.458984 0.961914 0.458984 0.958984 0.458008 0.958008 0.458008 0.956055 0.457031 0.955078 0.457031 0.954102 0.453125 0.950195 0.454102 0.949219 0.454102 0.948242 0.456055 0.946289 0.457031 0.946289 0.457031 0.945312 0.458008 0.944336 0.458008 0.941406 0.456055 0.939453 0.456055 0.938477 0.455078 0.938477 0.454102 0.9375
0 0.452148 0.949219 0.453125 0.948242 0.454102 0.949219 0.453125 0.950195
0 0.0654297 0.370117 0.0654297 0.375977 0.0664062 0.376953 0.0712891 0.376953 0.0722656 0.375977 0.0722656 0.371094 0.0712891 0.371094 0.0703125 0.370117
0 0.248047 0.746094 0.244141 0.75 0.244141 0.75293 0.241211 0.755859 0.240234 0.755859 0.243164 0.755859 0.246094 0.758789 0.246094 0.759766 0.24707 0.760742 0.25 0.760742 0.250977 0.759766 0.25293 0.759766 0.253906 0.758789 0.254883 0.758789 0.255859 0.757812 0.255859 0.755859 0.256836 0.754883 0.256836 0.750977 0.255859 0.75 0.255859 0.749023 0.25293 0.746094
0 0.688477 0.0556641 0.6875 0.0566406 0.6875 0.0615234 0.688477 0.0615234 0.689453 0.0625 0.695312 0.0625 0.695312 0.0566406 0.694336 0.0556641
0 0.300781 0.467773 0.299805 0.46875 0.298828 0.46875 0.297852 0.469727 0.297852 0.473633 0.296875 0.474609 0.296875 0.484375 0.298828 0.486328 0.298828 0.487305 0.299805 0.488281 0.299805 0.489258 0.301758 0.491211 0.307617 0.491211 0.308594 0.492188 0.308594 0.493164 0.30957 0.494141 0.310547 0.494141 0.30957 0.493164 0.30957 0.491211 0.310547 0.490234 0.311523 0.490234 0.3125 0.489258 0.3125 0.487305 0.313477 0.486328 0.313477 0.47168 0.311523 0.47168 0.30957 0.469727 0.30957 0.46875 0.307617 0.46875 0.306641 0.467773
0 0.303711 0.470703 0.304688 0.469727 0.305664 0.470703 0.304688 0.47168
0 0.464844 0 0.464844 0.000976562 0.466797 0.00292969 0.466797 0.00390625 0.467773 0.00488281 0.473633 0.00488281 0.474609 0.00585938 0.481445 0.00585938 0.482422 0.00488281 0.482422 0
0 0.469727 0.321289 0.46875 0.322266 0.466797 0.322266 0.46582 0.323242 0.463867 0.323242 0.462891 0.324219 0.459961 0.324219 0.459961 0.335938 0.461914 0.337891 0.461914 0.338867 0.464844 0.341797 0.464844 0.342773 0.46582 0.342773 0.466797 0.34375 0.469727 0.34375 0.470703 0.342773 0.47168 0.342773 0.472656 0.341797 0.473633 0.341797 0.474609 0.34082 0.475586 0.34082 0.477539 0.338867 0.478516 0.338867 0.478516 0.328125 0.477539 0.327148 0.477539 0.326172 0.474609 0.323242 0.473633 0.323242 0.472656 0.322266 0.470703 0.322266
0 0.611328 0.854492 0.610352 0.855469 0.610352 0.859375 0.614258 0.859375 0.615234 0.860352 0.617188 0.860352 0.619141 0.858398 0.619141 0.854492 0.617188 0.854492 0.617188 0.855469 0.616211 0.856445 0.615234 0.855469 0.615234 0.854492
0 0.015625 0.160156 0.0146484 0.161133 0.0136719 0.161133 0.0126953 0.162109 0.0117188 0.162109 0.00976562 0.164062 0.00976562 0.165039 0.00878906 0.166016 0.00878906 0.172852 0.00976562 0.173828 0.00976562 0.174805 0.0107422 0.175781 0.0107422 0.176758 0.0117188 0.176758 0.0126953 0.177734 0.0146484 0.177734 0.015625 0.176758 0.0166016 0.176758 0.0175781 0.175781 0.0185547 0.175781 0.0185547 0.174805 0.0195312 0.173828 0.0195312 0.172852 0.0205078 0.171875 0.0205078 0.163086 0.0185547 0.161133 0.0166016 0.161133
0 0.538086 0.212891 0.536133 0.214844 0.53418 0.214844 0.532227 0.216797 0.532227 0.21875 0.53125 0.219727 0.53125 0.226562 0.543945 0.226562 0.544922 0.225586 0.547852 0.225586 0.548828 0.224609 0.548828 0.222656 0.547852 0.22168 0.547852 0.21582 0.546875 0.214844 0.546875 0.213867 0.545898 0.213867 0.544922 0.212891
0 0.879883 0.287109 0.878906 0.288086 0.878906 0.289062 0.87793 0.290039 0.87793 0.292969 0.878906 0.293945 0.886719 0.293945 0.886719 0.288086 0.885742 0.287109
0 0.935547 0.139648 0.93457 0.140625 0.932617 0.140625 0.931641 0.141602 0.930664 0.141602 0.928711 0.143555 0.928711 0.145508 0.926758 0.147461 0.926758 0.150391 0.925781 0.151367 0.925781 0.155273 0.924805 0.15625 0.924805 0.161133 0.925781 0.162109 0.925781 0.163086 0.929688 0.166992 0.930664 0.166992 0.931641 0.167969 0.936523 0.167969 0.9375 0.166992 0.938477 0.166992 0.939453 0.166016 0.94043 0.166016 0.944336 0.162109 0.944336 0.161133 0.945312 0.160156 0.946289 0.160156 0.946289 0.158203 0.947266 0.157227 0.947266 0.155273 0.948242 0.154297 0.948242 0.145508 0.947266 0.144531 0.947266 0.143555 0.946289 0.142578 0.946289 0.141602 0.945312 0.141602 0.943359 0.139648
0 0.78418 0.264648 0.782227 0.266602 0.78125 0.266602 0.780273 0.267578 0.777344 0.267578 0.776367 0.268555 0.774414 0.268555 0.773438 0.269531 0.770508 0.269531 0.769531 0.270508 0.768555 0.270508 0.768555 0.271484 0.766602 0.273438 0.766602 0.274414 0.765625 0.275391 0.765625 0.27832 0.763672 0.280273 0.763672 0.282227 0.764648 0.283203 0.764648 0.28418 0.766602 0.286133 0.766602 0.287109 0.768555 0.287109 0.769531 0.288086 0.772461 0.288086 0.773438 0.289062 0.775391 0.289062 0.776367 0.288086 0.777344 0.288086 0.779297 0.286133 0.780273 0.286133 0.78418 0.282227 0.785156 0.282227 0.785156 0.28125 0.786133 0.280273 0.786133 0.279297 0.788086 0.277344 0.788086 0.275391 0.789062 0.274414 0.789062 0.272461 0.790039 0.271484 0.790039 0.264648
0 0.606445 0.273438 0.605469 0.274414 0.603516 0.274414 0.600586 0.277344 0.600586 0.279297 0.599609 0.280273 0.599609 0.28125 0.598633 0.282227 0.598633 0.28418 0.600586 0.286133 0.600586 0.287109 0.601562 0.288086 0.601562 0.289062 0.603516 0.291016 0.604492 0.291016 0.605469 0.291992 0.606445 0.291992 0.607422 0.291016 0.610352 0.291016 0.612305 0.289062 0.613281 0.289062 0.613281 0.288086 0.615234 0.286133 0.615234 0.279297 0.614258 0.27832 0.614258 0.277344 0.611328 0.274414 0.610352 0.274414 0.609375 0.273438
0 0.609375 0.173828 0.605469 0.177734 0.605469 0.178711 0.604492 0.179688 0.604492 0.180664 0.603516 0.181641 0.603516 0.189453 0.604492 0.19043 0.604492 0.192383 0.605469 0.193359 0.605469 0.194336 0.610352 0.194336 0.611328 0.193359 0.613281 0.193359 0.614258 0.192383 0.619141 0.192383 0.620117 0.191406 0.623047 0.191406 0.625 0.189453 0.625 0.181641 0.623047 0.179688 0.623047 0.178711 0.62207 0.178711 0.619141 0.175781 0.618164 0.175781 0.617188 0.174805 0.616211 0.174805 0.615234 0.173828
0 0.460938 0.730469 0.459961 0.731445 0.458008 0.731445 0.457031 0.732422 0.456055 0.732422 0.455078 0.733398 0.455078 0.734375 0.452148 0.737305 0.452148 0.739258 0.448242 0.743164 0.448242 0.744141 0.447266 0.745117 0.447266 0.753906 0.449219 0.755859 0.452148 0.755859 0.453125 0.756836 0.454102 0.756836 0.455078 0.757812 0.458008 0.757812 0.458984 0.758789 0.464844 0.758789 0.467773 0.755859 0.467773 0.754883 0.46875 0.753906 0.46875 0.75293 0.469727 0.751953 0.469727 0.75 0.470703 0.749023 0.470703 0.74707 0.47168 0.746094 0.47168 0.734375 0.470703 0.733398 0.470703 0.731445 0.469727 0.730469
0 0.463867 0.738281 0.464844 0.737305 0.46582 0.738281 0.464844 0.739258
0 0.879883 0.267578 0.878906 0.268555 0.87793 0.268555 0.876953 0.269531 0.876953 0.277344 0.87793 0.27832 0.87793 0.280273 0.880859 0.280273 0.881836 0.279297 0.889648 0.279297 0.889648 0.273438 0.888672 0.272461 0.888672 0.271484 0.887695 0.270508 0.887695 0.269531 0.885742 0.267578
0 0.618164 0.194336 0.617188 0.195312 0.616211 0.195312 0.616211 0.197266 0.615234 0.198242 0.615234 0.203125 0.616211 0.204102 0.616211 0.206055 0.617188 0.207031 0.617188 0.208008 0.618164 0.208984 0.618164 0.209961 0.619141 0.210938 0.619141 0.211914 0.626953 0.211914 0.62793 0.210938 0.62793 0.209961 0.628906 0.208984 0.628906 0.208008 0.629883 0.207031 0.629883 0.203125 0.628906 0.202148 0.628906 0.200195 0.625 0.196289 0.624023 0.196289 0.623047 0.195312 0.62207 0.195312 0.621094 0.194336
0 0.25 0.0410156 0.249023 0.0419922 0.248047 0.0419922 0.245117 0.0449219 0.245117 0.0458984 0.243164 0.0478516 0.243164 0.0517578 0.244141 0.0527344 0.244141 0.0546875 0.246094 0.0546875 0.24707 0.0556641 0.253906 0.0556641 0.256836 0.0527344 0.256836 0.0517578 0.257812 0.0507812 0.257812 0.0439453 0.256836 0.0429688 0.256836 0.0419922 0.255859 0.0419922 0.254883 0.0410156
0 0.135742 0.200195 0.134766 0.201172 0.133789 0.201172 0.132812 0.202148 0.132812 0.206055 0.133789 0.206055 0.134766 0.207031 0.135742 0.207031 0.136719 0.208008 0.139648 0.208008 0.139648 0.201172 0.138672 0.200195
0 0.191406 0.466797 0.191406 0.467773 0.192383 0.46875 0.192383 0.470703 0.191406 0.47168 0.19043 0.47168 0.185547 0.476562 0.185547 0.478516 0.183594 0.480469 0.183594 0.481445 0.182617 0.482422 0.182617 0.491211 0.183594 0.492188 0.183594 0.493164 0.1875 0.49707 0.188477 0.49707 0.189453 0.498047 0.197266 0.498047 0.198242 0.49707 0.199219 0.49707 0.200195 0.496094 0.201172 0.496094 0.205078 0.492188 0.205078 0.491211 0.206055 0.490234 0.206055 0.489258 0.207031 0.488281 0.207031 0.487305 0.208984 0.485352 0.208008 0.484375 0.208008 0.474609 0.207031 0.473633 0.207031 0.472656 0.205078 0.470703 0.204102 0.470703 0.203125 0.469727 0.201172 0.469727 0.200195 0.46875 0.194336 0.46875 0.193359 0.469727 0.192383 0.46875 0.192383 0.467773
0 0.142578 0.204102 0.142578 0.205078 0.141602 0.206055 0.141602 0.213867 0.143555 0.21582 0.146484 0.21582 0.146484 0.214844 0.147461 0.213867 0.147461 0.206055 0.145508 0.204102
0 0.015625 0.957031 0.0146484 0.958008 0.0136719 0.958008 0.0136719 0.959961 0.0126953 0.960938 0.0126953 0.967773 0.0136719 0.96875 0.0146484 0.96875 0.015625 0.969727 0.0175781 0.969727 0.0195312 0.967773 0.0195312 0.964844 0.0205078 0.963867 0.0205078 0.960938 0.0195312 0.959961 0.0195312 0.957031
0 0.959961 0.0996094 0.958008 0.101562 0.958008 0.102539 0.957031 0.103516 0.957031 0.104492 0.955078 0.106445 0.955078 0.107422 0.954102 0.108398 0.954102 0.113281 0.955078 0.114258 0.956055 0.114258 0.957031 0.115234 0.963867 0.115234 0.96582 0.113281 0.96582 0.112305 0.966797 0.111328 0.966797 0.108398 0.967773 0.107422 0.967773 0.103516 0.96582 0.101562 0.96582 0.100586 0.964844 0.0996094
0 0.175781 0.857422 0.172852 0.860352 0.172852 0.864258 0.171875 0.865234 0.171875 0.869141 0.172852 0.870117 0.172852 0.874023 0.175781 0.874023 0.176758 0.875 0.176758 0.875977 0.179688 0.878906 0.180664 0.878906 0.182617 0.880859 0.19043 0.880859 0.19043 0.878906 0.189453 0.87793 0.189453 0.871094 0.188477 0.870117 0.188477 0.868164 0.1875 0.867188 0.1875 0.866211 0.185547 0.864258 0.185547 0.862305 0.18457 0.861328 0.183594 0.861328 0.180664 0.858398 0.178711 0.858398 0.177734 0.857422
0 0.135742 0.213867 0.135742 0.21582 0.134766 0.216797 0.134766 0.220703 0.135742 0.22168 0.141602 0.22168 0.141602 0.216797 0.140625 0.21582 0.140625 0.214844 0.139648 0.213867
0 0.504883 0.518555 0.503906 0.519531 0.50293 0.519531 0.500977 0.521484 0.500977 0.522461 0.5 0.523438 0.5 0.529297 0.50293 0.532227 0.503906 0.532227 0.504883 0.533203 0.507812 0.533203 0.507812 0.532227 0.511719 0.52832 0.511719 0.522461 0.510742 0.521484 0.510742 0.520508 0.508789 0.518555
0 0.37207 0.257812 0.371094 0.258789 0.370117 0.258789 0.370117 0.259766 0.369141 0.260742 0.369141 0.264648 0.370117 0.265625 0.370117 0.266602 0.371094 0.267578 0.371094 0.268555 0.373047 0.270508 0.374023 0.270508 0.375 0.271484 0.375977 0.270508 0.379883 0.270508 0.379883 0.269531 0.381836 0.267578 0.381836 0.265625 0.382812 0.264648 0.381836 0.263672 0.381836 0.262695 0.380859 0.261719 0.380859 0.260742 0.37793 0.257812
0 0.625977 0.338867 0.625 0.339844 0.624023 0.339844 0.623047 0.34082 0.623047 0.341797 0.62207 0.342773 0.62207 0.347656 0.624023 0.349609 0.630859 0.349609 0.631836 0.348633 0.632812 0.348633 0.632812 0.342773 0.631836 0.341797 0.631836 0.34082 0.630859 0.339844 0.629883 0.339844 0.628906 0.338867
0 0.561523 0.435547 0.55957 0.4375 0.55957 0.438477 0.558594 0.439453 0.558594 0.444336 0.55957 0.445312 0.55957 0.446289 0.560547 0.447266 0.560547 0.450195 0.568359 0.458008 0.569336 0.457031 0.573242 0.457031 0.574219 0.458008 0.577148 0.458008 0.578125 0.458984 0.582031 0.458984 0.582031 0.458008 0.580078 0.456055 0.580078 0.455078 0.579102 0.454102 0.579102 0.449219 0.578125 0.448242 0.578125 0.447266 0.575195 0.444336 0.575195 0.443359 0.573242 0.441406 0.573242 0.44043 0.570312 0.4375 0.569336 0.4375 0.568359 0.436523 0.563477 0.436523 0.5625 0.435547
0 0.881836 0.280273 0.880859 0.28125 0.880859 0.28418 0.881836 0.285156 0.884766 0.285156 0.887695 0.282227 0.887695 0.280273
0 0.0654297 0.357422 0.0615234 0.361328 0.0615234 0.364258 0.0664062 0.364258 0.0673828 0.363281 0.0693359 0.363281 0.0693359 0.360352 0.0683594 0.359375 0.0683594 0.357422
0 0.548828 0.21582 0.548828 0.22168 0.550781 0.223633 0.550781 0.224609 0.552734 0.226562 0.552734 0.227539 0.555664 0.227539 0.555664 0.21875 0.554688 0.217773 0.553711 0.217773 0.551758 0.21582
0 0.856445 0.536133 0.855469 0.537109 0.853516 0.537109 0.852539 0.538086 0.852539 0.539062 0.851562 0.540039 0.851562 0.541016 0.850586 0.541992 0.850586 0.544922 0.851562 0.545898 0.851562 0.546875 0.852539 0.546875 0.853516 0.547852 0.854492 0.547852 0.855469 0.548828 0.859375 0.548828 0.860352 0.547852 0.861328 0.547852 0.863281 0.545898 0.863281 0.541992 0.862305 0.541016 0.862305 0.540039 0.859375 0.537109 0.858398 0.537109 0.857422 0.536133
0 0.129883 0.169922 0.125977 0.173828 0.125977 0.178711 0.126953 0.179688 0.126953 0.180664 0.12793 0.181641 0.129883 0.181641 0.130859 0.182617 0.135742 0.182617 0.137695 0.180664 0.137695 0.179688 0.138672 0.178711 0.138672 0.175781 0.137695 0.174805 0.137695 0.172852 0.134766 0.169922
0 0.695312 0.0517578 0.695312 0.0527344 0.694336 0.0537109 0.694336 0.0546875 0.696289 0.0566406 0.696289 0.0585938 0.700195 0.0585938 0.700195 0.0527344 0.699219 0.0517578
0 0.87207 0.28125 0.87207 0.282227 0.870117 0.28418 0.870117 0.289062 0.876953 0.289062 0.87793 0.288086 0.87793 0.282227 0.876953 0.28125
0 0.59082 0.170898 0.589844 0.171875 0.588867 0.171875 0.586914 0.173828 0.585938 0.173828 0.582031 0.177734 0.582031 0.178711 0.581055 0.179688 0.581055 0.186523 0.582031 0.1875 0.582031 0.188477 0.583008 0.188477 0.584961 0.19043 0.585938 0.19043 0.586914 0.191406 0.587891 0.191406 0.588867 0.192383 0.59082 0.192383 0.591797 0.193359 0.592773 0.193359 0.59375 0.194336 0.601562 0.194336 0.601562 0.192383 0.602539 0.191406 0.602539 0.181641 0.603516 0.180664 0.603516 0.179688 0.604492 0.178711 0.604492 0.172852 0.603516 0.172852 0.602539 0.171875 0.600586 0.171875 0.599609 0.170898
0 0.544922 0.226562 0.543945 0.227539 0.53418 0.227539 0.532227 0.229492 0.532227 0.232422 0.533203 0.233398 0.535156 0.233398 0.536133 0.234375 0.545898 0.234375 0.547852 0.232422 0.547852 0.226562
0 0.362305 0 0.360352 0.00195312 0.360352 0.00488281 0.362305 0.00683594 0.364258 0.00683594 0.365234 0.0078125 0.367188 0.0078125 0.368164 0.00878906 0.369141 0.0078125 0.374023 0.0078125 0.374023 0.00488281 0.373047 0.00390625 0.373047 0.000976562 0.374023 0
0 0.560547 0.348633 0.55957 0.349609 0.556641 0.349609 0.554688 0.351562 0.553711 0.351562 0.553711 0.352539 0.552734 0.353516 0.552734 0.362305 0.554688 0.364258 0.555664 0.364258 0.556641 0.365234 0.558594 0.365234 0.55957 0.366211 0.563477 0.366211 0.564453 0.367188 0.564453 0.366211 0.566406 0.364258 0.567383 0.364258 0.567383 0.363281 0.568359 0.362305 0.568359 0.360352 0.569336 0.359375 0.569336 0.353516 0.568359 0.352539 0.568359 0.351562 0.566406 0.349609 0.56543 0.349609 0.564453 0.348633
0 0.554688 0.194336 0.553711 0.195312 0.553711 0.196289 0.552734 0.197266 0.551758 0.197266 0.551758 0.198242 0.550781 0.199219 0.549805 0.199219 0.543945 0.205078 0.543945 0.207031 0.544922 0.208008 0.544922 0.208984 0.545898 0.209961 0.546875 0.209961 0.548828 0.211914 0.5625 0.211914 0.563477 0.210938 0.563477 0.209961 0.564453 0.208984 0.564453 0.205078 0.563477 0.204102 0.563477 0.201172 0.5625 0.200195 0.5625 0.199219 0.561523 0.198242 0.561523 0.197266 0.560547 0.196289 0.560547 0.195312 0.55957 0.194336
0 0.150391 0.0957031 0.149414 0.0966797 0.149414 0.103516 0.150391 0.103516 0.151367 0.104492 0.15332 0.104492 0.154297 0.105469 0.154297 0.106445 0.155273 0.106445 0.15625 0.107422 0.157227 0.107422 0.158203 0.106445 0.160156 0.106445 0.161133 0.105469 0.161133 0.104492 0.163086 0.102539 0.163086 0.101562 0.164062 0.100586 0.164062 0.0986328 0.162109 0.0966797 0.157227 0.0966797 0.15625 0.0957031
0 0.569336 0.0585938 0.567383 0.0605469 0.567383 0.0703125 0.568359 0.0712891 0.568359 0.0722656 0.571289 0.0751953 0.572266 0.0742188 0.575195 0.0742188 0.576172 0.0732422 0.576172 0.0722656 0.577148 0.0712891 0.577148 0.0683594 0.578125 0.0673828 0.578125 0.0664062 0.577148 0.0654297 0.577148 0.0634766 0.572266 0.0585938
0 0.0664062 0.365234 0.0644531 0.367188 0.0644531 0.369141 0.0703125 0.369141 0.0712891 0.370117 0.0732422 0.370117 0.0742188 0.369141 0.0742188 0.366211 0.0732422 0.365234
0 0.836914 0.263672 0.835938 0.264648 0.834961 0.264648 0.833008 0.266602 0.833008 0.267578 0.832031 0.268555 0.832031 0.270508 0.831055 0.271484 0.831055 0.275391 0.832031 0.276367 0.832031 0.277344 0.834961 0.280273 0.835938 0.280273 0.836914 0.28125 0.838867 0.28125 0.839844 0.282227 0.841797 0.282227 0.842773 0.283203 0.844727 0.283203 0.845703 0.28418 0.850586 0.28418 0.850586 0.283203 0.851562 0.282227 0.852539 0.282227 0.858398 0.276367 0.858398 0.275391 0.859375 0.274414 0.860352 0.274414 0.860352 0.273438 0.861328 0.272461 0.862305 0.272461 0.862305 0.266602 0.861328 0.265625 0.859375 0.265625 0.858398 0.266602 0.855469 0.266602 0.854492 0.267578 0.852539 0.267578 0.851562 0.266602 0.849609 0.266602 0.848633 0.265625 0.847656 0.265625 0.84668 0.264648 0.845703 0.264648 0.844727 0.263672
0 0.428711 0.160156 0.427734 0.161133 0.423828 0.161133 0.422852 0.162109 0.421875 0.162109 0.421875 0.163086 0.419922 0.165039 0.419922 0.168945 0.418945 0.169922 0.418945 0.171875 0.417969 0.172852 0.417969 0.173828 0.416992 0.174805 0.416992 0.178711 0.416016 0.179688 0.416016 0.181641 0.417969 0.183594 0.419922 0.183594 0.420898 0.182617 0.421875 0.182617 0.422852 0.183594 0.423828 0.183594 0.424805 0.182617 0.426758 0.182617 0.427734 0.181641 0.428711 0.181641 0.429688 0.180664 0.430664 0.180664 0.430664 0.179688 0.431641 0.178711 0.431641 0.177734 0.432617 0.176758 0.432617 0.175781 0.43457 0.173828 0.43457 0.171875 0.435547 0.170898 0.436523 0.170898 0.436523 0.164062 0.435547 0.163086 0.435547 0.162109 0.433594 0.160156
0 0.0205078 0.96582 0.0205078 0.967773 0.0185547 0.969727 0.0185547 0.973633 0.0195312 0.974609 0.0195312 0.977539 0.0205078 0.978516 0.0253906 0.978516 0.0263672 0.977539 0.0263672 0.976562 0.0273438 0.975586 0.0273438 0.974609 0.0283203 0.973633 0.0283203 0.96875 0.0273438 0.967773 0.0273438 0.966797 0.0263672 0.96582
0 0.172852 0.266602 0.172852 0.267578 0.171875 0.268555 0.171875 0.275391 0.175781 0.279297 0.175781 0.280273 0.177734 0.280273 0.178711 0.28125 0.182617 0.28125 0.183594 0.280273 0.186523 0.280273 0.1875 0.279297 0.1875 0.273438 0.183594 0.269531 0.181641 0.269531 0.179688 0.267578 0.178711 0.267578 0.177734 0.266602
0 0.928711 0.276367 0.926758 0.27832 0.925781 0.27832 0.924805 0.279297 0.923828 0.279297 0.920898 0.282227 0.920898 0.285156 0.919922 0.286133 0.919922 0.291016 0.921875 0.292969 0.922852 0.292969 0.923828 0.293945 0.936523 0.293945 0.938477 0.291992 0.939453 0.291992 0.94043 0.291016 0.941406 0.291016 0.941406 0.290039 0.942383 0.289062 0.942383 0.287109 0.943359 0.286133 0.943359 0.279297 0.942383 0.27832 0.942383 0.277344 0.94043 0.277344 0.939453 0.276367
0 0.0996094 0.0234375 0.0986328 0.0244141 0.0966797 0.0244141 0.0957031 0.0253906 0.0957031 0.0263672 0.0947266 0.0273438 0.0947266 0.0283203 0.09375 0.0292969 0.09375 0.0332031 0.0947266 0.0341797 0.0947266 0.0361328 0.0966797 0.0380859 0.0966797 0.0390625 0.0986328 0.0410156 0.0986328 0.0419922 0.100586 0.0439453 0.102539 0.0439453 0.103516 0.0449219 0.110352 0.0449219 0.111328 0.0458984 0.111328 0.046875 0.112305 0.046875 0.113281 0.0458984 0.114258 0.0458984 0.115234 0.0449219 0.115234 0.0429688 0.116211 0.0419922 0.116211 0.0400391 0.117188 0.0390625 0.117188 0.0332031 0.116211 0.0322266 0.116211 0.03125 0.114258 0.0292969 0.114258 0.0283203 0.113281 0.0273438 0.113281 0.0263672 0.112305 0.0253906 0.112305 0.0244141 0.111328 0.0234375
0 0.185547 0.107422 0.183594 0.109375 0.183594 0.112305 0.18457 0.113281 0.18457 0.114258 0.19043 0.120117 0.198242 0.120117 0.200195 0.118164 0.200195 0.113281 0.199219 0.112305 0.199219 0.111328 0.196289 0.108398 0.195312 0.108398 0.194336 0.107422
0 0.342773 0.167969 0.341797 0.168945 0.34082 0.168945 0.337891 0.171875 0.337891 0.172852 0.336914 0.173828 0.336914 0.175781 0.335938 0.176758 0.335938 0.177734 0.334961 0.178711 0.334961 0.180664 0.333984 0.181641 0.333984 0.1875 0.334961 0.188477 0.334961 0.189453 0.336914 0.191406 0.336914 0.192383 0.339844 0.192383 0.34082 0.193359 0.342773 0.193359 0.34375 0.194336 0.347656 0.194336 0.351562 0.19043 0.351562 0.189453 0.352539 0.188477 0.352539 0.180664 0.351562 0.179688 0.351562 0.178711 0.350586 0.177734 0.350586 0.175781 0.349609 0.174805 0.349609 0.173828 0.344727 0.168945 0.34375 0.168945
