0 0.410156 0.289062 0.40625 0.292969 0.394531 0.292969 0.390625 0.296875 0.386719 0.296875 0.382812 0.300781 0.382812 0.304688 0.375 0.3125 0.375 0.316406 0.367188 0.324219 0.367188 0.335938 0.375 0.34375 0.375 0.347656 0.378906 0.347656 0.382812 0.351562 0.386719 0.351562 0.390625 0.355469 0.398438 0.355469 0.402344 0.351562 0.410156 0.351562 0.417969 0.34375 0.421875 0.34375 0.421875 0.339844 0.429688 0.332031 0.429688 0.308594 0.425781 0.304688 0.425781 0.300781 0.417969 0.292969 0.414062 0.292969
0 0.96875 0.0117188 0.964844 0.015625 0.960938 0.015625 0.957031 0.0195312 0.953125 0.0195312 0.933594 0.0390625 0.933594 0.0429688 0.929688 0.046875 0.929688 0.0507812 0.925781 0.0546875 0.925781 0.0625 0.921875 0.0664062 0.921875 0.0703125 0.925781 0.0742188 0.925781 0.0820312 0.929688 0.0859375 0.929688 0.0898438 0.941406 0.101562 0.945312 0.101562 0.949219 0.105469 0.953125 0.105469 0.957031 0.109375 0.984375 0.109375 0.988281 0.105469 0.992188 0.105469 0.996094 0.101562 0.996094 0.0117188
0 0.503906 0.199219 0.503906 0.203125 0.484375 0.222656 0.484375 0.226562 0.480469 0.230469 0.480469 0.238281 0.476562 0.242188 0.476562 0.277344 0.480469 0.28125 0.480469 0.320312 0.484375 0.324219 0.484375 0.328125 0.492188 0.335938 0.503906 0.335938 0.507812 0.339844 0.511719 0.335938 0.519531 0.335938 0.523438 0.332031 0.527344 0.332031 0.53125 0.328125 0.542969 0.328125 0.546875 0.324219 0.558594 0.324219 0.582031 0.300781 0.582031 0.296875 0.585938 0.292969 0.585938 0.289062 0.589844 0.285156 0.589844 0.277344 0.59375 0.273438 0.59375 0.25 0.589844 0.246094 0.589844 0.238281 0.585938 0.234375 0.585938 0.230469 0.582031 0.226562 0.582031 0.222656 0.570312 0.210938 0.566406 0.210938 0.5625 0.207031 0.558594 0.207031 0.554688 0.203125 0.550781 0.203125 0.546875 0.199219 0.542969 0.199219 0.542969 0.203125 0.535156 0.210938 0.515625 0.210938
0 0.503906 0.707031 0.5 0.710938 0.496094 0.710938 0.492188 0.714844 0.480469 0.714844 0.476562 0.71875 0.472656 0.71875 0.46875 0.722656 0.46875 0.738281 0.472656 0.742188 0.472656 0.746094 0.476562 0.75 0.476562 0.753906 0.480469 0.757812 0.480469 0.761719 0.484375 0.765625 0.488281 0.765625 0.5 0.777344 0.507812 0.777344 0.515625 0.785156 0.535156 0.785156 0.539062 0.78125 0.554688 0.78125 0.558594 0.777344 0.5625 0.777344 0.566406 0.773438 0.566406 0.746094 0.5625 0.742188 0.5625 0.738281 0.546875 0.722656 0.542969 0.722656 0.535156 0.714844 0.527344 0.714844 0.523438 0.710938 0.519531 0.710938 0.515625 0.707031
0 0.539062 0.0898438 0.535156 0.09375 0.53125 0.09375 0.523438 0.101562 0.519531 0.101562 0.515625 0.105469 0.515625 0.117188 0.511719 0.121094 0.511719 0.148438 0.53125 0.167969 0.558594 0.167969 0.5625 0.164062 0.566406 0.164062 0.570312 0.160156 0.574219 0.160156 0.578125 0.15625 0.578125 0.152344 0.582031 0.148438 0.582031 0.121094 0.578125 0.117188 0.578125 0.113281 0.574219 0.109375 0.574219 0.105469 0.558594 0.0898438
0 0.332031 0.480469 0.328125 0.484375 0.324219 0.484375 0.320312 0.488281 0.316406 0.488281 0.308594 0.496094 0.308594 0.5 0.304688 0.503906 0.304688 0.511719 0.300781 0.515625 0.300781 0.539062 0.304688 0.542969 0.304688 0.554688 0.3125 0.5625 0.3125 0.566406 0.320312 0.574219 0.324219 0.574219 0.332031 0.582031 0.339844 0.582031 0.34375 0.585938 0.359375 0.585938 0.363281 0.582031 0.371094 0.582031 0.375 0.578125 0.378906 0.578125 0.394531 0.5625 0.394531 0.558594 0.398438 0.554688 0.398438 0.550781 0.402344 0.546875 0.402344 0.539062 0.40625 0.535156 0.40625 0.523438 0.402344 0.519531 0.402344 0.511719 0.378906 0.488281 0.375 0.488281 0.371094 0.484375 0.367188 0.484375 0.363281 0.480469
0 0.164062 0 0.164062 0.0195312 0.183594 0.0390625 0.191406 0.0390625 0.195312 0.0429688 0.214844 0.0429688 0.21875 0.0390625 0.222656 0.0390625 0.226562 0.0351562 0.230469 0.0351562 0.242188 0.0234375 0.242188 0.0195312 0.246094 0.015625 0.246094 0
0 0.378906 0.917969 0.375 0.921875 0.375 0.945312 0.378906 0.949219 0.398438 0.949219 0.414062 0.933594 0.414062 0.925781 0.40625 0.917969
0 0.0078125 0.933594 0.00390625 0.9375 0 0.9375 0 0.996094 0.0742188 0.996094 0.0742188 0.972656 0.0703125 0.96875 0.0703125 0.960938 0.0664062 0.957031 0.0664062 0.953125 0.0585938 0.945312 0.0546875 0.945312 0.046875 0.9375 0.0429688 0.9375 0.0390625 0.933594
0 0.636719 0.339844 0.632812 0.34375 0.625 0.34375 0.617188 0.351562 0.613281 0.351562 0.609375 0.355469 0.609375 0.359375 0.59375 0.375 0.59375 0.394531 0.589844 0.398438 0.589844 0.429688 0.601562 0.441406 0.605469 0.441406 0.609375 0.445312 0.617188 0.445312 0.621094 0.441406 0.636719 0.441406 0.644531 0.433594 0.648438 0.433594 0.65625 0.425781 0.660156 0.425781 0.667969 0.417969 0.671875 0.417969 0.683594 0.40625 0.683594 0.402344 0.6875 0.398438 0.6875 0.394531 0.691406 0.390625 0.691406 0.378906 0.6875 0.375 0.6875 0.367188 0.679688 0.359375 0.679688 0.355469 0.671875 0.347656 0.667969 0.347656 0.664062 0.34375 0.660156 0.34375 0.65625 0.339844
0 0.207031 0.222656 0.203125 0.226562 0.195312 0.226562 0.1875 0.234375 0.183594 0.234375 0.183594 0.238281 0.175781 0.246094 0.175781 0.25 0.171875 0.253906 0.171875 0.257812 0.167969 0.261719 0.167969 0.269531 0.164062 0.273438 0.164062 0.285156 0.160156 0.289062 0.160156 0.304688 0.164062 0.308594 0.164062 0.320312 0.199219 0.320312 0.203125 0.324219 0.207031 0.324219 0.210938 0.328125 0.214844 0.328125 0.21875 0.324219 0.230469 0.324219 0.234375 0.320312 0.246094 0.320312 0.246094 0.316406 0.261719 0.300781 0.265625 0.300781 0.265625 0.25 0.246094 0.230469 0.242188 0.230469 0.238281 0.226562 0.226562 0.226562 0.222656 0.222656
0 0.1875 0.945312 0.183594 0.949219 0.171875 0.949219 0.167969 0.953125 0.164062 0.953125 0.160156 0.957031 0.15625 0.957031 0.144531 0.96875 0.140625 0.96875 0.125 0.984375 0.125 0.992188 0.121094 0.996094 0.246094 0.996094 0.246094 0.988281 0.242188 0.984375 0.242188 0.976562 0.238281 0.972656 0.238281 0.96875 0.222656 0.953125 0.21875 0.953125 0.214844 0.949219 0.199219 0.949219 0.195312 0.945312
0 0.339844 0.726562 0.335938 0.730469 0.335938 0.738281 0.328125 0.746094 0.328125 0.75 0.324219 0.753906 0.324219 0.757812 0.320312 0.761719 0.320312 0.777344 0.324219 0.78125 0.324219 0.785156 0.347656 0.808594 0.355469 0.808594 0.359375 0.8125 0.382812 0.8125 0.386719 0.808594 0.390625 0.808594 0.394531 0.804688 0.394531 0.800781 0.402344 0.792969 0.402344 0.789062 0.410156 0.78125 0.410156 0.765625 0.40625 0.761719 0.40625 0.753906 0.402344 0.75 0.402344 0.738281 0.398438 0.742188 0.378906 0.742188 0.375 0.738281 0.355469 0.738281 0.351562 0.734375 0.347656 0.734375
0 0.628906 0.921875 0.625 0.925781 0.617188 0.925781 0.613281 0.929688 0.609375 0.929688 0.601562 0.9375 0.601562 0.941406 0.597656 0.945312 0.597656 0.953125 0.601562 0.957031 0.601562 0.964844 0.605469 0.96875 0.605469 0.972656 0.617188 0.984375 0.621094 0.984375 0.625 0.988281 0.632812 0.988281 0.636719 0.992188 0.644531 0.992188 0.648438 0.988281 0.65625 0.988281 0.660156 0.984375 0.664062 0.984375 0.675781 0.972656 0.675781 0.96875 0.679688 0.964844 0.679688 0.941406 0.667969 0.929688 0.664062 0.929688 0.660156 0.925781 0.644531 0.925781 0.640625 0.921875
0 0.582031 0.671875 0.578125 0.675781 0.578125 0.683594 0.582031 0.6875 0.589844 0.6875 0.59375 0.683594 0.59375 0.675781 0.589844 0.671875
0 0.550781 0.46875 0.546875 0.472656 0.542969 0.472656 0.535156 0.480469 0.535156 0.484375 0.53125 0.488281 0.53125 0.53125 0.535156 0.535156 0.535156 0.539062 0.550781 0.554688 0.554688 0.554688 0.558594 0.558594 0.59375 0.558594 0.597656 0.554688 0.601562 0.554688 0.609375 0.546875 0.609375 0.519531 0.613281 0.515625 0.613281 0.496094 0.59375 0.476562 0.589844 0.476562 0.585938 0.472656 0.582031 0.472656 0.578125 0.46875
0 0.0390625 0.53125 0.03125 0.539062 0.03125 0.558594 0.0351562 0.5625 0.0351562 0.566406 0.0507812 0.566406 0.0625 0.554688 0.0625 0.542969 0.0546875 0.535156 0.0507812 0.535156 0.046875 0.53125
0 0.621094 0.445312 0.617188 0.449219 0.617188 0.457031 0.621094 0.460938 0.628906 0.460938 0.632812 0.457031 0.632812 0.449219 0.628906 0.445312
0 0.179688 0.34375 0.175781 0.347656 0.160156 0.347656 0.160156 0.351562 0.15625 0.355469 0.148438 0.355469 0.144531 0.359375 0.136719 0.359375 0.132812 0.363281 0.132812 0.371094 0.136719 0.375 0.144531 0.375 0.15625 0.386719 0.160156 0.386719 0.164062 0.390625 0.167969 0.390625 0.171875 0.394531 0.175781 0.394531 0.179688 0.398438 0.1875 0.398438 0.191406 0.394531 0.195312 0.394531 0.199219 0.390625 0.199219 0.386719 0.203125 0.382812 0.203125 0.375 0.207031 0.371094 0.207031 0.355469 0.203125 0.351562 0.199219 0.351562 0.191406 0.34375
0 0 0.769531 0 0.875 0.0078125 0.882812 0.0117188 0.882812 0.0195312 0.890625 0.0234375 0.890625 0.0273438 0.894531 0.0351562 0.894531 0.0390625 0.898438 0.0546875 0.898438 0.0585938 0.894531 0.0625 0.894531 0.0664062 0.890625 0.0703125 0.890625 0.0859375 0.875 0.0859375 0.871094 0.0898438 0.867188 0.0898438 0.855469 0.0859375 0.851562 0.0859375 0.84375 0.0820312 0.839844 0.0820312 0.835938 0.078125 0.832031 0.078125 0.828125 0.0703125 0.820312 0.0703125 0.816406 0.0585938 0.816406 0.0546875 0.8125 0.0507812 0.8125 0.0273438 0.789062 0.0273438 0.785156 0.0195312 0.777344 0.0195312 0.773438 0.015625 0.769531
0 0.0898438 0.6875 0.0859375 0.691406 0.0820312 0.691406 0.0742188 0.699219 0.0742188 0.703125 0.0546875 0.722656 0.0507812 0.722656 0.046875 0.726562 0.046875 0.730469 0.03125 0.746094 0.0273438 0.746094 0.0351562 0.753906 0.0351562 0.769531 0.0390625 0.773438 0.0390625 0.777344 0.0507812 0.789062 0.0664062 0.789062 0.0703125 0.792969 0.0898438 0.792969 0.101562 0.78125 0.105469 0.78125 0.128906 0.757812 0.132812 0.757812 0.132812 0.75 0.136719 0.746094 0.136719 0.730469 0.140625 0.726562 0.140625 0.722656 0.15625 0.707031 0.144531 0.707031 0.128906 0.691406 0.125 0.691406 0.121094 0.6875
0 0.664062 0.484375 0.660156 0.488281 0.65625 0.488281 0.652344 0.492188 0.648438 0.492188 0.636719 0.503906 0.636719 0.527344 0.632812 0.53125 0.632812 0.558594 0.644531 0.570312 0.648438 0.570312 0.652344 0.574219 0.65625 0.574219 0.660156 0.578125 0.679688 0.578125 0.683594 0.574219 0.691406 0.574219 0.695312 0.570312 0.699219 0.570312 0.710938 0.558594 0.710938 0.554688 0.714844 0.550781 0.714844 0.542969 0.71875 0.539062 0.71875 0.527344 0.714844 0.523438 0.714844 0.515625 0.710938 0.511719 0.710938 0.507812 0.703125 0.5 0.703125 0.496094 0.699219 0.496094 0.691406 0.488281 0.6875 0.488281 0.683594 0.484375
0 0.554688 0.6875 0.550781 0.691406 0.550781 0.699219 0.554688 0.703125 0.5625 0.703125 0.566406 0.699219 0.566406 0.691406 0.5625 0.6875
0 0.480469 0.890625 0.476562 0.894531 0.472656 0.894531 0.464844 0.902344 0.464844 0.90625 0.460938 0.910156 0.460938 0.914062 0.457031 0.917969 0.457031 0.9375 0.460938 0.941406 0.460938 0.949219 0.464844 0.953125 0.464844 0.957031 0.476562 0.96875 0.480469 0.96875 0.484375 0.972656 0.503906 0.972656 0.507812 0.96875 0.515625 0.96875 0.527344 0.957031 0.527344 0.953125 0.53125 0.949219 0.53125 0.917969 0.527344 0.914062 0.527344 0.910156 0.515625 0.898438 0.511719 0.898438 0.507812 0.894531 0.503906 0.894531 0.5 0.890625
0 0.351562 0.691406 0.34375 0.699219 0.34375 0.703125 0.339844 0.707031 0.339844 0.722656 0.347656 0.730469 0.351562 0.730469 0.355469 0.734375 0.375 0.734375 0.378906 0.738281 0.398438 0.738281 0.402344 0.734375 0.402344 0.707031 0.386719 0.691406
0 0.542969 0 0.542969 0.0546875 0.546875 0.0585938 0.546875 0.0625 0.558594 0.0742188 0.5625 0.0742188 0.566406 0.078125 0.601562 0.078125 0.605469 0.0742188 0.609375 0.0742188 0.613281 0.0703125 0.617188 0.0703125 0.625 0.0625 0.625 0.0546875 0.628906 0.0507812 0.628906 0.03125 0.621094 0.0234375 0.621094 0.0195312 0.617188 0.015625 0.617188 0.0117188 0.613281 0.0078125 0.613281 0.00390625 0.609375 0
0 0.160156 0.832031 0.15625 0.835938 0.148438 0.835938 0.144531 0.839844 0.136719 0.839844 0.132812 0.84375 0.128906 0.84375 0.125 0.847656 0.121094 0.847656 0.113281 0.855469 0.109375 0.855469 0.109375 0.859375 0.105469 0.863281 0.105469 0.878906 0.109375 0.882812 0.109375 0.886719 0.117188 0.894531 0.121094 0.894531 0.125 0.898438 0.148438 0.898438 0.152344 0.902344 0.160156 0.902344 0.164062 0.90625 0.199219 0.90625 0.203125 0.902344 0.207031 0.902344 0.222656 0.886719 0.222656 0.867188 0.21875 0.863281 0.21875 0.859375 0.203125 0.84375 0.199219 0.84375 0.195312 0.839844 0.191406 0.839844 0.1875 0.835938 0.171875 0.835938 0.167969 0.832031
0 0.234375 0.40625 0.230469 0.410156 0.222656 0.410156 0.21875 0.414062 0.214844 0.414062 0.210938 0.417969 0.207031 0.417969 0.199219 0.425781 0.199219 0.429688 0.195312 0.433594 0.195312 0.4375 0.191406 0.441406 0.191406 0.472656 0.195312 0.476562 0.195312 0.480469 0.199219 0.484375 0.199219 0.488281 0.210938 0.5 0.214844 0.5 0.21875 0.503906 0.226562 0.503906 0.230469 0.507812 0.265625 0.507812 0.269531 0.503906 0.273438 0.503906 0.285156 0.492188 0.285156 0.488281 0.289062 0.484375 0.289062 0.480469 0.292969 0.476562 0.292969 0.449219 0.289062 0.445312 0.289062 0.441406 0.285156 0.4375 0.285156 0.433594 0.277344 0.425781 0.277344 0.421875 0.273438 0.417969 0.269531 0.417969 0.265625 0.414062 0.257812 0.414062 0.253906 0.410156 0.238281 0.410156
0 0.597656 0.800781 0.59375 0.804688 0.589844 0.804688 0.578125 0.816406 0.578125 0.824219 0.574219 0.828125 0.574219 0.847656 0.578125 0.851562 0.578125 0.855469 0.582031 0.859375 0.582031 0.863281 0.585938 0.863281 0.59375 0.871094 0.601562 0.871094 0.605469 0.875 0.625 0.875 0.628906 0.871094 0.636719 0.871094 0.652344 0.855469 0.652344 0.828125 0.648438 0.824219 0.648438 0.820312 0.632812 0.804688 0.628906 0.804688 0.625 0.800781
0 0.691406 0.820312 0.6875 0.824219 0.6875 0.84375 0.691406 0.847656 0.714844 0.847656 0.71875 0.84375 0.71875 0.828125 0.710938 0.820312
0 0.664062 0 0.65625 0.0078125 0.652344 0.0078125 0.652344 0.0625 0.664062 0.0742188 0.664062 0.078125 0.667969 0.0820312 0.667969 0.0859375 0.679688 0.0976562 0.683594 0.0976562 0.6875 0.101562 0.699219 0.101562 0.703125 0.105469 0.710938 0.105469 0.714844 0.101562 0.722656 0.101562 0.730469 0.09375 0.734375 0.09375 0.738281 0.0898438 0.738281 0.0859375 0.746094 0.078125 0.746094 0.0742188 0.75 0.0703125 0.75 0.0664062 0.753906 0.0625 0.753906 0.0234375 0.75 0.0195312 0.75 0.015625 0.734375 0
0 0.425781 0.0898438 0.421875 0.09375 0.414062 0.09375 0.410156 0.0976562 0.402344 0.0976562 0.394531 0.105469 0.390625 0.105469 0.386719 0.109375 0.386719 0.113281 0.378906 0.121094 0.378906 0.132812 0.375 0.136719 0.375 0.140625 0.378906 0.144531 0.378906 0.15625 0.382812 0.160156 0.382812 0.164062 0.394531 0.175781 0.398438 0.175781 0.402344 0.179688 0.40625 0.179688 0.410156 0.183594 0.445312 0.183594 0.449219 0.179688 0.453125 0.179688 0.457031 0.175781 0.460938 0.175781 0.464844 0.171875 0.46875 0.171875 0.480469 0.160156 0.480469 0.15625 0.488281 0.148438 0.488281 0.105469 0.480469 0.0976562 0.476562 0.0976562 0.472656 0.09375 0.464844 0.09375 0.460938 0.0898438
0 0.515625 0.179688 0.511719 0.183594 0.511719 0.1875 0.507812 0.191406 0.507812 0.199219 0.515625 0.207031 0.535156 0.207031 0.539062 0.203125 0.539062 0.183594 0.535156 0.179688
0 0.535156 0.585938 0.53125 0.589844 0.523438 0.589844 0.519531 0.59375 0.515625 0.59375 0.511719 0.597656 0.507812 0.597656 0.5 0.605469 0.5 0.609375 0.496094 0.613281 0.496094 0.625 0.492188 0.628906 0.496094 0.632812 0.496094 0.644531 0.5 0.648438 0.5 0.652344 0.515625 0.667969 0.519531 0.667969 0.523438 0.671875 0.527344 0.671875 0.53125 0.675781 0.535156 0.675781 0.539062 0.679688 0.566406 0.679688 0.570312 0.675781 0.574219 0.675781 0.582031 0.667969 0.585938 0.667969 0.589844 0.664062 0.589844 0.660156 0.59375 0.65625 0.59375 0.652344 0.597656 0.648438 0.597656 0.636719 0.601562 0.632812 0.601562 0.628906 0.597656 0.625 0.597656 0.617188 0.59375 0.613281 0.59375 0.609375 0.589844 0.605469 0.589844 0.601562 0.582031 0.59375 0.578125 0.59375 0.574219 0.589844 0.570312 0.589844 0.566406 0.585938
0 0.765625 0.828125 0.761719 0.832031 0.75 0.832031 0.738281 0.84375 0.738281 0.847656 0.734375 0.851562 0.734375 0.882812 0.738281 0.886719 0.738281 0.890625 0.742188 0.894531 0.742188 0.898438 0.753906 0.910156 0.757812 0.910156 0.761719 0.914062 0.785156 0.914062 0.789062 0.910156 0.792969 0.910156 0.800781 0.902344 0.800781 0.898438 0.804688 0.894531 0.804688 0.890625 0.808594 0.886719 0.808594 0.855469 0.800781 0.847656 0.800781 0.84375 0.796875 0.839844 0.792969 0.839844 0.789062 0.835938 0.785156 0.835938 0.78125 0.832031 0.769531 0.832031
0 0.238281 0.683594 0.234375 0.6875 0.230469 0.6875 0.222656 0.695312 0.21875 0.695312 0.214844 0.699219 0.214844 0.707031 0.21875 0.710938 0.21875 0.714844 0.222656 0.71875 0.222656 0.734375 0.226562 0.738281 0.226562 0.746094 0.230469 0.746094 0.234375 0.75 0.238281 0.75 0.242188 0.753906 0.269531 0.753906 0.273438 0.75 0.28125 0.75 0.289062 0.742188 0.289062 0.726562 0.292969 0.722656 0.292969 0.703125 0.285156 0.695312 0.285156 0.691406 0.277344 0.683594
0 0.160156 0.707031 0.144531 0.722656 0.144531 0.726562 0.140625 0.730469 0.140625 0.746094 0.136719 0.75 0.136719 0.757812 0.144531 0.765625 0.144531 0.773438 0.148438 0.777344 0.167969 0.777344 0.171875 0.78125 0.175781 0.78125 0.179688 0.777344 0.1875 0.777344 0.191406 0.773438 0.191406 0.769531 0.195312 0.765625 0.195312 0.757812 0.199219 0.753906 0.199219 0.730469 0.195312 0.726562 0.195312 0.722656 0.191406 0.71875 0.191406 0.714844 0.183594 0.707031
0 0.527344 0.351562 0.515625 0.363281 0.503906 0.363281 0.496094 0.371094 0.492188 0.371094 0.484375 0.378906 0.484375 0.382812 0.480469 0.386719 0.480469 0.390625 0.476562 0.394531 0.476562 0.425781 0.472656 0.429688 0.472656 0.433594 0.476562 0.4375 0.476562 0.441406 0.484375 0.449219 0.488281 0.449219 0.492188 0.453125 0.535156 0.453125 0.539062 0.449219 0.542969 0.449219 0.5625 0.429688 0.5625 0.425781 0.566406 0.421875 0.566406 0.386719 0.570312 0.382812 0.570312 0.375 0.566406 0.371094 0.566406 0.363281 0.5625 0.359375 0.558594 0.359375 0.550781 0.351562
0 0 0.1875 0 0.257812 0.00390625 0.257812 0.0078125 0.253906 0.0078125 0.25 0.015625 0.242188 0.015625 0.238281 0.0195312 0.234375 0.0195312 0.210938 0.015625 0.207031 0.015625 0.203125
0 0 0.632812 0 0.707031 0.015625 0.707031 0.0195312 0.703125 0.0273438 0.703125 0.0429688 0.6875 0.0429688 0.683594 0.046875 0.679688 0.046875 0.667969 0.0429688 0.664062 0.0429688 0.65625 0.0234375 0.636719 0.0195312 0.636719 0.015625 0.632812
0 0.417969 0 0.417969 0.0195312 0.421875 0.0234375 0.425781 0.0234375 0.429688 0.0273438 0.433594 0.0273438 0.4375 0.03125 0.445312 0.03125 0.449219 0.0351562 0.472656 0.0351562 0.476562 0.03125 0.480469 0.03125 0.496094 0.015625 0.496094 0.0117188 0.5 0.0078125 0.5 0.00390625 0.503906 0
0 0.0351562 0 0.0351562 0.0078125 0.0390625 0.0117188 0.0390625 0.015625 0.0429688 0.0195312 0.0429688 0.0234375 0.046875 0.0273438 0.0507812 0.0273438 0.0585938 0.0351562 0.0859375 0.0351562 0.0898438 0.03125 0.09375 0.03125 0.0976562 0.0273438 0.101562 0.0273438 0.113281 0.015625 0.113281 0.0117188 0.117188 0.0078125 0.117188 0.00390625 0.121094 0
0 0.621094 0.160156 0.605469 0.175781 0.601562 0.175781 0.597656 0.179688 0.597656 0.183594 0.59375 0.1875 0.59375 0.199219 0.597656 0.203125 0.597656 0.207031 0.605469 0.214844 0.609375 0.210938 0.625 0.210938 0.648438 0.1875 0.648438 0.164062 0.644531 0.160156
0 0.324219 0.214844 0.320312 0.21875 0.3125 0.21875 0.304688 0.226562 0.300781 0.226562 0.292969 0.234375 0.292969 0.238281 0.289062 0.242188 0.289062 0.265625 0.292969 0.269531 0.292969 0.28125 0.296875 0.285156 0.296875 0.289062 0.300781 0.292969 0.300781 0.296875 0.308594 0.304688 0.3125 0.304688 0.316406 0.308594 0.339844 0.308594 0.34375 0.3125 0.359375 0.296875 0.363281 0.296875 0.375 0.285156 0.378906 0.285156 0.390625 0.273438 0.390625 0.269531 0.386719 0.265625 0.386719 0.253906 0.382812 0.25 0.382812 0.246094 0.378906 0.242188 0.378906 0.238281 0.375 0.234375 0.371094 0.234375 0.363281 0.226562 0.363281 0.222656 0.359375 0.21875 0.355469 0.21875 0.351562 0.214844
0 0.449219 0.472656 0.441406 0.480469 0.441406 0.484375 0.433594 0.492188 0.433594 0.5 0.429688 0.503906 0.429688 0.523438 0.433594 0.527344 0.433594 0.53125 0.441406 0.539062 0.445312 0.539062 0.449219 0.542969 0.457031 0.542969 0.460938 0.546875 0.472656 0.546875 0.476562 0.542969 0.484375 0.542969 0.488281 0.539062 0.492188 0.539062 0.496094 0.535156 0.5 0.535156 0.507812 0.527344 0.507812 0.5 0.503906 0.496094 0.503906 0.488281 0.5 0.484375 0.496094 0.484375 0.492188 0.480469 0.484375 0.480469 0.480469 0.476562 0.453125 0.476562
0 0.953125 0.5 0.945312 0.507812 0.945312 0.523438 0.949219 0.527344 0.96875 0.527344 0.972656 0.523438 0.972656 0.507812 0.964844 0.5
0 0.835938 0.152344 0.832031 0.15625 0.828125 0.15625 0.804688 0.179688 0.804688 0.183594 0.800781 0.1875 0.800781 0.191406 0.796875 0.195312 0.796875 0.203125 0.792969 0.207031 0.792969 0.21875 0.796875 0.222656 0.796875 0.230469 0.792969 0.234375 0.789062 0.234375 0.785156 0.238281 0.773438 0.238281 0.769531 0.242188 0.761719 0.242188 0.757812 0.246094 0.753906 0.246094 0.75 0.25 0.746094 0.25 0.742188 0.253906 0.738281 0.253906 0.722656 0.269531 0.722656 0.277344 0.71875 0.28125 0.71875 0.285156 0.722656 0.289062 0.722656 0.296875 0.726562 0.300781 0.726562 0.304688 0.746094 0.324219 0.75 0.324219 0.753906 0.328125 0.757812 0.328125 0.761719 0.332031 0.765625 0.332031 0.769531 0.335938 0.796875 0.335938 0.800781 0.332031 0.804688 0.332031 0.820312 0.316406 0.820312 0.3125 0.824219 0.308594 0.824219 0.304688 0.828125 0.300781 0.828125 0.289062 0.832031 0.285156 0.832031 0.265625 0.839844 0.257812 0.84375 0.257812 0.847656 0.261719 0.855469 0.261719 0.859375 0.257812 0.871094 0.257812 0.875 0.253906 0.878906 0.253906 0.894531 0.238281 0.894531 0.234375 0.898438 0.230469 0.898438 0.226562 0.902344 0.222656 0.902344 0.207031 0.898438 0.203125 0.898438 0.195312 0.894531 0.191406 0.894531 0.1875 0.890625 0.183594 0.890625 0.179688 0.867188 0.15625 0.863281 0.15625 0.859375 0.152344
0 0.21875 0.0742188 0.214844 0.078125 0.203125 0.078125 0.195312 0.0859375 0.191406 0.0859375 0.179688 0.0976562 0.179688 0.101562 0.171875 0.109375 0.171875 0.117188 0.167969 0.121094 0.167969 0.152344 0.171875 0.15625 0.171875 0.160156 0.175781 0.164062 0.175781 0.167969 0.191406 0.183594 0.195312 0.183594 0.199219 0.1875 0.203125 0.1875 0.207031 0.191406 0.210938 0.191406 0.214844 0.195312 0.238281 0.195312 0.242188 0.191406 0.246094 0.191406 0.261719 0.175781 0.261719 0.171875 0.265625 0.167969 0.265625 0.164062 0.269531 0.160156 0.269531 0.15625 0.273438 0.152344 0.273438 0.121094 0.269531 0.117188 0.269531 0.109375 0.265625 0.105469 0.265625 0.101562 0.246094 0.0820312 0.242188 0.0820312 0.238281 0.078125 0.230469 0.078125 0.226562 0.0742188
0 0.722656 0.71875 0.71875 0.722656 0.714844 0.722656 0.707031 0.730469 0.707031 0.734375 0.703125 0.738281 0.703125 0.742188 0.699219 0.746094 0.699219 0.769531 0.703125 0.773438 0.703125 0.777344 0.707031 0.78125 0.707031 0.785156 0.722656 0.800781 0.730469 0.800781 0.734375 0.804688 0.753906 0.804688 0.757812 0.800781 0.761719 0.800781 0.773438 0.789062 0.773438 0.777344 0.777344 0.773438 0.777344 0.765625 0.773438 0.761719 0.773438 0.746094 0.769531 0.742188 0.769531 0.738281 0.757812 0.726562 0.753906 0.726562 0.75 0.722656 0.746094 0.722656 0.742188 0.71875
0 0.292969 0.316406 0.289062 0.320312 0.28125 0.320312 0.277344 0.324219 0.273438 0.324219 0.265625 0.332031 0.265625 0.335938 0.261719 0.339844 0.261719 0.34375 0.253906 0.351562 0.253906 0.355469 0.25 0.359375 0.25 0.371094 0.253906 0.375 0.253906 0.386719 0.265625 0.386719 0.269531 0.390625 0.277344 0.390625 0.28125 0.394531 0.285156 0.394531 0.289062 0.398438 0.304688 0.398438 0.308594 0.394531 0.3125 0.394531 0.324219 0.382812 0.324219 0.378906 0.332031 0.371094 0.332031 0.367188 0.335938 0.363281 0.335938 0.335938 0.332031 0.335938 0.328125 0.332031 0.324219 0.332031 0.320312 0.328125 0.320312 0.324219 0.316406 0.320312 0.3125 0.320312 0.308594 0.316406
0 0.445312 0.785156 0.441406 0.789062 0.4375 0.789062 0.425781 0.800781 0.425781 0.804688 0.414062 0.816406 0.414062 0.824219 0.410156 0.828125 0.410156 0.832031 0.414062 0.835938 0.414062 0.84375 0.421875 0.851562 0.421875 0.855469 0.425781 0.859375 0.429688 0.859375 0.4375 0.867188 0.441406 0.867188 0.445312 0.871094 0.449219 0.871094 0.453125 0.875 0.464844 0.875 0.46875 0.878906 0.484375 0.878906 0.488281 0.875 0.492188 0.875 0.5 0.867188 0.5 0.863281 0.503906 0.859375 0.503906 0.851562 0.507812 0.847656 0.507812 0.832031 0.503906 0.828125 0.503906 0.8125 0.5 0.808594 0.5 0.804688 0.496094 0.800781 0.488281 0.800781 0.484375 0.796875 0.476562 0.796875 0.472656 0.792969 0.464844 0.792969 0.457031 0.785156
