0 0.972656 0.453125 0.964844 0.460938 0.964844 0.464844 0.960938 0.46875 0.960938 0.472656 0.957031 0.476562 0.957031 0.496094 0.960938 0.5 0.960938 0.507812 0.96875 0.515625 0.96875 0.519531 0.976562 0.527344 0.980469 0.527344 0.984375 0.53125 0.988281 0.53125 0.992188 0.527344 0.996094 0.527344 0.996094 0.476562 0.992188 0.472656 0.992188 0.464844 0.980469 0.453125
0 0.609375 0.429688 0.605469 0.433594 0.605469 0.449219 0.609375 0.453125 0.609375 0.457031 0.613281 0.460938 0.613281 0.464844 0.621094 0.472656 0.625 0.472656 0.628906 0.476562 0.636719 0.476562 0.644531 0.46875 0.644531 0.453125 0.640625 0.449219 0.640625 0.445312 0.636719 0.441406 0.636719 0.4375 0.632812 0.433594 0.628906 0.433594 0.625 0.429688
0 0.898438 0.261719 0.894531 0.265625 0.878906 0.265625 0.875 0.269531 0.871094 0.269531 0.863281 0.277344 0.859375 0.277344 0.855469 0.28125 0.855469 0.285156 0.851562 0.289062 0.851562 0.292969 0.855469 0.296875 0.855469 0.300781 0.859375 0.304688 0.863281 0.304688 0.867188 0.308594 0.878906 0.308594 0.882812 0.304688 0.890625 0.304688 0.894531 0.300781 0.898438 0.300781 0.902344 0.296875 0.90625 0.296875 0.910156 0.292969 0.910156 0.289062 0.917969 0.28125 0.917969 0.273438 0.910156 0.265625 0.90625 0.265625 0.902344 0.261719
0 0.242188 0.796875 0.234375 0.804688 0.230469 0.804688 0.226562 0.808594 0.226562 0.816406 0.222656 0.820312 0.226562 0.824219 0.226562 0.832031 0.234375 0.839844 0.238281 0.839844 0.242188 0.84375 0.246094 0.84375 0.25 0.847656 0.257812 0.847656 0.261719 0.84375 0.269531 0.84375 0.285156 0.828125 0.285156 0.8125 0.28125 0.808594 0.28125 0.804688 0.277344 0.804688 0.273438 0.800781 0.269531 0.800781 0.265625 0.796875
0 0.378906 0.347656 0.375 0.351562 0.363281 0.351562 0.359375 0.355469 0.351562 0.355469 0.34375 0.363281 0.34375 0.375 0.351562 0.382812 0.382812 0.382812 0.394531 0.371094 0.394531 0.355469 0.390625 0.351562 0.386719 0.351562 0.382812 0.347656
0 0.882812 0.699219 0.878906 0.703125 0.878906 0.707031 0.875 0.710938 0.875 0.722656 0.882812 0.722656 0.894531 0.710938 0.902344 0.710938 0.902344 0.703125 0.898438 0.699219
0 0.0898438 0.398438 0.0898438 0.410156 0.09375 0.414062 0.09375 0.417969 0.0898438 0.421875 0.0898438 0.425781 0.0820312 0.433594 0.078125 0.433594 0.0703125 0.441406 0.0703125 0.453125 0.0742188 0.457031 0.09375 0.457031 0.0976562 0.453125 0.0976562 0.4375 0.101562 0.433594 0.101562 0.402344 0.0976562 0.398438
0 0.300781 0.472656 0.296875 0.476562 0.292969 0.476562 0.289062 0.480469 0.289062 0.484375 0.28125 0.492188 0.28125 0.511719 0.292969 0.523438 0.292969 0.527344 0.296875 0.527344 0.304688 0.535156 0.324219 0.535156 0.324219 0.53125 0.328125 0.527344 0.328125 0.523438 0.332031 0.519531 0.332031 0.496094 0.3125 0.476562 0.308594 0.476562 0.304688 0.472656
0 0.871094 0.890625 0.863281 0.898438 0.863281 0.902344 0.859375 0.90625 0.859375 0.914062 0.863281 0.917969 0.863281 0.921875 0.878906 0.9375 0.882812 0.9375 0.894531 0.925781 0.894531 0.921875 0.898438 0.917969 0.898438 0.910156 0.894531 0.90625 0.894531 0.902344 0.882812 0.890625
0 0.714844 0 0.710938 0.00390625 0.710938 0.0195312 0.722656 0.03125 0.726562 0.03125 0.730469 0.0351562 0.761719 0.0351562 0.765625 0.03125 0.769531 0.03125 0.773438 0.0273438 0.773438 0.0195312 0.777344 0.015625 0.773438 0.0117188 0.773438 0.0078125 0.769531 0.00390625 0.769531 0
0 0.191406 0.164062 0.1875 0.167969 0.183594 0.167969 0.171875 0.179688 0.171875 0.183594 0.164062 0.191406 0.164062 0.195312 0.167969 0.199219 0.167969 0.203125 0.179688 0.214844 0.195312 0.214844 0.199219 0.210938 0.207031 0.210938 0.210938 0.207031 0.214844 0.207031 0.21875 0.203125 0.222656 0.203125 0.226562 0.199219 0.226562 0.195312 0.230469 0.191406 0.226562 0.1875 0.226562 0.179688 0.222656 0.175781 0.21875 0.175781 0.214844 0.171875 0.207031 0.171875 0.203125 0.167969 0.199219 0.167969 0.195312 0.164062
0 0.722656 0.601562 0.722656 0.609375 0.730469 0.617188 0.734375 0.617188 0.746094 0.628906 0.753906 0.628906 0.753906 0.617188 0.738281 0.601562
0 0.179688 0.839844 0.175781 0.84375 0.175781 0.855469 0.195312 0.855469 0.195312 0.84375 0.191406 0.839844
0 0.667969 0.175781 0.660156 0.183594 0.652344 0.183594 0.648438 0.1875 0.644531 0.1875 0.632812 0.199219 0.632812 0.226562 0.636719 0.230469 0.636719 0.234375 0.640625 0.238281 0.648438 0.238281 0.652344 0.242188 0.671875 0.242188 0.675781 0.238281 0.683594 0.238281 0.6875 0.234375 0.699219 0.234375 0.703125 0.230469 0.703125 0.226562 0.707031 0.222656 0.707031 0.195312 0.699219 0.1875 0.691406 0.1875 0.6875 0.183594 0.683594 0.183594 0.675781 0.175781
