0 0.1875 0.953125 0.183594 0.957031 0.183594 0.96875 0.175781 0.976562 0.175781 0.984375 0.167969 0.992188 0.167969 0.996094 0.285156 0.996094 0.28125 0.992188 0.277344 0.992188 0.273438 0.988281 0.265625 0.988281 0.257812 0.980469 0.253906 0.980469 0.25 0.976562 0.246094 0.976562 0.238281 0.96875 0.234375 0.96875 0.226562 0.960938 0.222656 0.960938 0.214844 0.953125
0 0.800781 0.363281 0.789062 0.375 0.785156 0.375 0.777344 0.382812 0.777344 0.386719 0.78125 0.390625 0.78125 0.40625 0.789062 0.414062 0.789062 0.445312 0.792969 0.449219 0.792969 0.464844 0.796875 0.46875 0.796875 0.476562 0.792969 0.480469 0.792969 0.511719 0.796875 0.511719 0.8125 0.527344 0.8125 0.535156 0.855469 0.535156 0.859375 0.53125 0.867188 0.53125 0.867188 0.527344 0.871094 0.523438 0.871094 0.515625 0.875 0.511719 0.875 0.507812 0.878906 0.503906 0.878906 0.484375 0.871094 0.476562 0.871094 0.46875 0.875 0.464844 0.875 0.441406 0.871094 0.4375 0.871094 0.402344 0.863281 0.394531 0.863281 0.390625 0.859375 0.386719 0.855469 0.386719 0.851562 0.382812 0.847656 0.382812 0.84375 0.378906 0.835938 0.378906 0.832031 0.375 0.828125 0.375 0.824219 0.371094 0.820312 0.371094 0.816406 0.367188 0.8125 0.367188 0.808594 0.363281
0 0.246094 0.902344 0.242188 0.90625 0.238281 0.90625 0.226562 0.917969 0.222656 0.917969 0.21875 0.921875 0.214844 0.921875 0.210938 0.925781 0.210938 0.941406 0.222656 0.953125 0.226562 0.953125 0.230469 0.957031 0.234375 0.957031 0.242188 0.964844 0.25 0.964844 0.265625 0.980469 0.277344 0.980469 0.28125 0.976562 0.28125 0.972656 0.289062 0.964844 0.289062 0.960938 0.296875 0.953125 0.296875 0.929688 0.289062 0.921875 0.289062 0.914062 0.269531 0.914062 0.265625 0.910156 0.257812 0.910156 0.253906 0.90625 0.25 0.90625
0 0.992188 0.324219 0.96875 0.347656 0.964844 0.347656 0.960938 0.351562 0.964844 0.355469 0.964844 0.359375 0.96875 0.363281 0.96875 0.371094 0.972656 0.375 0.972656 0.378906 0.976562 0.382812 0.976562 0.394531 0.980469 0.398438 0.984375 0.394531 0.996094 0.394531 0.996094 0.324219
0 0.273438 0.839844 0.273438 0.871094 0.261719 0.882812 0.265625 0.886719 0.273438 0.886719 0.277344 0.890625 0.304688 0.890625 0.3125 0.882812 0.3125 0.855469 0.316406 0.851562 0.308594 0.84375 0.304688 0.84375 0.300781 0.839844
0 0.996094 0.417969 0.992188 0.421875 0.988281 0.421875 0.980469 0.429688 0.980469 0.433594 0.976562 0.4375 0.976562 0.445312 0.972656 0.449219 0.972656 0.460938 0.976562 0.464844 0.976562 0.476562 0.980469 0.480469 0.980469 0.484375 0.984375 0.488281 0.984375 0.492188 0.988281 0.492188 0.996094 0.5
0 0.976562 0.234375 0.96875 0.242188 0.960938 0.242188 0.949219 0.253906 0.949219 0.257812 0.941406 0.265625 0.941406 0.269531 0.933594 0.277344 0.933594 0.296875 0.949219 0.3125 0.949219 0.324219 0.953125 0.328125 0.96875 0.328125 0.972656 0.324219 0.972656 0.320312 0.984375 0.308594 0.984375 0.304688 0.988281 0.300781 0.988281 0.296875 0.996094 0.289062 0.996094 0.253906 0.992188 0.25 0.992188 0.246094 0.988281 0.242188 0.988281 0.238281 0.984375 0.234375
0 0.792969 0.0351562 0.789062 0.0390625 0.785156 0.0390625 0.78125 0.0429688 0.773438 0.0429688 0.773438 0.046875 0.769531 0.0507812 0.769531 0.0585938 0.792969 0.0820312 0.796875 0.0820312 0.816406 0.101562 0.832031 0.101562 0.835938 0.105469 0.855469 0.105469 0.859375 0.101562 0.859375 0.09375 0.863281 0.0898438 0.863281 0.0703125 0.859375 0.0664062 0.859375 0.0625 0.851562 0.0546875 0.84375 0.0546875 0.839844 0.0507812 0.835938 0.0507812 0.832031 0.046875 0.828125 0.046875 0.824219 0.0429688 0.820312 0.0429688 0.8125 0.0351562
0 0.457031 0.984375 0.453125 0.988281 0.441406 0.988281 0.4375 0.992188 0.4375 0.996094 0.492188 0.996094 0.484375 0.988281 0.464844 0.988281 0.460938 0.984375
0 0.464844 0.683594 0.460938 0.6875 0.441406 0.6875 0.4375 0.691406 0.433594 0.691406 0.429688 0.695312 0.425781 0.695312 0.40625 0.714844 0.40625 0.71875 0.402344 0.722656 0.402344 0.757812 0.40625 0.761719 0.40625 0.765625 0.410156 0.769531 0.410156 0.773438 0.414062 0.777344 0.414062 0.78125 0.425781 0.792969 0.429688 0.792969 0.433594 0.796875 0.453125 0.796875 0.457031 0.800781 0.464844 0.800781 0.472656 0.808594 0.488281 0.808594 0.496094 0.800781 0.496094 0.796875 0.511719 0.78125 0.515625 0.78125 0.515625 0.773438 0.511719 0.773438 0.507812 0.769531 0.503906 0.769531 0.496094 0.761719 0.492188 0.761719 0.488281 0.757812 0.5 0.769531 0.496094 0.773438 0.492188 0.773438 0.476562 0.757812 0.476562 0.734375 0.46875 0.726562 0.46875 0.683594
0 0.496094 0.773438 0.5 0.769531 0.503906 0.773438 0.5 0.777344
0 0 0.566406 0 0.632812 0.00390625 0.628906 0.00390625 0.625 0.0078125 0.621094 0.0078125 0.617188 0.0117188 0.613281 0.0117188 0.605469 0.015625 0.601562 0.015625 0.597656 0.0117188 0.59375 0.0117188 0.582031 0.00390625 0.574219 0.00390625 0.570312
0 0.765625 0.46875 0.765625 0.472656 0.757812 0.480469 0.730469 0.480469 0.707031 0.503906 0.707031 0.519531 0.703125 0.523438 0.703125 0.539062 0.699219 0.542969 0.699219 0.5625 0.707031 0.570312 0.707031 0.578125 0.714844 0.585938 0.714844 0.589844 0.726562 0.601562 0.730469 0.601562 0.734375 0.605469 0.761719 0.605469 0.765625 0.601562 0.773438 0.601562 0.777344 0.605469 0.789062 0.605469 0.792969 0.601562 0.792969 0.597656 0.808594 0.582031 0.808594 0.578125 0.8125 0.574219 0.8125 0.542969 0.808594 0.539062 0.808594 0.527344 0.796875 0.515625 0.792969 0.515625 0.789062 0.511719 0.789062 0.488281 0.785156 0.488281
0 0.453125 0.355469 0.449219 0.359375 0.4375 0.359375 0.433594 0.363281 0.429688 0.363281 0.414062 0.378906 0.414062 0.382812 0.410156 0.386719 0.410156 0.394531 0.40625 0.398438 0.40625 0.414062 0.410156 0.417969 0.410156 0.429688 0.414062 0.433594 0.414062 0.4375 0.433594 0.457031 0.441406 0.457031 0.445312 0.460938 0.464844 0.460938 0.46875 0.457031 0.476562 0.457031 0.480469 0.453125 0.484375 0.453125 0.496094 0.441406 0.496094 0.4375 0.5 0.433594 0.5 0.429688 0.503906 0.425781 0.503906 0.390625 0.5 0.386719 0.5 0.382812 0.496094 0.378906 0.496094 0.375 0.488281 0.367188 0.484375 0.367188 0.476562 0.359375 0.464844 0.359375 0.460938 0.355469
0 0.527344 0.8125 0.523438 0.816406 0.515625 0.816406 0.503906 0.828125 0.5 0.828125 0.496094 0.832031 0.472656 0.832031 0.46875 0.828125 0.460938 0.828125 0.457031 0.824219 0.445312 0.824219 0.441406 0.820312 0.433594 0.820312 0.429688 0.824219 0.425781 0.824219 0.417969 0.832031 0.417969 0.835938 0.414062 0.839844 0.414062 0.890625 0.417969 0.894531 0.417969 0.902344 0.421875 0.90625 0.421875 0.910156 0.429688 0.917969 0.433594 0.917969 0.4375 0.921875 0.441406 0.921875 0.445312 0.925781 0.453125 0.925781 0.457031 0.929688 0.464844 0.929688 0.46875 0.933594 0.503906 0.933594 0.507812 0.929688 0.515625 0.929688 0.519531 0.933594 0.53125 0.933594 0.53125 0.925781 0.539062 0.917969 0.539062 0.910156 0.542969 0.90625 0.542969 0.902344 0.546875 0.898438 0.546875 0.894531 0.554688 0.886719 0.558594 0.886719 0.566406 0.878906 0.570312 0.878906 0.570312 0.875 0.574219 0.871094 0.574219 0.851562 0.570312 0.847656 0.570312 0.84375 0.566406 0.839844 0.566406 0.835938 0.550781 0.820312 0.546875 0.820312 0.542969 0.816406 0.53125 0.816406
0 0.609375 0.890625 0.605469 0.894531 0.589844 0.894531 0.585938 0.898438 0.582031 0.898438 0.5625 0.917969 0.5625 0.933594 0.558594 0.9375 0.558594 0.941406 0.5625 0.945312 0.5625 0.960938 0.566406 0.964844 0.566406 0.96875 0.570312 0.972656 0.570312 0.976562 0.582031 0.988281 0.585938 0.988281 0.59375 0.996094 0.644531 0.996094 0.648438 0.992188 0.652344 0.992188 0.664062 0.980469 0.664062 0.976562 0.667969 0.972656 0.667969 0.933594 0.664062 0.929688 0.664062 0.921875 0.660156 0.917969 0.660156 0.914062 0.648438 0.902344 0.644531 0.902344 0.640625 0.898438 0.636719 0.898438 0.632812 0.894531 0.617188 0.894531 0.613281 0.890625
0 0.191406 0.816406 0.1875 0.820312 0.1875 0.824219 0.179688 0.832031 0.179688 0.839844 0.175781 0.84375 0.175781 0.847656 0.171875 0.851562 0.171875 0.875 0.175781 0.878906 0.175781 0.882812 0.191406 0.898438 0.195312 0.898438 0.203125 0.890625 0.207031 0.890625 0.210938 0.886719 0.214844 0.886719 0.21875 0.882812 0.222656 0.882812 0.226562 0.878906 0.226562 0.871094 0.234375 0.863281 0.246094 0.863281 0.25 0.859375 0.25 0.832031 0.238281 0.820312 0.199219 0.820312 0.195312 0.816406
0 0.863281 0.566406 0.859375 0.570312 0.855469 0.570312 0.851562 0.574219 0.847656 0.574219 0.84375 0.570312 0.828125 0.570312 0.824219 0.574219 0.824219 0.578125 0.8125 0.589844 0.808594 0.589844 0.800781 0.597656 0.800781 0.605469 0.796875 0.609375 0.796875 0.632812 0.800781 0.636719 0.800781 0.644531 0.804688 0.648438 0.808594 0.648438 0.8125 0.652344 0.839844 0.652344 0.84375 0.65625 0.847656 0.65625 0.851562 0.660156 0.855469 0.660156 0.859375 0.664062 0.863281 0.664062 0.867188 0.667969 0.882812 0.667969 0.890625 0.660156 0.90625 0.660156 0.90625 0.652344 0.914062 0.644531 0.914062 0.632812 0.917969 0.628906 0.917969 0.621094 0.914062 0.617188 0.917969 0.613281 0.917969 0.605469 0.898438 0.585938 0.894531 0.585938 0.886719 0.578125 0.882812 0.578125 0.878906 0.574219 0.875 0.574219 0.871094 0.570312 0.867188 0.570312
0 0.851562 0.671875 0.847656 0.675781 0.820312 0.675781 0.816406 0.679688 0.8125 0.679688 0.808594 0.683594 0.808594 0.6875 0.804688 0.691406 0.804688 0.699219 0.800781 0.703125 0.800781 0.730469 0.808594 0.738281 0.808594 0.742188 0.824219 0.757812 0.859375 0.757812 0.867188 0.75 0.875 0.75 0.878906 0.746094 0.878906 0.742188 0.886719 0.734375 0.886719 0.730469 0.894531 0.722656 0.894531 0.703125 0.898438 0.699219 0.898438 0.691406 0.894531 0.6875 0.894531 0.679688 0.890625 0.675781 0.886719 0.675781 0.882812 0.671875
0 0.84375 0.738281 0.847656 0.734375 0.851562 0.738281 0.847656 0.742188
0 0.84375 0.714844 0.847656 0.710938 0.851562 0.714844 0.847656 0.71875
0 0.363281 0.257812 0.359375 0.261719 0.355469 0.261719 0.351562 0.265625 0.347656 0.265625 0.328125 0.285156 0.328125 0.292969 0.324219 0.296875 0.324219 0.328125 0.328125 0.332031 0.328125 0.335938 0.34375 0.351562 0.347656 0.351562 0.351562 0.355469 0.359375 0.355469 0.363281 0.359375 0.390625 0.359375 0.394531 0.355469 0.402344 0.355469 0.414062 0.34375 0.414062 0.339844 0.417969 0.335938 0.417969 0.324219 0.421875 0.320312 0.421875 0.308594 0.417969 0.304688 0.417969 0.289062 0.414062 0.285156 0.414062 0.28125 0.398438 0.265625 0.394531 0.265625 0.390625 0.261719 0.382812 0.261719 0.378906 0.257812
0 0.8125 0.871094 0.808594 0.875 0.804688 0.875 0.800781 0.878906 0.796875 0.878906 0.792969 0.882812 0.789062 0.882812 0.777344 0.894531 0.777344 0.898438 0.769531 0.90625 0.769531 0.910156 0.765625 0.914062 0.765625 0.929688 0.769531 0.933594 0.769531 0.941406 0.773438 0.945312 0.773438 0.949219 0.789062 0.964844 0.792969 0.964844 0.796875 0.96875 0.800781 0.96875 0.804688 0.972656 0.816406 0.972656 0.820312 0.976562 0.84375 0.976562 0.847656 0.972656 0.859375 0.972656 0.878906 0.953125 0.878906 0.945312 0.882812 0.941406 0.882812 0.917969 0.878906 0.914062 0.878906 0.90625 0.875 0.902344 0.875 0.898438 0.859375 0.882812 0.855469 0.882812 0.851562 0.878906 0.847656 0.878906 0.84375 0.875 0.839844 0.875 0.835938 0.871094
0 0.59375 0.574219 0.589844 0.578125 0.582031 0.578125 0.578125 0.582031 0.574219 0.582031 0.566406 0.589844 0.566406 0.59375 0.558594 0.601562 0.558594 0.609375 0.554688 0.613281 0.554688 0.625 0.558594 0.628906 0.558594 0.636719 0.5625 0.640625 0.5625 0.644531 0.589844 0.671875 0.59375 0.671875 0.597656 0.675781 0.613281 0.675781 0.617188 0.671875 0.625 0.671875 0.632812 0.664062 0.636719 0.664062 0.648438 0.652344 0.648438 0.648438 0.652344 0.644531 0.652344 0.640625 0.65625 0.636719 0.65625 0.617188 0.652344 0.613281 0.652344 0.605469 0.648438 0.601562 0.648438 0.597656 0.632812 0.582031 0.628906 0.582031 0.625 0.578125 0.613281 0.578125 0.609375 0.574219
0 0.996094 0.0546875 0.992188 0.0585938 0.984375 0.0585938 0.976562 0.0664062 0.96875 0.0664062 0.96875 0.0703125 0.957031 0.0820312 0.957031 0.105469 0.960938 0.109375 0.960938 0.113281 0.964844 0.113281 0.976562 0.125 0.976562 0.128906 0.980469 0.132812 0.980469 0.136719 0.984375 0.140625 0.984375 0.144531 0.988281 0.148438 0.992188 0.144531 0.996094 0.144531
0 0.992188 0.625 0.992188 0.636719 0.984375 0.644531 0.976562 0.644531 0.972656 0.640625 0.96875 0.644531 0.953125 0.644531 0.949219 0.640625 0.945312 0.644531 0.9375 0.644531 0.9375 0.65625 0.929688 0.664062 0.929688 0.691406 0.9375 0.699219 0.9375 0.714844 0.941406 0.71875 0.941406 0.722656 0.945312 0.722656 0.953125 0.730469 0.96875 0.730469 0.972656 0.734375 0.976562 0.734375 0.980469 0.738281 0.984375 0.738281 0.988281 0.742188 0.992188 0.742188 0.996094 0.738281 0.996094 0.625
0 0.476562 0.496094 0.472656 0.5 0.46875 0.5 0.464844 0.503906 0.460938 0.503906 0.457031 0.507812 0.453125 0.507812 0.429688 0.53125 0.429688 0.539062 0.425781 0.542969 0.425781 0.554688 0.429688 0.558594 0.429688 0.5625 0.433594 0.566406 0.433594 0.570312 0.453125 0.589844 0.457031 0.589844 0.460938 0.59375 0.492188 0.59375 0.5 0.585938 0.503906 0.585938 0.519531 0.570312 0.519531 0.566406 0.523438 0.5625 0.523438 0.558594 0.527344 0.554688 0.527344 0.53125 0.523438 0.527344 0.523438 0.519531 0.503906 0.5 0.496094 0.5 0.492188 0.496094
0 0.0976562 0.355469 0.09375 0.359375 0.078125 0.359375 0.0742188 0.363281 0.0703125 0.363281 0.0546875 0.378906 0.0546875 0.382812 0.0507812 0.386719 0.0507812 0.398438 0.046875 0.402344 0.046875 0.410156 0.0507812 0.414062 0.0507812 0.425781 0.0546875 0.429688 0.0546875 0.433594 0.0703125 0.449219 0.078125 0.449219 0.0820312 0.453125 0.121094 0.453125 0.125 0.449219 0.132812 0.449219 0.148438 0.433594 0.148438 0.429688 0.152344 0.425781 0.152344 0.414062 0.15625 0.410156 0.15625 0.40625 0.152344 0.402344 0.152344 0.390625 0.144531 0.382812 0.144531 0.378906 0.140625 0.375 0.136719 0.375 0.128906 0.367188 0.125 0.367188 0.121094 0.363281 0.117188 0.363281 0.113281 0.359375 0.101562 0.359375
0 0.25 0.714844 0.246094 0.71875 0.242188 0.71875 0.230469 0.730469 0.230469 0.734375 0.226562 0.738281 0.226562 0.742188 0.222656 0.746094 0.222656 0.753906 0.21875 0.757812 0.21875 0.78125 0.222656 0.785156 0.222656 0.789062 0.238281 0.789062 0.242188 0.792969 0.25 0.792969 0.261719 0.804688 0.300781 0.804688 0.3125 0.792969 0.3125 0.789062 0.316406 0.785156 0.316406 0.777344 0.320312 0.773438 0.320312 0.742188 0.316406 0.738281 0.316406 0.734375 0.308594 0.726562 0.304688 0.726562 0.296875 0.71875 0.289062 0.71875 0.285156 0.714844
0 0.113281 0.742188 0.109375 0.746094 0.101562 0.746094 0.09375 0.753906 0.0898438 0.753906 0.0820312 0.761719 0.0820312 0.765625 0.078125 0.769531 0.078125 0.773438 0.0742188 0.777344 0.0742188 0.785156 0.0703125 0.789062 0.0703125 0.804688 0.0976562 0.832031 0.101562 0.832031 0.117188 0.847656 0.117188 0.863281 0.136719 0.863281 0.140625 0.859375 0.144531 0.859375 0.148438 0.855469 0.148438 0.839844 0.152344 0.835938 0.152344 0.832031 0.15625 0.828125 0.15625 0.824219 0.160156 0.820312 0.160156 0.816406 0.164062 0.8125 0.164062 0.808594 0.179688 0.792969 0.179688 0.789062 0.167969 0.777344 0.167969 0.773438 0.160156 0.765625 0.160156 0.761719 0.148438 0.75 0.144531 0.75 0.140625 0.746094 0.132812 0.746094 0.128906 0.742188
0 0.898438 0.121094 0.894531 0.125 0.890625 0.125 0.886719 0.128906 0.882812 0.128906 0.878906 0.132812 0.875 0.132812 0.863281 0.144531 0.863281 0.148438 0.855469 0.15625 0.855469 0.191406 0.875 0.210938 0.882812 0.210938 0.890625 0.21875 0.910156 0.21875 0.917969 0.210938 0.921875 0.210938 0.929688 0.203125 0.933594 0.203125 0.953125 0.183594 0.953125 0.179688 0.960938 0.171875 0.960938 0.148438 0.957031 0.144531 0.957031 0.140625 0.953125 0.136719 0.941406 0.136719 0.9375 0.132812 0.933594 0.132812 0.921875 0.121094
0 0.875 0.183594 0.878906 0.179688 0.882812 0.183594 0.878906 0.1875
0 0.832031 0.277344 0.828125 0.28125 0.824219 0.28125 0.820312 0.285156 0.816406 0.285156 0.804688 0.296875 0.804688 0.300781 0.800781 0.304688 0.800781 0.335938 0.804688 0.335938 0.808594 0.339844 0.820312 0.339844 0.824219 0.34375 0.828125 0.34375 0.835938 0.351562 0.839844 0.351562 0.847656 0.359375 0.855469 0.359375 0.859375 0.363281 0.867188 0.363281 0.871094 0.367188 0.875 0.367188 0.878906 0.363281 0.882812 0.363281 0.886719 0.359375 0.890625 0.359375 0.898438 0.351562 0.898438 0.347656 0.90625 0.339844 0.90625 0.328125 0.910156 0.324219 0.910156 0.320312 0.90625 0.316406 0.90625 0.308594 0.886719 0.289062 0.882812 0.289062 0.878906 0.285156 0.875 0.285156 0.871094 0.28125 0.863281 0.28125 0.859375 0.277344
0 0.773438 0 0.773438 0.00390625 0.78125 0.0117188 0.816406 0.0117188 0.820312 0.0078125 0.835938 0.0078125 0.839844 0.0117188 0.84375 0.0117188 0.84375 0.0078125 0.851562 0
0 0.726562 0.351562 0.722656 0.355469 0.71875 0.355469 0.714844 0.359375 0.707031 0.359375 0.6875 0.378906 0.6875 0.382812 0.683594 0.386719 0.683594 0.394531 0.675781 0.402344 0.675781 0.417969 0.667969 0.425781 0.667969 0.464844 0.675781 0.464844 0.683594 0.472656 0.691406 0.472656 0.695312 0.46875 0.699219 0.46875 0.703125 0.464844 0.707031 0.464844 0.710938 0.460938 0.71875 0.460938 0.722656 0.457031 0.742188 0.457031 0.742188 0.453125 0.75 0.445312 0.761719 0.445312 0.765625 0.449219 0.765625 0.425781 0.761719 0.421875 0.761719 0.363281 0.75 0.351562
0 0.722656 0.386719 0.726562 0.382812 0.730469 0.386719 0.730469 0.390625 0.726562 0.394531 0.722656 0.390625
0 0.382812 0.9375 0.378906 0.941406 0.371094 0.941406 0.355469 0.957031 0.355469 0.960938 0.351562 0.964844 0.351562 0.996094 0.410156 0.996094 0.414062 0.992188 0.414062 0.980469 0.429688 0.964844 0.433594 0.964844 0.414062 0.945312 0.410156 0.945312 0.40625 0.941406 0.398438 0.941406 0.394531 0.9375
0 0.550781 0.738281 0.546875 0.742188 0.546875 0.75 0.539062 0.757812 0.539062 0.777344 0.542969 0.78125 0.546875 0.78125 0.550781 0.785156 0.550781 0.789062 0.558594 0.796875 0.5625 0.796875 0.566406 0.800781 0.570312 0.800781 0.574219 0.804688 0.59375 0.804688 0.597656 0.800781 0.601562 0.800781 0.617188 0.785156 0.617188 0.777344 0.621094 0.773438 0.621094 0.765625 0.617188 0.761719 0.617188 0.753906 0.613281 0.75 0.613281 0.746094 0.609375 0.746094 0.605469 0.742188 0.601562 0.742188 0.597656 0.738281 0.566406 0.738281 0.554688 0.75 0.550781 0.746094
0 0.898438 0.730469 0.898438 0.734375 0.890625 0.742188 0.890625 0.746094 0.878906 0.757812 0.878906 0.761719 0.875 0.765625 0.875 0.808594 0.878906 0.8125 0.878906 0.816406 0.882812 0.820312 0.882812 0.824219 0.894531 0.835938 0.902344 0.835938 0.90625 0.839844 0.921875 0.839844 0.925781 0.835938 0.941406 0.835938 0.945312 0.832031 0.949219 0.832031 0.964844 0.816406 0.964844 0.8125 0.96875 0.808594 0.96875 0.804688 0.972656 0.800781 0.972656 0.769531 0.96875 0.765625 0.96875 0.761719 0.964844 0.757812 0.960938 0.757812 0.957031 0.753906 0.945312 0.753906 0.941406 0.75 0.9375 0.75 0.933594 0.746094 0.929688 0.746094 0.925781 0.742188 0.921875 0.742188 0.917969 0.738281 0.90625 0.738281 0.902344 0.734375 0.902344 0.730469
0 0.03125 0.804688 0.0273438 0.808594 0.0078125 0.808594 0.00390625 0.8125 0 0.8125 0 0.894531 0.00390625 0.898438 0.0078125 0.898438 0.0117188 0.902344 0.015625 0.902344 0.0195312 0.90625 0.0234375 0.90625 0.0273438 0.910156 0.0625 0.910156 0.0664062 0.90625 0.0742188 0.90625 0.078125 0.902344 0.0820312 0.902344 0.09375 0.890625 0.09375 0.859375 0.0898438 0.855469 0.0859375 0.855469 0.046875 0.816406 0.046875 0.804688
0 0.5 0.65625 0.496094 0.660156 0.496094 0.664062 0.488281 0.671875 0.488281 0.683594 0.480469 0.691406 0.480469 0.703125 0.476562 0.707031 0.476562 0.730469 0.480469 0.734375 0.480469 0.75 0.484375 0.753906 0.488281 0.753906 0.492188 0.757812 0.496094 0.757812 0.503906 0.765625 0.507812 0.765625 0.511719 0.769531 0.515625 0.765625 0.523438 0.765625 0.527344 0.761719 0.527344 0.757812 0.535156 0.75 0.539062 0.753906 0.542969 0.75 0.542969 0.730469 0.550781 0.722656 0.550781 0.679688 0.542969 0.671875 0.542969 0.667969 0.53125 0.65625
0 0.570312 0.402344 0.566406 0.40625 0.558594 0.40625 0.550781 0.414062 0.546875 0.414062 0.542969 0.417969 0.542969 0.421875 0.535156 0.429688 0.535156 0.4375 0.53125 0.441406 0.53125 0.460938 0.535156 0.464844 0.535156 0.472656 0.539062 0.476562 0.539062 0.480469 0.558594 0.5 0.5625 0.5 0.566406 0.503906 0.578125 0.503906 0.582031 0.507812 0.585938 0.507812 0.589844 0.503906 0.601562 0.503906 0.609375 0.496094 0.613281 0.496094 0.617188 0.492188 0.617188 0.488281 0.628906 0.476562 0.628906 0.472656 0.632812 0.46875 0.632812 0.460938 0.636719 0.457031 0.636719 0.433594 0.632812 0.429688 0.632812 0.425781 0.628906 0.421875 0.628906 0.417969 0.625 0.414062 0.621094 0.414062 0.617188 0.410156 0.613281 0.410156 0.609375 0.40625 0.601562 0.40625 0.597656 0.402344
0 0.1875 0.121094 0.183594 0.125 0.179688 0.125 0.171875 0.132812 0.171875 0.136719 0.167969 0.140625 0.167969 0.148438 0.164062 0.152344 0.164062 0.183594 0.167969 0.1875 0.167969 0.191406 0.171875 0.195312 0.171875 0.199219 0.183594 0.210938 0.1875 0.210938 0.191406 0.214844 0.195312 0.214844 0.199219 0.21875 0.207031 0.21875 0.210938 0.222656 0.238281 0.222656 0.242188 0.21875 0.25 0.21875 0.253906 0.214844 0.265625 0.214844 0.269531 0.210938 0.273438 0.210938 0.273438 0.207031 0.277344 0.203125 0.273438 0.199219 0.273438 0.1875 0.269531 0.183594 0.269531 0.160156 0.265625 0.15625 0.265625 0.152344 0.253906 0.140625 0.25 0.140625 0.242188 0.132812 0.238281 0.132812 0.234375 0.128906 0.230469 0.128906 0.226562 0.125 0.21875 0.125 0.214844 0.121094
