0 0.679688 0 0.675781 0.00390625 0.675781 0.0195312 0.683594 0.0273438 0.6875 0.0273438 0.691406 0.03125 0.707031 0.03125 0.707031 0.0234375 0.710938 0.0195312 0.710938 0.0078125 0.707031 0.00390625 0.707031 0
0 0.191406 0.605469 0.1875 0.609375 0.183594 0.609375 0.175781 0.617188 0.175781 0.640625 0.1875 0.652344 0.195312 0.652344 0.203125 0.644531 0.203125 0.636719 0.207031 0.632812 0.207031 0.613281 0.199219 0.605469
0 0.113281 0.554688 0.109375 0.558594 0.109375 0.5625 0.105469 0.566406 0.101562 0.566406 0.0976562 0.570312 0.101562 0.574219 0.101562 0.589844 0.109375 0.597656 0.128906 0.597656 0.132812 0.59375 0.136719 0.59375 0.140625 0.589844 0.140625 0.5625 0.132812 0.554688
0 0.449219 0.488281 0.449219 0.5 0.445312 0.503906 0.441406 0.5 0.441406 0.496094 0.4375 0.5 0.4375 0.523438 0.441406 0.527344 0.441406 0.53125 0.449219 0.539062 0.449219 0.542969 0.457031 0.550781 0.480469 0.550781 0.484375 0.546875 0.488281 0.546875 0.488281 0.539062 0.492188 0.535156 0.492188 0.53125 0.496094 0.527344 0.496094 0.523438 0.492188 0.519531 0.492188 0.515625 0.488281 0.511719 0.484375 0.511719 0.476562 0.503906 0.476562 0.5 0.46875 0.492188 0.46875 0.488281
0 0.488281 0.242188 0.480469 0.25 0.464844 0.25 0.460938 0.253906 0.460938 0.265625 0.457031 0.269531 0.457031 0.277344 0.460938 0.28125 0.464844 0.28125 0.46875 0.285156 0.476562 0.285156 0.484375 0.277344 0.484375 0.265625 0.488281 0.261719 0.503906 0.261719 0.511719 0.269531 0.519531 0.269531 0.523438 0.265625 0.523438 0.253906 0.519531 0.25 0.515625 0.25 0.511719 0.246094 0.507812 0.246094 0.503906 0.242188
0 0.488281 0.265625 0.488281 0.28125 0.492188 0.285156 0.507812 0.285156 0.511719 0.28125 0.511719 0.273438 0.503906 0.265625
0 0.140625 0.304688 0.136719 0.308594 0.132812 0.308594 0.128906 0.3125 0.128906 0.320312 0.136719 0.328125 0.136719 0.332031 0.148438 0.332031 0.148438 0.328125 0.152344 0.324219 0.152344 0.3125 0.144531 0.304688
0 0.304688 0.382812 0.300781 0.386719 0.300781 0.390625 0.296875 0.394531 0.296875 0.410156 0.292969 0.414062 0.292969 0.421875 0.296875 0.425781 0.3125 0.425781 0.316406 0.421875 0.316406 0.386719 0.3125 0.382812
0 0.167969 0.300781 0.167969 0.3125 0.171875 0.316406 0.171875 0.320312 0.1875 0.320312 0.1875 0.304688 0.183594 0.300781
0 0.636719 0.0507812 0.628906 0.0585938 0.628906 0.0703125 0.636719 0.078125 0.648438 0.078125 0.65625 0.0703125 0.65625 0.0664062 0.652344 0.0625 0.652344 0.0585938 0.644531 0.0507812
0 0.871094 0.078125 0.871094 0.0859375 0.867188 0.0898438 0.867188 0.09375 0.878906 0.105469 0.886719 0.105469 0.890625 0.101562 0.890625 0.0898438 0.886719 0.0859375 0.886719 0.0820312 0.882812 0.078125
0 0.75 0.589844 0.746094 0.59375 0.742188 0.59375 0.742188 0.617188 0.746094 0.621094 0.746094 0.625 0.753906 0.632812 0.753906 0.636719 0.757812 0.632812 0.761719 0.636719 0.769531 0.636719 0.773438 0.632812 0.773438 0.625 0.777344 0.621094 0.777344 0.605469 0.773438 0.601562 0.773438 0.597656 0.765625 0.589844
0 0.867188 0.0546875 0.859375 0.0625 0.859375 0.0703125 0.863281 0.0703125 0.867188 0.0742188 0.875 0.0742188 0.878906 0.0703125 0.878906 0.0585938 0.875 0.0546875
0 0.386719 0.378906 0.382812 0.382812 0.378906 0.382812 0.371094 0.390625 0.371094 0.414062 0.375 0.410156 0.398438 0.410156 0.402344 0.414062 0.410156 0.40625 0.410156 0.390625 0.40625 0.386719 0.40625 0.382812 0.402344 0.378906
0 0.484375 0.136719 0.480469 0.140625 0.480469 0.144531 0.488281 0.152344 0.488281 0.15625 0.492188 0.160156 0.492188 0.167969 0.496094 0.171875 0.527344 0.171875 0.53125 0.167969 0.53125 0.15625 0.519531 0.144531 0.515625 0.144531 0.511719 0.140625 0.507812 0.140625 0.503906 0.136719
0 0.253906 0.660156 0.25 0.664062 0.25 0.679688 0.253906 0.683594 0.261719 0.683594 0.265625 0.679688 0.261719 0.675781 0.261719 0.660156
0 0.566406 0.09375 0.558594 0.101562 0.558594 0.125 0.566406 0.132812 0.574219 0.132812 0.578125 0.128906 0.582031 0.128906 0.585938 0.125 0.585938 0.101562 0.578125 0.09375
0 0.269531 0.65625 0.265625 0.660156 0.265625 0.675781 0.273438 0.683594 0.273438 0.699219 0.277344 0.703125 0.285156 0.703125 0.289062 0.699219 0.308594 0.699219 0.3125 0.703125 0.328125 0.703125 0.332031 0.699219 0.332031 0.695312 0.335938 0.691406 0.335938 0.667969 0.328125 0.660156 0.308594 0.660156 0.300781 0.667969 0.285156 0.667969 0.28125 0.664062 0.28125 0.660156 0.277344 0.65625
0 0.644531 0.125 0.636719 0.132812 0.636719 0.140625 0.632812 0.144531 0.632812 0.152344 0.636719 0.152344 0.640625 0.15625 0.648438 0.15625 0.65625 0.148438 0.65625 0.140625 0.660156 0.136719 0.660156 0.128906 0.65625 0.125
0 0.628906 0.605469 0.617188 0.617188 0.617188 0.621094 0.613281 0.625 0.613281 0.640625 0.621094 0.648438 0.621094 0.652344 0.625 0.652344 0.628906 0.648438 0.640625 0.648438 0.644531 0.644531 0.644531 0.613281 0.640625 0.609375 0.640625 0.605469
0 0.277344 0.0703125 0.273438 0.0742188 0.273438 0.0898438 0.28125 0.0976562 0.289062 0.0976562 0.292969 0.101562 0.304688 0.101562 0.308594 0.0976562 0.308594 0.0898438 0.300781 0.0820312 0.292969 0.0820312 0.289062 0.078125 0.289062 0.0742188 0.285156 0.0703125
0 0.578125 0.6875 0.574219 0.691406 0.570312 0.691406 0.570312 0.710938 0.574219 0.710938 0.578125 0.714844 0.585938 0.714844 0.589844 0.710938 0.597656 0.710938 0.597656 0.691406 0.59375 0.6875
0 0.609375 0.53125 0.605469 0.535156 0.601562 0.535156 0.597656 0.539062 0.597656 0.542969 0.59375 0.546875 0.59375 0.558594 0.601562 0.566406 0.621094 0.566406 0.628906 0.558594 0.632812 0.558594 0.636719 0.554688 0.636719 0.539062 0.632812 0.535156 0.625 0.535156 0.621094 0.53125
0 0.898438 0.292969 0.890625 0.300781 0.890625 0.332031 0.894531 0.335938 0.894531 0.339844 0.898438 0.335938 0.902344 0.335938 0.90625 0.339844 0.910156 0.335938 0.914062 0.335938 0.917969 0.332031 0.917969 0.308594 0.914062 0.304688 0.914062 0.300781 0.90625 0.292969
0 0.0507812 0.945312 0.046875 0.949219 0.0429688 0.949219 0.0390625 0.953125 0.0390625 0.960938 0.0351562 0.964844 0.0351562 0.976562 0.0390625 0.980469 0.0429688 0.980469 0.046875 0.984375 0.0507812 0.984375 0.0546875 0.980469 0.0585938 0.980469 0.0625 0.976562 0.0625 0.953125 0.0546875 0.945312
0 0.246094 0.59375 0.242188 0.597656 0.242188 0.601562 0.238281 0.605469 0.238281 0.617188 0.246094 0.625 0.246094 0.628906 0.25 0.632812 0.265625 0.632812 0.269531 0.628906 0.269531 0.625 0.273438 0.621094 0.273438 0.597656 0.269531 0.59375
0 0.84375 0.0742188 0.839844 0.078125 0.839844 0.0859375 0.84375 0.0898438 0.863281 0.0898438 0.867188 0.0859375 0.867188 0.078125 0.863281 0.0742188
0 0.652344 0.511719 0.648438 0.515625 0.644531 0.515625 0.636719 0.523438 0.636719 0.535156 0.640625 0.539062 0.640625 0.546875 0.644531 0.546875 0.648438 0.550781 0.65625 0.550781 0.660156 0.546875 0.664062 0.546875 0.667969 0.542969 0.667969 0.523438 0.660156 0.515625 0.65625 0.515625
0 0.394531 0.296875 0.390625 0.300781 0.390625 0.320312 0.402344 0.332031 0.417969 0.332031 0.421875 0.328125 0.421875 0.308594 0.410156 0.296875
0 0.332031 0 0.332031 0.0078125 0.335938 0.0117188 0.351562 0.0117188 0.355469 0.0078125 0.355469 0
0 0.960938 0.0585938 0.957031 0.0625 0.957031 0.0703125 0.960938 0.0742188 0.96875 0.0742188 0.972656 0.0703125 0.972656 0.0625 0.96875 0.0585938
0 0.671875 0.273438 0.667969 0.277344 0.667969 0.292969 0.671875 0.292969 0.675781 0.296875 0.679688 0.292969 0.683594 0.292969 0.683594 0.277344 0.679688 0.273438
0 0.839844 0.09375 0.835938 0.0976562 0.835938 0.105469 0.839844 0.109375 0.851562 0.109375 0.855469 0.113281 0.875 0.113281 0.878906 0.109375 0.863281 0.09375
0 0.078125 0.21875 0.0742188 0.222656 0.0703125 0.222656 0.0664062 0.226562 0.0664062 0.242188 0.0703125 0.246094 0.0742188 0.246094 0.078125 0.25 0.09375 0.25 0.09375 0.226562 0.0859375 0.21875
0 0.046875 0.15625 0.0429688 0.160156 0.03125 0.160156 0.0273438 0.164062 0.0273438 0.183594 0.03125 0.1875 0.0507812 0.1875 0.0546875 0.183594 0.0585938 0.183594 0.0625 0.179688 0.0625 0.164062 0.0546875 0.15625
0 0.308594 0.476562 0.304688 0.480469 0.300781 0.480469 0.292969 0.488281 0.292969 0.492188 0.289062 0.496094 0.289062 0.507812 0.292969 0.507812 0.296875 0.511719 0.3125 0.511719 0.316406 0.507812 0.320312 0.507812 0.328125 0.5 0.328125 0.484375 0.320312 0.476562
0 0.0703125 0.5625 0.0664062 0.566406 0.0664062 0.570312 0.0625 0.574219 0.0625 0.589844 0.0664062 0.59375 0.0664062 0.601562 0.0703125 0.605469 0.09375 0.605469 0.0976562 0.601562 0.0976562 0.574219 0.0898438 0.566406 0.0859375 0.566406 0.0820312 0.5625
0 0.285156 0.617188 0.277344 0.625 0.277344 0.636719 0.28125 0.640625 0.3125 0.640625 0.316406 0.636719 0.316406 0.628906 0.3125 0.625 0.3125 0.621094 0.308594 0.617188
0 0.457031 0.0976562 0.453125 0.101562 0.449219 0.101562 0.445312 0.105469 0.441406 0.105469 0.4375 0.109375 0.4375 0.117188 0.445312 0.125 0.460938 0.125 0.464844 0.121094 0.46875 0.121094 0.472656 0.117188 0.472656 0.105469 0.464844 0.0976562
0 0.945312 0.0703125 0.941406 0.0742188 0.941406 0.0898438 0.945312 0.09375 0.953125 0.09375 0.957031 0.0898438 0.957031 0.0742188 0.953125 0.0703125
0 0.554688 0.472656 0.546875 0.480469 0.546875 0.496094 0.554688 0.503906 0.558594 0.5 0.578125 0.5 0.585938 0.492188 0.585938 0.488281 0.582031 0.484375 0.582031 0.480469 0.578125 0.480469 0.570312 0.472656
0 0.535156 0.59375 0.527344 0.601562 0.527344 0.621094 0.53125 0.625 0.535156 0.625 0.539062 0.628906 0.550781 0.628906 0.554688 0.625 0.558594 0.625 0.566406 0.617188 0.566406 0.601562 0.5625 0.601562 0.558594 0.597656 0.554688 0.597656 0.550781 0.59375
0 0.519531 0 0.511719 0.0078125 0.511719 0.0117188 0.507812 0.015625 0.507812 0.0273438 0.511719 0.03125 0.519531 0.03125 0.535156 0.015625 0.535156 0
0 0.246094 0.257812 0.242188 0.261719 0.242188 0.265625 0.238281 0.269531 0.238281 0.285156 0.242188 0.289062 0.242188 0.292969 0.25 0.292969 0.253906 0.296875 0.269531 0.296875 0.277344 0.289062 0.277344 0.273438 0.273438 0.269531 0.273438 0.265625 0.269531 0.265625 0.261719 0.257812
0 0.488281 0.378906 0.484375 0.382812 0.484375 0.386719 0.480469 0.390625 0.480469 0.398438 0.476562 0.402344 0.476562 0.410156 0.484375 0.417969 0.5 0.417969 0.507812 0.410156 0.507812 0.40625 0.511719 0.402344 0.511719 0.386719 0.503906 0.378906
0 0.292969 0.0390625 0.289062 0.0429688 0.289062 0.046875 0.285156 0.0507812 0.285156 0.0585938 0.292969 0.0664062 0.300781 0.0664062 0.304688 0.0703125 0.3125 0.0703125 0.316406 0.0664062 0.316406 0.0546875 0.300781 0.0390625
0 0.976562 0.0742188 0.972656 0.078125 0.972656 0.0859375 0.976562 0.0898438 0.984375 0.0898438 0.988281 0.0859375 0.988281 0.078125 0.984375 0.0742188
0 0.21875 0.34375 0.210938 0.351562 0.210938 0.363281 0.222656 0.375 0.226562 0.375 0.230469 0.378906 0.246094 0.378906 0.253906 0.371094 0.253906 0.363281 0.25 0.359375 0.25 0.351562 0.246094 0.351562 0.238281 0.34375
0 0.457031 0.148438 0.453125 0.152344 0.453125 0.175781 0.464844 0.1875 0.476562 0.1875 0.480469 0.183594 0.480469 0.179688 0.488281 0.171875 0.488281 0.160156 0.484375 0.15625 0.484375 0.152344 0.480469 0.148438
0 0.210938 0.617188 0.210938 0.632812 0.207031 0.636719 0.207031 0.644531 0.195312 0.65625 0.191406 0.65625 0.191406 0.660156 0.195312 0.664062 0.21875 0.664062 0.226562 0.65625 0.226562 0.644531 0.230469 0.640625 0.230469 0.621094 0.226562 0.617188
0 0.699219 0.585938 0.695312 0.589844 0.691406 0.589844 0.6875 0.59375 0.6875 0.597656 0.683594 0.601562 0.683594 0.628906 0.691406 0.636719 0.710938 0.636719 0.710938 0.628906 0.714844 0.625 0.714844 0.597656 0.707031 0.589844 0.703125 0.589844
0 0.0976562 0.152344 0.09375 0.15625 0.09375 0.164062 0.105469 0.175781 0.105469 0.179688 0.125 0.179688 0.128906 0.175781 0.128906 0.164062 0.121094 0.15625 0.117188 0.15625 0.113281 0.152344
0 0.535156 0.65625 0.53125 0.660156 0.527344 0.660156 0.523438 0.664062 0.523438 0.679688 0.550781 0.679688 0.550781 0.664062 0.542969 0.65625
0 0.0390625 0.765625 0.0351562 0.769531 0.0351562 0.777344 0.0390625 0.78125 0.0507812 0.78125 0.0546875 0.777344 0.0546875 0.769531 0.0507812 0.765625
0 0.675781 0.910156 0.671875 0.914062 0.671875 0.921875 0.675781 0.925781 0.683594 0.925781 0.6875 0.921875 0.6875 0.914062 0.683594 0.910156
0 0.527344 0.964844 0.523438 0.96875 0.523438 0.976562 0.527344 0.980469 0.535156 0.980469 0.539062 0.976562 0.539062 0.96875 0.535156 0.964844
