0 0.078125 0.507812 0.0742188 0.511719 0.0703125 0.511719 0.0664062 0.515625 0.0625 0.515625 0.0507812 0.527344 0.0507812 0.535156 0.046875 0.539062 0.046875 0.566406 0.0585938 0.578125 0.078125 0.578125 0.0820312 0.574219 0.0859375 0.574219 0.09375 0.566406 0.09375 0.5625 0.0976562 0.558594 0.101562 0.558594 0.113281 0.546875 0.117188 0.546875 0.117188 0.53125 0.113281 0.527344 0.113281 0.523438 0.109375 0.519531 0.109375 0.515625 0.105469 0.515625 0.0976562 0.507812
0 0.417969 0.378906 0.417969 0.386719 0.414062 0.390625 0.429688 0.40625 0.429688 0.414062 0.433594 0.410156 0.4375 0.410156 0.449219 0.398438 0.449219 0.382812 0.425781 0.382812 0.421875 0.378906
0 0.472656 0.0625 0.46875 0.0664062 0.464844 0.0664062 0.460938 0.0703125 0.457031 0.0703125 0.457031 0.0742188 0.453125 0.078125 0.449219 0.078125 0.445312 0.0820312 0.445312 0.113281 0.449219 0.117188 0.457031 0.117188 0.460938 0.121094 0.464844 0.117188 0.464844 0.105469 0.476562 0.09375 0.476562 0.0820312 0.480469 0.078125 0.484375 0.078125 0.488281 0.0742188 0.496094 0.0742188 0.496094 0.0703125 0.492188 0.0664062 0.488281 0.0664062 0.484375 0.0625
0 0.425781 0.347656 0.417969 0.355469 0.417969 0.363281 0.421875 0.367188 0.421875 0.375 0.425781 0.378906 0.449219 0.378906 0.453125 0.375 0.453125 0.363281 0.441406 0.351562 0.4375 0.351562 0.433594 0.347656
0 0.273438 0.957031 0.273438 0.960938 0.269531 0.964844 0.269531 0.972656 0.273438 0.976562 0.277344 0.976562 0.28125 0.980469 0.296875 0.980469 0.296875 0.96875 0.289062 0.960938 0.28125 0.960938 0.277344 0.957031
0 0.503906 0.15625 0.5 0.160156 0.496094 0.160156 0.492188 0.164062 0.492188 0.167969 0.488281 0.171875 0.488281 0.175781 0.496094 0.183594 0.515625 0.183594 0.519531 0.179688 0.523438 0.179688 0.527344 0.175781 0.527344 0.167969 0.523438 0.164062 0.523438 0.160156 0.519531 0.160156 0.515625 0.15625
0 0.703125 0.507812 0.699219 0.511719 0.695312 0.511719 0.695312 0.515625 0.691406 0.519531 0.6875 0.519531 0.679688 0.527344 0.679688 0.558594 0.683594 0.5625 0.683594 0.566406 0.699219 0.582031 0.699219 0.585938 0.707031 0.585938 0.710938 0.589844 0.734375 0.589844 0.738281 0.585938 0.746094 0.585938 0.757812 0.574219 0.757812 0.566406 0.765625 0.558594 0.765625 0.550781 0.761719 0.546875 0.761719 0.539062 0.757812 0.535156 0.757812 0.53125 0.753906 0.527344 0.753906 0.523438 0.746094 0.515625 0.742188 0.515625 0.738281 0.511719 0.734375 0.511719 0.730469 0.507812
0 0.21875 0.40625 0.210938 0.414062 0.210938 0.441406 0.214844 0.441406 0.21875 0.445312 0.230469 0.445312 0.238281 0.4375 0.242188 0.4375 0.242188 0.414062 0.234375 0.40625
0 0.40625 0.363281 0.402344 0.367188 0.398438 0.367188 0.394531 0.371094 0.390625 0.371094 0.390625 0.375 0.386719 0.378906 0.386719 0.386719 0.390625 0.390625 0.410156 0.390625 0.414062 0.386719 0.414062 0.363281
0 0.929688 0.574219 0.921875 0.582031 0.921875 0.585938 0.917969 0.589844 0.917969 0.617188 0.921875 0.621094 0.921875 0.625 0.925781 0.628906 0.925781 0.636719 0.929688 0.636719 0.933594 0.640625 0.9375 0.640625 0.941406 0.644531 0.972656 0.644531 0.976562 0.640625 0.976562 0.636719 0.980469 0.632812 0.980469 0.628906 0.984375 0.625 0.984375 0.609375 0.976562 0.601562 0.976562 0.597656 0.96875 0.597656 0.957031 0.585938 0.957031 0.578125 0.953125 0.574219
0 0.484375 0.355469 0.480469 0.359375 0.476562 0.359375 0.472656 0.363281 0.46875 0.363281 0.46875 0.371094 0.476562 0.378906 0.476562 0.386719 0.480469 0.390625 0.480469 0.386719 0.484375 0.382812 0.488281 0.382812 0.492188 0.378906 0.5 0.378906 0.503906 0.382812 0.503906 0.390625 0.507812 0.390625 0.511719 0.386719 0.511719 0.363281 0.507812 0.359375 0.507812 0.355469 0.5 0.355469 0.496094 0.359375 0.492188 0.355469
0 0.496094 0.0859375 0.492188 0.0898438 0.488281 0.0898438 0.488281 0.09375 0.480469 0.101562 0.480469 0.121094 0.484375 0.125 0.484375 0.128906 0.492188 0.136719 0.507812 0.136719 0.515625 0.128906 0.515625 0.121094 0.519531 0.117188 0.519531 0.109375 0.523438 0.105469 0.519531 0.101562 0.519531 0.09375 0.515625 0.09375 0.511719 0.0898438 0.503906 0.0898438 0.5 0.0859375
0 0.300781 0.929688 0.292969 0.9375 0.289062 0.9375 0.289062 0.949219 0.296875 0.957031 0.296875 0.964844 0.300781 0.96875 0.300781 0.980469 0.3125 0.980469 0.324219 0.96875 0.324219 0.960938 0.328125 0.957031 0.328125 0.953125 0.332031 0.949219 0.332031 0.941406 0.328125 0.9375 0.328125 0.933594 0.324219 0.929688
0 0.976562 0.375 0.964844 0.386719 0.964844 0.390625 0.957031 0.398438 0.957031 0.402344 0.953125 0.40625 0.953125 0.425781 0.957031 0.429688 0.957031 0.4375 0.964844 0.4375 0.96875 0.441406 0.972656 0.441406 0.976562 0.445312 0.980469 0.441406 0.992188 0.441406 0.996094 0.4375 0.996094 0.382812 0.992188 0.378906 0.992188 0.375
0 0.386719 0.394531 0.386719 0.398438 0.382812 0.402344 0.382812 0.414062 0.398438 0.429688 0.421875 0.429688 0.421875 0.425781 0.425781 0.421875 0.421875 0.417969 0.425781 0.414062 0.425781 0.40625 0.414062 0.394531
