0 0.625 0.371094 0.621875 0.375 0.621875 0.398438 0.625 0.402344 0.625 0.414062 0.628125 0.417969 0.628125 0.429688 0.63125 0.433594 0.63125 0.4375 0.65 0.4375 0.653125 0.433594 0.653125 0.398438 0.65 0.394531 0.65 0.375 0.646875 0.371094
0 0.540625 0.21875 0.528125 0.234375 0.528125 0.25 0.540625 0.265625 0.55 0.265625 0.553125 0.261719 0.55625 0.261719 0.559375 0.257812 0.559375 0.238281 0.5625 0.234375 0.5625 0.226562 0.55625 0.21875
0 0.2625 0.164062 0.259375 0.167969 0.259375 0.183594 0.265625 0.191406 0.26875 0.191406 0.275 0.199219 0.278125 0.199219 0.28125 0.203125 0.290625 0.203125 0.29375 0.199219 0.29375 0.195312 0.290625 0.191406 0.290625 0.1875 0.271875 0.164062
0 0.421875 0.460938 0.415625 0.46875 0.4125 0.46875 0.40625 0.476562 0.40625 0.496094 0.409375 0.5 0.409375 0.503906 0.4125 0.507812 0.4125 0.511719 0.415625 0.515625 0.41875 0.515625 0.421875 0.519531 0.425 0.519531 0.428125 0.523438 0.440625 0.523438 0.44375 0.527344 0.453125 0.527344 0.45625 0.53125 0.459375 0.53125 0.465625 0.523438 0.484375 0.523438 0.4875 0.519531 0.4875 0.507812 0.484375 0.503906 0.484375 0.5 0.478125 0.492188 0.478125 0.488281 0.46875 0.476562 0.45625 0.476562 0.45 0.46875 0.44375 0.46875 0.440625 0.464844 0.4375 0.464844 0.434375 0.460938
0 0.784375 0.710938 0.778125 0.71875 0.778125 0.746094 0.790625 0.761719 0.803125 0.761719 0.80625 0.757812 0.80625 0.738281 0.803125 0.734375 0.803125 0.726562 0.796875 0.71875 0.796875 0.714844 0.79375 0.710938
0 0.63125 0.785156 0.628125 0.789062 0.625 0.789062 0.621875 0.792969 0.61875 0.792969 0.615625 0.796875 0.596875 0.796875 0.59375 0.800781 0.590625 0.800781 0.58125 0.8125 0.58125 0.820312 0.578125 0.824219 0.578125 0.835938 0.584375 0.84375 0.584375 0.855469 0.5875 0.859375 0.59375 0.859375 0.596875 0.855469 0.60625 0.855469 0.609375 0.851562 0.61875 0.851562 0.621875 0.847656 0.628125 0.847656 0.63125 0.84375 0.65 0.84375 0.653125 0.839844 0.65625 0.839844 0.659375 0.835938 0.659375 0.808594 0.65625 0.804688 0.65625 0.789062 0.653125 0.785156
0 0.49375 0.34375 0.490625 0.347656 0.490625 0.367188 0.49375 0.371094 0.49375 0.375 0.509375 0.394531 0.53125 0.394531 0.534375 0.390625 0.534375 0.375 0.53125 0.371094 0.53125 0.367188 0.51875 0.351562 0.51875 0.347656 0.515625 0.34375
0 0.46875 0.0351562 0.465625 0.0390625 0.465625 0.0820312 0.478125 0.0820312 0.48125 0.078125 0.48125 0.046875 0.471875 0.0351562
0 0.346875 0.152344 0.34375 0.15625 0.34375 0.167969 0.346875 0.171875 0.346875 0.175781 0.353125 0.183594 0.3875 0.183594 0.390625 0.179688 0.390625 0.167969 0.384375 0.160156 0.378125 0.160156 0.375 0.15625 0.3625 0.15625 0.359375 0.152344
0 0.68125 0.0976562 0.678125 0.101562 0.675 0.101562 0.66875 0.109375 0.66875 0.117188 0.665625 0.121094 0.665625 0.125 0.6625 0.128906 0.6625 0.136719 0.659375 0.140625 0.659375 0.167969 0.6625 0.171875 0.6625 0.183594 0.66875 0.191406 0.678125 0.191406 0.684375 0.183594 0.684375 0.171875 0.6875 0.167969 0.6875 0.164062 0.690625 0.160156 0.690625 0.105469 0.684375 0.0976562
0 0.103125 0.00390625 0.1 0.0078125 0.096875 0.0078125 0.090625 0.015625 0.090625 0.0390625 0.109375 0.0625 0.109375 0.0703125 0.1125 0.0742188 0.1125 0.078125 0.121875 0.0898438 0.146875 0.0898438 0.15 0.0859375 0.15 0.0820312 0.153125 0.078125 0.153125 0.0664062 0.15 0.0625 0.15 0.0546875 0.146875 0.0507812 0.146875 0.046875 0.14375 0.0429688 0.14375 0.0390625 0.140625 0.0351562 0.140625 0.03125 0.125 0.0117188 0.121875 0.0117188 0.115625 0.00390625
0 0.375 0.28125 0.371875 0.285156 0.371875 0.296875 0.375 0.300781 0.375 0.304688 0.378125 0.308594 0.38125 0.308594 0.396875 0.328125 0.403125 0.328125 0.40625 0.324219 0.40625 0.300781 0.403125 0.296875 0.403125 0.292969 0.4 0.289062 0.396875 0.289062 0.39375 0.285156 0.390625 0.285156 0.3875 0.28125
0 0.765625 0.828125 0.7625 0.832031 0.7625 0.859375 0.765625 0.863281 0.765625 0.878906 0.76875 0.882812 0.76875 0.886719 0.771875 0.890625 0.771875 0.894531 0.778125 0.902344 0.790625 0.902344 0.79375 0.898438 0.79375 0.855469 0.790625 0.851562 0.790625 0.847656 0.78125 0.835938 0.778125 0.835938 0.771875 0.828125
0 0.26875 0.113281 0.265625 0.117188 0.265625 0.132812 0.26875 0.136719 0.26875 0.140625 0.271875 0.144531 0.271875 0.148438 0.284375 0.164062 0.284375 0.167969 0.290625 0.175781 0.296875 0.175781 0.3 0.171875 0.3 0.164062 0.296875 0.160156 0.296875 0.152344 0.29375 0.148438 0.29375 0.144531 0.290625 0.140625 0.290625 0.136719 0.2875 0.132812 0.2875 0.125 0.28125 0.117188 0.278125 0.117188 0.275 0.113281
0 0.7875 0.585938 0.78125 0.59375 0.78125 0.632812 0.784375 0.636719 0.784375 0.652344 0.7875 0.65625 0.7875 0.660156 0.79375 0.667969 0.79375 0.671875 0.809375 0.691406 0.828125 0.691406 0.83125 0.6875 0.834375 0.6875 0.8375 0.683594 0.8375 0.679688 0.840625 0.675781 0.840625 0.636719 0.834375 0.628906 0.834375 0.625 0.828125 0.617188 0.828125 0.613281 0.825 0.609375 0.825 0.605469 0.821875 0.601562 0.821875 0.597656 0.81875 0.59375 0.815625 0.59375 0.8125 0.589844 0.803125 0.589844 0.8 0.585938
0 0.7125 0.484375 0.709375 0.488281 0.709375 0.496094 0.7125 0.5 0.7125 0.511719 0.715625 0.515625 0.715625 0.519531 0.71875 0.523438 0.725 0.523438 0.728125 0.519531 0.728125 0.5 0.725 0.496094 0.725 0.492188 0.721875 0.488281 0.71875 0.488281 0.715625 0.484375
0 0.409375 0.128906 0.403125 0.136719 0.403125 0.160156 0.409375 0.167969 0.4125 0.167969 0.415625 0.171875 0.428125 0.171875 0.434375 0.164062 0.434375 0.140625 0.425 0.128906
0 0.184375 0.203125 0.178125 0.210938 0.178125 0.222656 0.18125 0.226562 0.18125 0.230469 0.19375 0.246094 0.203125 0.246094 0.20625 0.25 0.209375 0.25 0.2125 0.253906 0.215625 0.253906 0.21875 0.257812 0.225 0.257812 0.228125 0.261719 0.234375 0.261719 0.2375 0.265625 0.265625 0.265625 0.265625 0.25 0.259375 0.242188 0.259375 0.238281 0.25625 0.234375 0.25625 0.230469 0.25 0.222656 0.246875 0.222656 0.24375 0.21875 0.240625 0.21875 0.2375 0.214844 0.234375 0.214844 0.23125 0.210938 0.225 0.210938 0.221875 0.207031 0.209375 0.207031 0.20625 0.203125
0 0.590625 0.683594 0.5875 0.6875 0.584375 0.6875 0.58125 0.691406 0.575 0.691406 0.571875 0.695312 0.56875 0.695312 0.5625 0.703125 0.5625 0.707031 0.559375 0.710938 0.559375 0.761719 0.5625 0.765625 0.5625 0.769531 0.565625 0.773438 0.56875 0.773438 0.571875 0.777344 0.584375 0.777344 0.5875 0.78125 0.60625 0.78125 0.609375 0.777344 0.625 0.777344 0.63125 0.769531 0.63125 0.765625 0.634375 0.761719 0.634375 0.71875 0.63125 0.714844 0.63125 0.703125 0.628125 0.699219 0.628125 0.695312 0.61875 0.683594
0 0.478125 0.527344 0.46875 0.539062 0.46875 0.550781 0.465625 0.554688 0.465625 0.566406 0.46875 0.570312 0.46875 0.578125 0.471875 0.582031 0.471875 0.585938 0.475 0.589844 0.478125 0.589844 0.484375 0.597656 0.4875 0.597656 0.490625 0.601562 0.49375 0.601562 0.5 0.609375 0.53125 0.609375 0.534375 0.605469 0.540625 0.605469 0.546875 0.597656 0.546875 0.570312 0.54375 0.566406 0.54375 0.558594 0.528125 0.539062 0.525 0.539062 0.521875 0.535156 0.51875 0.535156 0.5125 0.527344
0 0.990625 0.0429688 0.9875 0.046875 0.9875 0.0625 0.990625 0.0664062 0.990625 0.0703125 0.99375 0.0742188 0.99375 0.0859375 0.996875 0.0898438 0.996875 0.09375 0.996875 0.0429688
0 0.1375 0.117188 0.134375 0.121094 0.134375 0.148438 0.1375 0.152344 0.140625 0.152344 0.146875 0.160156 0.15 0.160156 0.153125 0.164062 0.165625 0.164062 0.16875 0.167969 0.184375 0.167969 0.1875 0.164062 0.1875 0.152344 0.184375 0.148438 0.184375 0.140625 0.18125 0.136719 0.178125 0.136719 0.165625 0.121094 0.1625 0.121094 0.159375 0.117188
0 0.475 0.363281 0.46875 0.371094 0.46875 0.417969 0.471875 0.421875 0.471875 0.429688 0.4875 0.449219 0.496875 0.449219 0.5 0.453125 0.50625 0.453125 0.509375 0.457031 0.515625 0.457031 0.51875 0.453125 0.51875 0.441406 0.515625 0.4375 0.515625 0.421875 0.5125 0.417969 0.5125 0.410156 0.509375 0.40625 0.509375 0.398438 0.490625 0.375 0.490625 0.371094 0.4875 0.367188 0.4875 0.363281
0 0.921875 0.84375 0.915625 0.851562 0.915625 0.902344 0.921875 0.910156 0.940625 0.910156 0.94375 0.90625 0.94375 0.894531 0.946875 0.890625 0.946875 0.851562 0.940625 0.84375
0 0.6125 0.0429688 0.60625 0.0507812 0.60625 0.0546875 0.603125 0.0585938 0.603125 0.0703125 0.6 0.0742188 0.6 0.121094 0.60625 0.128906 0.60625 0.132812 0.609375 0.136719 0.609375 0.140625 0.6125 0.144531 0.615625 0.144531 0.61875 0.148438 0.640625 0.148438 0.64375 0.144531 0.64375 0.109375 0.640625 0.105469 0.640625 0.101562 0.6375 0.0976562 0.6375 0.0664062 0.634375 0.0625 0.634375 0.0507812 0.628125 0.0429688
0 0.275 0.00390625 0.26875 0.0117188 0.26875 0.015625 0.265625 0.0195312 0.265625 0.03125 0.26875 0.0351562 0.26875 0.0429688 0.275 0.0507812 0.275 0.0546875 0.28125 0.0625 0.28125 0.0742188 0.284375 0.078125 0.29375 0.078125 0.3 0.0703125 0.303125 0.0703125 0.315625 0.0546875 0.315625 0.0507812 0.31875 0.046875 0.31875 0.0351562 0.315625 0.03125 0.315625 0.0273438 0.3125 0.0234375 0.3125 0.015625 0.30625 0.0078125 0.3 0.0078125 0.296875 0.00390625
0 0.58125 0.371094 0.575 0.378906 0.575 0.398438 0.578125 0.402344 0.578125 0.417969 0.58125 0.421875 0.58125 0.425781 0.584375 0.429688 0.584375 0.433594 0.5875 0.4375 0.5875 0.441406 0.603125 0.460938 0.628125 0.460938 0.63125 0.457031 0.63125 0.441406 0.628125 0.4375 0.628125 0.433594 0.625 0.429688 0.625 0.417969 0.621875 0.414062 0.621875 0.402344 0.61875 0.398438 0.61875 0.386719 0.609375 0.375 0.60625 0.375 0.603125 0.371094
0 0.659375 0.582031 0.65625 0.585938 0.65625 0.59375 0.659375 0.597656 0.659375 0.605469 0.6625 0.609375 0.6625 0.613281 0.68125 0.636719 0.684375 0.636719 0.6875 0.640625 0.69375 0.640625 0.696875 0.636719 0.696875 0.617188 0.69375 0.613281 0.69375 0.609375 0.675 0.585938 0.671875 0.585938 0.66875 0.582031
0 0.7625 0.492188 0.759375 0.496094 0.759375 0.5 0.75625 0.503906 0.75625 0.527344 0.759375 0.53125 0.759375 0.542969 0.7625 0.546875 0.7625 0.554688 0.771875 0.566406 0.78125 0.566406 0.7875 0.558594 0.7875 0.542969 0.784375 0.539062 0.784375 0.535156 0.778125 0.527344 0.778125 0.519531 0.775 0.515625 0.775 0.503906 0.771875 0.5 0.771875 0.496094 0.76875 0.492188
0 0.521875 0.421875 0.51875 0.425781 0.51875 0.4375 0.521875 0.441406 0.521875 0.445312 0.525 0.449219 0.528125 0.449219 0.534375 0.457031 0.534375 0.464844 0.5375 0.46875 0.540625 0.46875 0.55625 0.488281 0.56875 0.488281 0.571875 0.484375 0.571875 0.480469 0.56875 0.476562 0.56875 0.457031 0.55625 0.441406 0.553125 0.441406 0.546875 0.433594 0.54375 0.433594 0.540625 0.429688 0.534375 0.429688 0.53125 0.425781 0.528125 0.425781 0.525 0.421875
0 0.359375 0.0585938 0.35625 0.0625 0.35625 0.101562 0.365625 0.113281 0.365625 0.117188 0.375 0.128906 0.378125 0.128906 0.38125 0.132812 0.403125 0.132812 0.403125 0.113281 0.384375 0.0898438 0.384375 0.0859375 0.38125 0.0820312 0.38125 0.078125 0.378125 0.0742188 0.378125 0.0664062 0.375 0.0625 0.371875 0.0625 0.36875 0.0585938
0 0.44375 0.113281 0.4375 0.121094 0.4375 0.160156 0.44375 0.167969 0.44375 0.175781 0.446875 0.179688 0.446875 0.183594 0.45 0.1875 0.453125 0.1875 0.45625 0.191406 0.48125 0.191406 0.490625 0.179688 0.490625 0.15625 0.4875 0.152344 0.4875 0.148438 0.484375 0.144531 0.484375 0.140625 0.471875 0.125 0.46875 0.125 0.4625 0.117188 0.459375 0.117188 0.45625 0.113281
0 0.725 0.417969 0.721875 0.421875 0.721875 0.453125 0.725 0.457031 0.725 0.464844 0.728125 0.46875 0.73125 0.46875 0.734375 0.472656 0.746875 0.472656 0.75 0.46875 0.75 0.445312 0.746875 0.441406 0.746875 0.4375 0.74375 0.433594 0.74375 0.429688 0.740625 0.425781 0.740625 0.421875 0.7375 0.417969
0 0.703125 0.949219 0.7 0.953125 0.675 0.953125 0.675 0.96875 0.678125 0.972656 0.678125 0.980469 0.690625 0.996094 0.74375 0.996094 0.74375 0.980469 0.740625 0.976562 0.740625 0.96875 0.728125 0.953125 0.725 0.953125 0.721875 0.949219
0 0.796875 0.9375 0.79375 0.941406 0.79375 0.972656 0.796875 0.976562 0.796875 0.980469 0.8 0.984375 0.8 0.988281 0.803125 0.992188 0.803125 0.996094 0.825 0.996094 0.83125 0.988281 0.834375 0.988281 0.8375 0.984375 0.8375 0.96875 0.834375 0.964844 0.834375 0.957031 0.83125 0.953125 0.83125 0.949219 0.821875 0.9375
0 0.659375 0.644531 0.65625 0.648438 0.65625 0.652344 0.6625 0.660156 0.6625 0.664062 0.671875 0.675781 0.671875 0.679688 0.678125 0.6875 0.678125 0.691406 0.68125 0.695312 0.68125 0.699219 0.684375 0.703125 0.690625 0.703125 0.69375 0.699219 0.69375 0.6875 0.690625 0.683594 0.690625 0.675781 0.66875 0.648438 0.665625 0.648438 0.6625 0.644531
0 0.825 0.894531 0.821875 0.898438 0.821875 0.910156 0.825 0.914062 0.825 0.917969 0.8375 0.933594 0.8375 0.9375 0.840625 0.941406 0.840625 0.945312 0.84375 0.949219 0.84375 0.953125 0.846875 0.957031 0.846875 0.960938 0.85 0.964844 0.85 0.96875 0.859375 0.980469 0.859375 0.984375 0.8625 0.988281 0.865625 0.988281 0.86875 0.984375 0.86875 0.976562 0.865625 0.972656 0.865625 0.96875 0.85625 0.957031 0.85625 0.953125 0.853125 0.949219 0.853125 0.945312 0.85 0.941406 0.85 0.929688 0.853125 0.925781 0.853125 0.921875 0.846875 0.914062 0.846875 0.90625 0.8375 0.894531
0 0.63125 0.847656 0.628125 0.851562 0.621875 0.851562 0.61875 0.855469 0.609375 0.855469 0.60625 0.859375 0.596875 0.859375 0.59375 0.863281 0.590625 0.863281 0.590625 0.871094 0.5875 0.875 0.5875 0.898438 0.596875 0.910156 0.596875 0.914062 0.6 0.917969 0.60625 0.917969 0.609375 0.921875 0.61875 0.921875 0.621875 0.925781 0.65625 0.925781 0.659375 0.921875 0.6625 0.921875 0.6625 0.914062 0.665625 0.910156 0.665625 0.90625 0.66875 0.902344 0.66875 0.878906 0.659375 0.867188 0.659375 0.863281 0.653125 0.855469 0.653125 0.851562 0.65 0.847656
0 0.61875 0.464844 0.61875 0.46875 0.6125 0.476562 0.6125 0.503906 0.615625 0.507812 0.64375 0.507812 0.646875 0.503906 0.65 0.503906 0.65625 0.496094 0.65625 0.484375 0.653125 0.480469 0.653125 0.472656 0.65 0.46875 0.64375 0.46875 0.640625 0.464844
0 0.178125 0.00390625 0.171875 0.0117188 0.171875 0.0273438 0.19375 0.0546875 0.196875 0.0546875 0.20625 0.0664062 0.209375 0.0664062 0.2125 0.0703125 0.215625 0.0703125 0.21875 0.0742188 0.221875 0.0742188 0.228125 0.0820312 0.23125 0.0820312 0.2375 0.0898438 0.240625 0.0898438 0.24375 0.09375 0.253125 0.09375 0.25625 0.0898438 0.25625 0.0859375 0.253125 0.0820312 0.253125 0.078125 0.25 0.0742188 0.25 0.0703125 0.246875 0.0664062 0.246875 0.0625 0.228125 0.0390625 0.225 0.0390625 0.221875 0.0351562 0.21875 0.0351562 0.215625 0.03125 0.2125 0.03125 0.20625 0.0234375 0.20625 0.0195312 0.196875 0.0078125 0.19375 0.0078125 0.190625 0.00390625
0 0.7375 0.664062 0.734375 0.667969 0.734375 0.675781 0.7375 0.679688 0.7375 0.6875 0.740625 0.691406 0.740625 0.695312 0.74375 0.699219 0.74375 0.703125 0.746875 0.707031 0.746875 0.710938 0.75 0.714844 0.75 0.726562 0.753125 0.730469 0.76875 0.730469 0.771875 0.726562 0.775 0.726562 0.775 0.710938 0.765625 0.699219 0.765625 0.695312 0.7625 0.691406 0.7625 0.6875 0.75625 0.679688 0.75625 0.675781 0.75 0.667969 0.746875 0.667969 0.74375 0.664062
0 0.35 0.1875 0.346875 0.191406 0.346875 0.195312 0.35 0.199219 0.35 0.207031 0.35625 0.214844 0.35625 0.21875 0.36875 0.234375 0.375 0.234375 0.378125 0.238281 0.390625 0.238281 0.39375 0.242188 0.409375 0.242188 0.415625 0.234375 0.415625 0.222656 0.4125 0.21875 0.4125 0.214844 0.40625 0.207031 0.40625 0.203125 0.396875 0.191406 0.390625 0.191406 0.3875 0.1875
0 0.371875 0.382812 0.36875 0.386719 0.36875 0.398438 0.384375 0.417969 0.384375 0.421875 0.3875 0.425781 0.390625 0.425781 0.4 0.4375 0.415625 0.4375 0.41875 0.433594 0.41875 0.425781 0.415625 0.421875 0.415625 0.417969 0.409375 0.410156 0.40625 0.410156 0.4 0.402344 0.4 0.398438 0.390625 0.386719 0.38125 0.386719 0.378125 0.382812
0 0.390625 0.0078125 0.3875 0.0117188 0.384375 0.0117188 0.38125 0.015625 0.38125 0.0351562 0.384375 0.0390625 0.384375 0.0429688 0.39375 0.0546875 0.39375 0.0585938 0.396875 0.0625 0.4 0.0625 0.40625 0.0703125 0.40625 0.0742188 0.41875 0.0898438 0.421875 0.0898438 0.425 0.09375 0.45625 0.09375 0.4625 0.0859375 0.4625 0.0390625 0.45 0.0234375 0.44375 0.0234375 0.440625 0.0195312 0.434375 0.0195312 0.428125 0.0117188 0.421875 0.0117188 0.41875 0.0078125
0 0.95 0.917969 0.946875 0.921875 0.946875 0.953125 0.95 0.957031 0.95 0.960938 0.953125 0.964844 0.95625 0.964844 0.959375 0.96875 0.978125 0.96875 0.98125 0.964844 0.98125 0.933594 0.975 0.925781 0.971875 0.925781 0.96875 0.921875 0.965625 0.921875 0.9625 0.917969
0 0.128125 0.4375 0.125 0.441406 0.121875 0.441406 0.11875 0.445312 0.1125 0.445312 0.109375 0.449219 0.109375 0.457031 0.1125 0.460938 0.1125 0.472656 0.115625 0.476562 0.115625 0.480469 0.11875 0.484375 0.13125 0.484375 0.134375 0.488281 0.1375 0.488281 0.140625 0.484375 0.140625 0.464844 0.1375 0.460938 0.1375 0.449219 0.140625 0.445312 0.140625 0.441406 0.1375 0.4375
0 0.609375 0 0.609375 0.00390625 0.61875 0.015625 0.628125 0.015625 0.6375 0.00390625 0.6375 0
0 0.328125 0.078125 0.325 0.0820312 0.315625 0.0820312 0.3125 0.0859375 0.3125 0.101562 0.315625 0.105469 0.315625 0.109375 0.31875 0.113281 0.31875 0.121094 0.325 0.128906 0.340625 0.128906 0.34375 0.125 0.35 0.125 0.353125 0.121094 0.353125 0.09375 0.34375 0.0820312 0.340625 0.0820312 0.3375 0.078125
0 0.84375 0.828125 0.840625 0.832031 0.840625 0.851562 0.84375 0.855469 0.84375 0.859375 0.846875 0.863281 0.846875 0.871094 0.853125 0.878906 0.85625 0.878906 0.865625 0.890625 0.86875 0.890625 0.871875 0.894531 0.884375 0.894531 0.8875 0.890625 0.8875 0.886719 0.884375 0.882812 0.884375 0.875 0.878125 0.867188 0.878125 0.859375 0.85625 0.832031 0.853125 0.832031 0.85 0.828125
0 0.571875 0.636719 0.56875 0.640625 0.5625 0.640625 0.559375 0.644531 0.55625 0.644531 0.55 0.652344 0.546875 0.652344 0.540625 0.660156 0.5375 0.660156 0.528125 0.671875 0.528125 0.695312 0.53125 0.699219 0.5625 0.699219 0.56875 0.691406 0.571875 0.691406 0.575 0.6875 0.58125 0.6875 0.584375 0.683594 0.5875 0.683594 0.590625 0.679688 0.59375 0.679688 0.6 0.671875 0.6 0.652344 0.596875 0.648438 0.596875 0.644531 0.59375 0.640625 0.590625 0.640625 0.5875 0.636719
0 0.65625 0.253906 0.653125 0.257812 0.653125 0.265625 0.65 0.269531 0.65 0.277344 0.653125 0.28125 0.653125 0.316406 0.65625 0.320312 0.65625 0.328125 0.659375 0.332031 0.659375 0.339844 0.6625 0.34375 0.6625 0.347656 0.665625 0.351562 0.665625 0.355469 0.66875 0.359375 0.675 0.359375 0.678125 0.363281 0.690625 0.363281 0.69375 0.359375 0.69375 0.355469 0.696875 0.351562 0.696875 0.339844 0.69375 0.335938 0.69375 0.328125 0.690625 0.324219 0.690625 0.3125 0.6875 0.308594 0.6875 0.292969 0.684375 0.289062 0.684375 0.285156 0.675 0.273438 0.675 0.261719 0.671875 0.257812 0.66875 0.257812 0.665625 0.253906
0 0.559375 0.3125 0.553125 0.320312 0.553125 0.347656 0.55625 0.351562 0.559375 0.351562 0.56875 0.363281 0.575 0.363281 0.5875 0.347656 0.5875 0.332031 0.575 0.316406 0.571875 0.316406 0.56875 0.3125
0 0.99375 0.921875 0.9875 0.929688 0.9875 0.960938 0.990625 0.964844 0.990625 0.972656 0.996875 0.980469 0.996875 0.921875
0 0.8125 0.824219 0.809375 0.828125 0.809375 0.84375 0.8125 0.847656 0.8125 0.855469 0.828125 0.875 0.83125 0.875 0.834375 0.878906 0.840625 0.878906 0.84375 0.875 0.84375 0.863281 0.840625 0.859375 0.840625 0.855469 0.8375 0.851562 0.8375 0.835938 0.828125 0.835938 0.81875 0.824219
0 0.253125 0.269531 0.25 0.273438 0.25 0.285156 0.253125 0.289062 0.284375 0.289062 0.2875 0.285156 0.29375 0.285156 0.296875 0.28125 0.296875 0.273438 0.29375 0.269531
0 0.30625 0.308594 0.303125 0.3125 0.303125 0.316406 0.3125 0.328125 0.3125 0.332031 0.346875 0.375 0.353125 0.375 0.3625 0.386719 0.365625 0.386719 0.371875 0.378906 0.378125 0.378906 0.378125 0.359375 0.35 0.324219 0.346875 0.324219 0.34375 0.320312 0.340625 0.320312 0.3375 0.316406 0.334375 0.316406 0.33125 0.3125 0.328125 0.3125 0.325 0.308594
0 0.684375 0.875 0.68125 0.878906 0.678125 0.878906 0.675 0.882812 0.671875 0.882812 0.671875 0.902344 0.66875 0.90625 0.66875 0.910156 0.665625 0.914062 0.665625 0.933594 0.671875 0.941406 0.671875 0.945312 0.675 0.949219 0.7 0.949219 0.703125 0.945312 0.721875 0.945312 0.725 0.949219 0.740625 0.949219 0.746875 0.941406 0.746875 0.9375 0.75 0.933594 0.75 0.921875 0.753125 0.917969 0.753125 0.902344 0.75 0.898438 0.75 0.890625 0.7375 0.875
0 0.55625 0.046875 0.55 0.0546875 0.55 0.0859375 0.559375 0.0976562 0.559375 0.101562 0.5625 0.105469 0.5625 0.109375 0.56875 0.117188 0.575 0.117188 0.578125 0.113281 0.578125 0.0898438 0.58125 0.0859375 0.58125 0.078125 0.578125 0.0742188 0.578125 0.0664062 0.575 0.0625 0.575 0.0546875 0.56875 0.046875
0 0.934375 0 0.9375 0 0.940625 0.00390625 0.94375 0.00390625 0.946875 0.0078125 0.953125 0.0078125 0.95625 0.0117188 0.9625 0.0117188 0.96875 0.00390625 0.96875 0
0 0.44375 0.292969 0.440625 0.296875 0.440625 0.300781 0.44375 0.304688 0.446875 0.304688 0.45625 0.316406 0.45625 0.320312 0.4625 0.328125 0.4625 0.332031 0.478125 0.351562 0.48125 0.351562 0.484375 0.347656 0.4875 0.347656 0.49375 0.339844 0.509375 0.339844 0.509375 0.332031 0.490625 0.308594 0.4875 0.308594 0.48125 0.300781 0.475 0.300781 0.471875 0.296875 0.465625 0.296875 0.4625 0.292969
0 0.703125 0.558594 0.7 0.5625 0.7 0.578125 0.703125 0.582031 0.703125 0.585938 0.70625 0.589844 0.70625 0.59375 0.725 0.617188 0.734375 0.617188 0.7375 0.613281 0.7375 0.601562 0.740625 0.597656 0.740625 0.59375 0.7375 0.589844 0.7375 0.582031 0.71875 0.558594
0 0.878125 0.949219 0.871875 0.957031 0.871875 0.964844 0.878125 0.972656 0.878125 0.976562 0.884375 0.984375 0.884375 0.988281 0.8875 0.992188 0.9 0.992188 0.903125 0.988281 0.903125 0.964844 0.890625 0.949219
0 0.578125 0.226562 0.565625 0.242188 0.565625 0.253906 0.56875 0.257812 0.590625 0.257812 0.59375 0.253906 0.59375 0.246094 0.596875 0.242188 0.596875 0.230469 0.59375 0.226562
0 0.834375 0.707031 0.83125 0.710938 0.83125 0.714844 0.828125 0.71875 0.828125 0.761719 0.840625 0.777344 0.84375 0.777344 0.846875 0.78125 0.85 0.78125 0.85625 0.789062 0.8875 0.789062 0.89375 0.78125 0.89375 0.742188 0.8875 0.734375 0.8875 0.730469 0.884375 0.726562 0.884375 0.722656 0.875 0.710938 0.871875 0.710938 0.86875 0.707031
0 0.478125 0.613281 0.471875 0.621094 0.471875 0.648438 0.475 0.652344 0.475 0.65625 0.48125 0.664062 0.484375 0.664062 0.4875 0.667969 0.51875 0.667969 0.528125 0.65625 0.528125 0.632812 0.521875 0.625 0.51875 0.625 0.509375 0.613281
