0 0.316406 0.835938 0.300781 0.851562 0.296875 0.851562 0.289062 0.859375 0.289062 0.886719 0.292969 0.890625 0.296875 0.890625 0.300781 0.894531 0.308594 0.894531 0.3125 0.898438 0.34375 0.898438 0.347656 0.894531 0.351562 0.894531 0.363281 0.882812 0.363281 0.867188 0.359375 0.863281 0.355469 0.863281 0.347656 0.855469 0.347656 0.851562 0.335938 0.839844 0.328125 0.839844 0.324219 0.835938
0 0.425781 0.609375 0.417969 0.617188 0.417969 0.636719 0.421875 0.640625 0.457031 0.640625 0.460938 0.636719 0.460938 0.613281 0.457031 0.609375
0 0.421875 0.160156 0.421875 0.171875 0.410156 0.183594 0.40625 0.183594 0.398438 0.191406 0.394531 0.191406 0.390625 0.195312 0.382812 0.195312 0.382812 0.199219 0.375 0.207031 0.375 0.210938 0.382812 0.210938 0.390625 0.21875 0.40625 0.21875 0.417969 0.230469 0.425781 0.222656 0.433594 0.222656 0.4375 0.21875 0.441406 0.21875 0.445312 0.214844 0.449219 0.214844 0.453125 0.210938 0.453125 0.183594 0.449219 0.179688 0.449219 0.175781 0.441406 0.167969 0.4375 0.167969 0.433594 0.164062 0.429688 0.164062 0.425781 0.160156
0 0.703125 0.0859375 0.695312 0.09375 0.691406 0.0898438 0.671875 0.0898438 0.667969 0.09375 0.660156 0.09375 0.648438 0.105469 0.648438 0.121094 0.65625 0.128906 0.660156 0.128906 0.664062 0.132812 0.667969 0.132812 0.671875 0.136719 0.671875 0.140625 0.675781 0.144531 0.703125 0.144531 0.707031 0.140625 0.710938 0.140625 0.722656 0.128906 0.722656 0.101562 0.71875 0.0976562 0.71875 0.09375 0.710938 0.0859375
0 0.0898438 0.609375 0.0859375 0.613281 0.0859375 0.617188 0.0703125 0.632812 0.0703125 0.640625 0.0664062 0.644531 0.0664062 0.65625 0.078125 0.667969 0.078125 0.671875 0.0820312 0.675781 0.0898438 0.675781 0.09375 0.679688 0.101562 0.679688 0.105469 0.683594 0.117188 0.683594 0.121094 0.679688 0.128906 0.679688 0.136719 0.671875 0.136719 0.667969 0.140625 0.664062 0.140625 0.644531 0.144531 0.640625 0.144531 0.632812 0.140625 0.628906 0.140625 0.625 0.128906 0.613281 0.105469 0.613281 0.101562 0.609375
0 0.667969 0.667969 0.664062 0.671875 0.664062 0.683594 0.667969 0.6875 0.667969 0.695312 0.664062 0.699219 0.664062 0.71875 0.667969 0.722656 0.667969 0.730469 0.671875 0.734375 0.675781 0.734375 0.6875 0.746094 0.699219 0.746094 0.707031 0.753906 0.730469 0.753906 0.738281 0.746094 0.742188 0.746094 0.757812 0.730469 0.757812 0.726562 0.761719 0.722656 0.761719 0.710938 0.757812 0.707031 0.757812 0.703125 0.738281 0.683594 0.738281 0.679688 0.734375 0.675781 0.730469 0.675781 0.722656 0.667969 0.699219 0.667969 0.695312 0.671875 0.683594 0.671875 0.679688 0.667969
0 0.660156 0.199219 0.65625 0.203125 0.652344 0.203125 0.640625 0.214844 0.640625 0.226562 0.636719 0.230469 0.636719 0.242188 0.640625 0.246094 0.640625 0.257812 0.644531 0.261719 0.648438 0.261719 0.65625 0.269531 0.660156 0.269531 0.664062 0.273438 0.6875 0.273438 0.691406 0.277344 0.703125 0.277344 0.707031 0.273438 0.707031 0.261719 0.710938 0.257812 0.710938 0.253906 0.714844 0.25 0.714844 0.238281 0.71875 0.234375 0.71875 0.230469 0.714844 0.226562 0.714844 0.21875 0.710938 0.214844 0.710938 0.210938 0.703125 0.203125 0.695312 0.203125 0.691406 0.199219
0 0.398438 0.53125 0.390625 0.539062 0.386719 0.539062 0.382812 0.535156 0.375 0.535156 0.371094 0.539062 0.351562 0.539062 0.347656 0.542969 0.34375 0.542969 0.328125 0.558594 0.328125 0.5625 0.324219 0.566406 0.324219 0.582031 0.328125 0.585938 0.332031 0.585938 0.335938 0.589844 0.339844 0.589844 0.34375 0.59375 0.347656 0.59375 0.359375 0.605469 0.363281 0.605469 0.367188 0.609375 0.386719 0.609375 0.40625 0.589844 0.433594 0.589844 0.4375 0.585938 0.453125 0.585938 0.457031 0.582031 0.457031 0.566406 0.449219 0.558594 0.449219 0.554688 0.441406 0.546875 0.4375 0.546875 0.429688 0.539062 0.425781 0.539062 0.417969 0.53125
0 0.503906 0.683594 0.492188 0.695312 0.488281 0.695312 0.484375 0.699219 0.484375 0.710938 0.480469 0.714844 0.480469 0.738281 0.484375 0.742188 0.484375 0.746094 0.488281 0.75 0.492188 0.75 0.5 0.757812 0.511719 0.757812 0.515625 0.761719 0.527344 0.761719 0.53125 0.757812 0.539062 0.757812 0.550781 0.746094 0.550781 0.738281 0.554688 0.734375 0.554688 0.730469 0.558594 0.726562 0.558594 0.722656 0.554688 0.71875 0.554688 0.707031 0.550781 0.703125 0.550781 0.699219 0.546875 0.695312 0.546875 0.691406 0.542969 0.6875 0.539062 0.6875 0.535156 0.683594
0 0.371094 0.214844 0.367188 0.21875 0.367188 0.222656 0.363281 0.226562 0.363281 0.230469 0.355469 0.238281 0.355469 0.246094 0.347656 0.253906 0.347656 0.257812 0.351562 0.261719 0.359375 0.261719 0.367188 0.269531 0.367188 0.273438 0.375 0.28125 0.375 0.289062 0.378906 0.292969 0.394531 0.277344 0.394531 0.273438 0.414062 0.253906 0.414062 0.230469 0.40625 0.222656 0.390625 0.222656 0.382812 0.214844
0 0.707031 0.453125 0.695312 0.464844 0.691406 0.464844 0.6875 0.46875 0.683594 0.46875 0.671875 0.480469 0.671875 0.5 0.6875 0.515625 0.691406 0.515625 0.699219 0.507812 0.703125 0.507812 0.710938 0.5 0.722656 0.5 0.726562 0.503906 0.730469 0.503906 0.738281 0.496094 0.738281 0.492188 0.742188 0.488281 0.742188 0.464844 0.738281 0.460938 0.726562 0.460938 0.71875 0.453125
0 0.460938 0.308594 0.457031 0.3125 0.453125 0.3125 0.449219 0.316406 0.441406 0.316406 0.4375 0.320312 0.421875 0.320312 0.417969 0.324219 0.414062 0.324219 0.410156 0.328125 0.40625 0.328125 0.402344 0.332031 0.402344 0.351562 0.40625 0.355469 0.410156 0.355469 0.414062 0.359375 0.429688 0.359375 0.433594 0.363281 0.445312 0.363281 0.453125 0.371094 0.453125 0.375 0.46875 0.390625 0.46875 0.402344 0.496094 0.402344 0.5 0.398438 0.511719 0.398438 0.519531 0.390625 0.519531 0.386719 0.523438 0.382812 0.523438 0.378906 0.527344 0.375 0.527344 0.347656 0.53125 0.34375 0.53125 0.332031 0.523438 0.324219 0.519531 0.324219 0.515625 0.320312 0.511719 0.320312 0.507812 0.316406 0.503906 0.316406 0.5 0.3125 0.476562 0.3125 0.472656 0.308594
0 0.917969 0 0.917969 0.00390625 0.921875 0.0078125 0.925781 0.0078125 0.933594 0.015625 0.949219 0.015625 0.953125 0.0117188 0.957031 0.0117188 0.960938 0.0078125 0.964844 0.0078125 0.96875 0.00390625 0.96875 0
0 0.078125 0.523438 0.0742188 0.527344 0.0664062 0.527344 0.0625 0.53125 0.0585938 0.53125 0.0507812 0.539062 0.0507812 0.550781 0.046875 0.554688 0.046875 0.5625 0.0507812 0.566406 0.0507812 0.570312 0.0546875 0.574219 0.0546875 0.578125 0.0585938 0.582031 0.0625 0.582031 0.0664062 0.585938 0.0703125 0.585938 0.0742188 0.589844 0.0976562 0.589844 0.117188 0.570312 0.117188 0.542969 0.113281 0.539062 0.109375 0.539062 0.09375 0.523438
0 0.484375 0.917969 0.476562 0.925781 0.472656 0.925781 0.46875 0.929688 0.46875 0.957031 0.472656 0.960938 0.472656 0.964844 0.476562 0.96875 0.476562 0.972656 0.480469 0.976562 0.484375 0.976562 0.492188 0.984375 0.5 0.984375 0.503906 0.988281 0.519531 0.988281 0.527344 0.980469 0.527344 0.976562 0.53125 0.972656 0.53125 0.96875 0.535156 0.964844 0.535156 0.953125 0.539062 0.949219 0.539062 0.945312 0.535156 0.941406 0.535156 0.9375 0.519531 0.921875 0.507812 0.921875 0.503906 0.917969
0 0 0.0546875 0 0.128906 0.015625 0.128906 0.0195312 0.125 0.0273438 0.125 0.0351562 0.117188 0.0390625 0.117188 0.0507812 0.105469 0.0507812 0.0703125 0.0429688 0.0625 0.0390625 0.0625 0.0351562 0.0585938 0.0195312 0.0585938 0.015625 0.0546875
0 0.265625 0.46875 0.261719 0.472656 0.257812 0.472656 0.253906 0.476562 0.25 0.476562 0.238281 0.488281 0.238281 0.492188 0.234375 0.496094 0.234375 0.511719 0.238281 0.515625 0.238281 0.519531 0.242188 0.523438 0.242188 0.527344 0.253906 0.539062 0.257812 0.539062 0.261719 0.542969 0.265625 0.542969 0.269531 0.546875 0.277344 0.546875 0.28125 0.550781 0.289062 0.550781 0.316406 0.523438 0.316406 0.496094 0.308594 0.488281 0.308594 0.484375 0.304688 0.480469 0.300781 0.480469 0.296875 0.476562 0.292969 0.476562 0.285156 0.46875
0 0.203125 0.671875 0.191406 0.683594 0.191406 0.691406 0.1875 0.695312 0.1875 0.714844 0.191406 0.71875 0.195312 0.71875 0.203125 0.726562 0.207031 0.726562 0.210938 0.730469 0.21875 0.730469 0.222656 0.734375 0.230469 0.734375 0.234375 0.730469 0.238281 0.730469 0.246094 0.722656 0.25 0.722656 0.253906 0.71875 0.253906 0.710938 0.257812 0.707031 0.257812 0.703125 0.253906 0.699219 0.253906 0.691406 0.246094 0.683594 0.246094 0.679688 0.238281 0.671875
0 0.46875 0.425781 0.460938 0.433594 0.457031 0.433594 0.453125 0.4375 0.445312 0.4375 0.429688 0.453125 0.421875 0.453125 0.417969 0.457031 0.417969 0.464844 0.421875 0.46875 0.421875 0.476562 0.425781 0.480469 0.425781 0.484375 0.433594 0.492188 0.433594 0.496094 0.4375 0.5 0.4375 0.503906 0.445312 0.511719 0.46875 0.511719 0.476562 0.519531 0.476562 0.53125 0.480469 0.535156 0.480469 0.539062 0.488281 0.546875 0.503906 0.546875 0.507812 0.550781 0.523438 0.550781 0.53125 0.542969 0.53125 0.539062 0.539062 0.53125 0.539062 0.519531 0.542969 0.515625 0.542969 0.503906 0.53125 0.492188 0.527344 0.492188 0.511719 0.476562 0.511719 0.472656 0.503906 0.464844 0.503906 0.460938 0.5 0.457031 0.5 0.453125 0.476562 0.429688 0.472656 0.429688
0 0.222656 0.253906 0.214844 0.261719 0.210938 0.261719 0.203125 0.269531 0.203125 0.273438 0.199219 0.277344 0.199219 0.285156 0.195312 0.289062 0.195312 0.308594 0.199219 0.3125 0.210938 0.3125 0.222656 0.324219 0.222656 0.328125 0.226562 0.332031 0.234375 0.332031 0.238281 0.335938 0.257812 0.335938 0.273438 0.320312 0.273438 0.316406 0.28125 0.308594 0.285156 0.308594 0.296875 0.320312 0.300781 0.320312 0.308594 0.328125 0.335938 0.328125 0.339844 0.324219 0.347656 0.324219 0.351562 0.320312 0.363281 0.320312 0.375 0.308594 0.375 0.292969 0.371094 0.289062 0.371094 0.28125 0.363281 0.273438 0.363281 0.269531 0.359375 0.265625 0.351562 0.265625 0.347656 0.261719 0.308594 0.261719 0.304688 0.265625 0.296875 0.265625 0.289062 0.273438 0.285156 0.273438 0.273438 0.261719 0.269531 0.261719 0.265625 0.257812 0.261719 0.257812 0.257812 0.253906
0 0.511719 0.203125 0.507812 0.207031 0.496094 0.207031 0.492188 0.210938 0.488281 0.210938 0.480469 0.21875 0.480469 0.226562 0.476562 0.230469 0.476562 0.25 0.484375 0.257812 0.484375 0.261719 0.492188 0.269531 0.5 0.269531 0.503906 0.273438 0.527344 0.273438 0.535156 0.265625 0.539062 0.265625 0.542969 0.261719 0.542969 0.257812 0.546875 0.253906 0.546875 0.25 0.550781 0.246094 0.550781 0.230469 0.542969 0.222656 0.542969 0.21875 0.539062 0.214844 0.535156 0.214844 0.527344 0.207031 0.523438 0.207031 0.519531 0.203125
0 0.117188 0.121094 0.109375 0.128906 0.109375 0.132812 0.101562 0.140625 0.101562 0.171875 0.113281 0.183594 0.117188 0.183594 0.121094 0.1875 0.15625 0.1875 0.160156 0.183594 0.164062 0.183594 0.171875 0.175781 0.171875 0.167969 0.175781 0.164062 0.175781 0.160156 0.171875 0.15625 0.171875 0.152344 0.160156 0.140625 0.160156 0.132812 0.15625 0.128906 0.152344 0.128906 0.148438 0.125 0.144531 0.125 0.140625 0.121094
0 0.386719 0 0.386719 0.0117188 0.382812 0.015625 0.382812 0.0195312 0.378906 0.0234375 0.378906 0.0273438 0.375 0.03125 0.375 0.046875 0.371094 0.0507812 0.371094 0.0546875 0.367188 0.0585938 0.367188 0.0625 0.375 0.0703125 0.375 0.0742188 0.378906 0.078125 0.382812 0.078125 0.386719 0.0820312 0.402344 0.0820312 0.40625 0.0859375 0.425781 0.0859375 0.429688 0.0820312 0.433594 0.0820312 0.4375 0.078125 0.441406 0.078125 0.445312 0.0742188 0.449219 0.0742188 0.457031 0.0664062 0.457031 0.0625 0.460938 0.0585938 0.460938 0.0507812 0.464844 0.046875 0.464844 0.0390625 0.46875 0.0351562 0.46875 0.0273438 0.472656 0.0234375 0.472656 0.0195312 0.476562 0.015625 0.476562 0
0 0.285156 0.167969 0.28125 0.171875 0.277344 0.171875 0.273438 0.175781 0.269531 0.175781 0.25 0.195312 0.25 0.203125 0.246094 0.207031 0.246094 0.226562 0.25 0.230469 0.25 0.234375 0.257812 0.242188 0.292969 0.242188 0.296875 0.238281 0.3125 0.238281 0.324219 0.226562 0.324219 0.222656 0.328125 0.21875 0.328125 0.191406 0.324219 0.1875 0.324219 0.183594 0.316406 0.175781 0.3125 0.175781 0.308594 0.171875 0.292969 0.171875 0.289062 0.167969
0 0.699219 0.914062 0.695312 0.917969 0.691406 0.917969 0.675781 0.933594 0.675781 0.941406 0.671875 0.945312 0.671875 0.960938 0.6875 0.976562 0.691406 0.976562 0.695312 0.980469 0.703125 0.980469 0.707031 0.984375 0.722656 0.984375 0.726562 0.980469 0.730469 0.980469 0.738281 0.972656 0.738281 0.96875 0.742188 0.964844 0.742188 0.945312 0.738281 0.941406 0.738281 0.9375 0.71875 0.917969 0.707031 0.917969 0.703125 0.914062
0 0.191406 0.0546875 0.1875 0.0585938 0.183594 0.0585938 0.179688 0.0625 0.179688 0.0664062 0.171875 0.0742188 0.171875 0.0820312 0.167969 0.0859375 0.167969 0.09375 0.171875 0.0976562 0.171875 0.113281 0.175781 0.117188 0.175781 0.121094 0.179688 0.125 0.195312 0.125 0.210938 0.109375 0.21875 0.109375 0.226562 0.101562 0.230469 0.101562 0.234375 0.0976562 0.234375 0.0703125 0.230469 0.0664062 0.230469 0.0625 0.226562 0.0585938 0.21875 0.0585938 0.214844 0.0546875
0 0.0898438 0.355469 0.0859375 0.359375 0.0820312 0.359375 0.078125 0.363281 0.0742188 0.363281 0.0664062 0.371094 0.0664062 0.375 0.0625 0.378906 0.0625 0.386719 0.0585938 0.390625 0.0585938 0.394531 0.0625 0.398438 0.0625 0.40625 0.0820312 0.425781 0.113281 0.425781 0.117188 0.421875 0.121094 0.421875 0.125 0.417969 0.128906 0.417969 0.140625 0.40625 0.140625 0.382812 0.136719 0.378906 0.136719 0.375 0.132812 0.371094 0.132812 0.367188 0.128906 0.363281 0.125 0.363281 0.121094 0.359375 0.117188 0.359375 0.113281 0.355469
0 0.0390625 0.238281 0.0351562 0.242188 0.0273438 0.242188 0.0234375 0.246094 0.0195312 0.246094 0 0.265625 0 0.292969 0.0078125 0.300781 0.015625 0.300781 0.0195312 0.304688 0.0273438 0.304688 0.03125 0.308594 0.0546875 0.308594 0.0703125 0.292969 0.0703125 0.28125 0.0742188 0.277344 0.0742188 0.253906 0.0703125 0.25 0.0703125 0.246094 0.0625 0.238281
0 0.417969 0.769531 0.394531 0.792969 0.394531 0.796875 0.390625 0.800781 0.390625 0.8125 0.394531 0.816406 0.394531 0.820312 0.410156 0.835938 0.417969 0.835938 0.421875 0.839844 0.4375 0.839844 0.441406 0.835938 0.445312 0.835938 0.460938 0.820312 0.460938 0.796875 0.457031 0.792969 0.457031 0.789062 0.449219 0.78125 0.445312 0.78125 0.441406 0.777344 0.4375 0.777344 0.433594 0.773438 0.425781 0.773438 0.421875 0.769531
0 0.761719 0.0820312 0.753906 0.0898438 0.753906 0.09375 0.746094 0.101562 0.746094 0.113281 0.75 0.117188 0.75 0.121094 0.753906 0.125 0.753906 0.128906 0.761719 0.136719 0.792969 0.136719 0.796875 0.132812 0.796875 0.125 0.800781 0.121094 0.800781 0.0976562 0.796875 0.09375 0.789062 0.09375 0.785156 0.0898438 0.78125 0.0898438 0.773438 0.0820312
0 0.183594 0.832031 0.175781 0.839844 0.175781 0.859375 0.1875 0.871094 0.207031 0.871094 0.214844 0.863281 0.214844 0.855469 0.210938 0.851562 0.210938 0.847656 0.195312 0.832031
0 0.101562 0.890625 0.0976562 0.894531 0.09375 0.894531 0.0859375 0.902344 0.0820312 0.902344 0.0742188 0.910156 0.0703125 0.910156 0.0664062 0.914062 0.0664062 0.925781 0.0703125 0.929688 0.0703125 0.933594 0.0742188 0.9375 0.0742188 0.941406 0.078125 0.945312 0.078125 0.949219 0.0820312 0.953125 0.0859375 0.953125 0.09375 0.960938 0.101562 0.960938 0.113281 0.949219 0.113281 0.945312 0.125 0.933594 0.125 0.929688 0.128906 0.925781 0.128906 0.902344 0.125 0.898438 0.121094 0.898438 0.117188 0.894531 0.109375 0.894531 0.105469 0.890625
0 0.152344 0.425781 0.148438 0.429688 0.144531 0.429688 0.132812 0.441406 0.132812 0.449219 0.128906 0.453125 0.128906 0.472656 0.132812 0.476562 0.132812 0.488281 0.136719 0.492188 0.144531 0.492188 0.148438 0.496094 0.164062 0.496094 0.167969 0.492188 0.171875 0.492188 0.191406 0.472656 0.191406 0.46875 0.195312 0.464844 0.195312 0.4375 0.1875 0.429688 0.183594 0.429688 0.179688 0.425781
0 0.382812 0.355469 0.378906 0.359375 0.378906 0.363281 0.367188 0.375 0.363281 0.375 0.355469 0.382812 0.355469 0.386719 0.351562 0.390625 0.351562 0.402344 0.347656 0.40625 0.347656 0.417969 0.34375 0.421875 0.34375 0.433594 0.355469 0.445312 0.363281 0.445312 0.367188 0.449219 0.375 0.449219 0.378906 0.453125 0.394531 0.453125 0.398438 0.457031 0.414062 0.457031 0.421875 0.449219 0.429688 0.449219 0.445312 0.433594 0.453125 0.433594 0.457031 0.429688 0.460938 0.429688 0.464844 0.425781 0.464844 0.390625 0.449219 0.375 0.449219 0.371094 0.445312 0.367188 0.433594 0.367188 0.429688 0.363281 0.414062 0.363281 0.410156 0.359375 0.40625 0.359375 0.402344 0.355469
0 0.335938 0.730469 0.332031 0.734375 0.328125 0.734375 0.324219 0.738281 0.324219 0.742188 0.320312 0.746094 0.320312 0.773438 0.328125 0.78125 0.335938 0.78125 0.339844 0.785156 0.375 0.785156 0.382812 0.777344 0.382812 0.773438 0.386719 0.769531 0.386719 0.75 0.390625 0.746094 0.390625 0.738281 0.386719 0.734375 0.378906 0.734375 0.375 0.730469
0 0.59375 0.457031 0.578125 0.472656 0.578125 0.484375 0.574219 0.488281 0.574219 0.503906 0.582031 0.511719 0.582031 0.515625 0.585938 0.519531 0.605469 0.519531 0.609375 0.515625 0.617188 0.515625 0.628906 0.503906 0.628906 0.496094 0.632812 0.492188 0.632812 0.476562 0.628906 0.472656 0.628906 0.46875 0.625 0.464844 0.621094 0.464844 0.613281 0.457031
0 0.101562 0.199219 0.09375 0.207031 0.0898438 0.207031 0.0820312 0.214844 0.0820312 0.21875 0.078125 0.222656 0.078125 0.253906 0.0820312 0.257812 0.0820312 0.269531 0.0898438 0.277344 0.09375 0.277344 0.0976562 0.28125 0.136719 0.28125 0.144531 0.273438 0.148438 0.273438 0.164062 0.257812 0.164062 0.246094 0.160156 0.242188 0.160156 0.222656 0.15625 0.21875 0.152344 0.21875 0.144531 0.210938 0.140625 0.210938 0.136719 0.207031 0.132812 0.207031 0.125 0.199219
0 0.347656 0.125 0.34375 0.128906 0.34375 0.132812 0.339844 0.136719 0.339844 0.164062 0.34375 0.167969 0.34375 0.175781 0.359375 0.191406 0.390625 0.191406 0.394531 0.1875 0.398438 0.1875 0.40625 0.179688 0.410156 0.179688 0.417969 0.171875 0.417969 0.160156 0.421875 0.15625 0.421875 0.144531 0.40625 0.128906 0.402344 0.128906 0.398438 0.125
0 0.835938 0.0429688 0.832031 0.046875 0.828125 0.046875 0.824219 0.0507812 0.8125 0.0507812 0.808594 0.0546875 0.808594 0.0585938 0.804688 0.0625 0.804688 0.0820312 0.820312 0.0976562 0.820312 0.101562 0.824219 0.105469 0.824219 0.109375 0.828125 0.113281 0.832031 0.113281 0.835938 0.117188 0.839844 0.117188 0.84375 0.121094 0.859375 0.121094 0.867188 0.113281 0.871094 0.113281 0.875 0.109375 0.878906 0.109375 0.890625 0.0976562 0.890625 0.09375 0.894531 0.0898438 0.894531 0.078125 0.890625 0.0742188 0.890625 0.0703125 0.882812 0.0625 0.878906 0.0625 0.875 0.0585938 0.871094 0.0585938 0.863281 0.0507812 0.859375 0.0507812 0.855469 0.046875 0.851562 0.046875 0.847656 0.0429688
0 0.273438 0.347656 0.269531 0.351562 0.265625 0.351562 0.261719 0.355469 0.261719 0.371094 0.25 0.382812 0.25 0.394531 0.253906 0.398438 0.253906 0.40625 0.257812 0.410156 0.257812 0.414062 0.261719 0.417969 0.265625 0.417969 0.269531 0.421875 0.277344 0.421875 0.28125 0.425781 0.304688 0.425781 0.308594 0.429688 0.316406 0.429688 0.320312 0.425781 0.324219 0.425781 0.332031 0.417969 0.332031 0.410156 0.335938 0.40625 0.335938 0.402344 0.332031 0.398438 0.332031 0.382812 0.328125 0.378906 0.328125 0.375 0.324219 0.371094 0.320312 0.371094 0.3125 0.363281 0.308594 0.363281 0.304688 0.359375 0.300781 0.359375 0.292969 0.351562 0.289062 0.351562 0.285156 0.347656
0 0.214844 0.578125 0.210938 0.582031 0.207031 0.582031 0.199219 0.589844 0.199219 0.597656 0.195312 0.601562 0.195312 0.609375 0.191406 0.613281 0.191406 0.621094 0.199219 0.628906 0.199219 0.632812 0.207031 0.640625 0.214844 0.640625 0.21875 0.644531 0.25 0.644531 0.253906 0.640625 0.257812 0.640625 0.261719 0.636719 0.265625 0.636719 0.269531 0.632812 0.269531 0.609375 0.25 0.589844 0.242188 0.589844 0.234375 0.582031 0.230469 0.582031 0.226562 0.578125
0 0.339844 0.625 0.335938 0.628906 0.332031 0.628906 0.328125 0.632812 0.328125 0.644531 0.3125 0.660156 0.3125 0.664062 0.308594 0.667969 0.308594 0.675781 0.304688 0.679688 0.304688 0.683594 0.300781 0.6875 0.300781 0.707031 0.304688 0.710938 0.304688 0.714844 0.3125 0.722656 0.3125 0.726562 0.320312 0.734375 0.324219 0.734375 0.328125 0.730469 0.332031 0.730469 0.335938 0.726562 0.375 0.726562 0.378906 0.730469 0.386719 0.730469 0.390625 0.734375 0.390625 0.714844 0.394531 0.710938 0.394531 0.703125 0.390625 0.699219 0.390625 0.691406 0.386719 0.6875 0.386719 0.679688 0.375 0.667969 0.371094 0.667969 0.367188 0.664062 0.363281 0.664062 0.355469 0.65625 0.355469 0.652344 0.351562 0.648438 0.351562 0.628906 0.347656 0.625
0 0.398438 0.921875 0.394531 0.925781 0.382812 0.925781 0.378906 0.929688 0.375 0.929688 0.363281 0.941406 0.363281 0.945312 0.359375 0.949219 0.359375 0.953125 0.355469 0.957031 0.355469 0.980469 0.359375 0.984375 0.359375 0.988281 0.363281 0.992188 0.363281 0.996094 0.40625 0.996094 0.410156 0.992188 0.410156 0.980469 0.414062 0.976562 0.414062 0.972656 0.417969 0.96875 0.417969 0.9375 0.414062 0.933594 0.414062 0.929688 0.40625 0.921875
0 0.914062 0.195312 0.910156 0.199219 0.902344 0.199219 0.898438 0.203125 0.894531 0.203125 0.886719 0.210938 0.886719 0.25 0.890625 0.253906 0.890625 0.257812 0.894531 0.261719 0.902344 0.261719 0.910156 0.269531 0.921875 0.269531 0.925781 0.265625 0.953125 0.265625 0.957031 0.261719 0.957031 0.253906 0.960938 0.25 0.960938 0.230469 0.957031 0.226562 0.957031 0.21875 0.949219 0.210938 0.949219 0.203125 0.945312 0.199219 0.921875 0.199219 0.917969 0.195312
0 0.773438 0.25 0.761719 0.261719 0.761719 0.265625 0.757812 0.269531 0.757812 0.28125 0.753906 0.285156 0.753906 0.292969 0.765625 0.304688 0.789062 0.304688 0.792969 0.300781 0.796875 0.300781 0.804688 0.292969 0.804688 0.289062 0.808594 0.285156 0.808594 0.28125 0.8125 0.277344 0.8125 0.265625 0.808594 0.261719 0.808594 0.257812 0.804688 0.253906 0.800781 0.253906 0.796875 0.25
0 0.785156 0 0.785156 0.00390625 0.792969 0.0117188 0.816406 0.0117188 0.820312 0.0078125 0.828125 0.0078125 0.832031 0.00390625 0.832031 0
0 0.570312 0.808594 0.566406 0.8125 0.5625 0.8125 0.546875 0.828125 0.546875 0.832031 0.542969 0.835938 0.542969 0.851562 0.546875 0.855469 0.546875 0.890625 0.550781 0.894531 0.574219 0.894531 0.578125 0.890625 0.59375 0.890625 0.605469 0.878906 0.605469 0.847656 0.601562 0.84375 0.601562 0.820312 0.59375 0.8125 0.589844 0.8125 0.585938 0.808594
0 0.847656 0.53125 0.84375 0.535156 0.839844 0.535156 0.828125 0.546875 0.828125 0.550781 0.824219 0.554688 0.824219 0.566406 0.828125 0.570312 0.828125 0.574219 0.832031 0.578125 0.832031 0.582031 0.839844 0.589844 0.847656 0.589844 0.851562 0.59375 0.859375 0.59375 0.863281 0.589844 0.871094 0.589844 0.875 0.585938 0.875 0.582031 0.882812 0.574219 0.882812 0.566406 0.878906 0.5625 0.878906 0.554688 0.875 0.550781 0.875 0.546875 0.863281 0.535156 0.855469 0.535156 0.851562 0.53125
0 0.121094 0.0078125 0.117188 0.0117188 0.113281 0.0117188 0.105469 0.0195312 0.0976562 0.0195312 0.09375 0.0234375 0.09375 0.0507812 0.101562 0.0585938 0.105469 0.0585938 0.109375 0.0625 0.117188 0.0625 0.121094 0.0664062 0.140625 0.0664062 0.148438 0.0585938 0.152344 0.0585938 0.160156 0.0507812 0.160156 0.015625 0.15625 0.0117188 0.140625 0.0117188 0.136719 0.0078125
0 0.277344 0.769531 0.273438 0.773438 0.265625 0.773438 0.242188 0.796875 0.242188 0.808594 0.253906 0.820312 0.257812 0.820312 0.261719 0.824219 0.289062 0.824219 0.304688 0.808594 0.304688 0.804688 0.308594 0.800781 0.308594 0.78125 0.304688 0.777344 0.300781 0.777344 0.296875 0.773438 0.285156 0.773438 0.28125 0.769531
0 0 0.894531 0 0.941406 0.00390625 0.941406 0.015625 0.929688 0.015625 0.914062 0.0117188 0.910156 0.0117188 0.90625 0.0078125 0.902344 0.0078125 0.898438 0.00390625 0.894531
0 0.945312 0.582031 0.925781 0.601562 0.925781 0.636719 0.941406 0.652344 0.953125 0.652344 0.957031 0.648438 0.960938 0.648438 0.96875 0.640625 0.972656 0.640625 0.976562 0.636719 0.976562 0.632812 0.980469 0.628906 0.980469 0.625 0.988281 0.617188 0.988281 0.601562 0.984375 0.597656 0.984375 0.59375 0.976562 0.585938 0.972656 0.585938 0.96875 0.582031
0 0.519531 0 0.519531 0.0078125 0.523438 0.0117188 0.523438 0.015625 0.535156 0.0273438 0.539062 0.0273438 0.542969 0.03125 0.550781 0.03125 0.554688 0.0273438 0.5625 0.0273438 0.578125 0.0117188 0.578125 0.0078125 0.582031 0.00390625 0.582031 0
0 0.253906 0.914062 0.25 0.917969 0.246094 0.917969 0.242188 0.921875 0.238281 0.921875 0.230469 0.929688 0.222656 0.929688 0.21875 0.933594 0.21875 0.9375 0.214844 0.941406 0.214844 0.953125 0.21875 0.957031 0.21875 0.960938 0.230469 0.972656 0.242188 0.972656 0.246094 0.976562 0.269531 0.976562 0.273438 0.972656 0.277344 0.972656 0.28125 0.96875 0.28125 0.964844 0.285156 0.960938 0.285156 0.957031 0.289062 0.953125 0.289062 0.941406 0.285156 0.9375 0.285156 0.933594 0.277344 0.925781 0.277344 0.921875 0.273438 0.917969 0.269531 0.917969 0.265625 0.914062
0 0 0.171875 0 0.261719 0.0195312 0.242188 0.0234375 0.242188 0.0273438 0.238281 0.0351562 0.238281 0.0390625 0.234375 0.0390625 0.21875 0.0351562 0.214844 0.0351562 0.203125 0.03125 0.199219 0.03125 0.191406 0.0234375 0.183594 0.0195312 0.183594 0.0117188 0.175781 0.0078125 0.175781 0.00390625 0.171875
0 0.253906 0.015625 0.242188 0.0273438 0.242188 0.0625 0.257812 0.078125 0.265625 0.078125 0.269531 0.0820312 0.296875 0.0820312 0.3125 0.0664062 0.3125 0.0546875 0.304688 0.046875 0.304688 0.0351562 0.296875 0.0273438 0.292969 0.0273438 0.289062 0.0234375 0.28125 0.0234375 0.277344 0.0195312 0.273438 0.0195312 0.269531 0.015625
