0 0.152344 0.851562 0.148438 0.855469 0.148438 0.859375 0.144531 0.863281 0.144531 0.867188 0.140625 0.871094 0.140625 0.890625 0.148438 0.898438 0.148438 0.902344 0.152344 0.90625 0.1875 0.90625 0.191406 0.902344 0.191406 0.894531 0.1875 0.890625 0.1875 0.886719 0.183594 0.882812 0.183594 0.871094 0.175781 0.863281 0.175781 0.859375 0.171875 0.855469 0.167969 0.855469 0.164062 0.851562
0 0.148438 0 0.148438 0.00390625 0.152344 0.0078125 0.183594 0.0078125 0.1875 0.00390625 0.1875 0
0 0.949219 0.46875 0.933594 0.484375 0.933594 0.492188 0.929688 0.496094 0.929688 0.511719 0.933594 0.515625 0.933594 0.519531 0.941406 0.527344 0.945312 0.527344 0.949219 0.53125 0.957031 0.53125 0.960938 0.535156 0.984375 0.535156 0.988281 0.53125 0.996094 0.53125 0.996094 0.484375 0.984375 0.472656 0.980469 0.472656 0.976562 0.46875
0 0.902344 0 0.902344 0.0078125 0.914062 0.0195312 0.929688 0.0195312 0.941406 0.0078125 0.941406 0
0 0.167969 0.152344 0.164062 0.15625 0.164062 0.1875 0.167969 0.191406 0.175781 0.191406 0.179688 0.1875 0.179688 0.15625 0.175781 0.152344
0 0.714844 0.507812 0.710938 0.511719 0.707031 0.511719 0.699219 0.519531 0.699219 0.523438 0.695312 0.527344 0.695312 0.535156 0.691406 0.539062 0.691406 0.566406 0.699219 0.574219 0.699219 0.578125 0.707031 0.585938 0.710938 0.585938 0.714844 0.589844 0.734375 0.589844 0.738281 0.585938 0.742188 0.585938 0.753906 0.574219 0.753906 0.570312 0.757812 0.566406 0.757812 0.527344 0.753906 0.523438 0.753906 0.519531 0.75 0.515625 0.746094 0.515625 0.742188 0.511719 0.734375 0.511719 0.730469 0.507812
0 0.925781 0.0585938 0.921875 0.0625 0.921875 0.0664062 0.917969 0.0703125 0.917969 0.078125 0.921875 0.0820312 0.921875 0.0859375 0.929688 0.09375 0.929688 0.0976562 0.9375 0.105469 0.941406 0.105469 0.945312 0.109375 0.960938 0.109375 0.96875 0.101562 0.96875 0.0859375 0.949219 0.0664062 0.949219 0.0625 0.945312 0.0585938
0 0.742188 0.183594 0.734375 0.191406 0.734375 0.195312 0.730469 0.199219 0.730469 0.207031 0.734375 0.207031 0.757812 0.230469 0.761719 0.230469 0.769531 0.238281 0.773438 0.238281 0.785156 0.226562 0.785156 0.210938 0.777344 0.203125 0.777344 0.1875 0.773438 0.183594
0 0.484375 0.597656 0.472656 0.609375 0.472656 0.617188 0.476562 0.621094 0.476562 0.625 0.480469 0.628906 0.480469 0.632812 0.492188 0.644531 0.496094 0.644531 0.5 0.648438 0.503906 0.648438 0.507812 0.652344 0.511719 0.652344 0.515625 0.648438 0.519531 0.648438 0.523438 0.644531 0.523438 0.640625 0.527344 0.636719 0.527344 0.621094 0.515625 0.609375 0.507812 0.609375 0.503906 0.605469 0.5 0.605469 0.492188 0.597656
0 0.304688 0.292969 0.296875 0.300781 0.296875 0.320312 0.300781 0.324219 0.300781 0.328125 0.304688 0.332031 0.304688 0.335938 0.308594 0.339844 0.339844 0.339844 0.347656 0.332031 0.347656 0.308594 0.339844 0.300781 0.335938 0.300781 0.332031 0.296875 0.328125 0.296875 0.324219 0.292969
0 0.992188 0.867188 0.992188 0.871094 0.988281 0.875 0.976562 0.875 0.972656 0.878906 0.96875 0.878906 0.960938 0.886719 0.960938 0.910156 0.957031 0.914062 0.957031 0.9375 0.960938 0.941406 0.964844 0.941406 0.96875 0.945312 0.96875 0.949219 0.996094 0.949219 0.996094 0.867188
0 0.449219 0.941406 0.445312 0.945312 0.441406 0.945312 0.4375 0.949219 0.4375 0.953125 0.433594 0.957031 0.433594 0.992188 0.4375 0.996094 0.507812 0.996094 0.507812 0.980469 0.503906 0.976562 0.503906 0.972656 0.496094 0.964844 0.492188 0.964844 0.480469 0.953125 0.476562 0.953125 0.46875 0.945312 0.464844 0.945312 0.460938 0.941406
0 0.589844 0.703125 0.585938 0.707031 0.578125 0.707031 0.574219 0.710938 0.574219 0.714844 0.566406 0.722656 0.566406 0.738281 0.570312 0.742188 0.570312 0.746094 0.589844 0.765625 0.59375 0.765625 0.597656 0.769531 0.617188 0.769531 0.621094 0.765625 0.628906 0.765625 0.640625 0.753906 0.640625 0.742188 0.644531 0.738281 0.644531 0.730469 0.640625 0.726562 0.640625 0.71875 0.636719 0.714844 0.625 0.714844 0.613281 0.703125
0 0.789062 0.351562 0.785156 0.355469 0.78125 0.355469 0.769531 0.367188 0.769531 0.382812 0.78125 0.394531 0.816406 0.394531 0.820312 0.390625 0.824219 0.390625 0.832031 0.382812 0.832031 0.378906 0.835938 0.375 0.835938 0.367188 0.832031 0.363281 0.832031 0.359375 0.828125 0.355469 0.824219 0.355469 0.820312 0.351562
0 0.527344 0.445312 0.523438 0.449219 0.523438 0.453125 0.507812 0.46875 0.507812 0.484375 0.511719 0.488281 0.511719 0.492188 0.515625 0.496094 0.519531 0.496094 0.523438 0.5 0.535156 0.5 0.539062 0.496094 0.542969 0.496094 0.558594 0.480469 0.558594 0.457031 0.546875 0.445312
0 0.640625 0.847656 0.636719 0.851562 0.632812 0.851562 0.625 0.859375 0.625 0.882812 0.632812 0.890625 0.636719 0.890625 0.644531 0.898438 0.648438 0.898438 0.65625 0.90625 0.671875 0.90625 0.675781 0.902344 0.679688 0.902344 0.6875 0.894531 0.6875 0.867188 0.683594 0.863281 0.683594 0.859375 0.675781 0.851562 0.671875 0.851562 0.667969 0.847656
0 0.609375 0.03125 0.605469 0.0351562 0.605469 0.0429688 0.609375 0.046875 0.617188 0.046875 0.621094 0.0429688 0.621094 0.0351562 0.617188 0.03125
0 0.199219 0.144531 0.195312 0.148438 0.195312 0.171875 0.199219 0.175781 0.207031 0.175781 0.210938 0.171875 0.210938 0.148438 0.207031 0.144531
0 0.0898438 0.339844 0.0820312 0.347656 0.0820312 0.359375 0.0859375 0.363281 0.0859375 0.371094 0.09375 0.378906 0.0976562 0.378906 0.101562 0.382812 0.117188 0.382812 0.128906 0.371094 0.128906 0.359375 0.125 0.355469 0.125 0.351562 0.117188 0.34375 0.109375 0.34375 0.105469 0.339844
0 0.183594 0.148438 0.179688 0.152344 0.183594 0.15625 0.183594 0.179688 0.191406 0.179688 0.195312 0.175781 0.191406 0.171875 0.191406 0.148438
0 0.722656 0.210938 0.714844 0.21875 0.714844 0.222656 0.710938 0.226562 0.710938 0.261719 0.722656 0.273438 0.726562 0.273438 0.734375 0.28125 0.746094 0.28125 0.75 0.277344 0.75 0.269531 0.761719 0.257812 0.761719 0.253906 0.765625 0.25 0.765625 0.238281 0.761719 0.234375 0.757812 0.234375 0.734375 0.210938
