0 0.285156 0.484375 0.28125 0.488281 0.277344 0.488281 0.273438 0.492188 0.273438 0.507812 0.28125 0.515625 0.285156 0.515625 0.289062 0.519531 0.289062 0.523438 0.292969 0.527344 0.296875 0.523438 0.296875 0.519531 0.304688 0.511719 0.308594 0.511719 0.308594 0.496094 0.296875 0.484375
0 0.949219 0.386719 0.9375 0.398438 0.9375 0.421875 0.941406 0.425781 0.949219 0.425781 0.960938 0.414062 0.960938 0.390625 0.957031 0.386719
0 0.257812 0.332031 0.253906 0.335938 0.253906 0.359375 0.257812 0.363281 0.257812 0.367188 0.261719 0.371094 0.261719 0.382812 0.265625 0.386719 0.28125 0.386719 0.285156 0.382812 0.285156 0.363281 0.28125 0.359375 0.28125 0.355469 0.277344 0.351562 0.277344 0.34375 0.273438 0.339844 0.273438 0.335938 0.269531 0.332031
0 0.304688 0.515625 0.300781 0.519531 0.300781 0.523438 0.296875 0.527344 0.296875 0.539062 0.300781 0.542969 0.320312 0.542969 0.324219 0.539062 0.324219 0.523438 0.316406 0.515625
0 0.0429688 0.015625 0.0390625 0.0195312 0.0390625 0.0234375 0.0351562 0.0273438 0.0351562 0.0546875 0.0390625 0.0585938 0.0390625 0.0664062 0.0429688 0.0664062 0.0507812 0.0742188 0.0546875 0.0742188 0.0546875 0.0703125 0.0585938 0.0664062 0.0585938 0.0429688 0.0546875 0.0390625 0.0585938 0.0351562 0.0585938 0.0273438 0.0625 0.0234375 0.0625 0.0195312 0.0585938 0.015625
0 0.34375 0.96875 0.335938 0.976562 0.335938 0.996094 0.367188 0.996094 0.367188 0.980469 0.363281 0.976562 0.363281 0.972656 0.359375 0.96875
0 0.914062 0.363281 0.910156 0.367188 0.910156 0.371094 0.90625 0.375 0.894531 0.375 0.890625 0.371094 0.882812 0.371094 0.878906 0.375 0.878906 0.386719 0.882812 0.390625 0.914062 0.390625 0.925781 0.378906 0.925781 0.367188 0.921875 0.363281
0 0.324219 0.765625 0.316406 0.773438 0.316406 0.777344 0.3125 0.78125 0.308594 0.78125 0.304688 0.785156 0.304688 0.8125 0.308594 0.816406 0.316406 0.816406 0.320312 0.820312 0.328125 0.820312 0.332031 0.816406 0.335938 0.816406 0.339844 0.8125 0.347656 0.8125 0.347656 0.804688 0.351562 0.800781 0.351562 0.796875 0.359375 0.789062 0.359375 0.78125 0.355469 0.777344 0.355469 0.773438 0.351562 0.773438 0.347656 0.769531 0.34375 0.769531 0.339844 0.765625
0 0.9375 0.367188 0.929688 0.375 0.929688 0.378906 0.914062 0.394531 0.910156 0.394531 0.910156 0.40625 0.914062 0.410156 0.933594 0.410156 0.933594 0.398438 0.949219 0.382812 0.953125 0.382812 0.953125 0.371094 0.949219 0.367188
0 0.402344 0.949219 0.398438 0.953125 0.390625 0.953125 0.375 0.96875 0.375 0.976562 0.382812 0.984375 0.382812 0.988281 0.386719 0.992188 0.410156 0.992188 0.414062 0.988281 0.417969 0.988281 0.421875 0.984375 0.421875 0.960938 0.414062 0.953125 0.410156 0.953125 0.40625 0.949219
0 0.316406 0.484375 0.3125 0.488281 0.3125 0.507812 0.328125 0.523438 0.328125 0.527344 0.34375 0.527344 0.347656 0.523438 0.347656 0.496094 0.335938 0.484375
0 0.34375 0.371094 0.339844 0.375 0.339844 0.378906 0.332031 0.386719 0.332031 0.402344 0.339844 0.410156 0.355469 0.410156 0.359375 0.40625 0.363281 0.40625 0.367188 0.402344 0.367188 0.378906 0.359375 0.371094
0 0.0859375 0.0273438 0.0820312 0.03125 0.078125 0.03125 0.0742188 0.0351562 0.0742188 0.0390625 0.0703125 0.0429688 0.0703125 0.0585938 0.078125 0.0664062 0.078125 0.0703125 0.09375 0.0703125 0.0976562 0.0664062 0.0976562 0.0625 0.101562 0.0585938 0.101562 0.0546875 0.105469 0.0507812 0.105469 0.046875 0.109375 0.0429688 0.109375 0.0351562 0.101562 0.0273438
0 0.128906 0.015625 0.125 0.0195312 0.125 0.0234375 0.121094 0.0273438 0.121094 0.03125 0.125 0.0351562 0.125 0.0390625 0.132812 0.046875 0.140625 0.046875 0.148438 0.0546875 0.160156 0.0546875 0.164062 0.0507812 0.164062 0.046875 0.167969 0.0429688 0.167969 0.0273438 0.15625 0.015625
0 0.394531 0.570312 0.390625 0.574219 0.390625 0.597656 0.394531 0.601562 0.398438 0.601562 0.402344 0.605469 0.421875 0.605469 0.425781 0.601562 0.425781 0.578125 0.417969 0.570312
0 0.214844 0.34375 0.210938 0.347656 0.210938 0.367188 0.222656 0.378906 0.222656 0.382812 0.226562 0.386719 0.242188 0.386719 0.246094 0.382812 0.246094 0.375 0.242188 0.371094 0.242188 0.359375 0.238281 0.355469 0.238281 0.351562 0.230469 0.34375
0 0.378906 0.472656 0.371094 0.480469 0.371094 0.492188 0.378906 0.5 0.394531 0.5 0.402344 0.492188 0.402344 0.480469 0.394531 0.472656
0 0.234375 0.613281 0.226562 0.621094 0.226562 0.632812 0.230469 0.636719 0.238281 0.636719 0.246094 0.628906 0.246094 0.617188 0.242188 0.613281
0 0.308594 0.835938 0.300781 0.84375 0.300781 0.851562 0.296875 0.855469 0.296875 0.871094 0.300781 0.875 0.304688 0.875 0.308594 0.878906 0.324219 0.878906 0.335938 0.867188 0.335938 0.84375 0.332031 0.839844 0.328125 0.839844 0.324219 0.835938
0 0.964844 0.433594 0.960938 0.4375 0.957031 0.4375 0.949219 0.445312 0.949219 0.46875 0.953125 0.472656 0.957031 0.472656 0.960938 0.476562 0.980469 0.476562 0.992188 0.464844 0.992188 0.441406 0.988281 0.4375 0.984375 0.4375 0.980469 0.433594
0 0.195312 0.359375 0.1875 0.367188 0.1875 0.386719 0.191406 0.390625 0.191406 0.394531 0.195312 0.398438 0.199219 0.398438 0.203125 0.402344 0.207031 0.402344 0.210938 0.40625 0.21875 0.40625 0.222656 0.402344 0.222656 0.386719 0.21875 0.382812 0.21875 0.378906 0.207031 0.367188 0.207031 0.363281 0.203125 0.359375
0 0.929688 0.453125 0.925781 0.457031 0.925781 0.484375 0.933594 0.492188 0.945312 0.492188 0.949219 0.488281 0.949219 0.480469 0.941406 0.472656 0.941406 0.457031 0.9375 0.453125
0 0.972656 0.148438 0.96875 0.152344 0.964844 0.152344 0.964844 0.15625 0.960938 0.160156 0.960938 0.164062 0.957031 0.167969 0.957031 0.179688 0.964844 0.1875 0.972656 0.1875 0.976562 0.191406 0.984375 0.191406 0.984375 0.1875 0.992188 0.179688 0.992188 0.175781 0.996094 0.171875 0.996094 0.160156 0.984375 0.148438
