0 0.35625 0.210938 0.353125 0.214844 0.346875 0.214844 0.34375 0.21875 0.340625 0.21875 0.3375 0.222656 0.334375 0.222656 0.33125 0.226562 0.328125 0.226562 0.31875 0.238281 0.315625 0.238281 0.309375 0.246094 0.30625 0.246094 0.303125 0.25 0.303125 0.253906 0.278125 0.285156 0.275 0.285156 0.271875 0.289062 0.26875 0.289062 0.259375 0.300781 0.259375 0.304688 0.265625 0.3125 0.2875 0.3125 0.290625 0.308594 0.303125 0.308594 0.31875 0.289062 0.321875 0.289062 0.334375 0.273438 0.3375 0.273438 0.34375 0.265625 0.346875 0.265625 0.35625 0.253906 0.359375 0.253906 0.371875 0.238281 0.375 0.238281 0.378125 0.234375 0.38125 0.234375 0.384375 0.230469 0.390625 0.230469 0.39375 0.226562 0.39375 0.214844 0.390625 0.210938
0 0.5375 0.742188 0.528125 0.753906 0.525 0.753906 0.51875 0.761719 0.51875 0.765625 0.515625 0.769531 0.515625 0.824219 0.521875 0.832031 0.540625 0.832031 0.54375 0.828125 0.546875 0.828125 0.559375 0.8125 0.559375 0.804688 0.5625 0.800781 0.5625 0.761719 0.559375 0.757812 0.559375 0.753906 0.55 0.742188
0 0.35 0.625 0.328125 0.652344 0.328125 0.65625 0.325 0.660156 0.325 0.664062 0.321875 0.667969 0.321875 0.671875 0.31875 0.675781 0.31875 0.679688 0.315625 0.683594 0.315625 0.6875 0.3125 0.691406 0.3125 0.695312 0.303125 0.707031 0.303125 0.710938 0.3 0.714844 0.3 0.71875 0.296875 0.722656 0.296875 0.726562 0.29375 0.730469 0.29375 0.738281 0.290625 0.742188 0.290625 0.761719 0.29375 0.765625 0.309375 0.765625 0.334375 0.734375 0.334375 0.730469 0.340625 0.722656 0.340625 0.71875 0.346875 0.710938 0.346875 0.707031 0.35 0.703125 0.35 0.695312 0.353125 0.691406 0.353125 0.683594 0.35625 0.679688 0.35625 0.664062 0.359375 0.660156 0.359375 0.652344 0.3625 0.648438 0.3625 0.644531 0.36875 0.636719 0.36875 0.628906 0.365625 0.625
0 0.0375 0.511719 0.034375 0.515625 0.028125 0.515625 0.025 0.519531 0.021875 0.519531 0.01875 0.523438 0.015625 0.523438 0.00625 0.535156 0.003125 0.535156 0 0.539062 0 0.566406 0.003125 0.570312 0.003125 0.574219 0.00625 0.574219 0.0125 0.566406 0.015625 0.566406 0.01875 0.5625 0.025 0.5625 0.028125 0.558594 0.03125 0.558594 0.04375 0.542969 0.046875 0.542969 0.05 0.539062 0.053125 0.539062 0.05625 0.535156 0.059375 0.535156 0.0625 0.53125 0.065625 0.53125 0.06875 0.527344 0.06875 0.515625 0.065625 0.511719
0 0.821875 0.597656 0.80625 0.617188 0.80625 0.621094 0.803125 0.625 0.803125 0.628906 0.796875 0.636719 0.796875 0.640625 0.79375 0.644531 0.79375 0.648438 0.784375 0.660156 0.775 0.660156 0.771875 0.664062 0.771875 0.675781 0.775 0.679688 0.7875 0.679688 0.790625 0.683594 0.79375 0.683594 0.8 0.691406 0.8 0.753906 0.803125 0.757812 0.815625 0.757812 0.81875 0.753906 0.81875 0.75 0.821875 0.746094 0.821875 0.730469 0.825 0.726562 0.825 0.707031 0.83125 0.699219 0.83125 0.695312 0.834375 0.691406 0.834375 0.675781 0.8375 0.671875 0.8375 0.667969 0.840625 0.664062 0.840625 0.636719 0.84375 0.632812 0.84375 0.613281 0.840625 0.609375 0.840625 0.601562 0.8375 0.597656
0 0.4 0.3125 0.396875 0.316406 0.390625 0.316406 0.3875 0.320312 0.384375 0.320312 0.38125 0.324219 0.371875 0.324219 0.36875 0.328125 0.35625 0.328125 0.353125 0.332031 0.346875 0.332031 0.34375 0.335938 0.340625 0.335938 0.3375 0.339844 0.334375 0.339844 0.328125 0.347656 0.321875 0.347656 0.315625 0.355469 0.309375 0.355469 0.30625 0.359375 0.29375 0.359375 0.290625 0.363281 0.2875 0.363281 0.284375 0.367188 0.28125 0.367188 0.278125 0.371094 0.275 0.371094 0.265625 0.382812 0.2625 0.382812 0.253125 0.394531 0.253125 0.398438 0.25 0.402344 0.25 0.414062 0.253125 0.417969 0.2625 0.417969 0.265625 0.414062 0.26875 0.414062 0.271875 0.410156 0.275 0.410156 0.278125 0.40625 0.28125 0.40625 0.284375 0.402344 0.2875 0.402344 0.290625 0.398438 0.296875 0.398438 0.3 0.394531 0.30625 0.394531 0.309375 0.390625 0.321875 0.390625 0.325 0.386719 0.334375 0.386719 0.3375 0.382812 0.340625 0.382812 0.34375 0.378906 0.346875 0.378906 0.35 0.375 0.353125 0.375 0.35625 0.371094 0.359375 0.371094 0.3625 0.367188 0.365625 0.367188 0.36875 0.363281 0.371875 0.363281 0.375 0.359375 0.38125 0.359375 0.384375 0.355469 0.390625 0.355469 0.396875 0.347656 0.4 0.347656 0.4125 0.332031 0.4125 0.328125 0.415625 0.324219 0.415625 0.316406 0.4125 0.3125
0 0.996875 0.464844 0.990625 0.472656 0.9875 0.472656 0.9875 0.476562 0.984375 0.480469 0.984375 0.492188 0.990625 0.5 0.99375 0.5 0.996875 0.503906
0 0.690625 0.453125 0.6875 0.457031 0.678125 0.457031 0.675 0.460938 0.671875 0.460938 0.66875 0.464844 0.665625 0.464844 0.6625 0.46875 0.659375 0.46875 0.65625 0.472656 0.653125 0.472656 0.65 0.476562 0.646875 0.476562 0.6375 0.488281 0.6375 0.492188 0.634375 0.496094 0.634375 0.511719 0.64375 0.523438 0.64375 0.527344 0.646875 0.53125 0.65625 0.53125 0.659375 0.527344 0.6625 0.527344 0.70625 0.472656 0.70625 0.457031 0.703125 0.453125
0 0.61875 0.5 0.615625 0.503906 0.6125 0.503906 0.603125 0.515625 0.6 0.515625 0.59375 0.523438 0.590625 0.523438 0.571875 0.546875 0.571875 0.578125 0.575 0.582031 0.59375 0.582031 0.596875 0.578125 0.6 0.578125 0.603125 0.574219 0.60625 0.574219 0.609375 0.570312 0.6125 0.570312 0.621875 0.558594 0.625 0.558594 0.6375 0.542969 0.640625 0.542969 0.64375 0.539062 0.64375 0.53125 0.640625 0.527344 0.640625 0.523438 0.63125 0.511719 0.63125 0.503906 0.628125 0.5
0 0.225 0 0.225 0.015625 0.228125 0.0195312 0.228125 0.0234375 0.2375 0.0351562 0.240625 0.0351562 0.24375 0.0390625 0.253125 0.0390625 0.259375 0.03125 0.259375 0.0273438 0.2625 0.0234375 0.2625 0.015625 0.265625 0.0117188 0.265625 0
0 0.190625 0.667969 0.1875 0.671875 0.184375 0.671875 0.159375 0.703125 0.15625 0.703125 0.153125 0.707031 0.15 0.707031 0.134375 0.726562 0.134375 0.734375 0.140625 0.742188 0.159375 0.742188 0.1625 0.738281 0.178125 0.738281 0.184375 0.730469 0.1875 0.730469 0.19375 0.722656 0.19375 0.71875 0.196875 0.714844 0.196875 0.710938 0.2 0.707031 0.2 0.703125 0.203125 0.699219 0.203125 0.671875 0.2 0.667969
0 0.665625 0.800781 0.659375 0.808594 0.659375 0.8125 0.65625 0.816406 0.65625 0.820312 0.653125 0.824219 0.653125 0.832031 0.646875 0.839844 0.646875 0.847656 0.64375 0.851562 0.64375 0.878906 0.646875 0.882812 0.646875 0.886719 0.65 0.890625 0.659375 0.890625 0.66875 0.878906 0.66875 0.871094 0.671875 0.867188 0.671875 0.863281 0.675 0.859375 0.675 0.851562 0.678125 0.847656 0.678125 0.835938 0.68125 0.832031 0.68125 0.808594 0.675 0.800781
0 0.6375 0.761719 0.634375 0.765625 0.634375 0.769531 0.63125 0.773438 0.63125 0.785156 0.628125 0.789062 0.628125 0.816406 0.63125 0.820312 0.63125 0.824219 0.64375 0.824219 0.64375 0.820312 0.646875 0.816406 0.646875 0.804688 0.65 0.800781 0.65 0.78125 0.653125 0.777344 0.653125 0.765625 0.65 0.761719
0 0.5375 0.925781 0.534375 0.929688 0.534375 0.941406 0.53125 0.945312 0.53125 0.953125 0.528125 0.957031 0.528125 0.964844 0.521875 0.972656 0.521875 0.976562 0.515625 0.984375 0.515625 0.988281 0.5125 0.992188 0.5125 0.996094 0.534375 0.996094 0.534375 0.992188 0.540625 0.984375 0.540625 0.980469 0.54375 0.976562 0.54375 0.972656 0.55 0.964844 0.55 0.960938 0.55625 0.953125 0.55625 0.949219 0.559375 0.945312 0.559375 0.933594 0.55625 0.929688 0.553125 0.929688 0.55 0.925781
0 0.825 0 0.825 0.0078125 0.828125 0.0117188 0.85625 0.0117188 0.859375 0.0078125 0.86875 0.0078125 0.871875 0.00390625 0.878125 0.00390625 0.88125 0
0 0.953125 0.222656 0.95 0.226562 0.94375 0.226562 0.940625 0.230469 0.93125 0.230469 0.928125 0.234375 0.925 0.234375 0.915625 0.246094 0.915625 0.261719 0.928125 0.277344 0.93125 0.277344 0.9375 0.285156 0.94375 0.285156 0.946875 0.289062 0.95625 0.289062 0.959375 0.292969 0.971875 0.292969 0.975 0.296875 0.996875 0.296875 0.996875 0.230469 0.99375 0.226562 0.984375 0.226562 0.98125 0.222656
0 0.0875 0.742188 0.06875 0.765625 0.065625 0.765625 0.05625 0.777344 0.053125 0.777344 0.04375 0.789062 0.040625 0.789062 0.03125 0.800781 0.028125 0.800781 0.003125 0.832031 0.003125 0.835938 0 0.839844 0 0.863281 0.003125 0.863281 0.00625 0.859375 0.009375 0.859375 0.015625 0.851562 0.01875 0.851562 0.021875 0.847656 0.025 0.847656 0.028125 0.84375 0.03125 0.84375 0.040625 0.832031 0.04375 0.832031 0.05 0.824219 0.053125 0.824219 0.08125 0.789062 0.08125 0.785156 0.090625 0.773438 0.090625 0.769531 0.09375 0.765625 0.09375 0.761719 0.096875 0.757812 0.096875 0.746094 0.09375 0.742188
