0 0.0742188 0.136719 0.0703125 0.140625 0.0703125 0.144531 0.0664062 0.148438 0.0664062 0.167969 0.0742188 0.175781 0.0742188 0.179688 0.078125 0.183594 0.0898438 0.183594 0.09375 0.179688 0.101562 0.179688 0.105469 0.175781 0.109375 0.175781 0.117188 0.167969 0.117188 0.148438 0.105469 0.136719
0 0.335938 0.691406 0.332031 0.695312 0.328125 0.695312 0.324219 0.699219 0.324219 0.703125 0.3125 0.714844 0.3125 0.734375 0.324219 0.746094 0.335938 0.746094 0.339844 0.742188 0.34375 0.742188 0.351562 0.734375 0.355469 0.734375 0.363281 0.726562 0.363281 0.722656 0.367188 0.71875 0.367188 0.707031 0.363281 0.703125 0.363281 0.699219 0.359375 0.695312 0.351562 0.695312 0.347656 0.691406
0 0 0 0 0.0117188 0.0078125 0.0195312 0.0078125 0.03125 0.0117188 0.0351562 0.0195312 0.0351562 0.0234375 0.03125 0.03125 0.03125 0.0351562 0.0273438 0.0351562 0
0 0.015625 0.15625 0.0078125 0.164062 0.00390625 0.164062 0 0.167969 0 0.195312 0.0078125 0.203125 0.0117188 0.203125 0.015625 0.207031 0.0273438 0.207031 0.0390625 0.195312 0.0390625 0.191406 0.0429688 0.1875 0.0429688 0.175781 0.0390625 0.171875 0.0390625 0.167969 0.0351562 0.164062 0.0351562 0.160156 0.03125 0.15625
0 0.949219 0.960938 0.941406 0.96875 0.941406 0.980469 0.945312 0.984375 0.945312 0.992188 0.949219 0.996094 0.976562 0.996094 0.976562 0.972656 0.972656 0.96875 0.96875 0.96875 0.964844 0.964844 0.960938 0.964844 0.957031 0.960938
0 0.0742188 0.214844 0.0625 0.226562 0.0625 0.230469 0.0546875 0.238281 0.0546875 0.257812 0.0585938 0.261719 0.0898438 0.261719 0.09375 0.257812 0.0976562 0.257812 0.105469 0.25 0.105469 0.246094 0.109375 0.242188 0.109375 0.226562 0.101562 0.21875 0.0976562 0.21875 0.09375 0.214844
0 0.128906 0.253906 0.125 0.257812 0.121094 0.257812 0.105469 0.273438 0.105469 0.28125 0.101562 0.285156 0.101562 0.300781 0.105469 0.304688 0.105469 0.3125 0.125 0.332031 0.148438 0.332031 0.152344 0.328125 0.15625 0.328125 0.160156 0.324219 0.167969 0.324219 0.171875 0.320312 0.171875 0.316406 0.175781 0.3125 0.175781 0.292969 0.171875 0.289062 0.171875 0.277344 0.152344 0.257812 0.148438 0.257812 0.144531 0.253906
0 0.832031 0.761719 0.824219 0.769531 0.824219 0.773438 0.816406 0.78125 0.816406 0.785156 0.820312 0.789062 0.820312 0.796875 0.816406 0.800781 0.816406 0.804688 0.820312 0.808594 0.820312 0.8125 0.824219 0.816406 0.824219 0.820312 0.832031 0.828125 0.835938 0.828125 0.839844 0.832031 0.847656 0.832031 0.851562 0.828125 0.855469 0.828125 0.859375 0.824219 0.863281 0.824219 0.871094 0.816406 0.871094 0.785156 0.867188 0.78125 0.867188 0.777344 0.851562 0.761719
0 0.625 0.511719 0.621094 0.515625 0.621094 0.53125 0.625 0.535156 0.625 0.550781 0.636719 0.5625 0.660156 0.5625 0.667969 0.554688 0.667969 0.53125 0.664062 0.527344 0.664062 0.515625 0.660156 0.511719
0 0.0390625 0 0.0390625 0.0273438 0.0351562 0.03125 0.0351562 0.0429688 0.0390625 0.046875 0.0390625 0.0507812 0.0507812 0.0625 0.0625 0.0625 0.0742188 0.0507812 0.0742188 0.0195312 0.0664062 0.0117188 0.0625 0.0117188 0.0585938 0.0078125 0.0546875 0.0078125 0.046875 0
0 0.964844 0.71875 0.953125 0.730469 0.953125 0.734375 0.949219 0.738281 0.949219 0.746094 0.945312 0.75 0.945312 0.753906 0.941406 0.757812 0.941406 0.765625 0.953125 0.777344 0.964844 0.777344 0.96875 0.773438 0.972656 0.773438 0.984375 0.761719 0.984375 0.757812 0.992188 0.75 0.992188 0.730469 0.980469 0.71875
0 0.625 0.5625 0.621094 0.566406 0.613281 0.566406 0.609375 0.570312 0.609375 0.582031 0.601562 0.589844 0.601562 0.613281 0.605469 0.617188 0.625 0.617188 0.632812 0.609375 0.632812 0.605469 0.640625 0.597656 0.640625 0.59375 0.652344 0.582031 0.652344 0.570312 0.648438 0.566406 0.636719 0.566406 0.632812 0.5625
0 0.09375 0.496094 0.0898438 0.5 0.0859375 0.5 0.0742188 0.511719 0.0742188 0.519531 0.0703125 0.523438 0.0703125 0.550781 0.078125 0.558594 0.078125 0.5625 0.0898438 0.574219 0.09375 0.574219 0.0976562 0.578125 0.101562 0.578125 0.105469 0.582031 0.121094 0.582031 0.125 0.578125 0.128906 0.578125 0.148438 0.558594 0.148438 0.554688 0.152344 0.550781 0.152344 0.519531 0.148438 0.515625 0.148438 0.511719 0.136719 0.5 0.125 0.5 0.121094 0.496094
0 0.394531 0.863281 0.390625 0.867188 0.390625 0.898438 0.394531 0.902344 0.402344 0.902344 0.40625 0.90625 0.425781 0.90625 0.429688 0.902344 0.429688 0.890625 0.421875 0.882812 0.421875 0.875 0.414062 0.867188 0.40625 0.867188 0.402344 0.863281
0 0.722656 0.652344 0.71875 0.65625 0.71875 0.660156 0.710938 0.667969 0.703125 0.667969 0.703125 0.683594 0.710938 0.691406 0.714844 0.691406 0.71875 0.695312 0.742188 0.695312 0.746094 0.691406 0.75 0.691406 0.753906 0.6875 0.761719 0.6875 0.765625 0.683594 0.765625 0.664062 0.761719 0.660156 0.757812 0.660156 0.75 0.652344
0 0 0.976562 0 0.996094 0.03125 0.996094 0.03125 0.992188 0.0195312 0.980469 0.015625 0.980469 0.0117188 0.976562
0 0.515625 0.804688 0.511719 0.808594 0.511719 0.816406 0.515625 0.820312 0.515625 0.828125 0.519531 0.832031 0.527344 0.832031 0.53125 0.828125 0.53125 0.820312 0.535156 0.816406 0.535156 0.808594 0.53125 0.804688
0 0.703125 0.613281 0.699219 0.617188 0.699219 0.621094 0.695312 0.625 0.695312 0.640625 0.707031 0.640625 0.710938 0.644531 0.714844 0.644531 0.71875 0.648438 0.75 0.648438 0.753906 0.644531 0.753906 0.632812 0.738281 0.617188 0.730469 0.617188 0.726562 0.613281
0 0.675781 0.644531 0.671875 0.648438 0.671875 0.652344 0.667969 0.65625 0.667969 0.664062 0.683594 0.679688 0.683594 0.683594 0.699219 0.683594 0.699219 0.664062 0.6875 0.652344 0.6875 0.648438 0.679688 0.648438
0 0.996094 0.0585938 0.984375 0.0703125 0.976562 0.0703125 0.972656 0.0742188 0.96875 0.0742188 0.964844 0.078125 0.964844 0.0859375 0.957031 0.09375 0.957031 0.0976562 0.960938 0.101562 0.960938 0.113281 0.972656 0.125 0.976562 0.125 0.980469 0.128906 0.996094 0.128906
0 0.996094 0.875 0.992188 0.878906 0.980469 0.878906 0.96875 0.890625 0.96875 0.898438 0.964844 0.902344 0.964844 0.910156 0.96875 0.914062 0.96875 0.921875 0.972656 0.925781 0.972656 0.929688 0.980469 0.9375 0.980469 0.941406 0.988281 0.949219 0.996094 0.949219
0 0.484375 0.214844 0.480469 0.21875 0.480469 0.226562 0.484375 0.230469 0.5 0.230469 0.503906 0.226562 0.503906 0.21875 0.5 0.214844
0 0.703125 0.644531 0.703125 0.652344 0.699219 0.65625 0.699219 0.660156 0.703125 0.664062 0.710938 0.664062 0.714844 0.660156 0.714844 0.65625 0.71875 0.652344 0.714844 0.648438 0.710938 0.648438 0.707031 0.644531
0 0.34375 0.207031 0.339844 0.210938 0.320312 0.210938 0.308594 0.222656 0.300781 0.222656 0.289062 0.234375 0.289062 0.238281 0.285156 0.242188 0.285156 0.246094 0.28125 0.25 0.28125 0.265625 0.285156 0.269531 0.285156 0.277344 0.289062 0.28125 0.289062 0.285156 0.296875 0.292969 0.304688 0.292969 0.308594 0.296875 0.320312 0.296875 0.332031 0.285156 0.335938 0.285156 0.339844 0.28125 0.339844 0.277344 0.34375 0.273438 0.34375 0.246094 0.351562 0.238281 0.351562 0.234375 0.355469 0.230469 0.355469 0.226562 0.359375 0.222656 0.359375 0.214844 0.355469 0.210938 0.351562 0.210938 0.347656 0.207031
0 0.757812 0.585938 0.746094 0.597656 0.746094 0.609375 0.742188 0.613281 0.742188 0.617188 0.757812 0.632812 0.761719 0.632812 0.769531 0.640625 0.769531 0.644531 0.78125 0.65625 0.816406 0.65625 0.824219 0.648438 0.824219 0.644531 0.828125 0.640625 0.828125 0.628906 0.804688 0.605469 0.800781 0.605469 0.792969 0.597656 0.789062 0.597656 0.777344 0.585938
0 0.25 0.40625 0.246094 0.410156 0.242188 0.410156 0.238281 0.414062 0.234375 0.414062 0.230469 0.417969 0.230469 0.425781 0.226562 0.429688 0.226562 0.433594 0.222656 0.4375 0.222656 0.457031 0.226562 0.460938 0.226562 0.464844 0.230469 0.46875 0.230469 0.472656 0.238281 0.480469 0.242188 0.480469 0.246094 0.484375 0.265625 0.484375 0.269531 0.480469 0.273438 0.480469 0.285156 0.46875 0.285156 0.464844 0.289062 0.460938 0.289062 0.453125 0.292969 0.449219 0.292969 0.429688 0.28125 0.417969 0.28125 0.414062 0.277344 0.410156 0.273438 0.410156 0.269531 0.40625
