0 0.511719 0.355469 0.507812 0.359375 0.5 0.359375 0.5 0.363281 0.496094 0.367188 0.496094 0.382812 0.5 0.386719 0.527344 0.386719 0.53125 0.382812 0.53125 0.378906 0.535156 0.375 0.535156 0.371094 0.53125 0.367188 0.53125 0.363281 0.527344 0.363281 0.523438 0.359375 0.515625 0.359375
0 0.566406 0.199219 0.5625 0.203125 0.558594 0.203125 0.558594 0.207031 0.554688 0.210938 0.554688 0.226562 0.5625 0.234375 0.578125 0.234375 0.589844 0.222656 0.589844 0.207031 0.585938 0.203125 0.582031 0.203125 0.578125 0.199219
0 0.902344 0.3125 0.894531 0.320312 0.894531 0.328125 0.910156 0.328125 0.914062 0.332031 0.917969 0.328125 0.925781 0.328125 0.929688 0.324219 0.929688 0.316406 0.925781 0.3125
0 0.199219 0.5 0.195312 0.503906 0.195312 0.507812 0.191406 0.511719 0.191406 0.527344 0.195312 0.53125 0.214844 0.53125 0.214844 0.503906 0.210938 0.5
0 0.476562 0.0507812 0.476562 0.0546875 0.472656 0.0585938 0.472656 0.0625 0.46875 0.0664062 0.464844 0.0664062 0.464844 0.078125 0.476562 0.0898438 0.480469 0.0898438 0.484375 0.09375 0.488281 0.09375 0.492188 0.0898438 0.496094 0.0898438 0.5 0.0859375 0.5 0.0742188 0.503906 0.0703125 0.503906 0.0625 0.492188 0.0507812
0 0.804688 0.242188 0.804688 0.25 0.808594 0.25 0.8125 0.253906 0.8125 0.257812 0.816406 0.261719 0.820312 0.261719 0.824219 0.265625 0.824219 0.269531 0.828125 0.269531 0.832031 0.265625 0.832031 0.25 0.828125 0.25 0.824219 0.246094 0.816406 0.246094 0.8125 0.242188
0 0.921875 0.0507812 0.921875 0.0546875 0.917969 0.0585938 0.917969 0.0820312 0.921875 0.0859375 0.921875 0.0898438 0.925781 0.09375 0.933594 0.09375 0.9375 0.0898438 0.941406 0.0898438 0.945312 0.0859375 0.945312 0.0585938 0.941406 0.0546875 0.9375 0.0546875 0.933594 0.0507812
0 0.429688 0.03125 0.425781 0.0351562 0.425781 0.0429688 0.429688 0.046875 0.4375 0.046875 0.441406 0.0429688 0.441406 0.0351562 0.4375 0.03125
0 0.949219 0.109375 0.949219 0.113281 0.945312 0.117188 0.945312 0.132812 0.953125 0.140625 0.960938 0.140625 0.96875 0.132812 0.96875 0.113281 0.964844 0.109375
0 0.757812 0.78125 0.757812 0.785156 0.753906 0.789062 0.753906 0.804688 0.765625 0.816406 0.769531 0.816406 0.773438 0.820312 0.777344 0.820312 0.78125 0.816406 0.789062 0.816406 0.792969 0.8125 0.792969 0.800781 0.773438 0.78125
0 0.71875 0.0234375 0.714844 0.0273438 0.714844 0.0390625 0.71875 0.0429688 0.730469 0.0429688 0.734375 0.046875 0.734375 0.0507812 0.738281 0.0546875 0.757812 0.0546875 0.761719 0.0507812 0.761719 0.0351562 0.753906 0.0273438 0.746094 0.0273438 0.742188 0.0234375
0 0.148438 0.65625 0.148438 0.683594 0.152344 0.683594 0.15625 0.6875 0.160156 0.6875 0.164062 0.691406 0.175781 0.691406 0.175781 0.683594 0.179688 0.679688 0.179688 0.671875 0.171875 0.664062 0.171875 0.660156 0.167969 0.660156 0.164062 0.65625
0 0.0507812 0.511719 0.046875 0.515625 0.0429688 0.515625 0.03125 0.527344 0.03125 0.539062 0.0390625 0.546875 0.0429688 0.546875 0.046875 0.550781 0.0742188 0.550781 0.0820312 0.542969 0.0820312 0.527344 0.0703125 0.515625 0.0625 0.515625 0.0585938 0.511719
0 0.886719 0.429688 0.878906 0.4375 0.878906 0.457031 0.886719 0.464844 0.898438 0.464844 0.902344 0.460938 0.90625 0.460938 0.910156 0.457031 0.910156 0.453125 0.914062 0.449219 0.914062 0.445312 0.910156 0.441406 0.910156 0.4375 0.902344 0.429688
0 0.882812 0.289062 0.878906 0.292969 0.875 0.292969 0.875 0.3125 0.886719 0.3125 0.894531 0.304688 0.898438 0.304688 0.898438 0.300781 0.902344 0.296875 0.902344 0.292969 0.898438 0.289062
0 0.761719 0 0.765625 0.00390625 0.765625 0.0078125 0.769531 0.00390625 0.777344 0.0117188 0.785156 0.0117188 0.789062 0.0078125 0.789062 0
0 0.546875 0.441406 0.539062 0.449219 0.539062 0.472656 0.550781 0.484375 0.578125 0.484375 0.582031 0.480469 0.582031 0.476562 0.585938 0.472656 0.585938 0.460938 0.582031 0.457031 0.582031 0.453125 0.574219 0.445312 0.570312 0.445312 0.566406 0.441406
0 0.160156 0.371094 0.15625 0.375 0.15625 0.382812 0.160156 0.386719 0.167969 0.386719 0.171875 0.382812 0.171875 0.375 0.167969 0.371094
0 0.742188 0.238281 0.742188 0.242188 0.738281 0.246094 0.738281 0.253906 0.730469 0.261719 0.730469 0.28125 0.730469 0.277344 0.734375 0.273438 0.75 0.273438 0.761719 0.261719 0.765625 0.261719 0.765625 0.246094 0.761719 0.242188 0.761719 0.238281
0 0.890625 0.347656 0.886719 0.351562 0.886719 0.363281 0.890625 0.367188 0.898438 0.367188 0.90625 0.359375 0.90625 0.355469 0.902344 0.351562 0.898438 0.351562 0.894531 0.347656
0 0.4375 0.371094 0.4375 0.398438 0.441406 0.402344 0.441406 0.40625 0.445312 0.410156 0.445312 0.414062 0.449219 0.417969 0.453125 0.417969 0.457031 0.421875 0.46875 0.421875 0.46875 0.402344 0.460938 0.394531 0.460938 0.390625 0.453125 0.382812 0.445312 0.382812 0.4375 0.375
0 0.175781 0.398438 0.171875 0.402344 0.171875 0.417969 0.175781 0.421875 0.183594 0.421875 0.1875 0.425781 0.199219 0.425781 0.199219 0.410156 0.1875 0.398438
0 0.632812 0.269531 0.628906 0.273438 0.628906 0.289062 0.632812 0.292969 0.640625 0.292969 0.640625 0.28125 0.644531 0.277344 0.644531 0.273438 0.640625 0.269531
0 0.957031 0.625 0.953125 0.628906 0.949219 0.628906 0.949219 0.652344 0.953125 0.652344 0.957031 0.648438 0.96875 0.648438 0.972656 0.644531 0.972656 0.640625 0.976562 0.636719 0.964844 0.625
0 0.0703125 0.324219 0.0703125 0.347656 0.078125 0.355469 0.0820312 0.355469 0.0859375 0.351562 0.0898438 0.351562 0.09375 0.347656 0.09375 0.332031 0.0859375 0.324219
0 0.613281 0.808594 0.601562 0.820312 0.601562 0.824219 0.597656 0.828125 0.597656 0.84375 0.601562 0.84375 0.605469 0.847656 0.609375 0.847656 0.613281 0.84375 0.617188 0.84375 0.625 0.835938 0.628906 0.835938 0.628906 0.8125 0.625 0.808594
0 0.652344 0.261719 0.648438 0.265625 0.648438 0.277344 0.644531 0.28125 0.644531 0.296875 0.648438 0.300781 0.675781 0.300781 0.679688 0.296875 0.679688 0.292969 0.683594 0.289062 0.683594 0.273438 0.671875 0.261719
0 0.964844 0.539062 0.960938 0.542969 0.957031 0.542969 0.941406 0.558594 0.941406 0.574219 0.945312 0.578125 0.953125 0.578125 0.957031 0.574219 0.960938 0.574219 0.96875 0.566406 0.972656 0.566406 0.976562 0.5625 0.976562 0.546875 0.972656 0.542969 0.96875 0.542969
0 0.0976562 0.367188 0.09375 0.371094 0.09375 0.378906 0.0976562 0.382812 0.0976562 0.386719 0.109375 0.398438 0.128906 0.398438 0.132812 0.394531 0.132812 0.375 0.128906 0.371094 0.125 0.371094 0.121094 0.367188
0 0.832031 0.425781 0.824219 0.433594 0.824219 0.4375 0.820312 0.441406 0.820312 0.445312 0.835938 0.460938 0.851562 0.460938 0.859375 0.453125 0.859375 0.4375 0.847656 0.425781
0 0.414062 0 0.414062 0.00390625 0.417969 0.0078125 0.433594 0.0078125 0.4375 0.0117188 0.453125 0.0117188 0.457031 0.0078125 0.457031 0
0 0.828125 0.0585938 0.820312 0.0664062 0.820312 0.0898438 0.824219 0.0898438 0.828125 0.09375 0.84375 0.09375 0.847656 0.0898438 0.851562 0.0898438 0.855469 0.0859375 0.855469 0.0703125 0.847656 0.0625 0.84375 0.0625 0.839844 0.0585938
0 0.492188 0.289062 0.488281 0.292969 0.488281 0.296875 0.484375 0.300781 0.484375 0.304688 0.480469 0.308594 0.480469 0.3125 0.476562 0.316406 0.480469 0.320312 0.480469 0.324219 0.492188 0.324219 0.5 0.316406 0.5 0.292969 0.496094 0.289062
0 0.710938 0.476562 0.707031 0.480469 0.703125 0.480469 0.703125 0.484375 0.699219 0.488281 0.699219 0.492188 0.695312 0.496094 0.695312 0.511719 0.707031 0.523438 0.726562 0.523438 0.726562 0.515625 0.730469 0.511719 0.730469 0.503906 0.726562 0.5 0.726562 0.488281 0.722656 0.484375 0.722656 0.480469 0.71875 0.480469 0.714844 0.476562
0 0.558594 0.574219 0.554688 0.578125 0.550781 0.578125 0.550781 0.582031 0.546875 0.585938 0.546875 0.605469 0.550781 0.605469 0.554688 0.609375 0.570312 0.609375 0.574219 0.605469 0.578125 0.605469 0.578125 0.585938 0.570312 0.578125 0.566406 0.578125 0.5625 0.574219
0 0.347656 0.046875 0.34375 0.0507812 0.34375 0.0625 0.339844 0.0664062 0.339844 0.078125 0.34375 0.0820312 0.363281 0.0820312 0.367188 0.078125 0.367188 0.0507812 0.363281 0.046875
0 0.976562 0.652344 0.972656 0.65625 0.972656 0.671875 0.976562 0.675781 0.992188 0.675781 0.996094 0.671875 0.996094 0.65625 0.992188 0.652344
0 0.660156 0.664062 0.648438 0.675781 0.648438 0.679688 0.644531 0.683594 0.644531 0.6875 0.648438 0.691406 0.648438 0.695312 0.660156 0.695312 0.664062 0.691406 0.671875 0.691406 0.679688 0.683594 0.679688 0.671875 0.675781 0.667969 0.675781 0.664062
0 0.789062 0.109375 0.78125 0.117188 0.78125 0.140625 0.785156 0.144531 0.785156 0.148438 0.800781 0.148438 0.804688 0.144531 0.808594 0.144531 0.808594 0.113281 0.804688 0.113281 0.800781 0.109375
0 0.527344 0.1875 0.523438 0.191406 0.519531 0.191406 0.519531 0.222656 0.527344 0.230469 0.535156 0.230469 0.539062 0.226562 0.539062 0.222656 0.542969 0.21875 0.542969 0.195312 0.539062 0.199219 0.535156 0.195312 0.535156 0.191406 0.53125 0.1875
0 0.851562 0.101562 0.847656 0.105469 0.847656 0.128906 0.851562 0.128906 0.855469 0.132812 0.859375 0.128906 0.867188 0.128906 0.871094 0.125 0.871094 0.113281 0.859375 0.101562
0 0.867188 0 0.863281 0.00390625 0.855469 0.00390625 0.851562 0.0078125 0.851562 0.0234375 0.863281 0.0351562 0.882812 0.0351562 0.886719 0.03125 0.890625 0.03125 0.890625 0.015625 0.875 0
0 0.960938 0.214844 0.957031 0.21875 0.953125 0.21875 0.949219 0.222656 0.949219 0.226562 0.945312 0.230469 0.945312 0.238281 0.949219 0.242188 0.949219 0.246094 0.953125 0.25 0.953125 0.253906 0.957031 0.253906 0.960938 0.25 0.964844 0.25 0.96875 0.246094 0.96875 0.242188 0.972656 0.238281 0.972656 0.222656 0.964844 0.214844
0 0.675781 0.371094 0.671875 0.375 0.667969 0.375 0.664062 0.378906 0.664062 0.394531 0.667969 0.398438 0.667969 0.402344 0.671875 0.402344 0.675781 0.398438 0.679688 0.398438 0.683594 0.394531 0.6875 0.394531 0.691406 0.390625 0.695312 0.390625 0.699219 0.386719 0.699219 0.375 0.695312 0.371094
0 0.234375 0.25 0.230469 0.253906 0.230469 0.273438 0.234375 0.277344 0.238281 0.277344 0.242188 0.28125 0.265625 0.28125 0.269531 0.277344 0.269531 0.261719 0.257812 0.25
0 0.992188 0.921875 0.988281 0.925781 0.988281 0.929688 0.984375 0.933594 0.984375 0.957031 0.996094 0.96875 0.996094 0.921875
0 0.519531 0.3125 0.507812 0.324219 0.507812 0.34375 0.511719 0.34375 0.515625 0.347656 0.53125 0.347656 0.535156 0.34375 0.542969 0.34375 0.542969 0.324219 0.539062 0.320312 0.53125 0.320312 0.527344 0.316406 0.527344 0.3125
0 0.4375 0.265625 0.429688 0.273438 0.429688 0.28125 0.425781 0.285156 0.425781 0.296875 0.429688 0.300781 0.449219 0.300781 0.457031 0.292969 0.457031 0.269531 0.453125 0.265625
0 0.0820312 0.410156 0.078125 0.414062 0.078125 0.429688 0.0820312 0.433594 0.0859375 0.433594 0.0898438 0.4375 0.101562 0.4375 0.105469 0.433594 0.105469 0.414062 0.101562 0.414062 0.0976562 0.410156
0 0.683594 0.191406 0.683594 0.195312 0.671875 0.207031 0.671875 0.226562 0.675781 0.230469 0.703125 0.230469 0.710938 0.222656 0.710938 0.203125 0.707031 0.199219 0.707031 0.191406
0 0.875 0.125 0.871094 0.128906 0.871094 0.136719 0.875 0.140625 0.882812 0.140625 0.886719 0.136719 0.886719 0.128906 0.882812 0.125
0 0.65625 0 0.664062 0.0078125 0.6875 0.0078125 0.695312 0
0 0.886719 0.183594 0.875 0.195312 0.871094 0.195312 0.871094 0.199219 0.867188 0.203125 0.867188 0.222656 0.875 0.230469 0.878906 0.230469 0.882812 0.234375 0.882812 0.238281 0.886719 0.242188 0.890625 0.242188 0.894531 0.238281 0.894531 0.230469 0.90625 0.21875 0.90625 0.214844 0.910156 0.210938 0.910156 0.195312 0.914062 0.191406 0.914062 0.1875 0.894531 0.1875 0.890625 0.183594
0 0.605469 0.160156 0.601562 0.164062 0.597656 0.164062 0.59375 0.167969 0.59375 0.171875 0.597656 0.175781 0.597656 0.1875 0.605469 0.1875 0.609375 0.191406 0.613281 0.191406 0.617188 0.1875 0.628906 0.1875 0.632812 0.183594 0.636719 0.183594 0.636719 0.175781 0.640625 0.171875 0.640625 0.167969 0.636719 0.164062 0.632812 0.164062 0.628906 0.160156
0 0.578125 0.0195312 0.574219 0.0234375 0.570312 0.0234375 0.566406 0.0273438 0.566406 0.03125 0.5625 0.0351562 0.5625 0.0429688 0.566406 0.046875 0.566406 0.0585938 0.570312 0.0625 0.59375 0.0625 0.597656 0.0585938 0.597656 0.0351562 0.59375 0.03125 0.59375 0.0273438 0.585938 0.0195312
0 0.402344 0.0273438 0.398438 0.03125 0.398438 0.0351562 0.390625 0.0429688 0.386719 0.0429688 0.382812 0.046875 0.382812 0.0546875 0.386719 0.0585938 0.398438 0.0585938 0.402344 0.0546875 0.414062 0.0546875 0.417969 0.0507812 0.417969 0.03125 0.414062 0.0273438
0 0.585938 0.101562 0.585938 0.105469 0.582031 0.109375 0.582031 0.125 0.59375 0.136719 0.613281 0.136719 0.613281 0.132812 0.617188 0.128906 0.617188 0.125 0.613281 0.121094 0.613281 0.117188 0.605469 0.109375 0.605469 0.105469 0.601562 0.101562
0 0.101562 0 0.0976562 0.00390625 0.09375 0.00390625 0.09375 0.0234375 0.0976562 0.0273438 0.0976562 0.0390625 0.101562 0.0429688 0.101562 0.046875 0.117188 0.046875 0.125 0.0390625 0.125 0.0351562 0.128906 0.03125 0.128906 0.0273438 0.125 0.0234375 0.125 0.0078125 0.128906 0.00390625 0.128906 0
0 0.476562 0.605469 0.464844 0.617188 0.464844 0.644531 0.472656 0.652344 0.484375 0.652344 0.492188 0.644531 0.492188 0.617188 0.488281 0.613281 0.488281 0.609375 0.484375 0.605469
0 0.667969 0.597656 0.664062 0.601562 0.664062 0.617188 0.671875 0.625 0.675781 0.625 0.679688 0.628906 0.683594 0.628906 0.6875 0.632812 0.699219 0.632812 0.699219 0.617188 0.695312 0.613281 0.695312 0.609375 0.691406 0.609375 0.6875 0.605469 0.6875 0.601562 0.683594 0.601562 0.679688 0.597656
0 0.957031 0.363281 0.953125 0.367188 0.949219 0.367188 0.949219 0.394531 0.953125 0.398438 0.960938 0.398438 0.964844 0.402344 0.96875 0.398438 0.972656 0.398438 0.976562 0.394531 0.976562 0.371094 0.972656 0.367188 0.96875 0.367188 0.964844 0.363281
0 0.898438 0.332031 0.894531 0.335938 0.894531 0.34375 0.898438 0.347656 0.902344 0.347656 0.914062 0.359375 0.921875 0.359375 0.925781 0.355469 0.925781 0.34375 0.921875 0.339844 0.917969 0.339844 0.910156 0.332031
0 0.964844 0 0.960938 0.00390625 0.960938 0.0195312 0.964844 0.0234375 0.964844 0.0273438 0.96875 0.0273438 0.972656 0.03125 0.988281 0.03125 0.996094 0.0234375 0.996094 0.00390625 0.992188 0
0 0.859375 0.332031 0.855469 0.335938 0.855469 0.34375 0.863281 0.351562 0.863281 0.359375 0.867188 0.363281 0.875 0.363281 0.878906 0.359375 0.878906 0.339844 0.875 0.335938 0.871094 0.335938 0.867188 0.332031
0 0.980469 0.4375 0.976562 0.441406 0.972656 0.441406 0.96875 0.445312 0.964844 0.445312 0.960938 0.449219 0.960938 0.453125 0.957031 0.457031 0.957031 0.46875 0.964844 0.46875 0.96875 0.472656 0.984375 0.472656 0.988281 0.476562 0.992188 0.476562 0.992188 0.46875 0.996094 0.464844 0.996094 0.441406 0.992188 0.4375
0 0.765625 0.273438 0.757812 0.28125 0.757812 0.292969 0.792969 0.292969 0.792969 0.28125 0.785156 0.273438
