0 0.519531 0.898438 0.515625 0.902344 0.507812 0.902344 0.488281 0.921875 0.488281 0.925781 0.484375 0.929688 0.484375 0.941406 0.496094 0.953125 0.496094 0.957031 0.5 0.960938 0.5 0.964844 0.503906 0.96875 0.503906 0.976562 0.511719 0.984375 0.546875 0.984375 0.550781 0.980469 0.554688 0.980469 0.558594 0.976562 0.5625 0.976562 0.570312 0.96875 0.570312 0.964844 0.574219 0.960938 0.574219 0.949219 0.578125 0.945312 0.578125 0.941406 0.574219 0.9375 0.574219 0.929688 0.570312 0.925781 0.570312 0.921875 0.5625 0.914062 0.558594 0.914062 0.550781 0.90625 0.542969 0.90625 0.539062 0.902344 0.53125 0.902344 0.527344 0.898438
0 0.949219 0.00390625 0.945312 0.0078125 0.9375 0.0078125 0.933594 0.0117188 0.933594 0.0195312 0.9375 0.0234375 0.9375 0.0273438 0.941406 0.03125 0.941406 0.0390625 0.953125 0.0507812 0.96875 0.0507812 0.972656 0.046875 0.980469 0.046875 0.984375 0.0429688 0.988281 0.0429688 0.996094 0.0351562 0.996094 0.0078125 0.992188 0.00390625
0 0.964844 0.816406 0.960938 0.820312 0.953125 0.820312 0.9375 0.835938 0.9375 0.839844 0.933594 0.84375 0.933594 0.867188 0.9375 0.871094 0.9375 0.878906 0.941406 0.882812 0.941406 0.886719 0.953125 0.898438 0.957031 0.898438 0.960938 0.902344 0.996094 0.902344 0.996094 0.816406
0 0.910156 0.59375 0.90625 0.597656 0.902344 0.597656 0.886719 0.613281 0.886719 0.640625 0.890625 0.644531 0.890625 0.648438 0.90625 0.664062 0.914062 0.664062 0.917969 0.667969 0.929688 0.667969 0.933594 0.664062 0.9375 0.664062 0.941406 0.660156 0.945312 0.660156 0.953125 0.652344 0.953125 0.644531 0.957031 0.640625 0.957031 0.628906 0.953125 0.625 0.953125 0.621094 0.949219 0.617188 0.949219 0.613281 0.9375 0.601562 0.933594 0.601562 0.929688 0.597656 0.925781 0.597656 0.921875 0.59375
0 0.578125 0.0664062 0.574219 0.0703125 0.570312 0.0703125 0.558594 0.0820312 0.558594 0.0859375 0.554688 0.0898438 0.554688 0.09375 0.550781 0.0976562 0.550781 0.109375 0.554688 0.113281 0.554688 0.125 0.5625 0.132812 0.5625 0.136719 0.570312 0.144531 0.570312 0.148438 0.582031 0.160156 0.589844 0.160156 0.59375 0.164062 0.597656 0.164062 0.601562 0.160156 0.609375 0.160156 0.613281 0.15625 0.617188 0.15625 0.625 0.148438 0.628906 0.148438 0.640625 0.136719 0.640625 0.132812 0.644531 0.128906 0.644531 0.101562 0.640625 0.0976562 0.640625 0.09375 0.636719 0.0898438 0.636719 0.0859375 0.625 0.0742188 0.621094 0.0742188 0.617188 0.0703125 0.613281 0.0703125 0.609375 0.0664062
0 0.820312 0.0585938 0.816406 0.0625 0.816406 0.117188 0.8125 0.121094 0.8125 0.132812 0.808594 0.136719 0.808594 0.148438 0.816406 0.15625 0.820312 0.15625 0.824219 0.160156 0.832031 0.160156 0.835938 0.164062 0.851562 0.164062 0.855469 0.160156 0.863281 0.160156 0.867188 0.15625 0.871094 0.15625 0.875 0.152344 0.875 0.144531 0.878906 0.140625 0.878906 0.128906 0.882812 0.125 0.882812 0.121094 0.886719 0.117188 0.886719 0.113281 0.890625 0.109375 0.890625 0.09375 0.875 0.078125 0.875 0.0664062 0.867188 0.0585938
0 0.878906 0.246094 0.863281 0.261719 0.863281 0.285156 0.859375 0.289062 0.859375 0.296875 0.855469 0.300781 0.855469 0.308594 0.851562 0.3125 0.851562 0.324219 0.855469 0.328125 0.855469 0.332031 0.875 0.351562 0.878906 0.351562 0.882812 0.355469 0.90625 0.355469 0.910156 0.351562 0.914062 0.351562 0.925781 0.339844 0.925781 0.335938 0.929688 0.332031 0.929688 0.324219 0.933594 0.320312 0.933594 0.300781 0.9375 0.296875 0.9375 0.277344 0.933594 0.273438 0.933594 0.269531 0.929688 0.265625 0.929688 0.261719 0.921875 0.253906 0.917969 0.253906 0.914062 0.25 0.910156 0.25 0.90625 0.246094
0 0.136719 0.167969 0.132812 0.171875 0.125 0.171875 0.121094 0.175781 0.117188 0.175781 0.105469 0.1875 0.105469 0.191406 0.101562 0.195312 0.101562 0.222656 0.117188 0.238281 0.125 0.238281 0.128906 0.242188 0.144531 0.242188 0.148438 0.238281 0.160156 0.238281 0.164062 0.234375 0.167969 0.234375 0.179688 0.222656 0.179688 0.21875 0.183594 0.214844 0.183594 0.203125 0.1875 0.199219 0.1875 0.195312 0.183594 0.191406 0.183594 0.183594 0.179688 0.179688 0.179688 0.175781 0.175781 0.171875 0.171875 0.171875 0.167969 0.167969
0 0.777344 0.226562 0.773438 0.230469 0.769531 0.230469 0.753906 0.246094 0.753906 0.25 0.75 0.253906 0.75 0.257812 0.746094 0.261719 0.746094 0.28125 0.75 0.285156 0.75 0.289062 0.753906 0.292969 0.753906 0.296875 0.761719 0.304688 0.765625 0.304688 0.769531 0.308594 0.773438 0.308594 0.777344 0.3125 0.800781 0.3125 0.804688 0.308594 0.816406 0.308594 0.820312 0.304688 0.824219 0.304688 0.832031 0.296875 0.832031 0.289062 0.835938 0.285156 0.835938 0.28125 0.839844 0.277344 0.839844 0.25 0.835938 0.246094 0.835938 0.242188 0.832031 0.238281 0.828125 0.238281 0.824219 0.234375 0.820312 0.234375 0.816406 0.230469 0.8125 0.230469 0.808594 0.226562
0 0.628906 0.367188 0.617188 0.378906 0.617188 0.40625 0.621094 0.410156 0.621094 0.433594 0.636719 0.449219 0.640625 0.449219 0.644531 0.453125 0.648438 0.453125 0.652344 0.457031 0.667969 0.457031 0.671875 0.453125 0.675781 0.453125 0.679688 0.449219 0.683594 0.449219 0.691406 0.441406 0.695312 0.441406 0.710938 0.425781 0.710938 0.414062 0.679688 0.382812 0.675781 0.382812 0.667969 0.375 0.664062 0.375 0.660156 0.371094 0.65625 0.371094 0.652344 0.367188
0 0.0195312 0.519531 0.015625 0.523438 0.0117188 0.523438 0 0.535156 0 0.5625 0.0195312 0.582031 0.0273438 0.582031 0.03125 0.585938 0.0390625 0.585938 0.0429688 0.582031 0.0507812 0.582031 0.0625 0.570312 0.0625 0.566406 0.0664062 0.5625 0.0664062 0.539062 0.0625 0.535156 0.0625 0.53125 0.0546875 0.523438 0.0507812 0.523438 0.046875 0.519531
0 0.996094 0.289062 0.992188 0.292969 0.992188 0.296875 0.984375 0.304688 0.984375 0.324219 0.988281 0.328125 0.988281 0.332031 0.992188 0.335938 0.992188 0.339844 0.996094 0.34375
0 0.652344 0.96875 0.648438 0.972656 0.636719 0.972656 0.621094 0.988281 0.621094 0.996094 0.714844 0.996094 0.714844 0.992188 0.710938 0.988281 0.707031 0.988281 0.703125 0.984375 0.699219 0.984375 0.695312 0.980469 0.691406 0.980469 0.6875 0.976562 0.683594 0.976562 0.679688 0.972656 0.667969 0.972656 0.664062 0.96875
0 0.871094 0.375 0.859375 0.386719 0.859375 0.390625 0.855469 0.394531 0.855469 0.398438 0.851562 0.402344 0.851562 0.421875 0.847656 0.425781 0.847656 0.429688 0.851562 0.433594 0.851562 0.441406 0.855469 0.445312 0.855469 0.449219 0.867188 0.460938 0.871094 0.460938 0.875 0.464844 0.878906 0.464844 0.882812 0.46875 0.910156 0.46875 0.914062 0.464844 0.917969 0.464844 0.941406 0.441406 0.941406 0.4375 0.945312 0.433594 0.945312 0.410156 0.941406 0.40625 0.941406 0.402344 0.9375 0.398438 0.9375 0.394531 0.925781 0.382812 0.921875 0.382812 0.917969 0.378906 0.90625 0.378906 0.902344 0.375
0 0.121094 0.832031 0.117188 0.835938 0.105469 0.835938 0.0898438 0.851562 0.0898438 0.855469 0.0859375 0.859375 0.0859375 0.882812 0.0898438 0.886719 0.0898438 0.890625 0.0976562 0.898438 0.0976562 0.902344 0.109375 0.914062 0.113281 0.914062 0.117188 0.917969 0.144531 0.917969 0.148438 0.914062 0.152344 0.914062 0.15625 0.910156 0.160156 0.910156 0.171875 0.898438 0.171875 0.894531 0.175781 0.890625 0.175781 0.863281 0.171875 0.859375 0.171875 0.855469 0.152344 0.835938 0.144531 0.835938 0.140625 0.832031
0 0.644531 0.207031 0.640625 0.210938 0.636719 0.210938 0.632812 0.214844 0.628906 0.214844 0.617188 0.226562 0.617188 0.230469 0.613281 0.234375 0.613281 0.261719 0.617188 0.265625 0.617188 0.273438 0.636719 0.292969 0.644531 0.292969 0.648438 0.296875 0.675781 0.296875 0.679688 0.292969 0.683594 0.292969 0.6875 0.289062 0.691406 0.289062 0.707031 0.273438 0.707031 0.261719 0.710938 0.257812 0.710938 0.253906 0.707031 0.25 0.707031 0.242188 0.703125 0.238281 0.703125 0.234375 0.699219 0.230469 0.699219 0.226562 0.683594 0.210938 0.679688 0.210938 0.675781 0.207031
0 0.773438 0 0.773438 0.00390625 0.777344 0.0078125 0.777344 0.0117188 0.792969 0.0273438 0.796875 0.0273438 0.800781 0.03125 0.808594 0.03125 0.8125 0.0351562 0.824219 0.0351562 0.832031 0.0273438 0.839844 0.0273438 0.84375 0.03125 0.863281 0.03125 0.871094 0.0234375 0.878906 0.0234375 0.886719 0.015625 0.886719 0.0117188 0.890625 0.0078125 0.890625 0
0 0 0.914062 0 0.976562 0.00390625 0.976562 0.0078125 0.972656 0.0117188 0.972656 0.015625 0.96875 0.015625 0.964844 0.0195312 0.960938 0.0195312 0.953125 0.0234375 0.949219 0.0234375 0.941406 0.0195312 0.9375 0.0195312 0.929688 0.00390625 0.914062
0 0.285156 0.839844 0.28125 0.84375 0.277344 0.84375 0.273438 0.847656 0.273438 0.851562 0.269531 0.855469 0.269531 0.875 0.273438 0.878906 0.273438 0.882812 0.277344 0.886719 0.277344 0.890625 0.28125 0.894531 0.285156 0.894531 0.289062 0.898438 0.292969 0.898438 0.296875 0.902344 0.320312 0.902344 0.335938 0.886719 0.335938 0.878906 0.339844 0.875 0.339844 0.863281 0.335938 0.859375 0.335938 0.851562 0.328125 0.84375 0.324219 0.84375 0.320312 0.839844
0 0.984375 0.675781 0.980469 0.679688 0.972656 0.679688 0.964844 0.6875 0.964844 0.691406 0.960938 0.695312 0.960938 0.726562 0.964844 0.730469 0.964844 0.734375 0.980469 0.75 0.996094 0.75 0.996094 0.675781
0 0.851562 0.9375 0.847656 0.941406 0.84375 0.941406 0.832031 0.953125 0.832031 0.960938 0.828125 0.964844 0.828125 0.96875 0.824219 0.972656 0.824219 0.976562 0.820312 0.980469 0.820312 0.984375 0.816406 0.988281 0.816406 0.996094 0.898438 0.996094 0.898438 0.957031 0.894531 0.953125 0.894531 0.949219 0.886719 0.941406 0.882812 0.941406 0.878906 0.9375
0 0.699219 0.675781 0.695312 0.679688 0.6875 0.679688 0.671875 0.695312 0.671875 0.703125 0.667969 0.707031 0.667969 0.710938 0.671875 0.714844 0.671875 0.722656 0.679688 0.730469 0.683594 0.730469 0.6875 0.734375 0.710938 0.734375 0.726562 0.71875 0.726562 0.710938 0.730469 0.707031 0.730469 0.699219 0.726562 0.695312 0.726562 0.691406 0.714844 0.679688 0.710938 0.679688 0.707031 0.675781
0 0.691406 0.515625 0.6875 0.519531 0.683594 0.519531 0.679688 0.523438 0.675781 0.523438 0.667969 0.53125 0.667969 0.539062 0.664062 0.542969 0.664062 0.546875 0.667969 0.550781 0.667969 0.558594 0.675781 0.566406 0.679688 0.566406 0.683594 0.570312 0.703125 0.570312 0.707031 0.566406 0.710938 0.566406 0.730469 0.546875 0.730469 0.53125 0.71875 0.519531 0.714844 0.519531 0.710938 0.515625
0 0.945312 0.960938 0.941406 0.964844 0.9375 0.964844 0.929688 0.972656 0.925781 0.972656 0.914062 0.984375 0.914062 0.988281 0.910156 0.992188 0.910156 0.996094 0.996094 0.996094 0.996094 0.972656 0.988281 0.964844 0.980469 0.964844 0.976562 0.960938
0 0.734375 0.0507812 0.730469 0.0546875 0.726562 0.0546875 0.707031 0.0742188 0.707031 0.078125 0.703125 0.0820312 0.703125 0.0976562 0.707031 0.101562 0.707031 0.113281 0.703125 0.117188 0.703125 0.148438 0.714844 0.160156 0.722656 0.160156 0.726562 0.164062 0.738281 0.164062 0.742188 0.160156 0.757812 0.160156 0.761719 0.15625 0.769531 0.15625 0.78125 0.144531 0.78125 0.140625 0.785156 0.136719 0.785156 0.128906 0.789062 0.125 0.789062 0.113281 0.792969 0.109375 0.792969 0.0820312 0.789062 0.078125 0.789062 0.0742188 0.769531 0.0546875 0.765625 0.0546875 0.761719 0.0507812
0 0.851562 0.835938 0.847656 0.839844 0.839844 0.839844 0.828125 0.851562 0.828125 0.867188 0.84375 0.882812 0.847656 0.882812 0.851562 0.886719 0.875 0.886719 0.882812 0.878906 0.882812 0.871094 0.886719 0.867188 0.886719 0.863281 0.882812 0.859375 0.882812 0.855469 0.878906 0.851562 0.878906 0.847656 0.875 0.84375 0.871094 0.84375 0.867188 0.839844 0.863281 0.839844 0.859375 0.835938
0 0.335938 0.015625 0.328125 0.0234375 0.328125 0.0273438 0.324219 0.03125 0.324219 0.0546875 0.335938 0.0664062 0.359375 0.0664062 0.363281 0.0625 0.367188 0.0625 0.371094 0.0585938 0.371094 0.0546875 0.378906 0.046875 0.378906 0.0351562 0.359375 0.015625
0 0.230469 0.96875 0.226562 0.972656 0.21875 0.972656 0.207031 0.984375 0.207031 0.996094 0.277344 0.996094 0.277344 0.988281 0.273438 0.984375 0.269531 0.984375 0.261719 0.976562 0.257812 0.976562 0.253906 0.972656 0.242188 0.972656 0.238281 0.96875
0 0.429688 0.945312 0.425781 0.949219 0.417969 0.949219 0.414062 0.953125 0.410156 0.953125 0.402344 0.960938 0.402344 0.964844 0.398438 0.96875 0.398438 0.972656 0.394531 0.976562 0.394531 0.996094 0.480469 0.996094 0.480469 0.980469 0.476562 0.976562 0.476562 0.972656 0.472656 0.96875 0.472656 0.964844 0.457031 0.949219 0.449219 0.949219 0.445312 0.945312
0 0.359375 0 0.363281 0 0.367188 0.00390625 0.371094 0.00390625 0.375 0.0078125 0.378906 0.0078125 0.382812 0.0117188 0.402344 0.0117188 0.414062 0
0 0.980469 0.109375 0.96875 0.121094 0.933594 0.121094 0.925781 0.128906 0.925781 0.132812 0.921875 0.136719 0.921875 0.167969 0.925781 0.171875 0.925781 0.183594 0.929688 0.1875 0.929688 0.199219 0.953125 0.222656 0.992188 0.222656 0.996094 0.21875 0.996094 0.109375
0 0.167969 0 0.175781 0.0078125 0.179688 0.0078125 0.183594 0.0117188 0.1875 0.0117188 0.191406 0.015625 0.214844 0.015625 0.21875 0.0195312 0.238281 0.0195312 0.242188 0.015625 0.246094 0.015625 0.25 0.0117188 0.25 0.0078125 0.253906 0.00390625 0.253906 0
