0 0.914062 0.363281 0.902344 0.375 0.902344 0.378906 0.898438 0.382812 0.898438 0.390625 0.890625 0.398438 0.890625 0.425781 0.894531 0.425781 0.898438 0.429688 0.902344 0.429688 0.90625 0.433594 0.945312 0.433594 0.949219 0.429688 0.949219 0.425781 0.953125 0.421875 0.953125 0.375 0.949219 0.371094 0.949219 0.367188 0.945312 0.363281
0 0.179688 0.359375 0.171875 0.367188 0.171875 0.394531 0.179688 0.402344 0.183594 0.402344 0.1875 0.40625 0.230469 0.40625 0.234375 0.402344 0.234375 0.378906 0.222656 0.367188 0.21875 0.367188 0.210938 0.359375
0 0.476562 0.148438 0.472656 0.152344 0.460938 0.152344 0.460938 0.175781 0.464844 0.175781 0.472656 0.183594 0.472656 0.191406 0.480469 0.199219 0.488281 0.199219 0.492188 0.203125 0.511719 0.203125 0.515625 0.199219 0.523438 0.199219 0.527344 0.195312 0.53125 0.195312 0.53125 0.191406 0.535156 0.1875 0.535156 0.167969 0.519531 0.152344 0.515625 0.152344 0.511719 0.148438
0 0.648438 0.308594 0.640625 0.316406 0.636719 0.316406 0.632812 0.320312 0.628906 0.320312 0.621094 0.328125 0.621094 0.332031 0.625 0.335938 0.625 0.34375 0.628906 0.347656 0.644531 0.347656 0.648438 0.351562 0.660156 0.351562 0.664062 0.355469 0.675781 0.355469 0.679688 0.359375 0.691406 0.359375 0.695312 0.355469 0.695312 0.351562 0.703125 0.34375 0.703125 0.332031 0.699219 0.332031 0.695312 0.328125 0.679688 0.328125 0.675781 0.332031 0.664062 0.332031 0.65625 0.324219 0.65625 0.3125 0.652344 0.3125
0 0.949219 0.980469 0.945312 0.984375 0.945312 0.988281 0.941406 0.992188 0.941406 0.996094 0.988281 0.996094 0.984375 0.992188 0.984375 0.984375 0.980469 0.980469
0 0.742188 0.527344 0.734375 0.535156 0.734375 0.539062 0.730469 0.542969 0.730469 0.550781 0.726562 0.554688 0.726562 0.585938 0.730469 0.589844 0.746094 0.589844 0.753906 0.582031 0.761719 0.582031 0.773438 0.570312 0.773438 0.566406 0.777344 0.5625 0.777344 0.53125 0.773438 0.527344
0 0.394531 0.601562 0.390625 0.605469 0.386719 0.605469 0.382812 0.609375 0.375 0.609375 0.367188 0.617188 0.363281 0.617188 0.359375 0.621094 0.355469 0.621094 0.355469 0.625 0.347656 0.632812 0.347656 0.644531 0.34375 0.648438 0.34375 0.679688 0.347656 0.683594 0.363281 0.683594 0.367188 0.679688 0.375 0.679688 0.378906 0.675781 0.386719 0.675781 0.410156 0.652344 0.414062 0.652344 0.414062 0.648438 0.417969 0.644531 0.417969 0.640625 0.421875 0.636719 0.421875 0.605469 0.417969 0.601562
0 0.347656 0.800781 0.34375 0.804688 0.339844 0.804688 0.324219 0.820312 0.324219 0.824219 0.320312 0.828125 0.320312 0.859375 0.324219 0.859375 0.328125 0.863281 0.34375 0.863281 0.367188 0.839844 0.367188 0.835938 0.371094 0.832031 0.371094 0.808594 0.363281 0.800781
0 0.726562 0.128906 0.726562 0.132812 0.722656 0.136719 0.722656 0.15625 0.726562 0.160156 0.726562 0.164062 0.730469 0.167969 0.730469 0.171875 0.746094 0.1875 0.757812 0.1875 0.761719 0.191406 0.769531 0.191406 0.773438 0.1875 0.777344 0.1875 0.78125 0.183594 0.78125 0.15625 0.777344 0.152344 0.777344 0.148438 0.761719 0.132812 0.757812 0.132812 0.753906 0.128906
0 0.664062 0.300781 0.660156 0.304688 0.660156 0.324219 0.664062 0.328125 0.675781 0.328125 0.679688 0.324219 0.679688 0.308594 0.671875 0.300781
0 0.691406 0.789062 0.6875 0.792969 0.683594 0.792969 0.683594 0.816406 0.691406 0.824219 0.691406 0.828125 0.703125 0.839844 0.710938 0.839844 0.714844 0.835938 0.734375 0.835938 0.734375 0.832031 0.738281 0.828125 0.738281 0.816406 0.734375 0.8125 0.734375 0.800781 0.730469 0.800781 0.722656 0.792969 0.71875 0.792969 0.714844 0.789062
0 0.269531 0.0898438 0.265625 0.09375 0.261719 0.09375 0.257812 0.0976562 0.25 0.0976562 0.242188 0.105469 0.242188 0.140625 0.246094 0.140625 0.253906 0.148438 0.289062 0.148438 0.292969 0.144531 0.304688 0.144531 0.308594 0.140625 0.3125 0.140625 0.316406 0.136719 0.320312 0.136719 0.320312 0.132812 0.324219 0.128906 0.324219 0.101562 0.320312 0.0976562 0.316406 0.0976562 0.3125 0.09375 0.285156 0.09375 0.28125 0.0898438
