0 0.503906 0.34375 0.5 0.347656 0.492188 0.347656 0.488281 0.351562 0.484375 0.351562 0.480469 0.355469 0.480469 0.359375 0.476562 0.363281 0.476562 0.371094 0.484375 0.378906 0.488281 0.378906 0.492188 0.382812 0.496094 0.382812 0.5 0.378906 0.507812 0.378906 0.511719 0.375 0.515625 0.375 0.523438 0.367188 0.523438 0.363281 0.527344 0.359375 0.527344 0.351562 0.523438 0.347656 0.519531 0.347656 0.515625 0.34375
0 0.46875 0.222656 0.464844 0.226562 0.457031 0.226562 0.453125 0.230469 0.453125 0.234375 0.445312 0.242188 0.445312 0.25 0.441406 0.253906 0.441406 0.261719 0.445312 0.265625 0.464844 0.265625 0.476562 0.253906 0.476562 0.226562 0.472656 0.222656
0 0.164062 0.304688 0.160156 0.308594 0.15625 0.308594 0.152344 0.3125 0.152344 0.316406 0.148438 0.320312 0.148438 0.324219 0.144531 0.328125 0.144531 0.351562 0.152344 0.359375 0.164062 0.359375 0.167969 0.355469 0.171875 0.355469 0.179688 0.347656 0.179688 0.34375 0.183594 0.339844 0.183594 0.308594 0.179688 0.304688
0 0.90625 0.949219 0.902344 0.953125 0.898438 0.953125 0.878906 0.972656 0.878906 0.976562 0.875 0.980469 0.875 0.996094 0.90625 0.996094 0.910156 0.992188 0.910156 0.988281 0.914062 0.984375 0.914062 0.976562 0.917969 0.972656 0.917969 0.953125 0.914062 0.949219
0 0.804688 0.421875 0.789062 0.4375 0.789062 0.449219 0.796875 0.457031 0.816406 0.457031 0.820312 0.453125 0.824219 0.453125 0.828125 0.449219 0.828125 0.445312 0.832031 0.441406 0.832031 0.429688 0.824219 0.421875
0 0.605469 0.132812 0.59375 0.144531 0.59375 0.167969 0.597656 0.171875 0.605469 0.171875 0.609375 0.167969 0.617188 0.167969 0.632812 0.152344 0.632812 0.136719 0.628906 0.132812
0 0.210938 0.578125 0.207031 0.582031 0.203125 0.582031 0.199219 0.585938 0.199219 0.589844 0.191406 0.597656 0.191406 0.605469 0.1875 0.609375 0.1875 0.617188 0.183594 0.621094 0.183594 0.640625 0.1875 0.644531 0.1875 0.648438 0.195312 0.65625 0.203125 0.65625 0.210938 0.664062 0.226562 0.648438 0.226562 0.644531 0.242188 0.628906 0.242188 0.597656 0.238281 0.59375 0.238281 0.589844 0.230469 0.582031 0.21875 0.582031 0.214844 0.578125
0 0.445312 0.183594 0.429688 0.199219 0.425781 0.199219 0.414062 0.210938 0.414062 0.214844 0.410156 0.21875 0.410156 0.242188 0.417969 0.25 0.433594 0.25 0.449219 0.234375 0.449219 0.230469 0.457031 0.222656 0.457031 0.21875 0.460938 0.214844 0.460938 0.207031 0.464844 0.203125 0.464844 0.195312 0.453125 0.183594
0 0.945312 0.5 0.941406 0.503906 0.9375 0.503906 0.933594 0.507812 0.929688 0.507812 0.925781 0.511719 0.925781 0.523438 0.9375 0.535156 0.957031 0.535156 0.960938 0.53125 0.964844 0.53125 0.976562 0.519531 0.976562 0.503906 0.972656 0.5
0 0.609375 0.171875 0.605469 0.175781 0.597656 0.175781 0.589844 0.183594 0.589844 0.199219 0.597656 0.207031 0.609375 0.207031 0.617188 0.199219 0.621094 0.199219 0.628906 0.191406 0.628906 0.175781 0.625 0.171875
0 0.214844 0.519531 0.207031 0.527344 0.207031 0.539062 0.210938 0.542969 0.222656 0.542969 0.230469 0.535156 0.230469 0.523438 0.226562 0.519531
0 0.847656 0.296875 0.84375 0.300781 0.835938 0.300781 0.832031 0.304688 0.828125 0.304688 0.824219 0.308594 0.820312 0.308594 0.816406 0.3125 0.816406 0.328125 0.824219 0.335938 0.847656 0.335938 0.851562 0.332031 0.855469 0.332031 0.859375 0.328125 0.863281 0.328125 0.871094 0.320312 0.871094 0.304688 0.867188 0.300781 0.863281 0.300781 0.859375 0.296875
0 0.996094 0.1875 0.992188 0.191406 0.984375 0.191406 0.980469 0.195312 0.976562 0.195312 0.960938 0.210938 0.960938 0.214844 0.957031 0.21875 0.957031 0.234375 0.960938 0.238281 0.960938 0.246094 0.964844 0.25 0.96875 0.25 0.972656 0.246094 0.980469 0.246094 0.984375 0.242188 0.988281 0.242188 0.996094 0.234375
0 0.597656 0.667969 0.597656 0.679688 0.601562 0.683594 0.613281 0.683594 0.617188 0.679688 0.617188 0.671875 0.613281 0.667969
0 0.628906 0.480469 0.625 0.484375 0.621094 0.484375 0.613281 0.492188 0.613281 0.5 0.625 0.511719 0.632812 0.511719 0.636719 0.515625 0.660156 0.515625 0.664062 0.511719 0.667969 0.511719 0.679688 0.5 0.679688 0.488281 0.671875 0.480469
0 0.625 0.0429688 0.621094 0.046875 0.617188 0.046875 0.601562 0.0625 0.601562 0.0664062 0.597656 0.0703125 0.597656 0.078125 0.609375 0.0898438 0.621094 0.0898438 0.648438 0.0625 0.648438 0.046875 0.644531 0.0429688
0 0.320312 0.976562 0.308594 0.988281 0.308594 0.992188 0.304688 0.996094 0.339844 0.996094 0.339844 0.984375 0.335938 0.980469 0.332031 0.980469 0.328125 0.976562
0 0.414062 0.15625 0.410156 0.160156 0.40625 0.160156 0.378906 0.1875 0.378906 0.207031 0.390625 0.21875 0.398438 0.21875 0.40625 0.210938 0.410156 0.210938 0.425781 0.195312 0.425781 0.191406 0.429688 0.1875 0.429688 0.183594 0.433594 0.179688 0.433594 0.171875 0.429688 0.167969 0.429688 0.164062 0.425781 0.160156 0.421875 0.160156 0.417969 0.15625
0 0.796875 0.222656 0.792969 0.226562 0.789062 0.226562 0.773438 0.242188 0.773438 0.246094 0.765625 0.253906 0.765625 0.269531 0.773438 0.277344 0.792969 0.277344 0.796875 0.273438 0.800781 0.273438 0.8125 0.261719 0.816406 0.261719 0.816406 0.257812 0.820312 0.253906 0.820312 0.234375 0.808594 0.222656
0 0.800781 0.789062 0.792969 0.796875 0.792969 0.808594 0.796875 0.8125 0.796875 0.816406 0.800781 0.820312 0.800781 0.824219 0.8125 0.835938 0.820312 0.835938 0.824219 0.832031 0.824219 0.828125 0.828125 0.824219 0.828125 0.8125 0.824219 0.808594 0.824219 0.804688 0.8125 0.792969 0.808594 0.792969 0.804688 0.789062
0 0.136719 0.253906 0.132812 0.257812 0.128906 0.257812 0.113281 0.273438 0.113281 0.292969 0.121094 0.300781 0.132812 0.300781 0.136719 0.296875 0.140625 0.296875 0.152344 0.285156 0.152344 0.28125 0.15625 0.277344 0.15625 0.261719 0.148438 0.253906
0 0.757812 0.585938 0.753906 0.589844 0.75 0.589844 0.742188 0.597656 0.742188 0.605469 0.75 0.613281 0.769531 0.613281 0.773438 0.617188 0.777344 0.617188 0.78125 0.613281 0.789062 0.613281 0.796875 0.605469 0.796875 0.589844 0.792969 0.585938
0 0.269531 0.0585938 0.265625 0.0625 0.257812 0.0625 0.253906 0.0664062 0.25 0.0664062 0.234375 0.0820312 0.238281 0.0859375 0.238281 0.09375 0.246094 0.101562 0.273438 0.101562 0.277344 0.0976562 0.285156 0.0976562 0.292969 0.0898438 0.292969 0.0664062 0.285156 0.0585938
0 0.0976562 0.871094 0.0898438 0.878906 0.0898438 0.890625 0.101562 0.902344 0.109375 0.902344 0.113281 0.90625 0.128906 0.90625 0.140625 0.894531 0.140625 0.890625 0.136719 0.886719 0.136719 0.882812 0.125 0.871094
0 0.847656 0.894531 0.832031 0.910156 0.832031 0.929688 0.835938 0.933594 0.84375 0.933594 0.847656 0.9375 0.871094 0.9375 0.878906 0.929688 0.878906 0.90625 0.871094 0.898438 0.867188 0.898438 0.863281 0.894531
0 0.761719 0.199219 0.757812 0.203125 0.753906 0.203125 0.75 0.207031 0.746094 0.207031 0.742188 0.210938 0.738281 0.210938 0.730469 0.21875 0.730469 0.222656 0.71875 0.234375 0.71875 0.25 0.726562 0.257812 0.730469 0.257812 0.734375 0.261719 0.75 0.261719 0.753906 0.257812 0.757812 0.257812 0.769531 0.246094 0.769531 0.242188 0.785156 0.226562 0.785156 0.207031 0.777344 0.199219
0 0.0664062 0.5 0.0429688 0.523438 0.0429688 0.527344 0.0390625 0.53125 0.0390625 0.546875 0.0507812 0.558594 0.0625 0.558594 0.0664062 0.554688 0.0703125 0.554688 0.078125 0.546875 0.0859375 0.546875 0.0898438 0.542969 0.0898438 0.535156 0.09375 0.53125 0.09375 0.511719 0.0820312 0.5
0 0.683594 0.878906 0.679688 0.882812 0.671875 0.882812 0.667969 0.886719 0.664062 0.886719 0.652344 0.898438 0.652344 0.910156 0.660156 0.917969 0.664062 0.917969 0.667969 0.921875 0.671875 0.921875 0.6875 0.90625 0.691406 0.90625 0.699219 0.898438 0.695312 0.894531 0.695312 0.882812 0.691406 0.878906
0 0.535156 0.273438 0.523438 0.285156 0.523438 0.289062 0.519531 0.292969 0.519531 0.308594 0.523438 0.3125 0.542969 0.3125 0.554688 0.300781 0.554688 0.296875 0.558594 0.292969 0.558594 0.277344 0.554688 0.273438
0 0.539062 0.460938 0.53125 0.46875 0.53125 0.484375 0.542969 0.496094 0.554688 0.496094 0.558594 0.5 0.5625 0.5 0.566406 0.496094 0.570312 0.496094 0.578125 0.488281 0.578125 0.46875 0.574219 0.464844 0.570312 0.464844 0.566406 0.460938
0 0.015625 0.316406 0 0.332031 0 0.371094 0.00390625 0.371094 0.0078125 0.375 0.0195312 0.375 0.03125 0.363281 0.03125 0.359375 0.0351562 0.355469 0.0351562 0.347656 0.0390625 0.34375 0.0390625 0.328125 0.0273438 0.316406
0 0.347656 0.917969 0.34375 0.921875 0.339844 0.921875 0.324219 0.9375 0.324219 0.941406 0.320312 0.945312 0.320312 0.964844 0.324219 0.96875 0.324219 0.972656 0.328125 0.972656 0.332031 0.976562 0.335938 0.976562 0.339844 0.980469 0.34375 0.980469 0.347656 0.976562 0.351562 0.976562 0.367188 0.960938 0.367188 0.953125 0.371094 0.949219 0.371094 0.9375 0.367188 0.933594 0.367188 0.929688 0.359375 0.921875 0.355469 0.921875 0.351562 0.917969
0 0.496094 0.6875 0.492188 0.691406 0.488281 0.691406 0.476562 0.703125 0.476562 0.714844 0.484375 0.722656 0.507812 0.722656 0.515625 0.714844 0.519531 0.714844 0.523438 0.710938 0.523438 0.707031 0.527344 0.703125 0.527344 0.691406 0.523438 0.6875
0 0 0.632812 0 0.671875 0.00390625 0.671875 0.015625 0.660156 0.015625 0.636719 0.0117188 0.632812
0 0.550781 0.0234375 0.546875 0.0273438 0.539062 0.0273438 0.535156 0.03125 0.527344 0.03125 0.519531 0.0390625 0.515625 0.0390625 0.511719 0.0429688 0.511719 0.046875 0.507812 0.0507812 0.507812 0.0585938 0.515625 0.0664062 0.53125 0.0664062 0.535156 0.0625 0.546875 0.0625 0.550781 0.0585938 0.554688 0.0585938 0.570312 0.0429688 0.570312 0.03125 0.5625 0.0234375
0 0.902344 0.46875 0.898438 0.472656 0.890625 0.472656 0.878906 0.484375 0.878906 0.5 0.886719 0.507812 0.902344 0.507812 0.90625 0.503906 0.917969 0.503906 0.925781 0.496094 0.929688 0.496094 0.933594 0.492188 0.933594 0.476562 0.925781 0.46875
0 0.0585938 0.824219 0.0546875 0.828125 0.0507812 0.828125 0.0390625 0.839844 0.0390625 0.84375 0.0351562 0.847656 0.0351562 0.855469 0.046875 0.867188 0.0585938 0.867188 0.0625 0.863281 0.0664062 0.863281 0.078125 0.851562 0.078125 0.832031 0.0703125 0.824219
0 0.773438 0.417969 0.769531 0.421875 0.765625 0.421875 0.761719 0.425781 0.757812 0.425781 0.753906 0.429688 0.753906 0.433594 0.746094 0.441406 0.746094 0.445312 0.753906 0.453125 0.757812 0.453125 0.761719 0.457031 0.769531 0.457031 0.773438 0.453125 0.777344 0.453125 0.785156 0.445312 0.785156 0.4375 0.792969 0.429688 0.78125 0.417969
0 0.503906 0.957031 0.5 0.960938 0.5 0.964844 0.492188 0.972656 0.492188 0.992188 0.496094 0.996094 0.519531 0.996094 0.519531 0.992188 0.527344 0.984375 0.527344 0.960938 0.523438 0.957031
0 0.59375 0.332031 0.578125 0.347656 0.578125 0.359375 0.582031 0.363281 0.585938 0.363281 0.589844 0.367188 0.613281 0.367188 0.617188 0.363281 0.621094 0.363281 0.625 0.359375 0.625 0.34375 0.617188 0.335938 0.613281 0.335938 0.609375 0.332031
0 0.585938 0.734375 0.582031 0.738281 0.578125 0.738281 0.574219 0.742188 0.574219 0.757812 0.585938 0.769531 0.59375 0.769531 0.597656 0.765625 0.625 0.765625 0.628906 0.761719 0.632812 0.761719 0.636719 0.757812 0.636719 0.742188 0.632812 0.738281 0.628906 0.738281 0.625 0.734375
0 0.597656 0.769531 0.589844 0.777344 0.589844 0.804688 0.59375 0.808594 0.613281 0.808594 0.617188 0.804688 0.625 0.804688 0.628906 0.800781 0.628906 0.773438 0.625 0.769531
0 0.179688 0.65625 0.175781 0.660156 0.167969 0.660156 0.152344 0.675781 0.152344 0.695312 0.15625 0.699219 0.15625 0.703125 0.160156 0.707031 0.160156 0.710938 0.164062 0.714844 0.164062 0.71875 0.171875 0.726562 0.171875 0.730469 0.175781 0.734375 0.179688 0.734375 0.183594 0.738281 0.1875 0.738281 0.191406 0.742188 0.21875 0.742188 0.226562 0.734375 0.226562 0.726562 0.230469 0.722656 0.230469 0.707031 0.226562 0.703125 0.226562 0.691406 0.222656 0.6875 0.222656 0.679688 0.203125 0.660156 0.195312 0.660156 0.191406 0.65625
0 0.851562 0.613281 0.847656 0.617188 0.84375 0.617188 0.820312 0.640625 0.820312 0.644531 0.808594 0.65625 0.808594 0.660156 0.804688 0.664062 0.804688 0.679688 0.808594 0.683594 0.808594 0.6875 0.816406 0.695312 0.820312 0.695312 0.824219 0.699219 0.851562 0.699219 0.855469 0.695312 0.859375 0.695312 0.863281 0.691406 0.867188 0.691406 0.875 0.683594 0.875 0.679688 0.878906 0.675781 0.878906 0.671875 0.882812 0.667969 0.882812 0.65625 0.878906 0.652344 0.878906 0.636719 0.875 0.632812 0.875 0.628906 0.871094 0.625 0.871094 0.621094 0.867188 0.617188 0.863281 0.617188 0.859375 0.613281
0 0.699219 0.902344 0.691406 0.910156 0.6875 0.910156 0.675781 0.921875 0.675781 0.941406 0.683594 0.949219 0.703125 0.949219 0.714844 0.9375 0.714844 0.933594 0.71875 0.929688 0.71875 0.914062 0.714844 0.910156 0.714844 0.90625 0.710938 0.902344
0 0.519531 0.816406 0.507812 0.828125 0.507812 0.832031 0.503906 0.835938 0.503906 0.839844 0.5 0.84375 0.5 0.859375 0.507812 0.867188 0.519531 0.867188 0.523438 0.863281 0.527344 0.863281 0.53125 0.859375 0.53125 0.855469 0.535156 0.851562 0.535156 0.84375 0.539062 0.839844 0.539062 0.820312 0.535156 0.816406
0 0.328125 0.765625 0.304688 0.789062 0.304688 0.808594 0.3125 0.816406 0.328125 0.816406 0.34375 0.800781 0.34375 0.796875 0.347656 0.792969 0.347656 0.777344 0.339844 0.769531 0.339844 0.765625
0 0.75 0.917969 0.742188 0.925781 0.742188 0.964844 0.757812 0.980469 0.761719 0.980469 0.765625 0.984375 0.773438 0.984375 0.78125 0.976562 0.78125 0.972656 0.785156 0.96875 0.785156 0.945312 0.769531 0.929688 0.769531 0.925781 0.761719 0.917969
