0 0.49375 0.332031 0.490625 0.335938 0.4875 0.335938 0.484375 0.339844 0.48125 0.339844 0.475 0.347656 0.471875 0.347656 0.471875 0.351562 0.46875 0.355469 0.46875 0.378906 0.478125 0.390625 0.484375 0.390625 0.4875 0.394531 0.4875 0.398438 0.490625 0.398438 0.496875 0.40625 0.50625 0.40625 0.51875 0.390625 0.51875 0.382812 0.521875 0.378906 0.525 0.378906 0.53125 0.371094 0.534375 0.371094 0.540625 0.363281 0.540625 0.34375 0.5375 0.339844 0.5375 0.335938 0.528125 0.335938 0.525 0.332031
0 0.3625 0.78125 0.359375 0.785156 0.35625 0.785156 0.353125 0.789062 0.35 0.789062 0.346875 0.792969 0.346875 0.796875 0.34375 0.800781 0.34375 0.816406 0.35 0.824219 0.35 0.828125 0.353125 0.832031 0.35625 0.832031 0.371875 0.851562 0.375 0.851562 0.378125 0.855469 0.378125 0.859375 0.38125 0.863281 0.384375 0.863281 0.4 0.882812 0.403125 0.882812 0.4125 0.894531 0.415625 0.894531 0.41875 0.898438 0.421875 0.898438 0.428125 0.90625 0.43125 0.90625 0.434375 0.910156 0.4375 0.910156 0.440625 0.90625 0.44375 0.90625 0.44375 0.902344 0.446875 0.898438 0.446875 0.867188 0.425 0.839844 0.425 0.835938 0.421875 0.832031 0.421875 0.828125 0.40625 0.808594 0.40625 0.804688 0.4 0.796875 0.396875 0.796875 0.3875 0.785156 0.378125 0.785156 0.375 0.78125
0 0.646875 0.214844 0.634375 0.230469 0.63125 0.230469 0.625 0.238281 0.625 0.242188 0.621875 0.246094 0.621875 0.25 0.61875 0.253906 0.61875 0.265625 0.615625 0.269531 0.615625 0.289062 0.61875 0.292969 0.61875 0.296875 0.621875 0.300781 0.621875 0.304688 0.625 0.308594 0.625 0.3125 0.628125 0.316406 0.628125 0.320312 0.63125 0.324219 0.63125 0.332031 0.634375 0.335938 0.634375 0.34375 0.6375 0.347656 0.6375 0.351562 0.640625 0.355469 0.640625 0.359375 0.64375 0.363281 0.64375 0.367188 0.646875 0.371094 0.646875 0.375 0.65625 0.386719 0.65625 0.390625 0.66875 0.40625 0.6875 0.40625 0.690625 0.402344 0.696875 0.402344 0.703125 0.394531 0.709375 0.394531 0.7125 0.390625 0.715625 0.390625 0.715625 0.386719 0.71875 0.382812 0.71875 0.375 0.721875 0.371094 0.721875 0.351562 0.725 0.347656 0.725 0.3125 0.721875 0.308594 0.721875 0.300781 0.71875 0.296875 0.71875 0.277344 0.715625 0.273438 0.715625 0.269531 0.70625 0.257812 0.70625 0.253906 0.696875 0.242188 0.696875 0.238281 0.69375 0.234375 0.690625 0.234375 0.6875 0.230469 0.684375 0.230469 0.68125 0.226562 0.678125 0.226562 0.675 0.222656 0.66875 0.222656 0.665625 0.21875 0.6625 0.21875 0.659375 0.214844
0 0.54375 0.800781 0.5375 0.808594 0.534375 0.808594 0.525 0.820312 0.525 0.824219 0.521875 0.828125 0.521875 0.832031 0.51875 0.835938 0.51875 0.84375 0.515625 0.847656 0.515625 0.859375 0.51875 0.863281 0.51875 0.867188 0.521875 0.871094 0.521875 0.875 0.53125 0.886719 0.5625 0.886719 0.565625 0.882812 0.56875 0.882812 0.58125 0.867188 0.584375 0.867188 0.5875 0.863281 0.5875 0.816406 0.584375 0.8125 0.58125 0.8125 0.571875 0.800781
0 0.475 0.445312 0.46875 0.453125 0.4625 0.453125 0.459375 0.457031 0.459375 0.460938 0.45625 0.464844 0.45625 0.496094 0.459375 0.5 0.459375 0.503906 0.4625 0.507812 0.4625 0.511719 0.475 0.511719 0.478125 0.507812 0.48125 0.507812 0.484375 0.503906 0.484375 0.5 0.490625 0.492188 0.490625 0.480469 0.49375 0.476562 0.49375 0.449219 0.490625 0.445312
0 0.853125 0.835938 0.85 0.839844 0.84375 0.839844 0.840625 0.84375 0.8375 0.84375 0.834375 0.847656 0.83125 0.847656 0.828125 0.851562 0.828125 0.863281 0.825 0.867188 0.828125 0.871094 0.828125 0.886719 0.834375 0.894531 0.834375 0.898438 0.846875 0.914062 0.86875 0.914062 0.871875 0.910156 0.88125 0.910156 0.8875 0.902344 0.8875 0.898438 0.89375 0.890625 0.89375 0.882812 0.896875 0.878906 0.896875 0.863281 0.89375 0.859375 0.89375 0.855469 0.8875 0.847656 0.884375 0.847656 0.88125 0.84375 0.871875 0.84375 0.86875 0.839844 0.865625 0.839844 0.8625 0.835938
0 0.140625 0.589844 0.134375 0.597656 0.13125 0.597656 0.13125 0.601562 0.128125 0.605469 0.128125 0.621094 0.134375 0.628906 0.134375 0.632812 0.15 0.652344 0.153125 0.652344 0.15625 0.65625 0.159375 0.65625 0.1625 0.660156 0.165625 0.660156 0.16875 0.664062 0.171875 0.664062 0.175 0.660156 0.178125 0.660156 0.18125 0.65625 0.184375 0.65625 0.1875 0.652344 0.190625 0.652344 0.19375 0.648438 0.196875 0.648438 0.196875 0.644531 0.2 0.640625 0.2 0.632812 0.203125 0.628906 0.203125 0.617188 0.2 0.613281 0.2 0.609375 0.196875 0.605469 0.196875 0.601562 0.19375 0.597656 0.190625 0.597656 0.1875 0.59375 0.178125 0.59375 0.175 0.589844
0 0.71875 0.757812 0.715625 0.761719 0.7125 0.761719 0.709375 0.765625 0.709375 0.769531 0.70625 0.773438 0.70625 0.78125 0.703125 0.785156 0.703125 0.800781 0.70625 0.804688 0.70625 0.808594 0.7125 0.808594 0.728125 0.828125 0.734375 0.828125 0.7375 0.824219 0.740625 0.824219 0.74375 0.820312 0.746875 0.820312 0.746875 0.816406 0.75 0.8125 0.75 0.777344 0.734375 0.757812
0 0.953125 0.125 0.94375 0.136719 0.94375 0.160156 0.95 0.167969 0.95 0.199219 0.946875 0.203125 0.946875 0.214844 0.95 0.21875 0.95 0.222656 0.95625 0.230469 0.95625 0.234375 0.96875 0.25 0.971875 0.25 0.975 0.253906 0.978125 0.253906 0.98125 0.257812 0.984375 0.257812 0.996875 0.273438 0.996875 0.179688 0.990625 0.171875 0.990625 0.164062 0.984375 0.15625 0.984375 0.152344 0.98125 0.148438 0.98125 0.144531 0.978125 0.140625 0.978125 0.136719 0.975 0.136719 0.971875 0.132812 0.971875 0.128906 0.9625 0.128906 0.959375 0.125
0 0.796875 0.0507812 0.79375 0.0546875 0.790625 0.0546875 0.784375 0.0625 0.784375 0.0664062 0.78125 0.0703125 0.78125 0.0898438 0.784375 0.09375 0.784375 0.105469 0.7875 0.109375 0.7875 0.113281 0.79375 0.121094 0.79375 0.125 0.796875 0.125 0.8 0.128906 0.8 0.132812 0.815625 0.132812 0.815625 0.128906 0.821875 0.121094 0.821875 0.105469 0.81875 0.101562 0.81875 0.078125 0.815625 0.0742188 0.815625 0.0703125 0.8125 0.0664062 0.8125 0.0625 0.80625 0.0546875 0.803125 0.0546875 0.8 0.0507812
0 0.525 0.460938 0.521875 0.464844 0.51875 0.464844 0.5125 0.472656 0.5125 0.476562 0.509375 0.480469 0.509375 0.484375 0.50625 0.488281 0.50625 0.503906 0.503125 0.507812 0.503125 0.511719 0.5 0.515625 0.5 0.523438 0.503125 0.527344 0.503125 0.53125 0.50625 0.535156 0.50625 0.539062 0.509375 0.539062 0.515625 0.546875 0.525 0.546875 0.528125 0.542969 0.53125 0.542969 0.534375 0.539062 0.5375 0.539062 0.540625 0.535156 0.546875 0.535156 0.55 0.53125 0.55 0.527344 0.553125 0.523438 0.55625 0.523438 0.55625 0.519531 0.559375 0.515625 0.559375 0.511719 0.5625 0.507812 0.5625 0.480469 0.553125 0.46875 0.553125 0.464844 0.546875 0.464844 0.54375 0.460938
0 0.98125 0.953125 0.975 0.960938 0.971875 0.960938 0.96875 0.964844 0.96875 0.980469 0.975 0.988281 0.9875 0.988281 0.990625 0.992188 0.996875 0.992188 0.996875 0.953125
0 0.609375 0 0.6125 0 0.615625 0.00390625 0.615625 0.0078125 0.61875 0.0117188 0.621875 0.0117188 0.625 0.015625 0.6375 0.015625 0.6375 0.0117188 0.640625 0.0078125 0.646875 0.0078125 0.65 0.0117188 0.66875 0.0117188 0.671875 0.015625 0.675 0.0117188 0.68125 0.0117188 0.684375 0.0078125 0.6875 0.0078125 0.690625 0.00390625 0.690625 0
0 0.425 0.703125 0.421875 0.707031 0.41875 0.707031 0.409375 0.71875 0.409375 0.722656 0.40625 0.726562 0.40625 0.738281 0.403125 0.742188 0.403125 0.746094 0.4 0.75 0.4 0.753906 0.396875 0.757812 0.396875 0.761719 0.39375 0.765625 0.39375 0.769531 0.390625 0.773438 0.390625 0.785156 0.396875 0.792969 0.4 0.792969 0.403125 0.796875 0.40625 0.796875 0.4125 0.804688 0.4125 0.808594 0.415625 0.8125 0.41875 0.8125 0.425 0.804688 0.425 0.800781 0.434375 0.789062 0.434375 0.785156 0.446875 0.769531 0.446875 0.761719 0.45 0.757812 0.45 0.75 0.446875 0.746094 0.446875 0.738281 0.440625 0.730469 0.440625 0.714844 0.43125 0.703125
0 0.65 0.078125 0.65 0.0820312 0.646875 0.0859375 0.646875 0.0898438 0.64375 0.09375 0.64375 0.101562 0.640625 0.105469 0.640625 0.121094 0.64375 0.125 0.64375 0.132812 0.646875 0.132812 0.65 0.136719 0.66875 0.136719 0.66875 0.132812 0.671875 0.128906 0.671875 0.121094 0.675 0.117188 0.675 0.109375 0.671875 0.105469 0.675 0.101562 0.675 0.0976562 0.671875 0.09375 0.671875 0.0898438 0.66875 0.0898438 0.6625 0.0820312 0.653125 0.0820312
0 0.584375 0.324219 0.56875 0.34375 0.56875 0.347656 0.559375 0.359375 0.559375 0.363281 0.55625 0.367188 0.55625 0.394531 0.559375 0.398438 0.559375 0.402344 0.5625 0.40625 0.565625 0.40625 0.571875 0.414062 0.58125 0.414062 0.59375 0.398438 0.596875 0.398438 0.603125 0.390625 0.60625 0.390625 0.6125 0.382812 0.61875 0.382812 0.628125 0.371094 0.628125 0.363281 0.63125 0.359375 0.63125 0.34375 0.625 0.335938 0.6125 0.335938 0.609375 0.332031 0.603125 0.332031 0.6 0.328125 0.596875 0.328125 0.59375 0.324219
0 0.6375 0.0585938 0.6375 0.0625 0.634375 0.0664062 0.634375 0.0859375 0.6375 0.0898438 0.64375 0.0898438 0.64375 0.0859375 0.646875 0.0820312 0.646875 0.0742188 0.65 0.0703125 0.65 0.0625 0.646875 0.0585938
0 0.909375 0.152344 0.903125 0.160156 0.9 0.160156 0.896875 0.164062 0.89375 0.164062 0.890625 0.167969 0.8875 0.167969 0.878125 0.179688 0.878125 0.1875 0.88125 0.1875 0.8875 0.195312 0.8875 0.21875 0.890625 0.222656 0.890625 0.238281 0.8875 0.242188 0.890625 0.246094 0.890625 0.25 0.89375 0.253906 0.896875 0.253906 0.9 0.257812 0.903125 0.257812 0.9125 0.269531 0.925 0.269531 0.925 0.265625 0.928125 0.261719 0.928125 0.257812 0.93125 0.253906 0.93125 0.210938 0.928125 0.207031 0.928125 0.199219 0.925 0.195312 0.925 0.191406 0.921875 0.1875 0.921875 0.183594 0.91875 0.179688 0.91875 0.171875 0.921875 0.167969 0.921875 0.15625 0.91875 0.152344
0 0.55625 0.558594 0.553125 0.5625 0.553125 0.570312 0.546875 0.578125 0.546875 0.582031 0.54375 0.585938 0.540625 0.582031 0.525 0.601562 0.525 0.609375 0.521875 0.613281 0.521875 0.621094 0.525 0.625 0.528125 0.625 0.53125 0.628906 0.55 0.628906 0.55625 0.621094 0.5625 0.621094 0.565625 0.617188 0.56875 0.617188 0.571875 0.613281 0.575 0.613281 0.575 0.609375 0.58125 0.601562 0.58125 0.574219 0.578125 0.570312 0.578125 0.566406 0.571875 0.558594
0 0.28125 0.378906 0.278125 0.382812 0.275 0.382812 0.26875 0.390625 0.26875 0.394531 0.265625 0.398438 0.265625 0.421875 0.26875 0.425781 0.26875 0.429688 0.265625 0.433594 0.26875 0.4375 0.26875 0.445312 0.271875 0.445312 0.29375 0.472656 0.3125 0.472656 0.315625 0.46875 0.315625 0.457031 0.31875 0.453125 0.31875 0.449219 0.321875 0.445312 0.321875 0.4375 0.325 0.433594 0.325 0.425781 0.321875 0.421875 0.321875 0.414062 0.315625 0.40625 0.3125 0.40625 0.29375 0.382812 0.290625 0.382812 0.2875 0.378906
0 0.796875 0.46875 0.79375 0.472656 0.790625 0.472656 0.784375 0.480469 0.784375 0.484375 0.78125 0.488281 0.78125 0.492188 0.778125 0.496094 0.778125 0.503906 0.78125 0.507812 0.78125 0.515625 0.784375 0.519531 0.784375 0.523438 0.790625 0.53125 0.790625 0.539062 0.79375 0.542969 0.79375 0.5625 0.796875 0.566406 0.796875 0.589844 0.8 0.59375 0.8 0.613281 0.803125 0.617188 0.803125 0.636719 0.80625 0.640625 0.80625 0.644531 0.8125 0.652344 0.815625 0.652344 0.81875 0.65625 0.83125 0.65625 0.834375 0.652344 0.846875 0.652344 0.853125 0.644531 0.853125 0.640625 0.859375 0.632812 0.859375 0.625 0.8625 0.621094 0.8625 0.601562 0.865625 0.597656 0.865625 0.5625 0.8625 0.558594 0.8625 0.554688 0.859375 0.550781 0.859375 0.546875 0.85 0.535156 0.85 0.527344 0.846875 0.523438 0.84375 0.523438 0.840625 0.519531 0.840625 0.515625 0.83125 0.503906 0.83125 0.5 0.821875 0.488281 0.81875 0.488281 0.8125 0.480469 0.809375 0.480469 0.80625 0.476562 0.803125 0.476562
0 0 0.472656 0 0.546875 0.003125 0.550781 0.003125 0.5625 0.003125 0.546875 0.00625 0.542969 0.009375 0.542969 0.0125 0.546875 0.01875 0.546875 0.01875 0.542969 0.015625 0.539062 0.015625 0.535156 0.0125 0.53125 0.0125 0.523438 0.009375 0.519531 0.009375 0.511719 0.021875 0.496094 0.021875 0.488281 0.015625 0.480469 0.0125 0.480469 0.009375 0.476562 0.00625 0.476562 0.003125 0.472656
0 0.071875 0.972656 0.06875 0.976562 0.0625 0.976562 0.059375 0.980469 0.05 0.980469 0.046875 0.984375 0.040625 0.984375 0.0375 0.988281 0.03125 0.988281 0.028125 0.992188 0.025 0.992188 0.125 0.992188 0.125 0.988281 0.121875 0.988281 0.11875 0.984375 0.115625 0.984375 0.1125 0.980469 0.109375 0.980469 0.10625 0.976562 0.1 0.976562 0.096875 0.972656
0 0.35625 0.351562 0.353125 0.355469 0.34375 0.355469 0.334375 0.367188 0.334375 0.371094 0.33125 0.375 0.33125 0.386719 0.340625 0.398438 0.34375 0.398438 0.35 0.40625 0.353125 0.40625 0.35625 0.410156 0.3625 0.410156 0.365625 0.414062 0.36875 0.414062 0.371875 0.410156 0.375 0.410156 0.378125 0.40625 0.378125 0.402344 0.38125 0.398438 0.38125 0.394531 0.384375 0.390625 0.384375 0.371094 0.38125 0.367188 0.38125 0.363281 0.378125 0.359375 0.378125 0.355469 0.375 0.355469 0.371875 0.351562
0 0.146875 0.433594 0.140625 0.441406 0.140625 0.445312 0.1375 0.449219 0.1375 0.453125 0.13125 0.460938 0.13125 0.480469 0.1375 0.488281 0.1375 0.492188 0.140625 0.492188 0.15625 0.511719 0.15625 0.515625 0.159375 0.515625 0.165625 0.523438 0.16875 0.523438 0.171875 0.527344 0.175 0.527344 0.18125 0.535156 0.1875 0.535156 0.190625 0.539062 0.196875 0.539062 0.2125 0.519531 0.2125 0.507812 0.203125 0.496094 0.196875 0.496094 0.190625 0.488281 0.190625 0.484375 0.178125 0.46875 0.178125 0.460938 0.171875 0.453125 0.171875 0.445312 0.1625 0.433594
0 0.68125 0.09375 0.678125 0.0976562 0.678125 0.101562 0.675 0.105469 0.678125 0.109375 0.678125 0.113281 0.68125 0.117188 0.68125 0.121094 0.6875 0.128906 0.69375 0.121094 0.69375 0.0976562 0.690625 0.09375
0 0.309375 0.835938 0.30625 0.839844 0.303125 0.839844 0.3 0.84375 0.3 0.851562 0.296875 0.855469 0.296875 0.863281 0.3 0.867188 0.3 0.871094 0.31875 0.894531 0.321875 0.894531 0.325 0.898438 0.353125 0.898438 0.35625 0.894531 0.3625 0.894531 0.36875 0.886719 0.36875 0.875 0.371875 0.871094 0.371875 0.859375 0.3625 0.847656 0.353125 0.847656 0.35 0.84375 0.346875 0.84375 0.34375 0.839844 0.334375 0.839844 0.33125 0.835938
0 0.753125 0.886719 0.75 0.890625 0.746875 0.890625 0.74375 0.894531 0.74375 0.898438 0.740625 0.902344 0.740625 0.945312 0.74375 0.949219 0.74375 0.957031 0.746875 0.960938 0.746875 0.964844 0.753125 0.972656 0.753125 0.976562 0.759375 0.976562 0.7625 0.980469 0.765625 0.976562 0.76875 0.976562 0.771875 0.980469 0.775 0.976562 0.78125 0.976562 0.784375 0.972656 0.790625 0.972656 0.79375 0.96875 0.8 0.96875 0.809375 0.957031 0.809375 0.953125 0.8125 0.949219 0.8125 0.945312 0.809375 0.941406 0.809375 0.9375 0.796875 0.921875 0.796875 0.917969 0.79375 0.917969 0.778125 0.898438 0.771875 0.898438 0.76875 0.894531 0.76875 0.890625 0.765625 0.890625 0.7625 0.886719
0 0.3375 0.539062 0.334375 0.542969 0.33125 0.542969 0.328125 0.546875 0.325 0.546875 0.3125 0.5625 0.3125 0.566406 0.30625 0.574219 0.30625 0.59375 0.309375 0.597656 0.309375 0.613281 0.3125 0.617188 0.3125 0.621094 0.325 0.621094 0.328125 0.617188 0.365625 0.617188 0.36875 0.621094 0.375 0.621094 0.378125 0.617188 0.3875 0.617188 0.39375 0.609375 0.39375 0.601562 0.390625 0.597656 0.390625 0.582031 0.3875 0.578125 0.3875 0.566406 0.384375 0.5625 0.384375 0.558594 0.371875 0.542969 0.365625 0.542969 0.3625 0.539062
0 0.409375 0.527344 0.40625 0.53125 0.403125 0.53125 0.4 0.535156 0.396875 0.535156 0.39375 0.539062 0.390625 0.539062 0.390625 0.542969 0.3875 0.546875 0.3875 0.5625 0.390625 0.566406 0.390625 0.574219 0.39375 0.578125 0.39375 0.582031 0.396875 0.585938 0.396875 0.589844 0.4 0.59375 0.4 0.601562 0.40625 0.601562 0.409375 0.605469 0.4375 0.605469 0.440625 0.601562 0.44375 0.601562 0.45 0.59375 0.45 0.589844 0.45625 0.582031 0.45625 0.578125 0.459375 0.574219 0.459375 0.570312 0.4625 0.566406 0.4625 0.5625 0.459375 0.558594 0.459375 0.554688 0.45625 0.550781 0.45625 0.546875 0.453125 0.542969 0.45 0.542969 0.44375 0.535156 0.440625 0.535156 0.4375 0.53125 0.428125 0.53125 0.425 0.527344
0 0.85625 0.0859375 0.846875 0.0976562 0.84375 0.0976562 0.83125 0.113281 0.83125 0.140625 0.834375 0.144531 0.834375 0.148438 0.8375 0.152344 0.8375 0.15625 0.840625 0.15625 0.84375 0.160156 0.859375 0.160156 0.8625 0.164062 0.8625 0.167969 0.865625 0.167969 0.865625 0.164062 0.86875 0.160156 0.871875 0.160156 0.878125 0.152344 0.88125 0.152344 0.884375 0.148438 0.884375 0.128906 0.8875 0.125 0.8875 0.121094 0.890625 0.117188 0.890625 0.105469 0.8875 0.101562 0.884375 0.101562 0.871875 0.0859375
0 0.45 0.808594 0.446875 0.8125 0.446875 0.816406 0.44375 0.820312 0.44375 0.835938 0.446875 0.839844 0.446875 0.851562 0.453125 0.851562 0.45625 0.847656 0.45625 0.84375 0.4625 0.835938 0.46875 0.835938 0.471875 0.839844 0.471875 0.851562 0.46875 0.855469 0.465625 0.855469 0.4625 0.859375 0.4625 0.867188 0.475 0.867188 0.48125 0.875 0.48125 0.878906 0.484375 0.882812 0.484375 0.886719 0.490625 0.886719 0.490625 0.867188 0.4875 0.863281 0.4875 0.851562 0.484375 0.847656 0.484375 0.84375 0.48125 0.839844 0.48125 0.835938 0.478125 0.832031 0.478125 0.828125 0.475 0.824219 0.471875 0.824219 0.46875 0.820312 0.46875 0.816406 0.465625 0.816406 0.459375 0.808594
0 0.634375 0.492188 0.63125 0.496094 0.628125 0.496094 0.61875 0.507812 0.615625 0.507812 0.6125 0.511719 0.609375 0.511719 0.6 0.523438 0.6 0.542969 0.60625 0.550781 0.60625 0.558594 0.61875 0.574219 0.621875 0.574219 0.625 0.578125 0.63125 0.578125 0.634375 0.574219 0.6375 0.578125 0.640625 0.574219 0.646875 0.574219 0.65 0.570312 0.65 0.566406 0.65625 0.558594 0.65625 0.554688 0.659375 0.550781 0.659375 0.546875 0.6625 0.542969 0.6625 0.523438 0.659375 0.523438 0.65625 0.519531 0.65625 0.503906 0.646875 0.492188
0 0.746875 0 0.746875 0.00390625 0.75 0.0078125 0.75 0.0117188 0.753125 0.015625 0.75625 0.015625 0.759375 0.0195312 0.7625 0.0195312 0.765625 0.0234375 0.778125 0.0234375 0.78125 0.0195312 0.784375 0.0195312 0.7875 0.015625 0.790625 0.015625 0.79375 0.0117188 0.796875 0.0117188 0.8 0.0078125 0.803125 0.0078125 0.803125 0.00390625 0.80625 0
0 0.4875 0.75 0.48125 0.757812 0.48125 0.777344 0.484375 0.78125 0.484375 0.785156 0.4875 0.789062 0.4875 0.792969 0.49375 0.800781 0.49375 0.804688 0.5 0.8125 0.525 0.8125 0.534375 0.800781 0.534375 0.796875 0.5375 0.792969 0.5375 0.78125 0.534375 0.777344 0.534375 0.769531 0.528125 0.761719 0.525 0.761719 0.521875 0.757812 0.515625 0.757812 0.5125 0.753906 0.509375 0.753906 0.50625 0.75
0 0.890625 0 0.890625 0.0078125 0.89375 0.0117188 0.89375 0.015625 0.9 0.015625 0.909375 0.0273438 0.903125 0.0351562 0.896875 0.0351562 0.89375 0.0390625 0.89375 0.046875 0.9 0.0546875 0.9125 0.0546875 0.915625 0.0507812 0.91875 0.0507812 0.91875 0.03125 0.925 0.0234375 0.928125 0.0234375 0.93125 0.0195312 0.9375 0.0195312 0.940625 0.015625 0.953125 0.015625 0.95625 0.0117188 0.95625 0
0 0.309375 0.667969 0.30625 0.671875 0.30625 0.679688 0.303125 0.683594 0.303125 0.699219 0.3 0.703125 0.3 0.714844 0.296875 0.71875 0.296875 0.730469 0.29375 0.734375 0.29375 0.738281 0.296875 0.742188 0.3 0.742188 0.303125 0.746094 0.346875 0.746094 0.35 0.742188 0.353125 0.742188 0.353125 0.738281 0.3625 0.726562 0.365625 0.726562 0.365625 0.71875 0.36875 0.714844 0.36875 0.699219 0.3625 0.691406 0.3625 0.6875 0.359375 0.683594 0.35625 0.683594 0.353125 0.679688 0.35 0.679688 0.34375 0.671875 0.340625 0.671875 0.3375 0.667969
0 0.634375 0.945312 0.63125 0.949219 0.621875 0.949219 0.61875 0.953125 0.61875 0.957031 0.615625 0.960938 0.61875 0.964844 0.61875 0.96875 0.625 0.976562 0.625 0.988281 0.628125 0.992188 0.678125 0.992188 0.678125 0.984375 0.675 0.980469 0.675 0.96875 0.671875 0.964844 0.671875 0.960938 0.66875 0.960938 0.665625 0.957031 0.665625 0.953125 0.6625 0.953125 0.659375 0.949219 0.65625 0.949219 0.653125 0.945312
0 0.009375 0.292969 0.00625 0.296875 0.00625 0.300781 0.003125 0.304688 0.003125 0.320312 0 0.324219 0 0.371094 0.009375 0.382812 0.009375 0.386719 0.0125 0.390625 0.01875 0.390625 0.025 0.382812 0.025 0.363281 0.021875 0.359375 0.021875 0.355469 0.015625 0.347656 0.015625 0.339844 0.0125 0.335938 0.0125 0.308594 0.015625 0.304688 0.015625 0.300781
0 0.090625 0.519531 0.0875 0.523438 0.084375 0.523438 0.08125 0.527344 0.078125 0.527344 0.075 0.53125 0.075 0.535156 0.06875 0.542969 0.06875 0.550781 0.065625 0.554688 0.065625 0.570312 0.06875 0.574219 0.06875 0.582031 0.08125 0.597656 0.08125 0.601562 0.0875 0.601562 0.090625 0.605469 0.096875 0.605469 0.1 0.609375 0.109375 0.609375 0.115625 0.601562 0.11875 0.601562 0.121875 0.597656 0.125 0.597656 0.128125 0.59375 0.13125 0.59375 0.15 0.570312 0.15 0.550781 0.146875 0.546875 0.146875 0.542969 0.1375 0.53125 0.134375 0.53125 0.13125 0.527344 0.128125 0.527344 0.125 0.523438 0.121875 0.523438 0.11875 0.519531
0 0.5875 0.902344 0.58125 0.910156 0.58125 0.921875 0.584375 0.925781 0.584375 0.929688 0.5875 0.933594 0.59375 0.933594 0.596875 0.9375 0.60625 0.9375 0.6125 0.929688 0.615625 0.929688 0.61875 0.925781 0.61875 0.921875 0.621875 0.917969 0.61875 0.914062 0.61875 0.910156 0.615625 0.90625 0.6125 0.90625 0.609375 0.902344
0 0.065625 0.699219 0.0625 0.703125 0.05 0.703125 0.040625 0.714844 0.040625 0.71875 0.0375 0.722656 0.0375 0.726562 0.034375 0.730469 0.034375 0.746094 0.0375 0.75 0.0375 0.757812 0.040625 0.761719 0.040625 0.765625 0.04375 0.769531 0.04375 0.773438 0.046875 0.773438 0.053125 0.78125 0.06875 0.78125 0.071875 0.777344 0.075 0.777344 0.078125 0.773438 0.08125 0.773438 0.084375 0.769531 0.090625 0.769531 0.09375 0.765625 0.096875 0.765625 0.1 0.761719 0.103125 0.761719 0.109375 0.753906 0.109375 0.75 0.1125 0.746094 0.1125 0.734375 0.10625 0.726562 0.10625 0.71875 0.103125 0.714844 0.103125 0.710938 0.1 0.710938 0.090625 0.699219 0.08125 0.699219 0.078125 0.703125 0.075 0.703125 0.071875 0.699219
0 0.625 0.105469 0.621875 0.109375 0.621875 0.132812 0.628125 0.140625 0.634375 0.140625 0.6375 0.136719 0.6375 0.113281 0.634375 0.109375 0.634375 0.105469
0 0.990625 0.0625 0.9875 0.0664062 0.984375 0.0664062 0.975 0.078125 0.975 0.0820312 0.971875 0.0859375 0.971875 0.113281 0.978125 0.121094 0.978125 0.125 0.98125 0.128906 0.98125 0.132812 0.990625 0.144531 0.99375 0.144531 0.996875 0.148438 0.996875 0.0625
0 0.6875 0.628906 0.684375 0.632812 0.675 0.632812 0.66875 0.640625 0.66875 0.644531 0.665625 0.648438 0.665625 0.664062 0.659375 0.671875 0.659375 0.679688 0.6625 0.683594 0.6625 0.699219 0.665625 0.703125 0.66875 0.703125 0.671875 0.707031 0.675 0.707031 0.684375 0.71875 0.703125 0.71875 0.709375 0.710938 0.7125 0.710938 0.715625 0.707031 0.715625 0.703125 0.71875 0.699219 0.71875 0.6875 0.721875 0.683594 0.721875 0.679688 0.725 0.675781 0.725 0.667969 0.721875 0.664062 0.721875 0.660156 0.709375 0.644531 0.709375 0.640625 0.7 0.628906
0 0.4625 0.949219 0.459375 0.953125 0.45625 0.953125 0.45625 0.960938 0.45 0.96875 0.45 0.988281 0.453125 0.992188 0.453125 0.996094 0.50625 0.996094 0.509375 0.992188 0.509375 0.964844 0.5 0.953125 0.496875 0.953125 0.49375 0.949219
0 0.9625 0 0.9625 0.0117188 0.959375 0.015625 0.959375 0.0234375 0.95625 0.0273438 0.95625 0.0351562 0.959375 0.0390625 0.959375 0.0429688 0.9625 0.046875 0.9625 0.0507812 0.965625 0.0546875 0.965625 0.0585938 0.96875 0.0625 0.971875 0.0625 0.975 0.0664062 0.978125 0.0664062 0.98125 0.0625 0.9875 0.0625 0.990625 0.0585938 0.996875 0.0585938 0.996875 0.03125 0.99375 0.0273438 0.99375 0.0234375 0.990625 0.0195312 0.990625 0.015625 0.98125 0.00390625 0.98125 0
0 0.19375 0.652344 0.190625 0.65625 0.1875 0.65625 0.184375 0.660156 0.18125 0.660156 0.178125 0.664062 0.175 0.664062 0.16875 0.671875 0.16875 0.675781 0.165625 0.679688 0.165625 0.707031 0.178125 0.722656 0.18125 0.722656 0.184375 0.726562 0.19375 0.726562 0.196875 0.730469 0.2 0.730469 0.203125 0.734375 0.209375 0.734375 0.2125 0.738281 0.215625 0.738281 0.21875 0.742188 0.225 0.742188 0.23125 0.734375 0.23125 0.726562 0.234375 0.722656 0.234375 0.679688 0.23125 0.675781 0.23125 0.671875 0.221875 0.660156 0.21875 0.660156 0.215625 0.65625 0.20625 0.65625 0.203125 0.652344
0 0.175 0.730469 0.171875 0.734375 0.16875 0.734375 0.16875 0.738281 0.1625 0.746094 0.1625 0.757812 0.159375 0.761719 0.159375 0.792969 0.1625 0.796875 0.1625 0.8125 0.175 0.828125 0.178125 0.828125 0.18125 0.832031 0.184375 0.832031 0.19375 0.84375 0.19375 0.851562 0.196875 0.851562 0.2 0.855469 0.203125 0.851562 0.20625 0.851562 0.20625 0.84375 0.2125 0.835938 0.215625 0.835938 0.234375 0.8125 0.234375 0.808594 0.2375 0.804688 0.2375 0.800781 0.240625 0.796875 0.240625 0.769531 0.2375 0.765625 0.2375 0.761719 0.234375 0.757812 0.234375 0.753906 0.23125 0.75 0.225 0.75 0.221875 0.746094 0.21875 0.746094 0.215625 0.742188 0.2125 0.742188 0.209375 0.738281 0.203125 0.738281 0.2 0.734375 0.196875 0.734375 0.19375 0.730469
