0 0.586914 0.739258 0.581055 0.745117 0.581055 0.746094 0.580078 0.74707 0.580078 0.751953 0.581055 0.75293 0.581055 0.753906 0.582031 0.754883 0.582031 0.755859 0.583984 0.757812 0.583984 0.758789 0.584961 0.759766 0.584961 0.761719 0.585938 0.761719 0.586914 0.762695 0.587891 0.762695 0.588867 0.763672 0.595703 0.763672 0.595703 0.759766 0.59668 0.758789 0.59668 0.757812 0.597656 0.756836 0.597656 0.755859 0.598633 0.754883 0.598633 0.75 0.597656 0.749023 0.597656 0.748047 0.595703 0.746094 0.595703 0.744141 0.594727 0.743164 0.594727 0.742188 0.591797 0.739258
0 0.544922 0.237305 0.543945 0.238281 0.543945 0.241211 0.544922 0.241211 0.545898 0.242188 0.547852 0.242188 0.548828 0.241211 0.549805 0.241211 0.549805 0.239258 0.548828 0.239258 0.546875 0.237305
0 0.651367 0.205078 0.650391 0.206055 0.649414 0.206055 0.649414 0.207031 0.646484 0.209961 0.646484 0.213867 0.649414 0.213867 0.650391 0.214844 0.654297 0.214844 0.655273 0.213867 0.655273 0.212891 0.65625 0.211914 0.65625 0.207031 0.655273 0.206055 0.655273 0.205078
0 0.15918 0.560547 0.158203 0.561523 0.155273 0.561523 0.15332 0.563477 0.152344 0.563477 0.151367 0.564453 0.151367 0.56543 0.150391 0.566406 0.150391 0.567383 0.149414 0.568359 0.149414 0.577148 0.150391 0.578125 0.150391 0.580078 0.151367 0.581055 0.151367 0.582031 0.154297 0.584961 0.15625 0.584961 0.157227 0.585938 0.165039 0.585938 0.166016 0.584961 0.166992 0.584961 0.167969 0.583984 0.168945 0.583984 0.168945 0.583008 0.169922 0.582031 0.169922 0.581055 0.170898 0.580078 0.171875 0.580078 0.171875 0.573242 0.170898 0.572266 0.170898 0.569336 0.169922 0.568359 0.169922 0.566406 0.168945 0.56543 0.168945 0.564453 0.167969 0.563477 0.166992 0.563477 0.166016 0.5625 0.165039 0.5625 0.164062 0.561523 0.162109 0.561523 0.161133 0.560547
0 0.563477 0.214844 0.5625 0.21582 0.5625 0.220703 0.564453 0.220703 0.56543 0.219727 0.56543 0.214844
0 0.982422 0.755859 0.981445 0.756836 0.980469 0.756836 0.979492 0.757812 0.979492 0.758789 0.978516 0.759766 0.978516 0.761719 0.977539 0.762695 0.977539 0.769531 0.979492 0.771484 0.979492 0.772461 0.980469 0.773438 0.980469 0.774414 0.981445 0.775391 0.981445 0.776367 0.982422 0.776367 0.985352 0.779297 0.986328 0.779297 0.987305 0.780273 0.995117 0.780273 0.996094 0.779297 0.996094 0.777344 0.99707 0.776367 0.998047 0.776367 0.998047 0.766602 0.99707 0.765625 0.99707 0.762695 0.996094 0.761719 0.996094 0.760742 0.993164 0.757812 0.992188 0.757812 0.990234 0.755859
0 0.352539 0.960938 0.351562 0.961914 0.350586 0.961914 0.350586 0.963867 0.351562 0.964844 0.351562 0.96582 0.352539 0.966797 0.354492 0.966797 0.355469 0.967773 0.357422 0.967773 0.358398 0.966797 0.358398 0.963867 0.356445 0.961914 0.356445 0.960938
0 0.895508 0.722656 0.895508 0.725586 0.898438 0.728516 0.90332 0.728516 0.904297 0.727539 0.905273 0.727539 0.905273 0.725586 0.90332 0.725586 0.900391 0.722656
0 0.424805 0.213867 0.423828 0.214844 0.423828 0.216797 0.422852 0.217773 0.422852 0.220703 0.423828 0.22168 0.424805 0.22168 0.425781 0.222656 0.432617 0.222656 0.433594 0.22168 0.433594 0.21875 0.430664 0.21582 0.429688 0.21582 0.427734 0.213867
0 0.688477 0.644531 0.6875 0.645508 0.686523 0.645508 0.683594 0.648438 0.683594 0.649414 0.682617 0.650391 0.682617 0.651367 0.681641 0.652344 0.681641 0.65332 0.680664 0.654297 0.680664 0.655273 0.681641 0.65625 0.681641 0.657227 0.685547 0.661133 0.6875 0.661133 0.689453 0.663086 0.698242 0.663086 0.699219 0.664062 0.700195 0.664062 0.701172 0.665039 0.704102 0.665039 0.706055 0.663086 0.706055 0.65918 0.705078 0.658203 0.705078 0.65625 0.702148 0.65332 0.702148 0.652344 0.700195 0.650391 0.700195 0.649414 0.699219 0.648438 0.698242 0.648438 0.695312 0.645508 0.694336 0.645508 0.693359 0.644531
0 0.713867 0.213867 0.712891 0.214844 0.712891 0.21582 0.711914 0.216797 0.711914 0.219727 0.713867 0.22168 0.717773 0.22168 0.719727 0.219727 0.719727 0.214844 0.71875 0.213867
0 0.78125 0.686523 0.78125 0.689453 0.782227 0.69043 0.782227 0.691406 0.783203 0.691406 0.785156 0.693359 0.789062 0.693359 0.789062 0.691406 0.786133 0.688477 0.785156 0.688477 0.783203 0.686523
0 0.578125 0.59082 0.578125 0.591797 0.577148 0.592773 0.577148 0.595703 0.578125 0.595703 0.580078 0.597656 0.583984 0.597656 0.585938 0.595703 0.586914 0.595703 0.586914 0.594727 0.587891 0.59375 0.585938 0.59375 0.584961 0.592773 0.583984 0.592773 0.582031 0.59082
0 0.536133 0.742188 0.535156 0.743164 0.53418 0.743164 0.533203 0.744141 0.533203 0.745117 0.53418 0.746094 0.53418 0.74707 0.538086 0.74707 0.539062 0.746094 0.541016 0.746094 0.541016 0.743164 0.540039 0.742188
0 0.633789 0.201172 0.632812 0.202148 0.631836 0.202148 0.629883 0.204102 0.629883 0.205078 0.628906 0.206055 0.628906 0.208008 0.62793 0.208984 0.62793 0.211914 0.626953 0.212891 0.626953 0.21582 0.625977 0.216797 0.625977 0.217773 0.62793 0.219727 0.635742 0.219727 0.636719 0.220703 0.639648 0.220703 0.642578 0.217773 0.642578 0.207031 0.641602 0.206055 0.641602 0.205078 0.639648 0.203125 0.638672 0.203125 0.637695 0.202148 0.635742 0.202148 0.634766 0.201172
0 0.665039 0.213867 0.665039 0.21582 0.663086 0.217773 0.663086 0.220703 0.664062 0.22168 0.667969 0.22168 0.668945 0.220703 0.668945 0.214844 0.667969 0.213867
0 0.75293 0.694336 0.750977 0.696289 0.750977 0.698242 0.751953 0.699219 0.754883 0.699219 0.755859 0.698242 0.757812 0.698242 0.758789 0.697266 0.759766 0.697266 0.759766 0.695312 0.758789 0.695312 0.757812 0.694336
0 0.341797 0.979492 0.339844 0.981445 0.339844 0.986328 0.341797 0.988281 0.344727 0.988281 0.345703 0.987305 0.34668 0.987305 0.347656 0.986328 0.347656 0.983398 0.34668 0.982422 0.345703 0.982422 0.344727 0.981445 0.344727 0.980469 0.34375 0.979492
0 0.267578 0.176758 0.265625 0.178711 0.264648 0.178711 0.264648 0.181641 0.265625 0.182617 0.265625 0.186523 0.264648 0.1875 0.264648 0.188477 0.263672 0.189453 0.262695 0.189453 0.262695 0.19043 0.263672 0.19043 0.266602 0.193359 0.266602 0.194336 0.267578 0.195312 0.267578 0.196289 0.269531 0.198242 0.269531 0.199219 0.275391 0.199219 0.275391 0.194336 0.276367 0.193359 0.276367 0.182617 0.275391 0.181641 0.275391 0.180664 0.274414 0.180664 0.273438 0.179688 0.272461 0.179688 0.270508 0.177734 0.269531 0.177734 0.268555 0.176758
0 0.855469 0.560547 0.855469 0.561523 0.853516 0.563477 0.853516 0.568359 0.851562 0.570312 0.851562 0.572266 0.852539 0.573242 0.853516 0.573242 0.854492 0.574219 0.857422 0.574219 0.860352 0.571289 0.861328 0.571289 0.863281 0.569336 0.864258 0.569336 0.865234 0.568359 0.865234 0.567383 0.867188 0.56543 0.867188 0.564453 0.868164 0.563477 0.868164 0.5625 0.866211 0.5625 0.865234 0.561523 0.865234 0.560547
0 0.206055 0.983398 0.205078 0.984375 0.202148 0.984375 0.199219 0.987305 0.198242 0.987305 0.197266 0.988281 0.196289 0.988281 0.195312 0.989258 0.194336 0.989258 0.194336 0.994141 0.193359 0.995117 0.193359 0.999023 0.21582 0.999023 0.216797 0.998047 0.216797 0.99707 0.217773 0.996094 0.217773 0.987305 0.214844 0.984375 0.213867 0.984375 0.212891 0.983398
0 0.661133 0.212891 0.661133 0.213867 0.65918 0.21582 0.65918 0.217773 0.660156 0.21875 0.662109 0.21875 0.662109 0.217773 0.664062 0.21582 0.664062 0.212891
0 0.364258 0.985352 0.364258 0.988281 0.361328 0.991211 0.361328 0.992188 0.360352 0.993164 0.360352 0.995117 0.359375 0.996094 0.359375 0.999023 0.364258 0.999023 0.364258 0.998047 0.365234 0.99707 0.365234 0.996094 0.367188 0.994141 0.368164 0.994141 0.369141 0.993164 0.369141 0.992188 0.370117 0.991211 0.370117 0.986328 0.368164 0.986328 0.367188 0.985352
0 0.329102 0.30957 0.328125 0.310547 0.326172 0.310547 0.325195 0.311523 0.324219 0.311523 0.324219 0.314453 0.325195 0.31543 0.325195 0.316406 0.326172 0.317383 0.326172 0.320312 0.327148 0.321289 0.327148 0.323242 0.328125 0.323242 0.329102 0.324219 0.330078 0.324219 0.331055 0.325195 0.332031 0.325195 0.334961 0.328125 0.335938 0.328125 0.336914 0.327148 0.338867 0.327148 0.339844 0.328125 0.342773 0.328125 0.347656 0.323242 0.347656 0.322266 0.348633 0.321289 0.348633 0.317383 0.347656 0.316406 0.347656 0.31543 0.345703 0.313477 0.344727 0.313477 0.34375 0.3125 0.342773 0.3125 0.339844 0.30957 0.338867 0.310547 0.337891 0.310547 0.336914 0.30957
0 0.589844 0.0244141 0.588867 0.0253906 0.587891 0.0253906 0.587891 0.0273438 0.589844 0.0292969 0.592773 0.0292969 0.592773 0.0253906 0.591797 0.0244141
0 0.834961 0.563477 0.833984 0.564453 0.833008 0.564453 0.832031 0.56543 0.831055 0.56543 0.829102 0.567383 0.828125 0.567383 0.828125 0.568359 0.827148 0.569336 0.827148 0.572266 0.826172 0.573242 0.826172 0.581055 0.828125 0.583008 0.829102 0.583008 0.830078 0.583984 0.831055 0.583984 0.832031 0.584961 0.837891 0.584961 0.838867 0.585938 0.839844 0.585938 0.84082 0.584961 0.844727 0.584961 0.845703 0.583984 0.84668 0.583984 0.850586 0.580078 0.850586 0.577148 0.849609 0.576172 0.849609 0.570312 0.848633 0.569336 0.848633 0.567383 0.847656 0.566406 0.84668 0.566406 0.844727 0.564453 0.842773 0.564453 0.841797 0.563477
0 0.347656 0.976562 0.34668 0.977539 0.34668 0.980469 0.347656 0.981445 0.352539 0.981445 0.353516 0.980469 0.353516 0.976562
0 0.306641 0.203125 0.305664 0.204102 0.305664 0.208984 0.30957 0.208984 0.310547 0.208008 0.310547 0.203125
0 0.394531 0.310547 0.392578 0.3125 0.391602 0.3125 0.390625 0.313477 0.390625 0.314453 0.389648 0.31543 0.389648 0.317383 0.387695 0.319336 0.387695 0.320312 0.386719 0.321289 0.386719 0.322266 0.385742 0.323242 0.385742 0.324219 0.386719 0.325195 0.386719 0.326172 0.389648 0.329102 0.389648 0.330078 0.390625 0.331055 0.391602 0.331055 0.392578 0.332031 0.396484 0.332031 0.397461 0.333008 0.399414 0.333008 0.400391 0.332031 0.401367 0.332031 0.402344 0.331055 0.40332 0.331055 0.405273 0.329102 0.40625 0.329102 0.407227 0.328125 0.407227 0.325195 0.40625 0.324219 0.407227 0.323242 0.407227 0.31543 0.40625 0.314453 0.40625 0.3125 0.405273 0.311523 0.402344 0.311523 0.401367 0.310547
0 0.921875 0.463867 0.920898 0.464844 0.919922 0.464844 0.916992 0.467773 0.916992 0.46875 0.916016 0.469727 0.916016 0.470703 0.915039 0.47168 0.915039 0.476562 0.918945 0.476562 0.919922 0.477539 0.922852 0.477539 0.926758 0.481445 0.926758 0.489258 0.929688 0.489258 0.929688 0.488281 0.931641 0.486328 0.931641 0.482422 0.932617 0.481445 0.932617 0.478516 0.933594 0.477539 0.933594 0.469727 0.932617 0.46875 0.932617 0.466797 0.931641 0.46582 0.931641 0.464844 0.930664 0.464844 0.929688 0.463867
0 0.168945 0.109375 0.168945 0.110352 0.167969 0.111328 0.167969 0.112305 0.165039 0.115234 0.161133 0.115234 0.161133 0.118164 0.162109 0.119141 0.162109 0.121094 0.163086 0.12207 0.163086 0.125 0.162109 0.125977 0.161133 0.125977 0.162109 0.126953 0.164062 0.126953 0.165039 0.12793 0.166016 0.12793 0.168945 0.130859 0.172852 0.130859 0.173828 0.129883 0.176758 0.129883 0.176758 0.12793 0.175781 0.126953 0.175781 0.125977 0.174805 0.125 0.174805 0.116211 0.175781 0.115234 0.175781 0.112305 0.174805 0.111328 0.172852 0.111328 0.170898 0.109375
0 0.529297 0.888672 0.52832 0.889648 0.526367 0.889648 0.522461 0.893555 0.522461 0.894531 0.521484 0.895508 0.521484 0.897461 0.520508 0.898438 0.521484 0.899414 0.521484 0.901367 0.523438 0.90332 0.523438 0.904297 0.524414 0.905273 0.524414 0.90625 0.526367 0.908203 0.526367 0.90918 0.527344 0.90918 0.52832 0.910156 0.529297 0.910156 0.530273 0.911133 0.538086 0.911133 0.541016 0.908203 0.541016 0.907227 0.541992 0.90625 0.541992 0.905273 0.542969 0.904297 0.542969 0.897461 0.541992 0.896484 0.541992 0.894531 0.538086 0.890625 0.537109 0.890625 0.536133 0.889648 0.53418 0.889648 0.533203 0.888672
0 0.911133 0.921875 0.911133 0.925781 0.912109 0.926758 0.912109 0.928711 0.914062 0.928711 0.916992 0.925781 0.918945 0.925781 0.918945 0.922852 0.917969 0.921875
0 0.512695 0.75 0.511719 0.750977 0.508789 0.750977 0.507812 0.751953 0.506836 0.751953 0.506836 0.75293 0.505859 0.753906 0.505859 0.755859 0.514648 0.755859 0.515625 0.754883 0.516602 0.754883 0.516602 0.75293 0.514648 0.750977 0.513672 0.750977
0 0.609375 0.495117 0.607422 0.49707 0.606445 0.49707 0.605469 0.498047 0.604492 0.498047 0.603516 0.499023 0.603516 0.500977 0.602539 0.501953 0.602539 0.506836 0.604492 0.508789 0.604492 0.509766 0.606445 0.511719 0.606445 0.512695 0.607422 0.512695 0.608398 0.513672 0.611328 0.513672 0.612305 0.512695 0.615234 0.512695 0.616211 0.511719 0.617188 0.511719 0.618164 0.510742 0.619141 0.510742 0.620117 0.509766 0.621094 0.509766 0.623047 0.507812 0.623047 0.506836 0.624023 0.505859 0.624023 0.501953 0.619141 0.49707 0.618164 0.49707 0.617188 0.496094 0.616211 0.496094 0.615234 0.495117
0 0.758789 0.686523 0.756836 0.688477 0.756836 0.693359 0.757812 0.693359 0.758789 0.694336 0.762695 0.694336 0.763672 0.693359 0.763672 0.691406 0.764648 0.69043 0.764648 0.6875 0.763672 0.686523
0 0.776367 0.642578 0.775391 0.643555 0.775391 0.648438 0.776367 0.649414 0.776367 0.650391 0.77832 0.652344 0.780273 0.652344 0.78125 0.651367 0.78125 0.645508 0.779297 0.643555 0.779297 0.642578
0 0.514648 0.756836 0.514648 0.757812 0.513672 0.758789 0.513672 0.766602 0.514648 0.767578 0.514648 0.771484 0.516602 0.773438 0.517578 0.773438 0.518555 0.774414 0.526367 0.774414 0.527344 0.773438 0.529297 0.773438 0.53125 0.771484 0.532227 0.771484 0.537109 0.766602 0.537109 0.762695 0.536133 0.761719 0.536133 0.760742 0.535156 0.760742 0.53418 0.759766 0.530273 0.759766 0.529297 0.758789 0.527344 0.758789 0.526367 0.759766 0.522461 0.759766 0.519531 0.756836
0 0.589844 0.542969 0.588867 0.543945 0.586914 0.543945 0.585938 0.544922 0.584961 0.544922 0.583008 0.546875 0.582031 0.546875 0.580078 0.548828 0.580078 0.552734 0.579102 0.553711 0.579102 0.554688 0.580078 0.555664 0.580078 0.557617 0.581055 0.558594 0.582031 0.558594 0.583008 0.55957 0.592773 0.55957 0.595703 0.556641 0.59668 0.556641 0.598633 0.554688 0.598633 0.547852 0.595703 0.544922 0.594727 0.544922 0.592773 0.542969
0 0.360352 0.96875 0.360352 0.969727 0.359375 0.970703 0.359375 0.97168 0.358398 0.972656 0.358398 0.976562 0.362305 0.976562 0.364258 0.974609 0.365234 0.974609 0.365234 0.973633 0.366211 0.972656 0.366211 0.96875
0 0.964844 0.196289 0.962891 0.198242 0.961914 0.198242 0.960938 0.199219 0.960938 0.201172 0.959961 0.202148 0.959961 0.203125 0.958984 0.204102 0.958984 0.212891 0.959961 0.213867 0.959961 0.214844 0.960938 0.21582 0.960938 0.217773 0.962891 0.219727 0.963867 0.219727 0.964844 0.220703 0.975586 0.220703 0.976562 0.219727 0.977539 0.219727 0.977539 0.21875 0.980469 0.21582 0.981445 0.21582 0.982422 0.214844 0.982422 0.210938 0.980469 0.208984 0.980469 0.207031 0.978516 0.205078 0.978516 0.203125 0.976562 0.201172 0.976562 0.200195 0.973633 0.197266 0.972656 0.197266 0.97168 0.196289
0 0.352539 0.967773 0.351562 0.96875 0.350586 0.96875 0.350586 0.969727 0.348633 0.97168 0.348633 0.973633 0.349609 0.974609 0.354492 0.974609 0.355469 0.973633 0.355469 0.96875 0.354492 0.967773
0 0.417969 0.229492 0.417969 0.231445 0.418945 0.232422 0.418945 0.233398 0.419922 0.234375 0.421875 0.234375 0.422852 0.233398 0.422852 0.230469 0.421875 0.229492
0 0.788086 0.625977 0.787109 0.626953 0.78418 0.626953 0.78125 0.629883 0.780273 0.629883 0.780273 0.630859 0.779297 0.631836 0.779297 0.632812 0.77832 0.633789 0.77832 0.640625 0.780273 0.642578 0.780273 0.643555 0.782227 0.645508 0.785156 0.645508 0.786133 0.646484 0.793945 0.646484 0.794922 0.645508 0.795898 0.645508 0.799805 0.641602 0.799805 0.640625 0.800781 0.639648 0.800781 0.638672 0.801758 0.637695 0.801758 0.632812 0.800781 0.631836 0.800781 0.629883 0.798828 0.62793 0.797852 0.62793 0.796875 0.626953 0.794922 0.626953 0.793945 0.625977
0 0.201172 0.629883 0.200195 0.630859 0.198242 0.630859 0.196289 0.632812 0.194336 0.632812 0.192383 0.634766 0.192383 0.642578 0.193359 0.643555 0.193359 0.644531 0.194336 0.645508 0.194336 0.647461 0.195312 0.648438 0.196289 0.648438 0.197266 0.649414 0.200195 0.649414 0.201172 0.650391 0.202148 0.649414 0.203125 0.650391 0.208008 0.650391 0.210938 0.647461 0.211914 0.647461 0.214844 0.644531 0.214844 0.643555 0.21582 0.642578 0.21582 0.641602 0.216797 0.640625 0.216797 0.639648 0.21582 0.638672 0.21582 0.635742 0.214844 0.634766 0.214844 0.633789 0.213867 0.633789 0.210938 0.630859 0.208984 0.630859 0.208008 0.629883
0 0.442383 0.219727 0.442383 0.224609 0.443359 0.225586 0.444336 0.225586 0.445312 0.226562 0.444336 0.227539 0.444336 0.229492 0.443359 0.230469 0.443359 0.232422 0.444336 0.232422 0.445312 0.233398 0.447266 0.233398 0.448242 0.234375 0.451172 0.234375 0.451172 0.233398 0.452148 0.232422 0.452148 0.229492 0.451172 0.228516 0.450195 0.228516 0.449219 0.227539 0.449219 0.226562 0.447266 0.226562 0.446289 0.225586 0.446289 0.223633 0.447266 0.222656 0.447266 0.219727
0 0.806641 0.498047 0.805664 0.499023 0.804688 0.499023 0.802734 0.500977 0.801758 0.500977 0.800781 0.501953 0.800781 0.50293 0.797852 0.505859 0.797852 0.507812 0.796875 0.508789 0.796875 0.518555 0.798828 0.520508 0.798828 0.521484 0.799805 0.522461 0.800781 0.522461 0.801758 0.523438 0.802734 0.523438 0.803711 0.524414 0.805664 0.524414 0.806641 0.525391 0.807617 0.525391 0.80957 0.523438 0.810547 0.523438 0.811523 0.522461 0.8125 0.522461 0.813477 0.521484 0.816406 0.521484 0.816406 0.520508 0.81543 0.519531 0.81543 0.518555 0.818359 0.515625 0.818359 0.514648 0.819336 0.513672 0.819336 0.506836 0.818359 0.505859 0.818359 0.503906 0.817383 0.50293 0.817383 0.501953 0.814453 0.499023 0.8125 0.499023 0.811523 0.498047
0 0.585938 0.253906 0.584961 0.254883 0.583984 0.254883 0.582031 0.256836 0.582031 0.259766 0.583008 0.260742 0.583008 0.261719 0.584961 0.263672 0.586914 0.263672 0.59082 0.259766 0.59082 0.256836 0.589844 0.255859 0.588867 0.255859 0.586914 0.253906
0 0.560547 0.240234 0.55957 0.241211 0.558594 0.241211 0.557617 0.242188 0.556641 0.242188 0.555664 0.243164 0.555664 0.244141 0.553711 0.246094 0.553711 0.24707 0.552734 0.248047 0.552734 0.25293 0.553711 0.253906 0.553711 0.254883 0.554688 0.255859 0.554688 0.256836 0.555664 0.257812 0.555664 0.258789 0.557617 0.260742 0.558594 0.260742 0.55957 0.261719 0.561523 0.261719 0.5625 0.262695 0.563477 0.261719 0.569336 0.261719 0.572266 0.258789 0.572266 0.25 0.570312 0.248047 0.569336 0.248047 0.568359 0.24707 0.568359 0.245117 0.566406 0.243164 0.566406 0.242188 0.56543 0.241211 0.564453 0.241211 0.563477 0.240234
0 0.365234 0.314453 0.364258 0.31543 0.362305 0.31543 0.360352 0.317383 0.359375 0.317383 0.358398 0.318359 0.358398 0.319336 0.356445 0.321289 0.356445 0.323242 0.355469 0.324219 0.355469 0.326172 0.354492 0.327148 0.354492 0.330078 0.355469 0.331055 0.355469 0.334961 0.356445 0.335938 0.356445 0.337891 0.358398 0.339844 0.358398 0.34082 0.359375 0.341797 0.367188 0.341797 0.368164 0.34082 0.369141 0.34082 0.370117 0.339844 0.37207 0.339844 0.375 0.336914 0.375 0.335938 0.375977 0.334961 0.376953 0.334961 0.37793 0.333984 0.376953 0.333984 0.375977 0.333008 0.375977 0.331055 0.376953 0.330078 0.376953 0.326172 0.375977 0.325195 0.375977 0.321289 0.375 0.320312 0.375 0.319336 0.374023 0.318359 0.374023 0.317383 0.37207 0.31543 0.371094 0.31543 0.370117 0.314453
0 0.669922 0.216797 0.669922 0.220703 0.668945 0.22168 0.668945 0.223633 0.669922 0.224609 0.671875 0.224609 0.672852 0.223633 0.672852 0.22168 0.673828 0.220703 0.673828 0.216797
0 0.917969 0.913086 0.916992 0.914062 0.916016 0.914062 0.915039 0.915039 0.914062 0.915039 0.913086 0.916016 0.913086 0.919922 0.914062 0.920898 0.918945 0.920898 0.918945 0.919922 0.919922 0.918945 0.919922 0.913086
0 0.679688 0.229492 0.677734 0.231445 0.677734 0.234375 0.680664 0.234375 0.682617 0.232422 0.682617 0.230469 0.681641 0.229492
0 0.395508 0.741211 0.393555 0.743164 0.391602 0.743164 0.390625 0.744141 0.389648 0.744141 0.388672 0.745117 0.387695 0.745117 0.386719 0.746094 0.386719 0.74707 0.383789 0.75 0.383789 0.753906 0.384766 0.754883 0.384766 0.755859 0.387695 0.758789 0.388672 0.758789 0.391602 0.761719 0.392578 0.761719 0.394531 0.763672 0.395508 0.763672 0.396484 0.764648 0.397461 0.763672 0.399414 0.763672 0.400391 0.762695 0.401367 0.762695 0.401367 0.761719 0.402344 0.760742 0.405273 0.760742 0.40625 0.759766 0.40625 0.757812 0.407227 0.756836 0.407227 0.75293 0.40625 0.751953 0.40625 0.750977 0.404297 0.749023 0.404297 0.748047 0.40332 0.748047 0.397461 0.742188 0.397461 0.741211 0.396484 0.742188
0 0.725586 0.150391 0.724609 0.151367 0.723633 0.151367 0.722656 0.152344 0.722656 0.154297 0.723633 0.155273 0.726562 0.155273 0.728516 0.15332 0.728516 0.151367 0.727539 0.150391
0 0.657227 0.206055 0.657227 0.211914 0.65625 0.212891 0.65625 0.21582 0.658203 0.21582 0.660156 0.213867 0.660156 0.212891 0.662109 0.210938 0.662109 0.208008 0.661133 0.207031 0.661133 0.206055
0 0.629883 0.179688 0.628906 0.180664 0.625977 0.180664 0.625 0.181641 0.620117 0.181641 0.619141 0.182617 0.619141 0.1875 0.620117 0.188477 0.623047 0.188477 0.624023 0.189453 0.625977 0.189453 0.62793 0.1875 0.629883 0.1875 0.629883 0.186523 0.630859 0.185547 0.630859 0.180664
0 0.521484 0.751953 0.521484 0.75293 0.520508 0.753906 0.520508 0.756836 0.522461 0.758789 0.526367 0.758789 0.52832 0.756836 0.52832 0.754883 0.525391 0.751953
0 0.758789 0.941406 0.757812 0.942383 0.757812 0.943359 0.756836 0.944336 0.756836 0.952148 0.757812 0.953125 0.757812 0.956055 0.758789 0.957031 0.758789 0.967773 0.759766 0.967773 0.760742 0.96875 0.761719 0.96875 0.764648 0.97168 0.767578 0.97168 0.768555 0.972656 0.770508 0.972656 0.771484 0.97168 0.773438 0.97168 0.774414 0.970703 0.775391 0.970703 0.77832 0.967773 0.77832 0.966797 0.779297 0.96582 0.779297 0.962891 0.780273 0.961914 0.780273 0.959961 0.779297 0.958984 0.779297 0.957031 0.77832 0.956055 0.77832 0.955078 0.775391 0.952148 0.774414 0.952148 0.772461 0.950195 0.771484 0.950195 0.763672 0.942383 0.762695 0.942383 0.761719 0.941406
0 0.206055 0.0292969 0.206055 0.0341797 0.205078 0.0351562 0.202148 0.0351562 0.201172 0.0361328 0.201172 0.0419922 0.202148 0.0429688 0.202148 0.0439453 0.203125 0.0449219 0.203125 0.0458984 0.204102 0.046875 0.204102 0.0478516 0.205078 0.0488281 0.205078 0.0498047 0.207031 0.0517578 0.207031 0.0527344 0.208008 0.0527344 0.208984 0.0537109 0.209961 0.0537109 0.210938 0.0546875 0.213867 0.0546875 0.214844 0.0556641 0.214844 0.0566406 0.21875 0.0566406 0.21875 0.0546875 0.222656 0.0507812 0.222656 0.0449219 0.22168 0.0439453 0.22168 0.0429688 0.220703 0.0419922 0.220703 0.0400391 0.219727 0.0390625 0.219727 0.0371094 0.216797 0.0341797 0.216797 0.0332031 0.21582 0.0332031 0.213867 0.03125 0.212891 0.03125 0.211914 0.0302734 0.209961 0.0302734 0.208984 0.0292969
0 0.918945 0.928711 0.918945 0.93457 0.917969 0.935547 0.917969 0.938477 0.920898 0.938477 0.922852 0.936523 0.922852 0.931641 0.920898 0.929688 0.920898 0.928711
0 0.369141 0.975586 0.368164 0.976562 0.367188 0.976562 0.365234 0.978516 0.365234 0.981445 0.368164 0.981445 0.369141 0.982422 0.37207 0.982422 0.375 0.979492 0.375 0.976562 0.374023 0.975586
0 0.356445 0.979492 0.356445 0.981445 0.359375 0.981445 0.360352 0.982422 0.363281 0.982422 0.363281 0.980469 0.362305 0.979492
0 0.189453 0.0146484 0.188477 0.015625 0.1875 0.015625 0.1875 0.0166016 0.188477 0.0175781 0.188477 0.0185547 0.189453 0.0195312 0.189453 0.0205078 0.191406 0.0224609 0.194336 0.0224609 0.195312 0.0214844 0.197266 0.0214844 0.198242 0.0205078 0.198242 0.0195312 0.197266 0.0185547 0.197266 0.0175781 0.194336 0.0146484
0 0.635742 0.396484 0.631836 0.400391 0.631836 0.401367 0.630859 0.402344 0.630859 0.40332 0.629883 0.404297 0.629883 0.405273 0.62793 0.407227 0.62793 0.40918 0.625977 0.411133 0.625977 0.413086 0.625 0.414062 0.625 0.415039 0.624023 0.416016 0.624023 0.416992 0.62207 0.418945 0.62207 0.419922 0.621094 0.420898 0.623047 0.420898 0.624023 0.421875 0.626953 0.421875 0.62793 0.420898 0.62793 0.419922 0.628906 0.418945 0.638672 0.418945 0.639648 0.419922 0.639648 0.417969 0.641602 0.416016 0.641602 0.415039 0.642578 0.414062 0.644531 0.414062 0.645508 0.413086 0.645508 0.412109 0.646484 0.411133 0.646484 0.410156 0.647461 0.40918 0.650391 0.40918 0.649414 0.408203 0.649414 0.407227 0.648438 0.40625 0.648438 0.405273 0.642578 0.399414 0.641602 0.399414 0.638672 0.396484
0 0.4375 0.224609 0.4375 0.225586 0.436523 0.226562 0.436523 0.229492 0.438477 0.229492 0.439453 0.230469 0.442383 0.230469 0.443359 0.229492 0.443359 0.226562 0.441406 0.224609
0 0.342773 0.959961 0.341797 0.960938 0.339844 0.960938 0.339844 0.961914 0.338867 0.962891 0.338867 0.966797 0.339844 0.967773 0.339844 0.969727 0.342773 0.969727 0.34375 0.96875 0.344727 0.96875 0.344727 0.967773 0.345703 0.966797 0.345703 0.96582 0.34668 0.964844 0.34668 0.960938 0.345703 0.959961
0 0.936523 0.84668 0.935547 0.847656 0.93457 0.847656 0.931641 0.850586 0.930664 0.850586 0.928711 0.852539 0.928711 0.856445 0.931641 0.859375 0.931641 0.860352 0.93457 0.863281 0.943359 0.863281 0.944336 0.862305 0.950195 0.862305 0.951172 0.861328 0.952148 0.861328 0.952148 0.860352 0.953125 0.859375 0.953125 0.851562 0.949219 0.847656 0.945312 0.847656 0.944336 0.84668
0 0.299805 0.457031 0.298828 0.458008 0.297852 0.458008 0.297852 0.458984 0.291016 0.46582 0.291016 0.46875 0.292969 0.470703 0.293945 0.470703 0.295898 0.472656 0.296875 0.472656 0.297852 0.473633 0.299805 0.473633 0.300781 0.472656 0.303711 0.472656 0.305664 0.470703 0.306641 0.470703 0.310547 0.466797 0.310547 0.463867 0.311523 0.462891 0.311523 0.461914 0.3125 0.460938 0.3125 0.458008 0.311523 0.458008 0.310547 0.457031
0 0.432617 0.223633 0.430664 0.225586 0.430664 0.229492 0.431641 0.228516 0.43457 0.228516 0.435547 0.229492 0.435547 0.226562 0.436523 0.225586 0.43457 0.223633
0 0.551758 0.613281 0.551758 0.614258 0.550781 0.615234 0.550781 0.618164 0.548828 0.620117 0.548828 0.623047 0.547852 0.624023 0.547852 0.628906 0.548828 0.629883 0.551758 0.629883 0.552734 0.630859 0.553711 0.629883 0.554688 0.629883 0.554688 0.626953 0.555664 0.625977 0.555664 0.625 0.556641 0.624023 0.556641 0.62207 0.557617 0.621094 0.557617 0.619141 0.558594 0.618164 0.558594 0.614258 0.556641 0.614258 0.555664 0.613281
0 0.782227 0.693359 0.78125 0.694336 0.777344 0.694336 0.777344 0.698242 0.77832 0.699219 0.77832 0.700195 0.779297 0.701172 0.779297 0.702148 0.780273 0.703125 0.780273 0.704102 0.782227 0.706055 0.782227 0.707031 0.785156 0.707031 0.785156 0.701172 0.787109 0.699219 0.787109 0.695312 0.786133 0.694336 0.785156 0.694336 0.78418 0.693359
0 0.6875 0.691406 0.686523 0.692383 0.68457 0.692383 0.683594 0.693359 0.682617 0.693359 0.681641 0.694336 0.680664 0.694336 0.680664 0.695312 0.678711 0.697266 0.678711 0.698242 0.677734 0.699219 0.677734 0.700195 0.676758 0.701172 0.676758 0.705078 0.675781 0.706055 0.675781 0.712891 0.676758 0.713867 0.676758 0.714844 0.677734 0.71582 0.677734 0.716797 0.678711 0.717773 0.678711 0.71875 0.686523 0.71875 0.688477 0.716797 0.689453 0.716797 0.69043 0.71582 0.691406 0.71582 0.691406 0.714844 0.694336 0.711914 0.694336 0.710938 0.695312 0.709961 0.695312 0.708984 0.696289 0.708008 0.696289 0.707031 0.697266 0.706055 0.697266 0.700195 0.696289 0.699219 0.696289 0.698242 0.695312 0.697266 0.695312 0.695312 0.692383 0.692383 0.691406 0.692383 0.69043 0.691406
0 0.178711 0.389648 0.177734 0.390625 0.176758 0.390625 0.175781 0.391602 0.175781 0.394531 0.174805 0.395508 0.174805 0.397461 0.173828 0.398438 0.173828 0.399414 0.172852 0.400391 0.172852 0.402344 0.173828 0.40332 0.173828 0.407227 0.174805 0.408203 0.174805 0.40918 0.176758 0.411133 0.177734 0.411133 0.178711 0.412109 0.179688 0.411133 0.181641 0.411133 0.18457 0.408203 0.18457 0.407227 0.185547 0.40625 0.186523 0.40625 0.186523 0.405273 0.188477 0.40332 0.188477 0.402344 0.189453 0.401367 0.189453 0.400391 0.191406 0.398438 0.192383 0.398438 0.192383 0.395508 0.186523 0.389648
0 0.573242 0.015625 0.573242 0.0166016 0.572266 0.0175781 0.572266 0.0205078 0.573242 0.0214844 0.575195 0.0214844 0.575195 0.0205078 0.576172 0.0195312 0.576172 0.015625
0 0.441406 0.233398 0.441406 0.236328 0.442383 0.237305 0.445312 0.237305 0.446289 0.238281 0.446289 0.242188 0.452148 0.242188 0.453125 0.241211 0.453125 0.239258 0.452148 0.238281 0.452148 0.237305 0.451172 0.237305 0.449219 0.235352 0.448242 0.235352 0.447266 0.234375 0.445312 0.234375 0.444336 0.233398
0 0.811523 0.649414 0.810547 0.650391 0.807617 0.650391 0.806641 0.651367 0.805664 0.651367 0.804688 0.652344 0.803711 0.652344 0.802734 0.65332 0.801758 0.65332 0.801758 0.654297 0.800781 0.655273 0.800781 0.65918 0.801758 0.660156 0.801758 0.661133 0.804688 0.664062 0.805664 0.664062 0.806641 0.665039 0.807617 0.665039 0.808594 0.666016 0.80957 0.666016 0.810547 0.666992 0.8125 0.666992 0.813477 0.667969 0.814453 0.666992 0.816406 0.666992 0.817383 0.667969 0.818359 0.667969 0.821289 0.665039 0.822266 0.665039 0.823242 0.664062 0.826172 0.664062 0.826172 0.663086 0.827148 0.662109 0.828125 0.662109 0.829102 0.661133 0.829102 0.660156 0.830078 0.65918 0.831055 0.65918 0.833008 0.657227 0.833008 0.65625 0.833984 0.655273 0.833984 0.654297 0.834961 0.65332 0.834961 0.651367 0.833008 0.649414 0.821289 0.649414 0.820312 0.650391 0.816406 0.650391 0.81543 0.649414 0.814453 0.650391 0.813477 0.650391 0.8125 0.649414
0 0.702148 0.205078 0.701172 0.206055 0.701172 0.209961 0.706055 0.209961 0.707031 0.208984 0.707031 0.206055 0.706055 0.205078
0 0.103516 0.790039 0.101562 0.791992 0.100586 0.791016 0.0976562 0.791016 0.0957031 0.792969 0.09375 0.792969 0.0927734 0.793945 0.0917969 0.793945 0.0888672 0.796875 0.0888672 0.797852 0.0878906 0.798828 0.0888672 0.799805 0.0888672 0.802734 0.0898438 0.802734 0.0908203 0.803711 0.0908203 0.804688 0.0927734 0.806641 0.09375 0.806641 0.0947266 0.807617 0.0957031 0.807617 0.0966797 0.808594 0.0966797 0.80957 0.0976562 0.810547 0.106445 0.810547 0.107422 0.80957 0.108398 0.80957 0.112305 0.805664 0.112305 0.804688 0.113281 0.803711 0.113281 0.800781 0.112305 0.799805 0.112305 0.796875 0.110352 0.794922 0.110352 0.793945 0.109375 0.792969 0.108398 0.792969 0.107422 0.791992 0.107422 0.791016 0.106445 0.790039 0.105469 0.790039 0.104492 0.791016
0 0.742188 0.683594 0.741211 0.68457 0.740234 0.68457 0.740234 0.686523 0.741211 0.6875 0.739258 0.689453 0.738281 0.689453 0.738281 0.692383 0.739258 0.693359 0.740234 0.693359 0.741211 0.694336 0.742188 0.694336 0.743164 0.695312 0.749023 0.695312 0.749023 0.69043 0.74707 0.688477 0.74707 0.685547 0.745117 0.683594
0 0.9375 0.866211 0.936523 0.867188 0.935547 0.867188 0.933594 0.869141 0.932617 0.869141 0.931641 0.870117 0.930664 0.870117 0.929688 0.871094 0.928711 0.871094 0.927734 0.87207 0.926758 0.87207 0.925781 0.873047 0.924805 0.873047 0.924805 0.874023 0.920898 0.87793 0.920898 0.878906 0.919922 0.879883 0.919922 0.880859 0.920898 0.881836 0.920898 0.884766 0.922852 0.886719 0.923828 0.886719 0.925781 0.888672 0.935547 0.888672 0.936523 0.887695 0.9375 0.887695 0.938477 0.886719 0.939453 0.886719 0.941406 0.884766 0.942383 0.884766 0.943359 0.883789 0.943359 0.882812 0.947266 0.878906 0.947266 0.87793 0.948242 0.876953 0.948242 0.87207 0.945312 0.869141 0.945312 0.867188 0.944336 0.866211
0 0.875 0.442383 0.874023 0.443359 0.873047 0.443359 0.87207 0.444336 0.87207 0.445312 0.871094 0.446289 0.871094 0.447266 0.870117 0.448242 0.870117 0.449219 0.871094 0.450195 0.871094 0.451172 0.874023 0.451172 0.875 0.452148 0.878906 0.452148 0.878906 0.445312 0.87793 0.444336 0.87793 0.443359 0.876953 0.443359 0.875977 0.442383
0 0.769531 0.638672 0.768555 0.639648 0.768555 0.643555 0.769531 0.644531 0.769531 0.645508 0.770508 0.646484 0.770508 0.648438 0.771484 0.649414 0.774414 0.649414 0.774414 0.643555 0.775391 0.642578 0.775391 0.640625 0.774414 0.640625 0.772461 0.638672
0 0.341797 0.970703 0.341797 0.974609 0.342773 0.975586 0.342773 0.976562 0.345703 0.976562 0.345703 0.972656 0.34375 0.970703
0 0.43457 0.208008 0.433594 0.208984 0.433594 0.210938 0.43457 0.211914 0.43457 0.214844 0.438477 0.214844 0.438477 0.213867 0.439453 0.212891 0.439453 0.208008
0 0.202148 0.0234375 0.202148 0.0244141 0.201172 0.0253906 0.202148 0.0263672 0.202148 0.0273438 0.200195 0.0292969 0.195312 0.0292969 0.194336 0.0302734 0.191406 0.0302734 0.19043 0.0292969 0.19043 0.0302734 0.189453 0.03125 0.189453 0.0332031 0.19043 0.0341797 0.193359 0.0341797 0.196289 0.0371094 0.197266 0.0371094 0.198242 0.0361328 0.200195 0.0361328 0.203125 0.0332031 0.203125 0.03125 0.204102 0.0302734 0.204102 0.0244141 0.203125 0.0234375
0 0.915039 0.477539 0.914062 0.478516 0.912109 0.478516 0.908203 0.482422 0.908203 0.484375 0.907227 0.485352 0.907227 0.491211 0.908203 0.492188 0.908203 0.499023 0.910156 0.499023 0.912109 0.500977 0.916016 0.500977 0.918945 0.498047 0.918945 0.49707 0.924805 0.491211 0.924805 0.490234 0.925781 0.489258 0.925781 0.481445 0.922852 0.478516 0.919922 0.478516 0.918945 0.477539
0 0.566406 0.386719 0.56543 0.387695 0.564453 0.387695 0.563477 0.388672 0.563477 0.390625 0.5625 0.391602 0.563477 0.392578 0.563477 0.394531 0.564453 0.395508 0.564453 0.396484 0.570312 0.402344 0.571289 0.402344 0.573242 0.404297 0.573242 0.405273 0.579102 0.405273 0.580078 0.404297 0.580078 0.40332 0.581055 0.402344 0.581055 0.395508 0.580078 0.394531 0.580078 0.393555 0.576172 0.389648 0.575195 0.389648 0.573242 0.387695 0.572266 0.387695 0.571289 0.386719
0 0.435547 0.21582 0.43457 0.216797 0.43457 0.222656 0.435547 0.223633 0.439453 0.223633 0.441406 0.22168 0.441406 0.217773 0.44043 0.216797 0.438477 0.216797 0.4375 0.21582
0 0.253906 0.505859 0.251953 0.507812 0.251953 0.508789 0.250977 0.509766 0.250977 0.515625 0.251953 0.516602 0.251953 0.519531 0.25293 0.520508 0.25293 0.521484 0.256836 0.525391 0.256836 0.526367 0.257812 0.526367 0.258789 0.527344 0.259766 0.527344 0.260742 0.52832 0.261719 0.52832 0.262695 0.529297 0.271484 0.529297 0.272461 0.52832 0.273438 0.52832 0.274414 0.527344 0.276367 0.527344 0.27832 0.525391 0.27832 0.519531 0.277344 0.518555 0.277344 0.516602 0.276367 0.515625 0.276367 0.513672 0.275391 0.512695 0.275391 0.511719 0.273438 0.509766 0.272461 0.509766 0.270508 0.507812 0.269531 0.507812 0.268555 0.506836 0.265625 0.506836 0.264648 0.505859
0 0.505859 0.65625 0.504883 0.657227 0.503906 0.657227 0.50293 0.658203 0.50293 0.662109 0.503906 0.663086 0.505859 0.663086 0.506836 0.664062 0.507812 0.664062 0.508789 0.663086 0.509766 0.663086 0.509766 0.658203 0.508789 0.657227 0.506836 0.657227
0 0.703125 0.200195 0.702148 0.201172 0.701172 0.201172 0.701172 0.204102 0.706055 0.204102 0.707031 0.205078 0.708008 0.205078 0.708984 0.204102 0.710938 0.204102 0.710938 0.201172 0.709961 0.200195
0 0.78418 0.000976562 0.78418 0.00488281 0.785156 0.00585938 0.785156 0.00683594 0.787109 0.00683594 0.788086 0.00585938 0.788086 0.00488281 0.789062 0.00390625 0.789062 0.000976562
0 0.639648 0.174805 0.638672 0.175781 0.635742 0.175781 0.634766 0.176758 0.633789 0.176758 0.632812 0.177734 0.632812 0.178711 0.631836 0.179688 0.631836 0.185547 0.630859 0.186523 0.630859 0.194336 0.633789 0.197266 0.635742 0.197266 0.636719 0.198242 0.647461 0.198242 0.648438 0.197266 0.649414 0.197266 0.651367 0.195312 0.651367 0.193359 0.652344 0.192383 0.652344 0.183594 0.651367 0.182617 0.651367 0.179688 0.650391 0.178711 0.650391 0.177734 0.649414 0.176758 0.648438 0.176758 0.647461 0.175781 0.646484 0.175781 0.645508 0.174805
0 0.165039 0.808594 0.165039 0.80957 0.164062 0.810547 0.161133 0.810547 0.160156 0.811523 0.160156 0.814453 0.162109 0.816406 0.163086 0.816406 0.164062 0.817383 0.164062 0.818359 0.166016 0.820312 0.166992 0.820312 0.167969 0.821289 0.168945 0.821289 0.169922 0.822266 0.170898 0.822266 0.171875 0.823242 0.172852 0.823242 0.173828 0.824219 0.174805 0.824219 0.175781 0.825195 0.178711 0.825195 0.179688 0.826172 0.180664 0.825195 0.183594 0.825195 0.18457 0.824219 0.18457 0.819336 0.180664 0.81543 0.179688 0.81543 0.178711 0.814453 0.176758 0.814453 0.175781 0.813477 0.174805 0.813477 0.172852 0.811523 0.172852 0.810547 0.171875 0.80957 0.169922 0.80957 0.168945 0.808594
0 0.319336 0.194336 0.318359 0.195312 0.317383 0.195312 0.314453 0.198242 0.311523 0.198242 0.311523 0.208008 0.30957 0.209961 0.305664 0.209961 0.306641 0.209961 0.307617 0.210938 0.307617 0.213867 0.308594 0.214844 0.308594 0.216797 0.310547 0.21875 0.311523 0.21875 0.3125 0.217773 0.313477 0.217773 0.314453 0.216797 0.314453 0.209961 0.31543 0.208984 0.31543 0.207031 0.316406 0.206055 0.316406 0.205078 0.317383 0.204102 0.317383 0.203125 0.321289 0.199219 0.321289 0.196289
0 0.691406 0.220703 0.69043 0.22168 0.69043 0.226562 0.693359 0.226562 0.694336 0.225586 0.694336 0.224609 0.695312 0.223633 0.695312 0.22168 0.694336 0.220703
0 0.49707 0.665039 0.496094 0.666016 0.496094 0.669922 0.49707 0.670898 0.498047 0.670898 0.499023 0.671875 0.500977 0.671875 0.50293 0.669922 0.50293 0.666992 0.501953 0.666016 0.501953 0.665039
0 0.976562 0.793945 0.975586 0.794922 0.975586 0.795898 0.974609 0.796875 0.974609 0.800781 0.975586 0.800781 0.976562 0.801758 0.978516 0.801758 0.980469 0.799805 0.980469 0.794922 0.979492 0.794922 0.978516 0.793945
0 0.745117 0.516602 0.744141 0.517578 0.743164 0.517578 0.742188 0.518555 0.742188 0.523438 0.743164 0.524414 0.743164 0.525391 0.744141 0.526367 0.744141 0.52832 0.745117 0.52832 0.746094 0.529297 0.75 0.529297 0.750977 0.52832 0.751953 0.52832 0.75293 0.527344 0.75293 0.522461 0.749023 0.518555 0.749023 0.517578 0.748047 0.516602
0 0.879883 0.446289 0.879883 0.454102 0.880859 0.455078 0.881836 0.455078 0.882812 0.456055 0.884766 0.456055 0.884766 0.455078 0.885742 0.454102 0.885742 0.451172 0.884766 0.450195 0.884766 0.449219 0.883789 0.448242 0.883789 0.447266 0.882812 0.446289
0 0.599609 0.673828 0.597656 0.675781 0.597656 0.676758 0.601562 0.680664 0.604492 0.680664 0.605469 0.679688 0.606445 0.679688 0.606445 0.678711 0.607422 0.677734 0.607422 0.674805 0.606445 0.673828
0 0.426758 0.233398 0.425781 0.234375 0.425781 0.238281 0.427734 0.240234 0.433594 0.240234 0.433594 0.239258 0.43457 0.238281 0.43457 0.235352 0.432617 0.235352 0.431641 0.234375 0.430664 0.234375 0.429688 0.233398
0 0.681641 0.223633 0.681641 0.228516 0.683594 0.230469 0.685547 0.230469 0.685547 0.224609 0.68457 0.223633
0 0.669922 0.167969 0.669922 0.168945 0.667969 0.170898 0.667969 0.176758 0.666992 0.177734 0.666992 0.181641 0.666016 0.182617 0.666016 0.18457 0.665039 0.185547 0.665039 0.186523 0.666016 0.1875 0.666016 0.188477 0.667969 0.19043 0.667969 0.191406 0.670898 0.194336 0.673828 0.194336 0.674805 0.193359 0.674805 0.191406 0.675781 0.19043 0.675781 0.179688 0.674805 0.178711 0.674805 0.173828 0.673828 0.172852 0.673828 0.170898 0.672852 0.169922 0.672852 0.168945 0.671875 0.167969
0 0.519531 0.662109 0.518555 0.663086 0.517578 0.663086 0.515625 0.665039 0.514648 0.665039 0.514648 0.666016 0.512695 0.667969 0.512695 0.668945 0.511719 0.669922 0.511719 0.672852 0.510742 0.673828 0.510742 0.674805 0.511719 0.675781 0.510742 0.676758 0.510742 0.678711 0.511719 0.679688 0.511719 0.682617 0.513672 0.68457 0.514648 0.68457 0.516602 0.686523 0.518555 0.686523 0.519531 0.6875 0.520508 0.686523 0.523438 0.686523 0.524414 0.685547 0.525391 0.685547 0.526367 0.68457 0.527344 0.68457 0.527344 0.683594 0.530273 0.680664 0.530273 0.679688 0.53125 0.678711 0.53125 0.677734 0.532227 0.676758 0.532227 0.674805 0.533203 0.673828 0.533203 0.668945 0.532227 0.667969 0.532227 0.666992 0.53125 0.666016 0.53125 0.665039 0.530273 0.664062 0.529297 0.664062 0.527344 0.662109
0 0.427734 0.208984 0.426758 0.209961 0.426758 0.212891 0.427734 0.212891 0.429688 0.214844 0.430664 0.214844 0.431641 0.21582 0.433594 0.21582 0.433594 0.211914 0.430664 0.208984
0 0.151367 0.891602 0.150391 0.892578 0.149414 0.892578 0.148438 0.893555 0.147461 0.893555 0.144531 0.896484 0.144531 0.898438 0.143555 0.899414 0.143555 0.905273 0.144531 0.90625 0.144531 0.907227 0.146484 0.90918 0.149414 0.90918 0.150391 0.908203 0.154297 0.908203 0.155273 0.907227 0.15625 0.907227 0.157227 0.90625 0.157227 0.905273 0.160156 0.902344 0.160156 0.900391 0.161133 0.899414 0.161133 0.894531 0.158203 0.891602
0 0.431641 0.229492 0.430664 0.230469 0.430664 0.233398 0.431641 0.233398 0.432617 0.234375 0.43457 0.234375 0.43457 0.229492
0 0.3125 0.189453 0.3125 0.19043 0.310547 0.192383 0.310547 0.194336 0.30957 0.195312 0.30957 0.197266 0.314453 0.197266 0.317383 0.194336 0.318359 0.194336 0.318359 0.192383 0.317383 0.191406 0.317383 0.19043 0.316406 0.19043 0.31543 0.189453
0 0.707031 0.12793 0.706055 0.128906 0.706055 0.132812 0.708008 0.134766 0.714844 0.134766 0.714844 0.131836 0.713867 0.130859 0.713867 0.129883 0.712891 0.128906 0.711914 0.128906 0.710938 0.12793
0 0.435547 0.230469 0.435547 0.235352 0.436523 0.236328 0.439453 0.236328 0.439453 0.235352 0.44043 0.234375 0.44043 0.231445 0.439453 0.231445 0.438477 0.230469
0 0.426758 0.225586 0.424805 0.227539 0.424805 0.228516 0.423828 0.229492 0.423828 0.231445 0.424805 0.232422 0.429688 0.232422 0.429688 0.226562 0.428711 0.225586
0 0.4375 0.244141 0.436523 0.245117 0.435547 0.245117 0.432617 0.248047 0.432617 0.25 0.431641 0.250977 0.431641 0.254883 0.433594 0.256836 0.433594 0.257812 0.436523 0.257812 0.439453 0.254883 0.439453 0.253906 0.441406 0.251953 0.441406 0.245117 0.44043 0.245117 0.439453 0.244141
0 0.370117 0.96582 0.368164 0.967773 0.368164 0.96875 0.367188 0.969727 0.367188 0.974609 0.371094 0.974609 0.374023 0.97168 0.374023 0.966797 0.373047 0.96582
0 0.605469 0.613281 0.603516 0.615234 0.603516 0.621094 0.607422 0.621094 0.608398 0.620117 0.608398 0.615234 0.607422 0.614258 0.606445 0.614258
0 0.782227 0.646484 0.782227 0.650391 0.783203 0.650391 0.78418 0.651367 0.78418 0.654297 0.786133 0.654297 0.786133 0.65332 0.787109 0.652344 0.787109 0.648438 0.785156 0.646484
0 0.873047 0.499023 0.868164 0.503906 0.866211 0.503906 0.864258 0.505859 0.864258 0.507812 0.863281 0.508789 0.863281 0.517578 0.864258 0.518555 0.864258 0.519531 0.865234 0.520508 0.865234 0.522461 0.867188 0.522461 0.868164 0.523438 0.870117 0.523438 0.871094 0.524414 0.87207 0.524414 0.873047 0.525391 0.875 0.525391 0.875977 0.524414 0.875977 0.521484 0.876953 0.520508 0.876953 0.517578 0.879883 0.514648 0.879883 0.508789 0.878906 0.507812 0.878906 0.501953 0.87793 0.500977 0.87793 0.5 0.874023 0.5
0 0.416992 0.220703 0.416016 0.22168 0.416016 0.224609 0.419922 0.228516 0.423828 0.228516 0.423828 0.227539 0.426758 0.224609 0.427734 0.224609 0.426758 0.223633 0.425781 0.223633 0.424805 0.222656 0.423828 0.222656 0.422852 0.22168 0.421875 0.22168 0.420898 0.220703
0 0.427734 0 0.427734 0.000976562 0.428711 0.000976562 0.429688 0.00195312 0.430664 0.00195312 0.431641 0.00292969 0.432617 0.00292969 0.435547 0.00585938 0.44043 0.00585938 0.441406 0.00488281 0.442383 0.00488281 0.443359 0.00390625 0.444336 0.00390625 0.445312 0.00292969 0.447266 0.00292969 0.447266 0.00195312 0.448242 0.000976562 0.449219 0.000976562 0.449219 0
0 0.638672 0.652344 0.637695 0.65332 0.635742 0.65332 0.634766 0.654297 0.633789 0.654297 0.629883 0.658203 0.629883 0.65918 0.628906 0.660156 0.628906 0.661133 0.62793 0.662109 0.62793 0.666016 0.626953 0.666992 0.626953 0.672852 0.62793 0.673828 0.62793 0.675781 0.628906 0.676758 0.636719 0.676758 0.637695 0.675781 0.638672 0.675781 0.639648 0.674805 0.639648 0.673828 0.640625 0.672852 0.640625 0.671875 0.641602 0.670898 0.641602 0.669922 0.643555 0.667969 0.643555 0.663086 0.642578 0.662109 0.642578 0.65918 0.643555 0.658203 0.642578 0.657227 0.642578 0.655273 0.641602 0.654297 0.641602 0.65332 0.640625 0.652344
0 0.671875 0.239258 0.670898 0.240234 0.669922 0.240234 0.669922 0.241211 0.668945 0.242188 0.668945 0.246094 0.669922 0.24707 0.669922 0.248047 0.671875 0.25 0.673828 0.25 0.674805 0.249023 0.674805 0.248047 0.675781 0.24707 0.678711 0.24707 0.678711 0.242188 0.677734 0.241211 0.677734 0.240234 0.676758 0.240234 0.675781 0.239258
0 0.52832 0.744141 0.527344 0.745117 0.527344 0.750977 0.530273 0.750977 0.530273 0.75 0.532227 0.748047 0.532227 0.746094 0.530273 0.744141
0 0.358398 0.988281 0.356445 0.990234 0.352539 0.990234 0.351562 0.989258 0.347656 0.989258 0.347656 0.994141 0.348633 0.995117 0.350586 0.995117 0.351562 0.994141 0.352539 0.995117 0.358398 0.995117 0.359375 0.994141 0.359375 0.993164 0.360352 0.992188 0.360352 0.988281
0 0.0566406 0.760742 0.0556641 0.761719 0.0488281 0.761719 0.0478516 0.762695 0.046875 0.762695 0.0458984 0.763672 0.0449219 0.763672 0.0439453 0.764648 0.0410156 0.764648 0.0390625 0.766602 0.0390625 0.767578 0.0380859 0.768555 0.0380859 0.773438 0.0400391 0.775391 0.0400391 0.776367 0.0410156 0.776367 0.0419922 0.777344 0.0439453 0.777344 0.0449219 0.77832 0.0449219 0.779297 0.0507812 0.779297 0.0517578 0.77832 0.0527344 0.77832 0.0546875 0.776367 0.0556641 0.776367 0.0566406 0.775391 0.0566406 0.774414 0.0576172 0.773438 0.0576172 0.772461 0.0585938 0.771484 0.0585938 0.770508 0.0595703 0.769531 0.0595703 0.768555 0.0615234 0.766602 0.0615234 0.763672 0.0585938 0.760742
0 0.0849609 0.804688 0.0830078 0.806641 0.0820312 0.806641 0.0800781 0.808594 0.0791016 0.808594 0.0771484 0.810547 0.0771484 0.811523 0.078125 0.8125 0.078125 0.814453 0.0791016 0.81543 0.0800781 0.81543 0.0810547 0.816406 0.0820312 0.816406 0.0830078 0.817383 0.0859375 0.817383 0.0869141 0.816406 0.0888672 0.816406 0.0898438 0.81543 0.0898438 0.813477 0.0908203 0.8125 0.0908203 0.810547 0.0898438 0.80957 0.0898438 0.808594 0.0888672 0.808594 0.0869141 0.806641 0.0869141 0.804688
0 0.547852 0.606445 0.545898 0.608398 0.543945 0.608398 0.540039 0.612305 0.540039 0.621094 0.541016 0.62207 0.541016 0.623047 0.541992 0.624023 0.541992 0.625 0.543945 0.626953 0.546875 0.626953 0.546875 0.624023 0.547852 0.623047 0.547852 0.620117 0.549805 0.618164 0.549805 0.615234 0.550781 0.614258 0.550781 0.613281 0.551758 0.612305 0.555664 0.612305 0.556641 0.613281 0.558594 0.613281 0.55957 0.614258 0.55957 0.618164 0.558594 0.619141 0.558594 0.621094 0.557617 0.62207 0.557617 0.624023 0.556641 0.625 0.556641 0.625977 0.555664 0.626953 0.555664 0.629883 0.557617 0.629883 0.558594 0.628906 0.55957 0.628906 0.560547 0.62793 0.561523 0.62793 0.564453 0.625 0.564453 0.624023 0.56543 0.623047 0.56543 0.62207 0.566406 0.621094 0.566406 0.612305 0.564453 0.610352 0.564453 0.609375 0.5625 0.607422 0.561523 0.607422 0.560547 0.606445
0 0.40332 0.212891 0.402344 0.213867 0.401367 0.213867 0.399414 0.21582 0.398438 0.21582 0.397461 0.216797 0.395508 0.216797 0.394531 0.217773 0.394531 0.21875 0.393555 0.219727 0.393555 0.222656 0.394531 0.223633 0.394531 0.225586 0.397461 0.228516 0.399414 0.228516 0.400391 0.229492 0.404297 0.229492 0.405273 0.230469 0.407227 0.230469 0.40918 0.228516 0.40918 0.213867 0.408203 0.212891
0 0.349609 0.982422 0.349609 0.983398 0.348633 0.984375 0.348633 0.987305 0.349609 0.988281 0.351562 0.988281 0.352539 0.989258 0.356445 0.989258 0.357422 0.988281 0.357422 0.985352 0.356445 0.984375 0.355469 0.984375 0.353516 0.982422
0 0.445312 0.78418 0.444336 0.785156 0.443359 0.785156 0.442383 0.786133 0.441406 0.786133 0.44043 0.787109 0.439453 0.787109 0.438477 0.788086 0.4375 0.788086 0.436523 0.789062 0.435547 0.789062 0.435547 0.790039 0.43457 0.791016 0.43457 0.791992 0.433594 0.792969 0.433594 0.799805 0.435547 0.799805 0.436523 0.800781 0.438477 0.800781 0.439453 0.801758 0.44043 0.801758 0.441406 0.802734 0.443359 0.802734 0.444336 0.803711 0.447266 0.803711 0.448242 0.802734 0.449219 0.802734 0.450195 0.801758 0.451172 0.801758 0.453125 0.799805 0.454102 0.799805 0.455078 0.798828 0.457031 0.798828 0.458008 0.797852 0.458008 0.791992 0.458984 0.791016 0.458008 0.790039 0.458008 0.788086 0.457031 0.787109 0.456055 0.787109 0.455078 0.786133 0.454102 0.786133 0.453125 0.785156 0.452148 0.785156 0.451172 0.78418
0 0.609375 0.172852 0.608398 0.173828 0.601562 0.173828 0.599609 0.175781 0.599609 0.19043 0.604492 0.19043 0.605469 0.189453 0.607422 0.189453 0.609375 0.1875 0.612305 0.1875 0.614258 0.185547 0.614258 0.181641 0.613281 0.180664 0.613281 0.173828 0.612305 0.173828 0.611328 0.172852
0 0.584961 0.585938 0.583984 0.586914 0.583008 0.586914 0.582031 0.587891 0.582031 0.589844 0.583984 0.591797 0.584961 0.591797 0.585938 0.592773 0.587891 0.592773 0.587891 0.591797 0.588867 0.59082 0.588867 0.588867 0.587891 0.587891 0.587891 0.586914 0.586914 0.585938
