0 0.65625 0.0976562 0.648438 0.105469 0.648438 0.128906 0.65625 0.136719 0.660156 0.136719 0.664062 0.140625 0.667969 0.140625 0.679688 0.152344 0.695312 0.152344 0.699219 0.148438 0.707031 0.148438 0.707031 0.144531 0.714844 0.136719 0.714844 0.113281 0.710938 0.113281 0.707031 0.109375 0.699219 0.109375 0.695312 0.105469 0.691406 0.105469 0.683594 0.0976562
0 0.394531 0.945312 0.390625 0.949219 0.386719 0.949219 0.371094 0.964844 0.371094 0.984375 0.382812 0.996094 0.398438 0.996094 0.402344 0.992188 0.410156 0.992188 0.425781 0.976562 0.425781 0.957031 0.417969 0.949219 0.414062 0.949219 0.410156 0.945312
0 0.976562 0.546875 0.976562 0.550781 0.972656 0.554688 0.964844 0.554688 0.960938 0.558594 0.960938 0.5625 0.957031 0.566406 0.957031 0.574219 0.953125 0.578125 0.953125 0.601562 0.960938 0.609375 0.96875 0.609375 0.972656 0.605469 0.976562 0.605469 0.980469 0.601562 0.988281 0.601562 0.992188 0.597656 0.992188 0.59375 0.996094 0.589844 0.996094 0.554688 0.992188 0.550781 0.992188 0.546875
0 0.984375 0.5 0.980469 0.503906 0.980469 0.527344 0.988281 0.535156 0.996094 0.535156 0.996094 0.507812 0.992188 0.503906 0.992188 0.5
0 0.820312 0 0.820312 0.00390625 0.824219 0.0078125 0.824219 0.0117188 0.828125 0.015625 0.828125 0.0195312 0.832031 0.0195312 0.839844 0.0273438 0.855469 0.0273438 0.859375 0.0234375 0.863281 0.0234375 0.871094 0.015625 0.871094 0
0 0.347656 0.296875 0.347656 0.300781 0.34375 0.304688 0.34375 0.339844 0.347656 0.34375 0.347656 0.355469 0.351562 0.359375 0.351562 0.367188 0.375 0.367188 0.378906 0.363281 0.382812 0.363281 0.382812 0.359375 0.386719 0.355469 0.386719 0.34375 0.390625 0.339844 0.390625 0.324219 0.386719 0.320312 0.386719 0.3125 0.375 0.300781 0.371094 0.300781 0.367188 0.296875
0 0.359375 0.355469 0.363281 0.351562 0.367188 0.355469 0.363281 0.359375
0 0.121094 0.238281 0.113281 0.246094 0.113281 0.25 0.105469 0.257812 0.105469 0.277344 0.109375 0.28125 0.109375 0.296875 0.117188 0.304688 0.140625 0.304688 0.144531 0.300781 0.148438 0.300781 0.148438 0.296875 0.152344 0.292969 0.152344 0.289062 0.15625 0.285156 0.15625 0.257812 0.152344 0.253906 0.152344 0.25 0.140625 0.238281
0 0.242188 0.4375 0.238281 0.441406 0.238281 0.464844 0.242188 0.46875 0.242188 0.472656 0.246094 0.476562 0.246094 0.480469 0.253906 0.488281 0.253906 0.492188 0.277344 0.492188 0.28125 0.488281 0.28125 0.460938 0.273438 0.453125 0.273438 0.449219 0.265625 0.441406 0.257812 0.441406 0.253906 0.4375
0 0.164062 0.878906 0.160156 0.882812 0.160156 0.894531 0.164062 0.898438 0.175781 0.898438 0.179688 0.894531 0.179688 0.882812 0.175781 0.878906
0 0.160156 0.792969 0.15625 0.796875 0.152344 0.796875 0.148438 0.800781 0.144531 0.800781 0.132812 0.8125 0.132812 0.816406 0.128906 0.820312 0.128906 0.851562 0.136719 0.859375 0.167969 0.859375 0.171875 0.855469 0.183594 0.855469 0.1875 0.851562 0.195312 0.851562 0.199219 0.847656 0.203125 0.847656 0.210938 0.839844 0.210938 0.835938 0.214844 0.832031 0.214844 0.808594 0.210938 0.804688 0.210938 0.800781 0.207031 0.800781 0.203125 0.796875 0.199219 0.796875 0.195312 0.792969
0 0.902344 0.792969 0.898438 0.796875 0.890625 0.796875 0.886719 0.800781 0.882812 0.800781 0.878906 0.804688 0.875 0.804688 0.867188 0.8125 0.867188 0.816406 0.863281 0.820312 0.859375 0.820312 0.859375 0.824219 0.855469 0.828125 0.855469 0.851562 0.859375 0.855469 0.859375 0.859375 0.863281 0.863281 0.875 0.863281 0.878906 0.859375 0.886719 0.859375 0.890625 0.855469 0.894531 0.855469 0.898438 0.851562 0.902344 0.851562 0.914062 0.839844 0.917969 0.839844 0.917969 0.832031 0.921875 0.828125 0.921875 0.824219 0.925781 0.820312 0.925781 0.808594 0.921875 0.804688 0.921875 0.800781 0.917969 0.796875 0.914062 0.796875 0.910156 0.792969
