0 0.78125 0.355469 0.777344 0.359375 0.769531 0.359375 0.765625 0.363281 0.765625 0.398438 0.753906 0.410156 0.753906 0.414062 0.757812 0.417969 0.761719 0.417969 0.765625 0.421875 0.769531 0.421875 0.773438 0.425781 0.777344 0.425781 0.78125 0.429688 0.796875 0.429688 0.800781 0.433594 0.804688 0.433594 0.808594 0.429688 0.816406 0.429688 0.820312 0.425781 0.816406 0.421875 0.816406 0.414062 0.820312 0.410156 0.820312 0.390625 0.816406 0.386719 0.816406 0.375 0.796875 0.355469
0 0.796875 0.199219 0.792969 0.203125 0.789062 0.203125 0.78125 0.210938 0.78125 0.214844 0.777344 0.21875 0.777344 0.246094 0.78125 0.25 0.78125 0.253906 0.789062 0.261719 0.792969 0.261719 0.796875 0.265625 0.816406 0.265625 0.820312 0.261719 0.824219 0.261719 0.828125 0.257812 0.828125 0.253906 0.835938 0.246094 0.835938 0.222656 0.832031 0.21875 0.832031 0.214844 0.824219 0.207031 0.816406 0.207031 0.8125 0.203125 0.804688 0.203125 0.800781 0.199219
0 0.414062 0.601562 0.410156 0.605469 0.402344 0.605469 0.398438 0.609375 0.394531 0.609375 0.375 0.628906 0.375 0.648438 0.378906 0.652344 0.378906 0.65625 0.382812 0.660156 0.382812 0.664062 0.398438 0.679688 0.402344 0.679688 0.40625 0.683594 0.433594 0.683594 0.453125 0.664062 0.453125 0.632812 0.445312 0.625 0.445312 0.621094 0.4375 0.613281 0.433594 0.613281 0.429688 0.609375 0.425781 0.609375 0.417969 0.601562
0 0.621094 0.738281 0.617188 0.742188 0.609375 0.742188 0.59375 0.757812 0.59375 0.761719 0.585938 0.769531 0.585938 0.785156 0.589844 0.789062 0.589844 0.792969 0.609375 0.8125 0.617188 0.8125 0.621094 0.816406 0.632812 0.816406 0.636719 0.820312 0.648438 0.820312 0.652344 0.816406 0.65625 0.816406 0.667969 0.804688 0.667969 0.769531 0.664062 0.765625 0.664062 0.761719 0.644531 0.742188 0.640625 0.742188 0.636719 0.738281
0 0.257812 0 0.257812 0.0195312 0.269531 0.03125 0.269531 0.0351562 0.277344 0.0429688 0.28125 0.0429688 0.285156 0.046875 0.289062 0.046875 0.292969 0.0429688 0.304688 0.0429688 0.308594 0.0390625 0.3125 0.0390625 0.320312 0.03125 0.320312 0.0273438 0.324219 0.0234375 0.324219 0.0078125 0.328125 0.00390625 0.328125 0
0 0.0976562 0.300781 0.09375 0.304688 0.0898438 0.304688 0.0820312 0.3125 0.0820312 0.324219 0.0664062 0.339844 0.0664062 0.34375 0.0625 0.347656 0.0625 0.355469 0.0664062 0.359375 0.0664062 0.363281 0.0859375 0.382812 0.121094 0.382812 0.144531 0.359375 0.144531 0.332031 0.136719 0.324219 0.136719 0.320312 0.128906 0.3125 0.125 0.3125 0.121094 0.308594 0.117188 0.308594 0.113281 0.304688 0.109375 0.304688 0.105469 0.300781
0 0.328125 0.332031 0.320312 0.339844 0.316406 0.339844 0.3125 0.34375 0.3125 0.363281 0.316406 0.367188 0.316406 0.371094 0.320312 0.375 0.320312 0.382812 0.328125 0.390625 0.359375 0.390625 0.367188 0.382812 0.367188 0.378906 0.371094 0.375 0.371094 0.347656 0.367188 0.34375 0.367188 0.339844 0.359375 0.332031
0 0.0507812 0.75 0.046875 0.753906 0.046875 0.761719 0.0507812 0.765625 0.0585938 0.765625 0.0625 0.761719 0.0625 0.753906 0.0585938 0.75
0 0.121094 0.539062 0.117188 0.542969 0.117188 0.546875 0.113281 0.550781 0.113281 0.554688 0.109375 0.558594 0.109375 0.5625 0.113281 0.566406 0.113281 0.578125 0.109375 0.582031 0.109375 0.605469 0.113281 0.609375 0.117188 0.609375 0.121094 0.613281 0.125 0.613281 0.128906 0.617188 0.136719 0.617188 0.140625 0.621094 0.148438 0.621094 0.15625 0.613281 0.160156 0.613281 0.171875 0.601562 0.171875 0.589844 0.183594 0.578125 0.183594 0.5625 0.179688 0.558594 0.179688 0.554688 0.175781 0.550781 0.175781 0.546875 0.171875 0.542969 0.167969 0.542969 0.164062 0.539062
0 0.46875 0.167969 0.464844 0.171875 0.460938 0.171875 0.445312 0.1875 0.445312 0.191406 0.441406 0.195312 0.449219 0.203125 0.449219 0.25 0.480469 0.25 0.484375 0.246094 0.488281 0.246094 0.492188 0.242188 0.5 0.242188 0.503906 0.238281 0.507812 0.238281 0.519531 0.226562 0.519531 0.222656 0.523438 0.21875 0.523438 0.203125 0.519531 0.199219 0.515625 0.199219 0.507812 0.191406 0.507812 0.1875 0.5 0.179688 0.5 0.175781 0.496094 0.171875 0.492188 0.171875 0.488281 0.167969
0 0.898438 0.753906 0.894531 0.757812 0.886719 0.757812 0.882812 0.761719 0.878906 0.761719 0.871094 0.769531 0.871094 0.78125 0.863281 0.789062 0.863281 0.796875 0.851562 0.808594 0.851562 0.84375 0.867188 0.859375 0.886719 0.859375 0.890625 0.855469 0.898438 0.855469 0.910156 0.84375 0.910156 0.828125 0.914062 0.824219 0.914062 0.820312 0.929688 0.804688 0.929688 0.800781 0.933594 0.796875 0.933594 0.785156 0.9375 0.78125 0.9375 0.769531 0.933594 0.765625 0.933594 0.761719 0.929688 0.757812 0.925781 0.757812 0.921875 0.753906
0 0.230469 0.207031 0.226562 0.210938 0.222656 0.210938 0.210938 0.222656 0.210938 0.226562 0.207031 0.230469 0.207031 0.242188 0.210938 0.246094 0.210938 0.25 0.230469 0.269531 0.234375 0.269531 0.246094 0.28125 0.246094 0.289062 0.253906 0.296875 0.261719 0.296875 0.269531 0.289062 0.269531 0.277344 0.292969 0.253906 0.292969 0.246094 0.296875 0.242188 0.296875 0.226562 0.292969 0.222656 0.289062 0.222656 0.28125 0.214844 0.277344 0.214844 0.273438 0.210938 0.265625 0.210938 0.261719 0.207031
0 0.339844 0.445312 0.335938 0.449219 0.328125 0.449219 0.324219 0.453125 0.320312 0.453125 0.3125 0.460938 0.3125 0.464844 0.308594 0.46875 0.308594 0.492188 0.3125 0.496094 0.3125 0.503906 0.328125 0.519531 0.335938 0.519531 0.339844 0.523438 0.355469 0.523438 0.359375 0.519531 0.363281 0.519531 0.367188 0.515625 0.371094 0.515625 0.375 0.511719 0.375 0.5 0.382812 0.492188 0.382812 0.480469 0.378906 0.476562 0.378906 0.464844 0.375 0.460938 0.375 0.457031 0.371094 0.453125 0.367188 0.453125 0.363281 0.449219 0.359375 0.449219 0.355469 0.445312
0 0.015625 0.570312 0.0117188 0.574219 0.0078125 0.574219 0.00390625 0.578125 0 0.578125 0 0.625 0.0078125 0.632812 0.0117188 0.632812 0.015625 0.636719 0.0234375 0.636719 0.0273438 0.640625 0.0429688 0.640625 0.0546875 0.628906 0.0585938 0.628906 0.0664062 0.621094 0.0664062 0.617188 0.0703125 0.613281 0.0703125 0.601562 0.0664062 0.597656 0.0664062 0.589844 0.0585938 0.582031 0.046875 0.582031 0.0429688 0.578125 0.0390625 0.578125 0.0351562 0.574219 0.03125 0.574219 0.0273438 0.570312
0 0.125 0.414062 0.117188 0.421875 0.117188 0.425781 0.109375 0.433594 0.101562 0.433594 0.0898438 0.445312 0.0859375 0.445312 0.0742188 0.457031 0.0742188 0.46875 0.0703125 0.472656 0.0703125 0.476562 0.0859375 0.492188 0.0859375 0.496094 0.0898438 0.5 0.09375 0.5 0.0976562 0.503906 0.109375 0.503906 0.117188 0.511719 0.125 0.511719 0.128906 0.507812 0.132812 0.507812 0.148438 0.492188 0.148438 0.484375 0.152344 0.480469 0.152344 0.476562 0.148438 0.472656 0.148438 0.460938 0.136719 0.449219 0.136719 0.445312 0.132812 0.441406 0.132812 0.4375 0.136719 0.433594 0.136719 0.421875 0.128906 0.414062
0 0.230469 0.332031 0.222656 0.339844 0.21875 0.339844 0.195312 0.363281 0.195312 0.386719 0.199219 0.390625 0.199219 0.394531 0.203125 0.398438 0.207031 0.398438 0.21875 0.410156 0.226562 0.410156 0.234375 0.402344 0.238281 0.402344 0.265625 0.375 0.269531 0.375 0.269531 0.359375 0.265625 0.355469 0.265625 0.351562 0.25 0.335938 0.242188 0.335938 0.238281 0.332031
0 0.53125 0.148438 0.523438 0.15625 0.519531 0.15625 0.515625 0.160156 0.515625 0.175781 0.527344 0.1875 0.554688 0.1875 0.5625 0.179688 0.5625 0.175781 0.558594 0.171875 0.558594 0.164062 0.542969 0.148438
0 0.828125 0.890625 0.820312 0.898438 0.820312 0.910156 0.824219 0.914062 0.839844 0.914062 0.847656 0.90625 0.847656 0.902344 0.84375 0.898438 0.84375 0.894531 0.839844 0.890625
0 0.265625 0.378906 0.238281 0.40625 0.234375 0.40625 0.230469 0.410156 0.230469 0.429688 0.234375 0.433594 0.234375 0.441406 0.242188 0.449219 0.246094 0.449219 0.25 0.453125 0.28125 0.453125 0.285156 0.449219 0.289062 0.449219 0.300781 0.4375 0.300781 0.425781 0.304688 0.421875 0.304688 0.394531 0.289062 0.378906
0 0.820312 0.429688 0.816406 0.433594 0.808594 0.433594 0.800781 0.441406 0.800781 0.445312 0.789062 0.457031 0.789062 0.476562 0.792969 0.480469 0.792969 0.488281 0.804688 0.5 0.8125 0.5 0.816406 0.503906 0.84375 0.503906 0.847656 0.5 0.847656 0.496094 0.855469 0.488281 0.855469 0.484375 0.863281 0.476562 0.863281 0.464844 0.867188 0.460938 0.867188 0.445312 0.863281 0.441406 0.863281 0.4375 0.859375 0.433594 0.851562 0.433594 0.847656 0.429688
0 0.203125 0.488281 0.195312 0.496094 0.191406 0.496094 0.1875 0.5 0.1875 0.515625 0.191406 0.519531 0.191406 0.523438 0.195312 0.527344 0.195312 0.53125 0.207031 0.542969 0.230469 0.542969 0.246094 0.527344 0.246094 0.523438 0.25 0.519531 0.25 0.515625 0.246094 0.511719 0.246094 0.503906 0.242188 0.5 0.242188 0.496094 0.238281 0.492188 0.234375 0.492188 0.230469 0.488281
0 0.292969 0.691406 0.289062 0.695312 0.289062 0.707031 0.292969 0.710938 0.300781 0.710938 0.304688 0.707031 0.304688 0.695312 0.300781 0.691406
0 0.996094 0.273438 0.984375 0.285156 0.984375 0.316406 0.988281 0.320312 0.988281 0.324219 0.992188 0.328125 0.992188 0.335938 0.996094 0.339844
0 0.175781 0.632812 0.171875 0.636719 0.160156 0.636719 0.15625 0.640625 0.152344 0.640625 0.136719 0.65625 0.136719 0.683594 0.152344 0.699219 0.152344 0.707031 0.15625 0.710938 0.15625 0.726562 0.164062 0.734375 0.191406 0.734375 0.195312 0.730469 0.199219 0.730469 0.21875 0.710938 0.21875 0.671875 0.214844 0.667969 0.214844 0.664062 0.210938 0.660156 0.210938 0.648438 0.195312 0.632812
0 0.632812 0.0703125 0.628906 0.0742188 0.625 0.0742188 0.621094 0.078125 0.621094 0.0820312 0.625 0.0859375 0.625 0.0976562 0.644531 0.117188 0.644531 0.121094 0.660156 0.136719 0.664062 0.136719 0.667969 0.140625 0.6875 0.140625 0.691406 0.136719 0.695312 0.136719 0.699219 0.132812 0.703125 0.132812 0.707031 0.128906 0.707031 0.125 0.710938 0.121094 0.710938 0.113281 0.714844 0.109375 0.714844 0.105469 0.710938 0.101562 0.710938 0.09375 0.695312 0.078125 0.691406 0.078125 0.6875 0.0742188 0.648438 0.0742188 0.644531 0.0703125
0 0.949219 0.640625 0.945312 0.644531 0.941406 0.644531 0.933594 0.652344 0.933594 0.671875 0.9375 0.675781 0.9375 0.679688 0.945312 0.6875 0.945312 0.691406 0.949219 0.695312 0.953125 0.695312 0.964844 0.707031 0.96875 0.707031 0.972656 0.710938 0.984375 0.710938 0.988281 0.707031 0.992188 0.707031 0.996094 0.703125 0.996094 0.644531 0.992188 0.644531 0.988281 0.640625
0 0.0664062 0.777344 0.0625 0.78125 0.0585938 0.78125 0.0546875 0.785156 0.0507812 0.785156 0.046875 0.789062 0.046875 0.792969 0.0390625 0.800781 0.0390625 0.820312 0.0625 0.84375 0.0976562 0.84375 0.109375 0.832031 0.109375 0.820312 0.113281 0.816406 0.113281 0.808594 0.109375 0.804688 0.109375 0.796875 0.105469 0.792969 0.105469 0.789062 0.101562 0.785156 0.0976562 0.785156 0.09375 0.78125 0.0898438 0.78125 0.0859375 0.777344
0 0.519531 0.339844 0.515625 0.34375 0.503906 0.34375 0.5 0.347656 0.496094 0.347656 0.488281 0.355469 0.488281 0.359375 0.484375 0.363281 0.484375 0.367188 0.480469 0.371094 0.480469 0.382812 0.484375 0.386719 0.484375 0.394531 0.492188 0.402344 0.496094 0.402344 0.507812 0.414062 0.511719 0.414062 0.523438 0.402344 0.527344 0.402344 0.53125 0.40625 0.535156 0.40625 0.539062 0.410156 0.542969 0.410156 0.546875 0.40625 0.550781 0.40625 0.554688 0.402344 0.554688 0.398438 0.558594 0.394531 0.558594 0.382812 0.554688 0.378906 0.554688 0.363281 0.550781 0.359375 0.550781 0.355469 0.546875 0.351562 0.546875 0.34375 0.542969 0.339844
0 0.429688 0.199219 0.421875 0.207031 0.414062 0.207031 0.398438 0.222656 0.398438 0.226562 0.394531 0.230469 0.394531 0.265625 0.398438 0.269531 0.417969 0.269531 0.425781 0.261719 0.429688 0.261719 0.433594 0.257812 0.4375 0.257812 0.445312 0.25 0.445312 0.203125 0.441406 0.199219
0 0.835938 0.0585938 0.832031 0.0625 0.824219 0.0625 0.820312 0.0664062 0.816406 0.0664062 0.800781 0.0820312 0.800781 0.0859375 0.796875 0.0898438 0.796875 0.117188 0.800781 0.121094 0.800781 0.125 0.804688 0.128906 0.804688 0.132812 0.816406 0.144531 0.820312 0.144531 0.824219 0.148438 0.828125 0.148438 0.832031 0.152344 0.84375 0.152344 0.847656 0.148438 0.855469 0.148438 0.863281 0.140625 0.867188 0.140625 0.886719 0.121094 0.886719 0.113281 0.890625 0.109375 0.890625 0.0976562 0.886719 0.09375 0.886719 0.0859375 0.867188 0.0664062 0.863281 0.0664062 0.859375 0.0625 0.855469 0.0625 0.851562 0.0585938
0 0.554688 0.976562 0.539062 0.992188 0.539062 0.996094 0.613281 0.996094 0.613281 0.984375 0.609375 0.980469 0.574219 0.980469 0.570312 0.976562
0 0.882812 0.523438 0.878906 0.527344 0.875 0.527344 0.867188 0.535156 0.867188 0.539062 0.855469 0.550781 0.855469 0.570312 0.863281 0.578125 0.863281 0.582031 0.871094 0.589844 0.871094 0.597656 0.882812 0.609375 0.914062 0.609375 0.925781 0.597656 0.925781 0.59375 0.933594 0.585938 0.933594 0.582031 0.9375 0.578125 0.9375 0.554688 0.933594 0.550781 0.933594 0.542969 0.917969 0.527344 0.914062 0.527344 0.910156 0.523438
0 0.304688 0.71875 0.300781 0.722656 0.296875 0.722656 0.285156 0.734375 0.285156 0.742188 0.265625 0.761719 0.265625 0.769531 0.285156 0.789062 0.320312 0.789062 0.324219 0.785156 0.332031 0.785156 0.335938 0.78125 0.335938 0.777344 0.34375 0.769531 0.34375 0.734375 0.335938 0.726562 0.332031 0.726562 0.324219 0.71875
0 0.433594 0 0.433594 0.015625 0.445312 0.0273438 0.453125 0.0273438 0.457031 0.03125 0.460938 0.03125 0.464844 0.0273438 0.46875 0.0273438 0.472656 0.0234375 0.484375 0.0234375 0.496094 0.0117188 0.496094 0
0 0.804688 0.613281 0.800781 0.617188 0.796875 0.617188 0.773438 0.640625 0.773438 0.648438 0.769531 0.652344 0.769531 0.667969 0.773438 0.671875 0.773438 0.675781 0.777344 0.679688 0.777344 0.683594 0.78125 0.6875 0.789062 0.6875 0.792969 0.691406 0.796875 0.691406 0.800781 0.695312 0.808594 0.695312 0.8125 0.691406 0.816406 0.691406 0.824219 0.683594 0.828125 0.683594 0.84375 0.667969 0.84375 0.644531 0.828125 0.628906 0.828125 0.625 0.824219 0.621094 0.820312 0.621094 0.8125 0.613281
0 0.691406 0.199219 0.683594 0.207031 0.683594 0.214844 0.679688 0.21875 0.679688 0.242188 0.6875 0.25 0.695312 0.25 0.699219 0.253906 0.710938 0.253906 0.722656 0.242188 0.722656 0.21875 0.71875 0.214844 0.71875 0.210938 0.707031 0.199219
0 0.300781 0.238281 0.300781 0.242188 0.296875 0.246094 0.296875 0.253906 0.273438 0.277344 0.273438 0.289062 0.261719 0.300781 0.265625 0.304688 0.277344 0.304688 0.289062 0.316406 0.292969 0.316406 0.304688 0.328125 0.308594 0.328125 0.316406 0.335938 0.320312 0.335938 0.328125 0.328125 0.351562 0.328125 0.351562 0.320312 0.355469 0.316406 0.355469 0.3125 0.363281 0.304688 0.363281 0.300781 0.367188 0.296875 0.367188 0.28125 0.359375 0.273438 0.359375 0.269531 0.335938 0.246094 0.328125 0.246094 0.324219 0.242188 0.308594 0.242188 0.304688 0.238281
0 0.613281 0.265625 0.609375 0.269531 0.605469 0.269531 0.601562 0.273438 0.601562 0.277344 0.597656 0.28125 0.597656 0.289062 0.59375 0.292969 0.59375 0.304688 0.597656 0.308594 0.597656 0.316406 0.625 0.34375 0.628906 0.34375 0.636719 0.351562 0.640625 0.351562 0.644531 0.355469 0.65625 0.355469 0.660156 0.359375 0.675781 0.359375 0.679688 0.355469 0.6875 0.355469 0.691406 0.351562 0.691406 0.347656 0.695312 0.34375 0.695312 0.316406 0.691406 0.3125 0.691406 0.308594 0.679688 0.296875 0.679688 0.292969 0.660156 0.273438 0.65625 0.273438 0.652344 0.269531 0.640625 0.269531 0.636719 0.265625
0 0.957031 0.914062 0.953125 0.917969 0.949219 0.917969 0.945312 0.921875 0.941406 0.921875 0.933594 0.929688 0.933594 0.933594 0.945312 0.945312 0.957031 0.945312 0.960938 0.941406 0.964844 0.941406 0.96875 0.9375 0.976562 0.9375 0.988281 0.925781 0.988281 0.921875 0.980469 0.914062
0 0.855469 0.265625 0.847656 0.273438 0.847656 0.277344 0.84375 0.28125 0.84375 0.285156 0.839844 0.289062 0.839844 0.292969 0.835938 0.296875 0.835938 0.3125 0.851562 0.328125 0.890625 0.328125 0.914062 0.304688 0.914062 0.285156 0.902344 0.273438 0.898438 0.273438 0.894531 0.269531 0.890625 0.269531 0.886719 0.265625
0 0.714844 0.355469 0.710938 0.359375 0.707031 0.359375 0.695312 0.371094 0.695312 0.386719 0.699219 0.390625 0.699219 0.398438 0.71875 0.417969 0.738281 0.417969 0.742188 0.414062 0.746094 0.414062 0.761719 0.398438 0.761719 0.363281 0.757812 0.359375 0.753906 0.359375 0.75 0.355469
0 0.832031 0.980469 0.828125 0.984375 0.820312 0.984375 0.8125 0.992188 0.8125 0.996094 0.859375 0.996094 0.859375 0.992188 0.847656 0.980469
0 0.945312 0.414062 0.941406 0.417969 0.933594 0.417969 0.929688 0.421875 0.925781 0.421875 0.921875 0.425781 0.917969 0.425781 0.914062 0.429688 0.914062 0.433594 0.910156 0.4375 0.910156 0.472656 0.914062 0.476562 0.914062 0.480469 0.917969 0.484375 0.933594 0.484375 0.9375 0.488281 0.960938 0.488281 0.964844 0.484375 0.96875 0.484375 0.988281 0.464844 0.988281 0.441406 0.984375 0.4375 0.984375 0.429688 0.976562 0.421875 0.96875 0.421875 0.964844 0.417969 0.960938 0.417969 0.957031 0.414062
0 0.238281 0.558594 0.230469 0.566406 0.226562 0.566406 0.21875 0.574219 0.21875 0.582031 0.222656 0.585938 0.222656 0.59375 0.234375 0.605469 0.238281 0.605469 0.246094 0.613281 0.257812 0.613281 0.261719 0.609375 0.265625 0.609375 0.277344 0.597656 0.277344 0.574219 0.265625 0.5625 0.261719 0.5625 0.257812 0.558594
