0 0.78125 0.523438 0.777344 0.527344 0.769531 0.527344 0.761719 0.535156 0.761719 0.539062 0.757812 0.542969 0.757812 0.546875 0.753906 0.550781 0.753906 0.558594 0.757812 0.5625 0.757812 0.566406 0.777344 0.585938 0.796875 0.585938 0.800781 0.582031 0.804688 0.582031 0.808594 0.578125 0.8125 0.578125 0.828125 0.5625 0.828125 0.558594 0.832031 0.554688 0.832031 0.550781 0.828125 0.546875 0.828125 0.539062 0.820312 0.53125 0.816406 0.53125 0.808594 0.523438
0 0.164062 0.347656 0.160156 0.351562 0.160156 0.355469 0.148438 0.367188 0.144531 0.367188 0.136719 0.375 0.136719 0.394531 0.140625 0.398438 0.140625 0.410156 0.15625 0.425781 0.1875 0.425781 0.191406 0.421875 0.195312 0.421875 0.199219 0.417969 0.203125 0.417969 0.210938 0.410156 0.210938 0.402344 0.207031 0.398438 0.207031 0.367188 0.191406 0.351562 0.1875 0.351562 0.183594 0.347656
0 0.347656 0.945312 0.34375 0.949219 0.339844 0.949219 0.332031 0.957031 0.332031 0.960938 0.328125 0.964844 0.328125 0.972656 0.316406 0.984375 0.316406 0.988281 0.324219 0.996094 0.386719 0.996094 0.386719 0.972656 0.378906 0.964844 0.378906 0.960938 0.371094 0.953125 0.367188 0.953125 0.363281 0.949219 0.359375 0.949219 0.355469 0.945312
0 0.421875 0.703125 0.414062 0.710938 0.410156 0.710938 0.40625 0.714844 0.386719 0.714844 0.375 0.726562 0.375 0.742188 0.371094 0.746094 0.371094 0.75 0.367188 0.753906 0.367188 0.773438 0.375 0.78125 0.378906 0.78125 0.382812 0.785156 0.425781 0.785156 0.441406 0.769531 0.441406 0.765625 0.449219 0.757812 0.449219 0.753906 0.453125 0.75 0.449219 0.746094 0.449219 0.738281 0.445312 0.734375 0.441406 0.734375 0.429688 0.722656 0.429688 0.71875 0.425781 0.714844 0.425781 0.703125
0 0.113281 0.441406 0.109375 0.445312 0.105469 0.445312 0.101562 0.449219 0.0976562 0.449219 0.078125 0.46875 0.078125 0.484375 0.0820312 0.488281 0.0820312 0.5 0.078125 0.503906 0.078125 0.507812 0.0898438 0.519531 0.09375 0.519531 0.0976562 0.523438 0.101562 0.523438 0.105469 0.527344 0.113281 0.527344 0.121094 0.535156 0.125 0.535156 0.128906 0.53125 0.132812 0.53125 0.144531 0.519531 0.144531 0.507812 0.148438 0.503906 0.148438 0.464844 0.132812 0.449219 0.128906 0.449219 0.121094 0.441406
0 0.25 0.542969 0.246094 0.546875 0.234375 0.546875 0.230469 0.550781 0.226562 0.550781 0.214844 0.5625 0.214844 0.566406 0.210938 0.570312 0.210938 0.585938 0.214844 0.589844 0.214844 0.601562 0.222656 0.609375 0.222656 0.613281 0.230469 0.621094 0.234375 0.621094 0.238281 0.625 0.261719 0.625 0.265625 0.621094 0.28125 0.621094 0.289062 0.613281 0.292969 0.613281 0.296875 0.609375 0.296875 0.574219 0.292969 0.570312 0.292969 0.566406 0.273438 0.546875 0.269531 0.546875 0.265625 0.542969
0 0.425781 0.410156 0.40625 0.429688 0.40625 0.433594 0.402344 0.4375 0.402344 0.457031 0.40625 0.460938 0.40625 0.476562 0.410156 0.480469 0.410156 0.488281 0.414062 0.492188 0.4375 0.492188 0.441406 0.488281 0.445312 0.488281 0.449219 0.492188 0.464844 0.492188 0.46875 0.488281 0.472656 0.488281 0.476562 0.484375 0.480469 0.484375 0.484375 0.480469 0.488281 0.480469 0.492188 0.476562 0.492188 0.464844 0.496094 0.460938 0.496094 0.445312 0.492188 0.441406 0.492188 0.4375 0.488281 0.433594 0.488281 0.429688 0.484375 0.425781 0.472656 0.425781 0.46875 0.421875 0.464844 0.421875 0.460938 0.417969 0.457031 0.417969 0.449219 0.410156
0 0.601562 0.945312 0.597656 0.949219 0.589844 0.949219 0.585938 0.953125 0.574219 0.953125 0.550781 0.976562 0.550781 0.980469 0.554688 0.984375 0.554688 0.996094 0.625 0.996094 0.628906 0.992188 0.628906 0.984375 0.625 0.980469 0.625 0.976562 0.632812 0.96875 0.636719 0.96875 0.640625 0.964844 0.640625 0.957031 0.636719 0.953125 0.625 0.953125 0.621094 0.949219 0.613281 0.949219 0.609375 0.945312
0 0.210938 0.0898438 0.207031 0.09375 0.203125 0.09375 0.195312 0.101562 0.191406 0.101562 0.179688 0.113281 0.175781 0.113281 0.171875 0.117188 0.171875 0.148438 0.175781 0.152344 0.175781 0.15625 0.179688 0.160156 0.179688 0.164062 0.1875 0.171875 0.1875 0.175781 0.195312 0.183594 0.195312 0.1875 0.199219 0.191406 0.203125 0.191406 0.210938 0.199219 0.210938 0.210938 0.214844 0.214844 0.234375 0.214844 0.238281 0.210938 0.25 0.210938 0.253906 0.207031 0.261719 0.207031 0.273438 0.195312 0.273438 0.1875 0.28125 0.179688 0.28125 0.160156 0.285156 0.15625 0.285156 0.140625 0.28125 0.136719 0.28125 0.128906 0.277344 0.125 0.277344 0.117188 0.273438 0.113281 0.273438 0.109375 0.253906 0.0898438
0 0.308594 0.710938 0.300781 0.71875 0.300781 0.726562 0.292969 0.734375 0.292969 0.742188 0.289062 0.746094 0.289062 0.757812 0.292969 0.761719 0.292969 0.765625 0.296875 0.769531 0.296875 0.773438 0.300781 0.777344 0.308594 0.777344 0.3125 0.78125 0.324219 0.78125 0.328125 0.777344 0.332031 0.777344 0.335938 0.773438 0.339844 0.773438 0.34375 0.769531 0.34375 0.765625 0.347656 0.761719 0.347656 0.757812 0.351562 0.753906 0.351562 0.746094 0.347656 0.742188 0.347656 0.726562 0.335938 0.714844 0.324219 0.714844 0.320312 0.710938
0 0 0 0 0.0351562 0.0078125 0.0429688 0.0078125 0.0546875 0 0.0625 0 0.125 0.0078125 0.132812 0.015625 0.132812 0.046875 0.101562 0.046875 0.0976562 0.0507812 0.09375 0.0507812 0.0859375 0.0546875 0.0820312 0.0546875 0.0625 0.0507812 0.0585938 0.0507812 0.0429688 0.046875 0.0390625 0.046875 0.0351562 0.0429688 0.03125 0.0429688 0.0273438 0.0234375 0.0078125 0.0195312 0.0078125 0.0117188 0
0 0.652344 0.605469 0.648438 0.609375 0.644531 0.609375 0.632812 0.621094 0.632812 0.628906 0.628906 0.632812 0.628906 0.65625 0.636719 0.664062 0.640625 0.664062 0.652344 0.675781 0.671875 0.675781 0.675781 0.671875 0.683594 0.671875 0.691406 0.664062 0.691406 0.65625 0.695312 0.652344 0.695312 0.617188 0.691406 0.613281 0.683594 0.613281 0.679688 0.609375 0.664062 0.609375 0.660156 0.605469
0 0.375 0.566406 0.371094 0.570312 0.363281 0.570312 0.359375 0.574219 0.359375 0.578125 0.355469 0.582031 0.355469 0.585938 0.351562 0.589844 0.351562 0.628906 0.355469 0.632812 0.359375 0.632812 0.371094 0.644531 0.378906 0.644531 0.382812 0.640625 0.394531 0.640625 0.398438 0.636719 0.40625 0.636719 0.417969 0.625 0.417969 0.621094 0.421875 0.617188 0.421875 0.609375 0.414062 0.601562 0.414062 0.597656 0.40625 0.589844 0.40625 0.585938 0.390625 0.570312 0.382812 0.570312 0.378906 0.566406
0 0.785156 0.972656 0.78125 0.976562 0.773438 0.976562 0.753906 0.996094 0.820312 0.996094 0.816406 0.992188 0.816406 0.988281 0.808594 0.980469 0.804688 0.980469 0.800781 0.976562 0.792969 0.976562 0.789062 0.972656
0 0.230469 0.339844 0.226562 0.34375 0.222656 0.34375 0.21875 0.347656 0.21875 0.351562 0.207031 0.363281 0.210938 0.367188 0.210938 0.398438 0.214844 0.402344 0.214844 0.410156 0.210938 0.414062 0.210938 0.417969 0.214844 0.421875 0.21875 0.421875 0.222656 0.425781 0.238281 0.425781 0.242188 0.429688 0.257812 0.429688 0.265625 0.421875 0.269531 0.421875 0.28125 0.410156 0.28125 0.398438 0.285156 0.394531 0.285156 0.375 0.265625 0.355469 0.261719 0.355469 0.246094 0.339844
0 0.503906 0.160156 0.496094 0.167969 0.496094 0.171875 0.492188 0.175781 0.492188 0.179688 0.488281 0.183594 0.488281 0.199219 0.484375 0.203125 0.484375 0.210938 0.507812 0.234375 0.515625 0.234375 0.519531 0.238281 0.53125 0.238281 0.535156 0.234375 0.546875 0.234375 0.554688 0.226562 0.554688 0.21875 0.558594 0.214844 0.558594 0.210938 0.5625 0.207031 0.5625 0.171875 0.554688 0.164062 0.539062 0.164062 0.535156 0.160156
0 0 0.769531 0 0.828125 0.00390625 0.828125 0.015625 0.816406 0.015625 0.8125 0.0195312 0.808594 0.0195312 0.785156 0.00390625 0.769531
0 0.484375 0.585938 0.464844 0.605469 0.464844 0.628906 0.472656 0.636719 0.476562 0.636719 0.484375 0.644531 0.492188 0.644531 0.496094 0.640625 0.507812 0.640625 0.511719 0.636719 0.515625 0.636719 0.527344 0.625 0.527344 0.613281 0.523438 0.609375 0.523438 0.605469 0.519531 0.601562 0.519531 0.597656 0.515625 0.59375 0.511719 0.59375 0.507812 0.589844 0.503906 0.589844 0.5 0.585938
0 0.625 0.0703125 0.621094 0.0742188 0.617188 0.0742188 0.609375 0.0820312 0.609375 0.0859375 0.605469 0.0898438 0.605469 0.113281 0.609375 0.117188 0.609375 0.128906 0.613281 0.132812 0.613281 0.136719 0.617188 0.140625 0.621094 0.140625 0.625 0.144531 0.65625 0.144531 0.660156 0.140625 0.664062 0.140625 0.675781 0.128906 0.675781 0.105469 0.671875 0.101562 0.671875 0.09375 0.667969 0.0898438 0.667969 0.0859375 0.652344 0.0703125
0 0.441406 0.980469 0.4375 0.984375 0.4375 0.996094 0.480469 0.996094 0.46875 0.984375 0.460938 0.984375 0.457031 0.980469
0 0.710938 0.777344 0.703125 0.785156 0.703125 0.789062 0.695312 0.796875 0.695312 0.808594 0.691406 0.8125 0.691406 0.816406 0.6875 0.820312 0.6875 0.832031 0.691406 0.835938 0.691406 0.851562 0.703125 0.863281 0.71875 0.863281 0.722656 0.867188 0.746094 0.867188 0.769531 0.84375 0.769531 0.839844 0.773438 0.835938 0.773438 0.808594 0.765625 0.800781 0.765625 0.796875 0.753906 0.785156 0.726562 0.785156 0.722656 0.78125 0.71875 0.78125 0.714844 0.777344
0 0.414062 0.867188 0.410156 0.871094 0.402344 0.871094 0.394531 0.878906 0.394531 0.882812 0.390625 0.886719 0.390625 0.898438 0.386719 0.902344 0.386719 0.910156 0.390625 0.914062 0.390625 0.917969 0.402344 0.929688 0.40625 0.929688 0.410156 0.933594 0.425781 0.933594 0.429688 0.929688 0.441406 0.929688 0.445312 0.925781 0.445312 0.917969 0.457031 0.90625 0.457031 0.882812 0.453125 0.878906 0.453125 0.875 0.445312 0.867188
0 0.390625 0.0664062 0.386719 0.0703125 0.382812 0.0703125 0.378906 0.0742188 0.375 0.0742188 0.371094 0.078125 0.367188 0.078125 0.351562 0.09375 0.347656 0.09375 0.339844 0.101562 0.339844 0.105469 0.332031 0.113281 0.332031 0.117188 0.328125 0.121094 0.328125 0.152344 0.351562 0.175781 0.355469 0.175781 0.359375 0.179688 0.363281 0.179688 0.367188 0.183594 0.371094 0.183594 0.375 0.1875 0.378906 0.1875 0.382812 0.183594 0.40625 0.183594 0.410156 0.179688 0.414062 0.179688 0.417969 0.175781 0.417969 0.167969 0.4375 0.148438 0.4375 0.144531 0.445312 0.136719 0.445312 0.121094 0.441406 0.117188 0.441406 0.113281 0.4375 0.109375 0.4375 0.0976562 0.433594 0.09375 0.433594 0.0859375 0.429688 0.0820312 0.429688 0.078125 0.425781 0.0742188 0.421875 0.0742188 0.417969 0.0703125 0.410156 0.0703125 0.40625 0.0664062
0 0.09375 0.28125 0.0898438 0.285156 0.0898438 0.296875 0.0859375 0.300781 0.0859375 0.3125 0.0898438 0.316406 0.0898438 0.332031 0.09375 0.335938 0.09375 0.339844 0.0976562 0.34375 0.0976562 0.347656 0.105469 0.355469 0.109375 0.355469 0.117188 0.363281 0.117188 0.367188 0.125 0.375 0.132812 0.375 0.144531 0.363281 0.148438 0.363281 0.15625 0.355469 0.15625 0.351562 0.164062 0.34375 0.167969 0.34375 0.167969 0.3125 0.164062 0.308594 0.164062 0.304688 0.15625 0.296875 0.152344 0.296875 0.148438 0.292969 0.132812 0.292969 0.128906 0.289062 0.117188 0.289062 0.113281 0.285156 0.105469 0.285156 0.101562 0.28125
0 0.0429688 0.503906 0.03125 0.515625 0.03125 0.550781 0.0351562 0.554688 0.0351562 0.558594 0.0429688 0.566406 0.0429688 0.570312 0.046875 0.574219 0.0625 0.574219 0.0664062 0.578125 0.0703125 0.578125 0.0742188 0.582031 0.0898438 0.582031 0.09375 0.578125 0.101562 0.578125 0.109375 0.570312 0.113281 0.570312 0.121094 0.5625 0.121094 0.539062 0.113281 0.53125 0.105469 0.53125 0.101562 0.527344 0.0976562 0.527344 0.09375 0.523438 0.0898438 0.523438 0.0703125 0.503906
0 0.332031 0.8125 0.328125 0.816406 0.324219 0.816406 0.316406 0.824219 0.316406 0.828125 0.3125 0.832031 0.3125 0.835938 0.308594 0.839844 0.308594 0.847656 0.3125 0.851562 0.3125 0.855469 0.335938 0.878906 0.355469 0.878906 0.359375 0.875 0.363281 0.875 0.378906 0.859375 0.378906 0.847656 0.382812 0.84375 0.382812 0.839844 0.378906 0.835938 0.378906 0.832031 0.375 0.828125 0.375 0.824219 0.363281 0.8125
0 0.4375 0.6875 0.429688 0.695312 0.429688 0.714844 0.433594 0.71875 0.433594 0.722656 0.441406 0.730469 0.445312 0.730469 0.453125 0.738281 0.453125 0.746094 0.457031 0.75 0.480469 0.75 0.488281 0.742188 0.488281 0.738281 0.492188 0.734375 0.492188 0.730469 0.496094 0.726562 0.496094 0.722656 0.5 0.71875 0.5 0.710938 0.492188 0.703125 0.492188 0.695312 0.488281 0.691406 0.484375 0.691406 0.480469 0.6875
0 0.867188 0.738281 0.863281 0.742188 0.855469 0.742188 0.851562 0.746094 0.851562 0.757812 0.847656 0.761719 0.847656 0.769531 0.84375 0.773438 0.84375 0.777344 0.839844 0.78125 0.839844 0.804688 0.847656 0.8125 0.847656 0.816406 0.859375 0.828125 0.863281 0.828125 0.871094 0.835938 0.875 0.835938 0.878906 0.839844 0.886719 0.839844 0.898438 0.828125 0.902344 0.828125 0.90625 0.832031 0.949219 0.832031 0.953125 0.828125 0.953125 0.824219 0.957031 0.820312 0.957031 0.800781 0.953125 0.796875 0.953125 0.792969 0.9375 0.777344 0.9375 0.773438 0.929688 0.765625 0.921875 0.765625 0.914062 0.757812 0.914062 0.753906 0.910156 0.75 0.90625 0.75 0.902344 0.746094 0.898438 0.746094 0.894531 0.742188 0.886719 0.742188 0.882812 0.738281
0 0.980469 0.929688 0.976562 0.933594 0.972656 0.933594 0.960938 0.945312 0.960938 0.949219 0.957031 0.953125 0.957031 0.960938 0.953125 0.964844 0.953125 0.996094 0.996094 0.996094 0.996094 0.929688
0 0.152344 0.683594 0.128906 0.707031 0.128906 0.710938 0.125 0.714844 0.125 0.71875 0.132812 0.726562 0.136719 0.726562 0.148438 0.738281 0.160156 0.738281 0.167969 0.746094 0.171875 0.746094 0.1875 0.730469 0.191406 0.730469 0.195312 0.726562 0.195312 0.722656 0.183594 0.710938 0.183594 0.703125 0.179688 0.699219 0.179688 0.695312 0.175781 0.691406 0.175781 0.6875 0.171875 0.683594
0 0.226562 0.777344 0.222656 0.78125 0.214844 0.78125 0.210938 0.785156 0.207031 0.785156 0.195312 0.796875 0.195312 0.804688 0.191406 0.808594 0.191406 0.824219 0.195312 0.828125 0.195312 0.855469 0.199219 0.859375 0.203125 0.859375 0.210938 0.867188 0.21875 0.867188 0.222656 0.863281 0.234375 0.863281 0.238281 0.859375 0.246094 0.859375 0.253906 0.851562 0.253906 0.84375 0.257812 0.839844 0.257812 0.835938 0.261719 0.832031 0.261719 0.828125 0.265625 0.824219 0.265625 0.804688 0.261719 0.800781 0.261719 0.796875 0.257812 0.792969 0.257812 0.789062 0.253906 0.785156 0.25 0.785156 0.242188 0.777344
0 0.625 0.183594 0.617188 0.191406 0.617188 0.195312 0.605469 0.207031 0.605469 0.210938 0.609375 0.214844 0.609375 0.21875 0.605469 0.222656 0.605469 0.25 0.613281 0.257812 0.621094 0.257812 0.625 0.261719 0.652344 0.261719 0.65625 0.257812 0.660156 0.257812 0.664062 0.253906 0.667969 0.253906 0.679688 0.242188 0.679688 0.234375 0.683594 0.230469 0.683594 0.207031 0.671875 0.195312 0.667969 0.195312 0.664062 0.191406 0.660156 0.191406 0.65625 0.1875 0.636719 0.1875 0.632812 0.183594
0 0.5625 0.894531 0.550781 0.90625 0.550781 0.910156 0.542969 0.917969 0.53125 0.917969 0.527344 0.921875 0.519531 0.921875 0.515625 0.925781 0.515625 0.9375 0.507812 0.945312 0.507812 0.949219 0.523438 0.964844 0.527344 0.964844 0.53125 0.96875 0.554688 0.96875 0.570312 0.953125 0.570312 0.9375 0.574219 0.933594 0.574219 0.929688 0.582031 0.921875 0.589844 0.921875 0.59375 0.925781 0.601562 0.925781 0.605469 0.921875 0.605469 0.910156 0.601562 0.90625 0.59375 0.90625 0.589844 0.902344 0.578125 0.902344 0.570312 0.894531
0 0.566406 0.0625 0.5625 0.0664062 0.5625 0.109375 0.566406 0.113281 0.566406 0.121094 0.570312 0.125 0.570312 0.128906 0.585938 0.144531 0.589844 0.144531 0.59375 0.148438 0.597656 0.148438 0.609375 0.136719 0.609375 0.132812 0.605469 0.128906 0.605469 0.117188 0.601562 0.113281 0.601562 0.0898438 0.605469 0.0859375 0.605469 0.0820312 0.613281 0.0742188 0.609375 0.0703125 0.601562 0.0703125 0.597656 0.0664062 0.59375 0.0664062 0.589844 0.0625
