0 0.390625 0.566406 0.386719 0.570312 0.378906 0.570312 0.378906 0.574219 0.375 0.578125 0.375 0.589844 0.378906 0.59375 0.378906 0.597656 0.382812 0.601562 0.386719 0.601562 0.390625 0.605469 0.398438 0.605469 0.402344 0.609375 0.410156 0.609375 0.414062 0.605469 0.417969 0.605469 0.421875 0.601562 0.421875 0.585938 0.402344 0.566406
0 0.363281 0.765625 0.359375 0.769531 0.351562 0.769531 0.347656 0.773438 0.34375 0.773438 0.34375 0.777344 0.339844 0.78125 0.339844 0.785156 0.335938 0.789062 0.335938 0.792969 0.339844 0.796875 0.339844 0.800781 0.34375 0.804688 0.351562 0.804688 0.355469 0.808594 0.375 0.808594 0.378906 0.804688 0.386719 0.804688 0.390625 0.800781 0.394531 0.800781 0.394531 0.796875 0.398438 0.792969 0.398438 0.78125 0.394531 0.777344 0.394531 0.773438 0.390625 0.769531 0.386719 0.769531 0.382812 0.765625
0 0.253906 0.539062 0.25 0.542969 0.246094 0.542969 0.238281 0.550781 0.238281 0.570312 0.242188 0.574219 0.242188 0.578125 0.246094 0.582031 0.246094 0.585938 0.25 0.589844 0.25 0.59375 0.265625 0.609375 0.273438 0.609375 0.277344 0.613281 0.285156 0.613281 0.289062 0.617188 0.296875 0.617188 0.300781 0.613281 0.304688 0.613281 0.316406 0.601562 0.316406 0.574219 0.296875 0.554688 0.292969 0.554688 0.289062 0.550781 0.285156 0.550781 0.273438 0.539062
0 0 0.875 0 0.90625 0.00390625 0.902344 0.0078125 0.902344 0.0117188 0.898438 0.0117188 0.878906 0.0078125 0.875
0 0.554688 0.0742188 0.542969 0.0859375 0.542969 0.101562 0.546875 0.105469 0.546875 0.117188 0.550781 0.121094 0.550781 0.128906 0.554688 0.132812 0.554688 0.136719 0.574219 0.15625 0.578125 0.15625 0.582031 0.160156 0.597656 0.160156 0.601562 0.15625 0.605469 0.15625 0.605469 0.132812 0.601562 0.128906 0.601562 0.121094 0.597656 0.117188 0.597656 0.113281 0.59375 0.109375 0.59375 0.105469 0.585938 0.0976562 0.585938 0.09375 0.570312 0.078125 0.566406 0.078125 0.5625 0.0742188
0 0.414062 0.46875 0.410156 0.472656 0.410156 0.484375 0.414062 0.488281 0.414062 0.492188 0.429688 0.507812 0.433594 0.507812 0.4375 0.511719 0.449219 0.511719 0.457031 0.503906 0.457031 0.492188 0.453125 0.488281 0.453125 0.484375 0.4375 0.46875
0 0.160156 0.0585938 0.15625 0.0625 0.152344 0.0625 0.148438 0.0664062 0.148438 0.0898438 0.152344 0.09375 0.152344 0.0976562 0.164062 0.109375 0.171875 0.109375 0.175781 0.113281 0.1875 0.113281 0.191406 0.109375 0.195312 0.109375 0.199219 0.105469 0.199219 0.101562 0.203125 0.0976562 0.203125 0.0859375 0.199219 0.0820312 0.199219 0.078125 0.195312 0.0742188 0.195312 0.0703125 0.1875 0.0625 0.183594 0.0625 0.179688 0.0585938
0 0.21875 0.933594 0.214844 0.9375 0.203125 0.9375 0.1875 0.953125 0.1875 0.96875 0.191406 0.972656 0.191406 0.976562 0.195312 0.980469 0.203125 0.980469 0.207031 0.984375 0.246094 0.984375 0.25 0.980469 0.253906 0.980469 0.257812 0.976562 0.261719 0.976562 0.265625 0.972656 0.269531 0.972656 0.273438 0.96875 0.273438 0.949219 0.269531 0.945312 0.269531 0.941406 0.265625 0.9375 0.261719 0.9375 0.257812 0.933594
0 0.0429688 0.195312 0.0390625 0.199219 0.0351562 0.199219 0.03125 0.203125 0.03125 0.207031 0.0273438 0.210938 0.0273438 0.242188 0.03125 0.246094 0.03125 0.25 0.046875 0.265625 0.0546875 0.265625 0.0585938 0.269531 0.0625 0.269531 0.0664062 0.273438 0.0742188 0.273438 0.078125 0.277344 0.0898438 0.277344 0.09375 0.273438 0.0976562 0.273438 0.109375 0.261719 0.109375 0.234375 0.105469 0.230469 0.105469 0.226562 0.0976562 0.21875 0.0976562 0.214844 0.09375 0.210938 0.0898438 0.210938 0.078125 0.199219 0.0703125 0.199219 0.0664062 0.195312
0 0.859375 0.0625 0.855469 0.0664062 0.847656 0.0664062 0.839844 0.0742188 0.839844 0.078125 0.835938 0.0820312 0.835938 0.0976562 0.839844 0.101562 0.839844 0.105469 0.84375 0.109375 0.84375 0.113281 0.847656 0.113281 0.851562 0.117188 0.875 0.117188 0.878906 0.113281 0.878906 0.109375 0.882812 0.105469 0.882812 0.0976562 0.886719 0.09375 0.886719 0.0898438 0.882812 0.0859375 0.882812 0.078125 0.871094 0.0664062 0.863281 0.0664062
0 0.371094 0.355469 0.367188 0.359375 0.367188 0.363281 0.363281 0.367188 0.363281 0.375 0.367188 0.378906 0.367188 0.382812 0.371094 0.386719 0.371094 0.390625 0.378906 0.398438 0.382812 0.398438 0.386719 0.402344 0.40625 0.402344 0.414062 0.394531 0.414062 0.382812 0.40625 0.375 0.40625 0.371094 0.398438 0.363281 0.394531 0.363281 0.386719 0.355469
0 0.835938 0.265625 0.828125 0.273438 0.828125 0.296875 0.832031 0.300781 0.832031 0.304688 0.835938 0.308594 0.835938 0.3125 0.84375 0.320312 0.855469 0.320312 0.863281 0.3125 0.863281 0.285156 0.859375 0.28125 0.859375 0.277344 0.855469 0.273438 0.855469 0.269531 0.851562 0.265625
0 0.585938 0.539062 0.582031 0.542969 0.578125 0.542969 0.570312 0.550781 0.570312 0.554688 0.566406 0.558594 0.566406 0.585938 0.574219 0.585938 0.578125 0.589844 0.582031 0.589844 0.585938 0.59375 0.589844 0.59375 0.59375 0.597656 0.597656 0.597656 0.601562 0.59375 0.605469 0.59375 0.613281 0.585938 0.613281 0.582031 0.617188 0.578125 0.617188 0.5625 0.613281 0.558594 0.613281 0.554688 0.597656 0.539062
