0 0.191406 0.914062 0.1875 0.917969 0.183594 0.917969 0.179688 0.921875 0.171875 0.921875 0.167969 0.925781 0.167969 0.929688 0.164062 0.933594 0.164062 0.9375 0.160156 0.941406 0.160156 0.96875 0.164062 0.972656 0.164062 0.980469 0.175781 0.992188 0.1875 0.992188 0.191406 0.996094 0.21875 0.996094 0.234375 0.980469 0.234375 0.976562 0.242188 0.96875 0.242188 0.941406 0.234375 0.933594 0.234375 0.929688 0.222656 0.917969 0.21875 0.917969 0.214844 0.914062
0 0.0820312 0.652344 0.0585938 0.675781 0.0585938 0.683594 0.0664062 0.691406 0.0664062 0.695312 0.0742188 0.703125 0.0742188 0.707031 0.078125 0.710938 0.0820312 0.710938 0.0859375 0.714844 0.109375 0.714844 0.113281 0.710938 0.113281 0.707031 0.117188 0.703125 0.117188 0.695312 0.121094 0.691406 0.121094 0.675781 0.109375 0.664062 0.109375 0.660156 0.105469 0.65625 0.101562 0.65625 0.0976562 0.652344
0 0.0976562 0.757812 0.09375 0.761719 0.09375 0.765625 0.0898438 0.769531 0.0898438 0.773438 0.09375 0.777344 0.09375 0.789062 0.101562 0.796875 0.101562 0.804688 0.0898438 0.816406 0.0898438 0.824219 0.09375 0.828125 0.09375 0.839844 0.101562 0.847656 0.101562 0.851562 0.105469 0.855469 0.117188 0.855469 0.121094 0.851562 0.132812 0.851562 0.136719 0.847656 0.136719 0.835938 0.140625 0.832031 0.140625 0.824219 0.144531 0.820312 0.144531 0.816406 0.148438 0.8125 0.148438 0.808594 0.144531 0.804688 0.144531 0.800781 0.132812 0.789062 0.132812 0.777344 0.113281 0.757812
0 0.335938 0.480469 0.324219 0.492188 0.324219 0.496094 0.328125 0.5 0.328125 0.507812 0.34375 0.523438 0.355469 0.523438 0.359375 0.519531 0.363281 0.519531 0.367188 0.515625 0.367188 0.492188 0.359375 0.484375 0.347656 0.484375 0.34375 0.480469
0 0.523438 0 0.515625 0.0078125 0.515625 0.0351562 0.519531 0.0390625 0.519531 0.0429688 0.527344 0.0507812 0.53125 0.0507812 0.535156 0.0546875 0.558594 0.0546875 0.5625 0.0507812 0.566406 0.0507812 0.582031 0.0351562 0.582031 0.0117188 0.570312 0
0 0.21875 0.296875 0.214844 0.300781 0.207031 0.300781 0.203125 0.304688 0.199219 0.304688 0.191406 0.3125 0.1875 0.3125 0.183594 0.316406 0.175781 0.316406 0.167969 0.324219 0.167969 0.332031 0.164062 0.335938 0.164062 0.363281 0.167969 0.367188 0.167969 0.371094 0.179688 0.382812 0.191406 0.382812 0.195312 0.386719 0.199219 0.386719 0.203125 0.390625 0.214844 0.390625 0.21875 0.386719 0.226562 0.386719 0.246094 0.367188 0.246094 0.351562 0.253906 0.34375 0.253906 0.328125 0.25 0.324219 0.25 0.320312 0.230469 0.300781 0.226562 0.300781 0.222656 0.296875
0 0.0078125 0.898438 0.00390625 0.902344 0 0.902344 0 0.949219 0.00390625 0.953125 0.015625 0.953125 0.0351562 0.933594 0.0351562 0.929688 0.0390625 0.925781 0.0390625 0.90625 0.0351562 0.902344 0.03125 0.902344 0.0273438 0.898438
0 0.128906 0.546875 0.121094 0.554688 0.105469 0.554688 0.101562 0.558594 0.101562 0.570312 0.0976562 0.574219 0.0976562 0.609375 0.109375 0.621094 0.136719 0.621094 0.140625 0.617188 0.144531 0.617188 0.148438 0.613281 0.152344 0.613281 0.164062 0.601562 0.164062 0.59375 0.167969 0.589844 0.167969 0.554688 0.164062 0.550781 0.144531 0.550781 0.140625 0.546875
0 0.75 0.515625 0.746094 0.519531 0.738281 0.519531 0.730469 0.527344 0.726562 0.527344 0.722656 0.53125 0.722656 0.5625 0.726562 0.566406 0.730469 0.566406 0.734375 0.570312 0.761719 0.570312 0.773438 0.558594 0.773438 0.527344 0.769531 0.523438 0.769531 0.519531 0.765625 0.515625
0 0.710938 0.902344 0.691406 0.921875 0.6875 0.921875 0.679688 0.929688 0.675781 0.929688 0.664062 0.941406 0.664062 0.945312 0.660156 0.949219 0.660156 0.964844 0.667969 0.972656 0.667969 0.976562 0.683594 0.992188 0.683594 0.996094 0.71875 0.996094 0.722656 0.992188 0.726562 0.992188 0.753906 0.964844 0.753906 0.945312 0.75 0.941406 0.75 0.925781 0.730469 0.90625 0.726562 0.90625 0.722656 0.902344
0 0.914062 0.804688 0.894531 0.824219 0.894531 0.84375 0.90625 0.855469 0.917969 0.855469 0.921875 0.851562 0.925781 0.851562 0.929688 0.847656 0.941406 0.847656 0.941406 0.8125 0.933594 0.804688
0 0.941406 0.59375 0.9375 0.597656 0.9375 0.617188 0.941406 0.621094 0.941406 0.628906 0.945312 0.632812 0.960938 0.632812 0.96875 0.625 0.96875 0.605469 0.964844 0.601562 0.953125 0.601562 0.945312 0.59375
0 0.25 0.488281 0.246094 0.492188 0.238281 0.492188 0.234375 0.496094 0.226562 0.496094 0.222656 0.5 0.222656 0.503906 0.21875 0.507812 0.21875 0.53125 0.230469 0.542969 0.230469 0.546875 0.234375 0.550781 0.253906 0.550781 0.261719 0.558594 0.28125 0.558594 0.289062 0.550781 0.289062 0.539062 0.292969 0.535156 0.292969 0.511719 0.289062 0.507812 0.289062 0.503906 0.277344 0.492188 0.273438 0.492188 0.269531 0.488281
0 0.859375 0.613281 0.855469 0.617188 0.851562 0.617188 0.839844 0.628906 0.839844 0.632812 0.835938 0.636719 0.835938 0.640625 0.839844 0.644531 0.839844 0.648438 0.84375 0.652344 0.84375 0.65625 0.847656 0.660156 0.863281 0.660156 0.871094 0.667969 0.886719 0.667969 0.898438 0.65625 0.898438 0.652344 0.902344 0.648438 0.902344 0.636719 0.878906 0.613281
0 0.328125 0.0546875 0.324219 0.0585938 0.320312 0.0585938 0.316406 0.0625 0.316406 0.0664062 0.3125 0.0703125 0.3125 0.0976562 0.320312 0.105469 0.324219 0.105469 0.328125 0.109375 0.339844 0.109375 0.34375 0.105469 0.347656 0.105469 0.355469 0.0976562 0.355469 0.09375 0.359375 0.0898438 0.359375 0.0820312 0.363281 0.078125 0.363281 0.0703125 0.359375 0.0664062 0.359375 0.0625 0.355469 0.0585938 0.351562 0.0585938 0.347656 0.0546875
0 0.472656 0.515625 0.457031 0.53125 0.457031 0.550781 0.472656 0.566406 0.472656 0.570312 0.480469 0.578125 0.507812 0.578125 0.519531 0.566406 0.519531 0.539062 0.496094 0.515625
0 0.945312 0.15625 0.941406 0.160156 0.933594 0.160156 0.921875 0.171875 0.921875 0.191406 0.933594 0.203125 0.957031 0.203125 0.964844 0.195312 0.96875 0.195312 0.976562 0.1875 0.976562 0.160156 0.972656 0.15625
0 0.957031 0.570312 0.949219 0.578125 0.949219 0.59375 0.953125 0.597656 0.964844 0.597656 0.96875 0.601562 0.976562 0.601562 0.980469 0.597656 0.980469 0.578125 0.976562 0.574219 0.972656 0.574219 0.96875 0.570312
0 0.4375 0.441406 0.425781 0.453125 0.421875 0.453125 0.410156 0.464844 0.410156 0.488281 0.417969 0.496094 0.421875 0.496094 0.429688 0.503906 0.453125 0.503906 0.457031 0.5 0.460938 0.5 0.464844 0.496094 0.46875 0.496094 0.472656 0.492188 0.472656 0.488281 0.476562 0.484375 0.476562 0.476562 0.480469 0.472656 0.480469 0.453125 0.476562 0.449219 0.472656 0.449219 0.464844 0.441406
0 0.835938 0.695312 0.820312 0.710938 0.820312 0.734375 0.828125 0.742188 0.828125 0.746094 0.835938 0.753906 0.839844 0.753906 0.847656 0.761719 0.847656 0.765625 0.863281 0.78125 0.871094 0.78125 0.875 0.785156 0.890625 0.785156 0.894531 0.78125 0.902344 0.78125 0.917969 0.765625 0.917969 0.761719 0.921875 0.757812 0.921875 0.738281 0.917969 0.734375 0.917969 0.730469 0.90625 0.71875 0.902344 0.71875 0.898438 0.714844 0.894531 0.714844 0.878906 0.699219 0.871094 0.699219 0.867188 0.695312
0 0.433594 0.0820312 0.417969 0.0976562 0.417969 0.121094 0.421875 0.125 0.429688 0.125 0.433594 0.128906 0.4375 0.128906 0.441406 0.132812 0.445312 0.132812 0.449219 0.128906 0.460938 0.128906 0.464844 0.125 0.46875 0.125 0.476562 0.117188 0.476562 0.0976562 0.464844 0.0859375 0.453125 0.0859375 0.449219 0.0820312
0 0.273438 0.625 0.269531 0.628906 0.261719 0.628906 0.253906 0.636719 0.253906 0.652344 0.273438 0.671875 0.277344 0.671875 0.285156 0.679688 0.292969 0.679688 0.296875 0.683594 0.304688 0.683594 0.3125 0.675781 0.3125 0.671875 0.316406 0.667969 0.316406 0.664062 0.3125 0.660156 0.3125 0.640625 0.308594 0.636719 0.308594 0.632812 0.304688 0.628906 0.300781 0.628906 0.296875 0.625
0 0.457031 0.585938 0.453125 0.589844 0.453125 0.609375 0.457031 0.613281 0.460938 0.613281 0.46875 0.621094 0.480469 0.621094 0.492188 0.609375 0.492188 0.589844 0.488281 0.585938
0 0.371094 0.730469 0.363281 0.738281 0.363281 0.742188 0.359375 0.746094 0.359375 0.769531 0.378906 0.789062 0.394531 0.789062 0.410156 0.773438 0.410156 0.742188 0.398438 0.730469
0 0.230469 0.652344 0.226562 0.65625 0.222656 0.65625 0.210938 0.667969 0.210938 0.671875 0.207031 0.675781 0.207031 0.699219 0.203125 0.703125 0.203125 0.714844 0.199219 0.71875 0.199219 0.726562 0.191406 0.734375 0.191406 0.742188 0.199219 0.75 0.199219 0.753906 0.203125 0.757812 0.242188 0.757812 0.246094 0.753906 0.246094 0.730469 0.25 0.726562 0.25 0.722656 0.257812 0.714844 0.257812 0.699219 0.261719 0.695312 0.261719 0.691406 0.269531 0.683594 0.269531 0.679688 0.265625 0.675781 0.265625 0.667969 0.25 0.652344
0 0.636719 0.566406 0.632812 0.570312 0.628906 0.570312 0.625 0.574219 0.625 0.578125 0.617188 0.585938 0.617188 0.621094 0.625 0.628906 0.628906 0.628906 0.632812 0.632812 0.65625 0.632812 0.660156 0.628906 0.667969 0.628906 0.683594 0.613281 0.683594 0.589844 0.667969 0.574219 0.667969 0.570312 0.664062 0.566406
0 0.789062 0.542969 0.785156 0.546875 0.785156 0.550781 0.769531 0.566406 0.769531 0.570312 0.773438 0.574219 0.773438 0.578125 0.777344 0.582031 0.777344 0.585938 0.78125 0.589844 0.789062 0.589844 0.792969 0.59375 0.8125 0.59375 0.820312 0.585938 0.824219 0.585938 0.828125 0.582031 0.828125 0.554688 0.820312 0.546875 0.792969 0.546875
0 0.753906 0.628906 0.75 0.632812 0.746094 0.632812 0.742188 0.636719 0.742188 0.640625 0.730469 0.652344 0.730469 0.667969 0.734375 0.671875 0.734375 0.675781 0.746094 0.6875 0.75 0.6875 0.753906 0.691406 0.773438 0.691406 0.777344 0.6875 0.78125 0.6875 0.789062 0.679688 0.789062 0.675781 0.792969 0.671875 0.792969 0.652344 0.789062 0.648438 0.789062 0.644531 0.777344 0.632812 0.773438 0.632812 0.769531 0.628906
0 0.933594 0.0664062 0.929688 0.0703125 0.929688 0.078125 0.9375 0.0859375 0.9375 0.09375 0.953125 0.109375 0.96875 0.109375 0.976562 0.101562 0.976562 0.078125 0.96875 0.0703125 0.964844 0.0703125 0.960938 0.0664062
0 0.203125 0.53125 0.199219 0.535156 0.195312 0.535156 0.191406 0.539062 0.1875 0.539062 0.175781 0.550781 0.175781 0.59375 0.179688 0.597656 0.179688 0.605469 0.183594 0.609375 0.210938 0.609375 0.214844 0.605469 0.226562 0.605469 0.230469 0.601562 0.230469 0.597656 0.234375 0.59375 0.234375 0.570312 0.230469 0.566406 0.230469 0.558594 0.226562 0.554688 0.226562 0.542969 0.214844 0.53125
0 0.984375 0.597656 0.976562 0.605469 0.972656 0.605469 0.972656 0.625 0.976562 0.628906 0.996094 0.628906 0.996094 0.605469 0.992188 0.601562 0.988281 0.601562
0 0 0.523438 0 0.574219 0.00390625 0.570312 0.0078125 0.570312 0.0195312 0.558594 0.0195312 0.535156 0.0078125 0.523438
0 0.6875 0.625 0.683594 0.628906 0.671875 0.628906 0.667969 0.632812 0.660156 0.632812 0.65625 0.636719 0.648438 0.636719 0.636719 0.648438 0.636719 0.683594 0.640625 0.6875 0.644531 0.6875 0.648438 0.691406 0.667969 0.691406 0.675781 0.683594 0.695312 0.683594 0.707031 0.671875 0.707031 0.640625 0.699219 0.632812 0.699219 0.628906 0.695312 0.625
0 0.582031 0.523438 0.578125 0.527344 0.566406 0.527344 0.546875 0.546875 0.546875 0.5625 0.550781 0.566406 0.550781 0.570312 0.554688 0.574219 0.558594 0.574219 0.566406 0.582031 0.570312 0.582031 0.574219 0.585938 0.582031 0.585938 0.585938 0.582031 0.59375 0.582031 0.597656 0.578125 0.597656 0.574219 0.613281 0.558594 0.613281 0.535156 0.605469 0.527344 0.597656 0.527344 0.59375 0.523438
0 0.679688 0.375 0.671875 0.382812 0.671875 0.386719 0.667969 0.390625 0.667969 0.417969 0.675781 0.425781 0.695312 0.425781 0.699219 0.429688 0.703125 0.429688 0.707031 0.425781 0.710938 0.425781 0.722656 0.414062 0.722656 0.398438 0.71875 0.394531 0.71875 0.390625 0.710938 0.382812 0.710938 0.378906 0.707031 0.375
0 0.832031 0.824219 0.820312 0.835938 0.8125 0.835938 0.808594 0.832031 0.800781 0.832031 0.789062 0.84375 0.789062 0.847656 0.78125 0.855469 0.78125 0.863281 0.785156 0.867188 0.785156 0.875 0.78125 0.878906 0.78125 0.894531 0.800781 0.914062 0.808594 0.914062 0.8125 0.910156 0.828125 0.910156 0.832031 0.90625 0.84375 0.90625 0.851562 0.898438 0.851562 0.882812 0.863281 0.871094 0.863281 0.851562 0.855469 0.84375 0.855469 0.835938 0.847656 0.828125 0.84375 0.828125 0.839844 0.824219
0 0.929688 0.851562 0.925781 0.855469 0.921875 0.855469 0.917969 0.859375 0.914062 0.859375 0.914062 0.878906 0.921875 0.886719 0.921875 0.890625 0.925781 0.894531 0.925781 0.898438 0.933594 0.90625 0.9375 0.90625 0.941406 0.910156 0.964844 0.910156 0.972656 0.902344 0.972656 0.890625 0.976562 0.886719 0.976562 0.882812 0.945312 0.851562
0 0.957031 0.707031 0.949219 0.714844 0.945312 0.714844 0.9375 0.722656 0.9375 0.738281 0.941406 0.742188 0.941406 0.746094 0.9375 0.75 0.9375 0.761719 0.941406 0.765625 0.941406 0.773438 0.949219 0.78125 0.953125 0.78125 0.957031 0.785156 0.960938 0.785156 0.964844 0.789062 0.972656 0.789062 0.976562 0.785156 0.976562 0.78125 0.984375 0.773438 0.984375 0.761719 0.980469 0.757812 0.980469 0.71875 0.972656 0.710938 0.96875 0.710938 0.964844 0.707031
0 0.03125 0.953125 0.0234375 0.960938 0.0195312 0.960938 0.0117188 0.96875 0.0117188 0.976562 0.0078125 0.980469 0.0078125 0.988281 0.00390625 0.992188 0.00390625 0.996094 0.0742188 0.996094 0.0742188 0.972656 0.0703125 0.96875 0.0703125 0.964844 0.0585938 0.953125
0 0.371094 0.617188 0.367188 0.621094 0.363281 0.621094 0.355469 0.628906 0.355469 0.632812 0.347656 0.640625 0.347656 0.671875 0.351562 0.675781 0.351562 0.679688 0.363281 0.691406 0.367188 0.691406 0.371094 0.695312 0.394531 0.695312 0.398438 0.691406 0.398438 0.660156 0.402344 0.65625 0.402344 0.648438 0.398438 0.644531 0.398438 0.636719 0.394531 0.632812 0.394531 0.621094 0.390625 0.617188
0 0.941406 0.421875 0.9375 0.425781 0.933594 0.425781 0.925781 0.433594 0.925781 0.4375 0.921875 0.441406 0.921875 0.445312 0.917969 0.449219 0.917969 0.46875 0.929688 0.480469 0.949219 0.480469 0.960938 0.46875 0.960938 0.464844 0.964844 0.460938 0.964844 0.449219 0.96875 0.445312 0.96875 0.4375 0.964844 0.433594 0.964844 0.429688 0.957031 0.421875
0 0.0351562 0.300781 0.03125 0.304688 0.0273438 0.304688 0.00390625 0.328125 0 0.328125 0 0.355469 0.00390625 0.359375 0.00390625 0.363281 0.0117188 0.371094 0.0117188 0.375 0.015625 0.378906 0.0195312 0.378906 0.0234375 0.382812 0.046875 0.382812 0.0507812 0.378906 0.0585938 0.378906 0.0625 0.375 0.0625 0.367188 0.0585938 0.363281 0.0585938 0.347656 0.0664062 0.339844 0.0742188 0.339844 0.078125 0.335938 0.078125 0.328125 0.0742188 0.324219 0.0703125 0.324219 0.046875 0.300781
0 0.675781 0.6875 0.667969 0.695312 0.660156 0.695312 0.652344 0.703125 0.652344 0.707031 0.644531 0.714844 0.644531 0.726562 0.660156 0.742188 0.6875 0.742188 0.691406 0.738281 0.691406 0.734375 0.695312 0.730469 0.695312 0.726562 0.699219 0.722656 0.699219 0.71875 0.703125 0.714844 0.703125 0.695312 0.695312 0.6875
0 0.0117188 0.636719 0 0.648438 0 0.671875 0.015625 0.6875 0.03125 0.6875 0.046875 0.671875 0.046875 0.65625 0.0429688 0.652344 0.0429688 0.648438 0.03125 0.636719
0 0.789062 0.441406 0.785156 0.445312 0.78125 0.445312 0.777344 0.449219 0.777344 0.453125 0.773438 0.457031 0.773438 0.476562 0.777344 0.480469 0.78125 0.480469 0.792969 0.492188 0.808594 0.492188 0.8125 0.488281 0.816406 0.488281 0.820312 0.484375 0.820312 0.480469 0.824219 0.476562 0.824219 0.457031 0.8125 0.445312 0.808594 0.445312 0.804688 0.441406
0 0.285156 0.789062 0.28125 0.792969 0.265625 0.792969 0.253906 0.804688 0.253906 0.808594 0.25 0.8125 0.25 0.828125 0.257812 0.835938 0.261719 0.835938 0.265625 0.839844 0.273438 0.839844 0.277344 0.835938 0.285156 0.835938 0.292969 0.828125 0.296875 0.828125 0.304688 0.820312 0.304688 0.800781 0.300781 0.796875 0.296875 0.796875 0.289062 0.789062
0 0.285156 0.902344 0.28125 0.90625 0.28125 0.933594 0.285156 0.9375 0.285156 0.953125 0.289062 0.957031 0.289062 0.992188 0.292969 0.996094 0.34375 0.996094 0.347656 0.992188 0.347656 0.984375 0.351562 0.980469 0.351562 0.976562 0.347656 0.972656 0.347656 0.941406 0.34375 0.9375 0.34375 0.933594 0.316406 0.90625 0.296875 0.90625 0.292969 0.902344
0 0.792969 0.507812 0.789062 0.511719 0.789062 0.519531 0.785156 0.523438 0.785156 0.535156 0.792969 0.542969 0.820312 0.542969 0.824219 0.539062 0.824219 0.519531 0.820312 0.515625 0.820312 0.511719 0.816406 0.507812
0 0.390625 0.898438 0.386719 0.902344 0.382812 0.902344 0.371094 0.914062 0.371094 0.917969 0.367188 0.921875 0.367188 0.953125 0.371094 0.957031 0.371094 0.960938 0.375 0.964844 0.390625 0.964844 0.394531 0.96875 0.398438 0.96875 0.402344 0.964844 0.40625 0.964844 0.414062 0.957031 0.417969 0.957031 0.425781 0.949219 0.425781 0.9375 0.429688 0.933594 0.429688 0.917969 0.414062 0.902344 0.410156 0.902344 0.40625 0.898438
0 0.324219 0.558594 0.320312 0.5625 0.320312 0.566406 0.316406 0.570312 0.316406 0.597656 0.320312 0.601562 0.328125 0.601562 0.332031 0.605469 0.351562 0.605469 0.359375 0.597656 0.359375 0.59375 0.363281 0.589844 0.363281 0.574219 0.347656 0.558594
0 0.707031 0.753906 0.691406 0.769531 0.691406 0.773438 0.6875 0.777344 0.6875 0.78125 0.683594 0.785156 0.683594 0.796875 0.6875 0.800781 0.6875 0.804688 0.695312 0.8125 0.703125 0.8125 0.707031 0.816406 0.714844 0.816406 0.71875 0.820312 0.738281 0.820312 0.742188 0.816406 0.746094 0.816406 0.753906 0.808594 0.753906 0.792969 0.757812 0.789062 0.757812 0.777344 0.746094 0.765625 0.742188 0.765625 0.738281 0.761719 0.734375 0.761719 0.730469 0.757812 0.722656 0.757812 0.71875 0.753906
0 0.90625 0.117188 0.902344 0.121094 0.898438 0.121094 0.894531 0.125 0.894531 0.136719 0.890625 0.140625 0.890625 0.15625 0.894531 0.160156 0.917969 0.160156 0.921875 0.164062 0.925781 0.164062 0.933594 0.15625 0.941406 0.15625 0.945312 0.152344 0.949219 0.152344 0.949219 0.132812 0.941406 0.125 0.933594 0.125 0.929688 0.121094 0.925781 0.121094 0.921875 0.117188
0 0.320312 0.703125 0.296875 0.726562 0.296875 0.757812 0.3125 0.773438 0.316406 0.773438 0.320312 0.777344 0.332031 0.777344 0.335938 0.773438 0.34375 0.773438 0.347656 0.769531 0.347656 0.765625 0.355469 0.757812 0.355469 0.746094 0.359375 0.742188 0.359375 0.714844 0.355469 0.710938 0.351562 0.710938 0.347656 0.707031 0.34375 0.707031 0.339844 0.703125
