0 0.25 0.972656 0.246094 0.976562 0.238281 0.976562 0.238281 0.980469 0.234375 0.984375 0.234375 0.996094 0.277344 0.996094 0.277344 0.992188 0.261719 0.976562 0.257812 0.976562 0.253906 0.972656
0 0.425781 0.046875 0.421875 0.0507812 0.417969 0.0507812 0.40625 0.0625 0.40625 0.0664062 0.402344 0.0703125 0.402344 0.078125 0.398438 0.0820312 0.398438 0.0859375 0.40625 0.09375 0.410156 0.09375 0.417969 0.101562 0.425781 0.101562 0.429688 0.0976562 0.433594 0.0976562 0.445312 0.0859375 0.445312 0.0820312 0.449219 0.078125 0.449219 0.0703125 0.453125 0.0664062 0.453125 0.0625 0.449219 0.0585938 0.449219 0.0546875 0.445312 0.0507812 0.441406 0.0507812 0.4375 0.046875
0 0.855469 0.523438 0.851562 0.527344 0.847656 0.527344 0.84375 0.53125 0.839844 0.53125 0.832031 0.539062 0.828125 0.539062 0.828125 0.558594 0.832031 0.5625 0.835938 0.5625 0.839844 0.566406 0.859375 0.566406 0.863281 0.5625 0.871094 0.5625 0.875 0.558594 0.878906 0.558594 0.890625 0.546875 0.890625 0.53125 0.886719 0.527344 0.882812 0.527344 0.878906 0.523438
0 0.914062 0.726562 0.910156 0.730469 0.90625 0.730469 0.898438 0.738281 0.898438 0.753906 0.914062 0.769531 0.921875 0.769531 0.925781 0.773438 0.929688 0.773438 0.933594 0.777344 0.949219 0.777344 0.953125 0.78125 0.976562 0.78125 0.980469 0.777344 0.984375 0.777344 0.992188 0.769531 0.992188 0.757812 0.976562 0.742188 0.972656 0.742188 0.96875 0.738281 0.960938 0.738281 0.957031 0.734375 0.953125 0.734375 0.949219 0.730469 0.933594 0.730469 0.929688 0.726562
0 0.988281 0.914062 0.984375 0.917969 0.984375 0.933594 0.992188 0.941406 0.992188 0.945312 0.992188 0.914062
0 0.382812 0.0859375 0.371094 0.0976562 0.371094 0.113281 0.375 0.117188 0.375 0.136719 0.378906 0.140625 0.382812 0.140625 0.386719 0.144531 0.40625 0.144531 0.410156 0.140625 0.410156 0.136719 0.414062 0.132812 0.414062 0.125 0.417969 0.121094 0.417969 0.105469 0.410156 0.0976562 0.40625 0.0976562 0.394531 0.0859375
0 0.664062 0.226562 0.660156 0.230469 0.652344 0.230469 0.648438 0.234375 0.648438 0.238281 0.644531 0.242188 0.644531 0.261719 0.648438 0.265625 0.648438 0.285156 0.652344 0.289062 0.660156 0.289062 0.667969 0.28125 0.675781 0.28125 0.683594 0.273438 0.683594 0.269531 0.6875 0.265625 0.6875 0.238281 0.683594 0.234375 0.683594 0.230469 0.671875 0.230469 0.667969 0.226562
0 0.71875 0.00390625 0.714844 0.0078125 0.710938 0.0078125 0.703125 0.015625 0.703125 0.0390625 0.707031 0.0390625 0.710938 0.0429688 0.714844 0.0429688 0.71875 0.046875 0.734375 0.046875 0.738281 0.0429688 0.742188 0.0429688 0.753906 0.03125 0.753906 0.0273438 0.757812 0.0234375 0.757812 0.0117188 0.75 0.00390625
0 0.292969 0.0390625 0.285156 0.046875 0.28125 0.046875 0.269531 0.0585938 0.257812 0.0585938 0.246094 0.0703125 0.246094 0.0742188 0.242188 0.078125 0.242188 0.0820312 0.238281 0.0859375 0.238281 0.117188 0.246094 0.125 0.253906 0.125 0.257812 0.121094 0.269531 0.121094 0.277344 0.113281 0.28125 0.113281 0.292969 0.101562 0.292969 0.0976562 0.304688 0.0859375 0.304688 0.0820312 0.308594 0.078125 0.308594 0.0664062 0.3125 0.0625 0.3125 0.0507812 0.308594 0.0507812 0.296875 0.0390625
0 0.3125 0.839844 0.308594 0.84375 0.304688 0.84375 0.296875 0.851562 0.296875 0.859375 0.300781 0.863281 0.300781 0.871094 0.304688 0.871094 0.3125 0.878906 0.320312 0.878906 0.324219 0.882812 0.335938 0.882812 0.339844 0.878906 0.34375 0.878906 0.351562 0.871094 0.351562 0.851562 0.34375 0.84375 0.339844 0.84375 0.335938 0.839844
0 0.992188 0.273438 0.992188 0.277344 0.988281 0.28125 0.988281 0.285156 0.984375 0.289062 0.984375 0.300781 0.992188 0.308594
0 0 0.105469 0 0.171875 0.00390625 0.171875 0.0078125 0.167969 0.0078125 0.164062 0.015625 0.15625 0.015625 0.128906 0.0117188 0.125 0.0117188 0.117188
0 0.0976562 0.507812 0.09375 0.511719 0.0820312 0.511719 0.078125 0.515625 0.0742188 0.515625 0.0742188 0.519531 0.0703125 0.523438 0.0703125 0.539062 0.0820312 0.550781 0.09375 0.550781 0.0976562 0.554688 0.113281 0.554688 0.117188 0.550781 0.125 0.550781 0.132812 0.542969 0.132812 0.539062 0.136719 0.535156 0.136719 0.53125 0.132812 0.527344 0.132812 0.523438 0.125 0.515625 0.121094 0.515625 0.117188 0.511719 0.105469 0.511719 0.101562 0.507812
0 0 0.355469 0 0.394531 0.0117188 0.382812 0.0117188 0.363281 0.0078125 0.363281
0 0.230469 0.742188 0.226562 0.746094 0.222656 0.746094 0.214844 0.753906 0.210938 0.753906 0.210938 0.773438 0.214844 0.777344 0.214844 0.78125 0.21875 0.785156 0.222656 0.785156 0.226562 0.789062 0.230469 0.789062 0.234375 0.792969 0.246094 0.792969 0.25 0.796875 0.261719 0.796875 0.265625 0.792969 0.269531 0.792969 0.269531 0.789062 0.273438 0.785156 0.273438 0.773438 0.269531 0.769531 0.269531 0.765625 0.253906 0.75 0.25 0.75 0.246094 0.746094 0.242188 0.746094 0.238281 0.742188
0 0.699219 0.972656 0.6875 0.984375 0.6875 0.988281 0.683594 0.992188 0.683594 0.996094 0.730469 0.996094 0.726562 0.992188 0.726562 0.988281 0.710938 0.972656
