0 0.25 0.386719 0.238281 0.398438 0.238281 0.414062 0.242188 0.417969 0.269531 0.417969 0.273438 0.421875 0.289062 0.421875 0.292969 0.417969 0.292969 0.410156 0.285156 0.402344 0.28125 0.402344 0.277344 0.398438 0.277344 0.394531 0.273438 0.390625 0.269531 0.390625 0.265625 0.386719
0 0.261719 0.25 0.257812 0.253906 0.257812 0.292969 0.261719 0.296875 0.261719 0.300781 0.265625 0.304688 0.277344 0.304688 0.28125 0.300781 0.28125 0.296875 0.285156 0.292969 0.285156 0.253906 0.28125 0.25
0 0.253906 0.425781 0.25 0.429688 0.25 0.4375 0.257812 0.445312 0.261719 0.445312 0.273438 0.457031 0.285156 0.457031 0.289062 0.453125 0.289062 0.4375 0.285156 0.433594 0.28125 0.433594 0.273438 0.425781
0 0.363281 0.238281 0.359375 0.242188 0.359375 0.265625 0.367188 0.273438 0.378906 0.273438 0.382812 0.269531 0.382812 0.261719 0.375 0.253906 0.375 0.242188 0.371094 0.238281
0 0.0625 0.347656 0.0585938 0.351562 0.0546875 0.351562 0.0507812 0.355469 0.0507812 0.367188 0.0546875 0.371094 0.0625 0.371094 0.0664062 0.375 0.078125 0.375 0.0820312 0.371094 0.0820312 0.363281 0.0859375 0.359375 0.0859375 0.351562 0.0820312 0.347656
0 0.304688 0.425781 0.300781 0.429688 0.300781 0.445312 0.304688 0.449219 0.308594 0.449219 0.3125 0.453125 0.316406 0.449219 0.320312 0.449219 0.324219 0.445312 0.328125 0.445312 0.328125 0.433594 0.320312 0.425781
0 0.222656 0.0859375 0.21875 0.0898438 0.214844 0.0898438 0.207031 0.0976562 0.207031 0.101562 0.203125 0.105469 0.203125 0.113281 0.199219 0.117188 0.199219 0.132812 0.207031 0.132812 0.214844 0.140625 0.21875 0.140625 0.222656 0.144531 0.246094 0.144531 0.257812 0.132812 0.257812 0.105469 0.253906 0.101562 0.253906 0.0976562 0.25 0.09375 0.25 0.0898438 0.246094 0.0898438 0.242188 0.0859375
0 0.449219 0.566406 0.441406 0.574219 0.441406 0.585938 0.445312 0.589844 0.453125 0.589844 0.460938 0.582031 0.472656 0.582031 0.476562 0.578125 0.476562 0.570312 0.472656 0.566406
0 0.375 0.386719 0.367188 0.394531 0.355469 0.394531 0.355469 0.410156 0.359375 0.414062 0.375 0.414062 0.378906 0.410156 0.382812 0.410156 0.386719 0.40625 0.386719 0.390625 0.382812 0.386719
0 0.34375 0.628906 0.339844 0.632812 0.339844 0.636719 0.335938 0.640625 0.335938 0.652344 0.34375 0.652344 0.347656 0.65625 0.351562 0.65625 0.355469 0.660156 0.367188 0.660156 0.371094 0.65625 0.371094 0.644531 0.363281 0.636719 0.359375 0.636719 0.355469 0.632812 0.351562 0.632812 0.347656 0.628906
0 0.25 0.597656 0.246094 0.601562 0.246094 0.605469 0.242188 0.609375 0.242188 0.632812 0.246094 0.636719 0.246094 0.640625 0.257812 0.640625 0.261719 0.636719 0.265625 0.636719 0.273438 0.628906 0.273438 0.613281 0.269531 0.609375 0.269531 0.605469 0.265625 0.601562 0.265625 0.597656
0 0.34375 0.59375 0.339844 0.597656 0.339844 0.613281 0.34375 0.617188 0.351562 0.617188 0.355469 0.621094 0.363281 0.621094 0.367188 0.617188 0.367188 0.597656 0.363281 0.59375
0 0.445312 0.519531 0.441406 0.523438 0.441406 0.53125 0.445312 0.535156 0.449219 0.535156 0.453125 0.539062 0.476562 0.539062 0.480469 0.535156 0.480469 0.527344 0.476562 0.523438 0.464844 0.523438 0.460938 0.519531
0 0.433594 0.539062 0.429688 0.542969 0.429688 0.550781 0.4375 0.558594 0.472656 0.558594 0.476562 0.554688 0.476562 0.546875 0.472656 0.542969 0.449219 0.542969 0.445312 0.539062
0 0.210938 0.265625 0.207031 0.269531 0.203125 0.269531 0.199219 0.273438 0.195312 0.273438 0.191406 0.277344 0.191406 0.296875 0.195312 0.300781 0.195312 0.304688 0.199219 0.304688 0.203125 0.308594 0.207031 0.308594 0.210938 0.304688 0.226562 0.304688 0.230469 0.300781 0.234375 0.300781 0.238281 0.296875 0.238281 0.289062 0.234375 0.285156 0.234375 0.277344 0.230469 0.273438 0.230469 0.269531 0.226562 0.269531 0.222656 0.265625
0 0.363281 0.355469 0.355469 0.363281 0.355469 0.378906 0.351562 0.382812 0.347656 0.378906 0.335938 0.378906 0.328125 0.386719 0.328125 0.394531 0.332031 0.398438 0.332031 0.40625 0.335938 0.410156 0.347656 0.410156 0.351562 0.40625 0.351562 0.390625 0.355469 0.386719 0.359375 0.390625 0.367188 0.390625 0.378906 0.378906 0.382812 0.378906 0.386719 0.375 0.390625 0.375 0.394531 0.371094 0.394531 0.359375 0.390625 0.355469
0 0.0976562 0.347656 0.09375 0.351562 0.09375 0.359375 0.0898438 0.363281 0.0898438 0.367188 0.078125 0.378906 0.078125 0.386719 0.0820312 0.390625 0.09375 0.390625 0.105469 0.378906 0.105469 0.375 0.109375 0.371094 0.109375 0.351562 0.105469 0.347656
0 0.265625 0.363281 0.261719 0.367188 0.261719 0.378906 0.269531 0.386719 0.273438 0.386719 0.28125 0.394531 0.28125 0.398438 0.285156 0.398438 0.296875 0.410156 0.300781 0.40625 0.304688 0.40625 0.308594 0.402344 0.308594 0.375 0.300781 0.367188 0.292969 0.367188 0.289062 0.371094 0.28125 0.371094 0.273438 0.363281
0 0.0664062 0.402344 0.0625 0.40625 0.0585938 0.40625 0.0546875 0.410156 0.0507812 0.410156 0.046875 0.414062 0.046875 0.421875 0.0429688 0.425781 0.0429688 0.441406 0.046875 0.445312 0.046875 0.449219 0.0507812 0.453125 0.0546875 0.453125 0.0585938 0.457031 0.0664062 0.457031 0.0703125 0.453125 0.0742188 0.453125 0.0742188 0.449219 0.078125 0.445312 0.078125 0.429688 0.0820312 0.425781 0.0820312 0.417969 0.078125 0.414062 0.078125 0.410156 0.0703125 0.402344
0 0.386719 0.230469 0.382812 0.234375 0.382812 0.25 0.386719 0.253906 0.386719 0.257812 0.390625 0.261719 0.398438 0.261719 0.402344 0.257812 0.402344 0.242188 0.398438 0.238281 0.398438 0.234375 0.394531 0.230469
0 0.984375 0.613281 0.980469 0.617188 0.980469 0.648438 0.984375 0.652344 0.984375 0.65625 0.988281 0.660156 0.992188 0.660156 0.996094 0.664062 0.996094 0.613281
0 0.289062 0.257812 0.289062 0.289062 0.296875 0.296875 0.304688 0.296875 0.308594 0.292969 0.308594 0.285156 0.3125 0.28125 0.3125 0.273438 0.308594 0.269531 0.308594 0.265625 0.300781 0.257812
