0 0.785156 0.0703125 0.78125 0.0742188 0.773438 0.0742188 0.769531 0.078125 0.769531 0.0820312 0.765625 0.0859375 0.765625 0.105469 0.769531 0.109375 0.769531 0.117188 0.777344 0.125 0.792969 0.125 0.808594 0.109375 0.808594 0.101562 0.8125 0.0976562 0.8125 0.0742188 0.808594 0.0703125
0 0.0273438 0.128906 0.0234375 0.132812 0.0195312 0.132812 0.00390625 0.148438 0.00390625 0.152344 0.0078125 0.15625 0.0078125 0.160156 0.0195312 0.171875 0.0234375 0.171875 0.0273438 0.175781 0.0429688 0.175781 0.046875 0.171875 0.046875 0.167969 0.0507812 0.164062 0.0507812 0.148438 0.046875 0.144531 0.046875 0.140625 0.0390625 0.132812 0.0351562 0.132812 0.03125 0.128906
0 0.0898438 0.828125 0.0859375 0.832031 0.0859375 0.839844 0.09375 0.847656 0.09375 0.859375 0.0976562 0.863281 0.105469 0.863281 0.109375 0.859375 0.109375 0.839844 0.0976562 0.828125
0 0.707031 0.777344 0.699219 0.785156 0.699219 0.792969 0.695312 0.796875 0.695312 0.800781 0.6875 0.808594 0.6875 0.816406 0.691406 0.820312 0.691406 0.828125 0.699219 0.835938 0.699219 0.839844 0.703125 0.84375 0.707031 0.84375 0.71875 0.855469 0.734375 0.855469 0.738281 0.851562 0.746094 0.851562 0.75 0.847656 0.757812 0.847656 0.761719 0.84375 0.765625 0.84375 0.769531 0.839844 0.773438 0.839844 0.777344 0.835938 0.777344 0.832031 0.78125 0.828125 0.78125 0.8125 0.777344 0.808594 0.777344 0.800781 0.773438 0.796875 0.773438 0.789062 0.761719 0.777344
0 0.394531 0.945312 0.386719 0.953125 0.382812 0.953125 0.378906 0.957031 0.363281 0.957031 0.359375 0.960938 0.359375 0.972656 0.367188 0.980469 0.371094 0.980469 0.375 0.984375 0.398438 0.984375 0.40625 0.976562 0.40625 0.949219 0.402344 0.945312
0 0.00390625 0.941406 0 0.945312 0 0.996094 0.0078125 0.996094 0.015625 0.988281 0.0195312 0.988281 0.0234375 0.984375 0.0234375 0.976562 0.0273438 0.972656 0.0273438 0.957031 0.0117188 0.941406
0 0.742188 0.554688 0.738281 0.558594 0.730469 0.558594 0.714844 0.574219 0.710938 0.574219 0.703125 0.582031 0.703125 0.613281 0.707031 0.617188 0.707031 0.621094 0.722656 0.636719 0.734375 0.636719 0.738281 0.632812 0.742188 0.632812 0.75 0.625 0.753906 0.625 0.757812 0.621094 0.757812 0.617188 0.773438 0.601562 0.773438 0.570312 0.765625 0.5625 0.761719 0.5625 0.757812 0.558594 0.75 0.558594 0.746094 0.554688
0 0.992188 0.890625 0.976562 0.90625 0.976562 0.921875 0.984375 0.929688 0.984375 0.933594 0.992188 0.941406 0.992188 0.949219 0.996094 0.953125 0.996094 0.890625
0 0.804688 0.199219 0.800781 0.203125 0.796875 0.203125 0.792969 0.207031 0.785156 0.207031 0.78125 0.210938 0.78125 0.25 0.789062 0.257812 0.800781 0.257812 0.804688 0.261719 0.820312 0.261719 0.824219 0.265625 0.832031 0.265625 0.835938 0.261719 0.84375 0.261719 0.847656 0.257812 0.847656 0.253906 0.851562 0.25 0.851562 0.242188 0.855469 0.238281 0.855469 0.222656 0.847656 0.214844 0.839844 0.214844 0.832031 0.207031 0.832031 0.203125 0.828125 0.199219
0 0.167969 0.882812 0.160156 0.890625 0.160156 0.90625 0.164062 0.910156 0.171875 0.910156 0.179688 0.917969 0.179688 0.933594 0.183594 0.9375 0.183594 0.945312 0.1875 0.949219 0.191406 0.949219 0.195312 0.953125 0.234375 0.953125 0.238281 0.949219 0.238281 0.941406 0.242188 0.9375 0.242188 0.933594 0.238281 0.929688 0.238281 0.921875 0.226562 0.910156 0.222656 0.910156 0.214844 0.902344 0.203125 0.902344 0.183594 0.882812
0 0.878906 0.773438 0.875 0.777344 0.871094 0.777344 0.851562 0.796875 0.851562 0.800781 0.847656 0.804688 0.847656 0.820312 0.851562 0.824219 0.851562 0.832031 0.855469 0.835938 0.859375 0.835938 0.863281 0.839844 0.894531 0.839844 0.90625 0.851562 0.914062 0.851562 0.917969 0.847656 0.921875 0.847656 0.9375 0.832031 0.9375 0.824219 0.941406 0.820312 0.941406 0.816406 0.9375 0.8125 0.9375 0.800781 0.933594 0.796875 0.933594 0.792969 0.925781 0.785156 0.921875 0.785156 0.917969 0.78125 0.914062 0.78125 0.910156 0.777344 0.90625 0.777344 0.902344 0.773438
0 0.929688 0.925781 0.925781 0.929688 0.925781 0.9375 0.917969 0.945312 0.910156 0.945312 0.90625 0.949219 0.90625 0.953125 0.902344 0.957031 0.902344 0.960938 0.90625 0.964844 0.90625 0.976562 0.910156 0.980469 0.914062 0.980469 0.921875 0.988281 0.921875 0.996094 0.984375 0.996094 0.984375 0.976562 0.980469 0.972656 0.980469 0.964844 0.96875 0.953125 0.96875 0.945312 0.953125 0.929688 0.941406 0.929688 0.9375 0.925781
0 0.160156 0.265625 0.15625 0.269531 0.152344 0.269531 0.148438 0.273438 0.144531 0.273438 0.136719 0.28125 0.136719 0.285156 0.132812 0.289062 0.132812 0.308594 0.136719 0.3125 0.136719 0.316406 0.148438 0.328125 0.179688 0.328125 0.183594 0.324219 0.1875 0.324219 0.191406 0.320312 0.195312 0.320312 0.203125 0.3125 0.203125 0.308594 0.207031 0.304688 0.207031 0.289062 0.203125 0.285156 0.203125 0.28125 0.191406 0.269531 0.1875 0.269531 0.183594 0.265625
0 0.0898438 0.0429688 0.0859375 0.046875 0.0429688 0.046875 0.0351562 0.0546875 0.0351562 0.0585938 0.0234375 0.0703125 0.0234375 0.0820312 0.0273438 0.0859375 0.0273438 0.0898438 0.046875 0.109375 0.0507812 0.109375 0.0585938 0.117188 0.0664062 0.117188 0.0703125 0.121094 0.0820312 0.121094 0.0898438 0.113281 0.101562 0.113281 0.101562 0.0976562 0.105469 0.09375 0.105469 0.0859375 0.109375 0.0820312 0.109375 0.078125 0.117188 0.0703125 0.105469 0.0585938 0.105469 0.0507812 0.101562 0.046875 0.0976562 0.046875 0.09375 0.0429688
0 0.25 0.105469 0.246094 0.109375 0.242188 0.109375 0.238281 0.113281 0.234375 0.113281 0.222656 0.125 0.222656 0.128906 0.21875 0.132812 0.21875 0.175781 0.222656 0.179688 0.222656 0.183594 0.226562 0.1875 0.226562 0.191406 0.234375 0.199219 0.238281 0.199219 0.242188 0.203125 0.246094 0.203125 0.25 0.207031 0.261719 0.207031 0.265625 0.210938 0.269531 0.210938 0.273438 0.207031 0.300781 0.207031 0.304688 0.203125 0.3125 0.203125 0.320312 0.195312 0.320312 0.191406 0.324219 0.1875 0.324219 0.183594 0.328125 0.179688 0.328125 0.148438 0.316406 0.136719 0.316406 0.132812 0.292969 0.109375 0.289062 0.109375 0.285156 0.105469
0 0.800781 0.871094 0.796875 0.875 0.789062 0.875 0.78125 0.882812 0.769531 0.882812 0.765625 0.886719 0.765625 0.894531 0.761719 0.898438 0.761719 0.90625 0.757812 0.910156 0.757812 0.925781 0.761719 0.929688 0.761719 0.945312 0.765625 0.949219 0.773438 0.949219 0.78125 0.957031 0.804688 0.957031 0.808594 0.960938 0.828125 0.960938 0.839844 0.949219 0.839844 0.910156 0.835938 0.90625 0.835938 0.902344 0.832031 0.898438 0.832031 0.894531 0.828125 0.890625 0.828125 0.886719 0.816406 0.875 0.808594 0.875 0.804688 0.871094
0 0.417969 0.617188 0.414062 0.621094 0.414062 0.628906 0.417969 0.632812 0.425781 0.632812 0.429688 0.628906 0.429688 0.621094 0.425781 0.617188
0 0.925781 0.171875 0.917969 0.179688 0.914062 0.179688 0.910156 0.183594 0.90625 0.183594 0.898438 0.191406 0.898438 0.226562 0.910156 0.238281 0.914062 0.238281 0.917969 0.242188 0.925781 0.242188 0.929688 0.238281 0.9375 0.238281 0.949219 0.226562 0.949219 0.222656 0.953125 0.21875 0.953125 0.214844 0.957031 0.210938 0.957031 0.191406 0.949219 0.183594 0.949219 0.179688 0.945312 0.175781 0.9375 0.175781 0.933594 0.171875
0 0.601562 0.105469 0.597656 0.109375 0.589844 0.109375 0.585938 0.113281 0.582031 0.113281 0.570312 0.125 0.570312 0.140625 0.574219 0.144531 0.578125 0.144531 0.589844 0.15625 0.589844 0.160156 0.59375 0.164062 0.59375 0.179688 0.597656 0.183594 0.605469 0.183594 0.617188 0.171875 0.625 0.171875 0.632812 0.164062 0.632812 0.160156 0.636719 0.15625 0.636719 0.152344 0.640625 0.148438 0.640625 0.121094 0.636719 0.117188 0.632812 0.117188 0.625 0.109375 0.617188 0.109375 0.613281 0.105469
0 0.792969 0.703125 0.789062 0.707031 0.785156 0.707031 0.777344 0.714844 0.777344 0.71875 0.765625 0.730469 0.765625 0.75 0.78125 0.765625 0.785156 0.765625 0.789062 0.769531 0.832031 0.769531 0.835938 0.765625 0.835938 0.761719 0.839844 0.757812 0.839844 0.730469 0.835938 0.726562 0.835938 0.722656 0.832031 0.71875 0.832031 0.710938 0.824219 0.703125
0 0 0.746094 0 0.792969 0 0.789062 0.00390625 0.785156 0.00390625 0.75
0 0.496094 0.203125 0.488281 0.210938 0.484375 0.210938 0.480469 0.214844 0.480469 0.21875 0.472656 0.226562 0.472656 0.230469 0.484375 0.242188 0.484375 0.25 0.488281 0.253906 0.488281 0.261719 0.492188 0.265625 0.492188 0.273438 0.503906 0.285156 0.507812 0.285156 0.511719 0.289062 0.515625 0.289062 0.519531 0.292969 0.542969 0.292969 0.546875 0.289062 0.550781 0.289062 0.554688 0.285156 0.558594 0.285156 0.566406 0.277344 0.566406 0.273438 0.570312 0.269531 0.570312 0.265625 0.574219 0.261719 0.574219 0.246094 0.570312 0.242188 0.570312 0.238281 0.5625 0.230469 0.5625 0.226562 0.546875 0.210938 0.539062 0.210938 0.535156 0.207031 0.519531 0.207031 0.515625 0.203125
0 0.9375 0.496094 0.933594 0.5 0.933594 0.53125 0.945312 0.542969 0.960938 0.542969 0.964844 0.546875 0.980469 0.546875 0.984375 0.542969 0.984375 0.535156 0.964844 0.515625 0.964844 0.507812 0.953125 0.496094
0 0.425781 0.230469 0.421875 0.234375 0.417969 0.234375 0.410156 0.242188 0.410156 0.25 0.40625 0.253906 0.40625 0.257812 0.421875 0.273438 0.421875 0.277344 0.425781 0.28125 0.433594 0.28125 0.4375 0.285156 0.441406 0.285156 0.445312 0.28125 0.449219 0.28125 0.464844 0.265625 0.464844 0.261719 0.460938 0.257812 0.460938 0.25 0.445312 0.234375 0.4375 0.234375 0.433594 0.230469
0 0.808594 0.394531 0.804688 0.398438 0.800781 0.398438 0.796875 0.402344 0.792969 0.402344 0.785156 0.410156 0.785156 0.4375 0.792969 0.445312 0.800781 0.445312 0.804688 0.449219 0.816406 0.449219 0.820312 0.445312 0.824219 0.445312 0.828125 0.441406 0.832031 0.441406 0.839844 0.433594 0.839844 0.414062 0.835938 0.410156 0.835938 0.402344 0.832031 0.398438 0.824219 0.398438 0.820312 0.394531
0 0.0507812 0.824219 0.046875 0.828125 0.046875 0.839844 0.0507812 0.84375 0.0546875 0.84375 0.0625 0.851562 0.0625 0.855469 0.0546875 0.863281 0.0429688 0.863281 0.03125 0.851562 0.0273438 0.851562 0.0234375 0.855469 0.0234375 0.867188 0.0273438 0.871094 0.0273438 0.878906 0.0351562 0.886719 0.0390625 0.886719 0.046875 0.894531 0.0507812 0.894531 0.0546875 0.898438 0.0664062 0.898438 0.0703125 0.894531 0.0742188 0.894531 0.0820312 0.886719 0.0820312 0.855469 0.078125 0.851562 0.078125 0.847656 0.0742188 0.84375 0.0742188 0.839844 0.0585938 0.824219
0 0.332031 0.277344 0.3125 0.296875 0.3125 0.304688 0.308594 0.308594 0.308594 0.316406 0.3125 0.320312 0.3125 0.328125 0.332031 0.347656 0.335938 0.347656 0.339844 0.351562 0.355469 0.351562 0.359375 0.355469 0.363281 0.355469 0.367188 0.351562 0.378906 0.351562 0.394531 0.335938 0.394531 0.328125 0.398438 0.324219 0.398438 0.304688 0.390625 0.296875 0.390625 0.292969 0.382812 0.285156 0.378906 0.285156 0.375 0.28125 0.367188 0.28125 0.363281 0.277344
0 0.425781 0.328125 0.421875 0.332031 0.421875 0.335938 0.414062 0.34375 0.414062 0.347656 0.402344 0.359375 0.402344 0.367188 0.40625 0.371094 0.40625 0.386719 0.410156 0.390625 0.414062 0.390625 0.417969 0.394531 0.421875 0.394531 0.425781 0.398438 0.4375 0.398438 0.441406 0.402344 0.460938 0.402344 0.464844 0.398438 0.472656 0.398438 0.484375 0.386719 0.484375 0.382812 0.488281 0.378906 0.488281 0.375 0.492188 0.371094 0.492188 0.355469 0.488281 0.351562 0.488281 0.34375 0.476562 0.332031 0.46875 0.332031 0.464844 0.328125
0 0.5 0.046875 0.496094 0.0507812 0.488281 0.0507812 0.472656 0.0664062 0.472656 0.09375 0.476562 0.0976562 0.476562 0.101562 0.488281 0.113281 0.492188 0.113281 0.496094 0.117188 0.507812 0.117188 0.511719 0.121094 0.519531 0.121094 0.523438 0.117188 0.535156 0.117188 0.539062 0.113281 0.542969 0.113281 0.550781 0.105469 0.550781 0.078125 0.546875 0.0742188 0.546875 0.0703125 0.53125 0.0546875 0.527344 0.0546875 0.523438 0.0507812 0.519531 0.0507812 0.515625 0.046875
0 0.925781 0.648438 0.921875 0.652344 0.914062 0.652344 0.910156 0.65625 0.90625 0.65625 0.898438 0.664062 0.898438 0.671875 0.894531 0.675781 0.894531 0.707031 0.90625 0.71875 0.917969 0.71875 0.921875 0.722656 0.949219 0.722656 0.972656 0.699219 0.972656 0.695312 0.976562 0.691406 0.976562 0.667969 0.964844 0.65625 0.960938 0.65625 0.953125 0.648438
0 0.71875 0.0390625 0.714844 0.0429688 0.714844 0.0507812 0.71875 0.0546875 0.726562 0.0546875 0.730469 0.0507812 0.730469 0.0429688 0.726562 0.0390625
0 0.585938 0.476562 0.582031 0.480469 0.574219 0.480469 0.5625 0.492188 0.5625 0.503906 0.566406 0.507812 0.566406 0.519531 0.558594 0.527344 0.558594 0.535156 0.574219 0.550781 0.601562 0.550781 0.621094 0.53125 0.621094 0.523438 0.625 0.519531 0.625 0.503906 0.621094 0.5 0.621094 0.496094 0.605469 0.480469 0.59375 0.480469 0.589844 0.476562
0 0.179688 0.625 0.167969 0.636719 0.15625 0.636719 0.148438 0.644531 0.136719 0.644531 0.132812 0.648438 0.132812 0.65625 0.136719 0.660156 0.136719 0.664062 0.144531 0.671875 0.195312 0.671875 0.203125 0.664062 0.203125 0.652344 0.195312 0.644531 0.195312 0.628906 0.191406 0.625
0 0.144531 0.0585938 0.140625 0.0625 0.136719 0.0625 0.128906 0.0703125 0.121094 0.0703125 0.113281 0.078125 0.113281 0.0820312 0.109375 0.0859375 0.109375 0.09375 0.105469 0.0976562 0.105469 0.117188 0.109375 0.121094 0.109375 0.125 0.121094 0.136719 0.125 0.136719 0.132812 0.144531 0.136719 0.144531 0.140625 0.148438 0.152344 0.148438 0.15625 0.144531 0.164062 0.144531 0.171875 0.136719 0.171875 0.117188 0.175781 0.113281 0.175781 0.109375 0.179688 0.105469 0.179688 0.09375 0.183594 0.0898438 0.183594 0.0820312 0.179688 0.078125 0.179688 0.0703125 0.175781 0.0664062 0.171875 0.0664062 0.167969 0.0625 0.164062 0.0625 0.160156 0.0585938
0 0.6875 0.578125 0.683594 0.582031 0.683594 0.589844 0.6875 0.59375 0.695312 0.59375 0.699219 0.589844 0.699219 0.582031 0.695312 0.578125
0 0.820312 0.0703125 0.816406 0.0742188 0.816406 0.0976562 0.8125 0.101562 0.8125 0.109375 0.792969 0.128906 0.792969 0.132812 0.796875 0.136719 0.800781 0.136719 0.804688 0.140625 0.808594 0.140625 0.8125 0.144531 0.816406 0.144531 0.820312 0.148438 0.839844 0.148438 0.84375 0.144531 0.851562 0.144531 0.859375 0.136719 0.863281 0.136719 0.871094 0.128906 0.871094 0.125 0.875 0.121094 0.875 0.117188 0.878906 0.113281 0.878906 0.09375 0.875 0.0898438 0.875 0.0859375 0.867188 0.078125 0.863281 0.078125 0.859375 0.0742188 0.851562 0.0742188 0.847656 0.0703125
0 0.300781 0.714844 0.296875 0.71875 0.289062 0.71875 0.273438 0.734375 0.273438 0.738281 0.269531 0.742188 0.269531 0.761719 0.273438 0.765625 0.273438 0.769531 0.285156 0.78125 0.289062 0.78125 0.292969 0.785156 0.308594 0.785156 0.3125 0.78125 0.316406 0.78125 0.320312 0.777344 0.324219 0.777344 0.339844 0.761719 0.339844 0.753906 0.34375 0.75 0.34375 0.742188 0.339844 0.738281 0.339844 0.734375 0.335938 0.730469 0.335938 0.726562 0.332031 0.722656 0.328125 0.722656 0.324219 0.71875 0.320312 0.71875 0.316406 0.714844
0 0.757812 0.980469 0.75 0.988281 0.75 0.996094 0.804688 0.996094 0.804688 0.988281 0.800781 0.984375 0.769531 0.984375 0.765625 0.980469
0 0.84375 0.289062 0.839844 0.292969 0.835938 0.292969 0.824219 0.304688 0.824219 0.3125 0.820312 0.316406 0.820312 0.332031 0.824219 0.335938 0.824219 0.339844 0.839844 0.355469 0.84375 0.355469 0.847656 0.359375 0.855469 0.359375 0.859375 0.363281 0.878906 0.363281 0.886719 0.355469 0.886719 0.347656 0.882812 0.34375 0.882812 0.332031 0.890625 0.324219 0.890625 0.296875 0.886719 0.292969 0.882812 0.292969 0.878906 0.289062
0 0.371094 0.828125 0.355469 0.84375 0.355469 0.851562 0.351562 0.855469 0.351562 0.882812 0.355469 0.886719 0.355469 0.890625 0.363281 0.898438 0.367188 0.898438 0.371094 0.902344 0.386719 0.902344 0.390625 0.898438 0.394531 0.898438 0.398438 0.894531 0.398438 0.890625 0.402344 0.886719 0.402344 0.882812 0.40625 0.878906 0.40625 0.867188 0.402344 0.863281 0.402344 0.855469 0.394531 0.847656 0.394531 0.84375 0.378906 0.828125
0 0.171875 0.0390625 0.167969 0.0429688 0.167969 0.0507812 0.171875 0.0546875 0.179688 0.0546875 0.183594 0.0507812 0.183594 0.0429688 0.179688 0.0390625
0 0.679688 0.4375 0.675781 0.441406 0.667969 0.441406 0.664062 0.445312 0.660156 0.445312 0.65625 0.449219 0.65625 0.460938 0.652344 0.464844 0.652344 0.484375 0.667969 0.5 0.695312 0.5 0.703125 0.492188 0.703125 0.460938 0.699219 0.457031 0.699219 0.445312 0.691406 0.4375
0 0.6875 0.191406 0.683594 0.195312 0.679688 0.195312 0.667969 0.207031 0.667969 0.210938 0.664062 0.214844 0.664062 0.21875 0.660156 0.222656 0.660156 0.226562 0.664062 0.230469 0.664062 0.238281 0.667969 0.242188 0.667969 0.25 0.675781 0.257812 0.675781 0.261719 0.683594 0.269531 0.707031 0.269531 0.710938 0.265625 0.714844 0.265625 0.726562 0.253906 0.726562 0.246094 0.734375 0.238281 0.734375 0.234375 0.738281 0.230469 0.738281 0.214844 0.722656 0.199219 0.71875 0.199219 0.714844 0.195312 0.703125 0.195312 0.699219 0.191406
0 0.328125 0 0.328125 0.0234375 0.332031 0.0273438 0.332031 0.03125 0.335938 0.0351562 0.335938 0.0390625 0.34375 0.046875 0.347656 0.046875 0.351562 0.0507812 0.359375 0.0507812 0.363281 0.0546875 0.375 0.0546875 0.378906 0.0507812 0.386719 0.0507812 0.390625 0.046875 0.402344 0.046875 0.40625 0.0429688 0.410156 0.0429688 0.417969 0.0351562 0.417969 0.03125 0.421875 0.0273438 0.421875 0.0078125 0.417969 0.00390625 0.417969 0
0 0.0546875 0.28125 0.046875 0.289062 0.046875 0.304688 0.0507812 0.308594 0.0625 0.308594 0.0703125 0.300781 0.0703125 0.285156 0.0664062 0.28125
0 0.398438 0.101562 0.394531 0.105469 0.390625 0.105469 0.378906 0.117188 0.378906 0.125 0.375 0.128906 0.375 0.144531 0.378906 0.148438 0.378906 0.152344 0.398438 0.171875 0.402344 0.171875 0.40625 0.175781 0.414062 0.175781 0.417969 0.179688 0.429688 0.179688 0.433594 0.175781 0.441406 0.175781 0.449219 0.167969 0.449219 0.140625 0.445312 0.136719 0.445312 0.125 0.441406 0.121094 0.441406 0.117188 0.425781 0.101562
0 0.726562 0.3125 0.707031 0.332031 0.707031 0.335938 0.703125 0.339844 0.703125 0.355469 0.707031 0.359375 0.710938 0.359375 0.71875 0.367188 0.71875 0.371094 0.726562 0.378906 0.734375 0.378906 0.738281 0.382812 0.746094 0.382812 0.75 0.378906 0.753906 0.378906 0.757812 0.375 0.761719 0.375 0.769531 0.367188 0.769531 0.363281 0.773438 0.359375 0.773438 0.339844 0.769531 0.335938 0.769531 0.320312 0.765625 0.316406 0.761719 0.316406 0.757812 0.3125
0 0.179688 0.390625 0.175781 0.394531 0.167969 0.394531 0.164062 0.398438 0.160156 0.398438 0.144531 0.414062 0.144531 0.421875 0.140625 0.425781 0.140625 0.433594 0.144531 0.4375 0.144531 0.445312 0.15625 0.457031 0.160156 0.457031 0.164062 0.460938 0.179688 0.460938 0.183594 0.457031 0.191406 0.457031 0.195312 0.453125 0.199219 0.453125 0.210938 0.441406 0.210938 0.4375 0.214844 0.433594 0.214844 0.417969 0.210938 0.414062 0.210938 0.410156 0.195312 0.394531 0.1875 0.394531 0.183594 0.390625
0 0.0429688 0 0.0429688 0.00390625 0.0546875 0.015625 0.0664062 0.015625 0.0703125 0.0195312 0.0859375 0.0195312 0.0898438 0.015625 0.0898438 0.0117188 0.09375 0.0078125 0.09375 0
0 0.753906 0 0.753906 0.0117188 0.769531 0.0273438 0.800781 0.0273438 0.816406 0.0117188 0.816406 0
0 0.339844 0.433594 0.335938 0.4375 0.335938 0.445312 0.339844 0.449219 0.347656 0.449219 0.351562 0.445312 0.351562 0.4375 0.347656 0.433594
0 0.617188 0.945312 0.601562 0.960938 0.601562 0.996094 0.652344 0.996094 0.660156 0.988281 0.660156 0.960938 0.648438 0.949219 0.644531 0.949219 0.640625 0.945312
0 0.8125 0.457031 0.808594 0.460938 0.804688 0.460938 0.800781 0.464844 0.796875 0.464844 0.789062 0.472656 0.789062 0.476562 0.78125 0.484375 0.78125 0.488281 0.777344 0.492188 0.777344 0.515625 0.78125 0.519531 0.785156 0.519531 0.796875 0.53125 0.824219 0.53125 0.828125 0.527344 0.832031 0.527344 0.835938 0.523438 0.839844 0.523438 0.859375 0.503906 0.859375 0.5 0.863281 0.496094 0.863281 0.480469 0.859375 0.476562 0.859375 0.46875 0.855469 0.464844 0.84375 0.464844 0.835938 0.457031
0 0.0703125 0.304688 0.0625 0.3125 0.0507812 0.3125 0.046875 0.308594 0.0429688 0.308594 0.0234375 0.328125 0.0234375 0.34375 0.0273438 0.347656 0.03125 0.347656 0.0351562 0.351562 0.0625 0.351562 0.0703125 0.359375 0.0703125 0.367188 0.0625 0.375 0.046875 0.375 0.0351562 0.386719 0.0351562 0.390625 0.03125 0.394531 0.03125 0.398438 0.0273438 0.402344 0.0273438 0.40625 0.03125 0.410156 0.03125 0.414062 0.0390625 0.421875 0.046875 0.421875 0.0507812 0.425781 0.0585938 0.425781 0.0625 0.421875 0.0703125 0.421875 0.0742188 0.417969 0.078125 0.417969 0.0820312 0.414062 0.0859375 0.414062 0.0898438 0.410156 0.09375 0.410156 0.105469 0.398438 0.105469 0.394531 0.109375 0.390625 0.109375 0.386719 0.113281 0.382812 0.113281 0.359375 0.109375 0.355469 0.109375 0.347656 0.105469 0.34375 0.105469 0.335938 0.101562 0.332031 0.101562 0.328125 0.0976562 0.324219 0.0976562 0.320312 0.0898438 0.3125 0.0859375 0.3125 0.078125 0.304688
0 0.0898438 0.953125 0.0859375 0.957031 0.078125 0.957031 0.0742188 0.960938 0.0742188 0.96875 0.0703125 0.972656 0.0703125 0.996094 0.136719 0.996094 0.140625 0.992188 0.140625 0.980469 0.136719 0.976562 0.136719 0.972656 0.132812 0.96875 0.132812 0.964844 0.128906 0.960938 0.125 0.960938 0.121094 0.957031 0.117188 0.957031 0.113281 0.953125
0 0.960938 0.320312 0.953125 0.328125 0.949219 0.328125 0.9375 0.339844 0.9375 0.34375 0.929688 0.351562 0.929688 0.367188 0.933594 0.371094 0.933594 0.378906 0.9375 0.382812 0.9375 0.386719 0.941406 0.390625 0.941406 0.394531 0.953125 0.40625 0.972656 0.40625 0.976562 0.402344 0.980469 0.402344 0.988281 0.394531 0.988281 0.390625 0.992188 0.386719 0.992188 0.382812 0.996094 0.378906 0.996094 0.335938 0.984375 0.324219 0.980469 0.324219 0.976562 0.320312
0 0.519531 0.90625 0.515625 0.910156 0.511719 0.910156 0.503906 0.917969 0.5 0.917969 0.496094 0.921875 0.488281 0.921875 0.480469 0.929688 0.476562 0.929688 0.472656 0.933594 0.472656 0.9375 0.46875 0.941406 0.46875 0.949219 0.464844 0.953125 0.464844 0.996094 0.570312 0.996094 0.570312 0.988281 0.574219 0.984375 0.574219 0.976562 0.578125 0.972656 0.578125 0.96875 0.582031 0.964844 0.582031 0.960938 0.585938 0.957031 0.585938 0.941406 0.582031 0.9375 0.582031 0.933594 0.578125 0.929688 0.574219 0.929688 0.5625 0.917969 0.558594 0.917969 0.550781 0.910156 0.539062 0.910156 0.535156 0.90625
0 0.046875 0.636719 0.0429688 0.640625 0.0390625 0.640625 0.0351562 0.644531 0.03125 0.644531 0.0273438 0.648438 0.0273438 0.652344 0.0234375 0.65625 0.0234375 0.660156 0.0195312 0.664062 0.0195312 0.671875 0.0234375 0.675781 0.0234375 0.683594 0.03125 0.691406 0.0625 0.691406 0.0664062 0.6875 0.0703125 0.6875 0.078125 0.679688 0.078125 0.675781 0.0820312 0.671875 0.0820312 0.644531 0.0742188 0.636719
0 0.445312 0.667969 0.441406 0.671875 0.433594 0.671875 0.429688 0.675781 0.425781 0.675781 0.414062 0.6875 0.414062 0.691406 0.410156 0.695312 0.410156 0.714844 0.414062 0.71875 0.414062 0.722656 0.421875 0.730469 0.425781 0.730469 0.429688 0.734375 0.4375 0.734375 0.441406 0.738281 0.449219 0.738281 0.453125 0.734375 0.464844 0.734375 0.472656 0.726562 0.476562 0.726562 0.480469 0.722656 0.480469 0.71875 0.484375 0.714844 0.484375 0.710938 0.488281 0.707031 0.488281 0.695312 0.484375 0.691406 0.484375 0.6875 0.480469 0.683594 0.480469 0.679688 0.476562 0.675781 0.472656 0.675781 0.46875 0.671875 0.460938 0.671875 0.457031 0.667969
0 0.90625 0.507812 0.902344 0.511719 0.902344 0.523438 0.898438 0.527344 0.898438 0.554688 0.902344 0.558594 0.90625 0.558594 0.910156 0.5625 0.914062 0.5625 0.929688 0.578125 0.960938 0.578125 0.964844 0.574219 0.964844 0.570312 0.96875 0.566406 0.96875 0.554688 0.960938 0.546875 0.945312 0.546875 0.929688 0.53125 0.929688 0.519531 0.917969 0.507812
0 0.214844 0.703125 0.210938 0.707031 0.195312 0.707031 0.183594 0.71875 0.179688 0.71875 0.164062 0.734375 0.164062 0.746094 0.167969 0.75 0.167969 0.753906 0.179688 0.765625 0.183594 0.765625 0.1875 0.769531 0.210938 0.769531 0.226562 0.753906 0.226562 0.742188 0.230469 0.738281 0.230469 0.734375 0.226562 0.730469 0.226562 0.707031 0.222656 0.703125
0 0.78125 0.59375 0.777344 0.597656 0.777344 0.601562 0.769531 0.609375 0.769531 0.652344 0.773438 0.65625 0.773438 0.660156 0.777344 0.664062 0.8125 0.664062 0.828125 0.648438 0.828125 0.644531 0.835938 0.636719 0.835938 0.621094 0.832031 0.617188 0.832031 0.609375 0.824219 0.601562 0.820312 0.601562 0.816406 0.597656 0.8125 0.597656 0.808594 0.59375
0 0.046875 0.210938 0.03125 0.226562 0.0273438 0.226562 0.0234375 0.230469 0.0234375 0.234375 0.0195312 0.238281 0.0195312 0.257812 0.0273438 0.265625 0.03125 0.265625 0.0351562 0.269531 0.0390625 0.269531 0.0429688 0.273438 0.0507812 0.273438 0.0546875 0.277344 0.0585938 0.277344 0.0664062 0.269531 0.0703125 0.269531 0.0820312 0.257812 0.0820312 0.253906 0.0859375 0.25 0.0859375 0.230469 0.0664062 0.210938
0 0.3125 0.433594 0.308594 0.4375 0.308594 0.445312 0.3125 0.449219 0.320312 0.449219 0.324219 0.445312 0.324219 0.4375 0.320312 0.433594
0 0.648438 0.671875 0.644531 0.675781 0.640625 0.675781 0.625 0.691406 0.625 0.695312 0.621094 0.699219 0.621094 0.703125 0.617188 0.707031 0.617188 0.734375 0.625 0.742188 0.648438 0.742188 0.652344 0.738281 0.660156 0.738281 0.664062 0.734375 0.667969 0.734375 0.671875 0.730469 0.699219 0.730469 0.703125 0.726562 0.703125 0.722656 0.707031 0.71875 0.707031 0.714844 0.703125 0.710938 0.703125 0.699219 0.699219 0.695312 0.699219 0.691406 0.6875 0.679688 0.683594 0.679688 0.679688 0.675781 0.671875 0.675781 0.667969 0.671875
0 0.363281 0.597656 0.359375 0.601562 0.355469 0.601562 0.351562 0.605469 0.347656 0.605469 0.34375 0.609375 0.34375 0.613281 0.339844 0.617188 0.339844 0.640625 0.359375 0.660156 0.367188 0.660156 0.371094 0.664062 0.378906 0.664062 0.382812 0.660156 0.386719 0.660156 0.402344 0.644531 0.402344 0.640625 0.410156 0.632812 0.410156 0.621094 0.40625 0.617188 0.40625 0.609375 0.398438 0.601562 0.394531 0.601562 0.390625 0.597656
0 0.5 0.519531 0.496094 0.523438 0.492188 0.523438 0.484375 0.53125 0.484375 0.535156 0.480469 0.539062 0.480469 0.546875 0.476562 0.550781 0.476562 0.558594 0.480469 0.5625 0.480469 0.570312 0.496094 0.585938 0.503906 0.585938 0.507812 0.589844 0.519531 0.589844 0.523438 0.585938 0.527344 0.585938 0.53125 0.582031 0.535156 0.582031 0.539062 0.578125 0.539062 0.574219 0.542969 0.570312 0.542969 0.554688 0.539062 0.550781 0.539062 0.539062 0.535156 0.535156 0.535156 0.527344 0.53125 0.523438 0.527344 0.523438 0.523438 0.519531
0 0.332031 0.449219 0.324219 0.457031 0.292969 0.457031 0.285156 0.464844 0.285156 0.46875 0.28125 0.472656 0.28125 0.496094 0.285156 0.5 0.285156 0.503906 0.289062 0.507812 0.289062 0.511719 0.308594 0.53125 0.316406 0.53125 0.320312 0.535156 0.332031 0.535156 0.335938 0.53125 0.34375 0.53125 0.347656 0.527344 0.351562 0.527344 0.367188 0.511719 0.367188 0.503906 0.371094 0.5 0.371094 0.476562 0.367188 0.472656 0.367188 0.464844 0.363281 0.460938 0.363281 0.457031 0.355469 0.449219 0.351562 0.449219 0.347656 0.453125 0.339844 0.453125 0.335938 0.449219
0 0.882812 0.546875 0.871094 0.558594 0.871094 0.5625 0.867188 0.566406 0.867188 0.59375 0.871094 0.597656 0.871094 0.605469 0.875 0.609375 0.875 0.617188 0.882812 0.625 0.882812 0.628906 0.886719 0.632812 0.890625 0.632812 0.894531 0.636719 0.910156 0.636719 0.914062 0.632812 0.921875 0.632812 0.929688 0.625 0.933594 0.625 0.945312 0.613281 0.945312 0.582031 0.929688 0.582031 0.914062 0.566406 0.910156 0.566406 0.90625 0.5625 0.902344 0.5625 0.894531 0.554688 0.894531 0.550781 0.890625 0.546875
0 0.519531 0.1875 0.515625 0.191406 0.515625 0.199219 0.519531 0.203125 0.527344 0.203125 0.53125 0.199219 0.53125 0.191406 0.527344 0.1875
0 0.25 0.816406 0.238281 0.828125 0.238281 0.84375 0.242188 0.847656 0.242188 0.855469 0.257812 0.871094 0.285156 0.871094 0.296875 0.859375 0.296875 0.855469 0.300781 0.851562 0.300781 0.84375 0.296875 0.839844 0.296875 0.832031 0.285156 0.820312 0.28125 0.820312 0.277344 0.816406
0 0.660156 0.0351562 0.652344 0.0429688 0.648438 0.0429688 0.640625 0.0507812 0.640625 0.0546875 0.636719 0.0585938 0.636719 0.0742188 0.640625 0.078125 0.640625 0.0820312 0.648438 0.0898438 0.648438 0.09375 0.652344 0.0976562 0.671875 0.0976562 0.675781 0.101562 0.691406 0.101562 0.699219 0.09375 0.703125 0.09375 0.707031 0.0898438 0.707031 0.0820312 0.710938 0.078125 0.710938 0.0664062 0.714844 0.0625 0.714844 0.0546875 0.710938 0.0507812 0.710938 0.046875 0.699219 0.0351562
0 0.550781 0.195312 0.546875 0.199219 0.546875 0.207031 0.550781 0.210938 0.558594 0.210938 0.5625 0.207031 0.5625 0.199219 0.558594 0.195312
0 0.601562 0.808594 0.597656 0.8125 0.59375 0.8125 0.589844 0.816406 0.585938 0.816406 0.566406 0.835938 0.566406 0.84375 0.5625 0.847656 0.5625 0.871094 0.570312 0.878906 0.574219 0.878906 0.582031 0.886719 0.582031 0.890625 0.59375 0.902344 0.597656 0.902344 0.601562 0.90625 0.605469 0.90625 0.609375 0.910156 0.621094 0.910156 0.625 0.914062 0.632812 0.914062 0.628906 0.910156 0.628906 0.894531 0.632812 0.890625 0.632812 0.886719 0.636719 0.882812 0.636719 0.875 0.644531 0.867188 0.648438 0.867188 0.65625 0.859375 0.65625 0.84375 0.660156 0.839844 0.660156 0.824219 0.648438 0.8125 0.640625 0.8125 0.636719 0.808594
0 0.332031 0.960938 0.324219 0.96875 0.324219 0.976562 0.332031 0.984375 0.332031 0.988281 0.339844 0.996094 0.355469 0.996094 0.359375 0.992188 0.359375 0.976562 0.355469 0.972656 0.355469 0.96875 0.347656 0.960938
0 0.480469 0.769531 0.476562 0.773438 0.472656 0.773438 0.464844 0.78125 0.464844 0.785156 0.457031 0.792969 0.457031 0.796875 0.453125 0.800781 0.453125 0.808594 0.449219 0.8125 0.449219 0.820312 0.453125 0.824219 0.453125 0.835938 0.457031 0.839844 0.457031 0.84375 0.472656 0.859375 0.476562 0.859375 0.480469 0.863281 0.484375 0.863281 0.488281 0.859375 0.507812 0.859375 0.515625 0.851562 0.523438 0.851562 0.53125 0.84375 0.53125 0.839844 0.535156 0.835938 0.535156 0.792969 0.523438 0.78125 0.519531 0.78125 0.507812 0.769531
0 0.0859375 0.703125 0.0820312 0.707031 0.078125 0.707031 0.0742188 0.710938 0.0625 0.710938 0.0585938 0.714844 0.0546875 0.714844 0.0429688 0.726562 0.0429688 0.742188 0.046875 0.746094 0.046875 0.757812 0.0546875 0.765625 0.0585938 0.765625 0.0625 0.769531 0.0742188 0.769531 0.078125 0.773438 0.0898438 0.773438 0.09375 0.769531 0.0976562 0.769531 0.101562 0.765625 0.105469 0.765625 0.109375 0.761719 0.109375 0.757812 0.113281 0.753906 0.113281 0.734375 0.109375 0.730469 0.109375 0.722656 0.117188 0.714844 0.117188 0.707031 0.113281 0.703125 0.105469 0.703125 0.101562 0.707031 0.09375 0.707031 0.0898438 0.703125
0 0.667969 0.855469 0.664062 0.859375 0.660156 0.859375 0.648438 0.871094 0.644531 0.871094 0.640625 0.875 0.640625 0.882812 0.636719 0.886719 0.636719 0.890625 0.632812 0.894531 0.632812 0.910156 0.636719 0.914062 0.636719 0.917969 0.648438 0.929688 0.652344 0.929688 0.65625 0.933594 0.660156 0.933594 0.667969 0.941406 0.683594 0.941406 0.6875 0.9375 0.691406 0.9375 0.699219 0.929688 0.703125 0.929688 0.714844 0.917969 0.714844 0.890625 0.710938 0.886719 0.710938 0.882812 0.695312 0.867188 0.691406 0.867188 0.679688 0.855469
0 0.046875 0.507812 0.0429688 0.511719 0.0351562 0.511719 0.03125 0.515625 0.0273438 0.515625 0.0234375 0.519531 0.0195312 0.519531 0 0.539062 0 0.601562 0.00390625 0.605469 0.0078125 0.605469 0.0117188 0.609375 0.015625 0.609375 0.0195312 0.613281 0.0429688 0.613281 0.046875 0.609375 0.0625 0.609375 0.0664062 0.605469 0.0664062 0.601562 0.0742188 0.59375 0.0820312 0.59375 0.0859375 0.597656 0.0976562 0.597656 0.101562 0.59375 0.105469 0.59375 0.121094 0.578125 0.121094 0.570312 0.125 0.566406 0.125 0.542969 0.121094 0.539062 0.121094 0.535156 0.117188 0.53125 0.117188 0.527344 0.109375 0.519531 0.105469 0.519531 0.0976562 0.511719 0.09375 0.511719 0.0898438 0.507812
