0 0.025 0.925781 0.021875 0.929688 0.015625 0.929688 0.0125 0.933594 0.0125 0.9375 0.009375 0.941406 0.009375 0.945312 0.0125 0.949219 0.0125 0.953125 0.01875 0.960938 0.021875 0.960938 0.028125 0.96875 0.03125 0.96875 0.034375 0.972656 0.04375 0.972656 0.053125 0.960938 0.053125 0.949219 0.05 0.945312 0.05 0.9375 0.040625 0.925781
0 0 0.734375 0 0.769531 0.003125 0.769531 0.00625 0.765625 0.00625 0.738281 0.003125 0.734375
0 0.4625 0.742188 0.459375 0.746094 0.459375 0.753906 0.453125 0.761719 0.44375 0.761719 0.440625 0.757812 0.43125 0.757812 0.428125 0.761719 0.428125 0.773438 0.43125 0.777344 0.43125 0.808594 0.44375 0.824219 0.475 0.824219 0.484375 0.8125 0.484375 0.808594 0.4875 0.804688 0.4875 0.796875 0.49375 0.789062 0.49375 0.777344 0.490625 0.773438 0.490625 0.769531 0.4875 0.765625 0.4875 0.761719 0.484375 0.757812 0.484375 0.753906 0.475 0.742188
0 0.303125 0.644531 0.3 0.648438 0.3 0.660156 0.303125 0.664062 0.303125 0.667969 0.3125 0.679688 0.3125 0.691406 0.31875 0.699219 0.33125 0.699219 0.334375 0.695312 0.334375 0.664062 0.33125 0.660156 0.33125 0.652344 0.325 0.644531
0 0.5 0.636719 0.496875 0.640625 0.49375 0.640625 0.490625 0.644531 0.490625 0.652344 0.4875 0.65625 0.4875 0.683594 0.490625 0.6875 0.490625 0.691406 0.49375 0.695312 0.49375 0.710938 0.5125 0.734375 0.515625 0.734375 0.51875 0.738281 0.521875 0.738281 0.525 0.742188 0.5375 0.742188 0.540625 0.738281 0.540625 0.734375 0.546875 0.726562 0.55 0.726562 0.553125 0.722656 0.553125 0.714844 0.55625 0.710938 0.55625 0.695312 0.553125 0.691406 0.553125 0.6875 0.55 0.683594 0.55 0.679688 0.540625 0.667969 0.540625 0.664062 0.525 0.644531 0.51875 0.644531 0.515625 0.640625 0.5125 0.640625 0.509375 0.636719
0 0.503125 0.90625 0.5 0.910156 0.496875 0.910156 0.4875 0.921875 0.4875 0.925781 0.484375 0.929688 0.484375 0.9375 0.48125 0.941406 0.48125 0.976562 0.484375 0.980469 0.484375 0.988281 0.4875 0.992188 0.4875 0.996094 0.5125 0.996094 0.5125 0.960938 0.509375 0.957031 0.509375 0.910156 0.50625 0.90625
0 0.234375 0.957031 0.23125 0.960938 0.23125 0.972656 0.240625 0.984375 0.25 0.984375 0.253125 0.980469 0.253125 0.964844 0.246875 0.957031
0 0.08125 0.8125 0.078125 0.816406 0.078125 0.851562 0.08125 0.855469 0.09375 0.855469 0.096875 0.851562 0.10625 0.851562 0.10625 0.835938 0.103125 0.832031 0.103125 0.820312 0.1 0.816406 0.096875 0.816406 0.09375 0.8125
0 0.35 0.335938 0.346875 0.339844 0.346875 0.351562 0.34375 0.355469 0.34375 0.410156 0.346875 0.414062 0.346875 0.417969 0.359375 0.433594 0.375 0.433594 0.378125 0.429688 0.378125 0.402344 0.38125 0.398438 0.38125 0.367188 0.378125 0.363281 0.378125 0.359375 0.375 0.355469 0.375 0.34375 0.36875 0.335938
0 0 0.789062 0 0.847656 0.003125 0.847656 0.00625 0.851562 0.01875 0.851562 0.021875 0.847656 0.021875 0.828125 0.01875 0.824219 0.01875 0.8125 0.015625 0.808594 0.015625 0.804688 0.003125 0.789062
0 0.925 0.945312 0.9125 0.960938 0.9125 0.96875 0.915625 0.972656 0.915625 0.980469 0.928125 0.996094 0.96875 0.996094 0.96875 0.992188 0.965625 0.988281 0.965625 0.984375 0.95625 0.972656 0.95625 0.964844 0.94375 0.949219 0.940625 0.949219 0.9375 0.945312
0 0.11875 0.910156 0.11875 0.914062 0.115625 0.917969 0.115625 0.933594 0.11875 0.9375 0.11875 0.941406 0.121875 0.941406 0.125 0.9375 0.128125 0.9375 0.134375 0.929688 0.134375 0.925781 0.1375 0.921875 0.1375 0.914062 0.134375 0.910156
0 0.15625 0.867188 0.153125 0.871094 0.153125 0.898438 0.1625 0.910156 0.1625 0.914062 0.171875 0.925781 0.175 0.925781 0.18125 0.933594 0.196875 0.933594 0.2 0.929688 0.2 0.898438 0.175 0.867188
0 0.18125 0 0.175 0.0078125 0.175 0.0195312 0.178125 0.0234375 0.1875 0.0234375 0.190625 0.0195312 0.190625 0.0078125 0.1875 0.00390625 0.1875 0
0 0.68125 0.644531 0.678125 0.648438 0.675 0.648438 0.671875 0.652344 0.671875 0.65625 0.66875 0.660156 0.66875 0.675781 0.678125 0.6875 0.68125 0.6875 0.69375 0.703125 0.7 0.703125 0.703125 0.707031 0.715625 0.707031 0.71875 0.710938 0.740625 0.710938 0.74375 0.707031 0.746875 0.707031 0.75 0.703125 0.75 0.695312 0.7375 0.679688 0.734375 0.679688 0.721875 0.664062 0.71875 0.664062 0.7125 0.65625 0.709375 0.65625 0.70625 0.652344 0.703125 0.652344 0.7 0.648438 0.69375 0.648438 0.690625 0.644531
0 0.065625 0.015625 0.0625 0.0195312 0.059375 0.0195312 0.05625 0.0234375 0.053125 0.0234375 0.046875 0.03125 0.046875 0.0351562 0.0375 0.046875 0.0375 0.0546875 0.040625 0.0585938 0.040625 0.0625 0.046875 0.0703125 0.053125 0.0703125 0.05625 0.0664062 0.059375 0.0664062 0.06875 0.0546875 0.071875 0.0546875 0.075 0.0507812 0.078125 0.0507812 0.08125 0.046875 0.08125 0.0429688 0.084375 0.0390625 0.084375 0.03125 0.075 0.0195312 0.071875 0.0195312 0.06875 0.015625
0 0.871875 0.859375 0.86875 0.863281 0.86875 0.871094 0.878125 0.882812 0.878125 0.886719 0.88125 0.890625 0.884375 0.890625 0.8875 0.894531 0.890625 0.894531 0.89375 0.898438 0.896875 0.898438 0.9 0.902344 0.90625 0.902344 0.909375 0.898438 0.909375 0.890625 0.89375 0.871094 0.890625 0.871094 0.884375 0.863281 0.878125 0.863281 0.875 0.859375
0 0.609375 0.90625 0.6 0.917969 0.6 0.96875 0.603125 0.972656 0.603125 0.976562 0.60625 0.980469 0.60625 0.996094 0.6375 0.996094 0.6375 0.984375 0.634375 0.980469 0.634375 0.964844 0.63125 0.960938 0.63125 0.957031 0.628125 0.953125 0.628125 0.925781 0.625 0.921875 0.625 0.917969 0.61875 0.910156 0.615625 0.910156 0.6125 0.90625
0 0.13125 0.9375 0.128125 0.941406 0.125 0.941406 0.121875 0.945312 0.11875 0.945312 0.11875 0.964844 0.121875 0.96875 0.121875 0.972656 0.13125 0.984375 0.159375 0.984375 0.1625 0.980469 0.1625 0.976562 0.15625 0.96875 0.15625 0.945312 0.15 0.9375
0 0.8125 0.753906 0.809375 0.757812 0.80625 0.757812 0.803125 0.761719 0.796875 0.761719 0.79375 0.765625 0.79375 0.785156 0.8 0.792969 0.8125 0.792969 0.815625 0.796875 0.840625 0.796875 0.84375 0.800781 0.853125 0.800781 0.85625 0.796875 0.85625 0.792969 0.84375 0.777344 0.84375 0.773438 0.834375 0.761719 0.83125 0.761719 0.825 0.753906
0 0.096875 0.855469 0.090625 0.863281 0.090625 0.875 0.09375 0.878906 0.09375 0.882812 0.096875 0.886719 0.096875 0.890625 0.10625 0.902344 0.109375 0.902344 0.1125 0.90625 0.13125 0.90625 0.134375 0.902344 0.134375 0.890625 0.11875 0.871094 0.11875 0.859375 0.115625 0.855469
0 0.396875 0.460938 0.39375 0.464844 0.390625 0.464844 0.3875 0.46875 0.3875 0.472656 0.384375 0.476562 0.384375 0.527344 0.3875 0.53125 0.3875 0.535156 0.390625 0.539062 0.390625 0.546875 0.396875 0.554688 0.4 0.554688 0.403125 0.550781 0.409375 0.550781 0.4125 0.546875 0.415625 0.546875 0.41875 0.542969 0.41875 0.539062 0.421875 0.535156 0.421875 0.53125 0.425 0.527344 0.425 0.519531 0.421875 0.515625 0.421875 0.511719 0.425 0.507812 0.425 0.5 0.421875 0.496094 0.421875 0.492188 0.415625 0.484375 0.415625 0.480469 0.409375 0.472656 0.409375 0.46875 0.403125 0.460938
0 0 0.527344 0 0.597656 0.003125 0.601562 0.009375 0.601562 0.01875 0.613281 0.021875 0.613281 0.025 0.617188 0.028125 0.617188 0.0375 0.605469 0.0375 0.574219 0.034375 0.570312 0.034375 0.566406 0.03125 0.5625 0.03125 0.558594 0.021875 0.546875 0.021875 0.542969 0.009375 0.527344
0 0.446875 0.441406 0.44375 0.445312 0.44375 0.464844 0.446875 0.46875 0.446875 0.476562 0.453125 0.484375 0.46875 0.484375 0.471875 0.480469 0.471875 0.46875 0.475 0.464844 0.475 0.453125 0.46875 0.445312 0.465625 0.445312 0.4625 0.441406
0 0.1125 0.769531 0.109375 0.773438 0.109375 0.808594 0.1125 0.8125 0.1125 0.816406 0.11875 0.824219 0.121875 0.824219 0.128125 0.832031 0.128125 0.835938 0.134375 0.84375 0.15 0.84375 0.159375 0.832031 0.159375 0.828125 0.1625 0.824219 0.1625 0.804688 0.159375 0.800781 0.159375 0.789062 0.15625 0.785156 0.153125 0.785156 0.140625 0.769531
0 0.96875 0.910156 0.965625 0.914062 0.965625 0.921875 0.96875 0.925781 0.96875 0.929688 0.990625 0.957031 0.99375 0.957031 0.996875 0.960938 0.996875 0.914062 0.990625 0.914062 0.9875 0.910156
0 0.35 0.875 0.34375 0.882812 0.34375 0.917969 0.346875 0.921875 0.346875 0.929688 0.365625 0.953125 0.36875 0.953125 0.371875 0.957031 0.375 0.957031 0.378125 0.960938 0.396875 0.960938 0.4 0.957031 0.4 0.953125 0.403125 0.949219 0.403125 0.925781 0.4 0.921875 0.4 0.910156 0.39375 0.902344 0.39375 0.898438 0.390625 0.894531 0.390625 0.890625 0.38125 0.878906 0.378125 0.878906 0.375 0.875
0 0.328125 0.570312 0.325 0.574219 0.321875 0.574219 0.31875 0.578125 0.31875 0.59375 0.321875 0.597656 0.321875 0.609375 0.325 0.613281 0.325 0.628906 0.328125 0.632812 0.328125 0.636719 0.325 0.640625 0.33125 0.648438 0.353125 0.648438 0.35625 0.644531 0.35625 0.625 0.353125 0.621094 0.353125 0.609375 0.35 0.605469 0.35 0.597656 0.34375 0.589844 0.34375 0.582031 0.3375 0.574219 0.334375 0.574219 0.33125 0.570312
0 0.878125 0.773438 0.875 0.777344 0.871875 0.777344 0.86875 0.78125 0.86875 0.796875 0.878125 0.808594 0.88125 0.808594 0.884375 0.8125 0.890625 0.8125 0.89375 0.816406 0.9125 0.816406 0.915625 0.8125 0.915625 0.792969 0.90625 0.78125 0.903125 0.78125 0.9 0.777344 0.89375 0.777344 0.890625 0.773438
0 0.115625 0.714844 0.1125 0.71875 0.1125 0.722656 0.109375 0.726562 0.109375 0.75 0.1125 0.753906 0.1125 0.765625 0.1375 0.765625 0.140625 0.761719 0.140625 0.753906 0.1375 0.75 0.1375 0.742188 0.134375 0.738281 0.134375 0.730469 0.13125 0.726562 0.13125 0.722656 0.128125 0.71875 0.125 0.71875 0.121875 0.714844
0 0.4125 0.378906 0.40625 0.386719 0.40625 0.390625 0.4 0.398438 0.4 0.441406 0.4125 0.457031 0.428125 0.457031 0.43125 0.453125 0.43125 0.441406 0.434375 0.4375 0.434375 0.40625 0.43125 0.402344 0.43125 0.394531 0.428125 0.390625 0.428125 0.386719 0.421875 0.378906
0 0.053125 0.542969 0.05 0.546875 0.05 0.632812 0.053125 0.636719 0.053125 0.640625 0.059375 0.648438 0.06875 0.648438 0.071875 0.644531 0.075 0.644531 0.078125 0.640625 0.078125 0.636719 0.08125 0.632812 0.08125 0.621094 0.084375 0.617188 0.084375 0.609375 0.0875 0.605469 0.0875 0.574219 0.084375 0.570312 0.084375 0.558594 0.08125 0.554688 0.078125 0.554688 0.075 0.550781 0.071875 0.550781 0.06875 0.546875 0.065625 0.546875 0.0625 0.542969
0 0.390625 0.875 0.3875 0.878906 0.3875 0.882812 0.39375 0.890625 0.39375 0.894531 0.396875 0.898438 0.396875 0.902344 0.403125 0.910156 0.403125 0.921875 0.40625 0.925781 0.40625 0.945312 0.409375 0.949219 0.41875 0.949219 0.421875 0.945312 0.425 0.945312 0.428125 0.941406 0.428125 0.910156 0.425 0.90625 0.425 0.898438 0.421875 0.894531 0.421875 0.890625 0.4125 0.878906 0.40625 0.878906 0.403125 0.875
0 0.471875 0.84375 0.46875 0.847656 0.46875 0.855469 0.465625 0.859375 0.465625 0.902344 0.46875 0.90625 0.46875 0.921875 0.471875 0.925781 0.484375 0.925781 0.484375 0.921875 0.496875 0.90625 0.5 0.90625 0.50625 0.898438 0.50625 0.890625 0.503125 0.886719 0.503125 0.878906 0.5 0.875 0.5 0.871094 0.484375 0.851562 0.484375 0.847656 0.48125 0.84375
0 0.34375 0.726562 0.334375 0.738281 0.33125 0.738281 0.328125 0.742188 0.328125 0.753906 0.325 0.757812 0.325 0.773438 0.328125 0.777344 0.328125 0.789062 0.3375 0.800781 0.3375 0.804688 0.34375 0.8125 0.34375 0.820312 0.346875 0.824219 0.353125 0.824219 0.35625 0.828125 0.359375 0.828125 0.3625 0.832031 0.371875 0.832031 0.378125 0.824219 0.38125 0.824219 0.390625 0.8125 0.390625 0.808594 0.39375 0.804688 0.39375 0.773438 0.3875 0.765625 0.3875 0.761719 0.384375 0.757812 0.38125 0.757812 0.365625 0.738281 0.3625 0.738281 0.359375 0.734375 0.35625 0.734375 0.35 0.726562
0 0.921875 0.859375 0.91875 0.863281 0.91875 0.871094 0.921875 0.875 0.921875 0.878906 0.925 0.882812 0.925 0.886719 0.934375 0.898438 0.9375 0.898438 0.940625 0.902344 0.94375 0.902344 0.95 0.910156 0.95625 0.910156 0.959375 0.90625 0.959375 0.890625 0.95625 0.886719 0.95625 0.882812 0.94375 0.867188 0.940625 0.867188 0.934375 0.859375
0 0.996875 0.824219 0.990625 0.832031 0.990625 0.835938 0.9875 0.839844 0.9875 0.851562 0.990625 0.855469 0.990625 0.867188 0.99375 0.871094 0.99375 0.882812 0.996875 0.886719 0.996875 0.890625
