0 0.053125 0.0585938 0.046875 0.0664062 0.046875 0.0703125 0.05625 0.0820312 0.065625 0.0820312 0.071875 0.0898438 0.08125 0.0898438 0.084375 0.09375 0.0875 0.09375 0.090625 0.0976562 0.09375 0.0976562 0.096875 0.101562 0.1125 0.101562 0.115625 0.0976562 0.115625 0.0859375 0.10625 0.0742188 0.103125 0.0742188 0.1 0.0703125 0.096875 0.0703125 0.090625 0.0625 0.075 0.0625 0.071875 0.0585938
0 0.825 0.402344 0.81875 0.410156 0.81875 0.414062 0.815625 0.417969 0.815625 0.429688 0.821875 0.4375 0.821875 0.445312 0.825 0.449219 0.825 0.453125 0.828125 0.457031 0.83125 0.457031 0.834375 0.460938 0.840625 0.460938 0.84375 0.464844 0.865625 0.464844 0.875 0.453125 0.875 0.445312 0.871875 0.441406 0.871875 0.433594 0.86875 0.429688 0.8625 0.429688 0.85 0.414062 0.846875 0.414062 0.84375 0.410156 0.840625 0.410156 0.8375 0.40625 0.834375 0.40625 0.83125 0.402344
0 0.6375 0.484375 0.634375 0.488281 0.625 0.488281 0.621875 0.492188 0.61875 0.492188 0.615625 0.496094 0.603125 0.496094 0.596875 0.503906 0.584375 0.503906 0.58125 0.507812 0.58125 0.515625 0.59375 0.53125 0.603125 0.53125 0.60625 0.535156 0.65 0.535156 0.653125 0.539062 0.665625 0.539062 0.66875 0.535156 0.678125 0.535156 0.684375 0.527344 0.684375 0.492188 0.678125 0.484375
0 0.94375 0.296875 0.940625 0.300781 0.93125 0.300781 0.928125 0.304688 0.925 0.304688 0.921875 0.308594 0.921875 0.324219 0.91875 0.328125 0.91875 0.351562 0.90625 0.367188 0.90625 0.378906 0.95 0.378906 0.953125 0.375 0.953125 0.371094 0.965625 0.355469 0.965625 0.351562 0.971875 0.34375 0.971875 0.324219 0.96875 0.320312 0.96875 0.316406 0.95625 0.300781 0.95 0.300781 0.946875 0.296875
0 0 0.792969 0 0.84375 0.003125 0.84375 0.0125 0.832031 0.0125 0.804688 0.003125 0.792969
0 0.103125 0.132812 0.1 0.136719 0.0625 0.136719 0.0625 0.144531 0.065625 0.148438 0.065625 0.15625 0.06875 0.160156 0.06875 0.175781 0.075 0.183594 0.075 0.191406 0.078125 0.195312 0.078125 0.199219 0.08125 0.199219 0.0875 0.207031 0.096875 0.207031 0.103125 0.199219 0.10625 0.199219 0.10625 0.191406 0.1125 0.183594 0.1125 0.171875 0.11875 0.164062 0.11875 0.160156 0.109375 0.148438 0.109375 0.140625
0 0 0.015625 0 0.0429688 0.015625 0.0429688 0.01875 0.0390625 0.01875 0.03125 0.0125 0.0234375 0.009375 0.0234375 0.00625 0.0195312 0.003125 0.0195312
0 0.434375 0.175781 0.428125 0.183594 0.428125 0.207031 0.43125 0.210938 0.43125 0.214844 0.434375 0.21875 0.434375 0.226562 0.45 0.246094 0.453125 0.246094 0.45625 0.242188 0.459375 0.242188 0.4625 0.238281 0.49375 0.238281 0.49375 0.234375 0.496875 0.230469 0.496875 0.226562 0.49375 0.226562 0.484375 0.214844 0.484375 0.210938 0.471875 0.195312 0.46875 0.195312 0.459375 0.183594 0.45625 0.183594 0.45 0.175781
0 0.7 0.164062 0.696875 0.167969 0.69375 0.167969 0.690625 0.171875 0.69375 0.175781 0.709375 0.175781 0.7125 0.179688 0.725 0.179688 0.728125 0.175781 0.728125 0.164062
0 0.4125 0.914062 0.40625 0.921875 0.40625 0.945312 0.409375 0.949219 0.409375 0.953125 0.41875 0.964844 0.421875 0.964844 0.428125 0.972656 0.434375 0.972656 0.440625 0.980469 0.446875 0.980469 0.45 0.984375 0.45625 0.984375 0.459375 0.988281 0.471875 0.988281 0.475 0.984375 0.496875 0.984375 0.5 0.980469 0.503125 0.980469 0.50625 0.976562 0.50625 0.960938 0.503125 0.957031 0.503125 0.945312 0.5 0.941406 0.496875 0.941406 0.4875 0.929688 0.484375 0.929688 0.48125 0.925781 0.478125 0.925781 0.475 0.921875 0.465625 0.921875 0.459375 0.914062
0 0.534375 0.472656 0.53125 0.476562 0.51875 0.476562 0.515625 0.480469 0.509375 0.480469 0.50625 0.484375 0.490625 0.484375 0.4875 0.488281 0.48125 0.488281 0.465625 0.507812 0.465625 0.515625 0.46875 0.519531 0.46875 0.523438 0.53125 0.523438 0.534375 0.519531 0.5375 0.519531 0.54375 0.511719 0.55 0.511719 0.553125 0.507812 0.55625 0.507812 0.5625 0.5 0.5625 0.496094 0.565625 0.492188 0.565625 0.484375 0.5625 0.480469 0.559375 0.480469 0.553125 0.472656
0 0.371875 0.191406 0.36875 0.195312 0.365625 0.195312 0.3625 0.199219 0.3625 0.210938 0.365625 0.214844 0.36875 0.214844 0.371875 0.21875 0.378125 0.21875 0.38125 0.222656 0.38125 0.226562 0.3875 0.234375 0.3875 0.238281 0.390625 0.238281 0.39375 0.242188 0.39375 0.246094 0.4 0.253906 0.4 0.257812 0.409375 0.269531 0.4125 0.269531 0.415625 0.265625 0.415625 0.25 0.4125 0.246094 0.4125 0.242188 0.409375 0.238281 0.409375 0.234375 0.403125 0.226562 0.403125 0.21875 0.39375 0.207031 0.39375 0.203125 0.384375 0.191406
0 0.128125 0.574219 0.125 0.578125 0.125 0.582031 0.13125 0.582031 0.1375 0.589844 0.140625 0.589844 0.15 0.601562 0.15 0.605469 0.153125 0.609375 0.153125 0.625 0.1625 0.636719 0.16875 0.636719 0.171875 0.640625 0.175 0.640625 0.178125 0.644531 0.1875 0.644531 0.190625 0.648438 0.19375 0.648438 0.196875 0.652344 0.215625 0.652344 0.221875 0.644531 0.225 0.644531 0.228125 0.640625 0.228125 0.621094 0.21875 0.609375 0.21875 0.605469 0.203125 0.585938 0.2 0.585938 0.19375 0.578125 0.175 0.578125 0.171875 0.574219
0 0.846875 0.257812 0.8375 0.269531 0.8375 0.277344 0.834375 0.28125 0.834375 0.285156 0.828125 0.292969 0.825 0.292969 0.821875 0.296875 0.821875 0.316406 0.825 0.320312 0.828125 0.320312 0.83125 0.316406 0.834375 0.316406 0.8375 0.3125 0.840625 0.3125 0.846875 0.304688 0.878125 0.304688 0.88125 0.300781 0.89375 0.300781 0.896875 0.296875 0.896875 0.289062 0.9 0.285156 0.9 0.28125 0.896875 0.277344 0.896875 0.265625 0.890625 0.257812
0 0.1 0.648438 0.09375 0.65625 0.09375 0.660156 0.084375 0.671875 0.084375 0.683594 0.096875 0.699219 0.103125 0.699219 0.109375 0.707031 0.115625 0.707031 0.11875 0.710938 0.125 0.710938 0.128125 0.714844 0.134375 0.714844 0.1375 0.71875 0.15 0.71875 0.1625 0.734375 0.1625 0.746094 0.16875 0.753906 0.18125 0.753906 0.184375 0.75 0.196875 0.75 0.203125 0.742188 0.203125 0.738281 0.20625 0.734375 0.20625 0.71875 0.209375 0.714844 0.209375 0.699219 0.203125 0.691406 0.2 0.691406 0.196875 0.6875 0.19375 0.6875 0.1875 0.679688 0.184375 0.679688 0.171875 0.664062 0.16875 0.664062 0.165625 0.660156 0.1625 0.660156 0.1625 0.664062 0.15625 0.671875 0.153125 0.671875 0.146875 0.679688 0.14375 0.679688 0.140625 0.683594 0.134375 0.683594 0.13125 0.679688 0.125 0.679688 0.109375 0.660156 0.109375 0.65625 0.103125 0.648438
0 0.246875 0.0429688 0.24375 0.046875 0.24375 0.0546875 0.259375 0.0742188 0.2625 0.0742188 0.271875 0.0859375 0.275 0.0859375 0.278125 0.0898438 0.28125 0.0898438 0.284375 0.09375 0.2875 0.09375 0.29375 0.101562 0.296875 0.101562 0.3 0.105469 0.30625 0.105469 0.309375 0.109375 0.3125 0.109375 0.325 0.09375 0.325 0.0898438 0.31875 0.0820312 0.315625 0.0820312 0.3125 0.078125 0.30625 0.078125 0.303125 0.0742188 0.3 0.0742188 0.296875 0.0703125 0.29375 0.0703125 0.290625 0.0664062 0.2875 0.0664062 0.284375 0.0625 0.28125 0.0625 0.275 0.0546875 0.271875 0.0546875 0.265625 0.046875 0.25625 0.046875 0.253125 0.0429688
0 0.4125 0.398438 0.40625 0.40625 0.40625 0.417969 0.403125 0.421875 0.403125 0.445312 0.409375 0.453125 0.4125 0.453125 0.415625 0.449219 0.421875 0.449219 0.43125 0.4375 0.43125 0.433594 0.434375 0.429688 0.434375 0.410156 0.428125 0.402344 0.421875 0.402344 0.41875 0.398438
0 0.365625 0.976562 0.3625 0.980469 0.35 0.980469 0.35 0.996094 0.459375 0.996094 0.45625 0.996094 0.453125 0.992188 0.45 0.992188 0.446875 0.988281 0.44375 0.988281 0.440625 0.984375 0.4375 0.984375 0.434375 0.980469 0.421875 0.980469 0.41875 0.976562
0 0 0.136719 0 0.183594 0.003125 0.1875 0.01875 0.1875 0.025 0.179688 0.025 0.171875 0.021875 0.167969 0.021875 0.164062 0.015625 0.15625 0.015625 0.152344 0.009375 0.144531 0.00625 0.144531
0 0.3125 0.339844 0.309375 0.34375 0.29375 0.34375 0.29375 0.347656 0.2875 0.355469 0.2875 0.375 0.29375 0.382812 0.29375 0.394531 0.309375 0.414062 0.315625 0.414062 0.31875 0.417969 0.31875 0.421875 0.340625 0.421875 0.34375 0.417969 0.35 0.417969 0.353125 0.414062 0.359375 0.414062 0.3625 0.417969 0.375 0.417969 0.38125 0.410156 0.38125 0.398438 0.36875 0.382812 0.365625 0.382812 0.359375 0.375 0.359375 0.371094 0.35625 0.367188 0.35625 0.359375 0.35 0.351562 0.35 0.347656 0.346875 0.347656 0.34375 0.34375 0.340625 0.34375 0.3375 0.339844
0 0 0.125 0 0.132812 0.00625 0.140625 0.009375 0.140625 0.01875 0.152344 0.01875 0.15625 0.025 0.164062 0.025 0.167969 0.028125 0.171875 0.028125 0.179688 0.021875 0.1875 0.025 0.191406 0.034375 0.191406 0.04375 0.203125 0.046875 0.203125 0.053125 0.195312 0.053125 0.191406 0.059375 0.183594 0.059375 0.171875 0.05625 0.167969 0.05625 0.160156 0.05 0.152344 0.05 0.148438 0.046875 0.144531 0.04375 0.144531 0.040625 0.140625 0.028125 0.140625 0.025 0.136719 0.01875 0.136719 0.0125 0.128906 0.00625 0.128906 0.003125 0.125
0 0.503125 0.417969 0.5 0.421875 0.490625 0.421875 0.484375 0.429688 0.48125 0.429688 0.478125 0.433594 0.475 0.433594 0.465625 0.445312 0.4625 0.445312 0.453125 0.457031 0.453125 0.476562 0.459375 0.484375 0.4875 0.484375 0.490625 0.480469 0.50625 0.480469 0.509375 0.476562 0.515625 0.476562 0.53125 0.457031 0.534375 0.457031 0.5375 0.453125 0.540625 0.453125 0.553125 0.4375 0.553125 0.425781 0.55 0.421875 0.54375 0.421875 0.540625 0.417969
0 0.309375 0.769531 0.3 0.78125 0.296875 0.78125 0.29375 0.785156 0.29375 0.789062 0.290625 0.792969 0.290625 0.828125 0.29375 0.832031 0.303125 0.832031 0.30625 0.835938 0.315625 0.835938 0.31875 0.832031 0.340625 0.832031 0.34375 0.828125 0.346875 0.828125 0.35 0.824219 0.35 0.816406 0.340625 0.804688 0.340625 0.800781 0.3375 0.796875 0.334375 0.796875 0.325 0.785156 0.321875 0.785156 0.315625 0.777344 0.315625 0.769531
0 0.25 0.878906 0.246875 0.882812 0.24375 0.882812 0.240625 0.886719 0.23125 0.886719 0.228125 0.890625 0.21875 0.890625 0.2 0.914062 0.2 0.929688 0.203125 0.929688 0.20625 0.933594 0.209375 0.933594 0.2125 0.9375 0.21875 0.9375 0.221875 0.941406 0.228125 0.941406 0.23125 0.9375 0.303125 0.9375 0.3125 0.925781 0.31875 0.925781 0.321875 0.921875 0.33125 0.921875 0.334375 0.917969 0.334375 0.898438 0.328125 0.890625 0.315625 0.890625 0.3125 0.886719 0.3 0.886719 0.296875 0.882812 0.290625 0.882812 0.2875 0.878906
0 0.4625 0.242188 0.459375 0.246094 0.45625 0.246094 0.45625 0.296875 0.459375 0.300781 0.459375 0.316406 0.45625 0.320312 0.45625 0.335938 0.4625 0.34375 0.4625 0.351562 0.471875 0.351562 0.471875 0.347656 0.478125 0.339844 0.478125 0.335938 0.484375 0.328125 0.484375 0.324219 0.4875 0.320312 0.4875 0.3125 0.49375 0.304688 0.49375 0.273438 0.496875 0.269531 0.496875 0.246094 0.49375 0.242188
0 0 0.726562 0 0.785156 0.028125 0.820312 0.03125 0.820312 0.034375 0.824219 0.0375 0.824219 0.04375 0.832031 0.05 0.832031 0.059375 0.84375 0.071875 0.84375 0.078125 0.835938 0.078125 0.804688 0.075 0.800781 0.071875 0.800781 0.06875 0.796875 0.065625 0.796875 0.0625 0.792969 0.0625 0.789062 0.059375 0.789062 0.053125 0.78125 0.053125 0.777344 0.05 0.773438 0.04375 0.773438 0.03125 0.757812 0.025 0.757812 0.0125 0.742188 0.0125 0.734375 0.009375 0.730469 0.009375 0.726562
0 0.621875 0.273438 0.61875 0.277344 0.615625 0.277344 0.6125 0.28125 0.609375 0.28125 0.60625 0.285156 0.60625 0.304688 0.596875 0.316406 0.596875 0.320312 0.6 0.324219 0.60625 0.324219 0.609375 0.328125 0.628125 0.328125 0.63125 0.332031 0.634375 0.332031 0.6375 0.335938 0.640625 0.335938 0.64375 0.339844 0.675 0.339844 0.678125 0.335938 0.678125 0.328125 0.68125 0.324219 0.68125 0.320312 0.678125 0.316406 0.678125 0.308594 0.675 0.304688 0.675 0.300781 0.66875 0.292969 0.66875 0.289062 0.665625 0.289062 0.65625 0.277344 0.65 0.277344 0.646875 0.273438
0 0.46875 0.722656 0.465625 0.726562 0.459375 0.726562 0.459375 0.730469 0.4625 0.734375 0.4625 0.738281 0.471875 0.75 0.475 0.75 0.478125 0.753906 0.48125 0.753906 0.484375 0.757812 0.4875 0.757812 0.49375 0.765625 0.49375 0.792969 0.5 0.800781 0.5 0.8125 0.50625 0.820312 0.50625 0.824219 0.509375 0.828125 0.509375 0.832031 0.515625 0.839844 0.51875 0.839844 0.521875 0.835938 0.525 0.835938 0.528125 0.832031 0.53125 0.832031 0.534375 0.828125 0.534375 0.8125 0.53125 0.808594 0.53125 0.804688 0.525 0.796875 0.525 0.792969 0.521875 0.789062 0.521875 0.785156 0.51875 0.78125 0.51875 0.777344 0.515625 0.773438 0.515625 0.769531 0.509375 0.761719 0.509375 0.757812 0.5 0.746094 0.5 0.742188 0.490625 0.730469 0.4875 0.730469 0.484375 0.726562 0.478125 0.726562 0.475 0.722656
0 0.3875 0.542969 0.384375 0.546875 0.384375 0.554688 0.38125 0.558594 0.38125 0.566406 0.371875 0.578125 0.36875 0.578125 0.3625 0.585938 0.3625 0.59375 0.365625 0.597656 0.365625 0.601562 0.371875 0.609375 0.371875 0.625 0.378125 0.632812 0.378125 0.636719 0.384375 0.644531 0.390625 0.644531 0.39375 0.648438 0.396875 0.648438 0.4 0.652344 0.40625 0.652344 0.409375 0.65625 0.421875 0.65625 0.428125 0.664062 0.43125 0.664062 0.434375 0.667969 0.44375 0.667969 0.446875 0.671875 0.465625 0.671875 0.46875 0.675781 0.48125 0.675781 0.484375 0.671875 0.484375 0.648438 0.48125 0.644531 0.475 0.644531 0.465625 0.632812 0.4625 0.632812 0.453125 0.621094 0.446875 0.621094 0.4375 0.609375 0.4375 0.597656 0.41875 0.597656 0.415625 0.59375 0.4125 0.59375 0.409375 0.589844 0.4 0.589844 0.39375 0.582031 0.39375 0.578125 0.403125 0.566406 0.403125 0.5625 0.40625 0.558594 0.40625 0.550781 0.4 0.542969
0 0.95625 0.75 0.94375 0.765625 0.94375 0.769531 0.940625 0.773438 0.934375 0.773438 0.934375 0.808594 0.9375 0.808594 0.940625 0.8125 0.940625 0.816406 0.946875 0.824219 0.95 0.824219 0.95625 0.832031 0.959375 0.832031 0.9625 0.835938 0.965625 0.835938 0.98125 0.855469 0.984375 0.855469 0.9875 0.859375 0.990625 0.859375 0.99375 0.863281 0.996875 0.863281 0.996875 0.796875 0.99375 0.796875 0.990625 0.792969 0.990625 0.785156 0.9875 0.78125 0.9875 0.777344 0.984375 0.773438 0.984375 0.769531 0.96875 0.75
0 0 0.0585938 0 0.0898438 0.03125 0.0898438 0.034375 0.0859375 0.034375 0.078125 0.025 0.0664062 0.021875 0.0664062 0.015625 0.0585938
0 0.034375 0.09375 0.028125 0.101562 0.015625 0.101562 0.0125 0.105469 0.0125 0.121094 0.015625 0.121094 0.01875 0.125 0.025 0.125 0.03125 0.132812 0.1 0.132812 0.103125 0.128906 0.10625 0.128906 0.109375 0.125 0.109375 0.109375 0.10625 0.105469 0.096875 0.105469 0.09375 0.101562 0.090625 0.101562 0.0875 0.0976562 0.084375 0.0976562 0.08125 0.09375
0 0.284375 0.109375 0.28125 0.113281 0.28125 0.125 0.284375 0.128906 0.284375 0.136719 0.296875 0.152344 0.3 0.152344 0.30625 0.160156 0.30625 0.175781 0.309375 0.179688 0.3375 0.179688 0.340625 0.175781 0.340625 0.160156 0.309375 0.121094 0.30625 0.121094 0.3 0.113281 0.296875 0.113281 0.29375 0.109375
0 0.05 0.234375 0.046875 0.238281 0.046875 0.253906 0.053125 0.261719 0.05625 0.261719 0.059375 0.257812 0.059375 0.238281 0.05625 0.234375
0 0.59375 0.136719 0.590625 0.140625 0.590625 0.15625 0.60625 0.175781 0.60625 0.1875 0.609375 0.1875 0.6125 0.191406 0.615625 0.191406 0.621875 0.199219 0.63125 0.199219 0.634375 0.195312 0.634375 0.191406 0.6375 0.1875 0.6375 0.183594 0.640625 0.179688 0.640625 0.164062 0.6375 0.160156 0.6375 0.15625 0.634375 0.15625 0.621875 0.140625 0.61875 0.140625 0.615625 0.136719
0 0.453125 0.761719 0.45 0.765625 0.446875 0.765625 0.44375 0.769531 0.440625 0.769531 0.43125 0.78125 0.43125 0.792969 0.428125 0.796875 0.428125 0.808594 0.43125 0.8125 0.428125 0.816406 0.428125 0.820312 0.43125 0.824219 0.43125 0.828125 0.434375 0.832031 0.434375 0.835938 0.453125 0.859375 0.45625 0.859375 0.459375 0.863281 0.478125 0.863281 0.484375 0.855469 0.484375 0.828125 0.48125 0.824219 0.48125 0.8125 0.478125 0.808594 0.478125 0.785156 0.471875 0.777344 0.471875 0.773438 0.46875 0.769531 0.46875 0.765625 0.465625 0.761719
0 0.14375 0.722656 0.134375 0.734375 0.128125 0.734375 0.125 0.730469 0.115625 0.730469 0.1125 0.734375 0.1125 0.738281 0.109375 0.742188 0.109375 0.753906 0.1125 0.757812 0.1125 0.765625 0.115625 0.769531 0.115625 0.777344 0.11875 0.78125 0.11875 0.785156 0.125 0.792969 0.1375 0.792969 0.140625 0.789062 0.146875 0.789062 0.153125 0.78125 0.153125 0.773438 0.15625 0.769531 0.15625 0.761719 0.159375 0.757812 0.159375 0.734375 0.15 0.722656
0 0.553125 0.511719 0.55 0.515625 0.54375 0.515625 0.5375 0.523438 0.534375 0.523438 0.53125 0.527344 0.509375 0.527344 0.50625 0.53125 0.50625 0.542969 0.5125 0.542969 0.515625 0.546875 0.53125 0.546875 0.534375 0.550781 0.565625 0.550781 0.56875 0.546875 0.575 0.546875 0.578125 0.542969 0.58125 0.542969 0.584375 0.539062 0.590625 0.539062 0.59375 0.535156 0.575 0.511719
0 0.5875 0.191406 0.578125 0.203125 0.578125 0.21875 0.575 0.222656 0.575 0.238281 0.578125 0.242188 0.6 0.242188 0.60625 0.234375 0.609375 0.234375 0.6125 0.230469 0.615625 0.230469 0.621875 0.222656 0.621875 0.203125 0.615625 0.195312 0.6125 0.195312 0.609375 0.191406
0 0.603125 0.445312 0.6 0.449219 0.584375 0.449219 0.58125 0.453125 0.578125 0.453125 0.575 0.457031 0.565625 0.457031 0.559375 0.464844 0.55625 0.464844 0.55625 0.472656 0.559375 0.476562 0.590625 0.476562 0.59375 0.472656 0.63125 0.472656 0.6375 0.464844 0.64375 0.464844 0.646875 0.460938 0.646875 0.449219 0.64375 0.445312
0 0.53125 0.703125 0.528125 0.707031 0.528125 0.746094 0.53125 0.75 0.540625 0.75 0.54375 0.753906 0.546875 0.753906 0.55 0.757812 0.553125 0.757812 0.559375 0.765625 0.58125 0.765625 0.584375 0.769531 0.625 0.769531 0.63125 0.761719 0.63125 0.746094 0.628125 0.742188 0.628125 0.738281 0.625 0.738281 0.621875 0.734375 0.621875 0.730469 0.61875 0.730469 0.615625 0.726562 0.6 0.726562 0.596875 0.722656 0.59375 0.722656 0.590625 0.71875 0.584375 0.71875 0.58125 0.714844 0.575 0.714844 0.571875 0.710938 0.56875 0.710938 0.565625 0.707031 0.540625 0.707031 0.5375 0.703125
0 0.675 0.28125 0.671875 0.285156 0.671875 0.292969 0.678125 0.300781 0.678125 0.304688 0.68125 0.308594 0.68125 0.316406 0.684375 0.320312 0.684375 0.324219 0.6875 0.328125 0.6875 0.347656 0.690625 0.351562 0.696875 0.351562 0.7 0.347656 0.70625 0.347656 0.709375 0.34375 0.7125 0.34375 0.721875 0.332031 0.721875 0.328125 0.725 0.324219 0.725 0.308594 0.7125 0.292969 0.709375 0.292969 0.703125 0.285156 0.7 0.285156 0.696875 0.28125
0 0.5 0.175781 0.49375 0.183594 0.49375 0.222656 0.503125 0.222656 0.509375 0.230469 0.51875 0.230469 0.521875 0.234375 0.54375 0.234375 0.546875 0.230469 0.55 0.230469 0.55 0.222656 0.546875 0.21875 0.546875 0.203125 0.54375 0.203125 0.540625 0.199219 0.540625 0.195312 0.5375 0.191406 0.5375 0.1875 0.534375 0.183594 0.53125 0.183594 0.528125 0.179688 0.525 0.179688 0.521875 0.175781
0 0.23125 0.816406 0.228125 0.820312 0.215625 0.820312 0.2125 0.824219 0.20625 0.824219 0.203125 0.828125 0.196875 0.828125 0.190625 0.835938 0.190625 0.839844 0.19375 0.84375 0.19375 0.863281 0.196875 0.863281 0.2 0.867188 0.265625 0.867188 0.26875 0.863281 0.275 0.863281 0.28125 0.855469 0.2875 0.855469 0.290625 0.851562 0.296875 0.851562 0.3 0.847656 0.30625 0.847656 0.309375 0.84375 0.315625 0.84375 0.315625 0.839844 0.30625 0.839844 0.303125 0.835938 0.29375 0.835938 0.2875 0.828125 0.2875 0.824219 0.284375 0.824219 0.28125 0.820312 0.278125 0.820312 0.275 0.816406
0 0.64375 0.09375 0.6375 0.101562 0.634375 0.101562 0.628125 0.109375 0.625 0.109375 0.61875 0.117188 0.61875 0.136719 0.621875 0.136719 0.634375 0.152344 0.64375 0.152344 0.646875 0.15625 0.65 0.15625 0.653125 0.160156 0.6625 0.160156 0.665625 0.15625 0.66875 0.15625 0.678125 0.144531 0.68125 0.144531 0.684375 0.140625 0.684375 0.136719 0.690625 0.128906 0.690625 0.121094 0.6875 0.117188 0.684375 0.117188 0.68125 0.113281 0.678125 0.113281 0.671875 0.105469 0.66875 0.105469 0.665625 0.101562 0.6625 0.101562 0.65625 0.09375
0 0.3375 0.734375 0.31875 0.757812 0.31875 0.777344 0.321875 0.78125 0.325 0.78125 0.334375 0.792969 0.3375 0.792969 0.34375 0.800781 0.34375 0.804688 0.35 0.8125 0.36875 0.8125 0.371875 0.816406 0.390625 0.816406 0.39375 0.820312 0.396875 0.820312 0.4 0.824219 0.41875 0.824219 0.421875 0.820312 0.425 0.820312 0.425 0.816406 0.428125 0.8125 0.425 0.808594 0.425 0.796875 0.428125 0.792969 0.428125 0.78125 0.43125 0.777344 0.428125 0.773438 0.428125 0.761719 0.425 0.757812 0.425 0.753906 0.421875 0.75 0.421875 0.746094 0.415625 0.738281 0.4125 0.738281 0.409375 0.734375
0 0.578125 0.015625 0.575 0.0195312 0.575 0.0234375 0.584375 0.0351562 0.584375 0.0390625 0.5875 0.0429688 0.5875 0.046875 0.59375 0.0546875 0.59375 0.0585938 0.596875 0.0625 0.603125 0.0625 0.60625 0.0585938 0.60625 0.046875 0.6 0.0390625 0.6 0.0351562 0.584375 0.015625
0 0.5375 0.0351562 0.534375 0.0390625 0.534375 0.0429688 0.54375 0.0546875 0.54375 0.0585938 0.546875 0.0625 0.546875 0.0664062 0.5625 0.0859375 0.565625 0.0859375 0.56875 0.0820312 0.571875 0.0820312 0.578125 0.0742188 0.578125 0.0703125 0.575 0.0664062 0.575 0.0585938 0.56875 0.0507812 0.559375 0.0507812 0.55 0.0390625 0.546875 0.0390625 0.54375 0.0351562
0 0.628125 0.0351562 0.625 0.0390625 0.625 0.0507812 0.6375 0.0664062 0.640625 0.0664062 0.64375 0.0703125 0.671875 0.0703125 0.675 0.0664062 0.678125 0.0664062 0.68125 0.0625 0.68125 0.0546875 0.675 0.046875 0.671875 0.046875 0.66875 0.0429688 0.665625 0.0429688 0.6625 0.0390625 0.653125 0.0390625 0.65 0.0351562
0 0.921875 0.628906 0.91875 0.632812 0.915625 0.632812 0.90625 0.644531 0.90625 0.660156 0.915625 0.671875 0.925 0.671875 0.928125 0.675781 0.934375 0.675781 0.9375 0.679688 0.940625 0.679688 0.94375 0.683594 0.95 0.683594 0.95625 0.691406 0.965625 0.691406 0.96875 0.6875 0.971875 0.6875 0.975 0.683594 0.975 0.671875 0.96875 0.664062 0.96875 0.660156 0.953125 0.640625 0.953125 0.636719 0.946875 0.628906
0 0.275 0.464844 0.271875 0.46875 0.26875 0.46875 0.2625 0.476562 0.259375 0.476562 0.25625 0.480469 0.253125 0.480469 0.25 0.484375 0.25 0.519531 0.25625 0.527344 0.25625 0.535156 0.259375 0.539062 0.259375 0.542969 0.265625 0.542969 0.265625 0.535156 0.26875 0.53125 0.271875 0.53125 0.275 0.535156 0.284375 0.535156 0.2875 0.539062 0.309375 0.539062 0.3125 0.535156 0.315625 0.535156 0.321875 0.527344 0.325 0.527344 0.328125 0.523438 0.328125 0.515625 0.33125 0.511719 0.33125 0.503906 0.334375 0.5 0.334375 0.480469 0.33125 0.476562 0.325 0.476562 0.321875 0.472656 0.290625 0.472656 0.2875 0.46875 0.284375 0.46875 0.28125 0.464844
0 0.26875 0.984375 0.26875 0.988281 0.2625 0.996094 0.259375 0.996094 0.33125 0.996094 0.31875 0.996094 0.315625 0.992188 0.309375 0.992188 0.30625 0.988281 0.303125 0.988281 0.3 0.984375
0 0.79375 0.0976562 0.784375 0.109375 0.784375 0.113281 0.78125 0.117188 0.78125 0.144531 0.784375 0.148438 0.790625 0.148438 0.8 0.136719 0.8 0.121094 0.803125 0.117188 0.803125 0.109375 0.8 0.105469 0.8 0.101562 0.796875 0.0976562
0 0.765625 0.0195312 0.746875 0.0429688 0.746875 0.0859375 0.75 0.0898438 0.771875 0.0898438 0.78125 0.078125 0.784375 0.078125 0.790625 0.0703125 0.790625 0.0546875 0.7875 0.0507812 0.7875 0.046875 0.784375 0.0429688 0.784375 0.0390625 0.76875 0.0195312
0 0.53125 0.558594 0.525 0.566406 0.51875 0.566406 0.5125 0.574219 0.5125 0.59375 0.515625 0.59375 0.51875 0.597656 0.521875 0.597656 0.525 0.601562 0.53125 0.601562 0.534375 0.605469 0.540625 0.605469 0.54375 0.609375 0.546875 0.609375 0.55 0.613281 0.553125 0.613281 0.5625 0.625 0.565625 0.625 0.571875 0.632812 0.575 0.632812 0.58125 0.640625 0.584375 0.640625 0.6 0.660156 0.6 0.664062 0.603125 0.667969 0.603125 0.675781 0.60625 0.679688 0.640625 0.679688 0.64375 0.675781 0.65 0.675781 0.653125 0.671875 0.65625 0.671875 0.659375 0.667969 0.659375 0.652344 0.65 0.640625 0.65 0.636719 0.6375 0.621094 0.634375 0.621094 0.61875 0.601562 0.615625 0.601562 0.609375 0.59375 0.609375 0.578125 0.59375 0.558594
0 0.4 0.00390625 0.396875 0.0078125 0.396875 0.015625 0.40625 0.0273438 0.41875 0.0273438 0.421875 0.0234375 0.425 0.0234375 0.428125 0.0195312 0.428125 0.0078125 0.425 0.00390625
0 0.34375 0.0898438 0.340625 0.09375 0.3375 0.09375 0.334375 0.0976562 0.334375 0.132812 0.35625 0.160156 0.359375 0.160156 0.3625 0.164062 0.36875 0.164062 0.375 0.171875 0.38125 0.171875 0.384375 0.175781 0.4 0.175781 0.40625 0.167969 0.40625 0.160156 0.403125 0.15625 0.403125 0.148438 0.390625 0.132812 0.390625 0.128906 0.371875 0.105469 0.371875 0.101562 0.365625 0.09375 0.3625 0.09375 0.359375 0.0898438
0 0.721875 0.00390625 0.71875 0.0078125 0.715625 0.0078125 0.70625 0.0195312 0.70625 0.0585938 0.709375 0.0625 0.709375 0.0703125 0.7125 0.0742188 0.7125 0.078125 0.715625 0.0820312 0.721875 0.0820312 0.728125 0.0742188 0.728125 0.0703125 0.73125 0.0664062 0.73125 0.0625 0.734375 0.0585938 0.734375 0.0273438 0.740625 0.0195312 0.740625 0.0078125 0.7375 0.00390625
0 0.903125 0.285156 0.9 0.289062 0.9 0.296875 0.896875 0.300781 0.896875 0.308594 0.89375 0.3125 0.89375 0.355469 0.9 0.363281 0.90625 0.363281 0.915625 0.351562 0.915625 0.328125 0.91875 0.324219 0.91875 0.300781 0.915625 0.296875 0.915625 0.292969 0.909375 0.285156
0 0.2125 0.0078125 0.209375 0.0117188 0.209375 0.015625 0.2125 0.0195312 0.228125 0.0195312 0.23125 0.015625 0.23125 0.0117188 0.228125 0.0078125
0 0.553125 0.34375 0.55 0.347656 0.54375 0.347656 0.540625 0.351562 0.5375 0.351562 0.53125 0.359375 0.525 0.359375 0.521875 0.363281 0.51875 0.363281 0.515625 0.367188 0.515625 0.375 0.5125 0.378906 0.5125 0.390625 0.51875 0.398438 0.546875 0.398438 0.55 0.394531 0.553125 0.394531 0.55625 0.390625 0.559375 0.390625 0.56875 0.378906 0.56875 0.375 0.571875 0.371094 0.571875 0.347656 0.56875 0.34375
0 0.49375 0.0664062 0.49375 0.0703125 0.490625 0.0742188 0.465625 0.0742188 0.4625 0.0703125 0.425 0.0703125 0.421875 0.0742188 0.41875 0.0742188 0.4125 0.0820312 0.4125 0.113281 0.41875 0.121094 0.421875 0.121094 0.425 0.125 0.428125 0.125 0.43125 0.128906 0.4625 0.128906 0.471875 0.140625 0.471875 0.144531 0.475 0.148438 0.475 0.152344 0.478125 0.15625 0.478125 0.160156 0.48125 0.164062 0.490625 0.164062 0.490625 0.148438 0.49375 0.144531 0.49375 0.140625 0.496875 0.136719 0.503125 0.136719 0.50625 0.140625 0.525 0.140625 0.528125 0.136719 0.53125 0.136719 0.53125 0.132812 0.534375 0.128906 0.534375 0.09375 0.525 0.0820312 0.521875 0.0820312 0.515625 0.0742188 0.509375 0.0742188 0.50625 0.0703125 0.50625 0.0664062
0 0.465625 0.0273438 0.4625 0.03125 0.459375 0.03125 0.45625 0.0351562 0.45625 0.0390625 0.4625 0.046875 0.471875 0.046875 0.478125 0.0546875 0.490625 0.0546875 0.49375 0.0585938 0.496875 0.0585938 0.5 0.0546875 0.5 0.0429688 0.49375 0.0351562 0.48125 0.0351562 0.478125 0.03125 0.475 0.03125 0.471875 0.0273438
0 0.45625 0.585938 0.453125 0.589844 0.44375 0.589844 0.440625 0.59375 0.440625 0.609375 0.446875 0.617188 0.453125 0.617188 0.4625 0.628906 0.465625 0.628906 0.475 0.640625 0.48125 0.640625 0.4875 0.648438 0.4875 0.652344 0.490625 0.65625 0.49375 0.65625 0.5 0.664062 0.503125 0.664062 0.50625 0.667969 0.509375 0.667969 0.515625 0.675781 0.525 0.675781 0.528125 0.679688 0.53125 0.679688 0.534375 0.683594 0.540625 0.683594 0.54375 0.6875 0.55 0.6875 0.553125 0.691406 0.559375 0.691406 0.5625 0.695312 0.575 0.695312 0.578125 0.699219 0.596875 0.699219 0.603125 0.691406 0.603125 0.679688 0.6 0.675781 0.6 0.667969 0.596875 0.664062 0.596875 0.660156 0.584375 0.644531 0.58125 0.644531 0.575 0.636719 0.571875 0.636719 0.565625 0.628906 0.5625 0.628906 0.553125 0.617188 0.55 0.617188 0.546875 0.613281 0.54375 0.613281 0.540625 0.609375 0.534375 0.609375 0.53125 0.605469 0.525 0.605469 0.521875 0.601562 0.51875 0.601562 0.515625 0.597656 0.5125 0.597656 0.509375 0.601562 0.50625 0.601562 0.503125 0.597656 0.5 0.597656 0.496875 0.59375 0.49375 0.59375 0.490625 0.589844 0.48125 0.589844 0.478125 0.585938
0 0.296875 0.425781 0.29375 0.429688 0.29375 0.433594 0.3 0.441406 0.303125 0.441406 0.309375 0.449219 0.315625 0.449219 0.31875 0.453125 0.321875 0.453125 0.334375 0.46875 0.334375 0.472656 0.3375 0.476562 0.3375 0.484375 0.34375 0.492188 0.346875 0.492188 0.35625 0.480469 0.35625 0.476562 0.359375 0.472656 0.359375 0.46875 0.35 0.457031 0.340625 0.457031 0.33125 0.445312 0.33125 0.441406 0.328125 0.4375 0.31875 0.4375 0.315625 0.433594 0.3125 0.433594 0.30625 0.425781
0 0.0125 0.679688 0.009375 0.683594 0.003125 0.683594 0 0.6875 0 0.710938 0.00625 0.71875 0.021875 0.71875 0.025 0.722656 0.034375 0.722656 0.0375 0.726562 0.053125 0.726562 0.05625 0.722656 0.06875 0.722656 0.06875 0.699219 0.065625 0.695312 0.0625 0.695312 0.059375 0.691406 0.05625 0.691406 0.053125 0.6875 0.05 0.6875 0.046875 0.683594 0.040625 0.683594 0.0375 0.679688
0 0.025 0.589844 0.025 0.601562 0.015625 0.613281 0.009375 0.613281 0.00625 0.617188 0 0.617188 0 0.667969 0.065625 0.667969 0.065625 0.660156 0.0625 0.65625 0.0625 0.644531 0.05625 0.636719 0.05625 0.632812 0.053125 0.628906 0.053125 0.625 0.05 0.621094 0.05 0.617188 0.046875 0.613281 0.046875 0.609375 0.03125 0.589844
0 0.15625 0.015625 0.153125 0.0195312 0.153125 0.0351562 0.1625 0.046875 0.165625 0.046875 0.171875 0.0546875 0.175 0.0546875 0.178125 0.0585938 0.18125 0.0585938 0.19375 0.0742188 0.2375 0.0742188 0.24375 0.0664062 0.24375 0.0585938 0.240625 0.0546875 0.240625 0.0507812 0.2375 0.0507812 0.23125 0.0429688 0.228125 0.0429688 0.21875 0.03125 0.2125 0.03125 0.209375 0.0273438 0.20625 0.0273438 0.203125 0.0234375 0.18125 0.0234375 0.178125 0.0195312 0.16875 0.0195312 0.165625 0.015625
0 0.771875 0.242188 0.76875 0.246094 0.7625 0.246094 0.759375 0.25 0.759375 0.253906 0.74375 0.273438 0.74375 0.277344 0.7375 0.285156 0.7375 0.300781 0.734375 0.304688 0.734375 0.308594 0.73125 0.3125 0.73125 0.332031 0.734375 0.335938 0.734375 0.347656 0.7375 0.351562 0.7375 0.355469 0.74375 0.363281 0.74375 0.367188 0.759375 0.386719 0.765625 0.386719 0.76875 0.390625 0.778125 0.390625 0.78125 0.386719 0.7875 0.386719 0.790625 0.382812 0.79375 0.382812 0.803125 0.371094 0.803125 0.367188 0.809375 0.359375 0.809375 0.351562 0.821875 0.335938 0.821875 0.320312 0.81875 0.316406 0.81875 0.296875 0.8125 0.289062 0.8125 0.285156 0.803125 0.273438 0.803125 0.265625 0.8 0.261719 0.8 0.257812 0.796875 0.253906 0.796875 0.25 0.790625 0.242188
0 0.553125 0.800781 0.553125 0.808594 0.55 0.8125 0.54375 0.8125 0.54375 0.820312 0.540625 0.824219 0.540625 0.835938 0.54375 0.839844 0.54375 0.847656 0.55 0.855469 0.553125 0.855469 0.55625 0.859375 0.565625 0.859375 0.56875 0.855469 0.571875 0.855469 0.575 0.851562 0.575 0.847656 0.578125 0.84375 0.578125 0.8125 0.575 0.8125 0.565625 0.800781
0 0.328125 0.84375 0.325 0.847656 0.309375 0.847656 0.30625 0.851562 0.3 0.851562 0.296875 0.855469 0.290625 0.855469 0.2875 0.859375 0.28125 0.859375 0.278125 0.863281 0.278125 0.875 0.2875 0.875 0.290625 0.878906 0.296875 0.878906 0.3 0.882812 0.3125 0.882812 0.315625 0.886719 0.328125 0.886719 0.33125 0.890625 0.334375 0.890625 0.3375 0.894531 0.365625 0.894531 0.36875 0.898438 0.375 0.898438 0.38125 0.890625 0.390625 0.890625 0.390625 0.859375 0.3875 0.855469 0.3875 0.851562 0.384375 0.851562 0.38125 0.847656 0.375 0.847656 0.371875 0.84375
0 0.90625 0.382812 0.90625 0.386719 0.903125 0.390625 0.903125 0.402344 0.9125 0.414062 0.915625 0.414062 0.91875 0.417969 0.921875 0.417969 0.928125 0.425781 0.93125 0.425781 0.934375 0.429688 0.94375 0.429688 0.946875 0.433594 0.953125 0.433594 0.9625 0.421875 0.965625 0.421875 0.96875 0.417969 0.96875 0.414062 0.953125 0.394531 0.953125 0.390625 0.95 0.386719 0.95 0.382812
0 0 0.515625 0 0.542969 0.003125 0.539062 0.003125 0.535156 0.009375 0.527344 0.009375 0.523438 0.003125 0.515625
0 0.9125 0.832031 0.909375 0.835938 0.909375 0.84375 0.90625 0.847656 0.90625 0.875 0.909375 0.878906 0.909375 0.882812 0.9125 0.886719 0.9125 0.890625 0.915625 0.894531 0.915625 0.902344 0.9375 0.929688 0.940625 0.929688 0.94375 0.933594 0.946875 0.933594 0.95625 0.945312 0.959375 0.945312 0.965625 0.953125 0.971875 0.953125 0.978125 0.960938 0.990625 0.960938 0.996875 0.953125 0.996875 0.867188 0.99375 0.867188 0.990625 0.863281 0.9875 0.863281 0.984375 0.859375 0.98125 0.859375 0.965625 0.839844 0.9625 0.839844 0.959375 0.835938 0.95 0.835938 0.946875 0.832031
0 0.084375 0.484375 0.078125 0.492188 0.078125 0.515625 0.090625 0.53125 0.096875 0.53125 0.1 0.535156 0.103125 0.535156 0.10625 0.539062 0.1125 0.539062 0.115625 0.542969 0.1375 0.542969 0.146875 0.53125 0.146875 0.523438 0.15 0.519531 0.15 0.515625 0.153125 0.511719 0.153125 0.507812 0.15 0.503906 0.146875 0.503906 0.1375 0.492188 0.134375 0.492188 0.13125 0.488281 0.128125 0.488281 0.125 0.484375
0 0.675 0.191406 0.671875 0.195312 0.665625 0.195312 0.65625 0.207031 0.65625 0.214844 0.659375 0.21875 0.659375 0.222656 0.6625 0.226562 0.665625 0.226562 0.66875 0.230469 0.671875 0.230469 0.675 0.234375 0.7 0.234375 0.703125 0.230469 0.70625 0.230469 0.7125 0.222656 0.7125 0.21875 0.703125 0.207031 0.703125 0.203125 0.7 0.199219 0.696875 0.199219 0.69375 0.195312 0.68125 0.195312 0.678125 0.191406
0 0.04375 0.976562 0.0375 0.984375 0.034375 0.984375 0.025 0.996094 0.021875 0.996094 0.0625 0.996094 0.065625 0.992188 0.065625 0.988281 0.0625 0.984375 0.0625 0.980469 0.059375 0.976562
0 0.103125 0.578125 0.1 0.582031 0.09375 0.582031 0.090625 0.585938 0.090625 0.601562 0.09375 0.605469 0.09375 0.609375 0.096875 0.613281 0.096875 0.625 0.1 0.628906 0.1 0.636719 0.103125 0.640625 0.103125 0.644531 0.1125 0.65625 0.1125 0.660156 0.125 0.675781 0.13125 0.675781 0.134375 0.679688 0.140625 0.679688 0.14375 0.675781 0.146875 0.675781 0.153125 0.667969 0.15625 0.667969 0.159375 0.664062 0.159375 0.636719 0.15 0.625 0.15 0.609375 0.146875 0.605469 0.146875 0.601562 0.140625 0.59375 0.1375 0.59375 0.13125 0.585938 0.125 0.585938 0.11875 0.578125
0 0.7375 0.0976562 0.725 0.113281 0.725 0.148438 0.728125 0.152344 0.728125 0.160156 0.73125 0.164062 0.73125 0.175781 0.734375 0.179688 0.734375 0.210938 0.73125 0.214844 0.73125 0.222656 0.728125 0.226562 0.728125 0.253906 0.73125 0.257812 0.73125 0.261719 0.7375 0.269531 0.74375 0.269531 0.75625 0.253906 0.75625 0.242188 0.759375 0.238281 0.759375 0.21875 0.7625 0.214844 0.7625 0.140625 0.759375 0.136719 0.759375 0.121094 0.740625 0.0976562
0 0.925 0.695312 0.921875 0.699219 0.921875 0.710938 0.91875 0.714844 0.91875 0.722656 0.925 0.730469 0.928125 0.730469 0.934375 0.738281 0.9375 0.738281 0.94375 0.746094 0.96875 0.746094 0.984375 0.765625 0.9875 0.765625 0.990625 0.769531 0.990625 0.773438 0.996875 0.773438 0.996875 0.722656 0.99375 0.71875 0.99375 0.714844 0.98125 0.714844 0.978125 0.710938 0.975 0.710938 0.971875 0.707031 0.96875 0.707031 0.959375 0.695312
0 0.1875 0.535156 0.18125 0.542969 0.18125 0.546875 0.184375 0.550781 0.184375 0.558594 0.19375 0.570312 0.203125 0.570312 0.20625 0.574219 0.209375 0.574219 0.215625 0.582031 0.21875 0.582031 0.228125 0.59375 0.228125 0.597656 0.23125 0.601562 0.23125 0.605469 0.2375 0.613281 0.275 0.613281 0.284375 0.601562 0.284375 0.597656 0.2875 0.59375 0.2875 0.585938 0.26875 0.5625 0.265625 0.5625 0.2625 0.558594 0.25625 0.558594 0.25 0.550781 0.24375 0.550781 0.2375 0.542969 0.234375 0.542969 0.23125 0.539062 0.20625 0.539062 0.203125 0.535156
0 0.534375 0.761719 0.534375 0.769531 0.5375 0.769531 0.540625 0.773438 0.54375 0.773438 0.55625 0.789062 0.559375 0.789062 0.5625 0.792969 0.565625 0.792969 0.56875 0.796875 0.571875 0.796875 0.575 0.800781 0.578125 0.800781 0.58125 0.804688 0.58125 0.808594 0.603125 0.808594 0.60625 0.804688 0.609375 0.804688 0.609375 0.785156 0.603125 0.777344 0.603125 0.773438 0.584375 0.773438 0.58125 0.769531 0.559375 0.769531 0.55625 0.765625 0.55 0.765625 0.546875 0.761719
0 0.915625 0.929688 0.915625 0.933594 0.9125 0.9375 0.909375 0.9375 0.90625 0.941406 0.90625 0.945312 0.903125 0.949219 0.903125 0.953125 0.9 0.957031 0.9 0.996094 0.965625 0.996094 0.965625 0.992188 0.96875 0.988281 0.96875 0.957031 0.965625 0.957031 0.959375 0.949219 0.95625 0.949219 0.953125 0.945312 0.946875 0.945312 0.940625 0.9375 0.940625 0.933594 0.93125 0.933594 0.928125 0.929688
0 0.625 0 0.61875 0.0078125 0.615625 0.0078125 0.6125 0.0117188 0.6125 0.015625 0.621875 0.0273438 0.6375 0.0273438 0.640625 0.0234375 0.64375 0.0234375 0.65 0.015625 0.65 0.0117188 0.653125 0.0078125 0.653125 0.00390625 0.65 0
0 0.409375 0.660156 0.409375 0.667969 0.4125 0.671875 0.409375 0.675781 0.403125 0.675781 0.4 0.679688 0.4 0.691406 0.403125 0.695312 0.403125 0.699219 0.409375 0.707031 0.41875 0.707031 0.421875 0.710938 0.43125 0.710938 0.434375 0.714844 0.440625 0.714844 0.44375 0.71875 0.446875 0.71875 0.45 0.722656 0.453125 0.722656 0.45625 0.726562 0.459375 0.722656 0.465625 0.722656 0.46875 0.71875 0.475 0.71875 0.478125 0.722656 0.484375 0.722656 0.4875 0.726562 0.490625 0.726562 0.5 0.738281 0.509375 0.738281 0.5125 0.742188 0.51875 0.742188 0.525 0.734375 0.525 0.703125 0.521875 0.699219 0.51875 0.699219 0.515625 0.695312 0.5125 0.695312 0.509375 0.691406 0.503125 0.691406 0.5 0.6875 0.49375 0.6875 0.490625 0.683594 0.48125 0.683594 0.478125 0.679688 0.46875 0.679688 0.465625 0.675781 0.446875 0.675781 0.44375 0.671875 0.434375 0.671875 0.43125 0.667969 0.425 0.667969 0.421875 0.664062 0.421875 0.660156
0 0.14375 0.09375 0.134375 0.105469 0.134375 0.113281 0.1375 0.117188 0.1375 0.125 0.140625 0.128906 0.140625 0.136719 0.146875 0.144531 0.153125 0.144531 0.1625 0.15625 0.171875 0.15625 0.175 0.160156 0.18125 0.160156 0.184375 0.164062 0.1875 0.164062 0.190625 0.167969 0.19375 0.167969 0.196875 0.171875 0.215625 0.171875 0.221875 0.164062 0.225 0.164062 0.225 0.15625 0.215625 0.144531 0.215625 0.140625 0.209375 0.132812 0.203125 0.132812 0.2 0.128906 0.196875 0.128906 0.190625 0.121094 0.1875 0.121094 0.184375 0.117188 0.18125 0.117188 0.175 0.109375 0.171875 0.109375 0.165625 0.101562 0.159375 0.101562 0.15625 0.0976562 0.15625 0.09375
0 0.0125 0.722656 0.0125 0.730469 0.015625 0.734375 0.015625 0.742188 0.025 0.753906 0.03125 0.753906 0.04375 0.769531 0.05 0.769531 0.05625 0.777344 0.05625 0.78125 0.059375 0.785156 0.0625 0.785156 0.065625 0.789062 0.065625 0.792969 0.06875 0.792969 0.071875 0.796875 0.078125 0.796875 0.08125 0.800781 0.084375 0.800781 0.0875 0.804688 0.109375 0.804688 0.1125 0.800781 0.1125 0.769531 0.109375 0.765625 0.109375 0.757812 0.10625 0.753906 0.10625 0.75 0.096875 0.738281 0.096875 0.730469 0.09375 0.726562 0.05625 0.726562 0.053125 0.730469 0.0375 0.730469 0.034375 0.726562 0.025 0.726562 0.021875 0.722656
0 0.015625 0.882812 0.0125 0.886719 0.0125 0.898438 0.015625 0.902344 0.015625 0.941406 0.01875 0.945312 0.01875 0.949219 0.021875 0.953125 0.025 0.953125 0.028125 0.957031 0.0375 0.957031 0.040625 0.953125 0.040625 0.949219 0.046875 0.941406 0.046875 0.933594 0.05 0.929688 0.05 0.917969 0.046875 0.914062 0.046875 0.910156 0.040625 0.902344 0.040625 0.898438 0.03125 0.886719 0.028125 0.886719 0.025 0.882812
0 0.28125 0.203125 0.278125 0.207031 0.278125 0.222656 0.290625 0.238281 0.29375 0.238281 0.296875 0.242188 0.303125 0.242188 0.30625 0.246094 0.309375 0.246094 0.315625 0.253906 0.315625 0.261719 0.328125 0.261719 0.33125 0.265625 0.33125 0.273438 0.334375 0.277344 0.3375 0.277344 0.34375 0.285156 0.346875 0.285156 0.35625 0.296875 0.3625 0.296875 0.365625 0.300781 0.38125 0.300781 0.384375 0.296875 0.396875 0.296875 0.396875 0.253906 0.390625 0.246094 0.390625 0.242188 0.3875 0.242188 0.384375 0.238281 0.384375 0.234375 0.378125 0.226562 0.378125 0.222656 0.3375 0.222656 0.334375 0.21875 0.33125 0.21875 0.328125 0.214844 0.31875 0.214844 0.3125 0.207031 0.309375 0.207031 0.30625 0.203125
0 0.609375 0.539062 0.609375 0.550781 0.625 0.570312 0.628125 0.570312 0.634375 0.578125 0.640625 0.578125 0.646875 0.585938 0.65 0.585938 0.653125 0.589844 0.65625 0.589844 0.659375 0.59375 0.6625 0.59375 0.665625 0.597656 0.66875 0.597656 0.675 0.605469 0.678125 0.605469 0.68125 0.609375 0.690625 0.609375 0.69375 0.605469 0.703125 0.605469 0.70625 0.601562 0.70625 0.585938 0.696875 0.574219 0.696875 0.570312 0.690625 0.5625 0.690625 0.558594 0.6875 0.554688 0.684375 0.554688 0.678125 0.546875 0.678125 0.539062 0.66875 0.539062 0.665625 0.542969 0.653125 0.542969 0.65 0.539062
0 0.8 0.925781 0.79375 0.933594 0.79375 0.996094 0.865625 0.996094 0.865625 0.972656 0.8625 0.96875 0.8625 0.964844 0.85625 0.957031 0.853125 0.957031 0.846875 0.949219 0.84375 0.949219 0.840625 0.945312 0.81875 0.945312 0.803125 0.925781
0 0.334375 0.636719 0.33125 0.640625 0.33125 0.667969 0.334375 0.667969 0.3375 0.671875 0.34375 0.671875 0.346875 0.675781 0.4 0.675781 0.403125 0.671875 0.409375 0.671875 0.40625 0.667969 0.40625 0.660156 0.403125 0.660156 0.396875 0.652344 0.39375 0.652344 0.390625 0.648438 0.384375 0.648438 0.378125 0.640625 0.371875 0.640625 0.36875 0.636719
0 0.109375 0.0195312 0.109375 0.0273438 0.1125 0.03125 0.115625 0.03125 0.11875 0.0351562 0.11875 0.0390625 0.128125 0.0507812 0.128125 0.0585938 0.13125 0.0625 0.13125 0.0703125 0.134375 0.0742188 0.134375 0.078125 0.1375 0.0820312 0.140625 0.0820312 0.146875 0.0898438 0.15625 0.0898438 0.159375 0.09375 0.159375 0.0976562 0.165625 0.0976562 0.16875 0.101562 0.171875 0.101562 0.18125 0.113281 0.184375 0.113281 0.1875 0.117188 0.203125 0.117188 0.20625 0.121094 0.23125 0.121094 0.234375 0.117188 0.234375 0.113281 0.2375 0.109375 0.24375 0.109375 0.246875 0.105469 0.246875 0.0976562 0.240625 0.0898438 0.23125 0.0898438 0.228125 0.0859375 0.215625 0.0859375 0.209375 0.078125 0.19375 0.078125 0.18125 0.0625 0.178125 0.0625 0.175 0.0585938 0.171875 0.0585938 0.165625 0.0507812 0.1625 0.0507812 0.153125 0.0390625 0.146875 0.0390625 0.13125 0.0195312
0 0.309375 0.933594 0.303125 0.941406 0.23125 0.941406 0.228125 0.945312 0.221875 0.945312 0.21875 0.941406 0.2125 0.941406 0.209375 0.945312 0.20625 0.945312 0.20625 0.976562 0.209375 0.980469 0.209375 0.984375 0.2125 0.984375 0.215625 0.988281 0.221875 0.988281 0.228125 0.996094 0.25 0.996094 0.253125 0.992188 0.2625 0.992188 0.265625 0.988281 0.265625 0.984375 0.26875 0.980469 0.3 0.980469 0.303125 0.976562 0.30625 0.976562 0.3125 0.96875 0.31875 0.96875 0.321875 0.964844 0.35 0.964844 0.353125 0.960938 0.353125 0.957031 0.35 0.953125 0.35 0.949219 0.346875 0.945312 0.3375 0.945312 0.334375 0.941406 0.33125 0.941406 0.325 0.933594
0 0.14375 0.152344 0.140625 0.15625 0.1375 0.15625 0.13125 0.164062 0.13125 0.167969 0.128125 0.171875 0.128125 0.175781 0.125 0.179688 0.125 0.195312 0.13125 0.203125 0.13125 0.207031 0.1375 0.207031 0.140625 0.203125 0.14375 0.207031 0.165625 0.207031 0.16875 0.203125 0.171875 0.203125 0.175 0.199219 0.178125 0.199219 0.18125 0.195312 0.18125 0.183594 0.178125 0.179688 0.178125 0.175781 0.175 0.171875 0.16875 0.171875 0.15625 0.15625 0.153125 0.15625 0.15 0.152344
0 0.8375 0.789062 0.834375 0.792969 0.83125 0.792969 0.81875 0.808594 0.81875 0.8125 0.815625 0.816406 0.815625 0.820312 0.8125 0.824219 0.8125 0.855469 0.81875 0.863281 0.828125 0.863281 0.83125 0.859375 0.8375 0.859375 0.85 0.84375 0.85 0.839844 0.853125 0.835938 0.853125 0.824219 0.85625 0.820312 0.85625 0.8125 0.853125 0.808594 0.853125 0.800781 0.84375 0.789062
0 0.25625 0.140625 0.253125 0.144531 0.253125 0.152344 0.259375 0.160156 0.259375 0.164062 0.2625 0.167969 0.265625 0.167969 0.26875 0.171875 0.271875 0.171875 0.278125 0.179688 0.28125 0.179688 0.284375 0.183594 0.296875 0.183594 0.3 0.179688 0.3 0.175781 0.296875 0.171875 0.296875 0.167969 0.284375 0.152344 0.28125 0.152344 0.275 0.144531 0.271875 0.144531 0.26875 0.140625
0 0.215625 0.234375 0.215625 0.238281 0.2125 0.242188 0.2125 0.246094 0.215625 0.25 0.215625 0.261719 0.21875 0.265625 0.21875 0.269531 0.225 0.277344 0.2375 0.277344 0.24375 0.285156 0.246875 0.285156 0.25 0.289062 0.253125 0.289062 0.25625 0.292969 0.265625 0.292969 0.26875 0.296875 0.278125 0.296875 0.284375 0.304688 0.290625 0.304688 0.296875 0.3125 0.303125 0.3125 0.30625 0.316406 0.3125 0.316406 0.31875 0.324219 0.334375 0.324219 0.334375 0.300781 0.33125 0.296875 0.328125 0.296875 0.31875 0.285156 0.315625 0.285156 0.3125 0.28125 0.309375 0.28125 0.30625 0.277344 0.296875 0.277344 0.2875 0.265625 0.28125 0.265625 0.275 0.257812 0.271875 0.257812 0.253125 0.234375
