0 0.394531 0.410156 0.390625 0.414062 0.378906 0.414062 0.371094 0.421875 0.371094 0.425781 0.367188 0.429688 0.367188 0.433594 0.371094 0.4375 0.371094 0.449219 0.378906 0.457031 0.398438 0.457031 0.402344 0.460938 0.410156 0.460938 0.425781 0.445312 0.425781 0.441406 0.421875 0.4375 0.421875 0.417969 0.414062 0.410156
0 0.804688 0.15625 0.800781 0.160156 0.792969 0.160156 0.789062 0.164062 0.789062 0.171875 0.785156 0.175781 0.785156 0.207031 0.789062 0.210938 0.789062 0.214844 0.796875 0.222656 0.816406 0.222656 0.820312 0.21875 0.820312 0.210938 0.824219 0.207031 0.824219 0.195312 0.820312 0.191406 0.820312 0.160156 0.816406 0.15625
0 0.300781 0.925781 0.300781 0.945312 0.304688 0.949219 0.328125 0.949219 0.339844 0.9375 0.339844 0.929688 0.335938 0.925781
0 0.152344 0.234375 0.148438 0.238281 0.144531 0.238281 0.136719 0.246094 0.136719 0.257812 0.132812 0.261719 0.132812 0.269531 0.128906 0.273438 0.128906 0.28125 0.136719 0.289062 0.140625 0.289062 0.144531 0.292969 0.164062 0.292969 0.175781 0.28125 0.175781 0.277344 0.179688 0.273438 0.179688 0.242188 0.175781 0.238281 0.171875 0.238281 0.167969 0.234375
0 0.00390625 0.328125 0 0.332031 0 0.355469 0.00390625 0.355469 0.0078125 0.359375 0.015625 0.359375 0.0195312 0.355469 0.0195312 0.34375 0.0117188 0.335938 0.0117188 0.332031 0.0078125 0.328125
0 0.253906 0.871094 0.25 0.875 0.25 0.894531 0.253906 0.898438 0.253906 0.914062 0.257812 0.917969 0.257812 0.925781 0.261719 0.929688 0.269531 0.929688 0.28125 0.917969 0.28125 0.90625 0.285156 0.902344 0.285156 0.882812 0.273438 0.871094
0 0.347656 0.300781 0.34375 0.304688 0.34375 0.308594 0.339844 0.3125 0.339844 0.320312 0.34375 0.324219 0.34375 0.328125 0.355469 0.339844 0.367188 0.339844 0.371094 0.335938 0.371094 0.332031 0.375 0.328125 0.375 0.3125 0.363281 0.300781
0 0.0664062 0.972656 0.0625 0.976562 0.0507812 0.976562 0.0429688 0.984375 0.0195312 0.984375 0.015625 0.988281 0.015625 0.996094 0.0351562 0.996094 0.0390625 0.992188 0.046875 0.992188 0.0507812 0.988281 0.0625 0.988281 0.0664062 0.984375 0.0742188 0.984375 0.078125 0.980469 0.0820312 0.980469 0.0820312 0.972656
0 0.0429688 0.328125 0.0351562 0.335938 0.0351562 0.339844 0.0390625 0.34375 0.0507812 0.34375 0.0585938 0.335938 0.0585938 0.332031 0.0546875 0.328125
0 0.402344 0.34375 0.390625 0.355469 0.390625 0.375 0.398438 0.382812 0.410156 0.382812 0.417969 0.375 0.417969 0.363281 0.414062 0.359375 0.414062 0.347656 0.410156 0.34375
0 0.121094 0.3125 0.117188 0.316406 0.113281 0.316406 0.105469 0.324219 0.105469 0.332031 0.101562 0.335938 0.101562 0.351562 0.113281 0.363281 0.117188 0.363281 0.121094 0.367188 0.128906 0.367188 0.132812 0.371094 0.136719 0.371094 0.140625 0.367188 0.144531 0.367188 0.152344 0.359375 0.152344 0.355469 0.15625 0.351562 0.15625 0.339844 0.152344 0.335938 0.152344 0.332031 0.148438 0.328125 0.148438 0.320312 0.140625 0.3125
0 0.535156 0.0859375 0.53125 0.0898438 0.519531 0.0898438 0.515625 0.09375 0.515625 0.105469 0.523438 0.113281 0.527344 0.113281 0.53125 0.117188 0.546875 0.117188 0.554688 0.109375 0.554688 0.101562 0.539062 0.0859375
0 0.859375 0.195312 0.847656 0.207031 0.847656 0.210938 0.84375 0.214844 0.84375 0.230469 0.847656 0.234375 0.867188 0.234375 0.878906 0.222656 0.878906 0.21875 0.882812 0.214844 0.882812 0.203125 0.875 0.195312
0 0.308594 0.828125 0.292969 0.84375 0.292969 0.851562 0.296875 0.855469 0.296875 0.871094 0.316406 0.890625 0.335938 0.890625 0.339844 0.886719 0.34375 0.886719 0.347656 0.882812 0.351562 0.882812 0.359375 0.875 0.359375 0.859375 0.355469 0.855469 0.355469 0.851562 0.339844 0.835938 0.335938 0.835938 0.332031 0.832031 0.328125 0.832031 0.324219 0.828125
0 0.519531 0.136719 0.511719 0.144531 0.511719 0.167969 0.515625 0.171875 0.519531 0.171875 0.523438 0.167969 0.527344 0.167969 0.539062 0.15625 0.539062 0.140625 0.535156 0.136719
0 0.558594 0.1875 0.554688 0.191406 0.550781 0.191406 0.546875 0.195312 0.546875 0.199219 0.539062 0.207031 0.539062 0.21875 0.535156 0.222656 0.535156 0.246094 0.539062 0.25 0.539062 0.253906 0.546875 0.261719 0.558594 0.261719 0.5625 0.257812 0.570312 0.257812 0.578125 0.25 0.578125 0.226562 0.585938 0.21875 0.585938 0.195312 0.578125 0.1875
0 0.445312 0.683594 0.441406 0.6875 0.4375 0.6875 0.433594 0.691406 0.433594 0.695312 0.425781 0.703125 0.425781 0.71875 0.429688 0.722656 0.433594 0.722656 0.4375 0.71875 0.441406 0.71875 0.449219 0.726562 0.460938 0.726562 0.464844 0.722656 0.464844 0.71875 0.46875 0.714844 0.46875 0.703125 0.449219 0.683594
0 0.109375 0.496094 0.105469 0.5 0.105469 0.503906 0.0976562 0.511719 0.0976562 0.519531 0.109375 0.53125 0.113281 0.53125 0.125 0.542969 0.125 0.546875 0.128906 0.550781 0.136719 0.550781 0.144531 0.542969 0.144531 0.539062 0.152344 0.53125 0.152344 0.519531 0.144531 0.511719 0.140625 0.511719 0.136719 0.507812 0.132812 0.507812 0.128906 0.503906 0.125 0.503906 0.117188 0.496094
0 0.0273438 0.144531 0.0234375 0.148438 0.0195312 0.148438 0.0117188 0.15625 0.0117188 0.160156 0.0078125 0.164062 0.0078125 0.167969 0.0117188 0.171875 0.0117188 0.191406 0.015625 0.195312 0.015625 0.203125 0.0234375 0.210938 0.0273438 0.210938 0.03125 0.214844 0.0429688 0.214844 0.046875 0.210938 0.0507812 0.210938 0.0664062 0.195312 0.0664062 0.167969 0.0625 0.164062 0.0625 0.160156 0.0585938 0.15625 0.0585938 0.152344 0.0546875 0.148438 0.0507812 0.148438 0.046875 0.144531
0 0.0898438 0.5 0.0742188 0.515625 0.0742188 0.535156 0.078125 0.539062 0.078125 0.542969 0.0820312 0.546875 0.09375 0.546875 0.0976562 0.542969 0.101562 0.542969 0.105469 0.539062 0.105469 0.53125 0.09375 0.519531 0.09375 0.511719 0.101562 0.503906 0.101562 0.5
0 0.738281 0.0820312 0.734375 0.0859375 0.730469 0.0859375 0.722656 0.09375 0.722656 0.0976562 0.71875 0.101562 0.71875 0.121094 0.726562 0.128906 0.738281 0.128906 0.742188 0.125 0.75 0.125 0.761719 0.113281 0.761719 0.109375 0.765625 0.105469 0.765625 0.09375 0.753906 0.0820312
0 0.207031 0.449219 0.203125 0.453125 0.203125 0.457031 0.199219 0.460938 0.199219 0.46875 0.203125 0.472656 0.207031 0.472656 0.210938 0.476562 0.214844 0.476562 0.21875 0.480469 0.226562 0.480469 0.234375 0.472656 0.234375 0.453125 0.230469 0.449219
0 0.164062 0.394531 0.152344 0.40625 0.152344 0.410156 0.148438 0.414062 0.148438 0.421875 0.15625 0.429688 0.171875 0.429688 0.179688 0.421875 0.179688 0.410156 0.175781 0.40625 0.175781 0.402344 0.167969 0.394531
0 0.378906 0.257812 0.375 0.261719 0.371094 0.261719 0.363281 0.269531 0.363281 0.28125 0.367188 0.285156 0.367188 0.289062 0.382812 0.304688 0.398438 0.304688 0.40625 0.296875 0.40625 0.273438 0.402344 0.269531 0.402344 0.265625 0.398438 0.261719 0.390625 0.261719 0.386719 0.257812
0 0.554688 0.0664062 0.550781 0.0703125 0.550781 0.0820312 0.558594 0.0898438 0.5625 0.0898438 0.570312 0.0976562 0.578125 0.0976562 0.59375 0.0820312 0.59375 0.078125 0.585938 0.0703125 0.574219 0.0703125 0.570312 0.0664062
0 0.421875 0.0234375 0.414062 0.03125 0.414062 0.0429688 0.421875 0.0507812 0.433594 0.0507812 0.4375 0.046875 0.4375 0.0429688 0.441406 0.0390625 0.441406 0.03125 0.433594 0.0234375
0 0.367188 0.371094 0.359375 0.378906 0.359375 0.382812 0.363281 0.386719 0.367188 0.386719 0.371094 0.390625 0.378906 0.390625 0.382812 0.386719 0.382812 0.375 0.378906 0.371094
0 0.386719 0.59375 0.382812 0.597656 0.378906 0.597656 0.371094 0.605469 0.371094 0.636719 0.378906 0.644531 0.386719 0.644531 0.390625 0.648438 0.417969 0.648438 0.421875 0.644531 0.425781 0.644531 0.433594 0.636719 0.433594 0.609375 0.421875 0.597656 0.417969 0.597656 0.414062 0.59375
