0 0.726562 0.828125 0.722656 0.832031 0.714844 0.832031 0.695312 0.851562 0.695312 0.855469 0.6875 0.863281 0.6875 0.871094 0.683594 0.875 0.683594 0.898438 0.691406 0.898438 0.695312 0.902344 0.707031 0.902344 0.710938 0.90625 0.71875 0.90625 0.722656 0.902344 0.726562 0.902344 0.730469 0.898438 0.753906 0.898438 0.757812 0.894531 0.757812 0.890625 0.761719 0.886719 0.761719 0.847656 0.753906 0.839844 0.753906 0.835938 0.75 0.832031 0.742188 0.832031 0.738281 0.828125
0 0.878906 0.855469 0.875 0.859375 0.875 0.863281 0.871094 0.867188 0.867188 0.867188 0.863281 0.871094 0.863281 0.875 0.859375 0.878906 0.859375 0.882812 0.855469 0.886719 0.859375 0.886719 0.863281 0.890625 0.859375 0.894531 0.859375 0.902344 0.863281 0.90625 0.867188 0.90625 0.871094 0.910156 0.867188 0.914062 0.867188 0.929688 0.875 0.9375 0.890625 0.9375 0.894531 0.941406 0.925781 0.941406 0.945312 0.921875 0.945312 0.886719 0.941406 0.882812 0.9375 0.882812 0.933594 0.878906 0.933594 0.875 0.921875 0.863281 0.914062 0.863281 0.90625 0.855469
0 0.71875 0.679688 0.707031 0.691406 0.707031 0.699219 0.699219 0.707031 0.699219 0.714844 0.722656 0.714844 0.738281 0.730469 0.738281 0.734375 0.742188 0.738281 0.742188 0.742188 0.746094 0.742188 0.75 0.738281 0.753906 0.738281 0.753906 0.734375 0.757812 0.730469 0.757812 0.722656 0.765625 0.714844 0.765625 0.6875 0.757812 0.679688
0 0.144531 0.707031 0.140625 0.710938 0.136719 0.710938 0.132812 0.714844 0.128906 0.714844 0.121094 0.722656 0.121094 0.746094 0.136719 0.761719 0.140625 0.761719 0.144531 0.765625 0.160156 0.765625 0.164062 0.761719 0.167969 0.761719 0.171875 0.757812 0.179688 0.757812 0.183594 0.753906 0.191406 0.753906 0.195312 0.75 0.195312 0.722656 0.183594 0.710938 0.175781 0.710938 0.171875 0.707031
0 0.234375 0.554688 0.230469 0.558594 0.226562 0.558594 0.214844 0.570312 0.214844 0.59375 0.21875 0.597656 0.21875 0.605469 0.230469 0.617188 0.234375 0.617188 0.238281 0.621094 0.242188 0.621094 0.246094 0.625 0.269531 0.625 0.289062 0.605469 0.289062 0.585938 0.285156 0.582031 0.285156 0.578125 0.28125 0.574219 0.28125 0.570312 0.265625 0.554688
0 0.804688 0.640625 0.800781 0.644531 0.800781 0.652344 0.796875 0.65625 0.796875 0.6875 0.800781 0.691406 0.800781 0.699219 0.816406 0.714844 0.84375 0.714844 0.863281 0.695312 0.863281 0.671875 0.851562 0.660156 0.847656 0.660156 0.84375 0.65625 0.839844 0.65625 0.828125 0.644531 0.820312 0.644531 0.816406 0.640625
0 0.722656 0 0.714844 0.0078125 0.714844 0.0351562 0.71875 0.0390625 0.734375 0.0390625 0.742188 0.03125 0.746094 0.03125 0.753906 0.0234375 0.789062 0.0234375 0.792969 0.0195312 0.792969 0.00390625 0.789062 0
0 0.125 0.910156 0.121094 0.914062 0.117188 0.914062 0.101562 0.929688 0.101562 0.941406 0.0976562 0.945312 0.0976562 0.953125 0.101562 0.957031 0.101562 0.964844 0.109375 0.972656 0.109375 0.976562 0.117188 0.984375 0.121094 0.984375 0.125 0.988281 0.140625 0.988281 0.144531 0.992188 0.148438 0.992188 0.152344 0.988281 0.160156 0.988281 0.164062 0.984375 0.167969 0.984375 0.179688 0.972656 0.179688 0.96875 0.183594 0.964844 0.183594 0.957031 0.1875 0.953125 0.1875 0.933594 0.183594 0.929688 0.183594 0.925781 0.179688 0.921875 0.175781 0.921875 0.167969 0.914062 0.160156 0.914062 0.15625 0.910156
0 0.625 0.417969 0.625 0.425781 0.621094 0.429688 0.621094 0.441406 0.625 0.445312 0.625 0.449219 0.632812 0.457031 0.636719 0.457031 0.640625 0.460938 0.660156 0.460938 0.664062 0.457031 0.667969 0.457031 0.667969 0.449219 0.671875 0.445312 0.671875 0.441406 0.667969 0.4375 0.667969 0.429688 0.660156 0.421875 0.65625 0.421875 0.652344 0.417969
0 0.621094 0.8125 0.617188 0.816406 0.613281 0.816406 0.597656 0.832031 0.597656 0.835938 0.59375 0.839844 0.59375 0.863281 0.597656 0.867188 0.597656 0.871094 0.605469 0.878906 0.605469 0.882812 0.609375 0.886719 0.617188 0.886719 0.628906 0.898438 0.632812 0.898438 0.636719 0.894531 0.640625 0.894531 0.660156 0.875 0.660156 0.871094 0.664062 0.867188 0.664062 0.859375 0.660156 0.855469 0.660156 0.839844 0.640625 0.820312 0.636719 0.820312 0.632812 0.816406 0.628906 0.816406 0.625 0.8125
0 0.351562 0.53125 0.347656 0.535156 0.34375 0.535156 0.335938 0.542969 0.332031 0.542969 0.328125 0.546875 0.328125 0.550781 0.324219 0.554688 0.324219 0.558594 0.320312 0.5625 0.320312 0.578125 0.324219 0.582031 0.324219 0.589844 0.332031 0.597656 0.335938 0.597656 0.34375 0.605469 0.347656 0.605469 0.351562 0.609375 0.375 0.609375 0.378906 0.605469 0.382812 0.605469 0.390625 0.597656 0.390625 0.59375 0.402344 0.582031 0.402344 0.558594 0.394531 0.550781 0.394531 0.546875 0.382812 0.535156 0.378906 0.535156 0.375 0.53125
0 0.632812 0.496094 0.628906 0.5 0.617188 0.5 0.617188 0.511719 0.613281 0.515625 0.613281 0.519531 0.605469 0.527344 0.605469 0.539062 0.609375 0.542969 0.609375 0.546875 0.613281 0.550781 0.617188 0.550781 0.621094 0.554688 0.636719 0.554688 0.640625 0.558594 0.644531 0.558594 0.648438 0.5625 0.65625 0.5625 0.660156 0.566406 0.675781 0.566406 0.679688 0.570312 0.691406 0.570312 0.695312 0.566406 0.699219 0.566406 0.699219 0.5625 0.707031 0.554688 0.707031 0.546875 0.703125 0.542969 0.703125 0.53125 0.695312 0.523438 0.695312 0.515625 0.691406 0.511719 0.691406 0.507812 0.6875 0.507812 0.683594 0.503906 0.679688 0.503906 0.671875 0.496094 0.652344 0.496094 0.648438 0.5 0.644531 0.496094
0 0.988281 0.976562 0.980469 0.984375 0.964844 0.984375 0.960938 0.988281 0.960938 0.996094 0.996094 0.996094 0.996094 0.976562
0 0.617188 0.933594 0.613281 0.9375 0.609375 0.9375 0.601562 0.945312 0.601562 0.953125 0.597656 0.957031 0.597656 0.976562 0.605469 0.984375 0.605469 0.988281 0.613281 0.996094 0.652344 0.996094 0.664062 0.984375 0.664062 0.980469 0.667969 0.976562 0.667969 0.964844 0.664062 0.960938 0.664062 0.957031 0.65625 0.949219 0.652344 0.949219 0.636719 0.933594
0 0.871094 0.382812 0.863281 0.390625 0.863281 0.421875 0.867188 0.425781 0.867188 0.4375 0.878906 0.449219 0.886719 0.449219 0.890625 0.453125 0.910156 0.453125 0.914062 0.449219 0.917969 0.449219 0.929688 0.4375 0.929688 0.40625 0.925781 0.402344 0.925781 0.398438 0.921875 0.394531 0.921875 0.390625 0.914062 0.382812
0 0.515625 0.984375 0.503906 0.996094 0.546875 0.996094 0.535156 0.984375
0 0.765625 0.71875 0.761719 0.722656 0.761719 0.730469 0.757812 0.734375 0.757812 0.738281 0.753906 0.742188 0.75 0.742188 0.746094 0.746094 0.746094 0.75 0.742188 0.753906 0.742188 0.773438 0.734375 0.78125 0.734375 0.785156 0.738281 0.789062 0.765625 0.789062 0.785156 0.769531 0.789062 0.769531 0.792969 0.765625 0.796875 0.765625 0.804688 0.757812 0.804688 0.738281 0.800781 0.734375 0.800781 0.730469 0.796875 0.726562 0.789062 0.726562 0.78125 0.71875
0 0.609375 0.667969 0.601562 0.675781 0.597656 0.675781 0.59375 0.679688 0.59375 0.683594 0.589844 0.6875 0.589844 0.695312 0.585938 0.699219 0.585938 0.734375 0.605469 0.753906 0.613281 0.753906 0.617188 0.757812 0.621094 0.753906 0.636719 0.753906 0.640625 0.75 0.652344 0.75 0.652344 0.746094 0.65625 0.742188 0.65625 0.730469 0.660156 0.726562 0.660156 0.722656 0.65625 0.71875 0.65625 0.710938 0.664062 0.703125 0.660156 0.699219 0.660156 0.695312 0.65625 0.691406 0.65625 0.6875 0.652344 0.683594 0.652344 0.679688 0.640625 0.667969
0 0.515625 0.839844 0.511719 0.84375 0.511719 0.847656 0.5 0.859375 0.5 0.878906 0.511719 0.890625 0.511719 0.898438 0.519531 0.90625 0.566406 0.90625 0.570312 0.902344 0.574219 0.902344 0.582031 0.894531 0.582031 0.890625 0.585938 0.886719 0.585938 0.863281 0.574219 0.851562 0.566406 0.851562 0.558594 0.84375 0.554688 0.84375 0.550781 0.839844
0 0.945312 0.464844 0.941406 0.46875 0.941406 0.472656 0.929688 0.484375 0.929688 0.488281 0.925781 0.492188 0.925781 0.507812 0.921875 0.511719 0.921875 0.515625 0.929688 0.515625 0.9375 0.523438 0.941406 0.523438 0.949219 0.53125 0.953125 0.527344 0.957031 0.53125 0.960938 0.527344 0.964844 0.527344 0.96875 0.523438 0.976562 0.523438 0.980469 0.519531 0.980469 0.515625 0.988281 0.507812 0.988281 0.496094 0.984375 0.492188 0.984375 0.488281 0.972656 0.476562 0.972656 0.472656 0.96875 0.46875 0.960938 0.46875 0.957031 0.464844
0 0.808594 0.886719 0.804688 0.890625 0.796875 0.890625 0.785156 0.902344 0.785156 0.917969 0.78125 0.921875 0.78125 0.925781 0.777344 0.929688 0.777344 0.9375 0.773438 0.941406 0.773438 0.949219 0.777344 0.949219 0.78125 0.953125 0.78125 0.957031 0.792969 0.96875 0.796875 0.96875 0.800781 0.972656 0.804688 0.972656 0.808594 0.976562 0.8125 0.972656 0.816406 0.976562 0.820312 0.972656 0.824219 0.972656 0.832031 0.964844 0.835938 0.964844 0.835938 0.957031 0.839844 0.953125 0.839844 0.945312 0.84375 0.941406 0.847656 0.941406 0.847656 0.9375 0.851562 0.933594 0.851562 0.925781 0.855469 0.921875 0.851562 0.917969 0.851562 0.914062 0.847656 0.910156 0.847656 0.90625 0.84375 0.902344 0.84375 0.894531 0.835938 0.886719 0.816406 0.886719 0.8125 0.890625
0 0.726562 0.957031 0.722656 0.960938 0.71875 0.960938 0.714844 0.964844 0.714844 0.96875 0.710938 0.972656 0.710938 0.980469 0.707031 0.984375 0.707031 0.996094 0.78125 0.996094 0.777344 0.996094 0.769531 0.988281 0.769531 0.980469 0.765625 0.976562 0.765625 0.972656 0.761719 0.96875 0.757812 0.96875 0.75 0.960938 0.742188 0.960938 0.738281 0.957031
0 0.929688 0.589844 0.925781 0.59375 0.902344 0.59375 0.898438 0.597656 0.851562 0.597656 0.847656 0.601562 0.847656 0.605469 0.84375 0.609375 0.84375 0.625 0.851562 0.632812 0.878906 0.632812 0.890625 0.644531 0.890625 0.648438 0.894531 0.652344 0.894531 0.65625 0.898438 0.660156 0.902344 0.660156 0.910156 0.667969 0.9375 0.667969 0.957031 0.648438 0.957031 0.644531 0.960938 0.640625 0.960938 0.636719 0.964844 0.632812 0.964844 0.628906 0.96875 0.625 0.96875 0.609375 0.957031 0.597656 0.957031 0.59375 0.953125 0.589844
0 0.441406 0.757812 0.4375 0.761719 0.425781 0.761719 0.421875 0.765625 0.417969 0.765625 0.414062 0.769531 0.414062 0.777344 0.410156 0.78125 0.410156 0.789062 0.414062 0.792969 0.414062 0.804688 0.421875 0.8125 0.429688 0.8125 0.433594 0.816406 0.441406 0.816406 0.445312 0.8125 0.449219 0.8125 0.453125 0.808594 0.457031 0.808594 0.472656 0.792969 0.472656 0.777344 0.453125 0.757812
0 0.808594 0.765625 0.804688 0.769531 0.792969 0.769531 0.789062 0.773438 0.785156 0.773438 0.777344 0.78125 0.777344 0.789062 0.78125 0.792969 0.78125 0.796875 0.777344 0.800781 0.777344 0.820312 0.78125 0.824219 0.78125 0.832031 0.785156 0.835938 0.828125 0.835938 0.832031 0.832031 0.839844 0.832031 0.855469 0.816406 0.855469 0.785156 0.851562 0.78125 0.851562 0.777344 0.847656 0.773438 0.847656 0.769531 0.84375 0.765625
0 0.515625 0.539062 0.511719 0.542969 0.511719 0.554688 0.507812 0.558594 0.507812 0.566406 0.5 0.574219 0.5 0.582031 0.496094 0.585938 0.496094 0.597656 0.5 0.601562 0.503906 0.601562 0.507812 0.605469 0.515625 0.605469 0.523438 0.613281 0.546875 0.613281 0.554688 0.605469 0.558594 0.605469 0.5625 0.601562 0.566406 0.601562 0.570312 0.597656 0.570312 0.558594 0.566406 0.554688 0.5625 0.554688 0.546875 0.539062
0 0.53125 0.582031 0.535156 0.578125 0.539062 0.582031 0.535156 0.585938
0 0.613281 0 0.605469 0.0078125 0.605469 0.046875 0.625 0.0664062 0.644531 0.0664062 0.648438 0.0625 0.652344 0.0625 0.671875 0.0429688 0.671875 0.0390625 0.675781 0.0351562 0.675781 0.00390625 0.671875 0
0 0.679688 0.710938 0.675781 0.714844 0.675781 0.726562 0.671875 0.730469 0.671875 0.734375 0.667969 0.738281 0.667969 0.761719 0.671875 0.765625 0.671875 0.769531 0.675781 0.773438 0.675781 0.78125 0.683594 0.789062 0.683594 0.796875 0.6875 0.800781 0.714844 0.800781 0.730469 0.785156 0.730469 0.78125 0.738281 0.773438 0.738281 0.753906 0.742188 0.75 0.742188 0.746094 0.738281 0.742188 0.738281 0.738281 0.734375 0.734375 0.734375 0.730469 0.722656 0.71875 0.699219 0.71875 0.695312 0.714844 0.695312 0.710938
0 0.695312 0.335938 0.691406 0.339844 0.683594 0.339844 0.679688 0.34375 0.675781 0.34375 0.675781 0.347656 0.667969 0.355469 0.667969 0.371094 0.664062 0.375 0.664062 0.382812 0.667969 0.386719 0.667969 0.394531 0.679688 0.40625 0.679688 0.410156 0.683594 0.414062 0.683594 0.417969 0.6875 0.417969 0.691406 0.421875 0.707031 0.421875 0.710938 0.417969 0.714844 0.417969 0.71875 0.414062 0.726562 0.414062 0.730469 0.410156 0.734375 0.410156 0.734375 0.40625 0.738281 0.402344 0.738281 0.375 0.734375 0.371094 0.734375 0.367188 0.730469 0.367188 0.726562 0.363281 0.726562 0.355469 0.722656 0.351562 0.722656 0.347656 0.714844 0.339844 0.710938 0.339844 0.707031 0.335938
0 0.746094 0.523438 0.738281 0.53125 0.738281 0.535156 0.734375 0.539062 0.734375 0.546875 0.730469 0.550781 0.730469 0.558594 0.734375 0.5625 0.734375 0.566406 0.746094 0.578125 0.757812 0.578125 0.761719 0.582031 0.773438 0.582031 0.777344 0.578125 0.777344 0.574219 0.78125 0.570312 0.78125 0.539062 0.765625 0.523438
0 0.519531 0.636719 0.515625 0.640625 0.515625 0.644531 0.511719 0.648438 0.511719 0.664062 0.519531 0.671875 0.523438 0.671875 0.527344 0.675781 0.527344 0.679688 0.539062 0.691406 0.546875 0.691406 0.558594 0.679688 0.558594 0.652344 0.550781 0.644531 0.546875 0.644531 0.542969 0.640625 0.535156 0.640625 0.53125 0.636719
0 0.457031 0.519531 0.453125 0.523438 0.445312 0.523438 0.429688 0.539062 0.429688 0.542969 0.425781 0.546875 0.425781 0.578125 0.4375 0.589844 0.441406 0.589844 0.445312 0.59375 0.445312 0.597656 0.449219 0.601562 0.460938 0.601562 0.464844 0.605469 0.46875 0.601562 0.480469 0.601562 0.484375 0.597656 0.484375 0.589844 0.488281 0.585938 0.488281 0.578125 0.492188 0.574219 0.492188 0.570312 0.5 0.5625 0.5 0.554688 0.503906 0.550781 0.503906 0.535156 0.5 0.53125 0.5 0.527344 0.492188 0.519531
0 0.578125 0.445312 0.570312 0.453125 0.5625 0.453125 0.558594 0.457031 0.558594 0.460938 0.554688 0.464844 0.554688 0.488281 0.558594 0.492188 0.558594 0.496094 0.5625 0.496094 0.578125 0.511719 0.585938 0.511719 0.589844 0.515625 0.589844 0.511719 0.59375 0.507812 0.59375 0.503906 0.601562 0.496094 0.609375 0.496094 0.609375 0.464844 0.605469 0.460938 0.605469 0.453125 0.601562 0.449219 0.597656 0.449219 0.59375 0.445312
0 0.972656 0.929688 0.964844 0.9375 0.957031 0.9375 0.941406 0.953125 0.941406 0.972656 0.949219 0.980469 0.953125 0.980469 0.957031 0.984375 0.960938 0.984375 0.964844 0.980469 0.980469 0.980469 0.988281 0.972656 0.996094 0.972656 0.996094 0.941406 0.988281 0.933594 0.980469 0.933594 0.976562 0.929688
0 0.453125 0.847656 0.449219 0.851562 0.449219 0.855469 0.441406 0.863281 0.4375 0.863281 0.433594 0.867188 0.433594 0.871094 0.429688 0.875 0.429688 0.878906 0.425781 0.882812 0.425781 0.886719 0.429688 0.890625 0.429688 0.894531 0.433594 0.898438 0.433594 0.902344 0.4375 0.90625 0.4375 0.921875 0.453125 0.9375 0.460938 0.9375 0.464844 0.941406 0.492188 0.941406 0.5 0.933594 0.5 0.929688 0.507812 0.921875 0.507812 0.914062 0.515625 0.90625 0.507812 0.898438 0.507812 0.890625 0.496094 0.878906 0.496094 0.863281 0.492188 0.859375 0.488281 0.859375 0.480469 0.851562 0.472656 0.851562 0.46875 0.847656
0 0.480469 0.699219 0.476562 0.703125 0.472656 0.703125 0.460938 0.714844 0.460938 0.734375 0.476562 0.75 0.480469 0.75 0.484375 0.753906 0.492188 0.753906 0.5 0.761719 0.5 0.785156 0.503906 0.789062 0.503906 0.796875 0.511719 0.804688 0.546875 0.804688 0.550781 0.800781 0.550781 0.765625 0.542969 0.757812 0.542969 0.753906 0.539062 0.75 0.535156 0.75 0.53125 0.746094 0.519531 0.746094 0.511719 0.738281 0.511719 0.734375 0.515625 0.730469 0.515625 0.726562 0.511719 0.722656 0.511719 0.714844 0.5 0.703125 0.492188 0.703125 0.488281 0.699219
0 0.859375 0.496094 0.851562 0.503906 0.847656 0.503906 0.84375 0.507812 0.839844 0.507812 0.835938 0.511719 0.835938 0.515625 0.832031 0.519531 0.832031 0.558594 0.835938 0.5625 0.835938 0.566406 0.839844 0.570312 0.894531 0.570312 0.898438 0.566406 0.902344 0.566406 0.90625 0.5625 0.90625 0.558594 0.910156 0.554688 0.910156 0.539062 0.90625 0.535156 0.90625 0.515625 0.898438 0.507812 0.894531 0.507812 0.882812 0.496094
0 0.226562 0.824219 0.222656 0.828125 0.21875 0.828125 0.214844 0.832031 0.210938 0.832031 0.195312 0.847656 0.195312 0.859375 0.191406 0.863281 0.191406 0.875 0.195312 0.878906 0.195312 0.890625 0.203125 0.898438 0.207031 0.898438 0.214844 0.90625 0.246094 0.90625 0.25 0.902344 0.253906 0.902344 0.269531 0.886719 0.269531 0.882812 0.273438 0.878906 0.273438 0.855469 0.265625 0.847656 0.265625 0.84375 0.261719 0.839844 0.261719 0.835938 0.253906 0.828125 0.25 0.828125 0.246094 0.824219
0 0.792969 0.0234375 0.789062 0.0273438 0.753906 0.0273438 0.746094 0.0351562 0.742188 0.0351562 0.734375 0.0429688 0.730469 0.0429688 0.730469 0.0664062 0.734375 0.0703125 0.734375 0.0742188 0.738281 0.078125 0.738281 0.0859375 0.742188 0.0898438 0.765625 0.0898438 0.769531 0.0859375 0.777344 0.0859375 0.78125 0.0820312 0.785156 0.0820312 0.804688 0.0625 0.804688 0.0390625 0.796875 0.03125 0.796875 0.0273438
0 0.351562 0.65625 0.347656 0.660156 0.34375 0.660156 0.328125 0.675781 0.328125 0.679688 0.324219 0.683594 0.324219 0.703125 0.328125 0.707031 0.328125 0.710938 0.332031 0.714844 0.335938 0.714844 0.34375 0.722656 0.34375 0.726562 0.347656 0.730469 0.359375 0.730469 0.363281 0.734375 0.371094 0.734375 0.375 0.730469 0.378906 0.730469 0.382812 0.726562 0.386719 0.726562 0.398438 0.714844 0.398438 0.710938 0.402344 0.707031 0.402344 0.691406 0.398438 0.6875 0.398438 0.679688 0.390625 0.671875 0.390625 0.667969 0.378906 0.65625
0 0.777344 0.402344 0.773438 0.40625 0.769531 0.40625 0.769531 0.410156 0.757812 0.421875 0.757812 0.429688 0.753906 0.433594 0.753906 0.441406 0.757812 0.445312 0.757812 0.457031 0.761719 0.460938 0.761719 0.464844 0.765625 0.46875 0.769531 0.46875 0.773438 0.472656 0.785156 0.472656 0.789062 0.46875 0.792969 0.472656 0.800781 0.472656 0.808594 0.464844 0.816406 0.464844 0.820312 0.460938 0.820312 0.445312 0.824219 0.441406 0.824219 0.433594 0.820312 0.429688 0.820312 0.421875 0.8125 0.421875 0.800781 0.410156 0.796875 0.410156 0.792969 0.40625 0.78125 0.40625
0 0.9375 0.6875 0.933594 0.691406 0.898438 0.691406 0.878906 0.710938 0.878906 0.742188 0.902344 0.765625 0.90625 0.765625 0.910156 0.769531 0.9375 0.769531 0.941406 0.773438 0.96875 0.773438 0.988281 0.753906 0.988281 0.726562 0.984375 0.722656 0.984375 0.71875 0.957031 0.691406 0.949219 0.691406 0.945312 0.6875
0 0.125 0.492188 0.121094 0.496094 0.117188 0.496094 0.109375 0.503906 0.109375 0.507812 0.105469 0.511719 0.105469 0.515625 0.101562 0.519531 0.101562 0.523438 0.0976562 0.527344 0.0976562 0.539062 0.101562 0.542969 0.101562 0.550781 0.105469 0.554688 0.105469 0.558594 0.117188 0.570312 0.121094 0.570312 0.125 0.574219 0.144531 0.574219 0.148438 0.570312 0.15625 0.570312 0.160156 0.566406 0.167969 0.566406 0.171875 0.5625 0.171875 0.558594 0.179688 0.550781 0.179688 0.539062 0.183594 0.535156 0.183594 0.527344 0.179688 0.523438 0.179688 0.515625 0.167969 0.503906 0.164062 0.503906 0.160156 0.5 0.15625 0.5 0.148438 0.492188
0 0.617188 0.570312 0.613281 0.574219 0.609375 0.574219 0.605469 0.578125 0.601562 0.578125 0.597656 0.582031 0.59375 0.582031 0.585938 0.589844 0.585938 0.605469 0.589844 0.609375 0.589844 0.613281 0.59375 0.617188 0.597656 0.617188 0.605469 0.625 0.625 0.625 0.628906 0.621094 0.632812 0.621094 0.636719 0.625 0.640625 0.621094 0.644531 0.625 0.648438 0.625 0.65625 0.617188 0.660156 0.617188 0.664062 0.621094 0.664062 0.648438 0.679688 0.664062 0.726562 0.664062 0.730469 0.660156 0.734375 0.660156 0.75 0.644531 0.75 0.613281 0.746094 0.609375 0.742188 0.609375 0.734375 0.601562 0.71875 0.601562 0.714844 0.597656 0.679688 0.597656 0.664062 0.613281 0.660156 0.609375 0.660156 0.605469 0.65625 0.601562 0.65625 0.59375 0.644531 0.582031 0.640625 0.582031 0.632812 0.574219 0.628906 0.574219 0.625 0.570312
0 0.902344 0.78125 0.898438 0.785156 0.894531 0.785156 0.890625 0.789062 0.886719 0.789062 0.882812 0.792969 0.878906 0.792969 0.875 0.796875 0.871094 0.796875 0.871094 0.800781 0.867188 0.804688 0.867188 0.808594 0.863281 0.8125 0.863281 0.816406 0.867188 0.820312 0.867188 0.824219 0.871094 0.828125 0.871094 0.835938 0.875 0.835938 0.878906 0.839844 0.878906 0.84375 0.890625 0.84375 0.894531 0.839844 0.925781 0.839844 0.929688 0.835938 0.9375 0.835938 0.945312 0.828125 0.945312 0.796875 0.941406 0.792969 0.9375 0.792969 0.925781 0.78125 0.921875 0.785156 0.917969 0.785156 0.914062 0.78125
0 0.988281 0.199219 0.984375 0.203125 0.984375 0.230469 0.988281 0.234375 0.996094 0.234375 0.996094 0.199219
0 0.371094 0.917969 0.359375 0.929688 0.359375 0.945312 0.355469 0.949219 0.355469 0.964844 0.359375 0.96875 0.359375 0.976562 0.363281 0.980469 0.363281 0.988281 0.367188 0.992188 0.371094 0.992188 0.375 0.996094 0.417969 0.996094 0.425781 0.988281 0.425781 0.984375 0.429688 0.980469 0.429688 0.953125 0.433594 0.949219 0.433594 0.941406 0.417969 0.925781 0.414062 0.925781 0.410156 0.921875 0.402344 0.921875 0.398438 0.917969
0 0.972656 0.367188 0.96875 0.371094 0.964844 0.371094 0.960938 0.375 0.957031 0.375 0.953125 0.378906 0.953125 0.414062 0.957031 0.417969 0.957031 0.441406 0.972656 0.457031 0.988281 0.457031 0.992188 0.460938 0.992188 0.488281 0.996094 0.488281 0.996094 0.371094 0.992188 0.367188
0 0.25 0.707031 0.246094 0.710938 0.238281 0.710938 0.222656 0.726562 0.222656 0.730469 0.21875 0.734375 0.21875 0.757812 0.222656 0.761719 0.222656 0.765625 0.230469 0.773438 0.238281 0.773438 0.242188 0.777344 0.265625 0.777344 0.269531 0.773438 0.277344 0.773438 0.285156 0.765625 0.285156 0.734375 0.277344 0.726562 0.277344 0.722656 0.273438 0.71875 0.269531 0.71875 0.257812 0.707031
