0 0.669025 0.155887 0.665881 0.162521 0.665881 0.164179 0.665094 0.165837 0.665094 0.169154 0.663522 0.172471 0.663522 0.182421 0.662736 0.18408 0.662736 0.187396 0.66195 0.189055 0.66195 0.195688 0.664308 0.200663 0.669025 0.200663 0.670597 0.197347 0.670597 0.195688 0.67217 0.192371 0.67217 0.182421 0.672956 0.180763 0.672956 0.179104 0.673742 0.177446 0.673742 0.172471 0.674528 0.170813 0.674528 0.159204 0.672956 0.155887
0 0.785377 0.651741 0.784591 0.6534 0.783019 0.6534 0.781447 0.656716 0.781447 0.666667 0.783805 0.671642 0.785377 0.671642 0.78695 0.674959 0.789308 0.674959 0.790881 0.678275 0.791667 0.678275 0.792453 0.679934 0.793239 0.679934 0.794025 0.681592 0.799528 0.681592 0.800314 0.679934 0.801887 0.679934 0.802673 0.678275 0.802673 0.6733 0.798742 0.665008 0.797956 0.665008 0.79717 0.66335 0.796384 0.66335 0.794811 0.660033 0.794025 0.660033 0.791667 0.655058 0.790881 0.655058 0.789308 0.651741
0 0.0935535 0.583748 0.0927673 0.585406 0.0927673 0.597015 0.0935535 0.598673 0.0935535 0.600332 0.0959119 0.605307 0.106132 0.605307 0.106918 0.603648 0.108491 0.603648 0.109277 0.605307 0.111635 0.605307 0.112421 0.606965 0.117138 0.606965 0.118711 0.603648 0.118711 0.60199 0.119497 0.600332 0.119497 0.59204 0.117138 0.587065 0.106132 0.587065 0.105346 0.585406 0.0974843 0.585406 0.0966981 0.583748
0 0.606132 0.155887 0.605346 0.157546 0.605346 0.162521 0.603774 0.165837 0.603774 0.169154 0.602987 0.170813 0.602987 0.172471 0.602201 0.174129 0.602201 0.202322 0.60456 0.207297 0.607704 0.207297 0.610849 0.200663 0.610849 0.175788 0.610063 0.174129 0.610063 0.162521 0.609277 0.160862 0.609277 0.159204 0.607704 0.155887
0 0.693396 0.756219 0.69261 0.757877 0.69261 0.782753 0.694969 0.787728 0.694969 0.789386 0.699686 0.799337 0.701258 0.799337 0.702044 0.797678 0.703616 0.797678 0.704403 0.79602 0.704403 0.791045 0.703616 0.789386 0.703616 0.78607 0.702044 0.782753 0.702044 0.777778 0.701258 0.776119 0.701258 0.774461 0.700472 0.772803 0.700472 0.767828 0.699686 0.766169 0.699686 0.764511 0.698899 0.762852 0.698899 0.761194 0.696541 0.756219
0 0.837264 0.558872 0.834119 0.565506 0.834119 0.570481 0.834906 0.572139 0.836478 0.572139 0.837264 0.573798 0.838836 0.573798 0.839623 0.575456 0.841195 0.575456 0.841981 0.577114 0.843553 0.577114 0.84434 0.578773 0.845126 0.578773 0.845912 0.580431 0.849843 0.580431 0.850629 0.58209 0.851415 0.58209 0.852201 0.583748 0.85456 0.583748 0.855346 0.58209 0.856132 0.58209 0.856918 0.580431 0.862421 0.580431 0.863208 0.578773 0.863208 0.567164 0.862421 0.565506 0.849843 0.565506 0.849057 0.563847 0.847484 0.563847 0.846698 0.562189 0.845126 0.562189 0.843553 0.558872
0 0.878145 0.40796 0.877358 0.409619 0.875786 0.409619 0.875 0.411277 0.872642 0.411277 0.871855 0.412935 0.871069 0.412935 0.870283 0.414594 0.86478 0.414594 0.863994 0.416252 0.863208 0.416252 0.862421 0.41791 0.862421 0.424544 0.863994 0.427861 0.86478 0.427861 0.865566 0.429519 0.874214 0.429519 0.875 0.427861 0.876572 0.427861 0.877358 0.426202 0.879717 0.426202 0.882075 0.421227 0.882075 0.411277 0.880503 0.40796
0 0.588836 0.832504 0.588836 0.849088 0.589623 0.850746 0.589623 0.854063 0.591981 0.859038 0.593553 0.859038 0.593553 0.849088 0.591981 0.845771 0.591981 0.842454 0.591195 0.840796 0.591195 0.837479 0.590409 0.835821 0.590409 0.834163 0.589623 0.832504
0 0.724843 0.728027 0.724057 0.729685 0.724057 0.731343 0.724843 0.733002 0.724843 0.73466 0.725629 0.736318 0.725629 0.737977 0.726415 0.739635 0.726415 0.741294 0.728774 0.746269 0.728774 0.747927 0.732704 0.756219 0.732704 0.757877 0.735849 0.764511 0.738208 0.764511 0.738994 0.762852 0.738994 0.761194 0.738208 0.759536 0.738208 0.757877 0.733491 0.747927 0.733491 0.746269 0.72956 0.737977 0.72956 0.736318 0.727201 0.731343 0.727201 0.729685 0.726415 0.728027
0 0.313679 0.252073 0.311321 0.257048 0.311321 0.258706 0.309748 0.262023 0.309748 0.276949 0.311321 0.280265 0.311321 0.28524 0.312107 0.286899 0.312107 0.288557 0.312893 0.290216 0.312893 0.291874 0.314465 0.295191 0.314465 0.296849 0.315252 0.298507 0.316038 0.298507 0.316824 0.300166 0.322327 0.300166 0.323113 0.298507 0.323113 0.296849 0.323899 0.295191 0.323899 0.28524 0.323113 0.283582 0.323113 0.271973 0.321541 0.268657 0.321541 0.26534 0.318396 0.258706 0.318396 0.25539 0.316824 0.252073
0 0.553459 0.170813 0.551887 0.174129 0.551887 0.175788 0.551101 0.177446 0.551101 0.180763 0.550314 0.182421 0.550314 0.202322 0.551101 0.20398 0.552673 0.20398 0.554245 0.200663 0.554245 0.170813
0 0.293239 0.258706 0.292453 0.260365 0.292453 0.263682 0.291667 0.26534 0.291667 0.268657 0.292453 0.270315 0.292453 0.271973 0.293239 0.273632 0.293239 0.276949 0.294025 0.278607 0.294025 0.290216 0.294811 0.291874 0.294811 0.295191 0.295597 0.296849 0.295597 0.300166 0.296384 0.301824 0.296384 0.303483 0.29717 0.305141 0.29717 0.310116 0.299528 0.315091 0.300314 0.315091 0.301887 0.311774 0.301887 0.298507 0.301101 0.296849 0.301101 0.283582 0.300314 0.281924 0.300314 0.271973 0.299528 0.270315 0.299528 0.268657 0.298742 0.266998 0.298742 0.26534 0.296384 0.260365 0.295597 0.260365 0.294811 0.258706
0 0.766509 0.19403 0.765723 0.195688 0.764151 0.195688 0.763365 0.197347 0.762579 0.197347 0.758648 0.205638 0.758648 0.207297 0.757862 0.208955 0.757862 0.212272 0.756289 0.215589 0.756289 0.235489 0.757075 0.237148 0.762579 0.237148 0.764937 0.232172 0.764937 0.223881 0.765723 0.222222 0.765723 0.215589 0.766509 0.21393 0.766509 0.210614 0.768082 0.207297 0.768082 0.20398 0.768868 0.202322 0.768868 0.195688 0.768082 0.19403
0 0.768082 0.679934 0.767296 0.681592 0.767296 0.689884 0.768868 0.693201 0.768868 0.694859 0.772799 0.703151 0.772799 0.704809 0.773585 0.706468 0.774371 0.706468 0.778302 0.71476 0.779088 0.71476 0.779874 0.716418 0.781447 0.716418 0.782233 0.718076 0.783805 0.718076 0.785377 0.71476 0.785377 0.703151 0.783805 0.699834 0.783805 0.698176 0.781447 0.693201 0.781447 0.691542 0.778302 0.684909 0.777516 0.684909 0.775943 0.681592 0.775157 0.681592 0.774371 0.679934
0 0.321541 0.850746 0.319969 0.854063 0.319969 0.855721 0.319182 0.85738 0.319182 0.862355 0.31761 0.865672 0.31761 0.882255 0.319969 0.887231 0.322327 0.887231 0.323113 0.885572 0.323113 0.882255 0.323899 0.880597 0.323899 0.873964 0.323113 0.872305 0.323113 0.852405 0.322327 0.850746
0 0.300314 0.827529 0.298742 0.830846 0.298742 0.842454 0.297956 0.844113 0.297956 0.854063 0.298742 0.855721 0.298742 0.865672 0.297956 0.86733 0.297956 0.870647 0.29717 0.872305 0.29717 0.873964 0.296384 0.875622 0.296384 0.878939 0.295597 0.880597 0.295597 0.892206 0.29717 0.895522 0.300314 0.895522 0.302673 0.890547 0.302673 0.887231 0.303459 0.885572 0.303459 0.872305 0.302673 0.870647 0.302673 0.855721 0.301887 0.854063 0.301887 0.834163 0.302673 0.832504 0.302673 0.829187 0.301887 0.827529
0 0.446541 0.187396 0.445755 0.189055 0.445755 0.190713 0.444969 0.192371 0.444969 0.207297 0.443396 0.210614 0.443396 0.228856 0.44261 0.230514 0.44261 0.238806 0.443396 0.240464 0.447327 0.240464 0.448113 0.238806 0.448899 0.238806 0.449686 0.237148 0.45283 0.237148 0.453616 0.235489 0.453616 0.195688 0.45283 0.19403 0.45283 0.192371 0.452044 0.190713 0.451258 0.190713 0.450472 0.189055 0.449686 0.189055 0.448899 0.187396
0 0.712264 0.160862 0.711478 0.162521 0.710692 0.162521 0.708333 0.167496 0.708333 0.169154 0.705189 0.175788 0.705189 0.177446 0.704403 0.179104 0.704403 0.180763 0.703616 0.182421 0.703616 0.18408 0.70283 0.185738 0.70283 0.20398 0.704403 0.207297 0.704403 0.208955 0.705189 0.210614 0.708333 0.210614 0.711478 0.20398 0.711478 0.202322 0.712264 0.200663 0.712264 0.197347 0.71305 0.195688 0.71305 0.190713 0.713836 0.189055 0.713836 0.187396 0.714623 0.185738 0.714623 0.182421 0.715409 0.180763 0.715409 0.179104 0.716195 0.177446 0.716195 0.172471 0.716981 0.170813 0.716981 0.164179 0.715409 0.160862
0 0.125 0.674959 0.124214 0.676617 0.124214 0.678275 0.123428 0.679934 0.123428 0.686567 0.124214 0.688226 0.127358 0.688226 0.128145 0.686567 0.129717 0.686567 0.130503 0.684909 0.131289 0.684909 0.132862 0.681592 0.132862 0.678275 0.131289 0.674959
0 0.416667 0.84743 0.415094 0.850746 0.415094 0.852405 0.413522 0.855721 0.413522 0.864013 0.412736 0.865672 0.412736 0.885572 0.41195 0.887231 0.41195 0.898839 0.412736 0.900498 0.412736 0.902156 0.414308 0.905473 0.415881 0.905473 0.417453 0.902156 0.418239 0.902156 0.419025 0.900498 0.420597 0.900498 0.421384 0.898839 0.42217 0.898839 0.423742 0.895522 0.423742 0.893864 0.424528 0.892206 0.424528 0.875622 0.423742 0.873964 0.423742 0.860697 0.422956 0.859038 0.422956 0.854063 0.42217 0.852405 0.42217 0.849088 0.421384 0.84743
0 0.256289 0.28524 0.255503 0.286899 0.254717 0.286899 0.253145 0.290216 0.253145 0.295191 0.254717 0.298507 0.254717 0.305141 0.255503 0.306799 0.255503 0.308458 0.256289 0.310116 0.256289 0.313433 0.257862 0.31675 0.257862 0.318408 0.259434 0.321725 0.259434 0.323383 0.26022 0.325041 0.26022 0.3267 0.264937 0.33665 0.269654 0.33665 0.271226 0.333333 0.271226 0.331675 0.27044 0.330017 0.27044 0.328358 0.269654 0.3267 0.269654 0.325041 0.268868 0.323383 0.268868 0.321725 0.268082 0.320066 0.268082 0.318408 0.266509 0.315091 0.266509 0.311774 0.265723 0.310116 0.265723 0.308458 0.264937 0.306799 0.264937 0.305141 0.263365 0.301824 0.263365 0.298507 0.261006 0.293532 0.261006 0.291874 0.257862 0.28524
0 0.259434 0.817579 0.258648 0.819237 0.257862 0.819237 0.255503 0.824212 0.255503 0.825871 0.253931 0.829187 0.253931 0.835821 0.253145 0.837479 0.253145 0.852405 0.253931 0.854063 0.255503 0.854063 0.256289 0.852405 0.257862 0.852405 0.259434 0.849088 0.259434 0.84743 0.262579 0.840796 0.262579 0.839138 0.263365 0.837479 0.263365 0.819237 0.262579 0.817579
0 0.340409 0.860697 0.339623 0.862355 0.339623 0.864013 0.33805 0.86733 0.33805 0.872305 0.337264 0.873964 0.337264 0.878939 0.336478 0.880597 0.336478 0.897181 0.337264 0.898839 0.337264 0.903814 0.338836 0.907131 0.341981 0.907131 0.343553 0.903814 0.343553 0.900498 0.34434 0.898839 0.34434 0.893864 0.345126 0.892206 0.345126 0.880597 0.345912 0.878939 0.345912 0.872305 0.345126 0.870647 0.345126 0.86733 0.341981 0.860697
0 0.511792 0.162521 0.511006 0.164179 0.511006 0.167496 0.51022 0.169154 0.51022 0.180763 0.509434 0.182421 0.509434 0.200663 0.51022 0.202322 0.51022 0.205638 0.513365 0.212272 0.513365 0.21393 0.514937 0.217247 0.518082 0.217247 0.52044 0.212272 0.52044 0.210614 0.521226 0.208955 0.521226 0.200663 0.52044 0.199005 0.52044 0.195688 0.519654 0.19403 0.519654 0.189055 0.518868 0.187396 0.518868 0.185738 0.518082 0.18408 0.518082 0.179104 0.517296 0.177446 0.517296 0.170813 0.516509 0.169154 0.516509 0.165837 0.514937 0.162521
0 0.330975 0.235489 0.329403 0.238806 0.329403 0.242123 0.331761 0.247098 0.331761 0.257048 0.332547 0.258706 0.332547 0.266998 0.333333 0.268657 0.333333 0.281924 0.334906 0.28524 0.334906 0.288557 0.337264 0.293532 0.338836 0.293532 0.339623 0.295191 0.343553 0.295191 0.34434 0.293532 0.34434 0.291874 0.345126 0.290216 0.345126 0.283582 0.34434 0.281924 0.34434 0.280265 0.340409 0.271973 0.340409 0.26534 0.339623 0.263682 0.339623 0.248756 0.337264 0.243781 0.337264 0.242123 0.334119 0.235489
0 0.59827 0.804312 0.597484 0.80597 0.597484 0.825871 0.599057 0.829187 0.599057 0.832504 0.599843 0.834163 0.599843 0.835821 0.600629 0.837479 0.600629 0.852405 0.602201 0.855721 0.603774 0.855721 0.60456 0.85738 0.607704 0.85738 0.610849 0.850746 0.610849 0.849088 0.610063 0.84743 0.610063 0.844113 0.609277 0.842454 0.609277 0.837479 0.608491 0.835821 0.608491 0.834163 0.607704 0.832504 0.607704 0.824212 0.606132 0.820896 0.606132 0.81592 0.605346 0.814262 0.605346 0.812604 0.601415 0.804312
0 0.775157 0.195688 0.774371 0.197347 0.774371 0.199005 0.773585 0.200663 0.773585 0.202322 0.772013 0.205638 0.772013 0.208955 0.77044 0.212272 0.77044 0.217247 0.769654 0.218905 0.769654 0.222222 0.768868 0.223881 0.768868 0.227197 0.767296 0.230514 0.767296 0.245439 0.768082 0.247098 0.77044 0.247098 0.771226 0.245439 0.771226 0.243781 0.773585 0.238806 0.773585 0.237148 0.775157 0.233831 0.775157 0.232172 0.775943 0.230514 0.775943 0.228856 0.77673 0.227197 0.77673 0.225539 0.777516 0.223881 0.777516 0.220564 0.779088 0.217247 0.779088 0.215589 0.779874 0.21393 0.779874 0.212272 0.78066 0.210614 0.78066 0.197347 0.779874 0.195688
0 0.41195 0.197347 0.410377 0.200663 0.410377 0.20398 0.408805 0.207297 0.408805 0.215589 0.408019 0.217247 0.408019 0.243781 0.408805 0.245439 0.408805 0.247098 0.410377 0.250415 0.411164 0.250415 0.412736 0.253731 0.415881 0.253731 0.416667 0.252073 0.416667 0.250415 0.417453 0.248756 0.417453 0.245439 0.418239 0.243781 0.418239 0.220564 0.417453 0.218905 0.417453 0.212272 0.416667 0.210614 0.416667 0.208955 0.415881 0.207297 0.415881 0.202322 0.413522 0.197347
0 0.733491 0.172471 0.732704 0.174129 0.731918 0.174129 0.727987 0.182421 0.727987 0.18408 0.726415 0.187396 0.726415 0.189055 0.725629 0.190713 0.725629 0.192371 0.724843 0.19403 0.724843 0.195688 0.72327 0.199005 0.72327 0.21393 0.724843 0.217247 0.724843 0.218905 0.725629 0.220564 0.730346 0.220564 0.731918 0.217247 0.731918 0.215589 0.732704 0.21393 0.732704 0.210614 0.733491 0.208955 0.733491 0.20398 0.734277 0.202322 0.734277 0.199005 0.735063 0.197347 0.735063 0.189055 0.735849 0.187396 0.735849 0.185738 0.736635 0.18408 0.736635 0.182421 0.737421 0.180763 0.737421 0.179104 0.738208 0.177446 0.738208 0.175788 0.736635 0.172471
0 0.788522 0.207297 0.787736 0.208955 0.786164 0.208955 0.784591 0.212272 0.783805 0.212272 0.783019 0.21393 0.783019 0.215589 0.779874 0.222222 0.779874 0.227197 0.778302 0.230514 0.778302 0.233831 0.777516 0.235489 0.777516 0.237148 0.77673 0.238806 0.77673 0.245439 0.778302 0.248756 0.779874 0.248756 0.78066 0.247098 0.781447 0.247098 0.784591 0.240464 0.784591 0.238806 0.786164 0.235489 0.786164 0.233831 0.788522 0.228856 0.788522 0.227197 0.789308 0.225539 0.789308 0.223881 0.790881 0.220564 0.790881 0.210614 0.789308 0.207297
0 0.30739 0.830846 0.305031 0.835821 0.305031 0.840796 0.304245 0.842454 0.304245 0.854063 0.303459 0.855721 0.303459 0.870647 0.304245 0.872305 0.304245 0.873964 0.305818 0.87728 0.306604 0.87728 0.308176 0.873964 0.308962 0.873964 0.310535 0.870647 0.310535 0.868988 0.311321 0.86733 0.311321 0.864013 0.312107 0.862355 0.312107 0.860697 0.312893 0.859038 0.312893 0.855721 0.313679 0.854063 0.313679 0.842454 0.312893 0.840796 0.312893 0.839138 0.308962 0.830846
0 0.540094 0.840796 0.539308 0.842454 0.539308 0.844113 0.537736 0.84743 0.537736 0.852405 0.538522 0.854063 0.538522 0.859038 0.539308 0.860697 0.539308 0.862355 0.541667 0.86733 0.541667 0.872305 0.542453 0.873964 0.542453 0.878939 0.543239 0.880597 0.543239 0.885572 0.544025 0.887231 0.544025 0.888889 0.545597 0.892206 0.545597 0.893864 0.546384 0.895522 0.54717 0.895522 0.551101 0.887231 0.551101 0.873964 0.550314 0.872305 0.550314 0.85738 0.549528 0.855721 0.549528 0.854063 0.548742 0.852405 0.548742 0.849088 0.547956 0.84743 0.547956 0.845771 0.545597 0.840796
0 0.360849 0.854063 0.359277 0.85738 0.359277 0.859038 0.358491 0.860697 0.358491 0.870647 0.357704 0.872305 0.357704 0.892206 0.358491 0.893864 0.358491 0.898839 0.359277 0.900498 0.359277 0.902156 0.360063 0.903814 0.360063 0.905473 0.361635 0.908789 0.362421 0.908789 0.363994 0.905473 0.363994 0.903814 0.36478 0.902156 0.36478 0.900498 0.365566 0.898839 0.365566 0.895522 0.366352 0.893864 0.366352 0.890547 0.367138 0.888889 0.367138 0.859038 0.36478 0.854063
0 0.205975 0.782753 0.205189 0.784411 0.205189 0.78607 0.204403 0.787728 0.204403 0.789386 0.202044 0.794362 0.202044 0.79602 0.201258 0.797678 0.201258 0.799337 0.200472 0.800995 0.200472 0.802653 0.199686 0.804312 0.199686 0.807629 0.198899 0.809287 0.198899 0.812604 0.198113 0.814262 0.198113 0.820896 0.197327 0.822554 0.197327 0.825871 0.196541 0.827529 0.196541 0.834163 0.198899 0.839138 0.202044 0.839138 0.20283 0.837479 0.203616 0.837479 0.205975 0.832504 0.205975 0.830846 0.206761 0.829187 0.206761 0.822554 0.207547 0.820896 0.207547 0.80597 0.208333 0.804312 0.208333 0.784411 0.207547 0.784411 0.206761 0.782753
0 0.778302 0.66335 0.777516 0.665008 0.777516 0.671642 0.781447 0.679934 0.781447 0.681592 0.785377 0.689884 0.786164 0.689884 0.787736 0.693201 0.788522 0.693201 0.790094 0.696517 0.792453 0.696517 0.793239 0.694859 0.793239 0.691542 0.792453 0.689884 0.792453 0.688226 0.788522 0.679934 0.78695 0.679934 0.779088 0.66335
0 0.620283 0.792703 0.619497 0.794362 0.619497 0.799337 0.620283 0.800995 0.620283 0.804312 0.621069 0.80597 0.621069 0.812604 0.622642 0.81592 0.622642 0.824212 0.623428 0.825871 0.623428 0.829187 0.624214 0.830846 0.624214 0.832504 0.625786 0.835821 0.625786 0.837479 0.628145 0.842454 0.628931 0.842454 0.630503 0.845771 0.632075 0.845771 0.633648 0.842454 0.633648 0.835821 0.632862 0.834163 0.632862 0.824212 0.632075 0.822554 0.632075 0.817579 0.631289 0.81592 0.631289 0.807629 0.630503 0.80597 0.630503 0.804312 0.629717 0.802653 0.629717 0.799337 0.628931 0.799337 0.625786 0.792703
0 0.579403 0.154229 0.578616 0.155887 0.578616 0.180763 0.579403 0.182421 0.579403 0.200663 0.580189 0.202322 0.580975 0.202322 0.580975 0.189055 0.581761 0.187396 0.581761 0.18408 0.582547 0.182421 0.582547 0.177446 0.583333 0.175788 0.583333 0.157546 0.581761 0.154229
0 0.215409 0.800995 0.212264 0.807629 0.212264 0.810945 0.210692 0.814262 0.210692 0.81592 0.209906 0.817579 0.209906 0.820896 0.209119 0.822554 0.209119 0.825871 0.208333 0.827529 0.208333 0.829187 0.207547 0.830846 0.207547 0.840796 0.208333 0.842454 0.214623 0.842454 0.216195 0.839138 0.216981 0.839138 0.218553 0.835821 0.218553 0.830846 0.220126 0.827529 0.220126 0.812604 0.21934 0.810945 0.21934 0.80597 0.216981 0.800995
0 0.110063 0.678275 0.108491 0.681592 0.106918 0.681592 0.102201 0.691542 0.102201 0.696517 0.103774 0.699834 0.107704 0.699834 0.108491 0.698176 0.110063 0.698176 0.110849 0.696517 0.115566 0.696517 0.116352 0.694859 0.119497 0.694859 0.121855 0.689884 0.121855 0.688226 0.122642 0.686567 0.122642 0.68325 0.121855 0.68325 0.121069 0.681592 0.120283 0.681592 0.118711 0.678275
0 0.279088 0.301824 0.278302 0.303483 0.278302 0.325041 0.279874 0.328358 0.279874 0.333333 0.28066 0.334992 0.282233 0.334992 0.283019 0.333333 0.283019 0.318408 0.282233 0.31675 0.282233 0.306799 0.279874 0.301824
0 0.224843 0.306799 0.224057 0.308458 0.224057 0.311774 0.224843 0.313433 0.224843 0.320066 0.225629 0.321725 0.225629 0.323383 0.226415 0.325041 0.226415 0.330017 0.233491 0.344942 0.234277 0.344942 0.237421 0.351575 0.23978 0.351575 0.23978 0.3466 0.240566 0.344942 0.240566 0.339967 0.23978 0.338308 0.23978 0.334992 0.238994 0.333333 0.238994 0.331675 0.237421 0.328358 0.237421 0.3267 0.235849 0.323383 0.235849 0.321725 0.234277 0.318408 0.233491 0.318408 0.231918 0.315091 0.231132 0.315091 0.22956 0.311774 0.227987 0.311774 0.225629 0.306799
0 0.210692 0.321725 0.209119 0.325041 0.209119 0.330017 0.209906 0.331675 0.209906 0.33665 0.210692 0.338308 0.210692 0.344942 0.211478 0.3466 0.211478 0.348259 0.212264 0.349917 0.212264 0.351575 0.213836 0.354892 0.213836 0.356551 0.216195 0.361526 0.216195 0.363184 0.218553 0.368159 0.21934 0.368159 0.220912 0.371476 0.222484 0.371476 0.22327 0.369818 0.22327 0.364842 0.222484 0.363184 0.222484 0.361526 0.220912 0.358209 0.220912 0.356551 0.220126 0.354892 0.220126 0.353234 0.21934 0.351575 0.21934 0.333333 0.218553 0.331675 0.218553 0.330017 0.216981 0.3267 0.216981 0.325041 0.215409 0.321725
0 0.343553 0.237148 0.341195 0.242123 0.341195 0.243781 0.340409 0.245439 0.340409 0.263682 0.341195 0.26534 0.341195 0.271973 0.345126 0.280265 0.345126 0.281924 0.346698 0.28524 0.350629 0.28524 0.352201 0.281924 0.352201 0.278607 0.352987 0.276949 0.352987 0.253731 0.352201 0.252073 0.352201 0.248756 0.350629 0.245439 0.350629 0.243781 0.347484 0.237148
0 0.169025 0.371476 0.165881 0.378109 0.165881 0.383085 0.166667 0.384743 0.166667 0.38806 0.167453 0.389718 0.167453 0.393035 0.168239 0.394693 0.168239 0.39801 0.169025 0.399668 0.169025 0.404643 0.169811 0.406302 0.169811 0.411277 0.170597 0.412935 0.170597 0.414594 0.171384 0.416252 0.171384 0.421227 0.17217 0.422886 0.17217 0.424544 0.172956 0.426202 0.172956 0.427861 0.174528 0.431177 0.175314 0.431177 0.176101 0.432836 0.180031 0.432836 0.180818 0.431177 0.181604 0.431177 0.18239 0.429519 0.18239 0.426202 0.183176 0.424544 0.183176 0.419569 0.18239 0.41791 0.18239 0.411277 0.181604 0.409619 0.181604 0.404643 0.180818 0.402985 0.180818 0.399668 0.178459 0.394693 0.178459 0.393035 0.176887 0.389718 0.176887 0.38806 0.176101 0.386401 0.176101 0.384743 0.175314 0.383085 0.175314 0.381426 0.173742 0.378109 0.173742 0.376451 0.17217 0.373134 0.171384 0.373134 0.170597 0.371476
0 0.105346 0.495854 0.10456 0.497512 0.10456 0.499171 0.103774 0.500829 0.103774 0.505804 0.105346 0.509121 0.105346 0.510779 0.106132 0.512438 0.106918 0.512438 0.107704 0.514096 0.108491 0.514096 0.110063 0.517413 0.110849 0.517413 0.112421 0.52073 0.11478 0.52073 0.115566 0.522388 0.120283 0.522388 0.121069 0.52073 0.121069 0.512438 0.117925 0.505804 0.117925 0.504146 0.115566 0.499171 0.11478 0.499171 0.113994 0.497512 0.112421 0.497512 0.111635 0.495854
0 0.106918 0.47927 0.106132 0.480929 0.106132 0.484245 0.107704 0.487562 0.110849 0.487562 0.111635 0.485904 0.111635 0.482587 0.110849 0.480929 0.110063 0.480929 0.109277 0.47927
0 0.430818 0.849088 0.430031 0.850746 0.428459 0.850746 0.426887 0.854063 0.426887 0.855721 0.426101 0.85738 0.426101 0.880597 0.426887 0.882255 0.426887 0.883914 0.427673 0.885572 0.427673 0.888889 0.428459 0.890547 0.428459 0.893864 0.429245 0.895522 0.429245 0.897181 0.431604 0.902156 0.433962 0.902156 0.435535 0.898839 0.435535 0.897181 0.436321 0.895522 0.436321 0.892206 0.437107 0.890547 0.437107 0.87728 0.437893 0.875622 0.437893 0.86733 0.438679 0.865672 0.438679 0.862355 0.437893 0.860697 0.437893 0.85738 0.434748 0.850746 0.433962 0.850746 0.433176 0.849088
0 0.522799 0.155887 0.521226 0.159204 0.521226 0.180763 0.522013 0.182421 0.522013 0.19403 0.522799 0.195688 0.522799 0.20398 0.525157 0.208955 0.529088 0.208955 0.529874 0.207297 0.529874 0.205638 0.53066 0.20398 0.53066 0.189055 0.529874 0.187396 0.529874 0.175788 0.529088 0.174129 0.529088 0.165837 0.528302 0.164179 0.528302 0.162521 0.527516 0.160862 0.527516 0.157546 0.52673 0.155887
0 0.70283 0.737977 0.701258 0.741294 0.701258 0.752902 0.702044 0.754561 0.702044 0.756219 0.703616 0.759536 0.703616 0.761194 0.705189 0.764511 0.705189 0.766169 0.705975 0.767828 0.705975 0.771144 0.707547 0.774461 0.707547 0.777778 0.709906 0.782753 0.710692 0.782753 0.711478 0.784411 0.716981 0.784411 0.718553 0.781095 0.718553 0.772803 0.717767 0.771144 0.717767 0.766169 0.716195 0.762852 0.716195 0.761194 0.715409 0.759536 0.715409 0.757877 0.714623 0.756219 0.714623 0.752902 0.713836 0.751244 0.713836 0.747927 0.71305 0.746269 0.712264 0.746269 0.708333 0.737977
0 0.102987 0.6534 0.0990566 0.661692 0.0990566 0.665008 0.0982704 0.666667 0.0982704 0.671642 0.0990566 0.6733 0.100629 0.6733 0.101415 0.674959 0.102201 0.674959 0.102987 0.6733 0.10456 0.6733 0.105346 0.671642 0.110849 0.671642 0.111635 0.6733 0.115566 0.6733 0.116352 0.674959 0.118711 0.674959 0.119497 0.6733 0.121855 0.6733 0.122642 0.671642 0.123428 0.671642 0.124214 0.669983 0.125 0.669983 0.126572 0.666667 0.126572 0.661692 0.124214 0.656716 0.122642 0.656716 0.121855 0.655058 0.109277 0.655058 0.108491 0.6534
0 0.466195 0.845771 0.465409 0.84743 0.465409 0.849088 0.463836 0.852405 0.463836 0.873964 0.464623 0.875622 0.464623 0.878939 0.465409 0.880597 0.465409 0.885572 0.466195 0.887231 0.466195 0.892206 0.46934 0.898839 0.471698 0.898839 0.472484 0.897181 0.47327 0.897181 0.474057 0.895522 0.474057 0.890547 0.474843 0.888889 0.474843 0.878939 0.475629 0.87728 0.475629 0.859038 0.474843 0.85738 0.474843 0.854063 0.474057 0.852405 0.474057 0.850746 0.47327 0.849088 0.47327 0.84743 0.472484 0.845771
0 0.855346 0.519071 0.852987 0.524046 0.852987 0.527363 0.855346 0.532338 0.855346 0.533997 0.860063 0.543947 0.866352 0.543947 0.867138 0.542289 0.868711 0.542289 0.869497 0.54063 0.870283 0.54063 0.871069 0.538972 0.871855 0.538972 0.872642 0.537313 0.872642 0.525705 0.871069 0.522388 0.868711 0.522388 0.867925 0.52073 0.860849 0.52073 0.860063 0.519071
0 0.327044 0.839138 0.326258 0.840796 0.324686 0.840796 0.323899 0.842454 0.323899 0.872305 0.324686 0.873964 0.324686 0.87728 0.327044 0.882255 0.32783 0.882255 0.329403 0.878939 0.329403 0.840796 0.328616 0.839138
0 0.694969 0.167496 0.693396 0.170813 0.693396 0.172471 0.691824 0.175788 0.691824 0.177446 0.688679 0.18408 0.688679 0.185738 0.687893 0.187396 0.687893 0.199005 0.688679 0.200663 0.688679 0.205638 0.691038 0.210614 0.695755 0.210614 0.697327 0.207297 0.697327 0.205638 0.698899 0.202322 0.698899 0.197347 0.699686 0.195688 0.699686 0.19403 0.700472 0.192371 0.700472 0.18408 0.701258 0.182421 0.701258 0.170813 0.699686 0.167496
0 0.0966981 0.698176 0.0959119 0.699834 0.0959119 0.706468 0.0966981 0.708126 0.0974843 0.708126 0.0982704 0.709784 0.101415 0.709784 0.102987 0.706468 0.102987 0.703151 0.100629 0.698176
0 0.318396 0.834163 0.31761 0.835821 0.31761 0.837479 0.316824 0.839138 0.316824 0.840796 0.314465 0.845771 0.314465 0.854063 0.313679 0.855721 0.313679 0.859038 0.312893 0.860697 0.312893 0.862355 0.312107 0.864013 0.312107 0.86733 0.311321 0.868988 0.311321 0.870647 0.308962 0.875622 0.308176 0.875622 0.306604 0.878939 0.306604 0.882255 0.30739 0.883914 0.30739 0.885572 0.308176 0.887231 0.308176 0.888889 0.308962 0.890547 0.309748 0.890547 0.310535 0.888889 0.311321 0.888889 0.313679 0.883914 0.313679 0.882255 0.314465 0.880597 0.314465 0.878939 0.315252 0.87728 0.315252 0.875622 0.316824 0.872305 0.316824 0.860697 0.31761 0.859038 0.31761 0.855721 0.318396 0.854063 0.318396 0.84743 0.319969 0.844113 0.319969 0.835821 0.319182 0.834163
0 0.565252 0.839138 0.564465 0.840796 0.564465 0.842454 0.565252 0.844113 0.565252 0.849088 0.564465 0.850746 0.564465 0.865672 0.565252 0.86733 0.565252 0.868988 0.566824 0.872305 0.56761 0.872305 0.569182 0.868988 0.569182 0.860697 0.568396 0.859038 0.568396 0.854063 0.56761 0.852405 0.56761 0.842454 0.566038 0.839138
0 0.554245 0.159204 0.553459 0.160862 0.553459 0.164179 0.555031 0.167496 0.555031 0.200663 0.555818 0.202322 0.555818 0.205638 0.556604 0.207297 0.558176 0.207297 0.559748 0.20398 0.559748 0.164179 0.558176 0.160862 0.55739 0.160862 0.556604 0.159204
0 0.35456 0.223881 0.353774 0.225539 0.353774 0.227197 0.352987 0.228856 0.352987 0.252073 0.353774 0.253731 0.353774 0.262023 0.355346 0.26534 0.355346 0.270315 0.356918 0.273632 0.357704 0.273632 0.360063 0.278607 0.362421 0.278607 0.363208 0.276949 0.36478 0.276949 0.365566 0.27529 0.365566 0.273632 0.366352 0.271973 0.366352 0.262023 0.365566 0.260365 0.365566 0.25539 0.36478 0.253731 0.36478 0.250415 0.363994 0.248756 0.363994 0.242123 0.363208 0.240464 0.363208 0.237148 0.362421 0.235489 0.362421 0.230514 0.359277 0.223881
0 0.423742 0.199005 0.422956 0.200663 0.422956 0.20398 0.42217 0.205638 0.42217 0.208955 0.421384 0.210614 0.421384 0.215589 0.420597 0.217247 0.420597 0.220564 0.419811 0.222222 0.419811 0.228856 0.420597 0.230514 0.420597 0.232172 0.421384 0.233831 0.421384 0.238806 0.422956 0.242123 0.422956 0.243781 0.423742 0.245439 0.423742 0.247098 0.424528 0.248756 0.424528 0.250415 0.426887 0.25539 0.431604 0.25539 0.43239 0.253731 0.43239 0.252073 0.433176 0.250415 0.433176 0.228856 0.431604 0.225539 0.431604 0.223881 0.430818 0.222222 0.430818 0.220564 0.430031 0.218905 0.430031 0.217247 0.428459 0.21393 0.428459 0.212272 0.427673 0.210614 0.427673 0.208955 0.426101 0.205638 0.426101 0.20398 0.425314 0.202322 0.425314 0.200663 0.424528 0.199005
0 0.208333 0.844113 0.205975 0.849088 0.205975 0.854063 0.206761 0.855721 0.210692 0.855721 0.21305 0.850746 0.21305 0.84743 0.211478 0.844113
0 0.843553 0.535655 0.841195 0.54063 0.840409 0.54063 0.839623 0.542289 0.839623 0.547264 0.841195 0.55058 0.841981 0.55058 0.842767 0.552239 0.843553 0.552239 0.84434 0.553897 0.847484 0.553897 0.84827 0.555556 0.849057 0.555556 0.849843 0.557214 0.852987 0.557214 0.853774 0.555556 0.85456 0.555556 0.855346 0.553897 0.856918 0.553897 0.859277 0.548922 0.859277 0.543947 0.856132 0.537313 0.849843 0.537313 0.849057 0.535655
0 0.291667 0.834163 0.290881 0.835821 0.290881 0.839138 0.289308 0.842454 0.289308 0.844113 0.288522 0.845771 0.288522 0.850746 0.287736 0.852405 0.287736 0.868988 0.28695 0.870647 0.28695 0.87728 0.286164 0.878939 0.286164 0.892206 0.28695 0.893864 0.28695 0.897181 0.287736 0.898839 0.290094 0.898839 0.290881 0.897181 0.290881 0.893864 0.290094 0.892206 0.290094 0.882255 0.291667 0.878939 0.291667 0.87728 0.293239 0.873964 0.293239 0.872305 0.294025 0.870647 0.294025 0.868988 0.294811 0.86733 0.294811 0.864013 0.295597 0.862355 0.295597 0.860697 0.296384 0.859038 0.296384 0.855721 0.29717 0.854063 0.29717 0.844113 0.296384 0.842454 0.296384 0.840796 0.295597 0.839138 0.295597 0.837479 0.294025 0.834163
0 0.610849 0.812604 0.610063 0.814262 0.610063 0.822554 0.610849 0.824212 0.610849 0.825871 0.611635 0.827529 0.611635 0.835821 0.612421 0.837479 0.612421 0.839138 0.613208 0.840796 0.613994 0.840796 0.61478 0.839138 0.61478 0.830846 0.613994 0.829187 0.613994 0.824212 0.612421 0.820896 0.612421 0.814262 0.611635 0.812604
0 0.575472 0.820896 0.574686 0.822554 0.574686 0.825871 0.573899 0.827529 0.573899 0.84743 0.574686 0.849088 0.574686 0.85738 0.575472 0.859038 0.575472 0.865672 0.576258 0.86733 0.576258 0.868988 0.577044 0.870647 0.577044 0.873964 0.57783 0.875622 0.578616 0.875622 0.579403 0.87728 0.580189 0.87728 0.580975 0.875622 0.580975 0.868988 0.581761 0.86733 0.581761 0.865672 0.582547 0.864013 0.582547 0.85738 0.583333 0.855721 0.583333 0.844113 0.580975 0.839138 0.580975 0.837479 0.580189 0.835821 0.580189 0.834163 0.579403 0.832504 0.579403 0.829187 0.57783 0.825871 0.57783 0.824212 0.576258 0.820896
0 0.658805 0.150912 0.658019 0.15257 0.657233 0.15257 0.656447 0.154229 0.656447 0.155887 0.65566 0.157546 0.65566 0.162521 0.654874 0.164179 0.654874 0.175788 0.654088 0.177446 0.654088 0.182421 0.652516 0.185738 0.652516 0.197347 0.65173 0.199005 0.65173 0.202322 0.652516 0.20398 0.654874 0.20398 0.65566 0.202322 0.657233 0.202322 0.661164 0.19403 0.661164 0.189055 0.66195 0.187396 0.66195 0.18408 0.662736 0.182421 0.662736 0.155887 0.66195 0.154229 0.66195 0.15257 0.661164 0.150912
0 0.841195 0.283582 0.840409 0.28524 0.838836 0.28524 0.837264 0.288557 0.837264 0.290216 0.833333 0.298507 0.832547 0.298507 0.831761 0.300166 0.830975 0.300166 0.82783 0.306799 0.82783 0.310116 0.829403 0.313433 0.831761 0.313433 0.832547 0.311774 0.834906 0.311774 0.835692 0.310116 0.836478 0.310116 0.838836 0.305141 0.838836 0.303483 0.845912 0.288557 0.845912 0.28524 0.845126 0.283582
0 0.202044 0.341625 0.199686 0.3466 0.199686 0.353234 0.200472 0.354892 0.200472 0.356551 0.201258 0.358209 0.201258 0.361526 0.20283 0.364842 0.20283 0.368159 0.204403 0.371476 0.204403 0.373134 0.205189 0.374793 0.205189 0.376451 0.206761 0.379768 0.206761 0.381426 0.209906 0.38806 0.212264 0.38806 0.21305 0.386401 0.21305 0.379768 0.212264 0.378109 0.212264 0.374793 0.211478 0.373134 0.211478 0.371476 0.210692 0.369818 0.210692 0.368159 0.209906 0.366501 0.209906 0.364842 0.209119 0.363184 0.209119 0.361526 0.208333 0.359867 0.208333 0.354892 0.207547 0.353234 0.207547 0.351575 0.206761 0.349917 0.206761 0.348259 0.205975 0.3466 0.205975 0.344942 0.204403 0.341625
0 0.681604 0.162521 0.676101 0.174129 0.676101 0.175788 0.675314 0.177446 0.675314 0.18408 0.674528 0.185738 0.674528 0.195688 0.675314 0.197347 0.675314 0.200663 0.676101 0.202322 0.676101 0.20398 0.677673 0.207297 0.678459 0.207297 0.680031 0.210614 0.680818 0.210614 0.681604 0.212272 0.684748 0.212272 0.685535 0.210614 0.686321 0.210614 0.687893 0.207297 0.687893 0.200663 0.687107 0.199005 0.687107 0.187396 0.686321 0.185738 0.686321 0.174129 0.687107 0.172471 0.687107 0.164179 0.686321 0.162521
0 0.68239 0.764511 0.681604 0.766169 0.680818 0.766169 0.679245 0.769486 0.679245 0.774461 0.680031 0.776119 0.680031 0.779436 0.680818 0.781095 0.680818 0.789386 0.681604 0.791045 0.681604 0.792703 0.684748 0.799337 0.684748 0.800995 0.689465 0.810945 0.691824 0.810945 0.69261 0.809287 0.693396 0.809287 0.694182 0.807629 0.694182 0.800995 0.693396 0.799337 0.693396 0.797678 0.69261 0.79602 0.69261 0.791045 0.691824 0.789386 0.691824 0.787728 0.691038 0.78607 0.691038 0.784411 0.689465 0.781095 0.689465 0.779436 0.687893 0.776119 0.687893 0.772803 0.686321 0.769486 0.686321 0.766169 0.685535 0.764511
0 0.189465 0.348259 0.187893 0.351575 0.187893 0.364842 0.188679 0.366501 0.188679 0.369818 0.189465 0.371476 0.189465 0.374793 0.190252 0.376451 0.190252 0.378109 0.191824 0.381426 0.191824 0.383085 0.19261 0.384743 0.19261 0.386401 0.194182 0.389718 0.194182 0.391376 0.197327 0.39801 0.198113 0.39801 0.198899 0.399668 0.201258 0.399668 0.202044 0.39801 0.205189 0.39801 0.205975 0.396352 0.206761 0.396352 0.207547 0.394693 0.207547 0.391376 0.202044 0.379768 0.202044 0.376451 0.198899 0.369818 0.198899 0.368159 0.198113 0.366501 0.198113 0.364842 0.197327 0.363184 0.197327 0.361526 0.196541 0.359867 0.196541 0.358209 0.195755 0.356551 0.195755 0.354892 0.19261 0.348259
0 0.248428 0.852405 0.247642 0.854063 0.246069 0.854063 0.242138 0.862355 0.242138 0.868988 0.243711 0.872305 0.243711 0.873964 0.244497 0.875622 0.248428 0.875622 0.249214 0.873964 0.249214 0.86733 0.25 0.865672 0.25 0.864013 0.250786 0.862355 0.250786 0.855721 0.249214 0.852405
0 0.583333 0.817579 0.582547 0.819237 0.582547 0.825871 0.583333 0.827529 0.583333 0.835821 0.584119 0.837479 0.584119 0.852405 0.585692 0.855721 0.586478 0.855721 0.587264 0.85738 0.58805 0.85738 0.588836 0.855721 0.588836 0.850746 0.58805 0.849088 0.58805 0.832504 0.587264 0.830846 0.587264 0.822554 0.584906 0.817579
0 0.551101 0.830846 0.550314 0.832504 0.550314 0.840796 0.551101 0.842454 0.551101 0.845771 0.552673 0.849088 0.552673 0.850746 0.553459 0.852405 0.553459 0.854063 0.554245 0.855721 0.554245 0.85738 0.555031 0.859038 0.555031 0.862355 0.555818 0.864013 0.555818 0.86733 0.556604 0.868988 0.556604 0.873964 0.55739 0.875622 0.558176 0.875622 0.558176 0.862355 0.556604 0.859038 0.556604 0.85738 0.555818 0.855721 0.555818 0.850746 0.555031 0.849088 0.555031 0.845771 0.554245 0.844113 0.554245 0.832504 0.553459 0.830846
0 0.274371 0.825871 0.273585 0.827529 0.272799 0.827529 0.27044 0.832504 0.27044 0.840796 0.269654 0.842454 0.269654 0.845771 0.268868 0.84743 0.268868 0.862355 0.271226 0.86733 0.272013 0.865672 0.274371 0.865672 0.274371 0.864013 0.275943 0.860697 0.275943 0.85738 0.277516 0.854063 0.277516 0.850746 0.278302 0.849088 0.278302 0.845771 0.279088 0.844113 0.279088 0.829187 0.278302 0.827529 0.277516 0.827529 0.27673 0.825871
0 0.224843 0.799337 0.22327 0.802653 0.22327 0.80597 0.222484 0.807629 0.222484 0.809287 0.220912 0.812604 0.220912 0.827529 0.221698 0.829187 0.221698 0.832504 0.22327 0.835821 0.224057 0.835821 0.227201 0.842454 0.227987 0.842454 0.228774 0.840796 0.228774 0.837479 0.230346 0.834163 0.230346 0.830846 0.231132 0.829187 0.231132 0.827529 0.231918 0.825871 0.231918 0.824212 0.232704 0.822554 0.232704 0.820896 0.233491 0.819237 0.233491 0.804312 0.232704 0.802653 0.232704 0.800995 0.231918 0.799337
0 0.737421 0.71476 0.736635 0.716418 0.736635 0.721393 0.737421 0.723051 0.737421 0.72471 0.738994 0.728027 0.738994 0.736318 0.740566 0.739635 0.741352 0.739635 0.742925 0.742952 0.743711 0.742952 0.746855 0.749585 0.747642 0.749585 0.749214 0.752902 0.751572 0.752902 0.753931 0.747927 0.753931 0.739635 0.750786 0.733002 0.750786 0.731343 0.749214 0.728027 0.748428 0.728027 0.745283 0.721393 0.744497 0.721393 0.743711 0.719735 0.742925 0.719735 0.741352 0.716418 0.740566 0.716418 0.73978 0.71476
0 0.136006 0.708126 0.133648 0.713101 0.133648 0.71476 0.132862 0.716418 0.132862 0.723051 0.132075 0.72471 0.132075 0.726368 0.131289 0.728027 0.131289 0.733002 0.130503 0.73466 0.130503 0.736318 0.133648 0.736318 0.134434 0.73466 0.136006 0.73466 0.136792 0.733002 0.137579 0.733002 0.140723 0.726368 0.140723 0.72471 0.142296 0.721393 0.142296 0.713101 0.140723 0.709784 0.139937 0.709784 0.139151 0.708126
0 0.856918 0.286899 0.855346 0.290216 0.85456 0.290216 0.852201 0.295191 0.850629 0.295191 0.849057 0.298507 0.84827 0.298507 0.847484 0.300166 0.846698 0.300166 0.845912 0.301824 0.84434 0.301824 0.843553 0.303483 0.842767 0.303483 0.83805 0.313433 0.83805 0.315091 0.836478 0.318408 0.836478 0.320066 0.835692 0.321725 0.835692 0.323383 0.834906 0.325041 0.834906 0.328358 0.835692 0.330017 0.845912 0.330017 0.846698 0.328358 0.847484 0.328358 0.850629 0.321725 0.850629 0.320066 0.852201 0.31675 0.852201 0.315091 0.853774 0.311774 0.85456 0.311774 0.855346 0.310116 0.856918 0.310116 0.858491 0.306799 0.859277 0.306799 0.860063 0.305141 0.860849 0.305141 0.863208 0.300166 0.863208 0.295191 0.861635 0.291874 0.861635 0.290216 0.860063 0.286899
0 0.636792 0.155887 0.63522 0.159204 0.63522 0.162521 0.634434 0.164179 0.634434 0.165837 0.633648 0.167496 0.633648 0.172471 0.632862 0.174129 0.632862 0.177446 0.633648 0.179104 0.633648 0.199005 0.634434 0.200663 0.634434 0.205638 0.636006 0.208955 0.638365 0.208955 0.639151 0.207297 0.639151 0.20398 0.639937 0.202322 0.639937 0.195688 0.640723 0.19403 0.640723 0.18408 0.641509 0.182421 0.641509 0.165837 0.640723 0.164179 0.640723 0.160862 0.638365 0.155887
0 0.118711 0.457711 0.117925 0.45937 0.117138 0.45937 0.115566 0.462687 0.115566 0.464345 0.11478 0.466003 0.11478 0.46932 0.116352 0.472637 0.117138 0.472637 0.117925 0.474295 0.118711 0.474295 0.119497 0.475954 0.120283 0.475954 0.121855 0.47927 0.123428 0.47927 0.124214 0.480929 0.125 0.480929 0.125786 0.482587 0.126572 0.482587 0.134434 0.499171 0.141509 0.499171 0.142296 0.497512 0.142296 0.495854 0.143082 0.494196 0.143082 0.487562 0.142296 0.485904 0.141509 0.485904 0.140723 0.484245 0.139151 0.484245 0.138365 0.482587 0.137579 0.482587 0.136792 0.480929 0.13522 0.480929 0.124214 0.457711
0 0.0966981 0.563847 0.0959119 0.565506 0.0959119 0.573798 0.0974843 0.577114 0.0990566 0.577114 0.0998428 0.578773 0.102201 0.578773 0.102987 0.580431 0.10456 0.580431 0.105346 0.58209 0.109277 0.58209 0.110063 0.583748 0.116352 0.583748 0.117925 0.580431 0.117925 0.578773 0.117138 0.577114 0.116352 0.577114 0.113994 0.572139 0.113208 0.572139 0.112421 0.570481 0.111635 0.570481 0.110849 0.568823 0.109277 0.568823 0.108491 0.567164 0.107704 0.567164 0.106918 0.565506 0.105346 0.565506 0.10456 0.563847
0 0.149371 0.747927 0.149371 0.749585 0.148585 0.751244 0.147799 0.751244 0.146226 0.754561 0.146226 0.756219 0.14544 0.757877 0.144654 0.757877 0.144654 0.761194 0.143082 0.764511 0.143082 0.766169 0.142296 0.767828 0.141509 0.767828 0.141509 0.769486 0.140723 0.771144 0.140723 0.772803 0.139937 0.774461 0.139937 0.776119 0.138365 0.779436 0.138365 0.781095 0.137579 0.782753 0.137579 0.784411 0.136792 0.78607 0.136792 0.791045 0.136006 0.792703 0.136006 0.794362 0.138365 0.799337 0.139937 0.799337 0.140723 0.800995 0.141509 0.800995 0.142296 0.799337 0.143082 0.799337 0.144654 0.79602 0.14544 0.79602 0.146226 0.794362 0.147013 0.794362 0.147799 0.792703 0.148585 0.792703 0.150157 0.789386 0.150157 0.787728 0.150943 0.78607 0.150943 0.781095 0.15173 0.779436 0.15173 0.774461 0.152516 0.772803 0.152516 0.767828 0.153302 0.766169 0.153302 0.764511 0.154874 0.761194 0.154874 0.759536 0.156447 0.756219 0.156447 0.752902 0.15566 0.751244 0.154874 0.751244 0.153302 0.747927
0 0.0966981 0.515755 0.0943396 0.52073 0.0943396 0.525705 0.0959119 0.529022 0.0966981 0.529022 0.0974843 0.53068 0.0990566 0.53068 0.0998428 0.532338 0.101415 0.532338 0.102201 0.533997 0.103774 0.533997 0.10456 0.535655 0.105346 0.535655 0.106132 0.537313 0.107704 0.537313 0.108491 0.538972 0.110063 0.538972 0.110849 0.54063 0.119497 0.54063 0.120283 0.538972 0.120283 0.533997 0.116352 0.525705 0.11478 0.525705 0.113208 0.522388 0.106918 0.522388 0.105346 0.519071 0.103774 0.519071 0.102987 0.517413 0.102201 0.517413 0.101415 0.515755
0 0.585692 0.159204 0.584119 0.162521 0.584119 0.175788 0.583333 0.177446 0.583333 0.182421 0.582547 0.18408 0.582547 0.187396 0.581761 0.189055 0.581761 0.202322 0.583333 0.205638 0.584906 0.205638 0.586478 0.202322 0.586478 0.200663 0.587264 0.199005 0.587264 0.19403 0.58805 0.192371 0.58805 0.174129 0.587264 0.172471 0.587264 0.160862 0.586478 0.159204
0 0.831761 0.578773 0.830189 0.58209 0.830189 0.590381 0.830975 0.59204 0.830975 0.593698 0.832547 0.597015 0.833333 0.597015 0.834119 0.598673 0.834906 0.598673 0.835692 0.600332 0.837264 0.600332 0.838836 0.603648 0.841981 0.603648 0.842767 0.605307 0.843553 0.605307 0.84434 0.606965 0.849843 0.606965 0.851415 0.603648 0.851415 0.593698 0.849057 0.588723 0.84827 0.588723 0.847484 0.587065 0.846698 0.587065 0.845912 0.585406 0.842767 0.585406 0.841195 0.58209 0.83805 0.58209 0.837264 0.580431 0.836478 0.580431 0.835692 0.578773
0 0.46305 0.180763 0.462264 0.182421 0.462264 0.18408 0.461478 0.185738 0.461478 0.21393 0.462264 0.215589 0.462264 0.222222 0.464623 0.227197 0.465409 0.227197 0.466195 0.225539 0.466981 0.225539 0.467767 0.223881 0.470126 0.223881 0.471698 0.220564 0.471698 0.202322 0.470912 0.200663 0.470912 0.192371 0.470126 0.190713 0.470126 0.189055 0.46934 0.187396 0.46934 0.185738 0.466981 0.180763
0 0.16195 0.759536 0.161164 0.761194 0.159591 0.761194 0.158019 0.764511 0.157233 0.764511 0.15566 0.767828 0.15566 0.769486 0.154088 0.772803 0.154088 0.781095 0.153302 0.782753 0.153302 0.784411 0.152516 0.78607 0.152516 0.79602 0.153302 0.797678 0.156447 0.797678 0.157233 0.79602 0.158019 0.79602 0.160377 0.791045 0.161164 0.791045 0.161164 0.789386 0.162736 0.78607 0.162736 0.784411 0.165881 0.777778 0.165881 0.776119 0.166667 0.774461 0.166667 0.766169 0.165094 0.762852 0.165094 0.761194 0.164308 0.761194 0.163522 0.759536
0 0.0841195 0.593698 0.0825472 0.597015 0.0825472 0.603648 0.0849057 0.608624 0.0872642 0.608624 0.0888365 0.605307 0.0888365 0.597015 0.0872642 0.593698
0 0.091195 0.669983 0.0904088 0.671642 0.0904088 0.676617 0.0919811 0.679934 0.0927673 0.679934 0.0943396 0.68325 0.0951258 0.68325 0.0959119 0.684909 0.0982704 0.684909 0.0990566 0.686567 0.100629 0.686567 0.101415 0.684909 0.101415 0.681592 0.0998428 0.678275 0.0998428 0.676617 0.0974843 0.671642 0.0966981 0.671642 0.0959119 0.669983
0 0.643868 0.791045 0.643082 0.792703 0.643082 0.809287 0.643868 0.810945 0.643868 0.817579 0.644654 0.819237 0.644654 0.822554 0.64544 0.824212 0.64544 0.825871 0.646226 0.827529 0.646226 0.832504 0.647799 0.835821 0.650157 0.835821 0.650943 0.834163 0.650943 0.820896 0.650157 0.819237 0.650157 0.817579 0.649371 0.81592 0.649371 0.814262 0.648585 0.812604 0.648585 0.810945 0.647799 0.809287 0.647799 0.807629 0.647013 0.80597 0.647013 0.799337 0.646226 0.797678 0.646226 0.794362 0.644654 0.791045
0 0.367925 0.218905 0.367138 0.220564 0.365566 0.220564 0.363208 0.225539 0.363208 0.235489 0.363994 0.237148 0.363994 0.240464 0.36478 0.242123 0.36478 0.248756 0.365566 0.250415 0.365566 0.253731 0.366352 0.25539 0.366352 0.260365 0.367138 0.262023 0.367138 0.271973 0.369497 0.276949 0.374214 0.276949 0.375 0.27529 0.375 0.270315 0.374214 0.268657 0.374214 0.25539 0.373428 0.253731 0.373428 0.230514 0.372642 0.228856 0.372642 0.225539 0.371855 0.223881 0.371855 0.222222 0.371069 0.220564 0.370283 0.220564 0.369497 0.218905
0 0.272013 0.86733 0.271226 0.868988 0.271226 0.870647 0.27044 0.872305 0.27044 0.882255 0.271226 0.883914 0.273585 0.883914 0.274371 0.882255 0.275157 0.882255 0.275943 0.880597 0.275943 0.870647 0.274371 0.86733
0 0.285377 0.271973 0.284591 0.273632 0.284591 0.280265 0.285377 0.281924 0.285377 0.283582 0.286164 0.28524 0.286164 0.296849 0.285377 0.298507 0.285377 0.300166 0.286164 0.301824 0.286164 0.303483 0.28695 0.305141 0.28695 0.318408 0.286164 0.320066 0.28695 0.321725 0.28695 0.325041 0.287736 0.3267 0.288522 0.3267 0.289308 0.328358 0.290094 0.328358 0.290881 0.3267 0.291667 0.3267 0.293239 0.323383 0.293239 0.31675 0.292453 0.315091 0.292453 0.308458 0.291667 0.306799 0.291667 0.301824 0.290881 0.300166 0.290881 0.296849 0.290094 0.295191 0.290094 0.281924 0.289308 0.280265 0.289308 0.27529 0.287736 0.271973
0 0.544811 0.164179 0.542453 0.169154 0.542453 0.175788 0.540881 0.179104 0.540881 0.199005 0.542453 0.202322 0.542453 0.20398 0.544025 0.207297 0.548742 0.207297 0.549528 0.205638 0.549528 0.182421 0.548742 0.180763 0.548742 0.172471 0.547956 0.170813 0.547956 0.167496 0.546384 0.164179
0 0.632075 0.794362 0.631289 0.79602 0.631289 0.797678 0.630503 0.799337 0.630503 0.802653 0.631289 0.804312 0.631289 0.80597 0.632075 0.807629 0.632075 0.809287 0.633648 0.812604 0.633648 0.81592 0.634434 0.817579 0.634434 0.819237 0.63522 0.820896 0.63522 0.827529 0.636006 0.829187 0.636006 0.832504 0.636792 0.834163 0.636792 0.839138 0.638365 0.842454 0.639937 0.842454 0.640723 0.840796 0.641509 0.840796 0.642296 0.839138 0.642296 0.835821 0.643082 0.834163 0.643082 0.824212 0.642296 0.822554 0.642296 0.81592 0.640723 0.812604 0.640723 0.807629 0.639937 0.80597 0.639937 0.802653 0.638365 0.799337 0.637579 0.799337 0.636006 0.79602 0.63522 0.79602 0.634434 0.794362
0 0.352987 0.865672 0.352201 0.86733 0.352201 0.870647 0.351415 0.872305 0.351415 0.87728 0.350629 0.878939 0.350629 0.892206 0.352201 0.895522 0.355346 0.895522 0.356132 0.893864 0.356132 0.887231 0.355346 0.885572 0.355346 0.870647 0.35456 0.868988 0.35456 0.86733 0.353774 0.865672
0 0.592767 0.824212 0.591981 0.825871 0.591981 0.827529 0.592767 0.829187 0.592767 0.839138 0.593553 0.840796 0.593553 0.842454 0.59434 0.844113 0.59434 0.865672 0.597484 0.872305 0.59827 0.872305 0.599057 0.870647 0.599057 0.86733 0.599843 0.865672 0.599843 0.849088 0.59827 0.845771 0.59827 0.837479 0.597484 0.835821 0.597484 0.834163 0.596698 0.832504 0.596698 0.829187 0.59434 0.824212
0 0.264937 0.278607 0.263365 0.281924 0.263365 0.290216 0.265723 0.295191 0.265723 0.298507 0.268082 0.303483 0.268082 0.305141 0.268868 0.306799 0.268868 0.308458 0.27044 0.311774 0.27044 0.315091 0.271226 0.31675 0.271226 0.318408 0.272013 0.320066 0.272013 0.321725 0.272799 0.323383 0.272799 0.3267 0.273585 0.328358 0.273585 0.330017 0.274371 0.331675 0.274371 0.333333 0.275157 0.334992 0.275157 0.33665 0.27673 0.339967 0.278302 0.339967 0.279088 0.338308 0.279088 0.328358 0.277516 0.325041 0.277516 0.31675 0.275943 0.313433 0.275943 0.306799 0.275157 0.305141 0.275157 0.303483 0.274371 0.301824 0.274371 0.298507 0.273585 0.296849 0.273585 0.295191 0.272799 0.293532 0.272799 0.291874 0.272013 0.290216 0.272013 0.288557 0.271226 0.286899 0.271226 0.28524 0.268082 0.278607
0 0.721698 0.169154 0.720126 0.172471 0.720126 0.174129 0.71934 0.175788 0.71934 0.177446 0.718553 0.179104 0.718553 0.180763 0.717767 0.182421 0.717767 0.18408 0.716981 0.185738 0.716981 0.187396 0.716195 0.189055 0.716195 0.190713 0.715409 0.192371 0.715409 0.195688 0.714623 0.197347 0.714623 0.199005 0.713836 0.200663 0.713836 0.207297 0.716981 0.21393 0.717767 0.21393 0.720126 0.208955 0.720126 0.207297 0.720912 0.205638 0.720912 0.20398 0.722484 0.200663 0.722484 0.195688 0.72327 0.19403 0.72327 0.192371 0.724057 0.190713 0.724057 0.189055 0.724843 0.187396 0.724843 0.185738 0.725629 0.18408 0.725629 0.179104 0.726415 0.177446 0.726415 0.174129 0.725629 0.172471 0.725629 0.170813 0.724843 0.169154
0 0.398585 0.205638 0.397799 0.207297 0.397799 0.208955 0.397013 0.210614 0.397013 0.21393 0.396226 0.215589 0.396226 0.248756 0.397799 0.252073 0.397799 0.25539 0.400157 0.260365 0.402516 0.260365 0.404088 0.257048 0.404088 0.25539 0.404874 0.253731 0.404874 0.247098 0.40566 0.245439 0.40566 0.225539 0.404874 0.223881 0.404874 0.215589 0.404088 0.21393 0.404088 0.210614 0.402516 0.207297 0.40173 0.207297 0.400943 0.205638
0 0.402516 0.854063 0.400943 0.85738 0.400943 0.860697 0.400157 0.862355 0.400157 0.865672 0.399371 0.86733 0.399371 0.882255 0.400157 0.883914 0.400157 0.888889 0.400943 0.890547 0.400943 0.893864 0.40173 0.895522 0.40173 0.897181 0.402516 0.898839 0.402516 0.900498 0.404874 0.905473 0.406447 0.905473 0.409591 0.898839 0.409591 0.864013 0.408805 0.862355 0.408805 0.860697 0.408019 0.859038 0.408019 0.85738 0.406447 0.854063
0 0.869497 0.494196 0.868711 0.495854 0.860849 0.495854 0.860063 0.497512 0.859277 0.497512 0.857704 0.500829 0.857704 0.504146 0.859277 0.507463 0.862421 0.507463 0.863208 0.509121 0.86478 0.509121 0.865566 0.510779 0.878145 0.510779 0.879717 0.507463 0.879717 0.497512 0.878931 0.495854 0.877358 0.495854 0.876572 0.494196
0 0.761792 0.694859 0.761006 0.696517 0.76022 0.696517 0.759434 0.698176 0.759434 0.709784 0.768082 0.728027 0.768868 0.728027 0.77044 0.731343 0.771226 0.731343 0.772013 0.733002 0.775943 0.733002 0.777516 0.729685 0.777516 0.723051 0.764151 0.694859
0 0.616352 0.15257 0.613208 0.159204 0.613208 0.177446 0.611635 0.180763 0.611635 0.19403 0.613208 0.197347 0.615566 0.197347 0.616352 0.199005 0.618711 0.199005 0.619497 0.197347 0.620283 0.197347 0.621069 0.195688 0.621069 0.19403 0.621855 0.192371 0.621855 0.189055 0.622642 0.187396 0.622642 0.170813 0.621855 0.169154 0.621855 0.160862 0.617925 0.15257
0 0.275943 0.278607 0.275157 0.280265 0.275157 0.28524 0.275943 0.286899 0.275943 0.288557 0.27673 0.290216 0.27673 0.293532 0.283019 0.306799 0.283019 0.313433 0.285377 0.318408 0.286164 0.318408 0.286164 0.305141 0.285377 0.303483 0.285377 0.301824 0.284591 0.300166 0.284591 0.298507 0.283805 0.296849 0.283805 0.295191 0.283019 0.293532 0.283019 0.291874 0.281447 0.288557 0.281447 0.28524 0.279088 0.280265 0.278302 0.280265 0.277516 0.278607
0 0.81761 0.228856 0.81761 0.230514 0.816824 0.232172 0.816824 0.237148 0.818396 0.237148 0.819182 0.238806 0.820755 0.238806 0.821541 0.240464 0.822327 0.240464 0.822327 0.238806 0.823113 0.237148 0.823113 0.233831 0.822327 0.232172 0.821541 0.232172 0.819969 0.228856
0 0.176887 0.800995 0.175314 0.804312 0.174528 0.804312 0.172956 0.807629 0.172956 0.809287 0.17217 0.810945 0.171384 0.810945 0.171384 0.814262 0.170597 0.81592 0.170597 0.822554 0.169811 0.824212 0.169811 0.825871 0.170597 0.825871 0.171384 0.827529 0.171384 0.829187 0.17217 0.829187 0.172956 0.830846 0.173742 0.830846 0.174528 0.832504 0.176887 0.832504 0.180031 0.825871 0.180031 0.824212 0.181604 0.820896 0.181604 0.81592 0.18239 0.814262 0.18239 0.807629 0.179245 0.807629 0.178459 0.80597 0.178459 0.804312 0.177673 0.802653 0.177673 0.800995
0 0.433176 0.185738 0.431604 0.189055 0.431604 0.190713 0.430818 0.192371 0.430818 0.199005 0.43239 0.202322 0.43239 0.207297 0.433176 0.208955 0.433176 0.21393 0.433962 0.215589 0.433962 0.232172 0.435535 0.235489 0.435535 0.237148 0.436321 0.238806 0.440252 0.238806 0.441824 0.235489 0.441824 0.230514 0.44261 0.228856 0.44261 0.205638 0.441824 0.20398 0.441824 0.202322 0.441038 0.200663 0.441038 0.199005 0.440252 0.197347 0.440252 0.195688 0.435535 0.185738
0 0.61478 0.799337 0.613208 0.802653 0.613208 0.817579 0.61478 0.820896 0.61478 0.829187 0.615566 0.830846 0.615566 0.840796 0.616352 0.842454 0.616352 0.849088 0.617138 0.850746 0.619497 0.850746 0.621069 0.84743 0.621069 0.839138 0.620283 0.837479 0.620283 0.829187 0.619497 0.827529 0.619497 0.822554 0.618711 0.820896 0.618711 0.810945 0.617925 0.809287 0.617925 0.800995 0.617138 0.799337
0 0.455189 0.854063 0.454403 0.855721 0.454403 0.85738 0.45283 0.860697 0.45283 0.86733 0.451258 0.870647 0.451258 0.882255 0.452044 0.883914 0.452044 0.885572 0.45283 0.887231 0.45283 0.890547 0.453616 0.892206 0.453616 0.893864 0.455975 0.898839 0.456761 0.898839 0.457547 0.900498 0.459906 0.900498 0.460692 0.898839 0.461478 0.898839 0.46305 0.895522 0.46305 0.883914 0.462264 0.882255 0.462264 0.878939 0.461478 0.87728 0.461478 0.865672 0.460692 0.864013 0.460692 0.85738 0.459119 0.854063
0 0.119497 0.437811 0.117138 0.442786 0.117138 0.44942 0.118711 0.452736 0.121069 0.452736 0.122642 0.456053 0.124214 0.456053 0.125 0.457711 0.126572 0.457711 0.127358 0.45937 0.128145 0.45937 0.129717 0.462687 0.130503 0.462687 0.134434 0.470978 0.13522 0.470978 0.136006 0.472637 0.136792 0.472637 0.139151 0.477612 0.139937 0.477612 0.140723 0.47927 0.142296 0.47927 0.143082 0.480929 0.14544 0.480929 0.146226 0.47927 0.146226 0.464345 0.14544 0.462687 0.14544 0.461028 0.144654 0.45937 0.144654 0.457711 0.143082 0.454395 0.141509 0.454395 0.140723 0.452736 0.138365 0.452736 0.137579 0.451078 0.133648 0.451078 0.132075 0.447761 0.131289 0.447761 0.128931 0.442786 0.127358 0.442786 0.126572 0.441128 0.125786 0.441128 0.124214 0.437811
0 0.391509 0.85738 0.389151 0.862355 0.389151 0.864013 0.388365 0.865672 0.388365 0.86733 0.387579 0.868988 0.387579 0.890547 0.388365 0.892206 0.388365 0.895522 0.389151 0.897181 0.389151 0.898839 0.391509 0.903814 0.392296 0.903814 0.393082 0.905473 0.39544 0.905473 0.396226 0.903814 0.396226 0.902156 0.397013 0.900498 0.397013 0.873964 0.396226 0.872305 0.396226 0.86733 0.39544 0.865672 0.39544 0.864013 0.394654 0.862355 0.394654 0.860697 0.393082 0.85738
0 0.506289 0.849088 0.505503 0.850746 0.504717 0.850746 0.503145 0.854063 0.503145 0.859038 0.504717 0.862355 0.504717 0.865672 0.505503 0.86733 0.505503 0.872305 0.507075 0.875622 0.507075 0.880597 0.509434 0.885572 0.509434 0.888889 0.514151 0.898839 0.515723 0.898839 0.517296 0.895522 0.517296 0.885572 0.516509 0.883914 0.516509 0.87728 0.515723 0.875622 0.515723 0.873964 0.514937 0.872305 0.514937 0.86733 0.514151 0.865672 0.514151 0.864013 0.513365 0.862355 0.513365 0.860697 0.512579 0.859038 0.512579 0.855721 0.509434 0.849088
0 0.144654 0.40796 0.143082 0.411277 0.143082 0.422886 0.143868 0.424544 0.143868 0.426202 0.144654 0.427861 0.144654 0.429519 0.147013 0.434494 0.147013 0.436153 0.147799 0.437811 0.147799 0.442786 0.154088 0.456053 0.15566 0.456053 0.158019 0.451078 0.158019 0.429519 0.157233 0.427861 0.157233 0.424544 0.156447 0.422886 0.156447 0.421227 0.15173 0.411277 0.150943 0.411277 0.150157 0.409619 0.148585 0.409619 0.147799 0.40796
0 0.220126 0.834163 0.217767 0.839138 0.217767 0.854063 0.218553 0.855721 0.218553 0.859038 0.21934 0.860697 0.21934 0.862355 0.220126 0.864013 0.222484 0.864013 0.224843 0.859038 0.224843 0.855721 0.225629 0.854063 0.225629 0.840796 0.224057 0.837479 0.22327 0.837479 0.221698 0.834163
0 0.813679 0.621891 0.812893 0.623549 0.812893 0.625207 0.816038 0.631841 0.816824 0.631841 0.81761 0.633499 0.818396 0.633499 0.819182 0.635158 0.819969 0.635158 0.820755 0.636816 0.823113 0.636816 0.824686 0.640133 0.830189 0.640133 0.830975 0.638474 0.830975 0.633499 0.830189 0.631841 0.828616 0.631841 0.82783 0.630182 0.827044 0.630182 0.826258 0.628524 0.823113 0.628524 0.822327 0.626866 0.820755 0.626866 0.819969 0.625207 0.81761 0.625207 0.816824 0.623549 0.816038 0.623549 0.815252 0.621891
0 0.863208 0.341625 0.861635 0.344942 0.860063 0.344942 0.859277 0.3466 0.857704 0.3466 0.856918 0.348259 0.85456 0.348259 0.853774 0.349917 0.852987 0.349917 0.852201 0.351575 0.851415 0.351575 0.849843 0.354892 0.849843 0.356551 0.849057 0.358209 0.849057 0.363184 0.850629 0.366501 0.860063 0.366501 0.860849 0.364842 0.872642 0.364842 0.873428 0.363184 0.874214 0.363184 0.877358 0.356551 0.877358 0.3466 0.876572 0.344942 0.874214 0.344942 0.872642 0.341625
0 0.742925 0.180763 0.742138 0.182421 0.741352 0.182421 0.738994 0.187396 0.738994 0.189055 0.737421 0.192371 0.737421 0.195688 0.736635 0.197347 0.736635 0.200663 0.735849 0.202322 0.735849 0.207297 0.735063 0.208955 0.735063 0.212272 0.734277 0.21393 0.734277 0.220564 0.735063 0.222222 0.735063 0.223881 0.736635 0.227197 0.738994 0.227197 0.741352 0.222222 0.741352 0.217247 0.742925 0.21393 0.742925 0.208955 0.744497 0.205638 0.744497 0.20398 0.746069 0.200663 0.746069 0.192371 0.746855 0.190713 0.746855 0.182421 0.746069 0.180763
0 0.882862 0.429519 0.882075 0.431177 0.881289 0.431177 0.880503 0.432836 0.879717 0.432836 0.878931 0.434494 0.875786 0.434494 0.875 0.436153 0.86478 0.436153 0.863994 0.434494 0.857704 0.434494 0.856918 0.436153 0.856918 0.437811 0.856132 0.439469 0.856132 0.444444 0.858491 0.44942 0.860063 0.44942 0.860849 0.451078 0.862421 0.451078 0.863208 0.452736 0.875 0.452736 0.875786 0.451078 0.881289 0.451078 0.882075 0.44942 0.88522 0.44942 0.887579 0.444444 0.887579 0.441128 0.888365 0.439469 0.888365 0.434494 0.886006 0.429519
0 0.663522 0.779436 0.66195 0.782753 0.66195 0.792703 0.662736 0.794362 0.662736 0.79602 0.663522 0.797678 0.663522 0.802653 0.664308 0.804312 0.664308 0.807629 0.665094 0.809287 0.665094 0.814262 0.665881 0.81592 0.665881 0.817579 0.667453 0.820896 0.668239 0.820896 0.669025 0.822554 0.674528 0.822554 0.675314 0.820896 0.675314 0.812604 0.673742 0.809287 0.673742 0.80597 0.67217 0.802653 0.67217 0.800995 0.671384 0.799337 0.671384 0.797678 0.670597 0.79602 0.670597 0.794362 0.669811 0.792703 0.669811 0.791045 0.666667 0.784411 0.666667 0.782753 0.665094 0.779436
0 0.130503 0.422886 0.128145 0.427861 0.128145 0.437811 0.128931 0.439469 0.128931 0.441128 0.131289 0.446103 0.133648 0.446103 0.13522 0.44942 0.141509 0.44942 0.143082 0.446103 0.143082 0.442786 0.138365 0.432836 0.138365 0.431177 0.13522 0.424544 0.134434 0.424544 0.133648 0.422886
0 0.591981 0.159204 0.591195 0.160862 0.591195 0.162521 0.590409 0.164179 0.590409 0.18408 0.589623 0.185738 0.589623 0.190713 0.590409 0.192371 0.590409 0.197347 0.591195 0.199005 0.591195 0.202322 0.593553 0.207297 0.59434 0.207297 0.595126 0.208955 0.596698 0.208955 0.597484 0.207297 0.59827 0.207297 0.599843 0.20398 0.599843 0.202322 0.600629 0.200663 0.600629 0.189055 0.599843 0.187396 0.599843 0.175788 0.599057 0.174129 0.599057 0.172471 0.59827 0.170813 0.59827 0.165837 0.595126 0.159204
0 0.673742 0.771144 0.672956 0.772803 0.672956 0.78607 0.673742 0.787728 0.673742 0.789386 0.674528 0.791045 0.674528 0.794362 0.675314 0.79602 0.675314 0.797678 0.676101 0.799337 0.676101 0.802653 0.676887 0.804312 0.676887 0.80597 0.677673 0.807629 0.677673 0.809287 0.678459 0.810945 0.678459 0.812604 0.679245 0.814262 0.679245 0.81592 0.680031 0.817579 0.681604 0.817579 0.683176 0.814262 0.683176 0.812604 0.681604 0.809287 0.681604 0.807629 0.680818 0.80597 0.680818 0.804312 0.680031 0.802653 0.680031 0.797678 0.679245 0.79602 0.679245 0.789386 0.678459 0.787728 0.678459 0.782753 0.676887 0.779436 0.676887 0.774461 0.675314 0.771144
0 0.246855 0.301824 0.245283 0.305141 0.245283 0.310116 0.246069 0.311774 0.246069 0.315091 0.246855 0.31675 0.246855 0.320066 0.248428 0.323383 0.248428 0.325041 0.25 0.328358 0.25 0.331675 0.250786 0.333333 0.250786 0.334992 0.251572 0.33665 0.251572 0.341625 0.252358 0.343284 0.252358 0.3466 0.253145 0.348259 0.253145 0.351575 0.253931 0.353234 0.257075 0.353234 0.257862 0.351575 0.258648 0.351575 0.259434 0.349917 0.259434 0.348259 0.26022 0.3466 0.26022 0.343284 0.261006 0.341625 0.261006 0.330017 0.259434 0.3267 0.259434 0.325041 0.258648 0.323383 0.258648 0.321725 0.257075 0.318408 0.257075 0.31675 0.253145 0.308458 0.253145 0.305141 0.251572 0.301824
0 0.18239 0.771144 0.18239 0.772803 0.181604 0.774461 0.180818 0.774461 0.180031 0.776119 0.180031 0.777778 0.178459 0.781095 0.178459 0.784411 0.177673 0.78607 0.177673 0.79602 0.178459 0.797678 0.178459 0.799337 0.179245 0.800995 0.179245 0.802653 0.180031 0.802653 0.180818 0.800995 0.180818 0.797678 0.181604 0.79602 0.181604 0.792703 0.183176 0.789386 0.183176 0.784411 0.183962 0.782753 0.183962 0.781095 0.184748 0.779436 0.184748 0.776119 0.186321 0.772803 0.186321 0.771144
0 0.500786 0.172471 0.5 0.174129 0.5 0.208955 0.501572 0.212272 0.501572 0.215589 0.505503 0.223881 0.508648 0.223881 0.509434 0.222222 0.509434 0.202322 0.508648 0.200663 0.508648 0.195688 0.507075 0.192371 0.507075 0.18408 0.506289 0.182421 0.506289 0.180763 0.505503 0.179104 0.505503 0.175788 0.503931 0.172471
0 0.566824 0.159204 0.566038 0.160862 0.566038 0.162521 0.565252 0.164179 0.565252 0.165837 0.564465 0.167496 0.564465 0.170813 0.562893 0.174129 0.562893 0.175788 0.562107 0.177446 0.562107 0.180763 0.560535 0.18408 0.560535 0.207297 0.561321 0.208955 0.562107 0.208955 0.564465 0.21393 0.565252 0.21393 0.566038 0.212272 0.566824 0.212272 0.56761 0.210614 0.568396 0.210614 0.569182 0.208955 0.569969 0.208955 0.570755 0.207297 0.571541 0.207297 0.572327 0.205638 0.573113 0.205638 0.573899 0.20398 0.576258 0.20398 0.57783 0.200663 0.578616 0.200663 0.578616 0.182421 0.57783 0.180763 0.57783 0.174129 0.575472 0.169154 0.575472 0.167496 0.573113 0.162521 0.572327 0.162521 0.571541 0.160862 0.570755 0.160862 0.569969 0.159204
0 0.720912 0.741294 0.720126 0.742952 0.720126 0.749585 0.720912 0.751244 0.720912 0.752902 0.720126 0.754561 0.720126 0.764511 0.720912 0.766169 0.720912 0.767828 0.726415 0.779436 0.727201 0.779436 0.728774 0.782753 0.730346 0.782753 0.731132 0.784411 0.731918 0.784411 0.732704 0.782753 0.734277 0.782753 0.736635 0.777778 0.736635 0.774461 0.731918 0.764511 0.731918 0.761194 0.730346 0.757877 0.730346 0.756219 0.72956 0.754561 0.72956 0.751244 0.727987 0.747927 0.727987 0.746269 0.726415 0.742952 0.724057 0.742952 0.72327 0.741294
0 0.128145 0.741294 0.127358 0.742952 0.126572 0.742952 0.125786 0.74461 0.124214 0.74461 0.123428 0.746269 0.122642 0.746269 0.117925 0.756219 0.117925 0.759536 0.121069 0.766169 0.125 0.766169 0.126572 0.762852 0.127358 0.762852 0.127358 0.761194 0.128145 0.759536 0.128145 0.756219 0.129717 0.752902 0.129717 0.749585 0.130503 0.747927 0.130503 0.742952 0.129717 0.741294
0 0.148585 0.393035 0.147799 0.394693 0.147799 0.39801 0.149371 0.401327 0.150157 0.401327 0.15173 0.39801 0.15173 0.394693 0.150943 0.393035
0 0.797956 0.218905 0.79717 0.220564 0.796384 0.220564 0.789308 0.235489 0.789308 0.237148 0.787736 0.240464 0.787736 0.250415 0.78695 0.252073 0.78695 0.260365 0.787736 0.262023 0.790881 0.262023 0.791667 0.260365 0.794025 0.260365 0.795597 0.257048 0.795597 0.25539 0.797956 0.250415 0.797956 0.248756 0.799528 0.245439 0.799528 0.243781 0.800314 0.242123 0.800314 0.240464 0.805031 0.230514 0.805031 0.228856 0.805818 0.227197 0.805818 0.222222 0.805031 0.220564 0.804245 0.220564 0.803459 0.218905
0 0.808962 0.232172 0.808176 0.233831 0.80739 0.233831 0.806604 0.235489 0.805818 0.235489 0.801887 0.243781 0.801887 0.245439 0.798742 0.252073 0.798742 0.25539 0.797956 0.257048 0.797956 0.26534 0.799528 0.268657 0.800314 0.268657 0.801101 0.270315 0.806604 0.270315 0.814465 0.253731 0.814465 0.252073 0.815252 0.250415 0.815252 0.248756 0.814465 0.247098 0.814465 0.245439 0.813679 0.243781 0.813679 0.242123 0.812893 0.240464 0.812893 0.238806 0.812107 0.237148 0.812107 0.235489 0.810535 0.232172
0 0.17217 0.757877 0.170597 0.761194 0.170597 0.767828 0.172956 0.772803 0.176887 0.772803 0.176887 0.771144 0.177673 0.769486 0.177673 0.764511 0.176887 0.762852 0.176101 0.762852 0.173742 0.757877
0 0.264151 0.842454 0.258648 0.854063 0.258648 0.855721 0.257862 0.85738 0.257862 0.862355 0.257075 0.864013 0.257075 0.865672 0.256289 0.86733 0.256289 0.878939 0.257075 0.880597 0.257075 0.882255 0.258648 0.885572 0.26022 0.885572 0.261006 0.887231 0.261792 0.887231 0.262579 0.885572 0.263365 0.885572 0.265723 0.880597 0.266509 0.880597 0.267296 0.878939 0.267296 0.87728 0.268082 0.875622 0.268082 0.850746 0.266509 0.84743 0.266509 0.845771 0.264937 0.842454
0 0.321541 0.240464 0.319969 0.243781 0.319969 0.245439 0.319182 0.247098 0.319182 0.25539 0.320755 0.258706 0.320755 0.262023 0.322327 0.26534 0.322327 0.268657 0.323899 0.271973 0.323899 0.283582 0.324686 0.28524 0.324686 0.286899 0.326258 0.290216 0.328616 0.290216 0.329403 0.288557 0.330189 0.288557 0.332547 0.283582 0.332547 0.268657 0.331761 0.266998 0.331761 0.258706 0.330975 0.257048 0.330975 0.25539 0.329403 0.252073 0.329403 0.250415 0.325472 0.242123 0.324686 0.242123 0.323899 0.240464
0 0.378145 0.212272 0.377358 0.21393 0.377358 0.215589 0.376572 0.217247 0.376572 0.220564 0.375786 0.222222 0.375786 0.227197 0.374214 0.230514 0.374214 0.253731 0.375 0.25539 0.375 0.26534 0.379717 0.27529 0.383648 0.27529 0.384434 0.273632 0.384434 0.263682 0.38522 0.262023 0.38522 0.237148 0.383648 0.233831 0.383648 0.230514 0.382862 0.228856 0.382862 0.21393 0.382075 0.212272
0 0.22327 0.330017 0.222484 0.331675 0.220912 0.331675 0.220126 0.333333 0.220126 0.348259 0.221698 0.351575 0.221698 0.353234 0.224843 0.359867 0.224843 0.361526 0.226415 0.364842 0.227201 0.364842 0.22956 0.369818 0.231918 0.369818 0.232704 0.368159 0.233491 0.368159 0.235063 0.364842 0.235063 0.354892 0.234277 0.353234 0.234277 0.351575 0.232704 0.348259 0.232704 0.344942 0.225629 0.330017
0 0.126572 0.532338 0.125786 0.533997 0.125786 0.535655 0.128145 0.54063 0.130503 0.54063 0.131289 0.538972 0.131289 0.535655 0.129717 0.532338
0 0.628145 0.149254 0.627358 0.150912 0.625786 0.150912 0.624214 0.154229 0.624214 0.200663 0.625 0.202322 0.626572 0.202322 0.627358 0.200663 0.628145 0.200663 0.630503 0.195688 0.630503 0.192371 0.631289 0.190713 0.631289 0.154229 0.628931 0.149254
0 0.652516 0.787728 0.650157 0.792703 0.650157 0.79602 0.649371 0.797678 0.649371 0.800995 0.650157 0.802653 0.650157 0.80597 0.650943 0.807629 0.650943 0.810945 0.65173 0.812604 0.65173 0.814262 0.652516 0.81592 0.652516 0.817579 0.654874 0.822554 0.65566 0.822554 0.660377 0.832504 0.663522 0.832504 0.664308 0.830846 0.664308 0.822554 0.662736 0.819237 0.662736 0.817579 0.66195 0.81592 0.66195 0.814262 0.661164 0.812604 0.661164 0.807629 0.659591 0.804312 0.659591 0.800995 0.658805 0.799337 0.658805 0.797678 0.658019 0.79602 0.658019 0.794362 0.656447 0.791045 0.656447 0.789386 0.65566 0.787728
0 0.381289 0.849088 0.380503 0.850746 0.380503 0.855721 0.378931 0.859038 0.378931 0.883914 0.378145 0.885572 0.378145 0.908789 0.379717 0.912106 0.380503 0.912106 0.381289 0.913765 0.383648 0.913765 0.384434 0.912106 0.38522 0.912106 0.386006 0.910448 0.386006 0.85738 0.38522 0.855721 0.38522 0.852405 0.383648 0.849088
0 0.79717 0.640133 0.795597 0.643449 0.795597 0.648425 0.797956 0.6534 0.797956 0.655058 0.798742 0.656716 0.798742 0.658375 0.801101 0.66335 0.801887 0.66335 0.803459 0.666667 0.804245 0.666667 0.805818 0.669983 0.80739 0.669983 0.808176 0.671642 0.810535 0.671642 0.811321 0.6733 0.816038 0.6733 0.816824 0.671642 0.816824 0.666667 0.816038 0.665008 0.815252 0.665008 0.809748 0.6534 0.808962 0.6534 0.806604 0.648425 0.805818 0.648425 0.804245 0.645108 0.801887 0.645108 0.800314 0.641791 0.799528 0.641791 0.798742 0.640133
0 0.492925 0.84743 0.492138 0.849088 0.492138 0.850746 0.491352 0.852405 0.491352 0.864013 0.490566 0.865672 0.490566 0.870647 0.491352 0.872305 0.491352 0.880597 0.492138 0.882255 0.492138 0.900498 0.492925 0.902156 0.492925 0.903814 0.493711 0.905473 0.499214 0.905473 0.500786 0.902156 0.500786 0.898839 0.501572 0.897181 0.501572 0.873964 0.500786 0.872305 0.500786 0.859038 0.499214 0.855721 0.499214 0.854063 0.496069 0.84743
0 0.455975 0.197347 0.454403 0.200663 0.454403 0.233831 0.457547 0.240464 0.457547 0.242123 0.458333 0.243781 0.458333 0.245439 0.459906 0.248756 0.461478 0.248756 0.462264 0.247098 0.462264 0.232172 0.461478 0.230514 0.461478 0.215589 0.460692 0.21393 0.460692 0.208955 0.459119 0.205638 0.459119 0.20398 0.458333 0.202322 0.458333 0.200663 0.456761 0.197347
0 0.0919811 0.552239 0.091195 0.553897 0.091195 0.562189 0.0919811 0.563847 0.0959119 0.563847 0.0966981 0.562189 0.0966981 0.553897 0.0959119 0.552239
0 0.19261 0.782753 0.190252 0.787728 0.189465 0.787728 0.188679 0.789386 0.188679 0.791045 0.187107 0.794362 0.187107 0.79602 0.186321 0.797678 0.186321 0.799337 0.185535 0.800995 0.185535 0.802653 0.183962 0.80597 0.183962 0.814262 0.186321 0.819237 0.188679 0.819237 0.190252 0.81592 0.191824 0.81592 0.19261 0.814262 0.193396 0.814262 0.194969 0.810945 0.194969 0.809287 0.195755 0.807629 0.195755 0.804312 0.196541 0.802653 0.197327 0.802653 0.197327 0.800995 0.198113 0.799337 0.198899 0.799337 0.198899 0.789386 0.198113 0.787728 0.198113 0.78607 0.196541 0.782753
0 0.124214 0.691542 0.122642 0.694859 0.120283 0.694859 0.119497 0.696517 0.118711 0.696517 0.117138 0.699834 0.116352 0.699834 0.115566 0.701493 0.113994 0.701493 0.113208 0.703151 0.111635 0.703151 0.110849 0.704809 0.109277 0.704809 0.107704 0.708126 0.106918 0.708126 0.105346 0.711443 0.105346 0.713101 0.10456 0.71476 0.10456 0.716418 0.103774 0.718076 0.103774 0.721393 0.105346 0.72471 0.107704 0.72471 0.108491 0.726368 0.112421 0.726368 0.113994 0.723051 0.115566 0.723051 0.116352 0.721393 0.117138 0.721393 0.117925 0.719735 0.118711 0.719735 0.119497 0.718076 0.120283 0.718076 0.121069 0.716418 0.122642 0.716418 0.124214 0.713101 0.125 0.713101 0.125786 0.711443 0.126572 0.711443 0.127358 0.709784 0.128931 0.709784 0.129717 0.708126 0.130503 0.708126 0.132862 0.703151 0.132862 0.696517 0.130503 0.691542
0 0.443396 0.849088 0.441824 0.852405 0.441824 0.855721 0.441038 0.85738 0.441038 0.862355 0.440252 0.864013 0.440252 0.87728 0.441824 0.880597 0.441824 0.885572 0.44261 0.887231 0.44261 0.888889 0.443396 0.890547 0.443396 0.895522 0.444182 0.897181 0.444182 0.900498 0.445755 0.903814 0.447327 0.903814 0.448899 0.900498 0.448899 0.887231 0.449686 0.885572 0.449686 0.883914 0.450472 0.882255 0.450472 0.860697 0.448113 0.855721 0.448113 0.854063 0.446541 0.850746 0.444969 0.850746 0.444182 0.849088
0 0.146226 0.726368 0.14544 0.728027 0.144654 0.728027 0.143868 0.729685 0.143082 0.729685 0.141509 0.733002 0.140723 0.733002 0.138365 0.737977 0.137579 0.737977 0.136006 0.741294 0.13522 0.741294 0.132075 0.747927 0.131289 0.747927 0.130503 0.749585 0.130503 0.752902 0.128931 0.756219 0.128931 0.759536 0.128145 0.761194 0.128145 0.779436 0.128931 0.781095 0.128931 0.782753 0.130503 0.78607 0.133648 0.78607 0.134434 0.784411 0.134434 0.782753 0.136006 0.779436 0.136006 0.777778 0.136792 0.776119 0.136792 0.774461 0.137579 0.772803 0.137579 0.771144 0.138365 0.769486 0.138365 0.767828 0.140723 0.762852 0.141509 0.762852 0.143082 0.759536 0.143868 0.759536 0.143868 0.757877 0.144654 0.756219 0.14544 0.756219 0.14544 0.754561 0.146226 0.752902 0.144654 0.749585 0.144654 0.746269 0.148585 0.737977 0.148585 0.728027 0.147799 0.726368
0 0.100629 0.538972 0.0990566 0.542289 0.0990566 0.543947 0.0982704 0.545605 0.0982704 0.55058 0.102987 0.560531 0.105346 0.560531 0.106132 0.562189 0.109277 0.562189 0.110063 0.563847 0.111635 0.563847 0.112421 0.565506 0.113208 0.565506 0.113994 0.567164 0.125 0.567164 0.128145 0.560531 0.128145 0.553897 0.127358 0.552239 0.126572 0.552239 0.125786 0.55058 0.123428 0.55058 0.122642 0.548922 0.111635 0.548922 0.110063 0.545605 0.109277 0.545605 0.108491 0.543947 0.107704 0.543947 0.106918 0.542289 0.106132 0.542289 0.10456 0.538972
0 0.832547 0.26534 0.830975 0.268657 0.830189 0.268657 0.828616 0.271973 0.82783 0.271973 0.825472 0.276949 0.824686 0.276949 0.823899 0.278607 0.823113 0.278607 0.821541 0.281924 0.821541 0.283582 0.819969 0.286899 0.819969 0.290216 0.821541 0.293532 0.829403 0.293532 0.830189 0.291874 0.830975 0.291874 0.831761 0.290216 0.832547 0.290216 0.833333 0.288557 0.834119 0.288557 0.834906 0.286899 0.834906 0.28524 0.838836 0.276949 0.838836 0.271973 0.83805 0.270315 0.83805 0.268657 0.836478 0.26534
0 0.491352 0.172471 0.48978 0.175788 0.48978 0.177446 0.488994 0.179104 0.488994 0.20398 0.48978 0.205638 0.48978 0.208955 0.490566 0.210614 0.490566 0.217247 0.491352 0.218905 0.491352 0.220564 0.492138 0.222222 0.492138 0.223881 0.493711 0.227197 0.497642 0.227197 0.499214 0.223881 0.499214 0.19403 0.497642 0.190713 0.497642 0.182421 0.496855 0.180763 0.496855 0.179104 0.493711 0.172471
0 0.334906 0.850746 0.332547 0.855721 0.332547 0.85738 0.331761 0.859038 0.331761 0.862355 0.330189 0.865672 0.330189 0.882255 0.330975 0.883914 0.331761 0.883914 0.333333 0.880597 0.333333 0.878939 0.334906 0.875622 0.334906 0.872305 0.335692 0.870647 0.335692 0.864013 0.336478 0.862355 0.336478 0.852405 0.335692 0.850746
0 0.757075 0.180763 0.756289 0.182421 0.753931 0.182421 0.753145 0.18408 0.753145 0.185738 0.749214 0.19403 0.749214 0.195688 0.746855 0.200663 0.746855 0.20398 0.746069 0.205638 0.746069 0.207297 0.745283 0.208955 0.745283 0.212272 0.743711 0.215589 0.743711 0.220564 0.742925 0.222222 0.742925 0.223881 0.742138 0.225539 0.742138 0.227197 0.741352 0.228856 0.741352 0.230514 0.740566 0.232172 0.740566 0.235489 0.742138 0.238806 0.746855 0.238806 0.749214 0.233831 0.749214 0.232172 0.75 0.230514 0.75 0.227197 0.750786 0.225539 0.750786 0.223881 0.752358 0.220564 0.752358 0.218905 0.753145 0.217247 0.753145 0.215589 0.755503 0.210614 0.755503 0.208955 0.756289 0.207297 0.756289 0.205638 0.757075 0.20398 0.757075 0.200663 0.757862 0.199005 0.757862 0.197347 0.759434 0.19403 0.759434 0.185738 0.758648 0.18408 0.758648 0.182421 0.757862 0.180763
0 0.869497 0.545605 0.868711 0.547264 0.866352 0.547264 0.865566 0.548922 0.865566 0.555556 0.866352 0.557214 0.870283 0.557214 0.871855 0.553897 0.872642 0.553897 0.873428 0.552239 0.873428 0.548922 0.871855 0.545605
0 0.115566 0.610282 0.113208 0.615257 0.113208 0.621891 0.113994 0.623549 0.11478 0.623549 0.115566 0.625207 0.116352 0.625207 0.117138 0.626866 0.121855 0.626866 0.125 0.620232 0.125 0.616915 0.122642 0.61194 0.120283 0.61194 0.119497 0.610282
0 0.10456 0.61194 0.103774 0.613599 0.0951258 0.613599 0.0935535 0.616915 0.0935535 0.618574 0.0927673 0.620232 0.0927673 0.625207 0.0935535 0.626866 0.105346 0.626866 0.106132 0.625207 0.107704 0.625207 0.108491 0.623549 0.109277 0.623549 0.110849 0.620232 0.110849 0.615257 0.109277 0.61194
0 0.823113 0.245439 0.821541 0.248756 0.820755 0.248756 0.819969 0.250415 0.819969 0.252073 0.816824 0.258706 0.816824 0.260365 0.814465 0.26534 0.814465 0.280265 0.815252 0.281924 0.819182 0.281924 0.825472 0.268657 0.825472 0.266998 0.829403 0.258706 0.829403 0.250415 0.827044 0.245439
0 0.349843 0.84743 0.34827 0.850746 0.34827 0.854063 0.347484 0.855721 0.347484 0.872305 0.34827 0.873964 0.349843 0.873964 0.351415 0.870647 0.351415 0.864013 0.352201 0.862355 0.352201 0.849088 0.351415 0.84743
0 0.804245 0.630182 0.803459 0.631841 0.803459 0.636816 0.806604 0.643449 0.80739 0.643449 0.808176 0.645108 0.808962 0.645108 0.809748 0.646766 0.811321 0.646766 0.812107 0.648425 0.812893 0.648425 0.813679 0.650083 0.815252 0.650083 0.816038 0.651741 0.818396 0.651741 0.820755 0.656716 0.822327 0.656716 0.823113 0.655058 0.823113 0.650083 0.820755 0.645108 0.819182 0.645108 0.81761 0.641791 0.816824 0.641791 0.815252 0.638474 0.814465 0.638474 0.813679 0.636816 0.812893 0.636816 0.811321 0.633499 0.809748 0.633499 0.808962 0.631841 0.808176 0.631841 0.80739 0.630182
0 0.516509 0.839138 0.514937 0.842454 0.514937 0.844113 0.514151 0.845771 0.514151 0.850746 0.513365 0.852405 0.513365 0.859038 0.514151 0.860697 0.514151 0.862355 0.514937 0.864013 0.514937 0.865672 0.52044 0.87728 0.52044 0.878939 0.521226 0.880597 0.521226 0.882255 0.522013 0.883914 0.522013 0.885572 0.523585 0.888889 0.523585 0.890547 0.524371 0.892206 0.52673 0.892206 0.528302 0.888889 0.528302 0.887231 0.529088 0.885572 0.529088 0.868988 0.527516 0.865672 0.527516 0.864013 0.525943 0.860697 0.525943 0.859038 0.524371 0.855721 0.524371 0.854063 0.52044 0.845771 0.52044 0.844113 0.518082 0.839138
0 0.646226 0.149254 0.644654 0.15257 0.644654 0.177446 0.643868 0.179104 0.643868 0.18408 0.643082 0.185738 0.643082 0.195688 0.643868 0.197347 0.643868 0.199005 0.644654 0.200663 0.644654 0.202322 0.64544 0.20398 0.647799 0.20398 0.649371 0.200663 0.650157 0.200663 0.65173 0.197347 0.65173 0.172471 0.650943 0.170813 0.650943 0.15257 0.650157 0.150912 0.649371 0.150912 0.648585 0.149254
0 0.147799 0.800995 0.147013 0.802653 0.146226 0.802653 0.14544 0.804312 0.144654 0.804312 0.144654 0.809287 0.14544 0.810945 0.146226 0.810945 0.147013 0.812604 0.150157 0.812604 0.150943 0.810945 0.153302 0.810945 0.154088 0.809287 0.154874 0.809287 0.15566 0.807629 0.154874 0.80597 0.15566 0.804312 0.15566 0.800995
0 0.878931 0.378109 0.878145 0.379768 0.872642 0.379768 0.871855 0.381426 0.869497 0.381426 0.868711 0.383085 0.867925 0.383085 0.865566 0.38806 0.865566 0.389718 0.86478 0.391376 0.86478 0.399668 0.866352 0.402985 0.870283 0.402985 0.871069 0.401327 0.871855 0.401327 0.872642 0.399668 0.878931 0.399668 0.879717 0.39801 0.880503 0.39801 0.883648 0.391376 0.883648 0.381426 0.882075 0.378109
0 0.824686 0.600332 0.823899 0.60199 0.823899 0.608624 0.824686 0.610282 0.824686 0.618574 0.825472 0.620232 0.826258 0.620232 0.82783 0.623549 0.829403 0.623549 0.830189 0.625207 0.832547 0.625207 0.834906 0.630182 0.83805 0.630182 0.838836 0.628524 0.839623 0.628524 0.841981 0.623549 0.841981 0.620232 0.842767 0.618574 0.842767 0.613599 0.841981 0.61194 0.840409 0.61194 0.838836 0.608624 0.836478 0.608624 0.835692 0.606965 0.834906 0.606965 0.834119 0.605307 0.832547 0.605307 0.830975 0.60199 0.830189 0.60199 0.829403 0.600332
0 0.745283 0.701493 0.743711 0.704809 0.743711 0.709784 0.745283 0.713101 0.746069 0.713101 0.750786 0.723051 0.752358 0.723051 0.757862 0.73466 0.758648 0.73466 0.759434 0.736318 0.761792 0.736318 0.763365 0.733002 0.763365 0.723051 0.762579 0.721393 0.762579 0.719735 0.757862 0.709784 0.757075 0.709784 0.754717 0.704809 0.753931 0.704809 0.753145 0.703151 0.752358 0.703151 0.751572 0.701493
0 0.125 0.633499 0.124214 0.635158 0.123428 0.635158 0.121855 0.638474 0.121855 0.643449 0.122642 0.645108 0.123428 0.645108 0.124214 0.646766 0.128931 0.646766 0.128931 0.638474 0.128145 0.636816 0.128145 0.635158 0.127358 0.633499
0 0.197327 0.325041 0.194182 0.331675 0.194182 0.334992 0.194969 0.33665 0.195755 0.33665 0.196541 0.338308 0.197327 0.338308 0.198113 0.339967 0.199686 0.339967 0.202044 0.334992 0.202044 0.3267 0.201258 0.325041
0 0.236635 0.305141 0.235849 0.306799 0.235063 0.306799 0.234277 0.308458 0.234277 0.313433 0.235063 0.315091 0.235063 0.318408 0.236635 0.321725 0.236635 0.323383 0.238208 0.3267 0.238208 0.328358 0.23978 0.331675 0.23978 0.333333 0.240566 0.334992 0.240566 0.338308 0.241352 0.339967 0.241352 0.344942 0.240566 0.3466 0.240566 0.353234 0.241352 0.354892 0.245283 0.354892 0.246855 0.351575 0.246855 0.349917 0.247642 0.348259 0.247642 0.331675 0.246855 0.330017 0.246855 0.325041 0.246069 0.323383 0.246069 0.320066 0.244497 0.31675 0.244497 0.315091 0.242138 0.310116 0.241352 0.310116 0.23978 0.306799 0.238994 0.306799 0.238208 0.305141
0 0.106918 0.631841 0.106132 0.633499 0.105346 0.633499 0.10456 0.635158 0.103774 0.635158 0.102987 0.636816 0.0935535 0.636816 0.091195 0.641791 0.091195 0.655058 0.0919811 0.656716 0.0966981 0.656716 0.0974843 0.655058 0.0982704 0.655058 0.0990566 0.6534 0.0998428 0.6534 0.101415 0.650083 0.117925 0.650083 0.119497 0.646766 0.119497 0.641791 0.115566 0.633499 0.11478 0.633499 0.113994 0.631841
0 0.727987 0.721393 0.727201 0.723051 0.727201 0.728027 0.727987 0.729685 0.727987 0.731343 0.730346 0.736318 0.730346 0.737977 0.734277 0.746269 0.734277 0.747927 0.736635 0.752902 0.738208 0.752902 0.740566 0.757877 0.742138 0.757877 0.742925 0.756219 0.742925 0.754561 0.742138 0.752902 0.742138 0.751244 0.738994 0.74461 0.738994 0.742952 0.735849 0.736318 0.735849 0.73466 0.734277 0.731343 0.733491 0.731343 0.728774 0.721393
0 0.176887 0.354892 0.175314 0.358209 0.175314 0.366501 0.176101 0.368159 0.176101 0.369818 0.176887 0.371476 0.176887 0.374793 0.177673 0.376451 0.177673 0.378109 0.178459 0.379768 0.178459 0.383085 0.179245 0.384743 0.179245 0.38806 0.180031 0.389718 0.180031 0.391376 0.180818 0.393035 0.180818 0.39801 0.181604 0.399668 0.181604 0.402985 0.183962 0.40796 0.183962 0.409619 0.186321 0.414594 0.187107 0.414594 0.187893 0.416252 0.19261 0.416252 0.193396 0.414594 0.194182 0.414594 0.194969 0.412935 0.194969 0.402985 0.191824 0.396352 0.191824 0.394693 0.191038 0.393035 0.191038 0.391376 0.188679 0.386401 0.188679 0.384743 0.187893 0.383085 0.187893 0.381426 0.187107 0.379768 0.187107 0.378109 0.185535 0.374793 0.185535 0.373134 0.183962 0.369818 0.183962 0.368159 0.183176 0.366501 0.183176 0.364842 0.18239 0.363184 0.18239 0.361526 0.179245 0.354892
0 0.389937 0.20398 0.388365 0.207297 0.388365 0.210614 0.387579 0.212272 0.387579 0.220564 0.386792 0.222222 0.386792 0.230514 0.386006 0.232172 0.386006 0.262023 0.387579 0.26534 0.388365 0.26534 0.389151 0.266998 0.392296 0.266998 0.393082 0.26534 0.393082 0.263682 0.393868 0.262023 0.393868 0.258706 0.394654 0.257048 0.394654 0.208955 0.393868 0.207297 0.393082 0.207297 0.391509 0.20398
0 0.845126 0.268657 0.84434 0.270315 0.84434 0.271973 0.847484 0.278607 0.849057 0.27529 0.849057 0.270315 0.84827 0.268657
0 0.568396 0.842454 0.568396 0.852405 0.569182 0.854063 0.569182 0.859038 0.570755 0.862355 0.571541 0.862355 0.572327 0.860697 0.572327 0.854063 0.571541 0.852405 0.571541 0.850746 0.570755 0.849088 0.570755 0.84743 0.569969 0.845771 0.569969 0.844113 0.569182 0.842454
0 0.15566 0.389718 0.153302 0.394693 0.153302 0.399668 0.154088 0.401327 0.154088 0.404643 0.15566 0.40796 0.15566 0.411277 0.157233 0.414594 0.157233 0.416252 0.158805 0.419569 0.158805 0.422886 0.159591 0.424544 0.159591 0.426202 0.160377 0.427861 0.160377 0.439469 0.161164 0.441128 0.161164 0.442786 0.162736 0.446103 0.165094 0.446103 0.165881 0.444444 0.166667 0.444444 0.168239 0.441128 0.168239 0.439469 0.169025 0.437811 0.169025 0.424544 0.168239 0.422886 0.168239 0.416252 0.167453 0.414594 0.167453 0.40796 0.166667 0.406302 0.166667 0.404643 0.165881 0.402985 0.165881 0.401327 0.165094 0.399668 0.165094 0.39801 0.164308 0.396352 0.164308 0.394693 0.16195 0.389718
0 0.302673 0.250415 0.301101 0.253731 0.301101 0.260365 0.301887 0.262023 0.301887 0.266998 0.302673 0.268657 0.302673 0.281924 0.301887 0.283582 0.301887 0.296849 0.302673 0.298507 0.302673 0.301824 0.304245 0.305141 0.304245 0.306799 0.305031 0.308458 0.305031 0.310116 0.30739 0.315091 0.30739 0.31675 0.310535 0.323383 0.312893 0.323383 0.313679 0.321725 0.313679 0.301824 0.312893 0.300166 0.312893 0.296849 0.312107 0.295191 0.312107 0.290216 0.311321 0.288557 0.311321 0.286899 0.308962 0.281924 0.308962 0.257048 0.308176 0.25539 0.308176 0.253731 0.306604 0.250415
0 0.475629 0.172471 0.474843 0.174129 0.474843 0.175788 0.474057 0.177446 0.474057 0.180763 0.47327 0.182421 0.47327 0.185738 0.472484 0.187396 0.472484 0.190713 0.471698 0.192371 0.471698 0.200663 0.472484 0.202322 0.472484 0.215589 0.474057 0.218905 0.474057 0.222222 0.476415 0.227197 0.477201 0.227197 0.477987 0.228856 0.485063 0.228856 0.487421 0.223881 0.487421 0.21393 0.486635 0.212272 0.486635 0.205638 0.485849 0.20398 0.485849 0.200663 0.485063 0.199005 0.485063 0.190713 0.484277 0.189055 0.484277 0.185738 0.483491 0.18408 0.483491 0.175788 0.481918 0.172471
0 0.481918 0.844113 0.481132 0.845771 0.481132 0.84743 0.47956 0.850746 0.47956 0.852405 0.478774 0.854063 0.478774 0.855721 0.477987 0.85738 0.477987 0.878939 0.478774 0.880597 0.478774 0.885572 0.47956 0.887231 0.47956 0.890547 0.480346 0.892206 0.480346 0.893864 0.481132 0.895522 0.481132 0.897181 0.482704 0.900498 0.486635 0.900498 0.488208 0.897181 0.488208 0.890547 0.488994 0.888889 0.488994 0.878939 0.488208 0.87728 0.488208 0.86733 0.487421 0.865672 0.487421 0.85738 0.486635 0.855721 0.486635 0.852405 0.485849 0.850746 0.485849 0.84743 0.484277 0.844113
0 0.558962 0.84743 0.558176 0.849088 0.558176 0.852405 0.558962 0.854063 0.558962 0.875622 0.559748 0.87728 0.560535 0.87728 0.562107 0.873964 0.562107 0.870647 0.561321 0.868988 0.561321 0.862355 0.560535 0.860697 0.560535 0.849088 0.559748 0.84743
0 0.835692 0.250415 0.834906 0.252073 0.834906 0.25539 0.836478 0.258706 0.839623 0.258706 0.840409 0.257048 0.840409 0.253731 0.838836 0.250415
0 0.877358 0.461028 0.876572 0.462687 0.874214 0.462687 0.873428 0.464345 0.865566 0.464345 0.86478 0.466003 0.861635 0.466003 0.860849 0.467662 0.860063 0.467662 0.859277 0.46932 0.858491 0.46932 0.856918 0.472637 0.856918 0.47927 0.858491 0.482587 0.861635 0.482587 0.862421 0.484245 0.865566 0.484245 0.866352 0.485904 0.870283 0.485904 0.871855 0.482587 0.876572 0.482587 0.877358 0.480929 0.879717 0.480929 0.880503 0.47927 0.882075 0.47927 0.884434 0.474295 0.884434 0.466003 0.882075 0.461028
0 0.128931 0.713101 0.128145 0.71476 0.126572 0.71476 0.125786 0.716418 0.125 0.716418 0.124214 0.718076 0.122642 0.718076 0.121069 0.721393 0.120283 0.721393 0.119497 0.723051 0.118711 0.723051 0.117925 0.72471 0.117138 0.72471 0.115566 0.728027 0.115566 0.729685 0.11478 0.731343 0.11478 0.741294 0.117138 0.746269 0.121855 0.746269 0.122642 0.74461 0.123428 0.74461 0.124214 0.742952 0.125786 0.742952 0.126572 0.741294 0.127358 0.741294 0.129717 0.736318 0.129717 0.73466 0.130503 0.733002 0.130503 0.719735 0.131289 0.718076 0.131289 0.716418 0.129717 0.713101
0 0.124214 0.573798 0.123428 0.575456 0.121069 0.575456 0.120283 0.577114 0.120283 0.578773 0.119497 0.580431 0.119497 0.58209 0.121069 0.585406 0.122642 0.585406 0.123428 0.587065 0.126572 0.587065 0.128931 0.58209 0.128931 0.578773 0.128145 0.577114 0.127358 0.577114 0.126572 0.575456 0.125786 0.575456 0.125 0.573798
0 0.534591 0.155887 0.533019 0.159204 0.533019 0.160862 0.532233 0.162521 0.532233 0.197347 0.533019 0.199005 0.533019 0.200663 0.534591 0.20398 0.53695 0.20398 0.540094 0.197347 0.540094 0.165837 0.539308 0.164179 0.539308 0.159204 0.537736 0.155887
0 0.527516 0.832504 0.52673 0.834163 0.52673 0.84743 0.527516 0.849088 0.527516 0.852405 0.528302 0.854063 0.528302 0.85738 0.529874 0.860697 0.529874 0.865672 0.53066 0.86733 0.53066 0.868988 0.531447 0.870647 0.531447 0.873964 0.532233 0.875622 0.532233 0.878939 0.533805 0.882255 0.53695 0.882255 0.537736 0.880597 0.537736 0.864013 0.53695 0.862355 0.53695 0.855721 0.536164 0.854063 0.536164 0.850746 0.535377 0.849088 0.535377 0.845771 0.529088 0.832504
0 0.242925 0.820896 0.238994 0.829187 0.238994 0.830846 0.237421 0.834163 0.237421 0.835821 0.235849 0.839138 0.235849 0.842454 0.235063 0.844113 0.235063 0.845771 0.233491 0.849088 0.233491 0.850746 0.232704 0.852405 0.232704 0.854063 0.231918 0.855721 0.231918 0.85738 0.231132 0.859038 0.231132 0.864013 0.231918 0.865672 0.231918 0.86733 0.233491 0.870647 0.235063 0.870647 0.235849 0.872305 0.236635 0.872305 0.237421 0.870647 0.238208 0.870647 0.23978 0.86733 0.23978 0.865672 0.242925 0.859038 0.242925 0.855721 0.244497 0.852405 0.244497 0.850746 0.245283 0.849088 0.245283 0.84743 0.247642 0.842454 0.247642 0.840796 0.249214 0.837479 0.249214 0.834163 0.25 0.832504 0.25 0.825871 0.249214 0.824212 0.249214 0.822554 0.248428 0.820896
0 0.286164 0.819237 0.283805 0.824212 0.283805 0.825871 0.283019 0.827529 0.283019 0.829187 0.281447 0.832504 0.281447 0.835821 0.279874 0.839138 0.279874 0.844113 0.279088 0.845771 0.279088 0.849088 0.278302 0.850746 0.278302 0.873964 0.279088 0.875622 0.279088 0.87728 0.279874 0.878939 0.283019 0.878939 0.283805 0.87728 0.284591 0.87728 0.285377 0.875622 0.285377 0.864013 0.284591 0.862355 0.284591 0.85738 0.285377 0.855721 0.285377 0.84743 0.286164 0.845771 0.286164 0.844113 0.28695 0.842454 0.28695 0.837479 0.287736 0.835821 0.287736 0.834163 0.288522 0.832504 0.288522 0.827529 0.289308 0.825871 0.289308 0.824212 0.288522 0.822554 0.288522 0.820896 0.287736 0.819237
0 0.190252 0.817579 0.188679 0.820896 0.187893 0.820896 0.187107 0.822554 0.187107 0.824212 0.183962 0.830846 0.183962 0.839138 0.184748 0.839138 0.185535 0.840796 0.186321 0.840796 0.187107 0.842454 0.187893 0.842454 0.188679 0.840796 0.190252 0.840796 0.191038 0.839138 0.191824 0.839138 0.191824 0.837479 0.19261 0.835821 0.19261 0.834163 0.193396 0.832504 0.193396 0.830846 0.194182 0.829187 0.194182 0.820896 0.19261 0.817579
0 0.374214 0.854063 0.372642 0.85738 0.372642 0.860697 0.371069 0.864013 0.371069 0.907131 0.371855 0.908789 0.374214 0.908789 0.377358 0.902156 0.377358 0.885572 0.378145 0.883914 0.378145 0.859038 0.375786 0.854063
0 0.169811 0.779436 0.169025 0.781095 0.169025 0.782753 0.168239 0.784411 0.168239 0.78607 0.167453 0.787728 0.166667 0.787728 0.166667 0.789386 0.165881 0.791045 0.165094 0.791045 0.165094 0.792703 0.162736 0.797678 0.162736 0.799337 0.16195 0.800995 0.16195 0.810945 0.162736 0.812604 0.164308 0.812604 0.165094 0.814262 0.166667 0.814262 0.167453 0.812604 0.168239 0.812604 0.169025 0.810945 0.169811 0.810945 0.170597 0.809287 0.171384 0.809287 0.175314 0.800995 0.175314 0.79602 0.173742 0.792703 0.173742 0.791045 0.172956 0.789386 0.172956 0.787728 0.17217 0.78607 0.17217 0.779436
0 0.116352 0.482587 0.115566 0.484245 0.115566 0.485904 0.11478 0.487562 0.11478 0.492537 0.120283 0.504146 0.121069 0.504146 0.121855 0.505804 0.122642 0.505804 0.123428 0.507463 0.125 0.507463 0.125786 0.509121 0.128931 0.509121 0.129717 0.510779 0.132075 0.510779 0.132862 0.509121 0.132862 0.502488 0.131289 0.499171 0.130503 0.499171 0.129717 0.497512 0.128931 0.497512 0.128145 0.495854 0.127358 0.495854 0.125 0.490879 0.124214 0.490879 0.123428 0.489221 0.122642 0.489221 0.121069 0.485904 0.120283 0.485904 0.118711 0.482587
0 0.862421 0.311774 0.861635 0.313433 0.860849 0.313433 0.857704 0.320066 0.856918 0.320066 0.856132 0.321725 0.85456 0.321725 0.852987 0.325041 0.852201 0.325041 0.850629 0.328358 0.850629 0.330017 0.849843 0.331675 0.849843 0.339967 0.850629 0.341625 0.853774 0.341625 0.85456 0.339967 0.855346 0.339967 0.856132 0.338308 0.860063 0.338308 0.860849 0.33665 0.862421 0.33665 0.863208 0.334992 0.863994 0.334992 0.86478 0.333333 0.86478 0.331675 0.867138 0.3267 0.867138 0.323383 0.867925 0.321725 0.867925 0.318408 0.866352 0.315091 0.865566 0.315091 0.86478 0.313433 0.863994 0.313433 0.863208 0.311774
0 0.125786 0.59204 0.124214 0.595357 0.124214 0.600332 0.125 0.600332 0.125786 0.60199 0.125786 0.603648 0.129717 0.603648 0.130503 0.60199 0.130503 0.598673 0.131289 0.597015 0.131289 0.595357 0.130503 0.595357 0.129717 0.593698 0.129717 0.59204
0 0.245283 0.290216 0.243711 0.293532 0.243711 0.295191 0.244497 0.296849 0.246855 0.296849 0.247642 0.295191 0.247642 0.291874 0.246855 0.290216
