0 0.927734 0.816406 0.926758 0.817383 0.924805 0.817383 0.923828 0.818359 0.922852 0.818359 0.921875 0.819336 0.921875 0.820312 0.920898 0.821289 0.920898 0.822266 0.919922 0.823242 0.919922 0.824219 0.918945 0.825195 0.918945 0.826172 0.917969 0.827148 0.917969 0.829102 0.916992 0.830078 0.916992 0.831055 0.917969 0.832031 0.917969 0.834961 0.920898 0.837891 0.921875 0.837891 0.922852 0.838867 0.923828 0.838867 0.924805 0.839844 0.925781 0.839844 0.926758 0.84082 0.928711 0.84082 0.929688 0.841797 0.933594 0.841797 0.93457 0.84082 0.935547 0.84082 0.938477 0.837891 0.939453 0.837891 0.942383 0.834961 0.942383 0.833984 0.944336 0.832031 0.944336 0.829102 0.945312 0.828125 0.945312 0.824219 0.944336 0.823242 0.944336 0.822266 0.94043 0.818359 0.938477 0.818359 0.9375 0.817383 0.936523 0.817383 0.935547 0.816406
0 0.798828 0.697266 0.794922 0.701172 0.794922 0.702148 0.793945 0.703125 0.793945 0.704102 0.790039 0.708008 0.790039 0.711914 0.791016 0.712891 0.791992 0.712891 0.792969 0.713867 0.801758 0.713867 0.802734 0.712891 0.807617 0.712891 0.8125 0.708008 0.8125 0.704102 0.810547 0.702148 0.810547 0.699219 0.808594 0.697266
0 0.170898 0.124023 0.164062 0.130859 0.164062 0.132812 0.166016 0.134766 0.166016 0.135742 0.167969 0.137695 0.167969 0.138672 0.168945 0.139648 0.170898 0.139648 0.171875 0.140625 0.174805 0.140625 0.176758 0.142578 0.179688 0.142578 0.185547 0.136719 0.185547 0.135742 0.186523 0.134766 0.186523 0.129883 0.183594 0.126953 0.183594 0.125977 0.182617 0.125977 0.181641 0.125 0.180664 0.125 0.179688 0.124023
0 0.362305 0.994141 0.361328 0.995117 0.360352 0.995117 0.357422 0.998047 0.357422 0.999023 0.371094 0.999023 0.371094 0.998047 0.370117 0.99707 0.370117 0.996094 0.369141 0.995117 0.368164 0.995117 0.367188 0.994141
0 0.391602 0.291016 0.390625 0.291992 0.390625 0.292969 0.392578 0.294922 0.392578 0.297852 0.394531 0.299805 0.398438 0.299805 0.399414 0.298828 0.399414 0.296875 0.398438 0.295898 0.398438 0.294922 0.396484 0.292969 0.395508 0.292969 0.393555 0.291016
0 0.265625 0.543945 0.262695 0.546875 0.262695 0.549805 0.261719 0.550781 0.261719 0.553711 0.263672 0.555664 0.264648 0.555664 0.265625 0.556641 0.271484 0.556641 0.274414 0.553711 0.274414 0.547852 0.273438 0.546875 0.273438 0.545898 0.271484 0.543945
0 0.972656 0.796875 0.97168 0.797852 0.964844 0.797852 0.963867 0.798828 0.963867 0.799805 0.962891 0.800781 0.962891 0.804688 0.963867 0.805664 0.963867 0.807617 0.964844 0.808594 0.964844 0.80957 0.96582 0.810547 0.96582 0.811523 0.967773 0.813477 0.96875 0.813477 0.970703 0.81543 0.97168 0.81543 0.972656 0.816406 0.979492 0.816406 0.980469 0.817383 0.984375 0.817383 0.985352 0.818359 0.987305 0.818359 0.988281 0.817383 0.988281 0.816406 0.989258 0.81543 0.989258 0.814453 0.990234 0.813477 0.990234 0.806641 0.987305 0.803711 0.987305 0.802734 0.983398 0.798828 0.981445 0.798828 0.980469 0.797852 0.978516 0.797852 0.977539 0.796875
0 0.546875 0.691406 0.545898 0.692383 0.535156 0.692383 0.53418 0.693359 0.533203 0.693359 0.532227 0.694336 0.53125 0.694336 0.530273 0.695312 0.529297 0.695312 0.526367 0.698242 0.526367 0.701172 0.525391 0.702148 0.525391 0.705078 0.526367 0.706055 0.526367 0.708008 0.527344 0.708984 0.529297 0.708984 0.530273 0.709961 0.53125 0.709961 0.532227 0.710938 0.538086 0.710938 0.540039 0.708984 0.541992 0.708984 0.542969 0.708008 0.543945 0.708008 0.545898 0.706055 0.546875 0.706055 0.547852 0.705078 0.548828 0.705078 0.549805 0.704102 0.550781 0.704102 0.554688 0.700195 0.554688 0.698242 0.556641 0.696289 0.556641 0.694336 0.557617 0.693359 0.557617 0.692383 0.556641 0.691406
0 0.941406 0.801758 0.939453 0.803711 0.939453 0.807617 0.94043 0.808594 0.94043 0.813477 0.941406 0.814453 0.944336 0.814453 0.949219 0.80957 0.949219 0.806641 0.946289 0.803711 0.945312 0.803711 0.943359 0.801758
0 0.833008 0.0273438 0.832031 0.0283203 0.832031 0.0292969 0.831055 0.0302734 0.831055 0.0380859 0.832031 0.0390625 0.832031 0.0410156 0.833008 0.0419922 0.833008 0.0429688 0.834961 0.0449219 0.835938 0.0449219 0.836914 0.0458984 0.837891 0.0458984 0.841797 0.0419922 0.841797 0.0390625 0.842773 0.0380859 0.842773 0.0332031 0.841797 0.0322266 0.841797 0.0302734 0.838867 0.0273438
0 0.393555 0.28125 0.391602 0.283203 0.391602 0.286133 0.392578 0.287109 0.392578 0.288086 0.393555 0.289062 0.393555 0.290039 0.394531 0.290039 0.397461 0.287109 0.397461 0.285156 0.398438 0.28418 0.398438 0.283203 0.396484 0.28125
0 0.358398 0.546875 0.357422 0.547852 0.357422 0.548828 0.356445 0.549805 0.356445 0.553711 0.359375 0.553711 0.362305 0.550781 0.362305 0.547852 0.361328 0.546875
0 0 0.380859 0 0.435547 0.000976562 0.435547 0.000976562 0.380859
0 0.385742 0.393555 0.384766 0.394531 0.383789 0.394531 0.382812 0.395508 0.381836 0.395508 0.37793 0.399414 0.37793 0.408203 0.379883 0.410156 0.379883 0.411133 0.382812 0.414062 0.396484 0.414062 0.397461 0.413086 0.398438 0.413086 0.40332 0.408203 0.40332 0.407227 0.404297 0.40625 0.404297 0.400391 0.40332 0.399414 0.40332 0.398438 0.400391 0.395508 0.399414 0.395508 0.398438 0.394531 0.397461 0.394531 0.396484 0.393555
0 0.106445 0.475586 0.105469 0.476562 0.104492 0.476562 0.100586 0.480469 0.100586 0.482422 0.0996094 0.483398 0.0996094 0.486328 0.100586 0.487305 0.100586 0.488281 0.104492 0.492188 0.105469 0.492188 0.106445 0.493164 0.112305 0.493164 0.113281 0.492188 0.114258 0.492188 0.116211 0.490234 0.116211 0.489258 0.117188 0.488281 0.117188 0.482422 0.116211 0.481445 0.116211 0.480469 0.113281 0.477539 0.112305 0.477539 0.111328 0.476562 0.110352 0.476562 0.109375 0.475586
0 0.120117 0.480469 0.119141 0.481445 0.119141 0.487305 0.120117 0.488281 0.12207 0.488281 0.123047 0.487305 0.123047 0.486328 0.124023 0.485352 0.124023 0.482422 0.12207 0.480469
0 0.888672 0.741211 0.886719 0.743164 0.884766 0.743164 0.883789 0.744141 0.883789 0.75293 0.882812 0.753906 0.882812 0.759766 0.884766 0.761719 0.891602 0.761719 0.892578 0.760742 0.893555 0.760742 0.895508 0.758789 0.896484 0.758789 0.899414 0.755859 0.899414 0.754883 0.901367 0.75293 0.901367 0.75 0.897461 0.746094 0.897461 0.745117 0.896484 0.744141 0.895508 0.744141 0.894531 0.743164 0.893555 0.743164 0.892578 0.742188 0.891602 0.742188 0.890625 0.741211
0 0.679688 0 0.679688 0.00390625 0.678711 0.00488281 0.678711 0.0078125 0.682617 0.0117188 0.682617 0.0126953 0.686523 0.0166016 0.6875 0.0166016 0.688477 0.0175781 0.694336 0.0175781 0.695312 0.0166016 0.698242 0.0166016 0.699219 0.015625 0.701172 0.015625 0.705078 0.0117188 0.705078 0.00976562 0.706055 0.00878906 0.706055 0.00390625 0.705078 0.00292969 0.705078 0.00195312 0.704102 0.000976562 0.702148 0.000976562 0.701172 0
0 0.886719 0.834961 0.883789 0.837891 0.883789 0.84082 0.884766 0.841797 0.888672 0.841797 0.889648 0.84082 0.890625 0.84082 0.891602 0.839844 0.891602 0.836914 0.889648 0.834961
0 0.660156 0.493164 0.658203 0.495117 0.658203 0.496094 0.657227 0.49707 0.657227 0.500977 0.65625 0.501953 0.65625 0.505859 0.65918 0.508789 0.663086 0.508789 0.665039 0.506836 0.665039 0.505859 0.666016 0.504883 0.666016 0.500977 0.666992 0.5 0.666992 0.498047 0.666016 0.49707 0.666016 0.495117 0.664062 0.493164
0 0.27832 0.560547 0.277344 0.561523 0.277344 0.564453 0.27832 0.56543 0.280273 0.56543 0.28125 0.564453 0.28125 0.561523 0.280273 0.560547
0 0.00488281 0.616211 0.00488281 0.635742 0.00683594 0.635742 0.00683594 0.616211
0 0.28125 0.174805 0.280273 0.175781 0.276367 0.175781 0.274414 0.177734 0.274414 0.181641 0.273438 0.182617 0.273438 0.183594 0.272461 0.18457 0.272461 0.188477 0.271484 0.189453 0.271484 0.191406 0.272461 0.192383 0.272461 0.193359 0.273438 0.194336 0.273438 0.195312 0.276367 0.198242 0.27832 0.198242 0.28125 0.195312 0.282227 0.195312 0.283203 0.194336 0.285156 0.194336 0.286133 0.193359 0.287109 0.193359 0.289062 0.191406 0.289062 0.19043 0.291016 0.188477 0.291016 0.185547 0.291992 0.18457 0.291992 0.183594 0.291016 0.182617 0.291016 0.181641 0.290039 0.180664 0.290039 0.177734 0.289062 0.176758 0.288086 0.176758 0.287109 0.175781 0.286133 0.175781 0.285156 0.174805
0 0.870117 0.928711 0.869141 0.929688 0.867188 0.929688 0.863281 0.933594 0.863281 0.93457 0.861328 0.936523 0.861328 0.9375 0.860352 0.938477 0.860352 0.94043 0.859375 0.941406 0.859375 0.946289 0.860352 0.947266 0.860352 0.948242 0.861328 0.949219 0.861328 0.950195 0.864258 0.953125 0.865234 0.953125 0.866211 0.954102 0.870117 0.954102 0.871094 0.953125 0.874023 0.953125 0.875 0.952148 0.875977 0.952148 0.881836 0.946289 0.881836 0.944336 0.882812 0.943359 0.882812 0.942383 0.883789 0.941406 0.883789 0.936523 0.882812 0.935547 0.882812 0.933594 0.878906 0.929688 0.87793 0.929688 0.876953 0.928711
0 0.00488281 0.179688 0.00488281 0.185547 0.00683594 0.1875 0.00878906 0.1875 0.00878906 0.182617 0.00976562 0.181641 0.00976562 0.179688
0 0.0195312 0.647461 0.0185547 0.648438 0.0175781 0.648438 0.015625 0.650391 0.0146484 0.650391 0.0126953 0.652344 0.0126953 0.661133 0.0117188 0.662109 0.0117188 0.666992 0.0136719 0.668945 0.0136719 0.669922 0.0146484 0.670898 0.015625 0.670898 0.0166016 0.671875 0.0224609 0.671875 0.0234375 0.670898 0.0244141 0.670898 0.0283203 0.666992 0.0292969 0.666992 0.0302734 0.666016 0.0302734 0.665039 0.03125 0.664062 0.03125 0.661133 0.0322266 0.660156 0.0322266 0.657227 0.03125 0.65625 0.03125 0.652344 0.0302734 0.651367 0.0302734 0.649414 0.0292969 0.648438 0.0283203 0.648438 0.0273438 0.647461
0 0.885742 0.842773 0.884766 0.84375 0.884766 0.848633 0.886719 0.850586 0.892578 0.850586 0.892578 0.844727 0.891602 0.84375 0.890625 0.84375 0.889648 0.842773
0 0.381836 0.129883 0.380859 0.130859 0.376953 0.130859 0.375977 0.131836 0.371094 0.131836 0.367188 0.135742 0.367188 0.137695 0.368164 0.138672 0.368164 0.141602 0.367188 0.142578 0.367188 0.146484 0.368164 0.147461 0.370117 0.147461 0.371094 0.148438 0.37207 0.148438 0.373047 0.149414 0.375 0.149414 0.375977 0.150391 0.37793 0.150391 0.378906 0.149414 0.379883 0.149414 0.388672 0.140625 0.388672 0.139648 0.387695 0.138672 0.387695 0.132812 0.384766 0.129883
0 0.675781 0.650391 0.674805 0.651367 0.672852 0.651367 0.671875 0.652344 0.670898 0.652344 0.669922 0.65332 0.668945 0.65332 0.667969 0.654297 0.667969 0.655273 0.666016 0.657227 0.666016 0.65918 0.665039 0.660156 0.665039 0.664062 0.666016 0.665039 0.666016 0.666016 0.671875 0.671875 0.678711 0.671875 0.679688 0.670898 0.680664 0.670898 0.683594 0.667969 0.683594 0.666992 0.68457 0.666016 0.68457 0.665039 0.685547 0.664062 0.685547 0.663086 0.686523 0.662109 0.686523 0.655273 0.683594 0.652344 0.682617 0.652344 0.681641 0.651367 0.680664 0.651367 0.679688 0.650391
0 0.859375 0.767578 0.858398 0.768555 0.857422 0.768555 0.853516 0.772461 0.853516 0.774414 0.852539 0.775391 0.852539 0.782227 0.853516 0.783203 0.853516 0.78418 0.854492 0.785156 0.854492 0.786133 0.855469 0.787109 0.856445 0.787109 0.858398 0.789062 0.859375 0.789062 0.860352 0.788086 0.863281 0.788086 0.864258 0.789062 0.866211 0.789062 0.868164 0.787109 0.868164 0.786133 0.869141 0.785156 0.869141 0.78418 0.870117 0.783203 0.870117 0.77832 0.871094 0.777344 0.871094 0.775391 0.870117 0.774414 0.870117 0.772461 0.867188 0.769531 0.866211 0.769531 0.865234 0.768555 0.864258 0.768555 0.863281 0.767578
0 0.771484 0.438477 0.771484 0.442383 0.770508 0.443359 0.770508 0.448242 0.771484 0.449219 0.772461 0.449219 0.773438 0.450195 0.775391 0.450195 0.776367 0.449219 0.777344 0.449219 0.77832 0.448242 0.77832 0.442383 0.776367 0.44043 0.776367 0.438477
0 0.587891 0.90625 0.586914 0.907227 0.583984 0.907227 0.583008 0.908203 0.582031 0.908203 0.579102 0.911133 0.579102 0.912109 0.578125 0.913086 0.578125 0.915039 0.577148 0.916016 0.577148 0.920898 0.578125 0.921875 0.578125 0.925781 0.579102 0.926758 0.579102 0.927734 0.580078 0.928711 0.580078 0.929688 0.583008 0.932617 0.588867 0.932617 0.589844 0.933594 0.592773 0.933594 0.59375 0.932617 0.595703 0.932617 0.603516 0.924805 0.603516 0.922852 0.604492 0.921875 0.604492 0.919922 0.605469 0.918945 0.605469 0.915039 0.604492 0.914062 0.604492 0.912109 0.599609 0.907227 0.598633 0.907227 0.597656 0.90625
0 0.945312 0.797852 0.943359 0.799805 0.943359 0.800781 0.945312 0.802734 0.949219 0.802734 0.950195 0.803711 0.951172 0.803711 0.952148 0.802734 0.952148 0.799805 0.950195 0.797852
0 0.607422 0.913086 0.606445 0.914062 0.606445 0.918945 0.605469 0.919922 0.605469 0.921875 0.604492 0.922852 0.604492 0.924805 0.599609 0.929688 0.599609 0.931641 0.600586 0.932617 0.600586 0.93457 0.601562 0.935547 0.602539 0.935547 0.603516 0.936523 0.604492 0.936523 0.605469 0.9375 0.609375 0.9375 0.610352 0.936523 0.611328 0.936523 0.614258 0.933594 0.614258 0.932617 0.615234 0.931641 0.615234 0.930664 0.616211 0.929688 0.616211 0.924805 0.615234 0.923828 0.615234 0.919922 0.614258 0.918945 0.614258 0.917969 0.613281 0.916992 0.613281 0.916016 0.610352 0.913086
0 0.299805 0.194336 0.298828 0.195312 0.297852 0.195312 0.296875 0.196289 0.295898 0.196289 0.291016 0.201172 0.291016 0.207031 0.291992 0.208008 0.291992 0.210938 0.295898 0.214844 0.298828 0.214844 0.299805 0.21582 0.301758 0.21582 0.302734 0.216797 0.3125 0.216797 0.316406 0.212891 0.316406 0.211914 0.317383 0.210938 0.317383 0.208984 0.318359 0.208008 0.318359 0.206055 0.319336 0.205078 0.319336 0.203125 0.313477 0.197266 0.313477 0.196289 0.311523 0.194336
0 0.0888672 0.275391 0.0878906 0.276367 0.0859375 0.276367 0.0839844 0.27832 0.0839844 0.279297 0.0830078 0.280273 0.0830078 0.289062 0.0849609 0.291016 0.0849609 0.291992 0.0898438 0.296875 0.0908203 0.296875 0.0917969 0.297852 0.0966797 0.297852 0.0986328 0.295898 0.0986328 0.294922 0.100586 0.292969 0.100586 0.289062 0.101562 0.288086 0.101562 0.283203 0.0986328 0.280273 0.0976562 0.280273 0.09375 0.276367 0.0927734 0.276367 0.0917969 0.275391
0 0.124023 0.472656 0.12207 0.474609 0.12207 0.479492 0.123047 0.480469 0.125 0.480469 0.125977 0.479492 0.125977 0.473633 0.125 0.472656
0 0.170898 0.248047 0.169922 0.249023 0.167969 0.249023 0.166992 0.25 0.166016 0.25 0.165039 0.250977 0.164062 0.250977 0.160156 0.254883 0.160156 0.255859 0.15918 0.256836 0.15918 0.257812 0.158203 0.258789 0.158203 0.265625 0.161133 0.268555 0.163086 0.268555 0.164062 0.269531 0.170898 0.269531 0.171875 0.268555 0.172852 0.268555 0.173828 0.267578 0.173828 0.266602 0.176758 0.263672 0.177734 0.263672 0.181641 0.259766 0.181641 0.255859 0.182617 0.254883 0.182617 0.253906 0.181641 0.25293 0.181641 0.251953 0.178711 0.249023 0.177734 0.249023 0.176758 0.248047
0 0.826172 0.267578 0.824219 0.269531 0.822266 0.269531 0.821289 0.270508 0.821289 0.272461 0.819336 0.274414 0.819336 0.28125 0.820312 0.282227 0.820312 0.28418 0.824219 0.288086 0.826172 0.288086 0.827148 0.289062 0.830078 0.289062 0.831055 0.290039 0.838867 0.290039 0.839844 0.289062 0.84082 0.289062 0.841797 0.288086 0.841797 0.277344 0.84082 0.276367 0.84082 0.275391 0.838867 0.273438 0.838867 0.272461 0.835938 0.269531 0.834961 0.269531 0.833008 0.267578
0 0.398438 0.558594 0.396484 0.560547 0.395508 0.560547 0.394531 0.561523 0.394531 0.56543 0.395508 0.566406 0.395508 0.567383 0.396484 0.568359 0.396484 0.570312 0.397461 0.571289 0.397461 0.572266 0.398438 0.573242 0.399414 0.573242 0.402344 0.576172 0.405273 0.576172 0.40625 0.577148 0.408203 0.577148 0.40918 0.576172 0.410156 0.576172 0.412109 0.574219 0.412109 0.573242 0.413086 0.572266 0.413086 0.571289 0.412109 0.570312 0.412109 0.566406 0.408203 0.5625 0.407227 0.5625 0.405273 0.560547 0.404297 0.560547 0.402344 0.558594
0 0.829102 0.706055 0.827148 0.708008 0.827148 0.711914 0.828125 0.712891 0.829102 0.712891 0.830078 0.713867 0.831055 0.713867 0.832031 0.714844 0.833984 0.714844 0.835938 0.712891 0.835938 0.709961 0.832031 0.706055
0 0.225586 0.261719 0.223633 0.263672 0.223633 0.264648 0.21875 0.269531 0.21875 0.271484 0.219727 0.272461 0.219727 0.275391 0.220703 0.276367 0.220703 0.277344 0.222656 0.279297 0.223633 0.279297 0.227539 0.283203 0.229492 0.283203 0.230469 0.282227 0.232422 0.282227 0.233398 0.283203 0.234375 0.283203 0.238281 0.279297 0.239258 0.279297 0.241211 0.277344 0.242188 0.277344 0.244141 0.275391 0.245117 0.275391 0.24707 0.273438 0.24707 0.271484 0.248047 0.270508 0.248047 0.266602 0.24707 0.265625 0.246094 0.265625 0.245117 0.264648 0.239258 0.264648 0.238281 0.263672 0.237305 0.263672 0.236328 0.262695 0.235352 0.262695 0.234375 0.261719
0 0.362305 0.541016 0.361328 0.541992 0.360352 0.541992 0.357422 0.544922 0.357422 0.545898 0.361328 0.545898 0.363281 0.547852 0.363281 0.548828 0.365234 0.548828 0.368164 0.545898 0.368164 0.543945 0.365234 0.541016
0 0.12793 0.09375 0.126953 0.0947266 0.125977 0.0947266 0.123047 0.0976562 0.123047 0.0986328 0.121094 0.100586 0.121094 0.104492 0.120117 0.105469 0.120117 0.112305 0.121094 0.113281 0.121094 0.114258 0.12207 0.115234 0.12207 0.116211 0.123047 0.117188 0.123047 0.118164 0.125 0.120117 0.125977 0.120117 0.126953 0.121094 0.132812 0.121094 0.133789 0.120117 0.135742 0.120117 0.137695 0.118164 0.137695 0.117188 0.138672 0.116211 0.138672 0.115234 0.139648 0.114258 0.139648 0.111328 0.140625 0.110352 0.140625 0.103516 0.139648 0.102539 0.139648 0.101562 0.138672 0.100586 0.138672 0.0996094 0.137695 0.0986328 0.137695 0.0976562 0.134766 0.0947266 0.133789 0.0947266 0.132812 0.09375
0 0.708984 0.888672 0.708008 0.889648 0.707031 0.889648 0.704102 0.892578 0.704102 0.894531 0.703125 0.895508 0.703125 0.898438 0.702148 0.899414 0.702148 0.900391 0.703125 0.901367 0.703125 0.904297 0.704102 0.905273 0.704102 0.90625 0.705078 0.907227 0.705078 0.908203 0.707031 0.910156 0.707031 0.911133 0.708984 0.913086 0.708984 0.914062 0.710938 0.916016 0.713867 0.916016 0.714844 0.915039 0.714844 0.914062 0.719727 0.90918 0.719727 0.893555 0.71582 0.889648 0.714844 0.889648 0.713867 0.888672
0 0.794922 0.491211 0.792969 0.493164 0.791992 0.493164 0.789062 0.496094 0.789062 0.49707 0.788086 0.498047 0.788086 0.499023 0.787109 0.5 0.787109 0.50293 0.786133 0.503906 0.786133 0.505859 0.787109 0.506836 0.787109 0.511719 0.788086 0.512695 0.788086 0.513672 0.790039 0.515625 0.791016 0.515625 0.791992 0.516602 0.796875 0.516602 0.797852 0.515625 0.798828 0.515625 0.799805 0.514648 0.800781 0.514648 0.805664 0.509766 0.805664 0.507812 0.806641 0.506836 0.806641 0.505859 0.807617 0.504883 0.807617 0.50293 0.808594 0.501953 0.808594 0.498047 0.806641 0.496094 0.806641 0.494141 0.803711 0.491211
0 0.824219 0.768555 0.823242 0.769531 0.821289 0.769531 0.820312 0.770508 0.818359 0.770508 0.817383 0.771484 0.816406 0.771484 0.814453 0.773438 0.814453 0.77832 0.81543 0.779297 0.81543 0.78125 0.816406 0.782227 0.816406 0.783203 0.819336 0.786133 0.831055 0.786133 0.833008 0.78418 0.833984 0.78418 0.835938 0.782227 0.838867 0.782227 0.839844 0.78125 0.84082 0.78125 0.841797 0.780273 0.841797 0.777344 0.84082 0.776367 0.84082 0.775391 0.839844 0.774414 0.838867 0.774414 0.837891 0.773438 0.835938 0.773438 0.834961 0.772461 0.833984 0.772461 0.831055 0.769531 0.829102 0.769531 0.828125 0.768555
0 0.259766 0.107422 0.258789 0.108398 0.253906 0.108398 0.25293 0.109375 0.25 0.109375 0.249023 0.110352 0.24707 0.110352 0.246094 0.111328 0.245117 0.111328 0.243164 0.113281 0.243164 0.114258 0.245117 0.116211 0.245117 0.117188 0.246094 0.118164 0.246094 0.121094 0.24707 0.12207 0.24707 0.124023 0.249023 0.125977 0.256836 0.125977 0.257812 0.125 0.267578 0.125 0.270508 0.12207 0.270508 0.113281 0.268555 0.111328 0.267578 0.111328 0.265625 0.109375 0.264648 0.109375 0.263672 0.108398 0.261719 0.108398 0.260742 0.107422
0 0.824219 0.359375 0.822266 0.361328 0.821289 0.361328 0.818359 0.364258 0.818359 0.365234 0.817383 0.366211 0.817383 0.368164 0.816406 0.369141 0.816406 0.373047 0.817383 0.374023 0.817383 0.375977 0.822266 0.380859 0.823242 0.380859 0.824219 0.381836 0.827148 0.381836 0.828125 0.382812 0.830078 0.382812 0.833984 0.378906 0.833984 0.375 0.834961 0.374023 0.834961 0.371094 0.833984 0.370117 0.833984 0.368164 0.833008 0.367188 0.833008 0.366211 0.831055 0.364258 0.831055 0.363281 0.828125 0.360352 0.826172 0.360352 0.825195 0.359375
0 0.274414 0.274414 0.273438 0.275391 0.271484 0.275391 0.269531 0.277344 0.268555 0.277344 0.268555 0.27832 0.267578 0.279297 0.266602 0.279297 0.264648 0.28125 0.264648 0.285156 0.263672 0.286133 0.263672 0.288086 0.264648 0.289062 0.264648 0.291992 0.265625 0.292969 0.265625 0.293945 0.266602 0.294922 0.266602 0.296875 0.268555 0.298828 0.269531 0.298828 0.270508 0.299805 0.275391 0.299805 0.276367 0.298828 0.277344 0.298828 0.27832 0.297852 0.279297 0.297852 0.280273 0.296875 0.28125 0.296875 0.283203 0.294922 0.28418 0.294922 0.285156 0.293945 0.285156 0.292969 0.287109 0.291016 0.287109 0.28125 0.286133 0.280273 0.286133 0.279297 0.282227 0.275391 0.280273 0.275391 0.279297 0.274414
0 0.285156 0.99707 0.285156 0.999023 0.294922 0.999023 0.294922 0.998047 0.288086 0.998047 0.287109 0.99707
0 0.586914 0.713867 0.585938 0.714844 0.584961 0.714844 0.581055 0.71875 0.581055 0.726562 0.582031 0.727539 0.582031 0.728516 0.583008 0.729492 0.583008 0.730469 0.583984 0.731445 0.583984 0.732422 0.587891 0.736328 0.600586 0.736328 0.602539 0.734375 0.602539 0.733398 0.603516 0.732422 0.603516 0.723633 0.602539 0.722656 0.602539 0.72168 0.599609 0.71875 0.599609 0.717773 0.598633 0.716797 0.597656 0.716797 0.59668 0.71582 0.595703 0.71582 0.594727 0.714844 0.591797 0.714844 0.59082 0.713867
0 0.620117 0.0634766 0.619141 0.0644531 0.619141 0.0654297 0.616211 0.0683594 0.616211 0.0693359 0.615234 0.0703125 0.615234 0.0820312 0.617188 0.0839844 0.619141 0.0839844 0.621094 0.0859375 0.624023 0.0859375 0.625 0.0869141 0.628906 0.0869141 0.629883 0.0859375 0.630859 0.0859375 0.632812 0.0839844 0.632812 0.0800781 0.633789 0.0791016 0.633789 0.0703125 0.632812 0.0693359 0.632812 0.0683594 0.631836 0.0673828 0.630859 0.0673828 0.629883 0.0664062 0.62793 0.0664062 0.625977 0.0644531 0.624023 0.0644531 0.623047 0.0634766
0 0.329102 0.09375 0.327148 0.0957031 0.326172 0.0957031 0.323242 0.0986328 0.323242 0.0996094 0.322266 0.100586 0.322266 0.102539 0.321289 0.103516 0.321289 0.106445 0.322266 0.107422 0.322266 0.112305 0.324219 0.114258 0.324219 0.115234 0.325195 0.116211 0.326172 0.116211 0.330078 0.120117 0.335938 0.120117 0.339844 0.116211 0.339844 0.115234 0.34082 0.114258 0.34082 0.111328 0.341797 0.110352 0.341797 0.100586 0.34082 0.0996094 0.34082 0.0986328 0.339844 0.0976562 0.339844 0.0966797 0.338867 0.0957031 0.337891 0.0957031 0.336914 0.0947266 0.335938 0.0947266 0.334961 0.09375
0 0.884766 0.138672 0.881836 0.141602 0.881836 0.142578 0.880859 0.143555 0.880859 0.144531 0.879883 0.145508 0.879883 0.146484 0.880859 0.147461 0.880859 0.152344 0.882812 0.154297 0.884766 0.154297 0.885742 0.155273 0.887695 0.155273 0.888672 0.15625 0.889648 0.15625 0.890625 0.157227 0.893555 0.157227 0.894531 0.158203 0.896484 0.158203 0.897461 0.157227 0.900391 0.157227 0.902344 0.155273 0.90332 0.155273 0.905273 0.15332 0.905273 0.152344 0.90625 0.151367 0.90625 0.150391 0.907227 0.149414 0.907227 0.146484 0.90625 0.145508 0.90625 0.144531 0.905273 0.143555 0.904297 0.143555 0.90332 0.142578 0.902344 0.142578 0.901367 0.141602 0.897461 0.141602 0.896484 0.140625 0.893555 0.140625 0.892578 0.139648 0.890625 0.139648 0.889648 0.138672
0 0.0146484 0.176758 0.0136719 0.177734 0.0126953 0.177734 0.0107422 0.179688 0.0107422 0.181641 0.00976562 0.182617 0.00976562 0.188477 0.0107422 0.189453 0.0107422 0.191406 0.0126953 0.193359 0.0136719 0.193359 0.0146484 0.194336 0.015625 0.194336 0.0166016 0.195312 0.0185547 0.195312 0.0195312 0.196289 0.0205078 0.196289 0.0234375 0.193359 0.0234375 0.192383 0.0244141 0.191406 0.0244141 0.19043 0.0253906 0.189453 0.0253906 0.181641 0.0244141 0.180664 0.0244141 0.179688 0.0224609 0.177734 0.0214844 0.177734 0.0205078 0.176758
0 0.413086 0.546875 0.411133 0.548828 0.411133 0.551758 0.413086 0.553711 0.414062 0.553711 0.415039 0.552734 0.415039 0.551758 0.416016 0.550781 0.416016 0.547852 0.415039 0.546875
0 0.772461 0.431641 0.770508 0.433594 0.770508 0.436523 0.771484 0.4375 0.779297 0.4375 0.780273 0.436523 0.780273 0.435547 0.777344 0.432617 0.776367 0.432617 0.775391 0.431641
0 0.835938 0.701172 0.833008 0.704102 0.833008 0.706055 0.836914 0.709961 0.838867 0.709961 0.839844 0.708984 0.839844 0.707031 0.838867 0.706055 0.838867 0.704102 0.837891 0.703125 0.837891 0.702148 0.836914 0.701172
0 0.115234 0.467773 0.113281 0.469727 0.113281 0.470703 0.112305 0.47168 0.112305 0.472656 0.114258 0.474609 0.117188 0.474609 0.118164 0.473633 0.119141 0.473633 0.120117 0.472656 0.120117 0.469727 0.118164 0.467773
0 0.978516 0.768555 0.977539 0.769531 0.975586 0.769531 0.974609 0.770508 0.973633 0.770508 0.972656 0.771484 0.970703 0.771484 0.969727 0.772461 0.967773 0.772461 0.96582 0.774414 0.96582 0.775391 0.964844 0.776367 0.964844 0.77832 0.966797 0.780273 0.967773 0.780273 0.969727 0.782227 0.970703 0.782227 0.973633 0.785156 0.974609 0.785156 0.976562 0.787109 0.978516 0.787109 0.979492 0.786133 0.981445 0.786133 0.982422 0.785156 0.984375 0.785156 0.985352 0.78418 0.987305 0.78418 0.991211 0.780273 0.991211 0.776367 0.990234 0.775391 0.990234 0.774414 0.989258 0.773438 0.988281 0.773438 0.986328 0.771484 0.983398 0.771484 0.982422 0.770508 0.981445 0.770508 0.979492 0.768555
0 0.818359 0.28418 0.817383 0.285156 0.817383 0.286133 0.816406 0.287109 0.816406 0.289062 0.814453 0.291016 0.814453 0.291992 0.8125 0.293945 0.8125 0.294922 0.811523 0.295898 0.811523 0.301758 0.813477 0.303711 0.813477 0.304688 0.81543 0.306641 0.826172 0.306641 0.827148 0.305664 0.828125 0.305664 0.829102 0.304688 0.830078 0.304688 0.831055 0.303711 0.832031 0.303711 0.836914 0.298828 0.836914 0.297852 0.837891 0.296875 0.837891 0.295898 0.838867 0.294922 0.838867 0.291992 0.837891 0.291016 0.831055 0.291016 0.830078 0.290039 0.827148 0.290039 0.826172 0.289062 0.824219 0.289062 0.819336 0.28418
0 0.399414 0.942383 0.398438 0.943359 0.397461 0.943359 0.392578 0.948242 0.392578 0.949219 0.391602 0.950195 0.391602 0.951172 0.390625 0.952148 0.390625 0.959961 0.391602 0.960938 0.391602 0.961914 0.397461 0.967773 0.399414 0.967773 0.400391 0.96875 0.401367 0.96875 0.402344 0.967773 0.40625 0.967773 0.410156 0.963867 0.410156 0.962891 0.411133 0.961914 0.411133 0.949219 0.410156 0.948242 0.410156 0.947266 0.40918 0.946289 0.40918 0.945312 0.40625 0.942383
0 0.193359 0.37793 0.192383 0.378906 0.19043 0.378906 0.183594 0.385742 0.183594 0.393555 0.18457 0.394531 0.18457 0.395508 0.1875 0.398438 0.193359 0.398438 0.194336 0.397461 0.195312 0.397461 0.196289 0.396484 0.197266 0.396484 0.198242 0.395508 0.198242 0.393555 0.200195 0.391602 0.200195 0.390625 0.201172 0.389648 0.201172 0.384766 0.199219 0.382812 0.199219 0.381836 0.196289 0.378906 0.195312 0.378906 0.194336 0.37793
0 0.362305 0.551758 0.359375 0.554688 0.356445 0.554688 0.355469 0.555664 0.355469 0.557617 0.357422 0.55957 0.361328 0.55957 0.363281 0.557617 0.363281 0.556641 0.364258 0.555664 0.364258 0.552734 0.363281 0.551758
0 0.114258 0.376953 0.113281 0.37793 0.113281 0.384766 0.114258 0.385742 0.117188 0.385742 0.118164 0.384766 0.118164 0.383789 0.119141 0.382812 0.119141 0.378906 0.117188 0.376953
0 0.110352 0.266602 0.110352 0.270508 0.112305 0.270508 0.114258 0.272461 0.114258 0.274414 0.116211 0.274414 0.116211 0.271484 0.115234 0.270508 0.115234 0.267578 0.114258 0.266602
0 0.233398 0.21875 0.232422 0.219727 0.231445 0.219727 0.230469 0.220703 0.229492 0.220703 0.227539 0.222656 0.227539 0.224609 0.226562 0.225586 0.226562 0.231445 0.227539 0.232422 0.227539 0.233398 0.228516 0.234375 0.228516 0.237305 0.229492 0.238281 0.229492 0.239258 0.233398 0.243164 0.236328 0.243164 0.237305 0.244141 0.240234 0.244141 0.243164 0.241211 0.244141 0.241211 0.245117 0.240234 0.248047 0.240234 0.249023 0.239258 0.249023 0.238281 0.246094 0.235352 0.246094 0.229492 0.245117 0.228516 0.245117 0.226562 0.239258 0.220703 0.238281 0.220703 0.236328 0.21875
0 0.142578 0.46875 0.141602 0.469727 0.141602 0.472656 0.142578 0.473633 0.142578 0.475586 0.143555 0.476562 0.144531 0.476562 0.145508 0.475586 0.146484 0.475586 0.148438 0.473633 0.148438 0.470703 0.146484 0.46875
0 0.125 0.484375 0.125 0.485352 0.124023 0.486328 0.124023 0.487305 0.123047 0.488281 0.123047 0.489258 0.124023 0.490234 0.12793 0.490234 0.128906 0.489258 0.128906 0.488281 0.129883 0.487305 0.129883 0.485352 0.128906 0.484375
0 0.698242 0.461914 0.697266 0.462891 0.696289 0.462891 0.695312 0.463867 0.694336 0.463867 0.693359 0.464844 0.692383 0.464844 0.69043 0.466797 0.69043 0.470703 0.695312 0.475586 0.695312 0.476562 0.696289 0.477539 0.696289 0.478516 0.697266 0.479492 0.698242 0.479492 0.701172 0.482422 0.702148 0.482422 0.703125 0.483398 0.711914 0.483398 0.713867 0.481445 0.713867 0.480469 0.71582 0.478516 0.71582 0.474609 0.714844 0.473633 0.714844 0.472656 0.710938 0.46875 0.710938 0.466797 0.707031 0.462891 0.706055 0.462891 0.705078 0.461914
0 0.731445 0.40625 0.730469 0.407227 0.729492 0.407227 0.727539 0.40918 0.726562 0.40918 0.723633 0.412109 0.722656 0.412109 0.719727 0.415039 0.719727 0.417969 0.720703 0.418945 0.720703 0.421875 0.72168 0.422852 0.722656 0.422852 0.723633 0.423828 0.724609 0.423828 0.725586 0.424805 0.736328 0.424805 0.737305 0.423828 0.738281 0.423828 0.739258 0.422852 0.741211 0.422852 0.744141 0.419922 0.744141 0.413086 0.743164 0.412109 0.743164 0.411133 0.741211 0.40918 0.740234 0.40918 0.738281 0.407227 0.736328 0.407227 0.735352 0.40625
