0 0.660156 0.488281 0.652344 0.496094 0.652344 0.503906 0.644531 0.511719 0.644531 0.535156 0.648438 0.539062 0.667969 0.539062 0.671875 0.535156 0.675781 0.535156 0.679688 0.53125 0.679688 0.511719 0.671875 0.503906 0.671875 0.5
0 0.847656 0.847656 0.84375 0.851562 0.839844 0.851562 0.832031 0.859375 0.832031 0.863281 0.828125 0.867188 0.828125 0.886719 0.835938 0.894531 0.839844 0.894531 0.84375 0.898438 0.851562 0.898438 0.855469 0.894531 0.867188 0.894531 0.867188 0.886719 0.875 0.878906 0.875 0.871094 0.878906 0.867188 0.875 0.867188 0.863281 0.855469 0.863281 0.847656
0 0.414062 0.441406 0.410156 0.445312 0.410156 0.453125 0.414062 0.457031 0.421875 0.457031 0.425781 0.453125 0.425781 0.445312 0.421875 0.441406
0 0.4375 0.667969 0.429688 0.675781 0.425781 0.675781 0.425781 0.679688 0.421875 0.683594 0.421875 0.707031 0.425781 0.710938 0.425781 0.714844 0.429688 0.71875 0.433594 0.71875 0.441406 0.726562 0.453125 0.726562 0.457031 0.722656 0.460938 0.722656 0.46875 0.714844 0.472656 0.714844 0.476562 0.710938 0.476562 0.699219 0.480469 0.695312 0.476562 0.691406 0.476562 0.6875 0.472656 0.6875 0.46875 0.683594 0.46875 0.679688 0.464844 0.675781 0.464844 0.671875 0.460938 0.667969
0 0.894531 0.761719 0.894531 0.765625 0.890625 0.769531 0.890625 0.792969 0.894531 0.796875 0.898438 0.796875 0.902344 0.800781 0.90625 0.800781 0.910156 0.796875 0.917969 0.796875 0.921875 0.792969 0.921875 0.773438 0.917969 0.769531 0.917969 0.765625 0.914062 0.761719
0 0.765625 0.707031 0.761719 0.710938 0.757812 0.710938 0.746094 0.722656 0.746094 0.742188 0.75 0.746094 0.75 0.753906 0.757812 0.753906 0.761719 0.757812 0.765625 0.757812 0.769531 0.761719 0.773438 0.761719 0.777344 0.757812 0.785156 0.757812 0.792969 0.75 0.792969 0.746094 0.796875 0.742188 0.796875 0.722656 0.789062 0.714844 0.789062 0.710938 0.785156 0.710938 0.78125 0.707031
0 0 0.261719 0 0.324219 0.0078125 0.324219 0.0117188 0.328125 0.0117188 0.332031 0.0195312 0.332031 0.0234375 0.328125 0.0273438 0.328125 0.03125 0.324219 0.0351562 0.324219 0.0390625 0.320312 0.0390625 0.3125 0.0429688 0.308594 0.0429688 0.285156 0.0390625 0.28125 0.0390625 0.277344 0.0273438 0.265625 0.0234375 0.265625 0.0195312 0.261719
0 0.355469 0.363281 0.351562 0.367188 0.351562 0.378906 0.355469 0.382812 0.363281 0.382812 0.367188 0.378906 0.367188 0.367188 0.363281 0.363281
0 0.925781 0.871094 0.921875 0.875 0.917969 0.875 0.914062 0.878906 0.914062 0.898438 0.925781 0.910156 0.933594 0.910156 0.9375 0.90625 0.9375 0.894531 0.933594 0.890625 0.933594 0.886719 0.9375 0.882812 0.9375 0.875 0.933594 0.871094
0 0.898438 0.472656 0.902344 0.472656 0.90625 0.476562 0.902344 0.480469 0.890625 0.480469 0.886719 0.484375 0.886719 0.503906 0.898438 0.515625 0.914062 0.515625 0.917969 0.511719 0.921875 0.511719 0.929688 0.503906 0.929688 0.484375 0.925781 0.480469 0.925781 0.476562 0.921875 0.476562 0.917969 0.472656
0 0.59375 0.355469 0.589844 0.359375 0.582031 0.359375 0.578125 0.363281 0.578125 0.371094 0.585938 0.378906 0.585938 0.386719 0.59375 0.394531 0.605469 0.394531 0.609375 0.390625 0.609375 0.359375 0.605469 0.355469
0 0.410156 0.769531 0.402344 0.777344 0.394531 0.777344 0.390625 0.78125 0.390625 0.800781 0.402344 0.8125 0.410156 0.8125 0.417969 0.804688 0.433594 0.804688 0.4375 0.800781 0.4375 0.785156 0.433594 0.78125 0.429688 0.78125 0.417969 0.769531
0 0.816406 0.175781 0.8125 0.179688 0.8125 0.195312 0.816406 0.199219 0.839844 0.199219 0.84375 0.195312 0.84375 0.1875 0.839844 0.183594 0.835938 0.183594 0.828125 0.175781
0 0.351562 0.476562 0.347656 0.480469 0.347656 0.488281 0.351562 0.492188 0.359375 0.492188 0.363281 0.488281 0.363281 0.480469 0.359375 0.476562
0 0.550781 0.378906 0.546875 0.382812 0.546875 0.402344 0.558594 0.414062 0.578125 0.414062 0.582031 0.410156 0.582031 0.402344 0.585938 0.398438 0.585938 0.390625 0.582031 0.386719 0.582031 0.378906
0 0.90625 0.824219 0.902344 0.828125 0.902344 0.832031 0.914062 0.84375 0.917969 0.84375 0.921875 0.847656 0.925781 0.847656 0.929688 0.84375 0.929688 0.835938 0.925781 0.832031 0.921875 0.832031 0.914062 0.824219
0 0.664062 0.597656 0.660156 0.601562 0.65625 0.601562 0.65625 0.605469 0.652344 0.609375 0.648438 0.609375 0.648438 0.632812 0.652344 0.636719 0.652344 0.640625 0.65625 0.644531 0.660156 0.644531 0.664062 0.648438 0.683594 0.648438 0.6875 0.644531 0.691406 0.644531 0.703125 0.632812 0.703125 0.613281 0.699219 0.609375 0.695312 0.609375 0.6875 0.601562 0.6875 0.597656
0 0.269531 0.398438 0.265625 0.402344 0.265625 0.40625 0.261719 0.410156 0.257812 0.410156 0.25 0.417969 0.25 0.445312 0.261719 0.457031 0.265625 0.457031 0.269531 0.460938 0.289062 0.460938 0.292969 0.457031 0.292969 0.445312 0.300781 0.4375 0.304688 0.4375 0.304688 0.421875 0.296875 0.414062 0.296875 0.40625 0.289062 0.398438
0 0.28125 0.1875 0.277344 0.191406 0.261719 0.191406 0.246094 0.207031 0.246094 0.21875 0.230469 0.234375 0.230469 0.246094 0.234375 0.25 0.234375 0.253906 0.238281 0.257812 0.238281 0.261719 0.246094 0.269531 0.25 0.269531 0.253906 0.273438 0.273438 0.273438 0.277344 0.269531 0.28125 0.269531 0.285156 0.265625 0.289062 0.265625 0.292969 0.261719 0.296875 0.261719 0.304688 0.253906 0.304688 0.246094 0.308594 0.242188 0.308594 0.214844 0.304688 0.210938 0.304688 0.207031 0.296875 0.199219 0.292969 0.199219
0 0.34375 0.410156 0.339844 0.414062 0.339844 0.421875 0.34375 0.425781 0.351562 0.425781 0.355469 0.421875 0.355469 0.414062 0.351562 0.410156
0 0.363281 0.492188 0.359375 0.496094 0.359375 0.507812 0.363281 0.511719 0.375 0.511719 0.382812 0.503906 0.382812 0.496094 0.378906 0.492188
0 0.417969 0.460938 0.414062 0.464844 0.410156 0.464844 0.40625 0.46875 0.40625 0.488281 0.410156 0.492188 0.4375 0.492188 0.441406 0.488281 0.441406 0.476562 0.4375 0.472656 0.4375 0.46875 0.429688 0.460938
0 0.300781 0.441406 0.296875 0.445312 0.296875 0.476562 0.304688 0.484375 0.320312 0.484375 0.324219 0.480469 0.324219 0.476562 0.332031 0.46875 0.332031 0.457031 0.328125 0.453125 0.328125 0.449219 0.320312 0.441406
0 0.757812 0.503906 0.753906 0.507812 0.75 0.507812 0.75 0.511719 0.746094 0.515625 0.746094 0.539062 0.75 0.542969 0.765625 0.542969 0.777344 0.53125 0.777344 0.511719 0.773438 0.511719 0.765625 0.503906
0 0.632812 0.78125 0.625 0.789062 0.613281 0.789062 0.609375 0.792969 0.609375 0.800781 0.617188 0.808594 0.617188 0.816406 0.621094 0.820312 0.625 0.820312 0.628906 0.824219 0.652344 0.824219 0.660156 0.816406 0.660156 0.785156 0.65625 0.78125
0 0.878906 0.835938 0.875 0.839844 0.871094 0.839844 0.867188 0.84375 0.867188 0.855469 0.875 0.863281 0.898438 0.863281 0.902344 0.867188 0.90625 0.867188 0.910156 0.871094 0.921875 0.871094 0.925781 0.867188 0.925781 0.855469 0.917969 0.847656 0.914062 0.847656 0.902344 0.835938 0.894531 0.835938 0.890625 0.839844 0.886719 0.835938
0 0.636719 0.875 0.632812 0.878906 0.632812 0.882812 0.628906 0.886719 0.628906 0.890625 0.625 0.894531 0.625 0.910156 0.628906 0.914062 0.628906 0.917969 0.632812 0.921875 0.660156 0.921875 0.667969 0.914062 0.667969 0.902344 0.671875 0.898438 0.671875 0.890625 0.664062 0.882812 0.664062 0.878906 0.65625 0.878906 0.652344 0.875
0 0.71875 0.835938 0.714844 0.839844 0.703125 0.839844 0.699219 0.84375 0.695312 0.84375 0.691406 0.847656 0.691406 0.871094 0.699219 0.878906 0.703125 0.878906 0.707031 0.882812 0.722656 0.882812 0.726562 0.878906 0.730469 0.878906 0.738281 0.871094 0.738281 0.863281 0.742188 0.859375 0.742188 0.851562 0.738281 0.847656 0.738281 0.84375 0.734375 0.839844 0.730469 0.839844 0.726562 0.835938
0 0.445312 0.246094 0.441406 0.25 0.4375 0.25 0.429688 0.257812 0.429688 0.265625 0.425781 0.269531 0.425781 0.273438 0.429688 0.277344 0.429688 0.289062 0.4375 0.296875 0.4375 0.304688 0.449219 0.316406 0.457031 0.316406 0.460938 0.320312 0.464844 0.316406 0.480469 0.316406 0.488281 0.308594 0.488281 0.304688 0.492188 0.300781 0.488281 0.296875 0.488281 0.285156 0.484375 0.285156 0.480469 0.28125 0.480469 0.269531 0.476562 0.265625 0.476562 0.261719 0.460938 0.246094
0 0.351562 0.761719 0.34375 0.769531 0.339844 0.769531 0.335938 0.773438 0.335938 0.777344 0.332031 0.78125 0.328125 0.78125 0.328125 0.785156 0.324219 0.789062 0.324219 0.804688 0.328125 0.808594 0.328125 0.816406 0.339844 0.828125 0.351562 0.828125 0.355469 0.832031 0.359375 0.828125 0.371094 0.828125 0.378906 0.820312 0.382812 0.820312 0.386719 0.816406 0.386719 0.8125 0.390625 0.808594 0.390625 0.804688 0.386719 0.800781 0.386719 0.777344 0.382812 0.773438 0.378906 0.773438 0.375 0.777344 0.371094 0.773438 0.371094 0.765625 0.363281 0.765625 0.359375 0.761719
0 0.84375 0.65625 0.839844 0.660156 0.835938 0.660156 0.832031 0.664062 0.832031 0.667969 0.828125 0.671875 0.828125 0.675781 0.832031 0.679688 0.832031 0.683594 0.835938 0.6875 0.835938 0.691406 0.863281 0.691406 0.871094 0.683594 0.871094 0.664062 0.863281 0.664062 0.859375 0.660156 0.859375 0.65625
0 0.34375 0.445312 0.335938 0.453125 0.335938 0.460938 0.339844 0.464844 0.351562 0.464844 0.355469 0.460938 0.355469 0.449219 0.351562 0.445312
0 0.902344 0.5625 0.898438 0.566406 0.890625 0.566406 0.890625 0.570312 0.886719 0.574219 0.886719 0.601562 0.894531 0.609375 0.894531 0.613281 0.898438 0.617188 0.898438 0.621094 0.917969 0.621094 0.933594 0.605469 0.933594 0.578125 0.921875 0.566406 0.914062 0.566406 0.910156 0.5625
0 0.929688 0 0.925781 0.00390625 0.925781 0.0117188 0.917969 0.0195312 0.917969 0.03125 0.921875 0.0351562 0.949219 0.0351562 0.953125 0.03125 0.953125 0.00390625 0.949219 0
0 0.367188 0.523438 0.363281 0.527344 0.347656 0.527344 0.34375 0.53125 0.339844 0.53125 0.335938 0.535156 0.335938 0.554688 0.339844 0.558594 0.339844 0.5625 0.34375 0.566406 0.371094 0.566406 0.375 0.5625 0.378906 0.5625 0.382812 0.558594 0.382812 0.550781 0.378906 0.546875 0.378906 0.527344 0.375 0.523438
0 0.574219 0.683594 0.574219 0.6875 0.570312 0.691406 0.5625 0.691406 0.5625 0.695312 0.558594 0.699219 0.558594 0.726562 0.574219 0.742188 0.589844 0.742188 0.59375 0.738281 0.597656 0.738281 0.605469 0.730469 0.609375 0.730469 0.613281 0.726562 0.613281 0.722656 0.617188 0.71875 0.617188 0.707031 0.613281 0.703125 0.613281 0.699219 0.597656 0.683594
