0 0.660156 0.144531 0.65625 0.148438 0.65625 0.152344 0.652344 0.15625 0.652344 0.179688 0.65625 0.183594 0.65625 0.191406 0.660156 0.195312 0.660156 0.199219 0.664062 0.203125 0.667969 0.203125 0.671875 0.207031 0.683594 0.207031 0.6875 0.203125 0.6875 0.179688 0.683594 0.175781 0.683594 0.167969 0.679688 0.164062 0.679688 0.15625 0.675781 0.152344 0.675781 0.148438 0.671875 0.144531
0 0.132812 0.78125 0.128906 0.785156 0.128906 0.789062 0.125 0.792969 0.125 0.8125 0.128906 0.816406 0.128906 0.820312 0.136719 0.828125 0.15625 0.828125 0.160156 0.824219 0.160156 0.800781 0.15625 0.796875 0.15625 0.792969 0.144531 0.78125
0 0.332031 0.113281 0.328125 0.117188 0.324219 0.117188 0.308594 0.132812 0.308594 0.136719 0.304688 0.140625 0.304688 0.160156 0.3125 0.167969 0.3125 0.175781 0.316406 0.179688 0.316406 0.183594 0.328125 0.183594 0.332031 0.179688 0.335938 0.179688 0.351562 0.164062 0.351562 0.160156 0.359375 0.152344 0.359375 0.148438 0.363281 0.144531 0.363281 0.125 0.351562 0.113281
0 0.617188 0.917969 0.613281 0.921875 0.609375 0.921875 0.605469 0.925781 0.605469 0.941406 0.613281 0.949219 0.644531 0.949219 0.652344 0.941406 0.652344 0.921875 0.648438 0.917969
0 0.605469 0.476562 0.589844 0.492188 0.589844 0.523438 0.59375 0.527344 0.59375 0.53125 0.601562 0.539062 0.613281 0.539062 0.632812 0.519531 0.632812 0.515625 0.636719 0.511719 0.636719 0.492188 0.632812 0.488281 0.632812 0.484375 0.625 0.476562
0 0.488281 0.664062 0.476562 0.675781 0.476562 0.679688 0.472656 0.683594 0.472656 0.691406 0.476562 0.695312 0.476562 0.703125 0.492188 0.71875 0.5 0.71875 0.515625 0.703125 0.515625 0.683594 0.511719 0.679688 0.511719 0.675781 0.503906 0.667969 0.5 0.667969 0.496094 0.664062
0 0.855469 0.777344 0.847656 0.785156 0.847656 0.789062 0.839844 0.796875 0.839844 0.824219 0.84375 0.828125 0.859375 0.828125 0.871094 0.816406 0.871094 0.808594 0.875 0.804688 0.875 0.792969 0.871094 0.789062 0.871094 0.785156 0.867188 0.78125 0.863281 0.78125 0.859375 0.777344
0 0.363281 0.25 0.355469 0.257812 0.355469 0.261719 0.351562 0.265625 0.351562 0.285156 0.367188 0.300781 0.375 0.300781 0.382812 0.292969 0.382812 0.257812 0.375 0.25
0 0.902344 0.285156 0.886719 0.300781 0.886719 0.304688 0.878906 0.3125 0.878906 0.324219 0.875 0.328125 0.875 0.335938 0.878906 0.339844 0.878906 0.34375 0.890625 0.355469 0.894531 0.355469 0.898438 0.359375 0.902344 0.355469 0.90625 0.355469 0.929688 0.332031 0.929688 0.328125 0.933594 0.324219 0.933594 0.296875 0.925781 0.289062 0.921875 0.289062 0.917969 0.285156
0 0.535156 0.792969 0.53125 0.796875 0.523438 0.796875 0.515625 0.804688 0.515625 0.808594 0.511719 0.8125 0.511719 0.839844 0.519531 0.847656 0.539062 0.847656 0.554688 0.832031 0.554688 0.828125 0.558594 0.824219 0.558594 0.808594 0.554688 0.804688 0.554688 0.800781 0.550781 0.796875 0.542969 0.796875 0.539062 0.792969
0 0 0.695312 0 0.753906 0.00390625 0.753906 0.0078125 0.75 0.0117188 0.75 0.015625 0.746094 0.015625 0.738281 0.0195312 0.734375 0.0195312 0.710938 0.015625 0.707031 0.015625 0.703125 0.0078125 0.695312
0 0.5625 0.945312 0.558594 0.949219 0.550781 0.949219 0.546875 0.953125 0.542969 0.953125 0.535156 0.960938 0.535156 0.976562 0.539062 0.980469 0.5625 0.980469 0.566406 0.976562 0.570312 0.976562 0.574219 0.972656 0.574219 0.96875 0.582031 0.960938 0.582031 0.949219 0.578125 0.945312
0 0.078125 0 0.078125 0.00390625 0.0742188 0.0078125 0.0742188 0.015625 0.0820312 0.0234375 0.105469 0.0234375 0.109375 0.0195312 0.109375 0.00390625 0.105469 0
0 0.964844 0.601562 0.960938 0.605469 0.960938 0.609375 0.949219 0.621094 0.949219 0.636719 0.957031 0.644531 0.96875 0.644531 0.972656 0.640625 0.976562 0.640625 0.988281 0.628906 0.988281 0.605469 0.984375 0.601562
0 0.359375 0 0.359375 0.00390625 0.351562 0.0117188 0.351562 0.0273438 0.355469 0.03125 0.359375 0.03125 0.363281 0.0351562 0.367188 0.0351562 0.371094 0.0390625 0.375 0.0390625 0.378906 0.0351562 0.378906 0.03125 0.386719 0.0234375 0.386719 0.015625 0.390625 0.0117188 0.390625 0
0 0.515625 0.078125 0.511719 0.0820312 0.511719 0.0859375 0.507812 0.0898438 0.507812 0.09375 0.5 0.101562 0.5 0.121094 0.503906 0.125 0.507812 0.125 0.511719 0.128906 0.523438 0.128906 0.535156 0.117188 0.535156 0.113281 0.539062 0.109375 0.539062 0.0859375 0.53125 0.078125
0 0.335938 0.558594 0.328125 0.566406 0.328125 0.585938 0.332031 0.589844 0.332031 0.59375 0.335938 0.597656 0.335938 0.601562 0.339844 0.605469 0.339844 0.609375 0.347656 0.617188 0.363281 0.617188 0.371094 0.609375 0.371094 0.574219 0.367188 0.570312 0.367188 0.566406 0.359375 0.558594
0 0.136719 0.484375 0.132812 0.488281 0.125 0.488281 0.113281 0.5 0.113281 0.507812 0.109375 0.511719 0.109375 0.519531 0.113281 0.523438 0.113281 0.53125 0.117188 0.535156 0.117188 0.539062 0.121094 0.542969 0.132812 0.542969 0.136719 0.546875 0.140625 0.546875 0.144531 0.550781 0.148438 0.550781 0.15625 0.542969 0.171875 0.542969 0.175781 0.539062 0.175781 0.511719 0.171875 0.507812 0.171875 0.496094 0.164062 0.488281 0.15625 0.488281 0.152344 0.484375
0 0.15625 0.546875 0.148438 0.554688 0.144531 0.554688 0.144531 0.570312 0.140625 0.574219 0.140625 0.585938 0.144531 0.589844 0.144531 0.597656 0.148438 0.601562 0.152344 0.601562 0.15625 0.605469 0.171875 0.605469 0.171875 0.585938 0.175781 0.582031 0.175781 0.578125 0.179688 0.574219 0.179688 0.558594 0.175781 0.554688 0.175781 0.550781 0.171875 0.546875
0 0.75 0.613281 0.742188 0.621094 0.742188 0.628906 0.738281 0.632812 0.738281 0.65625 0.742188 0.660156 0.742188 0.671875 0.75 0.679688 0.757812 0.679688 0.769531 0.667969 0.769531 0.660156 0.773438 0.65625 0.773438 0.632812 0.769531 0.628906 0.769531 0.625 0.761719 0.617188 0.757812 0.617188 0.753906 0.613281
0 0.328125 0.863281 0.316406 0.875 0.316406 0.878906 0.3125 0.882812 0.3125 0.902344 0.320312 0.910156 0.332031 0.910156 0.347656 0.894531 0.347656 0.875 0.335938 0.863281
0 0.960938 0.203125 0.957031 0.207031 0.953125 0.207031 0.941406 0.21875 0.941406 0.222656 0.929688 0.234375 0.929688 0.242188 0.925781 0.246094 0.925781 0.257812 0.929688 0.261719 0.929688 0.265625 0.941406 0.277344 0.953125 0.277344 0.957031 0.273438 0.960938 0.273438 0.980469 0.253906 0.980469 0.25 0.984375 0.246094 0.984375 0.242188 0.988281 0.238281 0.988281 0.222656 0.984375 0.21875 0.984375 0.214844 0.976562 0.207031 0.96875 0.207031 0.964844 0.203125
0 0.234375 0.476562 0.230469 0.480469 0.226562 0.480469 0.21875 0.488281 0.21875 0.492188 0.214844 0.496094 0.214844 0.511719 0.21875 0.515625 0.21875 0.519531 0.222656 0.523438 0.226562 0.523438 0.230469 0.527344 0.238281 0.527344 0.257812 0.507812 0.257812 0.484375 0.25 0.476562
0 0.285156 0.160156 0.277344 0.167969 0.273438 0.167969 0.269531 0.171875 0.269531 0.175781 0.265625 0.179688 0.265625 0.183594 0.261719 0.1875 0.261719 0.210938 0.269531 0.21875 0.289062 0.21875 0.292969 0.214844 0.296875 0.214844 0.308594 0.203125 0.308594 0.199219 0.3125 0.195312 0.3125 0.179688 0.308594 0.175781 0.308594 0.167969 0.300781 0.160156
0 0.0820312 0.203125 0.078125 0.207031 0.078125 0.214844 0.0742188 0.21875 0.0742188 0.234375 0.078125 0.238281 0.09375 0.238281 0.105469 0.226562 0.105469 0.210938 0.101562 0.207031 0.0976562 0.207031 0.09375 0.203125
