0 0.195312 0.0429688 0.191406 0.046875 0.1875 0.046875 0.171875 0.0625 0.171875 0.0703125 0.167969 0.0742188 0.167969 0.09375 0.171875 0.0976562 0.171875 0.101562 0.183594 0.113281 0.191406 0.113281 0.195312 0.117188 0.230469 0.117188 0.238281 0.109375 0.238281 0.101562 0.242188 0.0976562 0.242188 0.0859375 0.246094 0.0820312 0.246094 0.0703125 0.242188 0.0664062 0.242188 0.0625 0.238281 0.0585938 0.238281 0.0546875 0.230469 0.046875 0.226562 0.046875 0.222656 0.0429688
0 0.269531 0.925781 0.257812 0.9375 0.257812 0.96875 0.261719 0.972656 0.261719 0.976562 0.277344 0.992188 0.277344 0.996094 0.320312 0.996094 0.320312 0.992188 0.324219 0.988281 0.324219 0.984375 0.328125 0.980469 0.328125 0.972656 0.324219 0.96875 0.324219 0.941406 0.316406 0.933594 0.3125 0.933594 0.304688 0.925781
0 0.257812 0.742188 0.25 0.75 0.25 0.757812 0.257812 0.765625 0.261719 0.765625 0.269531 0.757812 0.269531 0.75 0.261719 0.742188
0 0.390625 0.902344 0.371094 0.921875 0.371094 0.925781 0.367188 0.929688 0.367188 0.933594 0.363281 0.9375 0.363281 0.953125 0.371094 0.960938 0.371094 0.964844 0.378906 0.972656 0.382812 0.972656 0.386719 0.976562 0.398438 0.976562 0.402344 0.980469 0.410156 0.980469 0.414062 0.984375 0.421875 0.984375 0.429688 0.976562 0.433594 0.976562 0.4375 0.972656 0.4375 0.964844 0.441406 0.960938 0.441406 0.945312 0.4375 0.941406 0.4375 0.9375 0.433594 0.933594 0.433594 0.929688 0.425781 0.921875 0.425781 0.914062 0.421875 0.910156 0.40625 0.910156 0.398438 0.902344
0 0.0859375 0.753906 0.078125 0.761719 0.078125 0.765625 0.0585938 0.785156 0.0585938 0.796875 0.0546875 0.800781 0.0546875 0.832031 0.0625 0.839844 0.078125 0.839844 0.0820312 0.84375 0.101562 0.84375 0.105469 0.839844 0.113281 0.839844 0.128906 0.824219 0.128906 0.800781 0.132812 0.796875 0.132812 0.792969 0.128906 0.789062 0.128906 0.773438 0.125 0.769531 0.125 0.765625 0.117188 0.757812 0.105469 0.757812 0.101562 0.753906
0 0 0.792969 0 0.875 0.00390625 0.875 0.0078125 0.871094 0.0117188 0.871094 0.015625 0.867188 0.0195312 0.867188 0.0234375 0.863281 0.0234375 0.859375 0.0273438 0.855469 0.0273438 0.851562 0.03125 0.847656 0.03125 0.832031 0 0.800781
0 0.390625 0.773438 0.378906 0.785156 0.375 0.785156 0.371094 0.789062 0.371094 0.792969 0.359375 0.804688 0.359375 0.816406 0.363281 0.820312 0.363281 0.824219 0.367188 0.828125 0.367188 0.832031 0.371094 0.835938 0.375 0.835938 0.382812 0.84375 0.386719 0.84375 0.390625 0.847656 0.394531 0.847656 0.398438 0.84375 0.414062 0.84375 0.417969 0.839844 0.425781 0.839844 0.4375 0.828125 0.4375 0.804688 0.433594 0.800781 0.433594 0.792969 0.421875 0.78125 0.414062 0.78125 0.40625 0.773438
0 0.195312 0.640625 0.191406 0.644531 0.191406 0.652344 0.195312 0.65625 0.203125 0.65625 0.207031 0.652344 0.207031 0.644531 0.203125 0.640625
0 0.601562 0.914062 0.597656 0.917969 0.597656 0.929688 0.601562 0.933594 0.609375 0.933594 0.613281 0.929688 0.613281 0.921875 0.605469 0.914062
0 0.707031 0.695312 0.703125 0.699219 0.691406 0.699219 0.6875 0.703125 0.679688 0.703125 0.675781 0.707031 0.671875 0.707031 0.664062 0.714844 0.664062 0.71875 0.660156 0.722656 0.660156 0.730469 0.664062 0.734375 0.664062 0.746094 0.667969 0.75 0.667969 0.753906 0.675781 0.761719 0.679688 0.761719 0.691406 0.773438 0.710938 0.773438 0.714844 0.769531 0.71875 0.769531 0.726562 0.761719 0.726562 0.753906 0.730469 0.75 0.730469 0.746094 0.734375 0.742188 0.734375 0.726562 0.730469 0.722656 0.730469 0.707031 0.726562 0.703125 0.722656 0.703125 0.714844 0.695312
0 0.308594 0.105469 0.292969 0.121094 0.292969 0.128906 0.289062 0.132812 0.289062 0.140625 0.292969 0.144531 0.292969 0.152344 0.308594 0.167969 0.3125 0.167969 0.316406 0.171875 0.332031 0.171875 0.335938 0.167969 0.339844 0.167969 0.355469 0.152344 0.355469 0.132812 0.351562 0.128906 0.351562 0.121094 0.347656 0.117188 0.34375 0.117188 0.335938 0.109375 0.332031 0.109375 0.328125 0.105469
0 0.574219 0.824219 0.558594 0.839844 0.554688 0.839844 0.539062 0.855469 0.539062 0.859375 0.535156 0.863281 0.535156 0.882812 0.539062 0.886719 0.539062 0.894531 0.542969 0.898438 0.542969 0.902344 0.550781 0.910156 0.566406 0.910156 0.570312 0.90625 0.574219 0.90625 0.582031 0.898438 0.589844 0.898438 0.59375 0.894531 0.605469 0.894531 0.613281 0.886719 0.617188 0.886719 0.621094 0.882812 0.621094 0.871094 0.632812 0.859375 0.632812 0.835938 0.628906 0.832031 0.625 0.832031 0.617188 0.824219
0 0.765625 0.882812 0.753906 0.894531 0.753906 0.898438 0.738281 0.914062 0.738281 0.925781 0.742188 0.929688 0.742188 0.945312 0.738281 0.949219 0.738281 0.96875 0.742188 0.972656 0.742188 0.984375 0.753906 0.996094 0.8125 0.996094 0.816406 0.992188 0.816406 0.988281 0.828125 0.976562 0.828125 0.960938 0.832031 0.957031 0.832031 0.953125 0.835938 0.949219 0.835938 0.933594 0.832031 0.929688 0.832031 0.925781 0.828125 0.921875 0.828125 0.917969 0.816406 0.90625 0.816406 0.902344 0.804688 0.890625 0.796875 0.890625 0.792969 0.886719 0.785156 0.886719 0.78125 0.882812
0 0.652344 0.839844 0.640625 0.851562 0.636719 0.851562 0.636719 0.859375 0.625 0.871094 0.625 0.886719 0.632812 0.894531 0.636719 0.894531 0.648438 0.90625 0.648438 0.910156 0.65625 0.917969 0.667969 0.917969 0.683594 0.902344 0.683594 0.871094 0.679688 0.867188 0.679688 0.863281 0.664062 0.847656 0.664062 0.84375 0.660156 0.839844
0 0.351562 0 0.351562 0.00390625 0.359375 0.0117188 0.363281 0.0117188 0.367188 0.015625 0.382812 0.015625 0.390625 0.0078125 0.394531 0.0078125 0.402344 0
0 0.328125 0.644531 0.324219 0.648438 0.320312 0.648438 0.3125 0.65625 0.308594 0.65625 0.300781 0.664062 0.296875 0.664062 0.292969 0.667969 0.292969 0.671875 0.296875 0.675781 0.296875 0.695312 0.320312 0.71875 0.328125 0.71875 0.332031 0.714844 0.359375 0.714844 0.363281 0.710938 0.363281 0.707031 0.375 0.695312 0.375 0.691406 0.378906 0.6875 0.378906 0.683594 0.371094 0.675781 0.371094 0.671875 0.367188 0.667969 0.367188 0.660156 0.363281 0.65625 0.363281 0.652344 0.355469 0.644531
0 0.25 0.683594 0.246094 0.6875 0.246094 0.695312 0.25 0.699219 0.257812 0.699219 0.265625 0.691406 0.265625 0.6875 0.261719 0.683594
0 0 0 0 0.03125 0.0078125 0.03125 0.0117188 0.0273438 0.0195312 0.0273438 0.0429688 0.00390625 0.0429688 0
0 0.179688 0.136719 0.175781 0.140625 0.167969 0.140625 0.164062 0.144531 0.152344 0.144531 0.148438 0.148438 0.144531 0.148438 0.136719 0.15625 0.136719 0.164062 0.140625 0.167969 0.140625 0.175781 0.144531 0.179688 0.144531 0.183594 0.148438 0.1875 0.148438 0.199219 0.160156 0.210938 0.167969 0.210938 0.171875 0.214844 0.1875 0.214844 0.191406 0.210938 0.199219 0.210938 0.203125 0.207031 0.207031 0.207031 0.210938 0.203125 0.21875 0.203125 0.222656 0.199219 0.222656 0.1875 0.226562 0.183594 0.226562 0.167969 0.222656 0.164062 0.222656 0.160156 0.21875 0.15625 0.21875 0.152344 0.214844 0.148438 0.207031 0.148438 0.199219 0.140625 0.191406 0.140625 0.1875 0.136719
0 0.0742188 0.191406 0.0703125 0.195312 0.0546875 0.195312 0.046875 0.203125 0.046875 0.210938 0.0429688 0.214844 0.0429688 0.222656 0.0390625 0.226562 0.0390625 0.230469 0.0351562 0.234375 0.0351562 0.238281 0.0390625 0.242188 0.0390625 0.246094 0.0429688 0.25 0.0429688 0.257812 0.046875 0.261719 0.046875 0.265625 0.0507812 0.269531 0.0820312 0.269531 0.0859375 0.265625 0.09375 0.265625 0.109375 0.25 0.109375 0.246094 0.113281 0.242188 0.113281 0.214844 0.117188 0.210938 0.117188 0.207031 0.101562 0.191406
