0 0.433594 0.0585938 0.421875 0.0703125 0.421875 0.101562 0.425781 0.105469 0.429688 0.105469 0.433594 0.109375 0.449219 0.109375 0.453125 0.105469 0.457031 0.105469 0.460938 0.101562 0.460938 0.0742188 0.445312 0.0585938
0 0.421875 0.480469 0.414062 0.488281 0.414062 0.492188 0.417969 0.496094 0.417969 0.5 0.425781 0.507812 0.429688 0.507812 0.433594 0.511719 0.445312 0.511719 0.453125 0.503906 0.453125 0.488281 0.445312 0.480469
0 0.136719 0.496094 0.128906 0.503906 0.128906 0.511719 0.132812 0.515625 0.132812 0.519531 0.152344 0.539062 0.164062 0.539062 0.167969 0.535156 0.167969 0.53125 0.171875 0.527344 0.171875 0.519531 0.167969 0.515625 0.167969 0.511719 0.15625 0.5 0.152344 0.5 0.148438 0.496094
0 0.535156 0.0507812 0.53125 0.0546875 0.527344 0.0546875 0.507812 0.0742188 0.507812 0.0859375 0.511719 0.0898438 0.511719 0.0976562 0.523438 0.109375 0.535156 0.109375 0.539062 0.105469 0.542969 0.105469 0.554688 0.09375 0.554688 0.0859375 0.558594 0.0820312 0.558594 0.0664062 0.550781 0.0585938 0.550781 0.0546875 0.546875 0.0507812
0 0.722656 0.152344 0.71875 0.15625 0.71875 0.167969 0.730469 0.179688 0.742188 0.179688 0.746094 0.175781 0.746094 0.167969 0.730469 0.152344
0 0.480469 0 0.480469 0.0117188 0.484375 0.015625 0.5 0.015625 0.507812 0.0078125 0.507812 0
0 0.175781 0.289062 0.171875 0.292969 0.167969 0.292969 0.164062 0.296875 0.164062 0.3125 0.171875 0.320312 0.175781 0.320312 0.179688 0.324219 0.199219 0.324219 0.207031 0.316406 0.207031 0.296875 0.203125 0.292969 0.199219 0.292969 0.195312 0.289062
0 0.6875 0.195312 0.679688 0.203125 0.679688 0.214844 0.683594 0.21875 0.703125 0.21875 0.707031 0.214844 0.707031 0.199219 0.703125 0.195312
0 0.378906 0.164062 0.375 0.167969 0.371094 0.167969 0.351562 0.1875 0.351562 0.203125 0.355469 0.207031 0.363281 0.207031 0.367188 0.203125 0.371094 0.203125 0.375 0.199219 0.375 0.195312 0.382812 0.1875 0.386719 0.1875 0.394531 0.179688 0.394531 0.167969 0.390625 0.164062
0 0.808594 0.957031 0.800781 0.964844 0.800781 0.976562 0.808594 0.984375 0.824219 0.984375 0.828125 0.980469 0.828125 0.960938 0.824219 0.957031
0 0.664062 0.203125 0.660156 0.207031 0.660156 0.238281 0.675781 0.253906 0.6875 0.253906 0.691406 0.25 0.691406 0.242188 0.695312 0.238281 0.695312 0.234375 0.691406 0.230469 0.691406 0.222656 0.683594 0.222656 0.675781 0.214844 0.675781 0.203125
0 0.4375 0.265625 0.433594 0.269531 0.433594 0.273438 0.429688 0.277344 0.429688 0.296875 0.441406 0.308594 0.453125 0.308594 0.457031 0.3125 0.464844 0.3125 0.46875 0.308594 0.472656 0.308594 0.480469 0.300781 0.480469 0.28125 0.472656 0.273438 0.460938 0.273438 0.457031 0.269531 0.453125 0.269531 0.449219 0.265625
0 0.898438 0 0.898438 0.00390625 0.902344 0.0078125 0.902344 0.0117188 0.910156 0.0195312 0.917969 0.0195312 0.921875 0.0234375 0.949219 0.0234375 0.960938 0.0117188 0.960938 0.0078125 0.964844 0.00390625 0.964844 0
0 0.691406 0.125 0.679688 0.136719 0.679688 0.152344 0.683594 0.15625 0.695312 0.15625 0.699219 0.152344 0.699219 0.148438 0.703125 0.144531 0.703125 0.140625 0.707031 0.136719 0.707031 0.128906 0.703125 0.125
0 0.96875 0.390625 0.960938 0.398438 0.953125 0.398438 0.949219 0.402344 0.9375 0.402344 0.9375 0.40625 0.933594 0.410156 0.933594 0.414062 0.9375 0.417969 0.945312 0.410156 0.953125 0.410156 0.964844 0.421875 0.964844 0.429688 0.96875 0.429688 0.972656 0.425781 0.976562 0.425781 0.976562 0.410156 0.980469 0.40625 0.980469 0.402344
0 0.398438 0.417969 0.394531 0.421875 0.390625 0.421875 0.378906 0.433594 0.378906 0.453125 0.382812 0.457031 0.402344 0.457031 0.40625 0.453125 0.414062 0.453125 0.421875 0.445312 0.421875 0.4375 0.425781 0.433594 0.425781 0.425781 0.417969 0.417969
0 0.109375 0.414062 0.109375 0.417969 0.0976562 0.429688 0.0976562 0.433594 0.105469 0.433594 0.113281 0.441406 0.121094 0.441406 0.121094 0.4375 0.128906 0.429688 0.128906 0.417969 0.125 0.414062
0 0.328125 0.125 0.324219 0.128906 0.304688 0.128906 0.300781 0.132812 0.292969 0.132812 0.289062 0.136719 0.285156 0.136719 0.28125 0.140625 0.28125 0.152344 0.292969 0.164062 0.316406 0.164062 0.320312 0.160156 0.332031 0.160156 0.34375 0.148438 0.34375 0.132812 0.339844 0.128906 0.335938 0.128906 0.332031 0.125
0 0.179688 0.132812 0.175781 0.136719 0.171875 0.136719 0.167969 0.140625 0.167969 0.160156 0.175781 0.167969 0.195312 0.167969 0.210938 0.152344 0.210938 0.140625 0.207031 0.136719 0.191406 0.136719 0.1875 0.132812
0 0.855469 0.0898438 0.847656 0.0976562 0.847656 0.121094 0.851562 0.125 0.851562 0.128906 0.855469 0.132812 0.859375 0.132812 0.863281 0.136719 0.875 0.136719 0.882812 0.128906 0.882812 0.125 0.886719 0.121094 0.886719 0.109375 0.875 0.0976562 0.875 0.09375 0.871094 0.0898438
0 0.984375 0.40625 0.980469 0.410156 0.980469 0.429688 0.988281 0.4375 0.996094 0.4375 0.996094 0.40625
0 0.0117188 0.171875 0.0078125 0.175781 0.00390625 0.175781 0 0.179688 0 0.203125 0.00390625 0.207031 0.0234375 0.207031 0.03125 0.199219 0.03125 0.183594 0.0234375 0.175781 0.0195312 0.175781 0.015625 0.171875
0 0.714844 0.0351562 0.710938 0.0390625 0.707031 0.0390625 0.699219 0.046875 0.699219 0.0507812 0.695312 0.0546875 0.695312 0.0625 0.699219 0.0664062 0.699219 0.0703125 0.707031 0.078125 0.71875 0.078125 0.722656 0.0742188 0.730469 0.0742188 0.742188 0.0625 0.742188 0.046875 0.738281 0.0429688 0.738281 0.0390625 0.734375 0.0351562
0 0.839844 0.570312 0.832031 0.578125 0.832031 0.585938 0.839844 0.59375 0.851562 0.59375 0.855469 0.589844 0.855469 0.574219 0.851562 0.570312
0 0.519531 0.953125 0.507812 0.964844 0.507812 0.96875 0.511719 0.972656 0.515625 0.972656 0.519531 0.976562 0.53125 0.976562 0.535156 0.972656 0.535156 0.957031 0.53125 0.953125
0 0.238281 0.46875 0.222656 0.484375 0.222656 0.507812 0.238281 0.523438 0.242188 0.519531 0.242188 0.515625 0.25 0.507812 0.25 0.503906 0.257812 0.496094 0.265625 0.496094 0.269531 0.492188 0.269531 0.484375 0.265625 0.480469 0.265625 0.472656 0.257812 0.472656 0.253906 0.46875
0 0.351562 0.96875 0.347656 0.972656 0.335938 0.972656 0.332031 0.976562 0.328125 0.976562 0.324219 0.980469 0.324219 0.992188 0.328125 0.996094 0.371094 0.996094 0.382812 0.984375 0.382812 0.980469 0.371094 0.96875
0 0.351562 0.253906 0.347656 0.257812 0.34375 0.257812 0.332031 0.269531 0.332031 0.277344 0.335938 0.28125 0.351562 0.28125 0.355469 0.285156 0.363281 0.285156 0.367188 0.289062 0.378906 0.289062 0.382812 0.285156 0.382812 0.261719 0.378906 0.257812 0.375 0.257812 0.371094 0.253906
0 0.476562 0.941406 0.457031 0.960938 0.457031 0.96875 0.464844 0.976562 0.476562 0.976562 0.480469 0.972656 0.484375 0.972656 0.488281 0.96875 0.488281 0.949219 0.480469 0.941406
0 0.722656 0.605469 0.71875 0.609375 0.71875 0.621094 0.722656 0.625 0.730469 0.625 0.734375 0.621094 0.746094 0.621094 0.75 0.617188 0.75 0.613281 0.746094 0.609375 0.738281 0.609375 0.734375 0.605469
0 0.0898438 0.148438 0.078125 0.160156 0.078125 0.167969 0.0820312 0.171875 0.0820312 0.175781 0.09375 0.1875 0.101562 0.1875 0.105469 0.191406 0.117188 0.191406 0.128906 0.179688 0.128906 0.160156 0.117188 0.148438
0 0.222656 0 0.222656 0.015625 0.230469 0.0234375 0.238281 0.0234375 0.242188 0.0195312 0.246094 0.0195312 0.25 0.015625 0.25 0
0 0.269531 0.496094 0.265625 0.5 0.257812 0.5 0.253906 0.503906 0.253906 0.507812 0.265625 0.519531 0.265625 0.523438 0.269531 0.527344 0.269531 0.535156 0.261719 0.542969 0.265625 0.546875 0.28125 0.546875 0.289062 0.539062 0.289062 0.535156 0.292969 0.53125 0.292969 0.511719 0.289062 0.507812 0.289062 0.503906 0.28125 0.496094
0 0.277344 0.308594 0.273438 0.3125 0.273438 0.324219 0.269531 0.328125 0.269531 0.335938 0.277344 0.34375 0.292969 0.34375 0.296875 0.339844 0.296875 0.320312 0.285156 0.308594
0 0.765625 0.625 0.761719 0.628906 0.753906 0.628906 0.75 0.632812 0.746094 0.632812 0.738281 0.640625 0.738281 0.65625 0.75 0.667969 0.761719 0.667969 0.777344 0.652344 0.777344 0.628906 0.773438 0.625
0 0.785156 0.488281 0.777344 0.496094 0.777344 0.507812 0.78125 0.511719 0.785156 0.511719 0.789062 0.515625 0.796875 0.515625 0.804688 0.507812 0.804688 0.503906 0.808594 0.5 0.808594 0.496094 0.800781 0.488281
0 0.910156 0.140625 0.898438 0.152344 0.898438 0.167969 0.90625 0.175781 0.929688 0.175781 0.9375 0.167969 0.9375 0.148438 0.933594 0.144531 0.925781 0.144531 0.921875 0.140625
0 0 0.230469 0 0.257812 0.00390625 0.257812 0.0117188 0.25 0.0117188 0.238281 0.00390625 0.230469
0 0.0859375 0.363281 0.0820312 0.367188 0.0820312 0.371094 0.0859375 0.375 0.0859375 0.386719 0.0898438 0.390625 0.101562 0.390625 0.105469 0.386719 0.105469 0.378906 0.109375 0.375 0.113281 0.375 0.105469 0.367188 0.0976562 0.367188 0.09375 0.363281
0 0.160156 0 0.160156 0.0117188 0.164062 0.015625 0.164062 0.0351562 0.167969 0.0390625 0.167969 0.0664062 0.171875 0.0703125 0.203125 0.0703125 0.207031 0.0664062 0.207031 0.0625 0.195312 0.0625 0.1875 0.0546875 0.1875 0.0351562 0.195312 0.0273438 0.203125 0.0273438 0.210938 0.0351562 0.214844 0.03125 0.214844 0.0273438 0.195312 0.0078125 0.191406 0.0078125 0.183594 0.015625 0.171875 0.015625 0.164062 0.0078125 0.164062 0
0 0.242188 0.214844 0.238281 0.21875 0.238281 0.238281 0.246094 0.246094 0.246094 0.25 0.253906 0.257812 0.265625 0.257812 0.277344 0.246094 0.277344 0.238281 0.273438 0.234375 0.273438 0.226562 0.269531 0.222656 0.269531 0.21875 0.265625 0.214844
0 0.167969 0 0.167969 0.0078125 0.171875 0.0117188 0.183594 0.0117188 0.191406 0.00390625 0.191406 0
0 0.1875 0.394531 0.179688 0.402344 0.179688 0.410156 0.175781 0.414062 0.175781 0.421875 0.179688 0.425781 0.195312 0.425781 0.203125 0.417969 0.203125 0.414062 0.207031 0.410156 0.207031 0.40625 0.210938 0.402344 0.210938 0.398438 0.207031 0.394531
0 0.46875 0.394531 0.464844 0.398438 0.464844 0.414062 0.472656 0.421875 0.472656 0.425781 0.480469 0.433594 0.488281 0.433594 0.492188 0.429688 0.492188 0.40625 0.480469 0.394531
0 0.9375 0.363281 0.933594 0.367188 0.933594 0.394531 0.9375 0.398438 0.949219 0.398438 0.953125 0.394531 0.960938 0.394531 0.96875 0.386719 0.96875 0.382812 0.972656 0.378906 0.972656 0.367188 0.96875 0.363281
0 0.800781 0.386719 0.796875 0.390625 0.792969 0.390625 0.789062 0.394531 0.789062 0.410156 0.800781 0.421875 0.804688 0.421875 0.824219 0.402344 0.824219 0.398438 0.816406 0.390625 0.808594 0.390625 0.804688 0.386719
0 0.046875 0 0.046875 0.0078125 0.0546875 0.015625 0.078125 0.015625 0.0820312 0.0117188 0.0820312 0
0 0.535156 0.339844 0.527344 0.347656 0.523438 0.347656 0.507812 0.363281 0.507812 0.367188 0.511719 0.371094 0.511719 0.375 0.515625 0.378906 0.519531 0.378906 0.523438 0.382812 0.535156 0.382812 0.539062 0.378906 0.539062 0.375 0.546875 0.367188 0.546875 0.34375 0.542969 0.339844
0 0.757812 0.949219 0.753906 0.953125 0.75 0.953125 0.742188 0.960938 0.742188 0.976562 0.746094 0.980469 0.769531 0.980469 0.777344 0.972656 0.777344 0.960938 0.765625 0.949219
0 0.402344 0.046875 0.386719 0.0625 0.386719 0.0820312 0.390625 0.0859375 0.390625 0.0898438 0.398438 0.0976562 0.40625 0.0976562 0.410156 0.09375 0.417969 0.09375 0.417969 0.0703125 0.425781 0.0625 0.425781 0.0585938 0.421875 0.0546875 0.417969 0.0546875 0.414062 0.0507812 0.410156 0.0507812 0.40625 0.046875
0 0.902344 0.285156 0.898438 0.289062 0.894531 0.289062 0.882812 0.300781 0.882812 0.304688 0.875 0.3125 0.875 0.316406 0.886719 0.328125 0.898438 0.328125 0.902344 0.324219 0.910156 0.324219 0.914062 0.320312 0.917969 0.320312 0.929688 0.308594 0.929688 0.304688 0.925781 0.300781 0.925781 0.296875 0.914062 0.285156
0 0.195312 0.03125 0.191406 0.0351562 0.191406 0.0546875 0.195312 0.0585938 0.207031 0.0585938 0.210938 0.0546875 0.210938 0.0390625 0.203125 0.03125
0 0.339844 0.285156 0.335938 0.289062 0.335938 0.300781 0.339844 0.304688 0.367188 0.304688 0.371094 0.300781 0.371094 0.292969 0.367188 0.292969 0.363281 0.289062 0.355469 0.289062 0.351562 0.285156
0 0.652344 0.132812 0.648438 0.136719 0.648438 0.15625 0.644531 0.160156 0.644531 0.164062 0.648438 0.167969 0.648438 0.171875 0.652344 0.175781 0.667969 0.175781 0.683594 0.160156 0.675781 0.152344 0.675781 0.136719 0.667969 0.136719 0.664062 0.132812
0 0.554688 0.175781 0.550781 0.179688 0.539062 0.179688 0.523438 0.195312 0.523438 0.199219 0.527344 0.203125 0.527344 0.207031 0.53125 0.210938 0.535156 0.210938 0.539062 0.214844 0.5625 0.214844 0.566406 0.210938 0.570312 0.210938 0.578125 0.203125 0.578125 0.1875 0.570312 0.179688 0.5625 0.179688 0.558594 0.175781
0 0.0507812 0.0507812 0.046875 0.0546875 0.0429688 0.0546875 0.03125 0.0664062 0.03125 0.078125 0.0390625 0.0859375 0.0546875 0.0859375 0.0703125 0.0703125 0.0703125 0.0625 0.0585938 0.0507812
0 0.792969 0.972656 0.785156 0.980469 0.785156 0.996094 0.8125 0.996094 0.8125 0.988281 0.808594 0.988281 0.796875 0.976562 0.796875 0.972656
0 0.0078125 0.121094 0 0.128906 0 0.148438 0.00390625 0.148438 0.0078125 0.152344 0.015625 0.152344 0.0195312 0.148438 0.0195312 0.144531 0.0273438 0.136719 0.0273438 0.128906 0.0195312 0.121094
0 0.945312 0.414062 0.933594 0.425781 0.933594 0.441406 0.9375 0.445312 0.953125 0.445312 0.960938 0.4375 0.960938 0.421875 0.953125 0.414062
0 0.269531 0.4375 0.265625 0.441406 0.261719 0.441406 0.257812 0.445312 0.257812 0.46875 0.265625 0.46875 0.269531 0.472656 0.277344 0.472656 0.285156 0.464844 0.285156 0.460938 0.289062 0.457031 0.289062 0.449219 0.277344 0.4375
0 0.25 0.511719 0.246094 0.515625 0.246094 0.519531 0.242188 0.523438 0.242188 0.539062 0.246094 0.542969 0.257812 0.542969 0.265625 0.535156 0.265625 0.527344 0.261719 0.523438 0.261719 0.519531 0.253906 0.511719
0 0.609375 0.0078125 0.589844 0.0273438 0.589844 0.0351562 0.601562 0.046875 0.605469 0.046875 0.621094 0.03125 0.621094 0.0117188 0.617188 0.0078125
0 0.554688 0.339844 0.550781 0.34375 0.550781 0.367188 0.554688 0.371094 0.5625 0.371094 0.566406 0.367188 0.570312 0.367188 0.574219 0.363281 0.574219 0.359375 0.578125 0.355469 0.578125 0.34375 0.574219 0.339844
0 0 0.867188 0 0.894531 0.00390625 0.898438 0.0117188 0.898438 0.015625 0.894531 0.015625 0.890625 0.0195312 0.886719 0.0195312 0.878906 0.0078125 0.867188
0 0.339844 0.363281 0.335938 0.367188 0.335938 0.371094 0.332031 0.375 0.332031 0.386719 0.335938 0.390625 0.335938 0.394531 0.34375 0.402344 0.363281 0.402344 0.375 0.390625 0.375 0.386719 0.378906 0.382812 0.378906 0.371094 0.371094 0.363281
