0 0.648438 0 0.648438 0.00390625 0.65625 0.0117188 0.660156 0.0117188 0.664062 0.015625 0.671875 0.015625 0.675781 0.0195312 0.691406 0.0195312 0.695312 0.015625 0.695312 0.0117188 0.699219 0.0078125 0.699219 0
0 0.953125 0.449219 0.941406 0.460938 0.941406 0.46875 0.945312 0.472656 0.945312 0.488281 0.949219 0.492188 0.972656 0.492188 0.984375 0.480469 0.984375 0.464844 0.980469 0.460938 0.980469 0.457031 0.972656 0.449219
0 0.359375 0.269531 0.355469 0.273438 0.339844 0.273438 0.335938 0.277344 0.335938 0.304688 0.339844 0.308594 0.339844 0.320312 0.347656 0.328125 0.347656 0.332031 0.351562 0.335938 0.351562 0.339844 0.367188 0.355469 0.382812 0.355469 0.394531 0.34375 0.394531 0.339844 0.398438 0.335938 0.398438 0.328125 0.394531 0.324219 0.394531 0.316406 0.398438 0.3125 0.398438 0.308594 0.402344 0.304688 0.402344 0.285156 0.40625 0.28125 0.40625 0.277344 0.398438 0.269531 0.378906 0.269531 0.375 0.273438 0.367188 0.273438 0.363281 0.269531
0 0.0429688 0.574219 0.0390625 0.578125 0.03125 0.578125 0.0117188 0.597656 0.0117188 0.617188 0.015625 0.621094 0.015625 0.628906 0.0195312 0.632812 0.0234375 0.632812 0.0273438 0.636719 0.03125 0.636719 0.0351562 0.640625 0.0507812 0.640625 0.0585938 0.632812 0.0625 0.632812 0.0664062 0.628906 0.0664062 0.625 0.0703125 0.621094 0.0703125 0.613281 0.0742188 0.609375 0.0742188 0.597656 0.0703125 0.59375 0.0703125 0.585938 0.0585938 0.574219
0 0.847656 0.554688 0.84375 0.558594 0.839844 0.558594 0.835938 0.5625 0.832031 0.5625 0.824219 0.570312 0.824219 0.574219 0.820312 0.578125 0.820312 0.582031 0.8125 0.589844 0.8125 0.605469 0.820312 0.613281 0.824219 0.613281 0.828125 0.617188 0.859375 0.617188 0.875 0.601562 0.875 0.585938 0.871094 0.582031 0.871094 0.574219 0.867188 0.570312 0.867188 0.566406 0.859375 0.558594 0.855469 0.558594 0.851562 0.554688
0 0.597656 0.953125 0.59375 0.957031 0.585938 0.957031 0.578125 0.964844 0.574219 0.964844 0.5625 0.976562 0.5625 0.992188 0.566406 0.996094 0.640625 0.996094 0.640625 0.992188 0.644531 0.988281 0.644531 0.972656 0.636719 0.964844 0.636719 0.960938 0.628906 0.953125
0 0.996094 0.902344 0.988281 0.910156 0.988281 0.9375 0.992188 0.941406 0.992188 0.945312 0.996094 0.949219
0 0.808594 0.0273438 0.804688 0.03125 0.792969 0.03125 0.785156 0.0390625 0.785156 0.0585938 0.789062 0.0625 0.789062 0.0742188 0.800781 0.0859375 0.808594 0.0859375 0.8125 0.0898438 0.835938 0.0898438 0.84375 0.0820312 0.847656 0.0820312 0.855469 0.0742188 0.855469 0.0703125 0.867188 0.0585938 0.867188 0.0429688 0.855469 0.03125 0.847656 0.03125 0.84375 0.0351562 0.839844 0.0351562 0.832031 0.0273438 0.828125 0.0273438 0.824219 0.03125 0.820312 0.03125 0.816406 0.0273438
0 0.867188 0.332031 0.84375 0.355469 0.84375 0.363281 0.839844 0.367188 0.839844 0.382812 0.851562 0.394531 0.851562 0.398438 0.859375 0.40625 0.890625 0.40625 0.894531 0.402344 0.902344 0.402344 0.929688 0.375 0.929688 0.363281 0.921875 0.355469 0.921875 0.351562 0.90625 0.335938 0.902344 0.335938 0.898438 0.332031
0 0.257812 0.132812 0.253906 0.136719 0.25 0.136719 0.238281 0.148438 0.238281 0.152344 0.234375 0.15625 0.234375 0.183594 0.238281 0.1875 0.238281 0.191406 0.242188 0.195312 0.242188 0.199219 0.253906 0.210938 0.296875 0.210938 0.300781 0.207031 0.304688 0.207031 0.316406 0.195312 0.316406 0.164062 0.3125 0.160156 0.3125 0.15625 0.308594 0.152344 0.308594 0.148438 0.296875 0.136719 0.289062 0.136719 0.285156 0.132812
0 0.617188 0.871094 0.613281 0.875 0.609375 0.875 0.597656 0.886719 0.597656 0.917969 0.617188 0.9375 0.621094 0.9375 0.625 0.941406 0.648438 0.941406 0.664062 0.925781 0.664062 0.921875 0.667969 0.917969 0.667969 0.910156 0.671875 0.90625 0.671875 0.902344 0.667969 0.898438 0.667969 0.890625 0.652344 0.875 0.648438 0.875 0.644531 0.871094
0 0.578125 0.777344 0.566406 0.789062 0.566406 0.792969 0.558594 0.800781 0.558594 0.808594 0.5625 0.8125 0.5625 0.820312 0.566406 0.824219 0.566406 0.828125 0.570312 0.832031 0.574219 0.832031 0.578125 0.835938 0.582031 0.835938 0.585938 0.839844 0.601562 0.839844 0.605469 0.835938 0.613281 0.835938 0.621094 0.828125 0.621094 0.800781 0.617188 0.796875 0.617188 0.792969 0.605469 0.78125 0.601562 0.78125 0.597656 0.777344
0 0.972656 0.523438 0.96875 0.527344 0.964844 0.527344 0.957031 0.535156 0.957031 0.554688 0.960938 0.558594 0.960938 0.5625 0.96875 0.570312 0.976562 0.570312 0.980469 0.574219 0.996094 0.574219 0.996094 0.523438
0 0.519531 0.109375 0.496094 0.132812 0.496094 0.136719 0.492188 0.140625 0.492188 0.15625 0.488281 0.160156 0.488281 0.171875 0.484375 0.175781 0.484375 0.179688 0.488281 0.183594 0.488281 0.1875 0.503906 0.203125 0.507812 0.203125 0.523438 0.21875 0.550781 0.21875 0.554688 0.214844 0.558594 0.214844 0.5625 0.210938 0.5625 0.207031 0.570312 0.199219 0.570312 0.195312 0.578125 0.1875 0.578125 0.136719 0.566406 0.125 0.5625 0.125 0.554688 0.117188 0.546875 0.117188 0.542969 0.113281 0.535156 0.113281 0.53125 0.109375
0 0.410156 0.941406 0.40625 0.945312 0.402344 0.945312 0.398438 0.949219 0.398438 0.957031 0.394531 0.960938 0.394531 0.96875 0.398438 0.972656 0.410156 0.972656 0.414062 0.976562 0.433594 0.976562 0.4375 0.972656 0.4375 0.96875 0.441406 0.964844 0.441406 0.949219 0.4375 0.945312 0.433594 0.945312 0.429688 0.941406
0 0.933594 0.742188 0.929688 0.746094 0.925781 0.746094 0.914062 0.757812 0.914062 0.777344 0.921875 0.785156 0.925781 0.785156 0.929688 0.789062 0.945312 0.789062 0.957031 0.777344 0.957031 0.753906 0.949219 0.746094 0.945312 0.746094 0.941406 0.742188
0 0.664062 0.0195312 0.65625 0.0273438 0.652344 0.0273438 0.644531 0.0351562 0.640625 0.0351562 0.636719 0.0390625 0.636719 0.0429688 0.632812 0.046875 0.632812 0.0664062 0.628906 0.0703125 0.628906 0.0742188 0.625 0.078125 0.625 0.0898438 0.628906 0.09375 0.648438 0.09375 0.652344 0.0976562 0.660156 0.0976562 0.664062 0.101562 0.667969 0.101562 0.6875 0.121094 0.6875 0.125 0.691406 0.128906 0.699219 0.128906 0.714844 0.113281 0.734375 0.113281 0.742188 0.105469 0.742188 0.101562 0.746094 0.0976562 0.746094 0.0859375 0.742188 0.0820312 0.742188 0.0703125 0.734375 0.0625 0.730469 0.0625 0.71875 0.0507812 0.71875 0.046875 0.703125 0.03125 0.703125 0.0273438 0.695312 0.0195312 0.691406 0.0234375 0.675781 0.0234375 0.671875 0.0195312
0 0.09375 0.101562 0.0898438 0.105469 0.0820312 0.105469 0.0742188 0.113281 0.0742188 0.117188 0.0664062 0.125 0.0664062 0.136719 0.0703125 0.140625 0.0703125 0.152344 0.0742188 0.15625 0.0742188 0.160156 0.09375 0.179688 0.101562 0.179688 0.105469 0.183594 0.125 0.183594 0.132812 0.175781 0.136719 0.175781 0.140625 0.171875 0.140625 0.167969 0.144531 0.164062 0.144531 0.15625 0.148438 0.152344 0.148438 0.140625 0.144531 0.136719 0.144531 0.128906 0.140625 0.125 0.140625 0.121094 0.132812 0.113281 0.128906 0.113281 0.121094 0.105469 0.117188 0.105469 0.113281 0.101562
0 0 0.703125 0 0.746094 0.0078125 0.746094 0.015625 0.738281 0.015625 0.734375 0.0195312 0.730469 0.0195312 0.71875 0.00390625 0.703125
0 0.863281 0.464844 0.859375 0.46875 0.855469 0.46875 0.851562 0.472656 0.851562 0.488281 0.863281 0.5 0.863281 0.503906 0.867188 0.507812 0.875 0.507812 0.878906 0.511719 0.890625 0.511719 0.894531 0.507812 0.898438 0.507812 0.902344 0.503906 0.902344 0.496094 0.90625 0.492188 0.90625 0.476562 0.898438 0.46875 0.894531 0.46875 0.890625 0.464844
0 0.640625 0.285156 0.636719 0.289062 0.632812 0.289062 0.625 0.296875 0.625 0.3125 0.628906 0.316406 0.628906 0.320312 0.632812 0.324219 0.640625 0.324219 0.644531 0.328125 0.65625 0.328125 0.664062 0.335938 0.671875 0.335938 0.675781 0.339844 0.703125 0.339844 0.710938 0.332031 0.710938 0.328125 0.714844 0.324219 0.714844 0.320312 0.707031 0.3125 0.707031 0.308594 0.695312 0.296875 0.691406 0.296875 0.6875 0.292969 0.675781 0.292969 0.671875 0.289062 0.667969 0.289062 0.664062 0.285156
0 0.539062 0 0.535156 0.00390625 0.535156 0.0195312 0.53125 0.0234375 0.53125 0.0273438 0.535156 0.03125 0.535156 0.0390625 0.550781 0.0546875 0.574219 0.0546875 0.578125 0.0507812 0.585938 0.0507812 0.597656 0.0390625 0.597656 0.03125 0.601562 0.0273438 0.601562 0.015625 0.597656 0.0117188 0.597656 0.0078125 0.59375 0.00390625 0.59375 0
0 0.316406 0.925781 0.304688 0.9375 0.304688 0.980469 0.308594 0.984375 0.316406 0.984375 0.320312 0.988281 0.328125 0.988281 0.332031 0.984375 0.339844 0.984375 0.351562 0.972656 0.351562 0.96875 0.355469 0.964844 0.355469 0.945312 0.351562 0.941406 0.351562 0.9375 0.339844 0.925781
0 0.726562 0.925781 0.722656 0.929688 0.71875 0.929688 0.714844 0.933594 0.710938 0.933594 0.699219 0.945312 0.699219 0.949219 0.695312 0.953125 0.695312 0.96875 0.699219 0.972656 0.699219 0.976562 0.707031 0.984375 0.707031 0.988281 0.714844 0.996094 0.75 0.996094 0.753906 0.992188 0.761719 0.992188 0.769531 0.984375 0.769531 0.976562 0.773438 0.972656 0.773438 0.953125 0.769531 0.949219 0.769531 0.941406 0.757812 0.929688 0.753906 0.929688 0.75 0.925781
0 0.0351562 0.0390625 0.03125 0.0429688 0.03125 0.0507812 0.0273438 0.0546875 0.0273438 0.0585938 0.03125 0.0625 0.03125 0.0664062 0.0351562 0.0703125 0.046875 0.0703125 0.0546875 0.0625 0.0546875 0.0429688 0.0507812 0.0390625
0 0.480469 0.867188 0.476562 0.871094 0.472656 0.871094 0.464844 0.878906 0.464844 0.882812 0.460938 0.886719 0.460938 0.890625 0.457031 0.894531 0.457031 0.902344 0.460938 0.90625 0.460938 0.910156 0.472656 0.921875 0.472656 0.929688 0.476562 0.933594 0.476562 0.9375 0.480469 0.941406 0.496094 0.941406 0.5 0.9375 0.503906 0.9375 0.507812 0.933594 0.511719 0.933594 0.519531 0.925781 0.519531 0.921875 0.53125 0.910156 0.53125 0.90625 0.535156 0.902344 0.535156 0.894531 0.519531 0.878906 0.515625 0.878906 0.503906 0.867188
0 0.457031 0.761719 0.453125 0.765625 0.449219 0.765625 0.445312 0.769531 0.441406 0.769531 0.433594 0.777344 0.433594 0.78125 0.429688 0.785156 0.429688 0.792969 0.425781 0.796875 0.425781 0.8125 0.441406 0.828125 0.445312 0.828125 0.449219 0.832031 0.453125 0.832031 0.457031 0.835938 0.476562 0.835938 0.480469 0.832031 0.484375 0.832031 0.488281 0.828125 0.492188 0.828125 0.5 0.820312 0.5 0.816406 0.507812 0.808594 0.507812 0.796875 0.503906 0.792969 0.503906 0.78125 0.492188 0.769531 0.488281 0.769531 0.484375 0.765625 0.480469 0.765625 0.476562 0.761719
