0 0.554688 0.210938 0.546875 0.21875 0.546875 0.246094 0.554688 0.253906 0.582031 0.253906 0.589844 0.246094 0.589844 0.222656 0.585938 0.21875 0.585938 0.214844 0.582031 0.210938
0 0.0507812 0.261719 0.0390625 0.273438 0.0390625 0.277344 0.0351562 0.28125 0.0351562 0.296875 0.0390625 0.300781 0.0390625 0.308594 0.046875 0.316406 0.046875 0.320312 0.0507812 0.320312 0.0546875 0.324219 0.0585938 0.324219 0.0625 0.328125 0.0820312 0.328125 0.0898438 0.320312 0.0898438 0.296875 0.0859375 0.292969 0.0859375 0.28125 0.0820312 0.277344 0.0820312 0.273438 0.0703125 0.261719
0 0.234375 0.539062 0.230469 0.542969 0.226562 0.542969 0.222656 0.546875 0.222656 0.578125 0.226562 0.582031 0.226562 0.585938 0.238281 0.597656 0.246094 0.597656 0.25 0.601562 0.269531 0.601562 0.269531 0.597656 0.273438 0.59375 0.273438 0.574219 0.269531 0.570312 0.269531 0.558594 0.265625 0.554688 0.265625 0.550781 0.257812 0.542969 0.253906 0.542969 0.25 0.539062
0 0.769531 0.585938 0.765625 0.589844 0.761719 0.589844 0.757812 0.59375 0.75 0.59375 0.75 0.597656 0.746094 0.601562 0.746094 0.605469 0.742188 0.609375 0.742188 0.613281 0.738281 0.617188 0.738281 0.621094 0.734375 0.625 0.734375 0.640625 0.738281 0.644531 0.738281 0.648438 0.746094 0.65625 0.769531 0.65625 0.769531 0.652344 0.773438 0.648438 0.773438 0.640625 0.78125 0.632812 0.785156 0.632812 0.796875 0.621094 0.796875 0.617188 0.800781 0.613281 0.800781 0.597656 0.796875 0.59375 0.796875 0.585938
0 0.757812 0.308594 0.753906 0.3125 0.75 0.3125 0.746094 0.316406 0.742188 0.316406 0.742188 0.335938 0.746094 0.335938 0.753906 0.34375 0.761719 0.34375 0.765625 0.347656 0.785156 0.347656 0.792969 0.339844 0.792969 0.320312 0.78125 0.308594
0 0.792969 0.792969 0.789062 0.796875 0.785156 0.796875 0.78125 0.800781 0.78125 0.832031 0.785156 0.832031 0.789062 0.835938 0.816406 0.835938 0.820312 0.832031 0.828125 0.832031 0.828125 0.828125 0.832031 0.824219 0.832031 0.800781 0.824219 0.792969
0 0.394531 0.878906 0.386719 0.886719 0.386719 0.894531 0.382812 0.898438 0.382812 0.917969 0.386719 0.921875 0.410156 0.921875 0.414062 0.917969 0.417969 0.917969 0.429688 0.90625 0.429688 0.886719 0.421875 0.878906
0 0.476562 0.328125 0.472656 0.332031 0.46875 0.332031 0.46875 0.339844 0.464844 0.34375 0.464844 0.363281 0.472656 0.371094 0.472656 0.375 0.476562 0.375 0.480469 0.378906 0.484375 0.378906 0.488281 0.382812 0.496094 0.382812 0.5 0.386719 0.53125 0.386719 0.53125 0.382812 0.535156 0.378906 0.539062 0.378906 0.539062 0.375 0.542969 0.371094 0.542969 0.347656 0.539062 0.34375 0.539062 0.339844 0.535156 0.335938 0.53125 0.335938 0.527344 0.332031 0.523438 0.332031 0.519531 0.328125
0 0.402344 0.0703125 0.398438 0.0742188 0.398438 0.0976562 0.40625 0.105469 0.40625 0.109375 0.410156 0.113281 0.429688 0.113281 0.433594 0.109375 0.4375 0.109375 0.4375 0.0820312 0.429688 0.0742188 0.429688 0.0703125
0 0.367188 0.433594 0.359375 0.441406 0.359375 0.460938 0.363281 0.464844 0.363281 0.472656 0.371094 0.480469 0.386719 0.480469 0.394531 0.472656 0.394531 0.4375 0.390625 0.433594
0 0.0507812 0.628906 0.0429688 0.636719 0.0429688 0.640625 0.0390625 0.644531 0.0390625 0.65625 0.0351562 0.660156 0.0351562 0.675781 0.0390625 0.675781 0.0429688 0.679688 0.0546875 0.679688 0.0585938 0.675781 0.0585938 0.671875 0.0625 0.667969 0.0625 0.664062 0.0664062 0.660156 0.0664062 0.636719 0.0585938 0.628906
0 0.15625 0.316406 0.152344 0.320312 0.152344 0.347656 0.15625 0.351562 0.15625 0.355469 0.164062 0.363281 0.179688 0.363281 0.183594 0.359375 0.183594 0.335938 0.179688 0.332031 0.179688 0.324219 0.175781 0.320312 0.175781 0.316406
