0 0 0.378906 0 0.433594 0.00390625 0.429688 0.00390625 0.417969 0 0.414062 0 0.410156 0.00390625 0.40625 0.00390625 0.382812
0 0.59375 0.429688 0.589844 0.433594 0.585938 0.433594 0.570312 0.449219 0.570312 0.457031 0.566406 0.460938 0.566406 0.464844 0.570312 0.46875 0.570312 0.476562 0.574219 0.480469 0.574219 0.484375 0.59375 0.503906 0.597656 0.503906 0.605469 0.511719 0.636719 0.511719 0.640625 0.507812 0.644531 0.507812 0.648438 0.503906 0.652344 0.503906 0.65625 0.5 0.65625 0.496094 0.664062 0.488281 0.664062 0.480469 0.667969 0.476562 0.667969 0.460938 0.664062 0.457031 0.664062 0.449219 0.65625 0.449219 0.648438 0.441406 0.648438 0.433594 0.636719 0.433594 0.632812 0.429688
0 0.414062 0.351562 0.398438 0.367188 0.398438 0.371094 0.394531 0.375 0.394531 0.410156 0.398438 0.414062 0.398438 0.417969 0.410156 0.429688 0.414062 0.429688 0.417969 0.433594 0.449219 0.433594 0.457031 0.425781 0.460938 0.425781 0.464844 0.421875 0.464844 0.417969 0.46875 0.414062 0.46875 0.410156 0.472656 0.40625 0.472656 0.378906 0.46875 0.375 0.46875 0.371094 0.453125 0.355469 0.449219 0.355469 0.445312 0.351562
0 0.535156 0.894531 0.53125 0.898438 0.527344 0.898438 0.515625 0.910156 0.515625 0.914062 0.511719 0.917969 0.511719 0.921875 0.507812 0.925781 0.507812 0.929688 0.503906 0.933594 0.503906 0.960938 0.519531 0.976562 0.523438 0.976562 0.527344 0.980469 0.554688 0.980469 0.558594 0.976562 0.566406 0.976562 0.585938 0.957031 0.585938 0.921875 0.582031 0.917969 0.582031 0.914062 0.566406 0.898438 0.5625 0.898438 0.558594 0.894531
0 0.449219 0.125 0.445312 0.128906 0.441406 0.128906 0.433594 0.136719 0.429688 0.136719 0.421875 0.144531 0.421875 0.148438 0.417969 0.152344 0.417969 0.171875 0.414062 0.175781 0.414062 0.1875 0.410156 0.191406 0.40625 0.191406 0.402344 0.195312 0.402344 0.214844 0.410156 0.222656 0.410156 0.226562 0.417969 0.234375 0.417969 0.238281 0.425781 0.246094 0.425781 0.25 0.429688 0.253906 0.445312 0.253906 0.460938 0.238281 0.464844 0.238281 0.46875 0.234375 0.472656 0.234375 0.476562 0.230469 0.515625 0.230469 0.515625 0.226562 0.519531 0.222656 0.519531 0.207031 0.511719 0.199219 0.511719 0.191406 0.503906 0.183594 0.503906 0.179688 0.496094 0.171875 0.496094 0.167969 0.488281 0.160156 0.488281 0.15625 0.480469 0.148438 0.480469 0.144531 0.476562 0.140625 0.472656 0.140625 0.46875 0.136719 0.464844 0.136719 0.460938 0.132812 0.460938 0.128906 0.457031 0.125
0 0.6875 0.261719 0.675781 0.273438 0.675781 0.292969 0.667969 0.300781 0.667969 0.328125 0.707031 0.328125 0.710938 0.324219 0.71875 0.324219 0.722656 0.320312 0.730469 0.320312 0.734375 0.316406 0.738281 0.316406 0.742188 0.3125 0.75 0.3125 0.757812 0.304688 0.761719 0.304688 0.761719 0.300781 0.753906 0.292969 0.753906 0.28125 0.742188 0.269531 0.738281 0.269531 0.734375 0.265625 0.707031 0.265625 0.703125 0.261719
0 0.0703125 0.941406 0.0664062 0.945312 0.0546875 0.945312 0.0507812 0.949219 0.046875 0.949219 0.0429688 0.953125 0.0429688 0.960938 0.0273438 0.976562 0.0273438 0.996094 0.109375 0.996094 0.117188 0.988281 0.117188 0.96875 0.113281 0.964844 0.113281 0.945312 0.109375 0.941406
0 0.257812 0.0585938 0.253906 0.0625 0.25 0.0625 0.246094 0.0664062 0.242188 0.0664062 0.238281 0.0703125 0.238281 0.0742188 0.234375 0.078125 0.234375 0.0976562 0.238281 0.101562 0.238281 0.105469 0.246094 0.113281 0.25 0.113281 0.253906 0.117188 0.273438 0.117188 0.277344 0.113281 0.28125 0.113281 0.296875 0.0976562 0.296875 0.0742188 0.292969 0.0703125 0.292969 0.0664062 0.289062 0.0625 0.285156 0.0625 0.28125 0.0585938
0 0.757812 0.179688 0.753906 0.183594 0.734375 0.183594 0.707031 0.210938 0.707031 0.230469 0.714844 0.238281 0.714844 0.242188 0.71875 0.246094 0.722656 0.246094 0.726562 0.25 0.730469 0.25 0.734375 0.253906 0.738281 0.253906 0.742188 0.257812 0.746094 0.257812 0.757812 0.269531 0.761719 0.269531 0.765625 0.273438 0.773438 0.273438 0.777344 0.269531 0.78125 0.269531 0.785156 0.265625 0.785156 0.257812 0.792969 0.25 0.792969 0.238281 0.800781 0.230469 0.800781 0.203125 0.792969 0.195312 0.792969 0.1875 0.789062 0.183594 0.785156 0.183594 0.78125 0.179688
0 0.582031 0.632812 0.578125 0.636719 0.570312 0.636719 0.5625 0.644531 0.558594 0.644531 0.554688 0.648438 0.554688 0.652344 0.546875 0.660156 0.546875 0.6875 0.554688 0.695312 0.554688 0.699219 0.5625 0.707031 0.609375 0.707031 0.621094 0.695312 0.621094 0.6875 0.625 0.683594 0.625 0.664062 0.621094 0.660156 0.621094 0.652344 0.617188 0.648438 0.617188 0.644531 0.609375 0.636719 0.605469 0.636719 0.601562 0.632812
0 0.441406 0.496094 0.433594 0.503906 0.429688 0.503906 0.425781 0.507812 0.421875 0.507812 0.417969 0.511719 0.417969 0.542969 0.425781 0.550781 0.425781 0.554688 0.429688 0.558594 0.445312 0.558594 0.449219 0.554688 0.449219 0.550781 0.464844 0.535156 0.464844 0.511719 0.460938 0.507812 0.460938 0.503906 0.453125 0.496094
0 0.671875 0.90625 0.667969 0.910156 0.660156 0.910156 0.65625 0.914062 0.652344 0.914062 0.640625 0.925781 0.640625 0.929688 0.636719 0.933594 0.636719 0.9375 0.632812 0.941406 0.632812 0.953125 0.628906 0.957031 0.628906 0.972656 0.632812 0.976562 0.632812 0.980469 0.648438 0.996094 0.683594 0.996094 0.6875 0.992188 0.695312 0.992188 0.703125 0.984375 0.707031 0.984375 0.710938 0.980469 0.710938 0.976562 0.714844 0.972656 0.714844 0.96875 0.71875 0.964844 0.71875 0.9375 0.714844 0.933594 0.714844 0.929688 0.710938 0.925781 0.710938 0.921875 0.703125 0.914062 0.699219 0.914062 0.695312 0.910156 0.6875 0.910156 0.683594 0.90625
0 0.617188 0.0546875 0.609375 0.0625 0.609375 0.0664062 0.597656 0.078125 0.597656 0.0820312 0.582031 0.0976562 0.582031 0.125 0.59375 0.136719 0.621094 0.136719 0.625 0.132812 0.628906 0.132812 0.636719 0.125 0.640625 0.125 0.644531 0.121094 0.644531 0.117188 0.660156 0.101562 0.660156 0.0976562 0.667969 0.0898438 0.667969 0.0664062 0.664062 0.0625 0.636719 0.0625 0.628906 0.0546875
0 0.015625 0.148438 0.0117188 0.152344 0.0078125 0.152344 0 0.160156 0 0.203125 0.0195312 0.222656 0.0234375 0.222656 0.0273438 0.226562 0.0507812 0.226562 0.0546875 0.222656 0.0585938 0.222656 0.0742188 0.207031 0.0742188 0.203125 0.078125 0.199219 0.078125 0.1875 0.0820312 0.183594 0.078125 0.179688 0.078125 0.167969 0.0625 0.152344 0.0585938 0.152344 0.0546875 0.148438
0 0.53125 0.109375 0.507812 0.132812 0.507812 0.15625 0.515625 0.164062 0.515625 0.171875 0.523438 0.179688 0.523438 0.1875 0.53125 0.195312 0.53125 0.199219 0.539062 0.207031 0.542969 0.207031 0.558594 0.191406 0.5625 0.191406 0.566406 0.1875 0.574219 0.1875 0.578125 0.183594 0.582031 0.183594 0.585938 0.179688 0.59375 0.179688 0.59375 0.164062 0.597656 0.160156 0.597656 0.152344 0.585938 0.140625 0.582031 0.140625 0.574219 0.132812 0.570312 0.132812 0.566406 0.128906 0.5625 0.128906 0.542969 0.109375
0 0.550781 0.0195312 0.546875 0.0234375 0.542969 0.0234375 0.53125 0.0351562 0.527344 0.0351562 0.523438 0.0390625 0.523438 0.0546875 0.53125 0.0625 0.53125 0.0820312 0.539062 0.0820312 0.542969 0.0859375 0.554688 0.0859375 0.570312 0.101562 0.570312 0.0976562 0.59375 0.0742188 0.597656 0.0742188 0.605469 0.0664062 0.605469 0.0625 0.617188 0.0507812 0.613281 0.046875 0.613281 0.0390625 0.605469 0.03125 0.605469 0.0273438 0.601562 0.0273438 0.59375 0.0195312
0 0.445312 0 0.445312 0.00390625 0.4375 0.0117188 0.4375 0.015625 0.429688 0.0234375 0.429688 0.03125 0.433594 0.0351562 0.433594 0.0390625 0.4375 0.0429688 0.4375 0.046875 0.449219 0.0585938 0.453125 0.0585938 0.457031 0.0625 0.460938 0.0625 0.464844 0.0664062 0.472656 0.0664062 0.476562 0.0703125 0.503906 0.0703125 0.5 0.0664062 0.5 0.0546875 0.511719 0.0429688 0.511719 0.0351562 0.519531 0.0273438 0.519531 0.0234375 0.527344 0.015625 0.527344 0
0 0.761719 0.332031 0.757812 0.335938 0.753906 0.335938 0.75 0.339844 0.746094 0.339844 0.742188 0.34375 0.730469 0.34375 0.726562 0.347656 0.722656 0.347656 0.71875 0.351562 0.664062 0.351562 0.664062 0.367188 0.667969 0.371094 0.667969 0.378906 0.671875 0.382812 0.671875 0.386719 0.675781 0.390625 0.679688 0.390625 0.6875 0.398438 0.699219 0.398438 0.703125 0.402344 0.722656 0.402344 0.726562 0.398438 0.734375 0.398438 0.738281 0.394531 0.742188 0.394531 0.746094 0.390625 0.75 0.390625 0.761719 0.378906 0.761719 0.375 0.769531 0.367188 0.769531 0.339844 0.765625 0.335938 0.765625 0.332031
0 0.300781 0.726562 0.296875 0.730469 0.289062 0.730469 0.289062 0.78125 0.28125 0.789062 0.28125 0.800781 0.273438 0.808594 0.277344 0.808594 0.28125 0.8125 0.296875 0.8125 0.300781 0.816406 0.304688 0.816406 0.308594 0.8125 0.332031 0.8125 0.335938 0.808594 0.339844 0.808594 0.34375 0.804688 0.347656 0.804688 0.351562 0.800781 0.351562 0.796875 0.355469 0.792969 0.355469 0.789062 0.359375 0.785156 0.359375 0.753906 0.355469 0.75 0.355469 0.746094 0.339844 0.730469 0.335938 0.730469 0.332031 0.726562
0 0.46875 0.246094 0.449219 0.265625 0.449219 0.296875 0.472656 0.320312 0.480469 0.320312 0.484375 0.324219 0.5 0.324219 0.503906 0.320312 0.511719 0.320312 0.527344 0.304688 0.527344 0.300781 0.53125 0.296875 0.53125 0.277344 0.523438 0.269531 0.523438 0.265625 0.515625 0.257812 0.507812 0.257812 0.496094 0.246094
0 0.746094 0 0.742188 0.00390625 0.734375 0.00390625 0.734375 0.0625 0.738281 0.0664062 0.738281 0.0703125 0.746094 0.078125 0.746094 0.0820312 0.75 0.0859375 0.753906 0.0859375 0.757812 0.0898438 0.761719 0.0898438 0.765625 0.09375 0.769531 0.09375 0.773438 0.0976562 0.777344 0.0976562 0.78125 0.101562 0.789062 0.101562 0.804688 0.0859375 0.804688 0.0703125 0.8125 0.0625 0.8125 0.046875 0.816406 0.0429688 0.816406 0.0390625 0.820312 0.0351562 0.820312 0.0234375 0.816406 0.0195312 0.8125 0.0195312 0.804688 0.0117188 0.804688 0.0078125 0.796875 0
0 0.238281 0.386719 0.234375 0.390625 0.226562 0.390625 0.222656 0.394531 0.21875 0.394531 0.210938 0.402344 0.207031 0.402344 0.207031 0.40625 0.199219 0.414062 0.199219 0.417969 0.195312 0.421875 0.195312 0.441406 0.199219 0.445312 0.199219 0.453125 0.210938 0.464844 0.210938 0.46875 0.214844 0.46875 0.222656 0.476562 0.226562 0.476562 0.230469 0.480469 0.253906 0.480469 0.257812 0.476562 0.261719 0.476562 0.273438 0.464844 0.273438 0.460938 0.277344 0.457031 0.277344 0.449219 0.28125 0.445312 0.28125 0.429688 0.277344 0.425781 0.277344 0.417969 0.273438 0.414062 0.273438 0.410156 0.269531 0.40625 0.269531 0.402344 0.261719 0.394531 0.257812 0.394531 0.253906 0.390625 0.25 0.390625 0.246094 0.386719
0 0.691406 0.0859375 0.683594 0.09375 0.671875 0.09375 0.667969 0.0976562 0.667969 0.101562 0.660156 0.109375 0.65625 0.109375 0.652344 0.113281 0.652344 0.117188 0.644531 0.125 0.644531 0.132812 0.640625 0.136719 0.640625 0.140625 0.628906 0.152344 0.628906 0.160156 0.621094 0.167969 0.621094 0.195312 0.625 0.199219 0.660156 0.199219 0.664062 0.195312 0.679688 0.195312 0.683594 0.191406 0.6875 0.191406 0.691406 0.1875 0.691406 0.183594 0.699219 0.175781 0.699219 0.167969 0.707031 0.160156 0.707031 0.15625 0.710938 0.152344 0.710938 0.148438 0.714844 0.144531 0.714844 0.105469 0.707031 0.0976562 0.707031 0.0898438 0.703125 0.0859375
0 0 0.824219 0 0.851562 0.0078125 0.84375 0.015625 0.84375 0.015625 0.839844
0 0.917969 0 0.914062 0.00390625 0.914062 0.0117188 0.898438 0.0273438 0.894531 0.0273438 0.890625 0.03125 0.871094 0.03125 0.867188 0.0351562 0.863281 0.0351562 0.859375 0.0390625 0.859375 0.0507812 0.855469 0.0546875 0.855469 0.0742188 0.859375 0.078125 0.859375 0.0859375 0.863281 0.0898438 0.863281 0.09375 0.882812 0.113281 0.886719 0.113281 0.894531 0.121094 0.902344 0.121094 0.90625 0.125 0.914062 0.125 0.917969 0.128906 0.929688 0.128906 0.933594 0.125 0.941406 0.125 0.949219 0.117188 0.953125 0.117188 0.953125 0.113281 0.960938 0.105469 0.960938 0.101562 0.96875 0.09375 0.96875 0.0898438 0.972656 0.0859375 0.972656 0.0820312 0.988281 0.0664062 0.992188 0.0664062 0.996094 0.0625 0.996094 0.015625 0.992188 0.0117188 0.992188 0.0078125 0.984375 0.0078125 0.976562 0
0 0.0703125 0.519531 0.0664062 0.523438 0.0625 0.523438 0.0585938 0.527344 0.0546875 0.527344 0.0507812 0.53125 0.0507812 0.535156 0.0429688 0.542969 0.0429688 0.546875 0.0390625 0.550781 0.0390625 0.554688 0.0351562 0.558594 0.0351562 0.570312 0.03125 0.574219 0.0351562 0.578125 0.0351562 0.589844 0.0390625 0.59375 0.0390625 0.597656 0.0429688 0.601562 0.0429688 0.605469 0.0507812 0.613281 0.0546875 0.613281 0.0625 0.621094 0.0664062 0.621094 0.0703125 0.625 0.0742188 0.625 0.078125 0.628906 0.0859375 0.628906 0.0898438 0.632812 0.105469 0.632812 0.109375 0.628906 0.117188 0.628906 0.121094 0.625 0.125 0.625 0.140625 0.609375 0.140625 0.601562 0.144531 0.597656 0.144531 0.589844 0.148438 0.585938 0.148438 0.558594 0.144531 0.554688 0.144531 0.550781 0.140625 0.546875 0.140625 0.542969 0.128906 0.53125 0.125 0.53125 0.121094 0.527344 0.117188 0.527344 0.113281 0.523438 0.105469 0.523438 0.101562 0.519531
0 0.613281 0.855469 0.601562 0.867188 0.601562 0.878906 0.605469 0.882812 0.605469 0.886719 0.613281 0.894531 0.632812 0.894531 0.636719 0.890625 0.636719 0.886719 0.640625 0.882812 0.640625 0.875 0.636719 0.871094 0.636719 0.867188 0.628906 0.859375 0.625 0.859375 0.621094 0.855469
0 0.363281 0.101562 0.359375 0.105469 0.347656 0.105469 0.34375 0.109375 0.339844 0.109375 0.335938 0.113281 0.332031 0.113281 0.328125 0.117188 0.328125 0.121094 0.324219 0.125 0.324219 0.128906 0.320312 0.132812 0.320312 0.15625 0.324219 0.160156 0.324219 0.164062 0.328125 0.167969 0.328125 0.171875 0.335938 0.179688 0.339844 0.179688 0.34375 0.183594 0.351562 0.183594 0.355469 0.1875 0.378906 0.1875 0.382812 0.183594 0.382812 0.175781 0.390625 0.167969 0.390625 0.164062 0.398438 0.15625 0.398438 0.152344 0.414062 0.136719 0.414062 0.132812 0.421875 0.125 0.421875 0.121094 0.417969 0.121094 0.414062 0.117188 0.410156 0.117188 0.40625 0.113281 0.402344 0.113281 0.398438 0.109375 0.394531 0.109375 0.390625 0.105469 0.378906 0.105469 0.375 0.101562
0 0 0.96875 0 0.976562 0.00390625 0.980469 0.00390625 0.984375 0 0.988281 0 0.996094 0.0234375 0.996094 0.015625 0.988281 0.015625 0.976562 0.0195312 0.972656 0.0078125 0.972656 0.00390625 0.96875
0 0.589844 0.207031 0.585938 0.210938 0.574219 0.210938 0.558594 0.226562 0.558594 0.234375 0.550781 0.242188 0.546875 0.242188 0.546875 0.246094 0.550781 0.25 0.550781 0.257812 0.554688 0.261719 0.554688 0.3125 0.566406 0.324219 0.570312 0.324219 0.574219 0.328125 0.609375 0.328125 0.613281 0.324219 0.625 0.324219 0.628906 0.320312 0.636719 0.320312 0.644531 0.3125 0.644531 0.308594 0.648438 0.304688 0.648438 0.269531 0.65625 0.261719 0.65625 0.238281 0.632812 0.214844 0.628906 0.214844 0.625 0.210938 0.609375 0.210938 0.605469 0.207031
0 0.148438 0.242188 0.144531 0.246094 0.140625 0.246094 0.125 0.261719 0.125 0.265625 0.121094 0.269531 0.121094 0.273438 0.117188 0.277344 0.117188 0.285156 0.113281 0.289062 0.113281 0.316406 0.125 0.328125 0.136719 0.328125 0.140625 0.332031 0.144531 0.332031 0.148438 0.328125 0.167969 0.328125 0.171875 0.324219 0.175781 0.324219 0.191406 0.308594 0.191406 0.304688 0.195312 0.300781 0.195312 0.292969 0.199219 0.289062 0.199219 0.277344 0.195312 0.273438 0.195312 0.265625 0.191406 0.261719 0.191406 0.257812 0.183594 0.25 0.179688 0.25 0.175781 0.246094 0.171875 0.246094 0.167969 0.242188
0 0.820312 0.1875 0.820312 0.191406 0.8125 0.199219 0.8125 0.207031 0.804688 0.214844 0.804688 0.269531 0.808594 0.269531 0.8125 0.273438 0.816406 0.269531 0.832031 0.269531 0.835938 0.265625 0.839844 0.265625 0.859375 0.246094 0.859375 0.242188 0.863281 0.238281 0.863281 0.21875 0.859375 0.214844 0.859375 0.210938 0.855469 0.207031 0.855469 0.203125 0.847656 0.195312 0.84375 0.195312 0.839844 0.191406 0.832031 0.191406 0.828125 0.1875
0 0.308594 0.214844 0.304688 0.21875 0.300781 0.21875 0.296875 0.222656 0.292969 0.222656 0.28125 0.234375 0.28125 0.238281 0.277344 0.242188 0.277344 0.246094 0.273438 0.25 0.273438 0.277344 0.277344 0.28125 0.277344 0.285156 0.28125 0.289062 0.28125 0.292969 0.289062 0.300781 0.292969 0.300781 0.296875 0.304688 0.304688 0.304688 0.308594 0.308594 0.324219 0.308594 0.328125 0.304688 0.335938 0.304688 0.339844 0.300781 0.34375 0.300781 0.359375 0.285156 0.359375 0.28125 0.363281 0.277344 0.363281 0.269531 0.367188 0.265625 0.367188 0.25 0.363281 0.246094 0.363281 0.242188 0.351562 0.230469 0.351562 0.226562 0.347656 0.226562 0.34375 0.222656 0.339844 0.222656 0.335938 0.21875 0.332031 0.21875 0.328125 0.214844
0 0.769531 0.882812 0.765625 0.886719 0.761719 0.886719 0.757812 0.890625 0.753906 0.890625 0.753906 0.894531 0.746094 0.902344 0.746094 0.910156 0.742188 0.914062 0.742188 0.933594 0.746094 0.9375 0.746094 0.960938 0.75 0.964844 0.75 0.972656 0.757812 0.980469 0.757812 0.984375 0.761719 0.988281 0.765625 0.988281 0.773438 0.996094 0.824219 0.996094 0.835938 0.984375 0.835938 0.980469 0.84375 0.972656 0.84375 0.964844 0.847656 0.960938 0.847656 0.945312 0.84375 0.941406 0.84375 0.933594 0.800781 0.890625 0.796875 0.890625 0.792969 0.886719 0.785156 0.886719 0.78125 0.882812
0 0.746094 0.792969 0.742188 0.796875 0.730469 0.796875 0.71875 0.808594 0.71875 0.816406 0.714844 0.820312 0.714844 0.835938 0.71875 0.839844 0.71875 0.847656 0.734375 0.863281 0.742188 0.863281 0.746094 0.867188 0.753906 0.867188 0.757812 0.863281 0.765625 0.863281 0.773438 0.855469 0.777344 0.855469 0.777344 0.851562 0.785156 0.84375 0.785156 0.820312 0.78125 0.816406 0.78125 0.8125 0.769531 0.800781 0.765625 0.800781 0.761719 0.796875 0.75 0.796875
0 0.0351562 0.65625 0.03125 0.660156 0.0234375 0.660156 0.0078125 0.675781 0.0078125 0.679688 0.00390625 0.683594 0.00390625 0.699219 0.0078125 0.703125 0.0078125 0.707031 0.0117188 0.710938 0.0117188 0.714844 0.015625 0.71875 0.0195312 0.71875 0.0234375 0.722656 0.0273438 0.722656 0.03125 0.726562 0.0546875 0.726562 0.0585938 0.722656 0.0625 0.722656 0.0664062 0.71875 0.0703125 0.71875 0.0742188 0.714844 0.0742188 0.710938 0.078125 0.707031 0.078125 0.699219 0.0820312 0.695312 0.0820312 0.6875 0.078125 0.683594 0.078125 0.675781 0.0625 0.660156 0.0546875 0.660156 0.0507812 0.65625
0 0.0195312 0.871094 0.0078125 0.882812 0 0.882812 0 0.9375 0.00390625 0.9375 0.0117188 0.945312 0.015625 0.945312 0.0195312 0.949219 0.0234375 0.945312 0.03125 0.945312 0.0351562 0.949219 0.0390625 0.945312 0.0429688 0.945312 0.046875 0.941406 0.0507812 0.941406 0.0546875 0.9375 0.0585938 0.9375 0.0625 0.933594 0.0664062 0.933594 0.0703125 0.929688 0.0742188 0.929688 0.078125 0.925781 0.0859375 0.925781 0.0898438 0.929688 0.0898438 0.925781 0.0859375 0.921875 0.0859375 0.917969 0.0820312 0.914062 0.0820312 0.910156 0.078125 0.90625 0.078125 0.902344 0.0585938 0.882812 0.0546875 0.882812 0.0507812 0.878906 0.046875 0.878906 0.0429688 0.875 0.03125 0.875 0.0273438 0.871094
0 0.492188 0.53125 0.46875 0.554688 0.464844 0.554688 0.460938 0.558594 0.460938 0.566406 0.453125 0.574219 0.453125 0.578125 0.449219 0.582031 0.453125 0.585938 0.453125 0.589844 0.464844 0.601562 0.46875 0.601562 0.472656 0.605469 0.480469 0.605469 0.484375 0.609375 0.519531 0.609375 0.523438 0.605469 0.527344 0.605469 0.527344 0.601562 0.535156 0.59375 0.535156 0.574219 0.53125 0.570312 0.53125 0.5625 0.523438 0.554688 0.523438 0.550781 0.511719 0.539062 0.507812 0.539062 0.5 0.53125
0 0.5625 0.730469 0.5625 0.746094 0.558594 0.75 0.558594 0.761719 0.5625 0.765625 0.5625 0.78125 0.566406 0.785156 0.566406 0.789062 0.570312 0.792969 0.570312 0.796875 0.574219 0.800781 0.574219 0.804688 0.578125 0.808594 0.582031 0.808594 0.589844 0.816406 0.597656 0.816406 0.601562 0.820312 0.617188 0.820312 0.621094 0.816406 0.625 0.816406 0.636719 0.804688 0.636719 0.796875 0.640625 0.792969 0.640625 0.753906 0.636719 0.75 0.636719 0.746094 0.628906 0.738281 0.628906 0.734375 0.625 0.730469
0 0.34375 0 0.34375 0.00390625 0.347656 0.0078125 0.347656 0.0117188 0.355469 0.0195312 0.359375 0.0195312 0.363281 0.0234375 0.367188 0.0234375 0.371094 0.0273438 0.390625 0.0273438 0.414062 0.00390625 0.414062 0
0 0.242188 0.710938 0.238281 0.714844 0.226562 0.714844 0.21875 0.722656 0.214844 0.722656 0.207031 0.730469 0.203125 0.730469 0.199219 0.734375 0.199219 0.746094 0.195312 0.75 0.195312 0.753906 0.191406 0.757812 0.191406 0.773438 0.199219 0.78125 0.199219 0.789062 0.210938 0.800781 0.214844 0.800781 0.21875 0.804688 0.234375 0.804688 0.238281 0.808594 0.25 0.808594 0.253906 0.804688 0.257812 0.804688 0.261719 0.800781 0.261719 0.796875 0.269531 0.789062 0.269531 0.78125 0.277344 0.773438 0.277344 0.734375 0.269531 0.726562 0.269531 0.714844 0.265625 0.710938
0 0.84375 0 0.847656 0 0.855469 0.0078125 0.878906 0.0078125 0.882812 0.00390625 0.886719 0.00390625 0.890625 0
0 0.0117188 0 0.0273438 0.015625 0.03125 0.015625 0.0351562 0.0195312 0.0625 0.0195312 0.0664062 0.015625 0.0703125 0.015625 0.0742188 0.0117188 0.078125 0.0117188 0.0898438 0
0 0.621094 0 0.617188 0.00390625 0.617188 0.0195312 0.632812 0.0351562 0.636719 0.0351562 0.640625 0.0390625 0.652344 0.0390625 0.65625 0.0429688 0.664062 0.0429688 0.667969 0.0390625 0.679688 0.0390625 0.6875 0.03125 0.691406 0.03125 0.707031 0.015625 0.707031 0.0117188 0.710938 0.0078125 0.703125 0
