0 0.933594 0.222656 0.929688 0.226562 0.925781 0.226562 0.910156 0.242188 0.910156 0.246094 0.90625 0.25 0.90625 0.257812 0.902344 0.261719 0.902344 0.277344 0.90625 0.28125 0.90625 0.289062 0.910156 0.292969 0.910156 0.296875 0.925781 0.3125 0.945312 0.3125 0.949219 0.316406 0.988281 0.316406 0.988281 0.292969 0.992188 0.289062 0.992188 0.277344 0.996094 0.273438 0.996094 0.253906 0.992188 0.253906 0.988281 0.25 0.984375 0.25 0.957031 0.222656
0 0.132812 0.808594 0.128906 0.8125 0.117188 0.8125 0.101562 0.828125 0.101562 0.835938 0.0976562 0.839844 0.0976562 0.859375 0.101562 0.863281 0.101562 0.871094 0.109375 0.878906 0.109375 0.882812 0.121094 0.894531 0.125 0.894531 0.128906 0.898438 0.152344 0.898438 0.179688 0.871094 0.179688 0.863281 0.1875 0.855469 0.1875 0.84375 0.191406 0.839844 0.179688 0.828125 0.175781 0.828125 0.164062 0.816406 0.160156 0.816406 0.15625 0.8125 0.144531 0.8125 0.140625 0.808594
0 0.4375 0.109375 0.433594 0.113281 0.429688 0.113281 0.421875 0.121094 0.417969 0.121094 0.417969 0.125 0.410156 0.132812 0.410156 0.136719 0.40625 0.140625 0.40625 0.148438 0.402344 0.152344 0.402344 0.160156 0.40625 0.164062 0.40625 0.171875 0.414062 0.179688 0.414062 0.183594 0.417969 0.183594 0.425781 0.191406 0.429688 0.191406 0.433594 0.195312 0.441406 0.195312 0.445312 0.199219 0.460938 0.199219 0.464844 0.195312 0.472656 0.195312 0.488281 0.179688 0.488281 0.175781 0.492188 0.171875 0.492188 0.136719 0.488281 0.132812 0.488281 0.128906 0.484375 0.125 0.484375 0.121094 0.480469 0.117188 0.476562 0.117188 0.472656 0.113281 0.46875 0.113281 0.464844 0.109375
0 0.710938 0.492188 0.707031 0.496094 0.703125 0.496094 0.691406 0.507812 0.691406 0.511719 0.6875 0.515625 0.6875 0.550781 0.691406 0.554688 0.691406 0.558594 0.699219 0.566406 0.699219 0.570312 0.71875 0.589844 0.726562 0.589844 0.730469 0.585938 0.734375 0.585938 0.738281 0.582031 0.738281 0.578125 0.761719 0.554688 0.761719 0.523438 0.757812 0.519531 0.757812 0.511719 0.742188 0.496094 0.738281 0.496094 0.734375 0.492188
0 0.382812 0.929688 0.375 0.9375 0.371094 0.9375 0.367188 0.941406 0.363281 0.941406 0.347656 0.957031 0.347656 0.960938 0.34375 0.964844 0.34375 0.996094 0.417969 0.996094 0.421875 0.992188 0.421875 0.988281 0.425781 0.984375 0.425781 0.980469 0.429688 0.976562 0.429688 0.96875 0.421875 0.960938 0.421875 0.957031 0.40625 0.941406 0.398438 0.941406 0.394531 0.9375 0.390625 0.9375
0 0.765625 0.253906 0.761719 0.257812 0.757812 0.257812 0.746094 0.269531 0.746094 0.28125 0.738281 0.289062 0.738281 0.34375 0.75 0.355469 0.785156 0.355469 0.800781 0.339844 0.800781 0.332031 0.816406 0.316406 0.816406 0.3125 0.824219 0.304688 0.824219 0.269531 0.8125 0.257812 0.777344 0.257812 0.773438 0.253906
0 0.953125 0 0.953125 0.0117188 0.957031 0.015625 0.957031 0.0195312 0.960938 0.0234375 0.960938 0.0351562 0.96875 0.0429688 0.96875 0.046875 0.976562 0.0546875 0.976562 0.0585938 0.988281 0.0585938 0.996094 0.0507812 0.996094 0
0 0.800781 0.542969 0.796875 0.546875 0.792969 0.546875 0.785156 0.554688 0.78125 0.554688 0.777344 0.558594 0.777344 0.5625 0.773438 0.566406 0.773438 0.597656 0.777344 0.601562 0.777344 0.605469 0.792969 0.621094 0.820312 0.621094 0.824219 0.617188 0.828125 0.617188 0.84375 0.601562 0.84375 0.597656 0.847656 0.59375 0.847656 0.566406 0.84375 0.5625 0.84375 0.558594 0.832031 0.546875 0.828125 0.546875 0.824219 0.542969
0 0.132812 0.128906 0.128906 0.132812 0.109375 0.132812 0.105469 0.136719 0.101562 0.136719 0.0976562 0.140625 0.09375 0.140625 0.0585938 0.175781 0.0585938 0.195312 0.078125 0.214844 0.0820312 0.214844 0.0859375 0.21875 0.0898438 0.21875 0.09375 0.222656 0.0976562 0.222656 0.109375 0.234375 0.125 0.234375 0.132812 0.226562 0.132812 0.222656 0.164062 0.191406 0.164062 0.1875 0.167969 0.183594 0.167969 0.179688 0.160156 0.171875 0.160156 0.167969 0.152344 0.160156 0.152344 0.132812 0.148438 0.128906
0 0.78125 0.816406 0.777344 0.820312 0.765625 0.820312 0.761719 0.824219 0.757812 0.824219 0.746094 0.835938 0.746094 0.839844 0.742188 0.84375 0.742188 0.875 0.746094 0.878906 0.746094 0.882812 0.753906 0.890625 0.757812 0.890625 0.761719 0.894531 0.765625 0.894531 0.769531 0.898438 0.792969 0.898438 0.796875 0.894531 0.800781 0.894531 0.8125 0.882812 0.8125 0.878906 0.816406 0.875 0.816406 0.871094 0.820312 0.867188 0.820312 0.851562 0.816406 0.847656 0.816406 0.839844 0.8125 0.835938 0.8125 0.832031 0.804688 0.824219 0.800781 0.824219 0.796875 0.820312 0.789062 0.820312 0.785156 0.816406
0 0.222656 0.839844 0.21875 0.84375 0.21875 0.847656 0.210938 0.855469 0.210938 0.867188 0.203125 0.875 0.203125 0.882812 0.195312 0.890625 0.195312 0.894531 0.1875 0.902344 0.183594 0.902344 0.179688 0.90625 0.179688 0.910156 0.175781 0.914062 0.175781 0.917969 0.191406 0.933594 0.195312 0.933594 0.199219 0.9375 0.226562 0.9375 0.230469 0.933594 0.234375 0.933594 0.242188 0.925781 0.246094 0.925781 0.253906 0.917969 0.257812 0.917969 0.261719 0.914062 0.261719 0.910156 0.265625 0.90625 0.265625 0.886719 0.269531 0.882812 0.269531 0.875 0.273438 0.871094 0.253906 0.851562 0.25 0.851562 0.246094 0.847656 0.238281 0.847656 0.230469 0.839844
0 0.441406 0.695312 0.4375 0.699219 0.421875 0.699219 0.394531 0.726562 0.390625 0.726562 0.367188 0.75 0.367188 0.773438 0.371094 0.777344 0.371094 0.78125 0.375 0.785156 0.375 0.789062 0.378906 0.792969 0.378906 0.796875 0.382812 0.800781 0.394531 0.800781 0.402344 0.808594 0.414062 0.808594 0.421875 0.816406 0.429688 0.816406 0.4375 0.824219 0.449219 0.824219 0.453125 0.820312 0.476562 0.820312 0.480469 0.824219 0.515625 0.824219 0.519531 0.820312 0.523438 0.820312 0.53125 0.8125 0.53125 0.808594 0.535156 0.804688 0.535156 0.800781 0.539062 0.796875 0.539062 0.792969 0.542969 0.789062 0.542969 0.78125 0.546875 0.777344 0.546875 0.761719 0.542969 0.757812 0.542969 0.75 0.539062 0.746094 0.539062 0.742188 0.523438 0.726562 0.519531 0.726562 0.515625 0.722656 0.507812 0.722656 0.503906 0.71875 0.492188 0.71875 0.488281 0.714844 0.484375 0.714844 0.476562 0.707031 0.472656 0.707031 0.46875 0.703125 0.464844 0.703125 0.460938 0.699219 0.449219 0.699219 0.445312 0.695312
0 0.8125 0.328125 0.808594 0.332031 0.804688 0.332031 0.804688 0.339844 0.792969 0.351562 0.792969 0.382812 0.796875 0.386719 0.796875 0.390625 0.804688 0.398438 0.808594 0.398438 0.820312 0.410156 0.835938 0.410156 0.839844 0.40625 0.847656 0.40625 0.851562 0.402344 0.859375 0.402344 0.871094 0.390625 0.871094 0.34375 0.867188 0.339844 0.859375 0.339844 0.855469 0.335938 0.855469 0.332031 0.851562 0.328125
0 0.621094 0.273438 0.617188 0.277344 0.613281 0.277344 0.609375 0.28125 0.605469 0.28125 0.589844 0.296875 0.589844 0.320312 0.59375 0.324219 0.59375 0.328125 0.613281 0.347656 0.617188 0.347656 0.621094 0.351562 0.648438 0.351562 0.652344 0.347656 0.65625 0.347656 0.671875 0.332031 0.671875 0.300781 0.667969 0.296875 0.667969 0.292969 0.664062 0.289062 0.664062 0.285156 0.660156 0.28125 0.65625 0.28125 0.652344 0.277344 0.648438 0.277344 0.644531 0.273438
0 0.707031 0.191406 0.703125 0.195312 0.699219 0.195312 0.671875 0.222656 0.671875 0.226562 0.667969 0.230469 0.667969 0.238281 0.664062 0.242188 0.664062 0.261719 0.667969 0.265625 0.667969 0.273438 0.675781 0.28125 0.679688 0.28125 0.683594 0.285156 0.714844 0.285156 0.726562 0.273438 0.730469 0.273438 0.765625 0.238281 0.765625 0.234375 0.769531 0.230469 0.765625 0.226562 0.765625 0.21875 0.761719 0.214844 0.761719 0.210938 0.746094 0.195312 0.742188 0.195312 0.738281 0.191406
0 0.742188 0.363281 0.734375 0.371094 0.734375 0.414062 0.730469 0.417969 0.730469 0.425781 0.726562 0.429688 0.726562 0.445312 0.746094 0.464844 0.75 0.464844 0.753906 0.46875 0.761719 0.46875 0.765625 0.472656 0.789062 0.472656 0.792969 0.46875 0.796875 0.46875 0.804688 0.460938 0.804688 0.457031 0.808594 0.453125 0.808594 0.445312 0.804688 0.441406 0.804688 0.4375 0.800781 0.433594 0.800781 0.410156 0.792969 0.402344 0.792969 0.398438 0.785156 0.390625 0.785156 0.386719 0.765625 0.367188 0.757812 0.367188 0.753906 0.363281
0 0.667969 0.371094 0.664062 0.375 0.660156 0.375 0.65625 0.378906 0.652344 0.378906 0.644531 0.386719 0.644531 0.390625 0.640625 0.394531 0.640625 0.398438 0.636719 0.402344 0.636719 0.429688 0.640625 0.433594 0.640625 0.4375 0.644531 0.441406 0.644531 0.445312 0.648438 0.449219 0.652344 0.449219 0.65625 0.453125 0.664062 0.453125 0.667969 0.457031 0.683594 0.457031 0.6875 0.453125 0.695312 0.453125 0.695312 0.441406 0.703125 0.433594 0.703125 0.417969 0.707031 0.414062 0.707031 0.40625 0.710938 0.402344 0.710938 0.378906 0.707031 0.375 0.699219 0.375 0.695312 0.371094
0 0.28125 0.769531 0.257812 0.792969 0.253906 0.792969 0.242188 0.804688 0.242188 0.820312 0.246094 0.824219 0.257812 0.824219 0.273438 0.839844 0.277344 0.839844 0.304688 0.867188 0.3125 0.867188 0.316406 0.863281 0.324219 0.863281 0.328125 0.859375 0.332031 0.859375 0.34375 0.847656 0.34375 0.816406 0.347656 0.8125 0.34375 0.808594 0.34375 0.800781 0.324219 0.78125 0.320312 0.78125 0.3125 0.773438 0.304688 0.773438 0.300781 0.769531
0 0.921875 0.894531 0.917969 0.898438 0.914062 0.898438 0.910156 0.902344 0.910156 0.910156 0.902344 0.917969 0.902344 0.957031 0.90625 0.960938 0.910156 0.960938 0.914062 0.964844 0.917969 0.964844 0.921875 0.96875 0.933594 0.96875 0.9375 0.972656 0.945312 0.972656 0.953125 0.980469 0.980469 0.980469 0.988281 0.972656 0.988281 0.9375 0.964844 0.914062 0.960938 0.914062 0.953125 0.90625 0.949219 0.90625 0.9375 0.894531
0 0.996094 0.171875 0.984375 0.183594 0.984375 0.1875 0.980469 0.191406 0.980469 0.210938 0.996094 0.226562
0 0.976562 0.773438 0.972656 0.777344 0.96875 0.777344 0.957031 0.789062 0.957031 0.792969 0.949219 0.800781 0.949219 0.8125 0.945312 0.816406 0.945312 0.832031 0.949219 0.835938 0.949219 0.839844 0.957031 0.847656 0.957031 0.851562 0.96875 0.863281 0.972656 0.863281 0.976562 0.867188 0.996094 0.867188 0.996094 0.773438
0 0.46875 0.324219 0.460938 0.332031 0.453125 0.332031 0.445312 0.339844 0.445312 0.34375 0.4375 0.351562 0.433594 0.351562 0.414062 0.371094 0.414062 0.378906 0.410156 0.382812 0.421875 0.394531 0.425781 0.394531 0.429688 0.398438 0.4375 0.398438 0.441406 0.402344 0.480469 0.402344 0.484375 0.398438 0.492188 0.398438 0.496094 0.394531 0.496094 0.386719 0.5 0.382812 0.5 0.355469 0.492188 0.347656 0.492188 0.339844 0.488281 0.335938 0.484375 0.335938 0.476562 0.328125 0.472656 0.328125
0 0.46875 0.976562 0.464844 0.980469 0.453125 0.980469 0.453125 0.988281 0.449219 0.992188 0.449219 0.996094 0.527344 0.996094 0.519531 0.988281 0.511719 0.988281 0.507812 0.984375 0.5 0.984375 0.496094 0.980469 0.480469 0.980469 0.476562 0.976562
0 0.515625 0.222656 0.511719 0.226562 0.503906 0.226562 0.5 0.230469 0.496094 0.230469 0.488281 0.238281 0.484375 0.238281 0.484375 0.242188 0.476562 0.25 0.476562 0.265625 0.472656 0.269531 0.472656 0.273438 0.476562 0.277344 0.476562 0.28125 0.484375 0.289062 0.484375 0.296875 0.515625 0.328125 0.515625 0.332031 0.535156 0.332031 0.539062 0.328125 0.542969 0.328125 0.546875 0.324219 0.550781 0.324219 0.566406 0.308594 0.566406 0.304688 0.574219 0.296875 0.574219 0.261719 0.570312 0.257812 0.570312 0.253906 0.566406 0.25 0.566406 0.246094 0.550781 0.230469 0.546875 0.230469 0.542969 0.226562 0.535156 0.226562 0.53125 0.222656
0 0.40625 0.285156 0.402344 0.289062 0.382812 0.289062 0.378906 0.292969 0.378906 0.296875 0.371094 0.304688 0.367188 0.304688 0.363281 0.308594 0.363281 0.332031 0.382812 0.351562 0.382812 0.355469 0.390625 0.363281 0.390625 0.359375 0.398438 0.351562 0.398438 0.347656 0.40625 0.339844 0.410156 0.339844 0.414062 0.335938 0.417969 0.335938 0.421875 0.332031 0.421875 0.328125 0.4375 0.3125 0.441406 0.3125 0.445312 0.308594 0.449219 0.308594 0.453125 0.304688 0.457031 0.304688 0.441406 0.289062 0.4375 0.289062 0.433594 0.285156
0 0.582031 0.449219 0.578125 0.453125 0.574219 0.453125 0.570312 0.457031 0.566406 0.457031 0.5625 0.460938 0.558594 0.460938 0.550781 0.46875 0.550781 0.472656 0.542969 0.480469 0.542969 0.484375 0.539062 0.488281 0.539062 0.503906 0.542969 0.507812 0.542969 0.511719 0.550781 0.519531 0.550781 0.523438 0.566406 0.539062 0.570312 0.539062 0.574219 0.542969 0.582031 0.542969 0.585938 0.546875 0.59375 0.546875 0.597656 0.542969 0.605469 0.542969 0.613281 0.535156 0.617188 0.535156 0.636719 0.515625 0.636719 0.511719 0.640625 0.507812 0.640625 0.503906 0.644531 0.5 0.644531 0.46875 0.640625 0.464844 0.640625 0.460938 0.636719 0.457031 0.632812 0.457031 0.628906 0.453125 0.625 0.453125 0.621094 0.449219
0 0.851562 0.121094 0.847656 0.125 0.835938 0.125 0.832031 0.128906 0.828125 0.128906 0.824219 0.132812 0.820312 0.132812 0.804688 0.148438 0.804688 0.152344 0.800781 0.15625 0.800781 0.171875 0.804688 0.175781 0.804688 0.179688 0.808594 0.183594 0.808594 0.1875 0.8125 0.191406 0.8125 0.195312 0.824219 0.207031 0.828125 0.207031 0.832031 0.210938 0.863281 0.210938 0.867188 0.207031 0.871094 0.207031 0.878906 0.199219 0.878906 0.195312 0.882812 0.191406 0.882812 0.1875 0.886719 0.183594 0.886719 0.175781 0.890625 0.171875 0.890625 0.152344 0.886719 0.148438 0.886719 0.144531 0.882812 0.140625 0.882812 0.136719 0.875 0.128906 0.871094 0.128906 0.867188 0.125 0.855469 0.125
0 0.0820312 0 0.0820312 0.00390625 0.0859375 0.0078125 0.0859375 0.0117188 0.09375 0.0195312 0.0976562 0.0195312 0.101562 0.0234375 0.105469 0.0234375 0.109375 0.0273438 0.121094 0.0273438 0.125 0.03125 0.152344 0.03125 0.15625 0.0273438 0.160156 0.0273438 0.164062 0.0234375 0.167969 0.0234375 0.179688 0.0117188 0.179688 0.0078125 0.183594 0.00390625 0.183594 0
0 0.203125 0.703125 0.199219 0.707031 0.191406 0.707031 0.1875 0.710938 0.183594 0.710938 0.164062 0.730469 0.164062 0.757812 0.167969 0.761719 0.167969 0.765625 0.183594 0.78125 0.1875 0.78125 0.191406 0.785156 0.195312 0.785156 0.199219 0.789062 0.210938 0.789062 0.214844 0.792969 0.21875 0.792969 0.226562 0.785156 0.230469 0.785156 0.234375 0.78125 0.234375 0.777344 0.25 0.761719 0.253906 0.761719 0.265625 0.75 0.265625 0.746094 0.261719 0.742188 0.261719 0.734375 0.253906 0.726562 0.253906 0.722656 0.242188 0.710938 0.238281 0.710938 0.234375 0.707031 0.226562 0.707031 0.222656 0.703125
0 0.0429688 0.929688 0.0390625 0.933594 0.0351562 0.933594 0.03125 0.9375 0.0273438 0.9375 0.015625 0.949219 0.015625 0.957031 0.0117188 0.960938 0.0117188 0.996094 0.09375 0.996094 0.09375 0.992188 0.0976562 0.988281 0.0976562 0.984375 0.101562 0.980469 0.101562 0.957031 0.0976562 0.953125 0.0976562 0.949219 0.0859375 0.9375 0.0820312 0.9375 0.078125 0.933594 0.0742188 0.933594 0.0703125 0.929688
0 0.191406 0.03125 0.1875 0.0351562 0.183594 0.0351562 0.167969 0.0507812 0.167969 0.0585938 0.164062 0.0625 0.164062 0.101562 0.167969 0.105469 0.167969 0.117188 0.179688 0.128906 0.179688 0.132812 0.203125 0.15625 0.203125 0.160156 0.207031 0.160156 0.210938 0.164062 0.214844 0.164062 0.21875 0.167969 0.242188 0.167969 0.246094 0.164062 0.253906 0.164062 0.257812 0.160156 0.261719 0.160156 0.265625 0.15625 0.269531 0.15625 0.277344 0.148438 0.28125 0.148438 0.285156 0.144531 0.285156 0.140625 0.296875 0.128906 0.296875 0.121094 0.300781 0.117188 0.300781 0.0976562 0.304688 0.09375 0.304688 0.078125 0.300781 0.0742188 0.300781 0.0625 0.292969 0.0546875 0.292969 0.0507812 0.289062 0.0507812 0.28125 0.0429688 0.277344 0.0429688 0.273438 0.0390625 0.261719 0.0390625 0.257812 0.0351562 0.238281 0.0351562 0.234375 0.03125
0 0.742188 0.90625 0.730469 0.917969 0.726562 0.917969 0.714844 0.929688 0.710938 0.929688 0.707031 0.933594 0.707031 0.972656 0.710938 0.976562 0.714844 0.976562 0.71875 0.980469 0.722656 0.980469 0.726562 0.984375 0.757812 0.984375 0.761719 0.980469 0.765625 0.980469 0.769531 0.976562 0.773438 0.976562 0.777344 0.972656 0.78125 0.972656 0.800781 0.953125 0.800781 0.945312 0.796875 0.941406 0.796875 0.933594 0.789062 0.925781 0.78125 0.925781 0.773438 0.917969 0.769531 0.917969 0.765625 0.914062 0.757812 0.914062 0.75 0.90625
0 0.976562 0.332031 0.96875 0.339844 0.941406 0.339844 0.9375 0.335938 0.925781 0.335938 0.917969 0.34375 0.914062 0.34375 0.90625 0.351562 0.902344 0.351562 0.898438 0.355469 0.894531 0.351562 0.894531 0.390625 0.890625 0.394531 0.890625 0.40625 0.917969 0.433594 0.921875 0.433594 0.925781 0.4375 0.929688 0.4375 0.933594 0.441406 0.941406 0.441406 0.945312 0.445312 0.960938 0.445312 0.964844 0.441406 0.96875 0.441406 0.972656 0.4375 0.972656 0.433594 0.976562 0.429688 0.976562 0.425781 0.996094 0.40625 0.996094 0.335938 0.992188 0.335938 0.988281 0.332031
0 0.558594 0.914062 0.554688 0.917969 0.546875 0.917969 0.542969 0.921875 0.539062 0.921875 0.53125 0.929688 0.53125 0.933594 0.527344 0.9375 0.527344 0.941406 0.523438 0.945312 0.523438 0.972656 0.527344 0.976562 0.527344 0.984375 0.539062 0.996094 0.589844 0.996094 0.601562 0.984375 0.601562 0.976562 0.609375 0.96875 0.609375 0.957031 0.613281 0.953125 0.613281 0.945312 0.617188 0.941406 0.617188 0.9375 0.621094 0.933594 0.617188 0.933594 0.609375 0.925781 0.605469 0.925781 0.601562 0.921875 0.597656 0.921875 0.59375 0.917969 0.582031 0.917969 0.578125 0.914062
0 0.929688 0.976562 0.921875 0.984375 0.921875 0.996094 0.976562 0.996094 0.976562 0.992188 0.972656 0.988281 0.957031 0.988281 0.953125 0.984375 0.9375 0.984375
0 0.375 0.828125 0.371094 0.832031 0.371094 0.835938 0.351562 0.855469 0.351562 0.859375 0.347656 0.863281 0.347656 0.882812 0.355469 0.890625 0.355469 0.894531 0.371094 0.910156 0.371094 0.914062 0.390625 0.933594 0.394531 0.933594 0.398438 0.9375 0.429688 0.9375 0.433594 0.933594 0.4375 0.933594 0.449219 0.921875 0.449219 0.917969 0.457031 0.910156 0.457031 0.878906 0.449219 0.871094 0.449219 0.863281 0.429688 0.84375 0.421875 0.84375 0.414062 0.835938 0.410156 0.835938 0.40625 0.832031 0.402344 0.832031 0.398438 0.828125
0 0.574219 0.5625 0.570312 0.566406 0.5625 0.566406 0.554688 0.574219 0.550781 0.574219 0.542969 0.582031 0.542969 0.585938 0.539062 0.589844 0.539062 0.617188 0.542969 0.621094 0.542969 0.625 0.546875 0.628906 0.546875 0.632812 0.558594 0.644531 0.5625 0.644531 0.566406 0.648438 0.570312 0.648438 0.574219 0.652344 0.605469 0.652344 0.609375 0.648438 0.613281 0.648438 0.628906 0.632812 0.628906 0.628906 0.632812 0.625 0.632812 0.613281 0.636719 0.609375 0.636719 0.605469 0.632812 0.601562 0.632812 0.589844 0.628906 0.585938 0.628906 0.582031 0.617188 0.570312 0.613281 0.570312 0.609375 0.566406 0.605469 0.566406 0.601562 0.5625
0 0.996094 0.894531 0.992188 0.898438 0.988281 0.898438 0.984375 0.902344 0.984375 0.90625 0.980469 0.910156 0.980469 0.917969 0.984375 0.921875 0.984375 0.925781 0.992188 0.933594 0.992188 0.9375 0.996094 0.941406
0 0.464844 0.433594 0.460938 0.4375 0.457031 0.4375 0.453125 0.441406 0.449219 0.441406 0.445312 0.445312 0.441406 0.445312 0.429688 0.457031 0.429688 0.460938 0.425781 0.464844 0.425781 0.472656 0.421875 0.476562 0.421875 0.488281 0.425781 0.492188 0.425781 0.503906 0.433594 0.511719 0.433594 0.515625 0.4375 0.515625 0.445312 0.523438 0.449219 0.523438 0.453125 0.527344 0.460938 0.527344 0.464844 0.53125 0.480469 0.53125 0.484375 0.527344 0.492188 0.527344 0.496094 0.523438 0.5 0.523438 0.515625 0.507812 0.515625 0.503906 0.519531 0.5 0.519531 0.496094 0.523438 0.492188 0.523438 0.476562 0.519531 0.472656 0.519531 0.464844 0.515625 0.460938 0.515625 0.457031 0.496094 0.4375 0.492188 0.4375 0.488281 0.433594
0 0.640625 0.953125 0.636719 0.957031 0.636719 0.960938 0.632812 0.964844 0.632812 0.984375 0.625 0.992188 0.625 0.996094 0.703125 0.996094 0.699219 0.992188 0.695312 0.992188 0.6875 0.984375 0.6875 0.976562 0.683594 0.972656 0.683594 0.96875 0.679688 0.964844 0.679688 0.960938 0.671875 0.953125
0 0.113281 0.367188 0.109375 0.371094 0.105469 0.371094 0.101562 0.375 0.0976562 0.375 0.0898438 0.382812 0.0898438 0.386719 0.0859375 0.390625 0.0859375 0.394531 0.0820312 0.398438 0.0820312 0.414062 0.0859375 0.417969 0.0859375 0.425781 0.101562 0.441406 0.105469 0.441406 0.109375 0.445312 0.121094 0.445312 0.125 0.449219 0.132812 0.449219 0.136719 0.445312 0.144531 0.445312 0.148438 0.441406 0.152344 0.441406 0.160156 0.433594 0.160156 0.429688 0.167969 0.421875 0.167969 0.414062 0.171875 0.410156 0.171875 0.394531 0.167969 0.390625 0.167969 0.386719 0.164062 0.382812 0.164062 0.378906 0.160156 0.378906 0.152344 0.371094 0.144531 0.371094 0.140625 0.367188
0 0.699219 0.0351562 0.679688 0.0546875 0.679688 0.0585938 0.675781 0.0625 0.675781 0.0664062 0.671875 0.0703125 0.671875 0.09375 0.675781 0.0976562 0.675781 0.101562 0.679688 0.105469 0.679688 0.109375 0.691406 0.121094 0.695312 0.121094 0.699219 0.125 0.707031 0.125 0.710938 0.128906 0.726562 0.128906 0.730469 0.125 0.742188 0.125 0.746094 0.121094 0.75 0.121094 0.769531 0.101562 0.769531 0.0898438 0.773438 0.0859375 0.773438 0.0742188 0.761719 0.0625 0.757812 0.0625 0.753906 0.0585938 0.75 0.0585938 0.746094 0.0546875 0.742188 0.0546875 0.738281 0.0507812 0.726562 0.0507812 0.722656 0.046875 0.71875 0.046875 0.714844 0.0429688 0.710938 0.0429688 0.707031 0.0390625 0.703125 0.0390625
0 0.730469 0 0.726562 0.00390625 0.71875 0.00390625 0.714844 0.0078125 0.714844 0.015625 0.726562 0.0273438 0.730469 0.0273438 0.742188 0.0390625 0.746094 0.0390625 0.75 0.0429688 0.753906 0.0429688 0.757812 0.046875 0.761719 0.046875 0.773438 0.0585938 0.777344 0.0585938 0.78125 0.0625 0.785156 0.0625 0.789062 0.0664062 0.792969 0.0664062 0.796875 0.0703125 0.800781 0.0703125 0.804688 0.0742188 0.816406 0.0742188 0.820312 0.0703125 0.820312 0.0664062 0.824219 0.0625 0.824219 0.046875 0.828125 0.0429688 0.828125 0.0234375 0.824219 0.0195312 0.824219 0.0117188 0.820312 0.0078125 0.816406 0.0078125 0.8125 0.00390625 0.808594 0.00390625 0.804688 0
0 0.1875 0.199219 0.1875 0.203125 0.171875 0.21875 0.171875 0.222656 0.152344 0.242188 0.152344 0.269531 0.164062 0.28125 0.167969 0.28125 0.171875 0.285156 0.175781 0.285156 0.179688 0.289062 0.183594 0.289062 0.1875 0.292969 0.207031 0.292969 0.214844 0.285156 0.21875 0.285156 0.222656 0.28125 0.222656 0.277344 0.230469 0.269531 0.230469 0.253906 0.238281 0.246094 0.238281 0.214844 0.234375 0.210938 0.230469 0.210938 0.222656 0.203125 0.214844 0.203125 0.210938 0.199219
0 0.847656 0 0.847656 0.0390625 0.851562 0.0429688 0.851562 0.0585938 0.867188 0.0742188 0.871094 0.0742188 0.875 0.078125 0.886719 0.078125 0.890625 0.0820312 0.945312 0.0820312 0.949219 0.078125 0.949219 0.0234375 0.941406 0.015625 0.941406 0.0117188 0.9375 0.0078125 0.933594 0.0078125 0.925781 0
0 0 0.761719 0 0.855469 0.00390625 0.855469 0.0078125 0.851562 0.0117188 0.851562 0.015625 0.847656 0.0195312 0.847656 0.0234375 0.84375 0.0234375 0.839844 0.03125 0.832031 0.03125 0.820312 0.0351562 0.816406 0.0351562 0.800781 0.03125 0.796875 0.03125 0.789062 0.0273438 0.785156 0.0273438 0.78125 0.015625 0.769531 0.0117188 0.769531 0.0078125 0.765625 0.00390625 0.765625
0 0.753906 0.992188 0.75 0.996094 0.792969 0.996094 0.789062 0.992188
0 0.855469 0.933594 0.851562 0.9375 0.847656 0.9375 0.832031 0.953125 0.832031 0.980469 0.835938 0.984375 0.835938 0.988281 0.839844 0.992188 0.839844 0.996094 0.890625 0.996094 0.894531 0.992188 0.894531 0.988281 0.898438 0.984375 0.898438 0.972656 0.90625 0.964844 0.898438 0.957031 0.898438 0.9375 0.894531 0.9375 0.890625 0.933594
0 0.441406 0.566406 0.4375 0.570312 0.433594 0.570312 0.429688 0.574219 0.425781 0.574219 0.410156 0.589844 0.410156 0.597656 0.40625 0.601562 0.40625 0.621094 0.410156 0.625 0.410156 0.628906 0.421875 0.640625 0.425781 0.640625 0.433594 0.648438 0.4375 0.648438 0.441406 0.652344 0.449219 0.652344 0.453125 0.65625 0.464844 0.65625 0.46875 0.652344 0.476562 0.652344 0.480469 0.648438 0.484375 0.648438 0.488281 0.644531 0.488281 0.640625 0.492188 0.636719 0.492188 0.632812 0.496094 0.628906 0.496094 0.621094 0.5 0.617188 0.5 0.59375 0.496094 0.589844 0.496094 0.585938 0.480469 0.570312 0.476562 0.570312 0.472656 0.566406
