0 0.0664062 0.578125 0.0546875 0.589844 0.0546875 0.601562 0.0703125 0.617188 0.078125 0.617188 0.0820312 0.621094 0.0859375 0.621094 0.0898438 0.617188 0.09375 0.617188 0.0976562 0.613281 0.101562 0.613281 0.101562 0.609375 0.105469 0.605469 0.105469 0.597656 0.101562 0.59375 0.101562 0.589844 0.0898438 0.578125
0 0.128906 0.816406 0.125 0.820312 0.121094 0.820312 0.121094 0.824219 0.117188 0.828125 0.117188 0.832031 0.113281 0.835938 0.113281 0.855469 0.117188 0.859375 0.117188 0.863281 0.121094 0.867188 0.121094 0.871094 0.125 0.875 0.132812 0.875 0.136719 0.871094 0.140625 0.871094 0.144531 0.867188 0.144531 0.863281 0.148438 0.859375 0.148438 0.832031 0.144531 0.828125 0.144531 0.824219 0.136719 0.816406
0 0.300781 0.425781 0.300781 0.445312 0.316406 0.460938 0.320312 0.460938 0.324219 0.464844 0.34375 0.464844 0.351562 0.457031 0.351562 0.441406 0.34375 0.433594 0.339844 0.433594 0.332031 0.425781
0 0.511719 0.597656 0.503906 0.605469 0.5 0.605469 0.5 0.609375 0.492188 0.617188 0.492188 0.636719 0.496094 0.640625 0.511719 0.640625 0.515625 0.636719 0.523438 0.636719 0.535156 0.625 0.539062 0.625 0.539062 0.601562 0.535156 0.597656
0 0.554688 0.890625 0.550781 0.894531 0.546875 0.894531 0.53125 0.910156 0.53125 0.917969 0.527344 0.921875 0.527344 0.949219 0.535156 0.957031 0.539062 0.957031 0.542969 0.960938 0.558594 0.960938 0.5625 0.957031 0.566406 0.957031 0.570312 0.953125 0.574219 0.953125 0.582031 0.945312 0.582031 0.910156 0.578125 0.90625 0.578125 0.902344 0.566406 0.890625
0 0.597656 0.832031 0.589844 0.839844 0.589844 0.84375 0.582031 0.851562 0.582031 0.875 0.585938 0.878906 0.585938 0.890625 0.589844 0.894531 0.589844 0.898438 0.59375 0.902344 0.605469 0.902344 0.609375 0.898438 0.617188 0.898438 0.621094 0.894531 0.625 0.894531 0.625 0.890625 0.628906 0.886719 0.628906 0.867188 0.625 0.863281 0.625 0.847656 0.621094 0.84375 0.621094 0.839844 0.617188 0.835938 0.609375 0.835938 0.605469 0.832031
0 0.253906 0.261719 0.242188 0.273438 0.238281 0.273438 0.234375 0.277344 0.234375 0.296875 0.242188 0.304688 0.269531 0.304688 0.273438 0.300781 0.28125 0.300781 0.292969 0.289062 0.292969 0.273438 0.289062 0.269531 0.289062 0.265625 0.285156 0.261719
0 0.621094 0.699219 0.613281 0.707031 0.609375 0.707031 0.605469 0.710938 0.601562 0.710938 0.601562 0.714844 0.597656 0.71875 0.597656 0.738281 0.601562 0.742188 0.605469 0.742188 0.609375 0.746094 0.625 0.746094 0.628906 0.742188 0.632812 0.742188 0.636719 0.738281 0.640625 0.738281 0.644531 0.734375 0.648438 0.734375 0.648438 0.730469 0.652344 0.726562 0.652344 0.710938 0.648438 0.707031 0.648438 0.703125 0.644531 0.699219
0 0.121094 0.125 0.117188 0.128906 0.109375 0.128906 0.105469 0.132812 0.101562 0.132812 0.0898438 0.144531 0.0898438 0.160156 0.09375 0.164062 0.0976562 0.164062 0.101562 0.167969 0.113281 0.167969 0.117188 0.164062 0.121094 0.164062 0.128906 0.15625 0.132812 0.15625 0.140625 0.148438 0.144531 0.148438 0.144531 0.136719 0.132812 0.125
0 0.140625 0.15625 0.136719 0.160156 0.132812 0.160156 0.128906 0.164062 0.125 0.164062 0.121094 0.167969 0.121094 0.1875 0.125 0.191406 0.148438 0.191406 0.152344 0.1875 0.160156 0.1875 0.171875 0.175781 0.171875 0.164062 0.167969 0.160156 0.167969 0.15625
0 0.992188 0.75 0.976562 0.765625 0.976562 0.78125 0.980469 0.785156 0.980469 0.789062 0.984375 0.792969 0.996094 0.792969 0.996094 0.75
0 0.0546875 0.390625 0.0507812 0.394531 0.046875 0.394531 0.046875 0.398438 0.0429688 0.402344 0.0429688 0.417969 0.0546875 0.429688 0.0585938 0.429688 0.0625 0.433594 0.0742188 0.433594 0.078125 0.4375 0.0976562 0.4375 0.101562 0.433594 0.101562 0.429688 0.105469 0.425781 0.101562 0.421875 0.101562 0.410156 0.0976562 0.40625 0.0976562 0.402344 0.09375 0.398438 0.0898438 0.398438 0.0859375 0.394531 0.078125 0.394531 0.0742188 0.390625
0 0.203125 0.464844 0.199219 0.46875 0.191406 0.46875 0.183594 0.476562 0.183594 0.488281 0.195312 0.5 0.203125 0.5 0.207031 0.503906 0.230469 0.503906 0.238281 0.496094 0.242188 0.496094 0.242188 0.484375 0.238281 0.480469 0.238281 0.476562 0.234375 0.472656 0.230469 0.472656 0.226562 0.46875 0.214844 0.46875 0.210938 0.464844
0 0.695312 0.878906 0.691406 0.882812 0.6875 0.882812 0.683594 0.886719 0.679688 0.886719 0.667969 0.898438 0.667969 0.902344 0.664062 0.90625 0.664062 0.910156 0.660156 0.914062 0.664062 0.917969 0.664062 0.921875 0.667969 0.921875 0.671875 0.925781 0.679688 0.925781 0.683594 0.921875 0.691406 0.921875 0.699219 0.914062 0.703125 0.914062 0.703125 0.910156 0.707031 0.90625 0.707031 0.886719 0.703125 0.882812 0.699219 0.882812
0 0.835938 0.632812 0.832031 0.636719 0.824219 0.636719 0.808594 0.652344 0.808594 0.667969 0.816406 0.675781 0.839844 0.675781 0.84375 0.671875 0.847656 0.671875 0.855469 0.664062 0.859375 0.664062 0.863281 0.660156 0.863281 0.65625 0.867188 0.652344 0.867188 0.644531 0.855469 0.632812
0 0.175781 0.179688 0.171875 0.183594 0.167969 0.183594 0.160156 0.191406 0.160156 0.199219 0.164062 0.203125 0.164062 0.207031 0.167969 0.210938 0.171875 0.210938 0.175781 0.214844 0.207031 0.214844 0.214844 0.207031 0.214844 0.191406 0.207031 0.183594 0.207031 0.179688
0 0.550781 0.378906 0.546875 0.382812 0.542969 0.382812 0.542969 0.386719 0.539062 0.390625 0.539062 0.394531 0.542969 0.398438 0.542969 0.402344 0.550781 0.410156 0.554688 0.410156 0.558594 0.414062 0.570312 0.414062 0.574219 0.417969 0.582031 0.417969 0.585938 0.414062 0.589844 0.414062 0.59375 0.410156 0.59375 0.40625 0.597656 0.402344 0.59375 0.398438 0.59375 0.390625 0.585938 0.382812 0.578125 0.382812 0.574219 0.378906
0 0.898438 0.234375 0.894531 0.238281 0.886719 0.238281 0.886719 0.253906 0.890625 0.253906 0.898438 0.261719 0.902344 0.261719 0.90625 0.265625 0.914062 0.265625 0.917969 0.269531 0.9375 0.269531 0.941406 0.265625 0.941406 0.261719 0.945312 0.257812 0.945312 0.253906 0.941406 0.25 0.941406 0.246094 0.9375 0.242188 0.929688 0.242188 0.925781 0.238281 0.921875 0.238281 0.917969 0.234375
0 0.132812 0.941406 0.125 0.949219 0.125 0.957031 0.121094 0.960938 0.121094 0.972656 0.117188 0.976562 0.117188 0.984375 0.121094 0.988281 0.121094 0.992188 0.125 0.996094 0.140625 0.996094 0.144531 0.992188 0.144531 0.988281 0.148438 0.984375 0.148438 0.976562 0.152344 0.972656 0.152344 0.953125 0.148438 0.949219 0.148438 0.945312 0.144531 0.941406
0 0.0898438 0.0507812 0.0859375 0.0546875 0.0820312 0.0546875 0.0742188 0.0625 0.0742188 0.0664062 0.0703125 0.0703125 0.0703125 0.0820312 0.078125 0.0898438 0.09375 0.0898438 0.0976562 0.0859375 0.101562 0.0859375 0.109375 0.078125 0.113281 0.078125 0.113281 0.0742188 0.117188 0.0703125 0.117188 0.0625 0.105469 0.0507812
0 0.566406 0.851562 0.5625 0.855469 0.558594 0.855469 0.539062 0.875 0.539062 0.894531 0.542969 0.894531 0.546875 0.890625 0.550781 0.890625 0.554688 0.886719 0.566406 0.886719 0.566406 0.882812 0.578125 0.871094 0.578125 0.851562
0 0.6875 0.171875 0.683594 0.175781 0.679688 0.175781 0.675781 0.179688 0.671875 0.179688 0.671875 0.183594 0.667969 0.1875 0.667969 0.203125 0.679688 0.214844 0.683594 0.214844 0.6875 0.21875 0.710938 0.21875 0.714844 0.214844 0.71875 0.214844 0.722656 0.210938 0.726562 0.210938 0.726562 0.207031 0.730469 0.203125 0.730469 0.191406 0.726562 0.1875 0.726562 0.183594 0.71875 0.175781 0.710938 0.175781 0.707031 0.171875
0 0.46875 0.253906 0.460938 0.261719 0.460938 0.28125 0.464844 0.285156 0.503906 0.285156 0.507812 0.28125 0.507812 0.265625 0.5 0.257812 0.492188 0.257812 0.488281 0.253906
0 0.828125 0.101562 0.828125 0.105469 0.824219 0.109375 0.824219 0.117188 0.828125 0.121094 0.828125 0.125 0.832031 0.128906 0.835938 0.128906 0.839844 0.132812 0.84375 0.132812 0.847656 0.136719 0.855469 0.136719 0.859375 0.140625 0.875 0.140625 0.878906 0.136719 0.878906 0.121094 0.863281 0.105469 0.859375 0.105469 0.855469 0.101562
0 0.917969 0.910156 0.910156 0.917969 0.90625 0.917969 0.898438 0.925781 0.898438 0.941406 0.902344 0.945312 0.921875 0.945312 0.925781 0.941406 0.933594 0.941406 0.9375 0.9375 0.941406 0.9375 0.945312 0.933594 0.949219 0.933594 0.953125 0.929688 0.953125 0.917969 0.945312 0.910156
0 0.582031 0.886719 0.574219 0.894531 0.582031 0.902344 0.582031 0.90625 0.585938 0.910156 0.585938 0.933594 0.597656 0.933594 0.601562 0.929688 0.605469 0.929688 0.617188 0.917969 0.617188 0.914062 0.621094 0.910156 0.621094 0.902344 0.609375 0.902344 0.605469 0.90625 0.59375 0.90625 0.585938 0.898438 0.585938 0.894531 0.582031 0.890625
0 0.628906 0.0117188 0.625 0.015625 0.625 0.0195312 0.621094 0.0234375 0.621094 0.03125 0.628906 0.0390625 0.636719 0.0390625 0.640625 0.0429688 0.660156 0.0429688 0.664062 0.0390625 0.664062 0.0351562 0.667969 0.03125 0.667969 0.0273438 0.65625 0.015625 0.652344 0.015625 0.648438 0.0117188
0 0.699219 0.519531 0.695312 0.523438 0.6875 0.523438 0.683594 0.527344 0.683594 0.53125 0.679688 0.535156 0.679688 0.550781 0.6875 0.558594 0.71875 0.558594 0.734375 0.542969 0.734375 0.53125 0.726562 0.523438 0.722656 0.523438 0.71875 0.519531
0 0.164062 0.558594 0.160156 0.5625 0.15625 0.5625 0.152344 0.566406 0.152344 0.589844 0.15625 0.589844 0.160156 0.59375 0.179688 0.59375 0.183594 0.589844 0.191406 0.589844 0.199219 0.582031 0.199219 0.5625 0.191406 0.5625 0.1875 0.558594
0 0.707031 0.25 0.703125 0.253906 0.6875 0.253906 0.683594 0.257812 0.683594 0.28125 0.6875 0.28125 0.691406 0.285156 0.695312 0.285156 0.699219 0.289062 0.722656 0.289062 0.726562 0.285156 0.730469 0.285156 0.734375 0.28125 0.734375 0.277344 0.738281 0.273438 0.738281 0.265625 0.726562 0.253906 0.71875 0.253906 0.714844 0.25
0 0.871094 0.902344 0.867188 0.90625 0.859375 0.90625 0.855469 0.910156 0.851562 0.910156 0.847656 0.914062 0.84375 0.914062 0.839844 0.917969 0.835938 0.917969 0.828125 0.925781 0.828125 0.9375 0.835938 0.945312 0.863281 0.945312 0.867188 0.941406 0.871094 0.941406 0.875 0.9375 0.878906 0.9375 0.882812 0.933594 0.886719 0.933594 0.890625 0.929688 0.894531 0.929688 0.894531 0.925781 0.898438 0.921875 0.898438 0.917969 0.902344 0.914062 0.902344 0.910156 0.894531 0.902344
0 0.304688 0.808594 0.300781 0.8125 0.296875 0.8125 0.296875 0.816406 0.289062 0.824219 0.289062 0.828125 0.285156 0.832031 0.285156 0.839844 0.28125 0.84375 0.28125 0.867188 0.285156 0.871094 0.285156 0.875 0.289062 0.875 0.296875 0.882812 0.308594 0.882812 0.3125 0.878906 0.316406 0.878906 0.324219 0.871094 0.324219 0.867188 0.328125 0.863281 0.328125 0.859375 0.332031 0.855469 0.332031 0.820312 0.328125 0.816406 0.328125 0.8125 0.324219 0.808594
0 0.160156 0.671875 0.15625 0.675781 0.152344 0.675781 0.148438 0.679688 0.148438 0.695312 0.152344 0.699219 0.15625 0.699219 0.160156 0.703125 0.183594 0.703125 0.1875 0.699219 0.1875 0.695312 0.191406 0.691406 0.191406 0.675781 0.1875 0.671875
0 0.691406 0.339844 0.683594 0.347656 0.683594 0.363281 0.6875 0.367188 0.6875 0.371094 0.699219 0.382812 0.726562 0.382812 0.730469 0.378906 0.738281 0.378906 0.746094 0.371094 0.746094 0.355469 0.734375 0.34375 0.730469 0.34375 0.726562 0.339844
0 0.230469 0.914062 0.222656 0.921875 0.222656 0.925781 0.21875 0.929688 0.21875 0.933594 0.214844 0.9375 0.214844 0.976562 0.222656 0.984375 0.226562 0.984375 0.230469 0.988281 0.234375 0.988281 0.238281 0.984375 0.242188 0.984375 0.257812 0.96875 0.257812 0.964844 0.261719 0.960938 0.261719 0.925781 0.257812 0.921875 0.257812 0.917969 0.253906 0.914062
0 0.996094 0.445312 0.984375 0.457031 0.984375 0.464844 0.996094 0.476562
0 0.4375 0.601562 0.4375 0.605469 0.429688 0.613281 0.429688 0.617188 0.425781 0.621094 0.425781 0.648438 0.429688 0.648438 0.433594 0.652344 0.460938 0.652344 0.472656 0.640625 0.472656 0.636719 0.476562 0.632812 0.476562 0.613281 0.46875 0.605469 0.46875 0.601562
0 0.730469 0.621094 0.726562 0.625 0.71875 0.625 0.714844 0.628906 0.710938 0.628906 0.703125 0.636719 0.703125 0.65625 0.710938 0.664062 0.726562 0.664062 0.730469 0.660156 0.738281 0.660156 0.742188 0.65625 0.746094 0.65625 0.757812 0.644531 0.757812 0.628906 0.75 0.621094
0 0.046875 0.84375 0.0429688 0.847656 0.0429688 0.851562 0.0390625 0.855469 0.0390625 0.875 0.0429688 0.878906 0.0429688 0.882812 0.0507812 0.890625 0.0664062 0.890625 0.0703125 0.886719 0.0703125 0.859375 0.0664062 0.855469 0.0664062 0.847656 0.0625 0.84375
0 0.589844 0.222656 0.578125 0.234375 0.578125 0.238281 0.574219 0.242188 0.574219 0.257812 0.582031 0.265625 0.582031 0.269531 0.585938 0.269531 0.59375 0.277344 0.597656 0.277344 0.601562 0.28125 0.632812 0.28125 0.636719 0.277344 0.640625 0.277344 0.640625 0.273438 0.644531 0.269531 0.644531 0.246094 0.628906 0.230469 0.625 0.230469 0.621094 0.226562 0.609375 0.226562 0.605469 0.222656
0 0.277344 0.078125 0.273438 0.0820312 0.269531 0.0820312 0.265625 0.0859375 0.261719 0.0859375 0.261719 0.0898438 0.257812 0.09375 0.257812 0.105469 0.269531 0.117188 0.277344 0.117188 0.28125 0.121094 0.285156 0.117188 0.289062 0.117188 0.300781 0.105469 0.300781 0.101562 0.304688 0.0976562 0.304688 0.0898438 0.292969 0.078125
0 0.296875 0.292969 0.289062 0.300781 0.289062 0.320312 0.292969 0.324219 0.292969 0.328125 0.296875 0.328125 0.308594 0.339844 0.316406 0.339844 0.320312 0.34375 0.335938 0.34375 0.339844 0.347656 0.351562 0.347656 0.355469 0.34375 0.359375 0.34375 0.367188 0.335938 0.367188 0.3125 0.359375 0.304688 0.355469 0.304688 0.351562 0.300781 0.347656 0.300781 0.34375 0.296875 0.324219 0.296875 0.320312 0.292969
0 0.0078125 0.257812 0.00390625 0.261719 0 0.261719 0 0.296875 0.00390625 0.292969 0.0117188 0.292969 0.015625 0.289062 0.0195312 0.289062 0.0273438 0.28125 0.0273438 0.277344 0.03125 0.273438 0.03125 0.269531 0.0273438 0.265625 0.0273438 0.261719 0.0234375 0.261719 0.0195312 0.257812
0 0.375 0.148438 0.371094 0.152344 0.363281 0.152344 0.359375 0.15625 0.359375 0.160156 0.355469 0.164062 0.355469 0.175781 0.367188 0.1875 0.394531 0.1875 0.398438 0.183594 0.398438 0.179688 0.402344 0.175781 0.402344 0.15625 0.394531 0.148438
0 0.820312 0.433594 0.816406 0.4375 0.808594 0.4375 0.808594 0.441406 0.804688 0.445312 0.804688 0.449219 0.800781 0.453125 0.800781 0.457031 0.804688 0.460938 0.804688 0.464844 0.8125 0.472656 0.816406 0.472656 0.820312 0.476562 0.84375 0.476562 0.851562 0.46875 0.851562 0.464844 0.855469 0.460938 0.855469 0.453125 0.851562 0.449219 0.851562 0.445312 0.84375 0.4375 0.839844 0.4375 0.835938 0.433594
0 0.890625 0.285156 0.886719 0.289062 0.882812 0.289062 0.867188 0.304688 0.867188 0.320312 0.871094 0.324219 0.878906 0.324219 0.882812 0.328125 0.886719 0.328125 0.890625 0.324219 0.902344 0.324219 0.90625 0.320312 0.910156 0.320312 0.921875 0.308594 0.921875 0.292969 0.914062 0.285156
