0 0.0546875 0.0429688 0.0507812 0.046875 0.046875 0.046875 0.0429688 0.0507812 0.0390625 0.0507812 0.0390625 0.0546875 0.0351562 0.0585938 0.0351562 0.0625 0.03125 0.0664062 0.03125 0.078125 0.0351562 0.0820312 0.0351562 0.0898438 0.0429688 0.0976562 0.0429688 0.101562 0.046875 0.105469 0.0507812 0.105469 0.0546875 0.109375 0.078125 0.109375 0.0820312 0.105469 0.0859375 0.105469 0.0976562 0.09375 0.0976562 0.0898438 0.101562 0.0859375 0.101562 0.0585938 0.0898438 0.046875 0.0859375 0.046875 0.0820312 0.0429688
0 0.28125 0.445312 0.277344 0.449219 0.273438 0.449219 0.261719 0.460938 0.261719 0.464844 0.257812 0.46875 0.257812 0.484375 0.261719 0.488281 0.261719 0.492188 0.269531 0.5 0.3125 0.5 0.316406 0.496094 0.367188 0.496094 0.371094 0.492188 0.371094 0.472656 0.367188 0.46875 0.363281 0.46875 0.355469 0.460938 0.351562 0.460938 0.34375 0.453125 0.339844 0.453125 0.332031 0.445312
0 0.289062 0.914062 0.273438 0.929688 0.273438 0.933594 0.269531 0.9375 0.269531 0.953125 0.265625 0.957031 0.269531 0.960938 0.269531 0.972656 0.273438 0.976562 0.273438 0.980469 0.28125 0.988281 0.285156 0.988281 0.289062 0.992188 0.296875 0.992188 0.300781 0.996094 0.324219 0.996094 0.328125 0.992188 0.332031 0.992188 0.347656 0.976562 0.347656 0.96875 0.351562 0.964844 0.351562 0.953125 0.347656 0.949219 0.347656 0.941406 0.34375 0.9375 0.34375 0.933594 0.328125 0.917969 0.324219 0.917969 0.320312 0.914062
0 0.367188 0.199219 0.359375 0.207031 0.355469 0.207031 0.351562 0.210938 0.347656 0.210938 0.34375 0.214844 0.339844 0.214844 0.335938 0.21875 0.332031 0.21875 0.328125 0.222656 0.320312 0.222656 0.3125 0.230469 0.308594 0.230469 0.3125 0.234375 0.3125 0.246094 0.308594 0.25 0.308594 0.253906 0.3125 0.257812 0.3125 0.269531 0.316406 0.273438 0.316406 0.277344 0.324219 0.285156 0.328125 0.285156 0.332031 0.289062 0.355469 0.289062 0.359375 0.285156 0.371094 0.285156 0.375 0.28125 0.375 0.277344 0.382812 0.269531 0.382812 0.214844 0.386719 0.210938 0.386719 0.207031 0.382812 0.207031 0.378906 0.203125 0.375 0.203125 0.371094 0.199219
0 0.273438 0.320312 0.269531 0.324219 0.261719 0.324219 0.257812 0.328125 0.25 0.328125 0.230469 0.347656 0.230469 0.378906 0.234375 0.382812 0.25 0.382812 0.253906 0.378906 0.257812 0.378906 0.261719 0.375 0.277344 0.375 0.292969 0.359375 0.292969 0.351562 0.296875 0.347656 0.296875 0.332031 0.292969 0.328125 0.292969 0.324219 0.289062 0.320312
0 0.511719 0.335938 0.503906 0.34375 0.503906 0.347656 0.496094 0.355469 0.496094 0.378906 0.488281 0.386719 0.488281 0.410156 0.5 0.421875 0.523438 0.421875 0.527344 0.417969 0.53125 0.417969 0.53125 0.410156 0.539062 0.402344 0.542969 0.402344 0.546875 0.398438 0.550781 0.398438 0.558594 0.390625 0.558594 0.351562 0.550781 0.34375 0.550781 0.339844 0.546875 0.335938
0 0.324219 0.0117188 0.316406 0.0195312 0.3125 0.0195312 0.304688 0.0273438 0.300781 0.0273438 0.296875 0.03125 0.292969 0.03125 0.289062 0.0351562 0.285156 0.0351562 0.285156 0.0390625 0.28125 0.0429688 0.28125 0.0703125 0.292969 0.0820312 0.296875 0.0820312 0.304688 0.0898438 0.308594 0.0898438 0.320312 0.101562 0.324219 0.101562 0.328125 0.105469 0.332031 0.105469 0.335938 0.109375 0.371094 0.109375 0.375 0.105469 0.378906 0.105469 0.390625 0.09375 0.390625 0.0898438 0.394531 0.0859375 0.394531 0.0625 0.390625 0.0585938 0.390625 0.0546875 0.386719 0.0507812 0.386719 0.046875 0.382812 0.0429688 0.382812 0.0390625 0.367188 0.0234375 0.363281 0.0234375 0.359375 0.0195312 0.351562 0.0195312 0.347656 0.015625 0.34375 0.015625 0.339844 0.0117188
0 0.214844 0.53125 0.210938 0.535156 0.207031 0.535156 0.199219 0.542969 0.195312 0.542969 0.191406 0.546875 0.191406 0.550781 0.1875 0.554688 0.1875 0.589844 0.195312 0.597656 0.195312 0.601562 0.203125 0.609375 0.207031 0.609375 0.210938 0.613281 0.21875 0.613281 0.222656 0.617188 0.238281 0.617188 0.242188 0.613281 0.25 0.613281 0.265625 0.597656 0.265625 0.589844 0.269531 0.585938 0.269531 0.582031 0.273438 0.578125 0.273438 0.570312 0.265625 0.5625 0.265625 0.554688 0.242188 0.53125
0 0.234375 0.0273438 0.230469 0.03125 0.21875 0.03125 0.214844 0.0351562 0.210938 0.0351562 0.203125 0.0429688 0.203125 0.046875 0.199219 0.0507812 0.199219 0.0742188 0.203125 0.078125 0.203125 0.0820312 0.214844 0.09375 0.21875 0.09375 0.222656 0.0976562 0.246094 0.0976562 0.25 0.09375 0.253906 0.09375 0.257812 0.0898438 0.257812 0.0546875 0.253906 0.0507812 0.253906 0.0390625 0.25 0.0351562 0.25 0.03125 0.242188 0.03125 0.238281 0.0273438
0 0.5 0.445312 0.492188 0.453125 0.484375 0.453125 0.476562 0.460938 0.476562 0.464844 0.472656 0.46875 0.472656 0.476562 0.464844 0.484375 0.464844 0.5 0.460938 0.503906 0.460938 0.53125 0.464844 0.535156 0.46875 0.535156 0.472656 0.539062 0.53125 0.539062 0.535156 0.535156 0.539062 0.539062 0.546875 0.539062 0.550781 0.535156 0.554688 0.535156 0.558594 0.53125 0.558594 0.527344 0.566406 0.519531 0.566406 0.488281 0.558594 0.480469 0.558594 0.472656 0.539062 0.453125 0.535156 0.453125 0.527344 0.445312
0 0.542969 0.5 0.546875 0.496094 0.550781 0.5 0.546875 0.503906
0 0.535156 0.488281 0.539062 0.484375 0.542969 0.488281 0.539062 0.492188
0 0.527344 0.476562 0.53125 0.472656 0.535156 0.476562 0.53125 0.480469
0 0.289062 0.503906 0.285156 0.507812 0.28125 0.507812 0.269531 0.519531 0.269531 0.5625 0.273438 0.566406 0.277344 0.566406 0.289062 0.578125 0.292969 0.578125 0.296875 0.582031 0.320312 0.582031 0.324219 0.578125 0.328125 0.578125 0.347656 0.558594 0.347656 0.519531 0.34375 0.515625 0.339844 0.515625 0.328125 0.503906
0 0.308594 0.558594 0.3125 0.554688 0.316406 0.554688 0.320312 0.558594 0.316406 0.5625 0.3125 0.5625
0 0.371094 0.316406 0.367188 0.320312 0.367188 0.324219 0.359375 0.332031 0.359375 0.335938 0.351562 0.34375 0.351562 0.347656 0.34375 0.355469 0.339844 0.355469 0.335938 0.359375 0.332031 0.359375 0.328125 0.363281 0.3125 0.363281 0.304688 0.371094 0.304688 0.375 0.296875 0.382812 0.289062 0.382812 0.28125 0.390625 0.28125 0.394531 0.285156 0.398438 0.285156 0.40625 0.292969 0.414062 0.292969 0.417969 0.296875 0.421875 0.328125 0.421875 0.332031 0.425781 0.335938 0.425781 0.339844 0.429688 0.347656 0.429688 0.351562 0.433594 0.355469 0.433594 0.359375 0.4375 0.371094 0.4375 0.375 0.441406 0.390625 0.441406 0.394531 0.445312 0.398438 0.445312 0.402344 0.441406 0.414062 0.441406 0.417969 0.4375 0.421875 0.4375 0.429688 0.429688 0.433594 0.429688 0.4375 0.425781 0.4375 0.421875 0.445312 0.414062 0.445312 0.410156 0.449219 0.40625 0.449219 0.402344 0.453125 0.398438 0.453125 0.394531 0.429688 0.371094 0.429688 0.367188 0.421875 0.359375 0.421875 0.355469 0.40625 0.339844 0.40625 0.332031 0.390625 0.316406 0.386719 0.320312 0.378906 0.320312 0.375 0.316406
0 0 0.820312 0 0.882812 0.00390625 0.878906 0.00390625 0.824219
0 0.578125 0.3125 0.574219 0.316406 0.570312 0.316406 0.566406 0.320312 0.566406 0.339844 0.570312 0.34375 0.570312 0.363281 0.566406 0.367188 0.566406 0.386719 0.570312 0.390625 0.570312 0.40625 0.574219 0.410156 0.574219 0.425781 0.578125 0.429688 0.589844 0.429688 0.597656 0.421875 0.601562 0.421875 0.605469 0.417969 0.609375 0.417969 0.613281 0.414062 0.625 0.414062 0.628906 0.410156 0.628906 0.40625 0.636719 0.398438 0.636719 0.394531 0.632812 0.390625 0.632812 0.375 0.640625 0.367188 0.640625 0.359375 0.636719 0.355469 0.636719 0.351562 0.628906 0.34375 0.625 0.34375 0.617188 0.335938 0.617188 0.332031 0.613281 0.328125 0.613281 0.324219 0.601562 0.3125
0 0.636719 0.28125 0.632812 0.285156 0.625 0.285156 0.621094 0.289062 0.617188 0.289062 0.613281 0.292969 0.609375 0.292969 0.601562 0.300781 0.609375 0.308594 0.609375 0.3125 0.617188 0.320312 0.617188 0.324219 0.636719 0.34375 0.640625 0.34375 0.644531 0.347656 0.648438 0.347656 0.652344 0.351562 0.65625 0.351562 0.660156 0.355469 0.664062 0.355469 0.679688 0.371094 0.691406 0.359375 0.691406 0.355469 0.695312 0.351562 0.695312 0.316406 0.691406 0.3125 0.691406 0.308594 0.6875 0.304688 0.6875 0.300781 0.671875 0.285156 0.667969 0.285156 0.664062 0.28125
0 0.289062 0.140625 0.285156 0.144531 0.277344 0.144531 0.269531 0.152344 0.265625 0.152344 0.253906 0.164062 0.253906 0.199219 0.257812 0.203125 0.257812 0.207031 0.261719 0.210938 0.316406 0.210938 0.320312 0.207031 0.328125 0.207031 0.332031 0.203125 0.335938 0.203125 0.339844 0.199219 0.339844 0.195312 0.34375 0.191406 0.34375 0.167969 0.339844 0.164062 0.339844 0.160156 0.332031 0.152344 0.332031 0.148438 0.324219 0.140625
0 0.40625 0.207031 0.402344 0.210938 0.402344 0.234375 0.398438 0.238281 0.398438 0.273438 0.402344 0.277344 0.402344 0.308594 0.410156 0.316406 0.410156 0.328125 0.421875 0.339844 0.425781 0.339844 0.429688 0.34375 0.433594 0.34375 0.4375 0.347656 0.441406 0.347656 0.449219 0.355469 0.449219 0.363281 0.460938 0.375 0.46875 0.375 0.472656 0.371094 0.476562 0.371094 0.480469 0.367188 0.480469 0.363281 0.488281 0.355469 0.488281 0.34375 0.496094 0.335938 0.496094 0.332031 0.503906 0.324219 0.503906 0.320312 0.507812 0.316406 0.507812 0.3125 0.511719 0.308594 0.511719 0.292969 0.503906 0.285156 0.503906 0.28125 0.5 0.277344 0.492188 0.277344 0.488281 0.28125 0.484375 0.28125 0.476562 0.273438 0.472656 0.273438 0.457031 0.257812 0.457031 0.25 0.449219 0.242188 0.449219 0.238281 0.441406 0.230469 0.441406 0.226562 0.425781 0.210938 0.417969 0.210938 0.414062 0.207031
0 0.425781 0.265625 0.429688 0.261719 0.433594 0.265625 0.429688 0.269531
0 0.453125 0.0859375 0.449219 0.0898438 0.441406 0.0898438 0.425781 0.105469 0.425781 0.113281 0.421875 0.117188 0.421875 0.132812 0.425781 0.136719 0.425781 0.140625 0.429688 0.144531 0.429688 0.148438 0.433594 0.152344 0.433594 0.15625 0.441406 0.164062 0.472656 0.164062 0.476562 0.160156 0.5 0.160156 0.503906 0.15625 0.503906 0.152344 0.507812 0.148438 0.507812 0.117188 0.503906 0.113281 0.503906 0.109375 0.5 0.105469 0.5 0.101562 0.492188 0.09375 0.488281 0.09375 0.484375 0.0898438 0.476562 0.0898438 0.472656 0.0859375
0 0 0.949219 0 0.996094 0.0546875 0.996094 0.0546875 0.976562 0.0507812 0.972656 0.0507812 0.964844 0.0390625 0.953125 0.0351562 0.953125 0.03125 0.949219
0 0.109375 0.636719 0.105469 0.640625 0.09375 0.640625 0.0742188 0.660156 0.0742188 0.664062 0.0703125 0.667969 0.0703125 0.671875 0.0664062 0.675781 0.0664062 0.71875 0.0703125 0.722656 0.0703125 0.730469 0.078125 0.738281 0.078125 0.742188 0.0820312 0.742188 0.0898438 0.75 0.0976562 0.75 0.101562 0.753906 0.136719 0.753906 0.140625 0.75 0.144531 0.75 0.164062 0.730469 0.164062 0.726562 0.167969 0.722656 0.167969 0.71875 0.171875 0.714844 0.171875 0.703125 0.175781 0.699219 0.175781 0.683594 0.171875 0.679688 0.171875 0.671875 0.167969 0.667969 0.167969 0.664062 0.148438 0.644531 0.140625 0.644531 0.136719 0.640625 0.125 0.640625 0.121094 0.636719
0 0.152344 0.929688 0.148438 0.933594 0.144531 0.933594 0.140625 0.9375 0.136719 0.9375 0.136719 0.941406 0.128906 0.949219 0.128906 0.957031 0.125 0.960938 0.125 0.972656 0.121094 0.976562 0.121094 0.992188 0.125 0.996094 0.21875 0.996094 0.222656 0.992188 0.222656 0.976562 0.21875 0.972656 0.21875 0.964844 0.214844 0.960938 0.214844 0.957031 0.195312 0.9375 0.191406 0.9375 0.1875 0.933594 0.179688 0.933594 0.175781 0.929688
0 0.476562 0.183594 0.472656 0.1875 0.46875 0.1875 0.457031 0.199219 0.453125 0.199219 0.449219 0.203125 0.445312 0.203125 0.445312 0.210938 0.453125 0.21875 0.453125 0.230469 0.460938 0.238281 0.460938 0.242188 0.484375 0.265625 0.503906 0.265625 0.507812 0.261719 0.523438 0.261719 0.527344 0.257812 0.527344 0.253906 0.53125 0.25 0.53125 0.226562 0.527344 0.222656 0.527344 0.214844 0.503906 0.191406 0.5 0.191406 0.496094 0.1875 0.492188 0.1875 0.488281 0.183594
0 0.238281 0 0.242188 0.00390625 0.242188 0.0078125 0.253906 0.0195312 0.261719 0.0195312 0.265625 0.015625 0.269531 0.015625 0.273438 0.0117188 0.277344 0.0117188 0.28125 0.0078125 0.285156 0.0078125 0.289062 0.00390625 0.292969 0.00390625 0.296875 0 0.300781 0
0 0.179688 0.808594 0.175781 0.8125 0.175781 0.816406 0.167969 0.824219 0.167969 0.835938 0.164062 0.839844 0.164062 0.859375 0.167969 0.863281 0.167969 0.871094 0.179688 0.882812 0.226562 0.882812 0.234375 0.875 0.242188 0.875 0.246094 0.871094 0.246094 0.832031 0.242188 0.828125 0.238281 0.828125 0.234375 0.824219 0.222656 0.824219 0.21875 0.820312 0.214844 0.820312 0.207031 0.8125 0.203125 0.8125 0.199219 0.808594
0 0.59375 0.4375 0.589844 0.441406 0.585938 0.441406 0.574219 0.453125 0.574219 0.480469 0.578125 0.484375 0.578125 0.511719 0.582031 0.515625 0.585938 0.515625 0.589844 0.519531 0.59375 0.519531 0.597656 0.523438 0.605469 0.523438 0.609375 0.527344 0.621094 0.527344 0.625 0.523438 0.636719 0.523438 0.640625 0.519531 0.644531 0.519531 0.660156 0.503906 0.660156 0.476562 0.65625 0.472656 0.65625 0.46875 0.652344 0.464844 0.652344 0.460938 0.644531 0.453125 0.644531 0.449219 0.640625 0.449219 0.632812 0.441406 0.628906 0.441406 0.625 0.4375
0 0.128906 0.492188 0.125 0.496094 0.117188 0.496094 0.101562 0.511719 0.101562 0.519531 0.0976562 0.523438 0.0976562 0.535156 0.101562 0.539062 0.101562 0.542969 0.105469 0.546875 0.105469 0.550781 0.113281 0.558594 0.117188 0.558594 0.121094 0.5625 0.125 0.5625 0.128906 0.566406 0.144531 0.566406 0.148438 0.5625 0.152344 0.5625 0.15625 0.558594 0.160156 0.558594 0.167969 0.550781 0.167969 0.546875 0.171875 0.542969 0.171875 0.519531 0.167969 0.515625 0.167969 0.511719 0.152344 0.496094 0.144531 0.496094 0.140625 0.492188
0 0.578125 0.09375 0.574219 0.0976562 0.570312 0.0976562 0.554688 0.113281 0.554688 0.117188 0.550781 0.121094 0.550781 0.125 0.546875 0.128906 0.546875 0.144531 0.550781 0.148438 0.550781 0.15625 0.566406 0.171875 0.570312 0.171875 0.574219 0.175781 0.601562 0.175781 0.605469 0.171875 0.609375 0.171875 0.617188 0.164062 0.621094 0.164062 0.621094 0.160156 0.628906 0.152344 0.628906 0.125 0.625 0.121094 0.625 0.117188 0.605469 0.0976562 0.601562 0.0976562 0.597656 0.09375
0 0.296875 0.292969 0.292969 0.296875 0.289062 0.296875 0.285156 0.300781 0.285156 0.316406 0.289062 0.316406 0.296875 0.324219 0.296875 0.328125 0.300781 0.332031 0.300781 0.34375 0.304688 0.347656 0.335938 0.347656 0.347656 0.335938 0.347656 0.332031 0.355469 0.324219 0.355469 0.308594 0.34375 0.296875 0.339844 0.296875 0.335938 0.292969
0 0.230469 0.726562 0.226562 0.730469 0.222656 0.730469 0.21875 0.734375 0.214844 0.734375 0.210938 0.738281 0.207031 0.738281 0.199219 0.746094 0.199219 0.75 0.195312 0.753906 0.195312 0.757812 0.191406 0.761719 0.191406 0.769531 0.195312 0.773438 0.195312 0.78125 0.238281 0.824219 0.242188 0.824219 0.25 0.832031 0.261719 0.832031 0.265625 0.835938 0.289062 0.835938 0.292969 0.832031 0.296875 0.832031 0.300781 0.828125 0.304688 0.828125 0.316406 0.816406 0.316406 0.769531 0.3125 0.765625 0.3125 0.761719 0.292969 0.742188 0.289062 0.742188 0.28125 0.734375 0.277344 0.734375 0.273438 0.730469 0.265625 0.730469 0.261719 0.726562
0 0 0.414062 0 0.507812 0.00390625 0.507812 0.0117188 0.5 0.015625 0.5 0.0234375 0.492188 0.0234375 0.488281 0.03125 0.480469 0.03125 0.472656 0.0351562 0.46875 0.0351562 0.453125 0.03125 0.449219 0.03125 0.445312 0.0273438 0.441406 0.0273438 0.4375 0.0195312 0.429688 0.0195312 0.425781 0.015625 0.421875 0.0117188 0.421875 0.00390625 0.414062
0 0.0585938 0.824219 0.0546875 0.828125 0.0507812 0.828125 0.046875 0.832031 0.0429688 0.832031 0.0351562 0.839844 0.03125 0.839844 0.03125 0.859375 0.0234375 0.867188 0.0234375 0.890625 0.0273438 0.894531 0.0273438 0.898438 0.0507812 0.921875 0.0585938 0.921875 0.0625 0.925781 0.0859375 0.925781 0.0898438 0.921875 0.0976562 0.921875 0.101562 0.917969 0.105469 0.917969 0.121094 0.902344 0.121094 0.898438 0.125 0.894531 0.125 0.890625 0.128906 0.886719 0.128906 0.875 0.125 0.871094 0.125 0.863281 0.117188 0.855469 0.117188 0.851562 0.09375 0.828125 0.0898438 0.828125 0.0859375 0.824219
