0 0.800781 0.285156 0.792969 0.292969 0.792969 0.304688 0.808594 0.320312 0.824219 0.320312 0.828125 0.316406 0.828125 0.304688 0.816406 0.292969 0.8125 0.292969 0.804688 0.285156
0 0.863281 0.371094 0.859375 0.375 0.855469 0.375 0.847656 0.382812 0.847656 0.394531 0.851562 0.398438 0.855469 0.398438 0.859375 0.394531 0.863281 0.394531 0.867188 0.390625 0.875 0.390625 0.878906 0.386719 0.878906 0.375 0.875 0.371094
0 0.292969 0.226562 0.273438 0.246094 0.269531 0.246094 0.265625 0.25 0.265625 0.257812 0.269531 0.261719 0.28125 0.261719 0.285156 0.265625 0.300781 0.265625 0.3125 0.253906 0.3125 0.230469 0.308594 0.226562
0 0.84375 0.308594 0.839844 0.3125 0.835938 0.3125 0.832031 0.316406 0.832031 0.335938 0.835938 0.339844 0.851562 0.339844 0.859375 0.332031 0.859375 0.316406 0.851562 0.308594
0 0.34375 0.171875 0.339844 0.175781 0.335938 0.175781 0.328125 0.183594 0.328125 0.199219 0.335938 0.207031 0.34375 0.207031 0.347656 0.210938 0.355469 0.210938 0.359375 0.207031 0.363281 0.207031 0.367188 0.203125 0.367188 0.179688 0.359375 0.171875
0 0.746094 0.328125 0.742188 0.332031 0.742188 0.355469 0.746094 0.359375 0.765625 0.359375 0.769531 0.355469 0.769531 0.332031 0.765625 0.328125
0 0.777344 0.371094 0.773438 0.375 0.773438 0.386719 0.785156 0.386719 0.796875 0.398438 0.800781 0.398438 0.804688 0.394531 0.804688 0.390625 0.800781 0.386719 0.800781 0.382812 0.792969 0.375 0.789062 0.375 0.785156 0.371094
0 0.820312 0.265625 0.816406 0.269531 0.8125 0.269531 0.808594 0.273438 0.808594 0.285156 0.8125 0.289062 0.824219 0.289062 0.828125 0.292969 0.84375 0.292969 0.851562 0.285156 0.851562 0.277344 0.84375 0.269531 0.835938 0.269531 0.832031 0.265625
0 0.769531 0.390625 0.757812 0.402344 0.757812 0.414062 0.765625 0.421875 0.78125 0.421875 0.785156 0.417969 0.785156 0.414062 0.792969 0.40625 0.792969 0.398438 0.785156 0.390625
0 0.867188 0.394531 0.863281 0.398438 0.859375 0.398438 0.855469 0.402344 0.855469 0.410156 0.859375 0.414062 0.878906 0.414062 0.882812 0.410156 0.882812 0.398438 0.878906 0.394531
