0 0.222656 0 0.210938 0.0117188 0.210938 0.015625 0.207031 0.0195312 0.207031 0.0429688 0.203125 0.046875 0.203125 0.0585938 0.207031 0.0625 0.207031 0.0664062 0.210938 0.0703125 0.214844 0.0703125 0.222656 0.078125 0.230469 0.078125 0.234375 0.0820312 0.238281 0.0820312 0.246094 0.0742188 0.25 0.0742188 0.253906 0.0703125 0.269531 0.0703125 0.273438 0.0664062 0.289062 0.0664062 0.292969 0.0703125 0.3125 0.0703125 0.332031 0.0507812 0.335938 0.0507812 0.34375 0.0429688 0.34375 0.015625 0.347656 0.0117188 0.347656 0.00390625 0.34375 0
0 0.128906 0.105469 0.121094 0.113281 0.117188 0.113281 0.109375 0.121094 0.105469 0.121094 0.101562 0.125 0.101562 0.152344 0.125 0.175781 0.136719 0.175781 0.148438 0.164062 0.148438 0.160156 0.152344 0.15625 0.152344 0.152344 0.160156 0.144531 0.160156 0.121094 0.144531 0.105469
0 0.292969 0.371094 0.289062 0.375 0.285156 0.375 0.269531 0.390625 0.269531 0.394531 0.265625 0.398438 0.265625 0.425781 0.269531 0.429688 0.269531 0.4375 0.273438 0.441406 0.273438 0.445312 0.277344 0.449219 0.289062 0.449219 0.296875 0.457031 0.304688 0.457031 0.308594 0.460938 0.316406 0.460938 0.328125 0.449219 0.328125 0.425781 0.332031 0.421875 0.332031 0.417969 0.335938 0.414062 0.335938 0.390625 0.339844 0.386719 0.339844 0.382812 0.335938 0.378906 0.332031 0.378906 0.328125 0.375 0.324219 0.375 0.320312 0.371094
0 0.472656 0.355469 0.46875 0.359375 0.464844 0.359375 0.460938 0.363281 0.460938 0.367188 0.453125 0.375 0.453125 0.402344 0.460938 0.410156 0.46875 0.410156 0.472656 0.414062 0.5 0.414062 0.503906 0.410156 0.507812 0.410156 0.527344 0.390625 0.527344 0.386719 0.523438 0.382812 0.523438 0.378906 0.515625 0.371094 0.511719 0.371094 0.503906 0.363281 0.496094 0.363281 0.492188 0.359375 0.484375 0.359375 0.480469 0.355469
0 0.820312 0.371094 0.816406 0.375 0.808594 0.375 0.792969 0.390625 0.792969 0.402344 0.796875 0.40625 0.796875 0.417969 0.8125 0.433594 0.84375 0.433594 0.863281 0.414062 0.863281 0.394531 0.859375 0.390625 0.859375 0.386719 0.851562 0.378906 0.847656 0.378906 0.84375 0.375 0.835938 0.375 0.832031 0.371094
0 0.0234375 0.257812 0.0078125 0.273438 0.0078125 0.285156 0.00390625 0.289062 0.00390625 0.292969 0 0.296875 0 0.339844 0.00390625 0.34375 0.00390625 0.347656 0.0078125 0.351562 0.0078125 0.367188 0.0195312 0.378906 0.0507812 0.378906 0.0546875 0.375 0.0585938 0.375 0.0625 0.371094 0.0664062 0.371094 0.0742188 0.363281 0.078125 0.363281 0.09375 0.347656 0.09375 0.34375 0.0976562 0.339844 0.0976562 0.316406 0.09375 0.3125 0.09375 0.308594 0.0859375 0.300781 0.0820312 0.300781 0.0664062 0.285156 0.0664062 0.277344 0.0625 0.273438 0.0546875 0.273438 0.0429688 0.261719 0.03125 0.261719 0.0273438 0.257812
0 0.664062 0.511719 0.65625 0.519531 0.65625 0.523438 0.664062 0.53125 0.664062 0.542969 0.667969 0.546875 0.667969 0.558594 0.675781 0.566406 0.679688 0.566406 0.683594 0.570312 0.703125 0.570312 0.722656 0.550781 0.722656 0.535156 0.730469 0.527344 0.730469 0.523438 0.726562 0.519531 0.722656 0.519531 0.71875 0.515625 0.699219 0.515625 0.695312 0.511719
0 0.652344 0.621094 0.648438 0.625 0.640625 0.625 0.636719 0.628906 0.636719 0.632812 0.628906 0.640625 0.628906 0.652344 0.632812 0.65625 0.632812 0.664062 0.644531 0.675781 0.648438 0.675781 0.652344 0.679688 0.675781 0.679688 0.679688 0.675781 0.679688 0.664062 0.6875 0.65625 0.6875 0.652344 0.691406 0.648438 0.691406 0.636719 0.683594 0.628906 0.679688 0.628906 0.675781 0.625 0.664062 0.625 0.660156 0.621094
0 0.335938 0.492188 0.332031 0.496094 0.332031 0.503906 0.316406 0.519531 0.316406 0.535156 0.3125 0.539062 0.3125 0.558594 0.316406 0.5625 0.316406 0.566406 0.320312 0.570312 0.320312 0.574219 0.324219 0.578125 0.347656 0.578125 0.351562 0.582031 0.371094 0.582031 0.375 0.578125 0.378906 0.578125 0.382812 0.574219 0.382812 0.566406 0.390625 0.558594 0.390625 0.53125 0.386719 0.527344 0.386719 0.523438 0.382812 0.519531 0.382812 0.515625 0.359375 0.492188
0 0 0.410156 0 0.484375 0.00390625 0.484375 0.0117188 0.476562 0.0234375 0.476562 0.0273438 0.472656 0.0273438 0.46875 0.03125 0.464844 0.03125 0.460938 0.0351562 0.457031 0.0351562 0.4375 0.03125 0.433594 0.03125 0.429688 0.0195312 0.417969 0.015625 0.417969 0.0117188 0.414062 0.0078125 0.414062 0.00390625 0.410156
0 0.585938 0.589844 0.582031 0.59375 0.574219 0.59375 0.570312 0.597656 0.566406 0.597656 0.539062 0.625 0.535156 0.625 0.53125 0.628906 0.53125 0.636719 0.535156 0.640625 0.535156 0.644531 0.539062 0.648438 0.550781 0.648438 0.558594 0.65625 0.558594 0.660156 0.566406 0.667969 0.582031 0.667969 0.585938 0.664062 0.589844 0.664062 0.59375 0.660156 0.597656 0.660156 0.609375 0.648438 0.609375 0.632812 0.613281 0.628906 0.613281 0.609375 0.601562 0.597656 0.601562 0.59375 0.597656 0.589844
0 0.671875 0.386719 0.667969 0.390625 0.652344 0.390625 0.648438 0.394531 0.636719 0.394531 0.613281 0.417969 0.613281 0.4375 0.617188 0.441406 0.617188 0.445312 0.621094 0.449219 0.621094 0.453125 0.632812 0.464844 0.636719 0.464844 0.644531 0.472656 0.65625 0.472656 0.660156 0.46875 0.664062 0.46875 0.671875 0.460938 0.671875 0.457031 0.683594 0.445312 0.683594 0.4375 0.691406 0.429688 0.691406 0.398438 0.679688 0.386719
0 0.90625 0.519531 0.902344 0.523438 0.890625 0.523438 0.886719 0.527344 0.886719 0.53125 0.882812 0.535156 0.882812 0.542969 0.878906 0.546875 0.878906 0.558594 0.882812 0.5625 0.882812 0.570312 0.894531 0.582031 0.90625 0.582031 0.910156 0.585938 0.914062 0.585938 0.917969 0.582031 0.921875 0.582031 0.925781 0.585938 0.9375 0.585938 0.941406 0.582031 0.945312 0.582031 0.953125 0.574219 0.953125 0.570312 0.957031 0.566406 0.957031 0.53125 0.953125 0.527344 0.953125 0.523438 0.949219 0.519531
0 0.808594 0.5 0.804688 0.503906 0.800781 0.503906 0.792969 0.511719 0.792969 0.515625 0.789062 0.519531 0.789062 0.535156 0.792969 0.539062 0.792969 0.542969 0.796875 0.546875 0.796875 0.550781 0.800781 0.554688 0.808594 0.554688 0.8125 0.558594 0.832031 0.558594 0.839844 0.550781 0.84375 0.550781 0.847656 0.546875 0.847656 0.527344 0.84375 0.523438 0.84375 0.519531 0.839844 0.515625 0.839844 0.511719 0.835938 0.507812 0.832031 0.507812 0.828125 0.503906 0.824219 0.503906 0.820312 0.5
0 0.00390625 0.125 0 0.128906 0 0.203125 0.00390625 0.203125 0.0078125 0.199219 0.0273438 0.199219 0.03125 0.195312 0.0390625 0.195312 0.0429688 0.191406 0.0429688 0.179688 0.046875 0.175781 0.046875 0.171875 0.0507812 0.167969 0.0507812 0.15625 0.0546875 0.152344 0.0546875 0.148438 0.0507812 0.144531 0.0507812 0.136719 0.0390625 0.125
0 0.671875 0.71875 0.667969 0.722656 0.65625 0.722656 0.652344 0.726562 0.652344 0.734375 0.644531 0.742188 0.644531 0.746094 0.636719 0.753906 0.636719 0.761719 0.648438 0.773438 0.652344 0.773438 0.667969 0.789062 0.671875 0.789062 0.679688 0.796875 0.691406 0.796875 0.703125 0.785156 0.703125 0.78125 0.710938 0.773438 0.710938 0.753906 0.707031 0.75 0.707031 0.746094 0.703125 0.742188 0.703125 0.738281 0.6875 0.722656 0.6875 0.71875 0.683594 0.722656 0.675781 0.722656
0 0 0 0 0.0273438 0.0078125 0.0273438 0.0117188 0.0234375 0.015625 0.0234375 0.0234375 0.015625 0.0273438 0.015625 0.03125 0.0117188 0.0351562 0.0117188 0.0429688 0.0195312 0.0507812 0.0195312 0.0546875 0.0234375 0.078125 0.0234375 0.0820312 0.0195312 0.0820312 0.015625 0.09375 0.00390625 0.09375 0
0 0.71875 0.636719 0.714844 0.640625 0.714844 0.65625 0.710938 0.660156 0.710938 0.664062 0.707031 0.667969 0.707031 0.671875 0.703125 0.675781 0.703125 0.6875 0.699219 0.691406 0.699219 0.695312 0.691406 0.703125 0.691406 0.710938 0.695312 0.714844 0.695312 0.726562 0.71875 0.75 0.722656 0.75 0.726562 0.753906 0.742188 0.753906 0.746094 0.75 0.746094 0.746094 0.753906 0.738281 0.753906 0.734375 0.757812 0.730469 0.757812 0.726562 0.761719 0.722656 0.761719 0.714844 0.765625 0.710938 0.765625 0.699219 0.769531 0.695312 0.769531 0.691406 0.773438 0.6875 0.773438 0.675781 0.769531 0.671875 0.769531 0.664062 0.765625 0.660156 0.765625 0.65625 0.761719 0.652344 0.757812 0.652344 0.746094 0.640625 0.742188 0.640625 0.738281 0.636719
0 0.5625 0.527344 0.558594 0.53125 0.558594 0.535156 0.554688 0.539062 0.550781 0.539062 0.542969 0.546875 0.542969 0.554688 0.5625 0.574219 0.570312 0.574219 0.578125 0.582031 0.578125 0.589844 0.582031 0.589844 0.585938 0.585938 0.597656 0.585938 0.605469 0.59375 0.605469 0.597656 0.609375 0.601562 0.613281 0.601562 0.613281 0.59375 0.617188 0.589844 0.617188 0.578125 0.628906 0.566406 0.628906 0.554688 0.625 0.550781 0.625 0.542969 0.621094 0.539062 0.621094 0.535156 0.617188 0.53125 0.605469 0.53125 0.601562 0.527344
0 0.402344 0.507812 0.402344 0.511719 0.398438 0.515625 0.398438 0.527344 0.394531 0.53125 0.394531 0.546875 0.398438 0.550781 0.414062 0.550781 0.417969 0.554688 0.433594 0.554688 0.441406 0.546875 0.441406 0.542969 0.445312 0.539062 0.441406 0.535156 0.441406 0.519531 0.433594 0.511719 0.417969 0.511719 0.414062 0.507812
0 0.511719 0.769531 0.507812 0.773438 0.507812 0.777344 0.5 0.785156 0.5 0.792969 0.496094 0.796875 0.496094 0.816406 0.503906 0.824219 0.507812 0.824219 0.511719 0.828125 0.515625 0.828125 0.519531 0.832031 0.546875 0.832031 0.550781 0.828125 0.554688 0.828125 0.5625 0.820312 0.5625 0.816406 0.566406 0.8125 0.566406 0.796875 0.558594 0.789062 0.558594 0.785156 0.550781 0.777344 0.53125 0.777344 0.523438 0.769531
0 0.320312 0.644531 0.316406 0.648438 0.316406 0.65625 0.308594 0.664062 0.304688 0.664062 0.300781 0.667969 0.300781 0.671875 0.296875 0.675781 0.296875 0.679688 0.292969 0.683594 0.292969 0.691406 0.296875 0.695312 0.296875 0.699219 0.300781 0.703125 0.300781 0.714844 0.304688 0.71875 0.304688 0.722656 0.308594 0.726562 0.328125 0.726562 0.332031 0.722656 0.332031 0.71875 0.351562 0.699219 0.355469 0.699219 0.359375 0.695312 0.363281 0.695312 0.367188 0.691406 0.367188 0.675781 0.363281 0.671875 0.363281 0.664062 0.351562 0.652344 0.347656 0.652344 0.34375 0.648438 0.339844 0.648438 0.335938 0.644531
0 0.460938 0.746094 0.457031 0.75 0.453125 0.75 0.441406 0.761719 0.429688 0.761719 0.417969 0.773438 0.417969 0.777344 0.414062 0.78125 0.414062 0.792969 0.417969 0.796875 0.417969 0.804688 0.429688 0.816406 0.433594 0.816406 0.4375 0.820312 0.441406 0.820312 0.445312 0.816406 0.453125 0.816406 0.464844 0.804688 0.46875 0.804688 0.472656 0.800781 0.472656 0.796875 0.476562 0.792969 0.476562 0.789062 0.480469 0.785156 0.480469 0.769531 0.476562 0.765625 0.476562 0.761719 0.472656 0.757812 0.472656 0.753906 0.464844 0.746094
0 0 0.632812 0 0.726562 0.00390625 0.726562 0.0117188 0.71875 0.0117188 0.714844 0.015625 0.710938 0.015625 0.707031 0.0195312 0.703125 0.0195312 0.691406 0.0234375 0.6875 0.0234375 0.683594 0.0273438 0.679688 0.0273438 0.648438 0.0234375 0.644531 0.0195312 0.644531 0.0078125 0.632812
0 0.5625 0.449219 0.558594 0.453125 0.554688 0.453125 0.550781 0.457031 0.550781 0.460938 0.546875 0.464844 0.546875 0.476562 0.542969 0.480469 0.542969 0.492188 0.546875 0.496094 0.546875 0.5 0.5625 0.515625 0.585938 0.515625 0.605469 0.496094 0.605469 0.488281 0.601562 0.484375 0.601562 0.472656 0.59375 0.464844 0.59375 0.460938 0.589844 0.457031 0.585938 0.457031 0.578125 0.449219
0 0.496094 0.539062 0.492188 0.542969 0.476562 0.542969 0.46875 0.550781 0.464844 0.550781 0.460938 0.554688 0.457031 0.554688 0.453125 0.558594 0.449219 0.558594 0.441406 0.566406 0.4375 0.566406 0.410156 0.59375 0.40625 0.59375 0.394531 0.605469 0.390625 0.605469 0.386719 0.609375 0.386719 0.617188 0.390625 0.621094 0.390625 0.625 0.402344 0.636719 0.40625 0.636719 0.410156 0.640625 0.417969 0.640625 0.421875 0.644531 0.46875 0.644531 0.472656 0.640625 0.472656 0.636719 0.480469 0.628906 0.480469 0.609375 0.484375 0.605469 0.488281 0.609375 0.5 0.609375 0.503906 0.605469 0.507812 0.605469 0.511719 0.601562 0.515625 0.601562 0.519531 0.597656 0.519531 0.574219 0.515625 0.570312 0.515625 0.558594 0.511719 0.554688 0.511719 0.542969 0.507812 0.539062
0 0.476562 0.605469 0.480469 0.601562 0.484375 0.605469 0.480469 0.609375
0 0.472656 0.601562 0.476562 0.597656 0.480469 0.601562 0.476562 0.605469
0 0.546875 0.683594 0.542969 0.6875 0.542969 0.691406 0.535156 0.699219 0.535156 0.703125 0.53125 0.707031 0.53125 0.71875 0.527344 0.722656 0.527344 0.742188 0.535156 0.75 0.539062 0.75 0.542969 0.753906 0.578125 0.753906 0.582031 0.75 0.585938 0.75 0.59375 0.742188 0.59375 0.738281 0.597656 0.734375 0.597656 0.714844 0.566406 0.683594
0 0.941406 0.667969 0.9375 0.671875 0.933594 0.671875 0.921875 0.683594 0.917969 0.683594 0.910156 0.691406 0.910156 0.695312 0.90625 0.699219 0.90625 0.726562 0.910156 0.730469 0.910156 0.734375 0.921875 0.746094 0.925781 0.746094 0.929688 0.75 0.933594 0.75 0.9375 0.753906 0.960938 0.753906 0.964844 0.75 0.972656 0.75 0.996094 0.726562 0.996094 0.714844 0.984375 0.703125 0.984375 0.699219 0.96875 0.683594 0.964844 0.683594 0.953125 0.671875 0.949219 0.671875 0.945312 0.667969
0 0.941406 0.808594 0.933594 0.816406 0.929688 0.816406 0.925781 0.820312 0.917969 0.820312 0.914062 0.824219 0.914062 0.851562 0.917969 0.855469 0.917969 0.859375 0.921875 0.863281 0.921875 0.867188 0.929688 0.875 0.933594 0.875 0.941406 0.882812 0.945312 0.882812 0.949219 0.886719 0.957031 0.886719 0.960938 0.890625 0.976562 0.890625 0.980469 0.886719 0.988281 0.886719 0.996094 0.878906 0.996094 0.8125 0.949219 0.8125 0.945312 0.808594
0 0.277344 0.527344 0.273438 0.53125 0.273438 0.554688 0.277344 0.558594 0.292969 0.558594 0.304688 0.546875 0.304688 0.539062 0.300781 0.535156 0.296875 0.535156 0.289062 0.527344
0 0.476562 0.441406 0.472656 0.445312 0.460938 0.445312 0.457031 0.449219 0.457031 0.476562 0.460938 0.480469 0.460938 0.484375 0.464844 0.488281 0.464844 0.492188 0.46875 0.496094 0.472656 0.496094 0.476562 0.5 0.476562 0.503906 0.472656 0.507812 0.472656 0.515625 0.476562 0.519531 0.5 0.519531 0.503906 0.515625 0.507812 0.515625 0.515625 0.507812 0.519531 0.507812 0.523438 0.503906 0.523438 0.5 0.527344 0.496094 0.527344 0.480469 0.53125 0.476562 0.53125 0.464844 0.523438 0.457031 0.515625 0.457031 0.511719 0.453125 0.507812 0.453125 0.503906 0.449219 0.5 0.449219 0.496094 0.445312 0.488281 0.445312 0.484375 0.441406
0 0.925781 0.929688 0.921875 0.933594 0.914062 0.933594 0.90625 0.941406 0.902344 0.941406 0.890625 0.953125 0.890625 0.957031 0.886719 0.960938 0.886719 0.964844 0.882812 0.96875 0.882812 0.992188 0.886719 0.996094 0.976562 0.996094 0.980469 0.992188 0.980469 0.972656 0.976562 0.96875 0.976562 0.960938 0.96875 0.953125 0.96875 0.949219 0.960938 0.941406 0.957031 0.941406 0.949219 0.933594 0.941406 0.933594 0.9375 0.929688
0 0.847656 0.632812 0.84375 0.636719 0.835938 0.636719 0.832031 0.640625 0.828125 0.640625 0.816406 0.652344 0.816406 0.675781 0.820312 0.679688 0.820312 0.683594 0.832031 0.695312 0.835938 0.695312 0.839844 0.699219 0.863281 0.699219 0.867188 0.695312 0.871094 0.695312 0.886719 0.679688 0.886719 0.652344 0.882812 0.648438 0.882812 0.644531 0.875 0.636719 0.867188 0.636719 0.863281 0.632812
0 0.605469 0.816406 0.597656 0.824219 0.597656 0.839844 0.601562 0.84375 0.601562 0.847656 0.597656 0.851562 0.597656 0.859375 0.605469 0.867188 0.609375 0.867188 0.621094 0.878906 0.640625 0.878906 0.644531 0.875 0.648438 0.875 0.65625 0.867188 0.65625 0.863281 0.664062 0.855469 0.664062 0.847656 0.660156 0.84375 0.660156 0.839844 0.65625 0.835938 0.652344 0.835938 0.632812 0.816406
0 0.386719 0.648438 0.382812 0.652344 0.382812 0.667969 0.386719 0.671875 0.386719 0.695312 0.398438 0.707031 0.402344 0.707031 0.417969 0.722656 0.445312 0.722656 0.453125 0.714844 0.453125 0.707031 0.457031 0.703125 0.457031 0.695312 0.464844 0.6875 0.464844 0.679688 0.460938 0.675781 0.453125 0.675781 0.445312 0.667969 0.429688 0.667969 0.425781 0.664062 0.421875 0.664062 0.417969 0.660156 0.410156 0.660156 0.398438 0.648438
0 0.484375 0.859375 0.480469 0.863281 0.464844 0.863281 0.460938 0.867188 0.460938 0.875 0.457031 0.878906 0.457031 0.890625 0.449219 0.898438 0.449219 0.914062 0.457031 0.921875 0.472656 0.921875 0.480469 0.914062 0.488281 0.914062 0.5 0.902344 0.5 0.886719 0.503906 0.882812 0.503906 0.871094 0.492188 0.859375
