0 0.867188 0.476562 0.859375 0.484375 0.855469 0.484375 0.847656 0.492188 0.847656 0.496094 0.84375 0.5 0.84375 0.53125 0.847656 0.53125 0.859375 0.542969 0.859375 0.550781 0.863281 0.550781 0.867188 0.554688 0.875 0.554688 0.878906 0.558594 0.890625 0.558594 0.894531 0.5625 0.90625 0.5625 0.910156 0.558594 0.914062 0.558594 0.917969 0.554688 0.917969 0.550781 0.921875 0.546875 0.921875 0.542969 0.925781 0.539062 0.925781 0.496094 0.921875 0.492188 0.917969 0.492188 0.910156 0.484375 0.902344 0.484375 0.894531 0.476562
0 0.78125 0.121094 0.773438 0.128906 0.769531 0.128906 0.765625 0.132812 0.761719 0.132812 0.753906 0.140625 0.753906 0.152344 0.75 0.15625 0.75 0.167969 0.757812 0.175781 0.761719 0.175781 0.765625 0.179688 0.773438 0.179688 0.785156 0.191406 0.789062 0.191406 0.792969 0.195312 0.800781 0.195312 0.804688 0.191406 0.804688 0.1875 0.8125 0.179688 0.8125 0.167969 0.816406 0.164062 0.816406 0.148438 0.804688 0.136719 0.804688 0.132812 0.800781 0.128906 0.800781 0.125 0.796875 0.125 0.792969 0.121094
0 0.238281 0.0351562 0.234375 0.0390625 0.230469 0.0390625 0.226562 0.0429688 0.222656 0.0429688 0.21875 0.046875 0.21875 0.0507812 0.214844 0.0546875 0.214844 0.0585938 0.210938 0.0625 0.210938 0.0664062 0.207031 0.0703125 0.207031 0.078125 0.203125 0.0820312 0.203125 0.0898438 0.207031 0.09375 0.207031 0.101562 0.210938 0.105469 0.210938 0.109375 0.214844 0.113281 0.21875 0.113281 0.222656 0.117188 0.226562 0.117188 0.230469 0.121094 0.246094 0.121094 0.25 0.117188 0.257812 0.117188 0.28125 0.09375 0.28125 0.0898438 0.285156 0.0859375 0.285156 0.0625 0.28125 0.0585938 0.28125 0.0546875 0.269531 0.0429688 0.265625 0.0429688 0.261719 0.0390625 0.253906 0.0390625 0.25 0.0351562
0 0.339844 0.0742188 0.335938 0.078125 0.335938 0.09375 0.339844 0.0976562 0.339844 0.109375 0.34375 0.113281 0.351562 0.113281 0.355469 0.109375 0.355469 0.078125 0.351562 0.0742188
0 0 0 0 0.0351562 0.0117188 0.0234375 0.0117188 0.015625 0.015625 0.0117188 0.015625 0
0 0.917969 0.710938 0.914062 0.714844 0.910156 0.714844 0.902344 0.722656 0.902344 0.730469 0.898438 0.734375 0.898438 0.761719 0.902344 0.765625 0.902344 0.773438 0.910156 0.78125 0.910156 0.785156 0.914062 0.785156 0.917969 0.789062 0.921875 0.789062 0.925781 0.792969 0.929688 0.792969 0.933594 0.796875 0.949219 0.796875 0.953125 0.800781 0.957031 0.800781 0.960938 0.796875 0.96875 0.796875 0.972656 0.792969 0.976562 0.792969 0.984375 0.785156 0.984375 0.753906 0.980469 0.75 0.980469 0.734375 0.976562 0.730469 0.976562 0.726562 0.96875 0.71875 0.960938 0.71875 0.957031 0.714844 0.949219 0.714844 0.945312 0.710938
0 0.65625 0.238281 0.644531 0.25 0.640625 0.25 0.636719 0.253906 0.632812 0.253906 0.632812 0.265625 0.628906 0.269531 0.628906 0.285156 0.632812 0.289062 0.632812 0.3125 0.640625 0.320312 0.644531 0.320312 0.652344 0.328125 0.660156 0.328125 0.664062 0.332031 0.675781 0.332031 0.679688 0.335938 0.695312 0.335938 0.699219 0.332031 0.710938 0.332031 0.710938 0.328125 0.71875 0.320312 0.734375 0.320312 0.734375 0.3125 0.738281 0.308594 0.738281 0.296875 0.746094 0.289062 0.746094 0.28125 0.75 0.277344 0.75 0.273438 0.753906 0.269531 0.75 0.265625 0.746094 0.265625 0.734375 0.253906 0.730469 0.253906 0.722656 0.246094 0.71875 0.246094 0.714844 0.242188 0.695312 0.242188 0.691406 0.238281
0 0.839844 0.03125 0.832031 0.0390625 0.828125 0.0390625 0.828125 0.0429688 0.824219 0.046875 0.824219 0.105469 0.828125 0.109375 0.828125 0.113281 0.84375 0.128906 0.84375 0.132812 0.847656 0.136719 0.847656 0.140625 0.855469 0.140625 0.867188 0.152344 0.871094 0.148438 0.878906 0.148438 0.882812 0.152344 0.890625 0.152344 0.894531 0.148438 0.910156 0.148438 0.917969 0.140625 0.921875 0.140625 0.921875 0.132812 0.925781 0.128906 0.925781 0.105469 0.929688 0.101562 0.929688 0.0976562 0.925781 0.09375 0.925781 0.0898438 0.921875 0.0859375 0.921875 0.0820312 0.886719 0.046875 0.882812 0.046875 0.875 0.0390625 0.871094 0.0390625 0.867188 0.0351562 0.855469 0.0351562 0.851562 0.03125
0 0.953125 0.578125 0.949219 0.582031 0.945312 0.582031 0.941406 0.585938 0.933594 0.585938 0.925781 0.59375 0.925781 0.609375 0.921875 0.613281 0.921875 0.617188 0.917969 0.621094 0.917969 0.640625 0.921875 0.644531 0.921875 0.648438 0.925781 0.652344 0.925781 0.65625 0.929688 0.660156 0.929688 0.664062 0.933594 0.667969 0.933594 0.671875 0.964844 0.671875 0.96875 0.667969 0.972656 0.667969 0.976562 0.664062 0.980469 0.664062 0.984375 0.660156 0.984375 0.65625 0.992188 0.648438 0.996094 0.648438 0.996094 0.605469 0.992188 0.605469 0.984375 0.597656 0.984375 0.589844 0.976562 0.582031 0.972656 0.582031 0.96875 0.578125
0 0.984375 0.214844 0.976562 0.222656 0.96875 0.222656 0.964844 0.226562 0.960938 0.226562 0.957031 0.230469 0.953125 0.230469 0.953125 0.234375 0.949219 0.238281 0.949219 0.242188 0.945312 0.246094 0.945312 0.261719 0.949219 0.265625 0.949219 0.273438 0.953125 0.277344 0.953125 0.285156 0.957031 0.289062 0.960938 0.289062 0.96875 0.296875 0.992188 0.296875 0.992188 0.289062 0.996094 0.285156 0.996094 0.214844
0 0.902344 0 0.910156 0.0078125 0.910156 0.0195312 0.914062 0.0234375 0.914062 0.0273438 0.933594 0.046875 0.933594 0.0507812 0.949219 0.0664062 0.953125 0.0664062 0.957031 0.0703125 0.964844 0.0703125 0.96875 0.0742188 0.972656 0.0742188 0.996094 0.0976562 0.996094 0
0 0.996094 0.496094 0.992188 0.5 0.988281 0.5 0.984375 0.503906 0.984375 0.511719 0.980469 0.515625 0.980469 0.539062 0.992188 0.550781 0.992188 0.558594 0.996094 0.5625 0.996094 0.566406
0 0.113281 0.929688 0.109375 0.933594 0.09375 0.933594 0.0898438 0.9375 0.0859375 0.9375 0.0820312 0.941406 0.078125 0.941406 0.0625 0.957031 0.0625 0.960938 0.0585938 0.964844 0.0585938 0.96875 0.0546875 0.972656 0.0546875 0.996094 0.167969 0.996094 0.171875 0.992188 0.171875 0.976562 0.167969 0.972656 0.167969 0.964844 0.160156 0.957031 0.160156 0.953125 0.148438 0.941406 0.144531 0.941406 0.136719 0.933594 0.121094 0.933594 0.117188 0.929688
0 0.742188 0.0351562 0.738281 0.0390625 0.730469 0.0390625 0.722656 0.046875 0.722656 0.0507812 0.71875 0.0546875 0.71875 0.0625 0.714844 0.0664062 0.714844 0.0742188 0.710938 0.078125 0.710938 0.101562 0.714844 0.105469 0.714844 0.109375 0.71875 0.113281 0.726562 0.113281 0.730469 0.109375 0.738281 0.109375 0.746094 0.101562 0.753906 0.101562 0.757812 0.0976562 0.761719 0.0976562 0.785156 0.0742188 0.785156 0.0664062 0.78125 0.0625 0.78125 0.0507812 0.773438 0.0429688 0.773438 0.0390625 0.769531 0.0351562
0 0.714844 0.375 0.710938 0.378906 0.707031 0.378906 0.703125 0.382812 0.695312 0.382812 0.691406 0.386719 0.6875 0.386719 0.671875 0.402344 0.671875 0.40625 0.667969 0.410156 0.667969 0.414062 0.664062 0.417969 0.664062 0.449219 0.667969 0.453125 0.667969 0.457031 0.675781 0.464844 0.675781 0.46875 0.6875 0.480469 0.691406 0.480469 0.699219 0.488281 0.703125 0.488281 0.707031 0.492188 0.71875 0.492188 0.722656 0.496094 0.75 0.496094 0.753906 0.492188 0.769531 0.492188 0.773438 0.488281 0.777344 0.488281 0.78125 0.484375 0.785156 0.484375 0.796875 0.472656 0.796875 0.46875 0.800781 0.464844 0.800781 0.460938 0.804688 0.457031 0.804688 0.4375 0.808594 0.433594 0.808594 0.421875 0.804688 0.417969 0.804688 0.410156 0.800781 0.40625 0.800781 0.402344 0.792969 0.394531 0.792969 0.390625 0.785156 0.382812 0.777344 0.382812 0.773438 0.378906 0.769531 0.378906 0.765625 0.375
0 0.769531 0.289062 0.765625 0.292969 0.765625 0.3125 0.769531 0.316406 0.78125 0.316406 0.785156 0.3125 0.785156 0.296875 0.777344 0.289062
