0 0.886719 0.398438 0.882812 0.402344 0.882812 0.421875 0.886719 0.425781 0.886719 0.429688 0.890625 0.433594 0.890625 0.4375 0.90625 0.453125 0.917969 0.453125 0.925781 0.445312 0.925781 0.421875 0.914062 0.410156 0.914062 0.40625 0.910156 0.402344 0.902344 0.402344 0.898438 0.398438
0 0.480469 0.554688 0.472656 0.5625 0.472656 0.589844 0.476562 0.59375 0.476562 0.597656 0.488281 0.609375 0.5 0.609375 0.507812 0.601562 0.507812 0.570312 0.503906 0.566406 0.503906 0.5625 0.5 0.558594 0.496094 0.558594 0.492188 0.554688
0 0.496094 0.433594 0.492188 0.4375 0.488281 0.4375 0.484375 0.441406 0.480469 0.441406 0.472656 0.449219 0.472656 0.453125 0.46875 0.457031 0.46875 0.46875 0.476562 0.476562 0.503906 0.476562 0.507812 0.472656 0.511719 0.472656 0.523438 0.460938 0.523438 0.445312 0.515625 0.4375 0.511719 0.4375 0.507812 0.433594
0 0.652344 0.554688 0.628906 0.578125 0.628906 0.582031 0.625 0.585938 0.625 0.601562 0.628906 0.605469 0.628906 0.609375 0.632812 0.613281 0.648438 0.613281 0.667969 0.59375 0.667969 0.589844 0.671875 0.585938 0.671875 0.5625 0.664062 0.554688
0 0.425781 0.523438 0.421875 0.527344 0.421875 0.535156 0.425781 0.539062 0.433594 0.539062 0.4375 0.535156 0.4375 0.527344 0.433594 0.523438
0 0.00390625 0.398438 0.00390625 0.425781 0 0.429688 0.00390625 0.433594 0.00390625 0.4375 0.03125 0.4375 0.0351562 0.433594 0.0351562 0.414062 0.0273438 0.40625 0.0273438 0.402344 0.0234375 0.402344 0.0195312 0.398438
0 0 0.105469 0 0.148438 0.0078125 0.148438 0.015625 0.140625 0.015625 0.136719 0.0195312 0.132812 0.0195312 0.121094 0.015625 0.117188 0.015625 0.113281 0.0078125 0.105469
0 0.00390625 0.347656 0.00390625 0.390625 0.0195312 0.390625 0.0234375 0.386719 0.0273438 0.386719 0.0273438 0.367188 0.0234375 0.363281 0.0234375 0.359375 0.0195312 0.355469 0.0195312 0.351562 0.015625 0.351562 0.0117188 0.347656
0 0.699219 0.40625 0.695312 0.410156 0.695312 0.414062 0.691406 0.417969 0.691406 0.457031 0.695312 0.460938 0.695312 0.464844 0.703125 0.472656 0.714844 0.472656 0.722656 0.464844 0.722656 0.417969 0.71875 0.414062 0.71875 0.410156 0.714844 0.40625
0 0.59375 0.28125 0.585938 0.289062 0.585938 0.3125 0.589844 0.316406 0.589844 0.324219 0.59375 0.328125 0.59375 0.332031 0.601562 0.339844 0.605469 0.339844 0.609375 0.34375 0.625 0.34375 0.632812 0.335938 0.632812 0.308594 0.625 0.300781 0.625 0.296875 0.613281 0.285156 0.609375 0.285156 0.605469 0.28125
0 0.0625 0.890625 0.0585938 0.894531 0.0546875 0.894531 0.0429688 0.90625 0.0351562 0.90625 0.0273438 0.914062 0.0273438 0.917969 0.0234375 0.921875 0.0273438 0.925781 0.03125 0.921875 0.0859375 0.921875 0.0898438 0.917969 0.09375 0.917969 0.101562 0.910156 0.101562 0.902344 0.0898438 0.890625
0 0.34375 0.84375 0.339844 0.847656 0.335938 0.847656 0.332031 0.851562 0.328125 0.851562 0.324219 0.855469 0.324219 0.859375 0.320312 0.863281 0.320312 0.875 0.328125 0.882812 0.363281 0.882812 0.367188 0.878906 0.375 0.878906 0.382812 0.871094 0.382812 0.855469 0.378906 0.851562 0.375 0.851562 0.367188 0.84375
0 0.4375 0.175781 0.433594 0.179688 0.429688 0.179688 0.425781 0.183594 0.425781 0.1875 0.417969 0.195312 0.417969 0.203125 0.421875 0.207031 0.421875 0.214844 0.425781 0.21875 0.425781 0.226562 0.429688 0.230469 0.429688 0.234375 0.441406 0.246094 0.445312 0.246094 0.449219 0.25 0.453125 0.25 0.457031 0.246094 0.464844 0.246094 0.46875 0.242188 0.46875 0.234375 0.472656 0.230469 0.472656 0.207031 0.460938 0.195312 0.460938 0.191406 0.457031 0.1875 0.457031 0.183594 0.453125 0.179688 0.445312 0.179688 0.441406 0.175781
0 0.804688 0.71875 0.800781 0.722656 0.792969 0.722656 0.789062 0.726562 0.789062 0.730469 0.78125 0.738281 0.78125 0.746094 0.777344 0.75 0.777344 0.765625 0.785156 0.773438 0.808594 0.773438 0.824219 0.757812 0.824219 0.753906 0.828125 0.75 0.828125 0.734375 0.824219 0.730469 0.824219 0.726562 0.820312 0.722656 0.816406 0.722656 0.8125 0.71875
0 0.785156 0.507812 0.757812 0.535156 0.757812 0.554688 0.773438 0.570312 0.789062 0.570312 0.792969 0.566406 0.796875 0.566406 0.8125 0.550781 0.8125 0.546875 0.816406 0.542969 0.816406 0.519531 0.8125 0.515625 0.8125 0.511719 0.808594 0.507812
0 0.261719 0.671875 0.253906 0.679688 0.253906 0.691406 0.261719 0.699219 0.265625 0.699219 0.273438 0.707031 0.277344 0.707031 0.28125 0.710938 0.285156 0.710938 0.289062 0.714844 0.292969 0.714844 0.296875 0.71875 0.324219 0.71875 0.328125 0.714844 0.328125 0.707031 0.3125 0.691406 0.308594 0.691406 0.300781 0.683594 0.296875 0.683594 0.292969 0.679688 0.289062 0.679688 0.285156 0.675781 0.28125 0.675781 0.277344 0.671875
0 0.347656 0.792969 0.339844 0.800781 0.339844 0.828125 0.351562 0.839844 0.386719 0.839844 0.390625 0.835938 0.390625 0.832031 0.394531 0.828125 0.394531 0.816406 0.378906 0.800781 0.375 0.800781 0.367188 0.792969
0 0.238281 0.835938 0.222656 0.851562 0.222656 0.863281 0.230469 0.871094 0.234375 0.871094 0.238281 0.875 0.261719 0.875 0.269531 0.867188 0.269531 0.851562 0.265625 0.847656 0.265625 0.84375 0.257812 0.835938
0 0.0820312 0.792969 0.078125 0.796875 0.0742188 0.796875 0.0664062 0.804688 0.0664062 0.816406 0.078125 0.828125 0.0859375 0.828125 0.0898438 0.832031 0.105469 0.832031 0.109375 0.828125 0.113281 0.828125 0.121094 0.820312 0.121094 0.804688 0.109375 0.792969
0 0 0.296875 0 0.3125 0.00390625 0.316406 0.00390625 0.328125 0.0078125 0.332031 0.0117188 0.328125 0.0117188 0.304688 0.0078125 0.300781 0.0078125 0.296875
0 0.871094 0.09375 0.863281 0.101562 0.863281 0.128906 0.867188 0.132812 0.867188 0.136719 0.871094 0.140625 0.871094 0.144531 0.875 0.148438 0.878906 0.148438 0.882812 0.152344 0.890625 0.152344 0.898438 0.144531 0.898438 0.117188 0.894531 0.113281 0.894531 0.105469 0.882812 0.09375
0 0.378906 0.449219 0.371094 0.457031 0.371094 0.460938 0.367188 0.464844 0.367188 0.496094 0.371094 0.5 0.371094 0.511719 0.382812 0.523438 0.398438 0.523438 0.402344 0.519531 0.402344 0.515625 0.410156 0.507812 0.410156 0.496094 0.414062 0.492188 0.414062 0.46875 0.410156 0.464844 0.410156 0.460938 0.398438 0.449219
0 0.238281 0.574219 0.230469 0.582031 0.230469 0.605469 0.242188 0.617188 0.246094 0.617188 0.25 0.621094 0.253906 0.621094 0.257812 0.625 0.261719 0.625 0.265625 0.628906 0.292969 0.628906 0.304688 0.617188 0.304688 0.609375 0.300781 0.605469 0.300781 0.601562 0.277344 0.578125 0.265625 0.578125 0.261719 0.574219
0 0.976562 0.0976562 0.972656 0.101562 0.96875 0.101562 0.964844 0.105469 0.964844 0.128906 0.988281 0.152344 0.992188 0.152344 0.996094 0.148438 0.996094 0.109375 0.984375 0.0976562
0 0.699219 0.15625 0.6875 0.167969 0.6875 0.183594 0.691406 0.1875 0.691406 0.195312 0.699219 0.203125 0.699219 0.207031 0.707031 0.214844 0.71875 0.214844 0.722656 0.210938 0.726562 0.210938 0.730469 0.207031 0.730469 0.179688 0.726562 0.175781 0.726562 0.171875 0.710938 0.15625
0 0.265625 0.109375 0.261719 0.113281 0.253906 0.113281 0.25 0.117188 0.25 0.132812 0.246094 0.136719 0.246094 0.148438 0.25 0.152344 0.25 0.15625 0.253906 0.160156 0.253906 0.164062 0.269531 0.179688 0.292969 0.179688 0.300781 0.171875 0.300781 0.148438 0.296875 0.144531 0.296875 0.140625 0.292969 0.136719 0.292969 0.132812 0.289062 0.128906 0.289062 0.125 0.273438 0.109375
0 0.46875 0.136719 0.464844 0.140625 0.460938 0.140625 0.457031 0.144531 0.457031 0.148438 0.453125 0.152344 0.453125 0.167969 0.457031 0.171875 0.457031 0.179688 0.460938 0.183594 0.460938 0.1875 0.464844 0.191406 0.464844 0.195312 0.476562 0.207031 0.496094 0.207031 0.503906 0.199219 0.503906 0.164062 0.5 0.160156 0.5 0.15625 0.496094 0.152344 0.496094 0.148438 0.484375 0.136719
0 0.0429688 0.597656 0.0390625 0.601562 0.0351562 0.601562 0.0273438 0.609375 0.0273438 0.617188 0.0351562 0.625 0.0390625 0.625 0.0429688 0.628906 0.046875 0.628906 0.0507812 0.632812 0.078125 0.632812 0.0859375 0.625 0.0859375 0.613281 0.078125 0.605469 0.0742188 0.605469 0.0703125 0.601562 0.0625 0.601562 0.0585938 0.597656
0 0.996094 0.917969 0.984375 0.929688 0.984375 0.933594 0.980469 0.9375 0.980469 0.953125 0.988281 0.960938 0.996094 0.960938
0 0.03125 0.925781 0.0234375 0.933594 0.0234375 0.953125 0.0273438 0.957031 0.0820312 0.957031 0.0859375 0.953125 0.0859375 0.9375 0.0742188 0.925781
0 0.890625 0.34375 0.886719 0.347656 0.882812 0.347656 0.878906 0.351562 0.878906 0.355469 0.875 0.359375 0.875 0.363281 0.878906 0.367188 0.878906 0.375 0.882812 0.378906 0.882812 0.382812 0.894531 0.394531 0.898438 0.394531 0.902344 0.398438 0.910156 0.398438 0.917969 0.390625 0.917969 0.367188 0.910156 0.359375 0.910156 0.355469 0.902344 0.347656 0.898438 0.347656 0.894531 0.34375
0 0.9375 0.742188 0.933594 0.746094 0.925781 0.746094 0.917969 0.753906 0.917969 0.769531 0.921875 0.773438 0.921875 0.777344 0.925781 0.78125 0.929688 0.78125 0.933594 0.785156 0.964844 0.785156 0.96875 0.78125 0.96875 0.757812 0.964844 0.753906 0.964844 0.75 0.960938 0.746094 0.957031 0.746094 0.953125 0.742188
0 0.0546875 0.515625 0.0507812 0.519531 0.0507812 0.527344 0.046875 0.53125 0.046875 0.546875 0.0507812 0.550781 0.0546875 0.550781 0.0703125 0.566406 0.0742188 0.566406 0.078125 0.570312 0.0820312 0.570312 0.0859375 0.574219 0.105469 0.574219 0.113281 0.566406 0.113281 0.539062 0.105469 0.53125 0.101562 0.53125 0.0976562 0.527344 0.09375 0.527344 0.0898438 0.523438 0.0859375 0.523438 0.0820312 0.519531 0.078125 0.519531 0.0742188 0.515625
0 0.675781 0.882812 0.671875 0.886719 0.667969 0.886719 0.652344 0.902344 0.652344 0.90625 0.648438 0.910156 0.648438 0.925781 0.660156 0.9375 0.675781 0.9375 0.679688 0.933594 0.683594 0.933594 0.691406 0.925781 0.691406 0.921875 0.695312 0.917969 0.695312 0.914062 0.699219 0.910156 0.699219 0.894531 0.6875 0.882812
0 0.636719 0.359375 0.628906 0.367188 0.628906 0.371094 0.625 0.375 0.625 0.40625 0.628906 0.410156 0.628906 0.414062 0.632812 0.417969 0.648438 0.417969 0.652344 0.414062 0.65625 0.414062 0.664062 0.40625 0.664062 0.375 0.660156 0.371094 0.660156 0.367188 0.652344 0.359375
0 0.53125 0.601562 0.523438 0.609375 0.523438 0.640625 0.527344 0.644531 0.527344 0.648438 0.53125 0.652344 0.554688 0.652344 0.558594 0.648438 0.558594 0.613281 0.550781 0.605469 0.546875 0.605469 0.542969 0.601562
0 0.359375 0.695312 0.355469 0.699219 0.34375 0.699219 0.339844 0.703125 0.335938 0.703125 0.332031 0.707031 0.332031 0.714844 0.328125 0.71875 0.328125 0.722656 0.332031 0.726562 0.332031 0.730469 0.339844 0.738281 0.359375 0.738281 0.363281 0.734375 0.367188 0.734375 0.382812 0.71875 0.382812 0.707031 0.375 0.699219 0.371094 0.699219 0.367188 0.695312
0 0.0390625 0.714844 0.0351562 0.71875 0.0273438 0.71875 0.0234375 0.722656 0.0234375 0.746094 0.0351562 0.757812 0.0429688 0.757812 0.046875 0.761719 0.0507812 0.761719 0.0546875 0.765625 0.0742188 0.765625 0.078125 0.761719 0.0820312 0.761719 0.09375 0.75 0.09375 0.746094 0.0976562 0.742188 0.0976562 0.738281 0.09375 0.734375 0.09375 0.730469 0.0820312 0.71875 0.078125 0.71875 0.0742188 0.714844
0 0.777344 0.0429688 0.769531 0.0507812 0.769531 0.0703125 0.789062 0.0898438 0.804688 0.0898438 0.8125 0.0820312 0.8125 0.0664062 0.808594 0.0625 0.808594 0.0585938 0.792969 0.0429688
0 0.570312 0.480469 0.5625 0.488281 0.5625 0.496094 0.558594 0.5 0.558594 0.519531 0.5625 0.523438 0.5625 0.527344 0.566406 0.53125 0.566406 0.535156 0.578125 0.546875 0.597656 0.546875 0.609375 0.535156 0.609375 0.5 0.605469 0.496094 0.605469 0.492188 0.59375 0.480469
