0 0.208984 0.314453 0.208984 0.317383 0.210938 0.319336 0.211914 0.319336 0.212891 0.320312 0.216797 0.320312 0.217773 0.321289 0.216797 0.322266 0.216797 0.324219 0.21582 0.325195 0.21582 0.331055 0.216797 0.331055 0.217773 0.332031 0.22168 0.332031 0.222656 0.331055 0.222656 0.326172 0.220703 0.324219 0.220703 0.321289 0.217773 0.321289 0.216797 0.320312 0.216797 0.31543 0.212891 0.31543 0.211914 0.314453
0 0.463867 0.598633 0.462891 0.599609 0.460938 0.599609 0.459961 0.600586 0.458984 0.600586 0.458008 0.601562 0.456055 0.601562 0.453125 0.604492 0.452148 0.604492 0.450195 0.606445 0.450195 0.607422 0.449219 0.608398 0.449219 0.609375 0.448242 0.610352 0.448242 0.611328 0.447266 0.612305 0.447266 0.614258 0.449219 0.616211 0.451172 0.616211 0.452148 0.615234 0.455078 0.615234 0.456055 0.614258 0.457031 0.614258 0.458008 0.613281 0.459961 0.613281 0.460938 0.612305 0.461914 0.612305 0.462891 0.611328 0.463867 0.611328 0.464844 0.610352 0.46582 0.610352 0.469727 0.606445 0.469727 0.604492 0.470703 0.603516 0.470703 0.598633
0 0.196289 0.21582 0.1875 0.224609 0.1875 0.226562 0.186523 0.227539 0.186523 0.236328 0.189453 0.239258 0.19043 0.239258 0.191406 0.240234 0.191406 0.241211 0.192383 0.241211 0.193359 0.242188 0.201172 0.242188 0.201172 0.241211 0.203125 0.239258 0.204102 0.239258 0.206055 0.237305 0.206055 0.236328 0.207031 0.235352 0.207031 0.234375 0.208008 0.233398 0.208008 0.231445 0.208984 0.230469 0.208984 0.224609 0.208008 0.223633 0.208008 0.220703 0.207031 0.219727 0.207031 0.21875 0.206055 0.21875 0.203125 0.21582
0 0.479492 0.395508 0.477539 0.397461 0.476562 0.397461 0.476562 0.400391 0.475586 0.401367 0.474609 0.401367 0.474609 0.402344 0.473633 0.40332 0.473633 0.404297 0.472656 0.405273 0.472656 0.410156 0.474609 0.412109 0.480469 0.412109 0.481445 0.411133 0.482422 0.411133 0.484375 0.40918 0.484375 0.408203 0.485352 0.407227 0.486328 0.407227 0.486328 0.401367 0.485352 0.400391 0.485352 0.398438 0.484375 0.397461 0.483398 0.397461 0.482422 0.396484 0.480469 0.396484
0 0.19043 0.373047 0.186523 0.376953 0.186523 0.37793 0.185547 0.378906 0.185547 0.382812 0.18457 0.383789 0.18457 0.385742 0.185547 0.386719 0.185547 0.388672 0.188477 0.391602 0.188477 0.392578 0.19043 0.392578 0.191406 0.393555 0.192383 0.393555 0.193359 0.394531 0.194336 0.394531 0.195312 0.395508 0.196289 0.395508 0.197266 0.396484 0.199219 0.396484 0.200195 0.395508 0.201172 0.395508 0.203125 0.393555 0.203125 0.392578 0.208008 0.387695 0.208008 0.380859 0.207031 0.379883 0.207031 0.378906 0.206055 0.378906 0.205078 0.37793 0.205078 0.376953 0.203125 0.375 0.200195 0.375 0.199219 0.375977 0.196289 0.375977 0.195312 0.375 0.194336 0.375 0.193359 0.374023 0.192383 0.374023 0.191406 0.373047
0 0.652344 0.645508 0.650391 0.647461 0.650391 0.651367 0.652344 0.65332 0.657227 0.65332 0.658203 0.652344 0.658203 0.650391 0.657227 0.649414 0.657227 0.648438 0.65625 0.647461 0.65625 0.646484 0.655273 0.645508
0 0.386719 0.553711 0.383789 0.556641 0.383789 0.557617 0.382812 0.558594 0.382812 0.55957 0.381836 0.560547 0.381836 0.561523 0.380859 0.5625 0.380859 0.56543 0.379883 0.566406 0.379883 0.570312 0.380859 0.571289 0.380859 0.572266 0.381836 0.573242 0.381836 0.576172 0.383789 0.578125 0.383789 0.581055 0.388672 0.581055 0.391602 0.578125 0.391602 0.577148 0.392578 0.576172 0.392578 0.575195 0.393555 0.574219 0.393555 0.567383 0.394531 0.566406 0.394531 0.56543 0.395508 0.564453 0.395508 0.561523 0.394531 0.560547 0.394531 0.558594 0.391602 0.555664 0.390625 0.555664 0.389648 0.554688 0.388672 0.554688 0.387695 0.553711
0 0.65332 0.694336 0.651367 0.696289 0.651367 0.697266 0.650391 0.698242 0.650391 0.700195 0.649414 0.701172 0.649414 0.706055 0.650391 0.707031 0.650391 0.711914 0.652344 0.713867 0.652344 0.714844 0.65625 0.71875 0.657227 0.71875 0.65918 0.720703 0.665039 0.720703 0.666016 0.719727 0.667969 0.719727 0.668945 0.71875 0.669922 0.71875 0.670898 0.717773 0.670898 0.716797 0.671875 0.71582 0.671875 0.709961 0.670898 0.708984 0.670898 0.706055 0.669922 0.705078 0.669922 0.704102 0.667969 0.702148 0.667969 0.701172 0.666992 0.700195 0.666992 0.699219 0.664062 0.696289 0.663086 0.696289 0.662109 0.695312 0.662109 0.694336
0 0.992188 0.142578 0.992188 0.143555 0.990234 0.145508 0.990234 0.146484 0.989258 0.147461 0.989258 0.150391 0.990234 0.151367 0.990234 0.152344 0.991211 0.15332 0.992188 0.15332 0.993164 0.154297 0.994141 0.154297 0.995117 0.155273 0.995117 0.15625 0.999023 0.15625 0.999023 0.149414 0.998047 0.148438 0.998047 0.146484 0.99707 0.145508 0.99707 0.143555 0.995117 0.143555 0.994141 0.142578
0 0.5 0.131836 0.499023 0.132812 0.498047 0.132812 0.49707 0.133789 0.496094 0.133789 0.495117 0.134766 0.495117 0.143555 0.49707 0.145508 0.499023 0.145508 0.5 0.146484 0.504883 0.146484 0.505859 0.147461 0.509766 0.147461 0.510742 0.146484 0.513672 0.146484 0.513672 0.144531 0.514648 0.143555 0.514648 0.138672 0.515625 0.137695 0.512695 0.134766 0.512695 0.133789 0.511719 0.132812 0.510742 0.132812 0.509766 0.131836
0 0.318359 0.193359 0.318359 0.198242 0.323242 0.198242 0.323242 0.193359
0 0.328125 0.535156 0.327148 0.536133 0.324219 0.536133 0.323242 0.537109 0.323242 0.538086 0.322266 0.539062 0.322266 0.540039 0.320312 0.541992 0.320312 0.542969 0.319336 0.543945 0.319336 0.545898 0.320312 0.546875 0.320312 0.547852 0.322266 0.549805 0.322266 0.550781 0.325195 0.553711 0.330078 0.553711 0.333008 0.550781 0.333008 0.549805 0.335938 0.546875 0.335938 0.545898 0.336914 0.544922 0.336914 0.541992 0.335938 0.541016 0.335938 0.539062 0.332031 0.535156
0 0.293945 0.417969 0.293945 0.429688 0.297852 0.433594 0.297852 0.436523 0.298828 0.4375 0.299805 0.4375 0.302734 0.44043 0.306641 0.44043 0.308594 0.438477 0.311523 0.438477 0.311523 0.435547 0.3125 0.43457 0.31543 0.43457 0.316406 0.433594 0.317383 0.433594 0.317383 0.432617 0.314453 0.429688 0.31543 0.428711 0.313477 0.426758 0.313477 0.425781 0.310547 0.422852 0.30957 0.422852 0.307617 0.420898 0.306641 0.420898 0.305664 0.419922 0.302734 0.419922 0.301758 0.418945 0.298828 0.418945 0.297852 0.417969
0 0.527344 0.724609 0.526367 0.725586 0.525391 0.725586 0.523438 0.727539 0.522461 0.727539 0.521484 0.728516 0.521484 0.730469 0.520508 0.731445 0.520508 0.733398 0.519531 0.734375 0.519531 0.741211 0.520508 0.742188 0.520508 0.744141 0.521484 0.745117 0.521484 0.748047 0.524414 0.750977 0.525391 0.750977 0.526367 0.751953 0.530273 0.751953 0.53125 0.750977 0.533203 0.750977 0.53418 0.75 0.535156 0.75 0.538086 0.74707 0.538086 0.746094 0.540039 0.744141 0.540039 0.740234 0.541016 0.739258 0.539062 0.737305 0.539062 0.736328 0.537109 0.734375 0.537109 0.733398 0.536133 0.732422 0.536133 0.730469 0.535156 0.729492 0.535156 0.728516 0.533203 0.726562 0.533203 0.725586 0.532227 0.725586 0.53125 0.724609
0 0.0556641 0.430664 0.0546875 0.431641 0.0537109 0.431641 0.0527344 0.432617 0.0507812 0.432617 0.0498047 0.433594 0.0478516 0.433594 0.0458984 0.435547 0.0458984 0.436523 0.0449219 0.4375 0.0449219 0.439453 0.0458984 0.44043 0.0458984 0.443359 0.0478516 0.445312 0.0488281 0.445312 0.0507812 0.447266 0.0507812 0.449219 0.0556641 0.449219 0.0556641 0.448242 0.0576172 0.446289 0.0595703 0.446289 0.0615234 0.444336 0.0634766 0.444336 0.0644531 0.443359 0.0644531 0.442383 0.0654297 0.441406 0.0654297 0.439453 0.0664062 0.438477 0.0664062 0.435547 0.0654297 0.43457 0.0654297 0.433594 0.0644531 0.432617 0.0644531 0.431641 0.0634766 0.430664
0 0.0507812 0.374023 0.0498047 0.375 0.046875 0.375 0.0458984 0.375977 0.0449219 0.375977 0.0429688 0.37793 0.0429688 0.378906 0.0400391 0.381836 0.0400391 0.383789 0.0390625 0.384766 0.0390625 0.390625 0.0400391 0.391602 0.0400391 0.393555 0.0410156 0.394531 0.0410156 0.396484 0.0419922 0.397461 0.0439453 0.397461 0.0449219 0.398438 0.0537109 0.398438 0.0546875 0.397461 0.0556641 0.397461 0.0566406 0.396484 0.0576172 0.396484 0.0576172 0.395508 0.0585938 0.394531 0.0595703 0.394531 0.0625 0.391602 0.0625 0.390625 0.0634766 0.389648 0.0634766 0.388672 0.0644531 0.387695 0.0644531 0.378906 0.0615234 0.375977 0.0605469 0.375977 0.0595703 0.375 0.0576172 0.375 0.0566406 0.374023
0 0.40625 0.720703 0.399414 0.727539 0.399414 0.733398 0.400391 0.734375 0.400391 0.735352 0.40332 0.738281 0.404297 0.738281 0.40625 0.740234 0.408203 0.740234 0.40918 0.741211 0.413086 0.741211 0.414062 0.742188 0.417969 0.742188 0.418945 0.741211 0.420898 0.741211 0.421875 0.740234 0.422852 0.740234 0.424805 0.738281 0.425781 0.738281 0.425781 0.737305 0.427734 0.735352 0.427734 0.734375 0.428711 0.733398 0.428711 0.730469 0.427734 0.729492 0.427734 0.727539 0.424805 0.724609 0.424805 0.723633 0.423828 0.723633 0.422852 0.722656 0.421875 0.722656 0.420898 0.72168 0.418945 0.72168 0.417969 0.720703
0 0.641602 0.333008 0.640625 0.333984 0.639648 0.333984 0.638672 0.334961 0.637695 0.333984 0.637695 0.334961 0.636719 0.335938 0.636719 0.339844 0.635742 0.34082 0.635742 0.34375 0.636719 0.344727 0.637695 0.344727 0.638672 0.345703 0.639648 0.345703 0.640625 0.34668 0.641602 0.34668 0.642578 0.347656 0.643555 0.347656 0.644531 0.348633 0.645508 0.348633 0.646484 0.349609 0.648438 0.349609 0.649414 0.350586 0.651367 0.350586 0.652344 0.351562 0.654297 0.351562 0.655273 0.352539 0.65625 0.352539 0.660156 0.348633 0.660156 0.34668 0.661133 0.345703 0.661133 0.344727 0.658203 0.341797 0.658203 0.339844 0.657227 0.338867 0.657227 0.337891 0.65625 0.336914 0.65625 0.335938 0.65332 0.333008
0 0.310547 0.189453 0.310547 0.19043 0.30957 0.191406 0.30957 0.194336 0.310547 0.195312 0.313477 0.195312 0.313477 0.194336 0.314453 0.193359 0.314453 0.19043 0.313477 0.189453
0 0.510742 0.693359 0.509766 0.694336 0.507812 0.694336 0.503906 0.698242 0.503906 0.704102 0.505859 0.706055 0.505859 0.707031 0.506836 0.708008 0.508789 0.708008 0.510742 0.709961 0.511719 0.709961 0.512695 0.710938 0.522461 0.710938 0.524414 0.708984 0.525391 0.708984 0.526367 0.708008 0.526367 0.707031 0.527344 0.706055 0.527344 0.702148 0.525391 0.700195 0.525391 0.699219 0.523438 0.697266 0.523438 0.696289 0.521484 0.694336 0.519531 0.694336 0.518555 0.693359
0 0.584961 0.359375 0.583984 0.360352 0.583984 0.363281 0.584961 0.364258 0.588867 0.364258 0.589844 0.363281 0.589844 0.360352 0.588867 0.359375
0 0.873047 0.538086 0.871094 0.540039 0.871094 0.541016 0.870117 0.541992 0.870117 0.544922 0.87207 0.546875 0.875977 0.546875 0.876953 0.545898 0.876953 0.543945 0.878906 0.541992 0.87793 0.541016 0.87793 0.540039 0.875977 0.538086
0 0.882812 0.21582 0.881836 0.216797 0.879883 0.216797 0.878906 0.217773 0.876953 0.217773 0.87207 0.222656 0.87207 0.223633 0.871094 0.224609 0.871094 0.231445 0.870117 0.232422 0.871094 0.233398 0.873047 0.233398 0.875977 0.236328 0.87793 0.236328 0.878906 0.237305 0.888672 0.237305 0.889648 0.236328 0.890625 0.236328 0.891602 0.235352 0.892578 0.235352 0.896484 0.231445 0.896484 0.230469 0.897461 0.229492 0.897461 0.228516 0.898438 0.227539 0.898438 0.223633 0.897461 0.222656 0.898438 0.22168 0.897461 0.22168 0.894531 0.21875 0.893555 0.21875 0.891602 0.216797 0.890625 0.216797 0.889648 0.21582
0 0.822266 0.166016 0.821289 0.166992 0.820312 0.166992 0.819336 0.167969 0.818359 0.167969 0.816406 0.169922 0.816406 0.170898 0.81543 0.171875 0.81543 0.172852 0.816406 0.173828 0.816406 0.175781 0.817383 0.176758 0.817383 0.177734 0.819336 0.179688 0.820312 0.179688 0.821289 0.180664 0.822266 0.180664 0.823242 0.179688 0.826172 0.179688 0.827148 0.178711 0.830078 0.178711 0.833008 0.175781 0.833008 0.171875 0.832031 0.170898 0.832031 0.169922 0.829102 0.166992 0.826172 0.166992 0.825195 0.166016
0 0.196289 0.298828 0.195312 0.299805 0.195312 0.303711 0.201172 0.303711 0.201172 0.302734 0.202148 0.301758 0.202148 0.298828
0 0.332031 0.639648 0.331055 0.640625 0.329102 0.640625 0.328125 0.641602 0.328125 0.642578 0.327148 0.643555 0.327148 0.644531 0.326172 0.645508 0.326172 0.646484 0.325195 0.647461 0.325195 0.648438 0.324219 0.649414 0.324219 0.65332 0.325195 0.654297 0.325195 0.657227 0.326172 0.658203 0.326172 0.65918 0.327148 0.660156 0.328125 0.660156 0.329102 0.661133 0.330078 0.661133 0.331055 0.662109 0.332031 0.662109 0.333008 0.663086 0.338867 0.663086 0.339844 0.662109 0.339844 0.661133 0.34375 0.657227 0.34375 0.655273 0.344727 0.654297 0.344727 0.649414 0.34375 0.648438 0.34375 0.647461 0.341797 0.645508 0.341797 0.643555 0.339844 0.641602 0.338867 0.641602 0.337891 0.640625 0.333984 0.640625 0.333008 0.639648
0 0.458008 0.623047 0.457031 0.624023 0.454102 0.624023 0.453125 0.625 0.453125 0.625977 0.447266 0.631836 0.447266 0.632812 0.446289 0.633789 0.446289 0.641602 0.447266 0.642578 0.447266 0.643555 0.449219 0.645508 0.451172 0.645508 0.452148 0.646484 0.456055 0.646484 0.458984 0.643555 0.460938 0.643555 0.461914 0.642578 0.462891 0.642578 0.463867 0.641602 0.464844 0.641602 0.470703 0.635742 0.470703 0.625977 0.46875 0.624023 0.467773 0.624023 0.466797 0.623047
0 0.365234 0.130859 0.364258 0.131836 0.363281 0.131836 0.363281 0.132812 0.361328 0.134766 0.361328 0.137695 0.360352 0.138672 0.360352 0.141602 0.361328 0.142578 0.361328 0.143555 0.363281 0.145508 0.363281 0.146484 0.364258 0.147461 0.368164 0.147461 0.369141 0.146484 0.369141 0.145508 0.37207 0.142578 0.37207 0.141602 0.373047 0.140625 0.373047 0.137695 0.37207 0.136719 0.37207 0.135742 0.371094 0.134766 0.371094 0.133789 0.370117 0.132812 0.370117 0.131836 0.369141 0.130859
0 0.420898 0.608398 0.418945 0.610352 0.417969 0.610352 0.416992 0.611328 0.416992 0.612305 0.415039 0.614258 0.415039 0.620117 0.416992 0.62207 0.418945 0.62207 0.419922 0.623047 0.421875 0.623047 0.422852 0.62207 0.424805 0.62207 0.424805 0.621094 0.425781 0.620117 0.426758 0.620117 0.429688 0.617188 0.429688 0.616211 0.430664 0.615234 0.430664 0.611328 0.429688 0.610352 0.429688 0.609375 0.428711 0.608398
0 0.175781 0.263672 0.174805 0.264648 0.173828 0.264648 0.171875 0.266602 0.170898 0.266602 0.169922 0.267578 0.169922 0.268555 0.168945 0.269531 0.168945 0.270508 0.167969 0.271484 0.167969 0.272461 0.166992 0.273438 0.166992 0.275391 0.166016 0.276367 0.166016 0.28125 0.166992 0.282227 0.166992 0.283203 0.167969 0.28418 0.167969 0.285156 0.168945 0.286133 0.168945 0.287109 0.170898 0.287109 0.172852 0.289062 0.176758 0.289062 0.177734 0.288086 0.182617 0.288086 0.183594 0.289062 0.18457 0.289062 0.18457 0.288086 0.1875 0.285156 0.1875 0.28418 0.188477 0.283203 0.188477 0.282227 0.19043 0.280273 0.19043 0.27832 0.191406 0.277344 0.191406 0.276367 0.192383 0.275391 0.19043 0.273438 0.19043 0.271484 0.189453 0.270508 0.189453 0.268555 0.188477 0.267578 0.188477 0.266602 0.1875 0.266602 0.186523 0.265625 0.185547 0.265625 0.183594 0.263672 0.179688 0.263672 0.178711 0.264648 0.177734 0.263672
0 0.319336 0.185547 0.319336 0.186523 0.318359 0.1875 0.317383 0.1875 0.317383 0.19043 0.321289 0.19043 0.322266 0.189453 0.325195 0.189453 0.325195 0.186523 0.324219 0.185547
0 0.644531 0.649414 0.644531 0.650391 0.643555 0.651367 0.642578 0.651367 0.642578 0.65332 0.645508 0.65625 0.648438 0.65625 0.648438 0.650391 0.647461 0.650391 0.646484 0.649414
0 0.701172 0.671875 0.700195 0.672852 0.697266 0.672852 0.697266 0.673828 0.696289 0.674805 0.696289 0.675781 0.695312 0.676758 0.695312 0.685547 0.696289 0.686523 0.696289 0.688477 0.697266 0.689453 0.697266 0.69043 0.698242 0.691406 0.698242 0.693359 0.701172 0.696289 0.710938 0.696289 0.713867 0.693359 0.713867 0.688477 0.714844 0.6875 0.714844 0.685547 0.71582 0.68457 0.71582 0.683594 0.714844 0.682617 0.714844 0.681641 0.712891 0.679688 0.711914 0.679688 0.710938 0.678711 0.710938 0.677734 0.709961 0.677734 0.705078 0.672852 0.702148 0.672852
0 0.603516 0.654297 0.602539 0.655273 0.601562 0.655273 0.600586 0.65625 0.599609 0.65625 0.595703 0.660156 0.595703 0.662109 0.594727 0.663086 0.594727 0.668945 0.59375 0.669922 0.59375 0.674805 0.594727 0.675781 0.594727 0.676758 0.595703 0.677734 0.595703 0.678711 0.597656 0.680664 0.598633 0.680664 0.599609 0.681641 0.606445 0.681641 0.607422 0.680664 0.608398 0.680664 0.612305 0.676758 0.612305 0.674805 0.613281 0.673828 0.613281 0.671875 0.614258 0.670898 0.614258 0.666992 0.613281 0.666016 0.613281 0.662109 0.612305 0.661133 0.612305 0.65918 0.611328 0.658203 0.611328 0.657227 0.608398 0.654297
0 0.827148 0.279297 0.824219 0.282227 0.823242 0.282227 0.823242 0.28418 0.822266 0.285156 0.822266 0.287109 0.823242 0.287109 0.825195 0.289062 0.827148 0.289062 0.828125 0.290039 0.832031 0.290039 0.835938 0.286133 0.835938 0.28418 0.834961 0.283203 0.834961 0.282227 0.832031 0.279297
0 0.151367 0.325195 0.151367 0.330078 0.152344 0.331055 0.154297 0.331055 0.155273 0.332031 0.15918 0.332031 0.15918 0.330078 0.160156 0.329102 0.160156 0.327148 0.15918 0.326172 0.15918 0.325195
0 0.745117 0.435547 0.744141 0.436523 0.743164 0.436523 0.742188 0.4375 0.739258 0.4375 0.738281 0.438477 0.736328 0.438477 0.733398 0.441406 0.733398 0.447266 0.732422 0.448242 0.733398 0.449219 0.733398 0.452148 0.734375 0.453125 0.734375 0.454102 0.735352 0.455078 0.737305 0.455078 0.739258 0.457031 0.741211 0.457031 0.742188 0.458008 0.749023 0.458008 0.75 0.457031 0.750977 0.457031 0.751953 0.456055 0.75293 0.456055 0.755859 0.453125 0.755859 0.451172 0.756836 0.450195 0.756836 0.446289 0.755859 0.445312 0.755859 0.444336 0.754883 0.443359 0.754883 0.442383 0.751953 0.439453 0.751953 0.438477 0.750977 0.438477 0.75 0.4375 0.749023 0.4375 0.748047 0.436523 0.74707 0.436523 0.746094 0.435547
0 0.530273 0.297852 0.529297 0.298828 0.525391 0.298828 0.524414 0.299805 0.523438 0.299805 0.522461 0.300781 0.522461 0.305664 0.526367 0.30957 0.532227 0.30957 0.533203 0.308594 0.533203 0.305664 0.53418 0.304688 0.535156 0.304688 0.536133 0.303711 0.536133 0.297852
0 0.641602 0.643555 0.638672 0.646484 0.638672 0.649414 0.639648 0.649414 0.640625 0.650391 0.640625 0.652344 0.641602 0.652344 0.641602 0.651367 0.642578 0.650391 0.643555 0.650391 0.643555 0.649414 0.644531 0.648438 0.644531 0.643555
0 0.494141 0.863281 0.493164 0.864258 0.488281 0.864258 0.487305 0.865234 0.486328 0.865234 0.484375 0.867188 0.483398 0.867188 0.483398 0.868164 0.480469 0.871094 0.480469 0.873047 0.479492 0.874023 0.479492 0.875977 0.480469 0.876953 0.480469 0.878906 0.481445 0.879883 0.481445 0.880859 0.484375 0.883789 0.486328 0.883789 0.487305 0.884766 0.496094 0.884766 0.49707 0.883789 0.499023 0.883789 0.500977 0.881836 0.501953 0.881836 0.50293 0.880859 0.503906 0.880859 0.509766 0.875 0.509766 0.873047 0.508789 0.87207 0.508789 0.871094 0.507812 0.870117 0.507812 0.869141 0.503906 0.865234 0.501953 0.865234 0.500977 0.864258 0.498047 0.864258 0.49707 0.863281
0 0.668945 0.683594 0.666992 0.685547 0.666016 0.685547 0.665039 0.686523 0.665039 0.692383 0.666016 0.693359 0.666016 0.696289 0.666992 0.697266 0.666992 0.698242 0.667969 0.699219 0.667969 0.700195 0.668945 0.701172 0.668945 0.702148 0.669922 0.702148 0.670898 0.703125 0.670898 0.705078 0.671875 0.706055 0.671875 0.708008 0.672852 0.708984 0.672852 0.709961 0.675781 0.712891 0.680664 0.712891 0.68457 0.708984 0.68457 0.708008 0.685547 0.707031 0.685547 0.706055 0.686523 0.705078 0.686523 0.689453 0.685547 0.688477 0.685547 0.6875 0.68457 0.6875 0.681641 0.68457 0.680664 0.68457 0.679688 0.683594
0 0.626953 0.359375 0.626953 0.364258 0.632812 0.364258 0.632812 0.361328 0.631836 0.360352 0.630859 0.360352 0.629883 0.359375
0 0.615234 0.361328 0.614258 0.362305 0.613281 0.362305 0.613281 0.364258 0.615234 0.366211 0.618164 0.366211 0.618164 0.362305 0.617188 0.361328
0 0.487305 0.646484 0.486328 0.647461 0.485352 0.647461 0.485352 0.648438 0.484375 0.649414 0.484375 0.650391 0.483398 0.651367 0.480469 0.651367 0.479492 0.652344 0.479492 0.65332 0.478516 0.654297 0.478516 0.655273 0.477539 0.65625 0.477539 0.657227 0.478516 0.658203 0.478516 0.661133 0.479492 0.662109 0.479492 0.663086 0.483398 0.666992 0.486328 0.666992 0.487305 0.667969 0.492188 0.667969 0.493164 0.666992 0.495117 0.666992 0.496094 0.666016 0.498047 0.666016 0.5 0.664062 0.500977 0.664062 0.500977 0.663086 0.50293 0.661133 0.50293 0.660156 0.503906 0.65918 0.503906 0.655273 0.501953 0.65332 0.501953 0.652344 0.499023 0.649414 0.498047 0.649414 0.49707 0.648438 0.494141 0.648438 0.493164 0.647461 0.491211 0.647461 0.490234 0.646484
0 0.616211 0.367188 0.615234 0.368164 0.614258 0.368164 0.613281 0.369141 0.613281 0.37207 0.614258 0.373047 0.619141 0.373047 0.619141 0.368164 0.618164 0.367188
0 0.214844 0.209961 0.213867 0.210938 0.213867 0.214844 0.214844 0.21582 0.21875 0.21582 0.21875 0.213867 0.219727 0.212891 0.219727 0.210938 0.21875 0.210938 0.217773 0.209961
0 0.319336 0.175781 0.319336 0.176758 0.318359 0.177734 0.317383 0.177734 0.317383 0.178711 0.316406 0.179688 0.316406 0.182617 0.321289 0.182617 0.321289 0.181641 0.322266 0.180664 0.323242 0.180664 0.323242 0.175781
0 0.966797 0.769531 0.964844 0.771484 0.962891 0.771484 0.961914 0.772461 0.960938 0.772461 0.959961 0.773438 0.959961 0.774414 0.958984 0.775391 0.958008 0.775391 0.958008 0.776367 0.956055 0.77832 0.956055 0.780273 0.954102 0.782227 0.954102 0.783203 0.955078 0.783203 0.956055 0.78418 0.955078 0.785156 0.956055 0.786133 0.956055 0.789062 0.957031 0.790039 0.957031 0.791016 0.958008 0.791992 0.958984 0.791992 0.959961 0.792969 0.960938 0.792969 0.961914 0.793945 0.966797 0.793945 0.967773 0.792969 0.969727 0.792969 0.970703 0.791992 0.97168 0.791992 0.972656 0.791016 0.973633 0.791016 0.975586 0.789062 0.975586 0.788086 0.977539 0.786133 0.977539 0.785156 0.978516 0.78418 0.978516 0.783203 0.979492 0.782227 0.979492 0.777344 0.978516 0.776367 0.978516 0.774414 0.977539 0.774414 0.976562 0.773438 0.976562 0.772461 0.975586 0.772461 0.974609 0.771484 0.973633 0.771484 0.972656 0.770508 0.96875 0.770508 0.967773 0.769531
0 0.84082 0.00195312 0.839844 0.00292969 0.837891 0.00292969 0.835938 0.00488281 0.834961 0.00488281 0.833008 0.00683594 0.833008 0.00976562 0.832031 0.0107422 0.832031 0.0136719 0.833008 0.0146484 0.833008 0.0214844 0.833984 0.0214844 0.838867 0.0263672 0.842773 0.0263672 0.84375 0.0273438 0.84668 0.0273438 0.847656 0.0263672 0.848633 0.0263672 0.848633 0.0253906 0.851562 0.0224609 0.851562 0.0205078 0.852539 0.0195312 0.852539 0.0175781 0.853516 0.0166016 0.853516 0.0117188 0.851562 0.0117188 0.850586 0.0107422 0.850586 0.00976562 0.849609 0.00878906 0.849609 0.0078125 0.84375 0.00195312
0 0.181641 0.237305 0.179688 0.239258 0.179688 0.244141 0.180664 0.244141 0.181641 0.245117 0.186523 0.245117 0.188477 0.243164 0.188477 0.239258 0.1875 0.238281 0.186523 0.238281 0.185547 0.237305
0 0.785156 0.0136719 0.783203 0.015625 0.782227 0.015625 0.78125 0.0166016 0.780273 0.0166016 0.779297 0.0175781 0.77832 0.0175781 0.77832 0.0185547 0.776367 0.0205078 0.776367 0.0224609 0.775391 0.0234375 0.775391 0.0253906 0.776367 0.0263672 0.776367 0.0283203 0.777344 0.0292969 0.777344 0.0302734 0.779297 0.0322266 0.780273 0.0322266 0.78125 0.0332031 0.782227 0.0332031 0.78418 0.0351562 0.785156 0.0351562 0.786133 0.0361328 0.789062 0.0361328 0.790039 0.0371094 0.791992 0.0371094 0.792969 0.0380859 0.793945 0.0371094 0.797852 0.0371094 0.798828 0.0361328 0.799805 0.0361328 0.800781 0.0351562 0.802734 0.0351562 0.802734 0.0341797 0.803711 0.0332031 0.803711 0.0273438 0.802734 0.0263672 0.802734 0.0253906 0.801758 0.0244141 0.801758 0.0224609 0.800781 0.0214844 0.800781 0.0195312 0.799805 0.0185547 0.799805 0.0175781 0.797852 0.015625 0.796875 0.015625 0.795898 0.0146484 0.792969 0.0146484 0.791992 0.0136719
0 0.856445 0.0722656 0.855469 0.0732422 0.853516 0.0732422 0.853516 0.0771484 0.852539 0.078125 0.852539 0.0849609 0.853516 0.0859375 0.853516 0.0888672 0.854492 0.0898438 0.854492 0.0908203 0.858398 0.0947266 0.859375 0.0947266 0.860352 0.0957031 0.861328 0.0947266 0.864258 0.0947266 0.864258 0.09375 0.865234 0.0927734 0.865234 0.0888672 0.866211 0.0878906 0.865234 0.0869141 0.865234 0.0839844 0.864258 0.0830078 0.864258 0.0810547 0.862305 0.0791016 0.862305 0.078125 0.861328 0.0771484 0.861328 0.0761719 0.857422 0.0722656
0 0.00878906 0.0605469 0.00878906 0.0615234 0.0078125 0.0625 0.00488281 0.0625 0 0.0673828 0 0.0683594 0.000976562 0.0693359 0.000976562 0.0722656 0 0.0732422 0 0.078125 0.000976562 0.0791016 0.000976562 0.0839844 0.00292969 0.0859375 0.00390625 0.0859375 0.00683594 0.0888672 0.0107422 0.0888672 0.0117188 0.0878906 0.0136719 0.0878906 0.0166016 0.0849609 0.0175781 0.0849609 0.0185547 0.0839844 0.0214844 0.0839844 0.0214844 0.0810547 0.0224609 0.0800781 0.0224609 0.0791016 0.0214844 0.0791016 0.0195312 0.0771484 0.0195312 0.0722656 0.0185547 0.0712891 0.0185547 0.0693359 0.0166016 0.0673828 0.0166016 0.0664062 0.015625 0.0654297 0.0146484 0.0654297 0.0136719 0.0644531 0.0126953 0.0644531 0.00976562 0.0615234 0.00976562 0.0605469
0 0.621094 0.366211 0.621094 0.368164 0.62207 0.369141 0.625977 0.369141 0.625977 0.367188 0.625 0.367188 0.624023 0.366211
0 0.178711 0.71582 0.177734 0.716797 0.173828 0.716797 0.171875 0.71875 0.170898 0.71875 0.167969 0.72168 0.167969 0.723633 0.166992 0.724609 0.166992 0.729492 0.167969 0.730469 0.167969 0.732422 0.168945 0.733398 0.169922 0.733398 0.170898 0.734375 0.171875 0.734375 0.172852 0.735352 0.175781 0.735352 0.177734 0.737305 0.183594 0.737305 0.18457 0.736328 0.185547 0.736328 0.188477 0.733398 0.188477 0.732422 0.191406 0.729492 0.191406 0.726562 0.19043 0.725586 0.19043 0.722656 0.189453 0.72168 0.189453 0.720703 0.188477 0.719727 0.1875 0.719727 0.185547 0.717773 0.181641 0.717773 0.180664 0.716797 0.179688 0.716797
0 0.772461 0.469727 0.771484 0.470703 0.769531 0.470703 0.768555 0.47168 0.766602 0.47168 0.764648 0.473633 0.764648 0.474609 0.763672 0.475586 0.762695 0.475586 0.762695 0.478516 0.763672 0.479492 0.762695 0.480469 0.762695 0.483398 0.763672 0.484375 0.763672 0.485352 0.764648 0.486328 0.764648 0.487305 0.769531 0.492188 0.770508 0.492188 0.774414 0.496094 0.775391 0.496094 0.776367 0.495117 0.77832 0.495117 0.77832 0.494141 0.780273 0.492188 0.780273 0.491211 0.78125 0.490234 0.78125 0.489258 0.782227 0.488281 0.782227 0.487305 0.783203 0.486328 0.783203 0.479492 0.782227 0.478516 0.782227 0.476562 0.78125 0.475586 0.78125 0.474609 0.780273 0.473633 0.780273 0.472656 0.779297 0.472656 0.77832 0.47168 0.777344 0.47168 0.776367 0.470703 0.775391 0.470703 0.774414 0.469727
0 0.216797 0.626953 0.21582 0.62793 0.214844 0.62793 0.214844 0.632812 0.216797 0.634766 0.216797 0.635742 0.217773 0.636719 0.217773 0.637695 0.21875 0.638672 0.21875 0.639648 0.223633 0.644531 0.224609 0.644531 0.225586 0.645508 0.226562 0.645508 0.227539 0.646484 0.228516 0.646484 0.229492 0.647461 0.236328 0.647461 0.236328 0.646484 0.237305 0.645508 0.237305 0.644531 0.236328 0.643555 0.236328 0.641602 0.235352 0.640625 0.235352 0.638672 0.233398 0.636719 0.233398 0.635742 0.232422 0.634766 0.232422 0.633789 0.231445 0.632812 0.230469 0.632812 0.227539 0.629883 0.226562 0.629883 0.225586 0.628906 0.224609 0.628906 0.223633 0.62793 0.222656 0.62793 0.22168 0.626953
0 0.206055 0.318359 0.206055 0.320312 0.205078 0.321289 0.205078 0.323242 0.207031 0.325195 0.210938 0.325195 0.211914 0.324219 0.211914 0.320312 0.209961 0.320312 0.208984 0.319336 0.208984 0.318359
0 0.195312 0.304688 0.195312 0.308594 0.197266 0.310547 0.197266 0.311523 0.200195 0.311523 0.202148 0.30957 0.202148 0.305664 0.201172 0.304688
0 0.828125 0.861328 0.826172 0.863281 0.825195 0.863281 0.825195 0.864258 0.823242 0.866211 0.823242 0.869141 0.822266 0.870117 0.822266 0.878906 0.823242 0.879883 0.823242 0.883789 0.824219 0.884766 0.824219 0.886719 0.828125 0.886719 0.829102 0.885742 0.832031 0.885742 0.834961 0.882812 0.834961 0.880859 0.835938 0.879883 0.835938 0.878906 0.836914 0.87793 0.836914 0.874023 0.837891 0.873047 0.837891 0.871094 0.836914 0.870117 0.836914 0.867188 0.835938 0.866211 0.835938 0.864258 0.834961 0.863281 0.834961 0.861328
0 0.620117 0.359375 0.620117 0.364258 0.621094 0.364258 0.62207 0.365234 0.624023 0.365234 0.625 0.364258 0.625 0.359375
0 0.220703 0.290039 0.219727 0.291016 0.21875 0.291016 0.21875 0.291992 0.217773 0.292969 0.217773 0.296875 0.21875 0.296875 0.220703 0.298828 0.224609 0.298828 0.226562 0.296875 0.226562 0.290039
0 0.645508 0.641602 0.645508 0.645508 0.648438 0.645508 0.649414 0.644531 0.649414 0.641602
0 0.699219 0.619141 0.698242 0.620117 0.696289 0.620117 0.695312 0.621094 0.694336 0.621094 0.693359 0.62207 0.693359 0.623047 0.692383 0.624023 0.692383 0.625 0.69043 0.626953 0.69043 0.633789 0.691406 0.634766 0.691406 0.635742 0.693359 0.637695 0.695312 0.637695 0.697266 0.639648 0.698242 0.639648 0.699219 0.640625 0.706055 0.640625 0.707031 0.639648 0.708008 0.639648 0.708984 0.640625 0.708984 0.641602 0.710938 0.641602 0.709961 0.640625 0.711914 0.638672 0.712891 0.638672 0.712891 0.637695 0.713867 0.636719 0.713867 0.634766 0.714844 0.633789 0.714844 0.628906 0.713867 0.62793 0.713867 0.625977 0.712891 0.625 0.712891 0.624023 0.711914 0.623047 0.710938 0.623047 0.708984 0.621094 0.706055 0.621094 0.705078 0.620117 0.704102 0.620117 0.703125 0.619141
0 0.995117 0.0117188 0.995117 0.0126953 0.994141 0.0136719 0.993164 0.0136719 0.993164 0.0146484 0.992188 0.015625 0.992188 0.0166016 0.991211 0.0175781 0.990234 0.0175781 0.986328 0.0214844 0.986328 0.0234375 0.985352 0.0244141 0.985352 0.03125 0.986328 0.0322266 0.986328 0.0332031 0.988281 0.0351562 0.989258 0.0351562 0.991211 0.0371094 0.993164 0.0371094 0.994141 0.0380859 0.999023 0.0380859 0.999023 0.0185547 0.998047 0.0175781 0.998047 0.0117188
0 0.386719 0.678711 0.385742 0.679688 0.384766 0.679688 0.383789 0.680664 0.382812 0.680664 0.382812 0.682617 0.381836 0.683594 0.381836 0.6875 0.382812 0.688477 0.382812 0.689453 0.383789 0.689453 0.384766 0.69043 0.385742 0.689453 0.389648 0.689453 0.392578 0.686523 0.392578 0.680664 0.391602 0.679688 0.389648 0.679688 0.388672 0.678711
0 0.227539 0.287109 0.227539 0.296875 0.231445 0.296875 0.231445 0.293945 0.232422 0.292969 0.232422 0.288086 0.231445 0.287109
0 0.197266 0.318359 0.196289 0.319336 0.196289 0.322266 0.197266 0.323242 0.203125 0.323242 0.203125 0.320312 0.202148 0.319336 0.201172 0.319336 0.200195 0.318359
0 0.194336 0.324219 0.193359 0.325195 0.193359 0.328125 0.194336 0.329102 0.201172 0.329102 0.201172 0.325195 0.200195 0.324219
0 0.634766 0.37793 0.633789 0.378906 0.633789 0.383789 0.634766 0.384766 0.638672 0.384766 0.639648 0.383789 0.639648 0.378906 0.638672 0.37793
0 0.325195 0.179688 0.324219 0.180664 0.324219 0.182617 0.325195 0.182617 0.326172 0.183594 0.326172 0.186523 0.328125 0.186523 0.329102 0.185547 0.329102 0.180664 0.328125 0.179688
0 0.520508 0.658203 0.519531 0.65918 0.517578 0.65918 0.517578 0.660156 0.515625 0.662109 0.514648 0.662109 0.513672 0.663086 0.513672 0.664062 0.512695 0.665039 0.512695 0.666992 0.511719 0.667969 0.511719 0.668945 0.510742 0.669922 0.510742 0.673828 0.512695 0.675781 0.512695 0.676758 0.513672 0.677734 0.515625 0.677734 0.516602 0.678711 0.517578 0.678711 0.518555 0.679688 0.521484 0.679688 0.522461 0.678711 0.523438 0.679688 0.525391 0.677734 0.527344 0.677734 0.529297 0.675781 0.529297 0.674805 0.530273 0.673828 0.530273 0.672852 0.53125 0.671875 0.53125 0.669922 0.532227 0.668945 0.532227 0.666016 0.53125 0.665039 0.53125 0.662109 0.52832 0.65918 0.527344 0.65918 0.526367 0.658203
0 0.269531 0.730469 0.268555 0.731445 0.267578 0.731445 0.265625 0.733398 0.264648 0.733398 0.261719 0.736328 0.260742 0.736328 0.259766 0.737305 0.259766 0.739258 0.258789 0.740234 0.258789 0.745117 0.259766 0.746094 0.259766 0.749023 0.260742 0.75 0.261719 0.75 0.262695 0.750977 0.263672 0.750977 0.264648 0.751953 0.275391 0.751953 0.27832 0.749023 0.279297 0.749023 0.280273 0.748047 0.28125 0.748047 0.283203 0.746094 0.283203 0.737305 0.282227 0.736328 0.282227 0.733398 0.28125 0.733398 0.279297 0.731445 0.27832 0.731445 0.277344 0.730469
0 0.447266 0.671875 0.445312 0.673828 0.445312 0.674805 0.444336 0.675781 0.444336 0.676758 0.445312 0.677734 0.445312 0.680664 0.446289 0.680664 0.447266 0.681641 0.448242 0.681641 0.449219 0.682617 0.451172 0.682617 0.452148 0.681641 0.452148 0.674805 0.450195 0.672852 0.449219 0.672852 0.448242 0.671875
0 0.100586 0.972656 0.0996094 0.973633 0.0986328 0.973633 0.0976562 0.974609 0.0976562 0.977539 0.0996094 0.977539 0.100586 0.978516 0.100586 0.979492 0.101562 0.980469 0.102539 0.980469 0.103516 0.981445 0.108398 0.981445 0.109375 0.980469 0.109375 0.975586 0.108398 0.974609 0.108398 0.973633 0.107422 0.973633 0.106445 0.972656
0 0.363281 0.270508 0.363281 0.271484 0.358398 0.276367 0.358398 0.277344 0.357422 0.27832 0.357422 0.286133 0.359375 0.288086 0.360352 0.288086 0.361328 0.289062 0.362305 0.289062 0.363281 0.290039 0.366211 0.290039 0.367188 0.289062 0.369141 0.289062 0.369141 0.288086 0.370117 0.287109 0.370117 0.285156 0.371094 0.28418 0.371094 0.277344 0.370117 0.276367 0.370117 0.274414 0.369141 0.273438 0.369141 0.271484 0.368164 0.270508
0 0.84375 0.298828 0.842773 0.299805 0.841797 0.299805 0.84082 0.300781 0.839844 0.300781 0.839844 0.301758 0.837891 0.303711 0.837891 0.304688 0.836914 0.305664 0.836914 0.307617 0.835938 0.308594 0.835938 0.314453 0.836914 0.31543 0.836914 0.318359 0.837891 0.319336 0.837891 0.320312 0.838867 0.320312 0.839844 0.321289 0.839844 0.322266 0.844727 0.327148 0.84668 0.327148 0.847656 0.328125 0.852539 0.328125 0.854492 0.326172 0.854492 0.325195 0.855469 0.324219 0.855469 0.317383 0.856445 0.316406 0.855469 0.316406 0.853516 0.314453 0.853516 0.307617 0.852539 0.306641 0.852539 0.305664 0.851562 0.304688 0.851562 0.303711 0.84668 0.298828
0 0.610352 0.0507812 0.606445 0.0546875 0.606445 0.0566406 0.604492 0.0585938 0.604492 0.0625 0.605469 0.0634766 0.605469 0.0673828 0.606445 0.0683594 0.606445 0.0693359 0.609375 0.0722656 0.609375 0.0732422 0.613281 0.0771484 0.615234 0.0771484 0.616211 0.078125 0.624023 0.078125 0.626953 0.0751953 0.62793 0.0751953 0.62793 0.0732422 0.628906 0.0722656 0.628906 0.0644531 0.62793 0.0634766 0.62793 0.0615234 0.625977 0.0595703 0.625977 0.0585938 0.620117 0.0527344 0.618164 0.0527344 0.617188 0.0517578 0.615234 0.0517578 0.614258 0.0507812
0 0.985352 0.0771484 0.984375 0.078125 0.983398 0.078125 0.982422 0.0791016 0.981445 0.0791016 0.979492 0.0810547 0.977539 0.0810547 0.975586 0.0830078 0.975586 0.0839844 0.973633 0.0859375 0.973633 0.0878906 0.972656 0.0888672 0.972656 0.0898438 0.973633 0.0908203 0.973633 0.09375 0.974609 0.0947266 0.974609 0.0957031 0.975586 0.0957031 0.981445 0.101562 0.986328 0.101562 0.987305 0.100586 0.989258 0.100586 0.990234 0.0996094 0.991211 0.0996094 0.99707 0.09375 0.99707 0.0908203 0.998047 0.0898438 0.998047 0.0859375 0.99707 0.0849609 0.99707 0.0830078 0.996094 0.0820312 0.996094 0.0810547 0.994141 0.0791016 0.994141 0.078125 0.993164 0.0771484
0 0.191406 0.310547 0.191406 0.31543 0.196289 0.31543 0.196289 0.310547
0 0.584961 0.719727 0.581055 0.723633 0.581055 0.728516 0.580078 0.729492 0.581055 0.730469 0.581055 0.732422 0.582031 0.733398 0.582031 0.735352 0.581055 0.736328 0.581055 0.737305 0.583008 0.739258 0.583008 0.740234 0.583984 0.741211 0.583984 0.742188 0.584961 0.743164 0.587891 0.743164 0.588867 0.742188 0.591797 0.742188 0.595703 0.738281 0.59668 0.738281 0.59668 0.737305 0.597656 0.736328 0.59668 0.735352 0.59668 0.724609 0.592773 0.720703 0.591797 0.720703 0.59082 0.719727
0 0.81543 0.0322266 0.81543 0.0361328 0.816406 0.0361328 0.817383 0.0371094 0.820312 0.0371094 0.820312 0.0322266
0 0.785156 0.230469 0.78418 0.231445 0.783203 0.231445 0.782227 0.232422 0.78125 0.232422 0.77832 0.235352 0.777344 0.235352 0.775391 0.237305 0.775391 0.238281 0.773438 0.240234 0.773438 0.241211 0.772461 0.242188 0.772461 0.248047 0.773438 0.249023 0.773438 0.25 0.774414 0.250977 0.774414 0.251953 0.775391 0.25293 0.776367 0.25293 0.777344 0.253906 0.779297 0.253906 0.780273 0.254883 0.783203 0.254883 0.786133 0.251953 0.787109 0.251953 0.788086 0.250977 0.788086 0.25 0.789062 0.249023 0.789062 0.248047 0.790039 0.24707 0.791992 0.24707 0.791992 0.245117 0.792969 0.244141 0.792969 0.242188 0.793945 0.241211 0.793945 0.236328 0.791992 0.234375 0.790039 0.234375 0.788086 0.232422 0.787109 0.232422
