0 0.48125 0.09375 0.478125 0.0976562 0.475 0.0976562 0.471875 0.101562 0.4625 0.101562 0.459375 0.105469 0.459375 0.125 0.45625 0.128906 0.45625 0.136719 0.453125 0.140625 0.453125 0.144531 0.465625 0.160156 0.46875 0.160156 0.471875 0.164062 0.484375 0.164062 0.496875 0.148438 0.5 0.148438 0.50625 0.140625 0.50625 0.109375 0.49375 0.09375
0 0.990625 0.972656 0.984375 0.980469 0.978125 0.980469 0.975 0.984375 0.959375 0.984375 0.95625 0.988281 0.95625 0.996094 0.996875 0.996094 0.996875 0.972656
0 0.3375 0.535156 0.325 0.550781 0.325 0.554688 0.315625 0.566406 0.315625 0.578125 0.3125 0.582031 0.3125 0.589844 0.309375 0.59375 0.309375 0.597656 0.315625 0.605469 0.321875 0.605469 0.325 0.609375 0.328125 0.609375 0.33125 0.605469 0.334375 0.605469 0.34375 0.59375 0.34375 0.574219 0.346875 0.570312 0.346875 0.539062 0.34375 0.535156
0 0.696875 0.660156 0.69375 0.664062 0.690625 0.664062 0.68125 0.675781 0.68125 0.683594 0.678125 0.6875 0.678125 0.703125 0.6875 0.714844 0.690625 0.714844 0.696875 0.722656 0.7 0.722656 0.703125 0.726562 0.715625 0.726562 0.71875 0.722656 0.721875 0.722656 0.734375 0.707031 0.734375 0.695312 0.7375 0.691406 0.7375 0.683594 0.740625 0.679688 0.740625 0.667969 0.734375 0.660156
0 0.353125 0.738281 0.34375 0.75 0.34375 0.753906 0.3375 0.761719 0.3375 0.800781 0.346875 0.8125 0.35 0.8125 0.353125 0.816406 0.3625 0.816406 0.365625 0.8125 0.371875 0.8125 0.378125 0.804688 0.378125 0.757812 0.375 0.753906 0.375 0.75 0.371875 0.746094 0.36875 0.746094 0.365625 0.742188 0.3625 0.742188 0.359375 0.738281
0 0.071875 0.121094 0.06875 0.125 0.065625 0.125 0.059375 0.132812 0.05625 0.132812 0.053125 0.136719 0.053125 0.148438 0.05 0.152344 0.05 0.164062 0.053125 0.167969 0.053125 0.179688 0.05625 0.183594 0.078125 0.183594 0.084375 0.175781 0.0875 0.175781 0.090625 0.171875 0.090625 0.148438 0.09375 0.144531 0.09375 0.128906 0.090625 0.125 0.0875 0.125 0.084375 0.121094
0 0.353125 0.101562 0.34375 0.113281 0.34375 0.121094 0.3375 0.128906 0.3375 0.15625 0.340625 0.160156 0.340625 0.164062 0.34375 0.164062 0.35 0.171875 0.35625 0.171875 0.359375 0.175781 0.371875 0.175781 0.38125 0.164062 0.384375 0.164062 0.39375 0.152344 0.39375 0.132812 0.3875 0.125 0.3875 0.121094 0.384375 0.117188 0.384375 0.113281 0.38125 0.109375 0.378125 0.109375 0.375 0.105469 0.371875 0.105469 0.36875 0.101562
0 0.815625 0.109375 0.8125 0.113281 0.78125 0.113281 0.76875 0.128906 0.76875 0.144531 0.765625 0.148438 0.765625 0.160156 0.76875 0.164062 0.76875 0.167969 0.775 0.175781 0.775 0.179688 0.78125 0.1875 0.78125 0.191406 0.784375 0.195312 0.784375 0.199219 0.7875 0.203125 0.790625 0.203125 0.796875 0.210938 0.809375 0.210938 0.8125 0.207031 0.8125 0.199219 0.81875 0.191406 0.825 0.191406 0.828125 0.1875 0.834375 0.1875 0.8375 0.183594 0.840625 0.183594 0.846875 0.175781 0.846875 0.171875 0.85 0.167969 0.85 0.164062 0.859375 0.152344 0.859375 0.144531 0.853125 0.136719 0.853125 0.132812 0.85 0.128906 0.846875 0.128906 0.8375 0.117188 0.83125 0.117188 0.825 0.109375
0 0.33125 0.945312 0.328125 0.949219 0.328125 0.953125 0.325 0.957031 0.325 0.980469 0.328125 0.984375 0.3375 0.984375 0.340625 0.988281 0.346875 0.988281 0.35 0.984375 0.35 0.972656 0.346875 0.96875 0.346875 0.964844 0.34375 0.960938 0.34375 0.957031 0.340625 0.953125 0.340625 0.949219 0.3375 0.945312
0 0.871875 0.414062 0.865625 0.421875 0.865625 0.433594 0.8625 0.4375 0.8625 0.449219 0.865625 0.453125 0.871875 0.453125 0.875 0.449219 0.88125 0.449219 0.884375 0.445312 0.884375 0.417969 0.88125 0.414062
0 0.665625 0.511719 0.65625 0.523438 0.65625 0.527344 0.653125 0.53125 0.653125 0.539062 0.65625 0.542969 0.65625 0.550781 0.659375 0.554688 0.659375 0.558594 0.6625 0.5625 0.6625 0.566406 0.68125 0.589844 0.7 0.589844 0.703125 0.585938 0.703125 0.582031 0.7 0.578125 0.7 0.566406 0.696875 0.5625 0.696875 0.558594 0.690625 0.550781 0.690625 0.539062 0.6875 0.535156 0.6875 0.523438 0.68125 0.515625 0.678125 0.515625 0.675 0.511719
0 0.859375 0.488281 0.85625 0.492188 0.853125 0.492188 0.85 0.496094 0.846875 0.496094 0.834375 0.511719 0.83125 0.511719 0.8125 0.535156 0.809375 0.535156 0.8 0.546875 0.8 0.554688 0.80625 0.5625 0.80625 0.566406 0.815625 0.578125 0.81875 0.578125 0.821875 0.582031 0.8375 0.582031 0.840625 0.578125 0.84375 0.578125 0.846875 0.574219 0.85 0.574219 0.859375 0.5625 0.8625 0.5625 0.878125 0.542969 0.878125 0.539062 0.88125 0.535156 0.88125 0.527344 0.878125 0.523438 0.878125 0.496094 0.875 0.492188 0.86875 0.492188 0.865625 0.488281
0 0.38125 0.558594 0.378125 0.5625 0.375 0.5625 0.371875 0.566406 0.371875 0.570312 0.36875 0.574219 0.36875 0.585938 0.365625 0.589844 0.365625 0.59375 0.3625 0.597656 0.3625 0.601562 0.359375 0.605469 0.359375 0.613281 0.35625 0.617188 0.35625 0.640625 0.353125 0.644531 0.353125 0.667969 0.359375 0.675781 0.365625 0.675781 0.36875 0.671875 0.375 0.671875 0.378125 0.667969 0.384375 0.667969 0.390625 0.660156 0.390625 0.648438 0.39375 0.644531 0.39375 0.636719 0.396875 0.632812 0.396875 0.628906 0.4125 0.609375 0.4125 0.601562 0.409375 0.597656 0.409375 0.59375 0.40625 0.589844 0.40625 0.578125 0.390625 0.558594
0 0.175 0.519531 0.171875 0.523438 0.1625 0.523438 0.159375 0.527344 0.15625 0.527344 0.146875 0.539062 0.146875 0.546875 0.15 0.550781 0.15 0.5625 0.1625 0.578125 0.1625 0.585938 0.165625 0.589844 0.16875 0.589844 0.171875 0.59375 0.190625 0.59375 0.19375 0.589844 0.196875 0.589844 0.203125 0.582031 0.20625 0.582031 0.215625 0.570312 0.215625 0.554688 0.21875 0.550781 0.21875 0.535156 0.215625 0.53125 0.203125 0.53125 0.2 0.527344 0.196875 0.527344 0.19375 0.523438 0.184375 0.523438 0.18125 0.519531
0 0.859375 0.277344 0.85625 0.28125 0.853125 0.28125 0.846875 0.289062 0.846875 0.296875 0.84375 0.300781 0.84375 0.304688 0.834375 0.316406 0.834375 0.320312 0.83125 0.324219 0.83125 0.34375 0.834375 0.347656 0.840625 0.347656 0.84375 0.351562 0.859375 0.351562 0.865625 0.34375 0.865625 0.339844 0.871875 0.332031 0.871875 0.328125 0.878125 0.320312 0.878125 0.316406 0.88125 0.3125 0.88125 0.292969 0.871875 0.28125 0.86875 0.28125 0.865625 0.277344
0 0.4125 0.0429688 0.40625 0.0507812 0.40625 0.0625 0.409375 0.0664062 0.41875 0.0664062 0.421875 0.0703125 0.425 0.0703125 0.425 0.0546875 0.428125 0.0507812 0.428125 0.046875 0.425 0.0429688
0 0.1875 0.148438 0.184375 0.152344 0.184375 0.15625 0.18125 0.160156 0.18125 0.164062 0.178125 0.167969 0.178125 0.183594 0.1625 0.203125 0.153125 0.203125 0.146875 0.210938 0.14375 0.210938 0.134375 0.222656 0.134375 0.234375 0.140625 0.242188 0.140625 0.246094 0.14375 0.25 0.153125 0.25 0.15625 0.253906 0.175 0.253906 0.178125 0.25 0.184375 0.25 0.190625 0.242188 0.19375 0.242188 0.2 0.234375 0.203125 0.234375 0.209375 0.226562 0.2125 0.226562 0.215625 0.222656 0.215625 0.21875 0.21875 0.214844 0.21875 0.210938 0.225 0.203125 0.225 0.160156 0.21875 0.152344 0.215625 0.152344 0.2125 0.148438
0 0.903125 0.957031 0.9 0.960938 0.89375 0.960938 0.890625 0.964844 0.890625 0.972656 0.89375 0.976562 0.9125 0.976562 0.915625 0.972656 0.915625 0.964844 0.909375 0.957031
0 0.209375 0.34375 0.20625 0.347656 0.203125 0.347656 0.2 0.351562 0.2 0.375 0.203125 0.378906 0.203125 0.382812 0.209375 0.390625 0.209375 0.394531 0.215625 0.402344 0.215625 0.40625 0.221875 0.414062 0.225 0.414062 0.23125 0.421875 0.25625 0.421875 0.2625 0.414062 0.2625 0.386719 0.24375 0.363281 0.2375 0.363281 0.225 0.347656 0.21875 0.347656 0.215625 0.34375
0 0.65 0.84375 0.646875 0.847656 0.64375 0.847656 0.640625 0.851562 0.6375 0.851562 0.63125 0.859375 0.63125 0.867188 0.6375 0.875 0.653125 0.875 0.65625 0.871094 0.659375 0.871094 0.6625 0.867188 0.6625 0.847656 0.659375 0.84375
0 0.703125 0.84375 0.696875 0.851562 0.696875 0.855469 0.69375 0.859375 0.69375 0.867188 0.696875 0.871094 0.696875 0.875 0.703125 0.882812 0.7125 0.882812 0.71875 0.875 0.71875 0.863281 0.715625 0.859375 0.715625 0.851562 0.709375 0.84375
0 0.521875 0.777344 0.51875 0.78125 0.515625 0.78125 0.5125 0.785156 0.509375 0.785156 0.503125 0.792969 0.503125 0.796875 0.5 0.800781 0.5 0.804688 0.4875 0.820312 0.48125 0.820312 0.478125 0.824219 0.475 0.824219 0.471875 0.828125 0.471875 0.832031 0.46875 0.835938 0.46875 0.847656 0.471875 0.851562 0.471875 0.855469 0.484375 0.871094 0.4875 0.871094 0.49375 0.878906 0.496875 0.875 0.509375 0.875 0.5125 0.878906 0.54375 0.878906 0.546875 0.875 0.56875 0.875 0.571875 0.871094 0.571875 0.867188 0.578125 0.859375 0.58125 0.859375 0.584375 0.855469 0.603125 0.855469 0.60625 0.851562 0.60625 0.84375 0.603125 0.839844 0.603125 0.832031 0.596875 0.824219 0.59375 0.824219 0.58125 0.808594 0.58125 0.804688 0.578125 0.800781 0.575 0.800781 0.5625 0.785156 0.559375 0.785156 0.55625 0.78125 0.55 0.78125 0.546875 0.777344
0 0.14375 0.71875 0.140625 0.722656 0.1375 0.722656 0.134375 0.726562 0.125 0.726562 0.11875 0.734375 0.11875 0.738281 0.10625 0.753906 0.10625 0.765625 0.103125 0.769531 0.103125 0.777344 0.109375 0.785156 0.115625 0.785156 0.121875 0.792969 0.146875 0.792969 0.15 0.789062 0.15 0.785156 0.1625 0.769531 0.165625 0.769531 0.171875 0.761719 0.171875 0.753906 0.175 0.75 0.175 0.742188 0.1625 0.726562 0.159375 0.726562 0.153125 0.71875
0 0.65 0.214844 0.646875 0.21875 0.6375 0.21875 0.63125 0.226562 0.63125 0.230469 0.625 0.238281 0.625 0.242188 0.61875 0.25 0.61875 0.289062 0.621875 0.292969 0.625 0.292969 0.628125 0.296875 0.65 0.296875 0.653125 0.292969 0.659375 0.292969 0.665625 0.285156 0.66875 0.285156 0.671875 0.28125 0.675 0.28125 0.678125 0.277344 0.68125 0.277344 0.684375 0.273438 0.684375 0.269531 0.6875 0.265625 0.6875 0.261719 0.690625 0.257812 0.690625 0.253906 0.6875 0.25 0.6875 0.238281 0.678125 0.226562 0.678125 0.222656 0.671875 0.214844
0 0.56875 0.183594 0.565625 0.1875 0.5625 0.1875 0.55625 0.195312 0.55625 0.203125 0.553125 0.207031 0.553125 0.25 0.559375 0.257812 0.565625 0.257812 0.56875 0.253906 0.571875 0.253906 0.575 0.25 0.578125 0.25 0.58125 0.253906 0.584375 0.253906 0.5875 0.25 0.59375 0.25 0.596875 0.246094 0.596875 0.203125 0.58125 0.183594
0 0.453125 0.933594 0.45 0.9375 0.45 0.941406 0.446875 0.945312 0.446875 0.953125 0.45 0.957031 0.45 0.960938 0.45625 0.96875 0.459375 0.96875 0.4625 0.972656 0.48125 0.972656 0.4875 0.964844 0.4875 0.9375 0.484375 0.933594
0 0 0.445312 0 0.53125 0.003125 0.53125 0.0125 0.519531 0.015625 0.519531 0.01875 0.515625 0.021875 0.515625 0.025 0.511719 0.03125 0.511719 0.034375 0.507812 0.0375 0.507812 0.04375 0.5 0.046875 0.5 0.053125 0.492188 0.053125 0.46875 0.046875 0.460938 0.040625 0.460938 0.034375 0.453125 0.03125 0.453125 0.028125 0.449219 0.015625 0.449219 0.0125 0.445312
0 0.240625 0.652344 0.2375 0.65625 0.2375 0.664062 0.234375 0.667969 0.234375 0.671875 0.23125 0.675781 0.23125 0.683594 0.225 0.691406 0.225 0.695312 0.215625 0.707031 0.215625 0.734375 0.225 0.746094 0.225 0.75 0.228125 0.753906 0.234375 0.753906 0.2375 0.757812 0.246875 0.757812 0.253125 0.75 0.25625 0.75 0.259375 0.746094 0.2625 0.746094 0.265625 0.742188 0.265625 0.738281 0.26875 0.734375 0.26875 0.730469 0.271875 0.726562 0.271875 0.699219 0.275 0.695312 0.275 0.675781 0.271875 0.671875 0.271875 0.664062 0.26875 0.660156 0.265625 0.660156 0.259375 0.652344
0 0.565625 0.015625 0.5625 0.0195312 0.55625 0.0195312 0.553125 0.0234375 0.54375 0.0234375 0.5375 0.03125 0.53125 0.03125 0.528125 0.0351562 0.521875 0.0351562 0.51875 0.0390625 0.5125 0.0390625 0.503125 0.0507812 0.5 0.0507812 0.496875 0.0546875 0.490625 0.0546875 0.48125 0.0664062 0.48125 0.0742188 0.484375 0.078125 0.5125 0.078125 0.515625 0.0742188 0.521875 0.0742188 0.528125 0.0820312 0.55625 0.0820312 0.5625 0.0742188 0.5625 0.0703125 0.565625 0.0664062 0.565625 0.0390625 0.571875 0.03125 0.575 0.03125 0.578125 0.0273438 0.578125 0.0195312 0.575 0.015625
0 0.41875 0.292969 0.415625 0.296875 0.415625 0.300781 0.40625 0.3125 0.403125 0.3125 0.396875 0.320312 0.39375 0.320312 0.3875 0.328125 0.3875 0.332031 0.38125 0.339844 0.38125 0.34375 0.378125 0.347656 0.378125 0.363281 0.38125 0.367188 0.421875 0.367188 0.425 0.363281 0.428125 0.363281 0.43125 0.359375 0.434375 0.359375 0.440625 0.351562 0.440625 0.347656 0.44375 0.34375 0.44375 0.339844 0.446875 0.335938 0.446875 0.324219 0.45 0.320312 0.45 0.316406 0.453125 0.3125 0.453125 0.304688 0.45 0.300781 0.434375 0.300781 0.43125 0.296875 0.421875 0.296875
0 0.74375 0.546875 0.740625 0.550781 0.740625 0.5625 0.7375 0.566406 0.7375 0.574219 0.734375 0.578125 0.734375 0.625 0.7375 0.628906 0.740625 0.628906 0.74375 0.632812 0.746875 0.632812 0.75 0.628906 0.753125 0.628906 0.759375 0.621094 0.7625 0.621094 0.76875 0.613281 0.771875 0.613281 0.778125 0.605469 0.778125 0.601562 0.78125 0.597656 0.78125 0.574219 0.771875 0.5625 0.771875 0.558594 0.765625 0.550781 0.7625 0.550781 0.759375 0.546875
0 0.75625 0.699219 0.746875 0.710938 0.746875 0.726562 0.75 0.730469 0.75 0.757812 0.75625 0.765625 0.759375 0.765625 0.7625 0.769531 0.775 0.769531 0.778125 0.765625 0.784375 0.765625 0.790625 0.757812 0.79375 0.757812 0.803125 0.746094 0.803125 0.722656 0.796875 0.714844 0.790625 0.714844 0.7875 0.710938 0.78125 0.710938 0.771875 0.699219
0 0.378125 0.015625 0.371875 0.0234375 0.371875 0.0390625 0.38125 0.0507812 0.390625 0.0507812 0.39375 0.046875 0.39375 0.0273438 0.384375 0.015625
0 0.18125 0.761719 0.175 0.769531 0.16875 0.769531 0.165625 0.773438 0.1625 0.773438 0.153125 0.785156 0.153125 0.789062 0.15625 0.792969 0.15625 0.796875 0.153125 0.800781 0.153125 0.8125 0.15625 0.816406 0.15625 0.824219 0.159375 0.828125 0.178125 0.828125 0.184375 0.820312 0.1875 0.820312 0.203125 0.800781 0.203125 0.796875 0.20625 0.792969 0.20625 0.789062 0.203125 0.785156 0.203125 0.773438 0.19375 0.761719
0 0.428125 0.535156 0.421875 0.542969 0.41875 0.542969 0.415625 0.546875 0.415625 0.566406 0.43125 0.585938 0.434375 0.585938 0.4375 0.589844 0.440625 0.589844 0.44375 0.585938 0.44375 0.582031 0.453125 0.570312 0.453125 0.554688 0.4375 0.535156
0 0.034375 0.28125 0.03125 0.285156 0.03125 0.3125 0.034375 0.316406 0.04375 0.316406 0.05 0.308594 0.05 0.300781 0.046875 0.296875 0.046875 0.285156 0.04375 0.28125
0 0.753125 0.910156 0.734375 0.933594 0.725 0.933594 0.71875 0.941406 0.715625 0.941406 0.709375 0.949219 0.709375 0.953125 0.70625 0.957031 0.70625 0.960938 0.7125 0.96875 0.715625 0.96875 0.71875 0.972656 0.740625 0.972656 0.746875 0.964844 0.75 0.964844 0.75625 0.957031 0.75625 0.953125 0.759375 0.949219 0.759375 0.945312 0.765625 0.9375 0.765625 0.933594 0.7625 0.929688 0.7625 0.914062 0.759375 0.910156
0 0.796875 0.265625 0.790625 0.273438 0.7875 0.273438 0.778125 0.285156 0.778125 0.292969 0.78125 0.296875 0.78125 0.300781 0.784375 0.304688 0.790625 0.304688 0.796875 0.3125 0.8 0.3125 0.803125 0.308594 0.80625 0.308594 0.809375 0.304688 0.8125 0.304688 0.81875 0.296875 0.825 0.296875 0.83125 0.289062 0.83125 0.285156 0.81875 0.269531 0.815625 0.269531 0.8125 0.265625
0 0.084375 0.589844 0.08125 0.59375 0.075 0.59375 0.06875 0.601562 0.065625 0.601562 0.05625 0.613281 0.05625 0.617188 0.053125 0.621094 0.053125 0.625 0.05 0.628906 0.05 0.648438 0.053125 0.652344 0.053125 0.65625 0.05625 0.660156 0.05625 0.664062 0.06875 0.679688 0.084375 0.679688 0.09375 0.667969 0.1 0.667969 0.103125 0.664062 0.1125 0.664062 0.11875 0.65625 0.11875 0.652344 0.121875 0.648438 0.121875 0.640625 0.125 0.636719 0.125 0.632812 0.128125 0.628906 0.128125 0.625 0.13125 0.621094 0.13125 0.605469 0.128125 0.601562 0.121875 0.601562 0.11875 0.597656 0.115625 0.597656 0.1125 0.59375 0.1 0.59375 0.096875 0.589844
0 0.5625 0.898438 0.559375 0.902344 0.55625 0.902344 0.553125 0.90625 0.55 0.90625 0.54375 0.914062 0.54375 0.921875 0.540625 0.925781 0.540625 0.9375 0.54375 0.941406 0.54375 0.945312 0.553125 0.957031 0.565625 0.957031 0.56875 0.953125 0.575 0.953125 0.578125 0.949219 0.578125 0.945312 0.5875 0.933594 0.5875 0.902344 0.584375 0.898438
0 0.09375 0.273438 0.090625 0.277344 0.08125 0.277344 0.075 0.285156 0.075 0.300781 0.08125 0.308594 0.08125 0.3125 0.096875 0.332031 0.096875 0.359375 0.10625 0.371094 0.109375 0.371094 0.1125 0.375 0.11875 0.375 0.128125 0.363281 0.128125 0.359375 0.134375 0.351562 0.134375 0.339844 0.1375 0.335938 0.1375 0.328125 0.140625 0.324219 0.140625 0.300781 0.125 0.28125 0.121875 0.28125 0.11875 0.277344 0.115625 0.277344 0.1125 0.273438
0 0.29375 0.46875 0.28125 0.484375 0.28125 0.503906 0.284375 0.507812 0.284375 0.53125 0.2875 0.535156 0.2875 0.539062 0.29375 0.546875 0.303125 0.546875 0.30625 0.542969 0.3125 0.542969 0.315625 0.539062 0.31875 0.539062 0.321875 0.535156 0.325 0.535156 0.33125 0.527344 0.33125 0.523438 0.334375 0.519531 0.334375 0.503906 0.3375 0.5 0.3375 0.488281 0.328125 0.476562 0.321875 0.476562 0.31875 0.472656 0.315625 0.472656 0.3125 0.46875
0 0.246875 0.0585938 0.23125 0.078125 0.228125 0.078125 0.225 0.0820312 0.225 0.0859375 0.221875 0.0898438 0.221875 0.09375 0.21875 0.0976562 0.21875 0.109375 0.215625 0.113281 0.215625 0.132812 0.228125 0.148438 0.246875 0.148438 0.25 0.144531 0.253125 0.144531 0.259375 0.136719 0.2625 0.136719 0.26875 0.128906 0.26875 0.125 0.271875 0.121094 0.271875 0.0898438 0.26875 0.0859375 0.26875 0.0820312 0.2625 0.0742188 0.2625 0.0703125 0.259375 0.0664062 0.259375 0.0625 0.25625 0.0585938
0 0.75625 0.347656 0.753125 0.351562 0.75 0.351562 0.746875 0.355469 0.74375 0.355469 0.740625 0.359375 0.740625 0.363281 0.74375 0.367188 0.74375 0.414062 0.746875 0.417969 0.746875 0.421875 0.75 0.425781 0.75 0.4375 0.75625 0.445312 0.75625 0.449219 0.759375 0.453125 0.7625 0.453125 0.765625 0.457031 0.784375 0.457031 0.7875 0.453125 0.79375 0.453125 0.796875 0.449219 0.796875 0.445312 0.815625 0.421875 0.815625 0.394531 0.8125 0.390625 0.8125 0.386719 0.8 0.371094 0.796875 0.371094 0.79375 0.367188 0.790625 0.367188 0.778125 0.351562 0.775 0.351562 0.771875 0.347656
0 0.753125 0.796875 0.75 0.800781 0.746875 0.800781 0.740625 0.808594 0.7375 0.808594 0.725 0.824219 0.725 0.84375 0.74375 0.867188 0.746875 0.867188 0.75 0.871094 0.7625 0.871094 0.778125 0.851562 0.778125 0.8125 0.775 0.808594 0.775 0.800781 0.771875 0.796875
0 0.125 0.433594 0.11875 0.441406 0.1125 0.441406 0.109375 0.445312 0.10625 0.445312 0.103125 0.449219 0.103125 0.460938 0.125 0.488281 0.128125 0.488281 0.13125 0.492188 0.1375 0.492188 0.140625 0.488281 0.14375 0.488281 0.146875 0.484375 0.146875 0.476562 0.15 0.472656 0.15 0.460938 0.14375 0.453125 0.14375 0.449219 0.140625 0.445312 0.140625 0.441406 0.1375 0.4375 0.134375 0.4375 0.13125 0.433594
0 0.053125 0 0.053125 0.0078125 0.059375 0.015625 0.065625 0.015625 0.06875 0.0195312 0.071875 0.0195312 0.075 0.0234375 0.078125 0.0234375 0.08125 0.0273438 0.09375 0.0273438 0.096875 0.03125 0.103125 0.03125 0.1125 0.0195312 0.11875 0.0195312 0.121875 0.0234375 0.125 0.0234375 0.128125 0.0195312 0.13125 0.0195312 0.134375 0.015625 0.134375 0.0078125 0.13125 0.00390625 0.13125 0
0 0.684375 0.363281 0.68125 0.367188 0.675 0.367188 0.671875 0.371094 0.665625 0.371094 0.659375 0.378906 0.659375 0.390625 0.665625 0.398438 0.665625 0.402344 0.6625 0.40625 0.6625 0.425781 0.66875 0.433594 0.678125 0.433594 0.68125 0.429688 0.6875 0.429688 0.690625 0.425781 0.69375 0.425781 0.696875 0.421875 0.7 0.421875 0.703125 0.417969 0.703125 0.394531 0.70625 0.390625 0.70625 0.378906 0.69375 0.363281
0 0.309375 0.078125 0.30625 0.0820312 0.30625 0.09375 0.303125 0.0976562 0.303125 0.101562 0.30625 0.105469 0.30625 0.152344 0.303125 0.15625 0.303125 0.160156 0.3 0.164062 0.3 0.171875 0.3125 0.1875 0.31875 0.1875 0.321875 0.183594 0.325 0.183594 0.33125 0.175781 0.33125 0.171875 0.3375 0.164062 0.3375 0.160156 0.334375 0.15625 0.334375 0.128906 0.3375 0.125 0.334375 0.121094 0.334375 0.117188 0.33125 0.113281 0.33125 0.105469 0.328125 0.101562 0.328125 0.09375 0.325 0.0898438 0.325 0.0859375 0.31875 0.078125
0 0.5125 0.285156 0.509375 0.289062 0.509375 0.292969 0.503125 0.300781 0.503125 0.304688 0.5 0.308594 0.5 0.3125 0.496875 0.316406 0.496875 0.320312 0.503125 0.328125 0.503125 0.335938 0.509375 0.34375 0.528125 0.34375 0.5375 0.332031 0.5375 0.328125 0.540625 0.324219 0.540625 0.292969 0.534375 0.285156
0 0.06875 0.210938 0.0625 0.21875 0.059375 0.21875 0.053125 0.226562 0.053125 0.230469 0.040625 0.246094 0.040625 0.269531 0.04375 0.273438 0.084375 0.273438 0.090625 0.265625 0.09375 0.265625 0.096875 0.261719 0.096875 0.222656 0.0875 0.210938
0 0.58125 0.539062 0.578125 0.542969 0.575 0.542969 0.571875 0.546875 0.56875 0.546875 0.5625 0.554688 0.5625 0.558594 0.559375 0.5625 0.559375 0.566406 0.55625 0.570312 0.55625 0.589844 0.559375 0.59375 0.559375 0.597656 0.565625 0.605469 0.56875 0.605469 0.578125 0.617188 0.578125 0.621094 0.584375 0.628906 0.5875 0.628906 0.590625 0.632812 0.609375 0.632812 0.6125 0.628906 0.615625 0.628906 0.61875 0.625 0.621875 0.625 0.634375 0.609375 0.634375 0.605469 0.6375 0.601562 0.6375 0.578125 0.634375 0.574219 0.634375 0.570312 0.61875 0.550781 0.615625 0.550781 0.6125 0.546875 0.6 0.546875 0.59375 0.539062
0 0 0.0820312 0 0.160156 0.003125 0.160156 0.00625 0.15625 0.00625 0.152344 0.009375 0.148438 0.009375 0.144531 0.015625 0.136719 0.015625 0.132812 0.021875 0.125 0.021875 0.121094 0.025 0.117188 0.025 0.113281 0.028125 0.109375 0.028125 0.101562 0.025 0.0976562 0.025 0.09375 0.021875 0.0898438 0.01875 0.0898438 0.015625 0.0859375 0.0125 0.0859375 0.009375 0.0820312
0 0.159375 0.0585938 0.15 0.0703125 0.146875 0.0703125 0.140625 0.078125 0.140625 0.101562 0.1375 0.105469 0.1375 0.121094 0.146875 0.132812 0.146875 0.136719 0.15 0.140625 0.15625 0.140625 0.165625 0.128906 0.175 0.128906 0.184375 0.117188 0.184375 0.0898438 0.178125 0.0820312 0.178125 0.0742188 0.165625 0.0585938
0 0.26875 0 0.265625 0.00390625 0.265625 0.015625 0.26875 0.0195312 0.271875 0.0195312 0.2875 0
0 0.6125 0.0898438 0.609375 0.09375 0.609375 0.101562 0.60625 0.105469 0.60625 0.113281 0.603125 0.117188 0.603125 0.136719 0.60625 0.140625 0.615625 0.140625 0.621875 0.132812 0.621875 0.09375 0.61875 0.0898438
0 0.453125 0.351562 0.446875 0.359375 0.440625 0.359375 0.43125 0.371094 0.428125 0.371094 0.425 0.375 0.425 0.378906 0.415625 0.390625 0.415625 0.398438 0.41875 0.402344 0.425 0.402344 0.43125 0.410156 0.434375 0.410156 0.44375 0.421875 0.446875 0.421875 0.45 0.425781 0.453125 0.425781 0.4625 0.4375 0.465625 0.4375 0.46875 0.441406 0.5 0.441406 0.503125 0.4375 0.5125 0.4375 0.515625 0.433594 0.51875 0.433594 0.521875 0.429688 0.53125 0.429688 0.534375 0.425781 0.5375 0.425781 0.540625 0.421875 0.540625 0.398438 0.5375 0.394531 0.5375 0.390625 0.534375 0.386719 0.534375 0.382812 0.521875 0.367188 0.51875 0.367188 0.515625 0.363281 0.509375 0.363281 0.50625 0.359375 0.490625 0.359375 0.4875 0.355469 0.484375 0.355469 0.48125 0.351562
0 0.996875 0.269531 0.996875 0.277344 0.99375 0.28125 0.99375 0.285156 0.990625 0.289062 0.990625 0.292969 0.98125 0.304688 0.98125 0.3125 0.978125 0.316406 0.978125 0.320312 0.975 0.324219 0.975 0.328125 0.96875 0.335938 0.96875 0.351562 0.965625 0.355469 0.965625 0.363281 0.96875 0.367188 0.98125 0.367188 0.9875 0.359375 0.99375 0.359375 0.996875 0.355469
0 0.615625 0.90625 0.609375 0.914062 0.60625 0.914062 0.59375 0.929688 0.59375 0.964844 0.596875 0.96875 0.6 0.96875 0.603125 0.972656 0.60625 0.972656 0.609375 0.976562 0.6125 0.976562 0.615625 0.980469 0.61875 0.980469 0.621875 0.984375 0.628125 0.984375 0.63125 0.980469 0.634375 0.980469 0.646875 0.964844 0.646875 0.960938 0.65 0.957031 0.65 0.953125 0.653125 0.949219 0.653125 0.9375 0.64375 0.925781 0.64375 0.921875 0.63125 0.90625
0 0.4125 0.191406 0.409375 0.195312 0.40625 0.195312 0.403125 0.199219 0.4 0.199219 0.396875 0.203125 0.396875 0.226562 0.40625 0.238281 0.409375 0.238281 0.4125 0.242188 0.415625 0.242188 0.41875 0.246094 0.425 0.246094 0.428125 0.242188 0.43125 0.242188 0.434375 0.238281 0.4375 0.238281 0.440625 0.234375 0.44375 0.234375 0.446875 0.230469 0.446875 0.207031 0.44375 0.203125 0.44375 0.199219 0.4375 0.191406
0 0.478125 0.617188 0.471875 0.625 0.471875 0.648438 0.475 0.652344 0.475 0.660156 0.478125 0.664062 0.478125 0.667969 0.4875 0.679688 0.4875 0.683594 0.49375 0.691406 0.509375 0.691406 0.5125 0.6875 0.5125 0.675781 0.515625 0.671875 0.515625 0.664062 0.509375 0.65625 0.509375 0.636719 0.50625 0.632812 0.503125 0.632812 0.5 0.628906 0.49375 0.628906 0.484375 0.617188
0 0.44375 0.0351562 0.440625 0.0390625 0.4375 0.0390625 0.43125 0.046875 0.43125 0.0507812 0.428125 0.0546875 0.428125 0.0703125 0.43125 0.0742188 0.43125 0.078125 0.434375 0.0820312 0.4375 0.0820312 0.440625 0.0859375 0.45 0.0859375 0.453125 0.0820312 0.45625 0.0820312 0.459375 0.078125 0.459375 0.0703125 0.4625 0.0664062 0.4625 0.0507812 0.45 0.0351562
0 0.0875 0.0390625 0.084375 0.0429688 0.06875 0.0429688 0.065625 0.046875 0.0625 0.046875 0.059375 0.0507812 0.05625 0.0507812 0.046875 0.0625 0.046875 0.09375 0.05 0.0976562 0.08125 0.0976562 0.084375 0.09375 0.09375 0.09375 0.096875 0.0898438 0.096875 0.0429688 0.09375 0.0390625
0 0.78125 0.0546875 0.778125 0.0585938 0.778125 0.0664062 0.78125 0.0703125 0.7875 0.0703125 0.790625 0.0664062 0.790625 0.0585938 0.7875 0.0546875
0 0.44375 0.855469 0.4375 0.863281 0.43125 0.863281 0.428125 0.867188 0.41875 0.867188 0.415625 0.871094 0.415625 0.886719 0.421875 0.894531 0.421875 0.902344 0.428125 0.910156 0.428125 0.914062 0.4375 0.925781 0.4875 0.925781 0.490625 0.921875 0.490625 0.910156 0.4875 0.90625 0.4875 0.890625 0.490625 0.886719 0.490625 0.878906 0.4875 0.875 0.484375 0.875 0.471875 0.859375 0.465625 0.859375 0.4625 0.863281 0.45625 0.863281 0.45 0.855469
0 0.184375 0.644531 0.18125 0.648438 0.18125 0.671875 0.178125 0.675781 0.178125 0.691406 0.184375 0.699219 0.184375 0.703125 0.19375 0.714844 0.20625 0.714844 0.215625 0.703125 0.215625 0.691406 0.21875 0.6875 0.21875 0.671875 0.215625 0.667969 0.215625 0.660156 0.2125 0.65625 0.2125 0.652344 0.20625 0.644531
0 0.80625 0.960938 0.803125 0.964844 0.803125 0.96875 0.796875 0.976562 0.796875 0.984375 0.8 0.988281 0.8375 0.988281 0.84375 0.996094 0.86875 0.996094 0.871875 0.992188 0.871875 0.976562 0.86875 0.972656 0.865625 0.972656 0.859375 0.964844 0.85 0.964844 0.846875 0.960938
0 0.446875 0.234375 0.44375 0.238281 0.440625 0.238281 0.4375 0.242188 0.434375 0.242188 0.43125 0.246094 0.428125 0.246094 0.425 0.25 0.421875 0.25 0.415625 0.257812 0.415625 0.28125 0.41875 0.285156 0.41875 0.289062 0.421875 0.292969 0.43125 0.292969 0.434375 0.296875 0.45 0.296875 0.45625 0.304688 0.465625 0.292969 0.465625 0.257812
0 0.425 0.742188 0.409375 0.761719 0.409375 0.765625 0.40625 0.769531 0.40625 0.785156 0.4125 0.792969 0.4125 0.796875 0.421875 0.808594 0.44375 0.808594 0.446875 0.804688 0.446875 0.800781 0.45625 0.789062 0.45625 0.785156 0.459375 0.78125 0.459375 0.757812 0.45625 0.753906 0.453125 0.753906 0.44375 0.742188
0 0.98125 0.113281 0.978125 0.117188 0.978125 0.121094 0.96875 0.132812 0.965625 0.132812 0.959375 0.140625 0.959375 0.148438 0.965625 0.15625 0.96875 0.15625 0.971875 0.160156 0.975 0.160156 0.98125 0.167969 0.984375 0.167969 0.9875 0.171875 0.996875 0.171875 0.996875 0.117188 0.99375 0.117188 0.990625 0.113281
0 0.15 0 0.153125 0.00390625 0.153125 0.0078125 0.15625 0.0117188 0.15625 0.0273438 0.159375 0.03125 0.16875 0.03125 0.171875 0.0273438 0.190625 0.0273438 0.19375 0.0234375 0.196875 0.0234375 0.2 0.0195312 0.203125 0.0195312 0.20625 0.015625 0.20625 0
0 0.36875 0.230469 0.365625 0.234375 0.365625 0.238281 0.3625 0.242188 0.3625 0.253906 0.365625 0.257812 0.365625 0.261719 0.36875 0.265625 0.39375 0.265625 0.396875 0.261719 0.40625 0.261719 0.409375 0.257812 0.4125 0.257812 0.4125 0.253906 0.40625 0.246094 0.403125 0.246094 0.4 0.242188 0.396875 0.242188 0.390625 0.234375 0.38125 0.234375 0.378125 0.230469
0 0.009375 0.816406 0.00625 0.820312 0.003125 0.820312 0 0.824219 0 0.894531 0.003125 0.894531 0.00625 0.890625 0.009375 0.890625 0.025 0.871094 0.025 0.863281 0.028125 0.859375 0.028125 0.851562 0.03125 0.847656 0.03125 0.839844 0.028125 0.835938 0.028125 0.832031 0.025 0.828125 0.025 0.824219 0.01875 0.816406
0 0.203125 0.296875 0.196875 0.304688 0.19375 0.304688 0.184375 0.316406 0.18125 0.316406 0.178125 0.320312 0.178125 0.332031 0.18125 0.335938 0.19375 0.335938 0.196875 0.332031 0.20625 0.332031 0.209375 0.328125 0.2125 0.328125 0.221875 0.316406 0.221875 0.300781 0.21875 0.296875
0 0.703125 0.277344 0.7 0.28125 0.696875 0.28125 0.69375 0.285156 0.69375 0.296875 0.6875 0.304688 0.684375 0.304688 0.68125 0.308594 0.68125 0.3125 0.678125 0.316406 0.678125 0.328125 0.684375 0.335938 0.6875 0.335938 0.690625 0.339844 0.7125 0.339844 0.725 0.324219 0.725 0.316406 0.73125 0.308594 0.73125 0.285156 0.728125 0.28125 0.725 0.28125 0.721875 0.277344
0 0.65625 0.753906 0.653125 0.757812 0.646875 0.757812 0.634375 0.773438 0.634375 0.777344 0.63125 0.78125 0.63125 0.8125 0.6375 0.820312 0.640625 0.820312 0.646875 0.828125 0.6625 0.828125 0.665625 0.824219 0.671875 0.824219 0.675 0.820312 0.675 0.816406 0.690625 0.796875 0.690625 0.777344 0.68125 0.765625 0.678125 0.765625 0.671875 0.757812 0.66875 0.757812 0.665625 0.753906
0 0.646875 0.09375 0.64375 0.0976562 0.640625 0.0976562 0.6375 0.101562 0.6375 0.109375 0.63125 0.117188 0.63125 0.140625 0.628125 0.144531 0.628125 0.148438 0.634375 0.15625 0.640625 0.15625 0.64375 0.160156 0.665625 0.160156 0.66875 0.15625 0.671875 0.15625 0.675 0.152344 0.678125 0.152344 0.68125 0.148438 0.68125 0.113281 0.678125 0.109375 0.678125 0.105469 0.671875 0.0976562 0.66875 0.0976562 0.665625 0.09375
0 0.78125 0.878906 0.778125 0.882812 0.778125 0.886719 0.765625 0.902344 0.765625 0.929688 0.76875 0.933594 0.76875 0.9375 0.771875 0.941406 0.771875 0.945312 0.778125 0.953125 0.79375 0.953125 0.796875 0.949219 0.796875 0.945312 0.8 0.941406 0.8 0.9375 0.803125 0.933594 0.803125 0.921875 0.80625 0.917969 0.80625 0.90625 0.803125 0.902344 0.803125 0.898438 0.8 0.894531 0.8 0.890625 0.796875 0.886719 0.796875 0.882812 0.79375 0.878906
0 0.0875 0.84375 0.084375 0.847656 0.08125 0.847656 0.071875 0.859375 0.071875 0.863281 0.06875 0.867188 0.06875 0.875 0.065625 0.878906 0.065625 0.882812 0.0625 0.886719 0.0625 0.902344 0.059375 0.90625 0.059375 0.917969 0.0625 0.921875 0.06875 0.921875 0.071875 0.925781 0.096875 0.925781 0.103125 0.917969 0.10625 0.917969 0.1125 0.910156 0.11875 0.910156 0.121875 0.90625 0.125 0.90625 0.128125 0.902344 0.128125 0.898438 0.13125 0.894531 0.13125 0.871094 0.125 0.863281 0.121875 0.863281 0.11875 0.859375 0.115625 0.859375 0.109375 0.851562 0.10625 0.851562 0.103125 0.847656 0.1 0.847656 0.096875 0.84375
0 0.259375 0.898438 0.253125 0.90625 0.246875 0.90625 0.24375 0.910156 0.234375 0.910156 0.23125 0.914062 0.228125 0.914062 0.225 0.917969 0.225 0.921875 0.215625 0.933594 0.2125 0.933594 0.203125 0.945312 0.203125 0.96875 0.20625 0.972656 0.209375 0.972656 0.2125 0.976562 0.215625 0.976562 0.221875 0.984375 0.221875 0.988281 0.225 0.992188 0.23125 0.992188 0.234375 0.988281 0.25 0.988281 0.25625 0.980469 0.25625 0.972656 0.2625 0.964844 0.271875 0.964844 0.275 0.960938 0.278125 0.960938 0.2875 0.949219 0.29375 0.949219 0.3 0.941406 0.3 0.929688 0.29375 0.921875 0.29375 0.914062 0.2875 0.90625 0.284375 0.90625 0.28125 0.902344 0.278125 0.902344 0.275 0.898438
0 0.003125 0.242188 0 0.246094 0 0.304688 0.00625 0.3125 0.0125 0.3125 0.01875 0.304688 0.021875 0.304688 0.028125 0.296875 0.028125 0.277344 0.025 0.273438 0.025 0.269531 0.015625 0.257812 0.015625 0.253906 0.0125 0.25 0.0125 0.246094 0.009375 0.242188
0 0.86875 0.363281 0.859375 0.375 0.859375 0.378906 0.85625 0.382812 0.85625 0.386719 0.859375 0.390625 0.859375 0.394531 0.8625 0.398438 0.871875 0.398438 0.884375 0.382812 0.884375 0.375 0.875 0.363281
0 0.35 0.378906 0.346875 0.382812 0.33125 0.382812 0.325 0.390625 0.325 0.394531 0.31875 0.402344 0.31875 0.441406 0.325 0.449219 0.325 0.457031 0.328125 0.460938 0.328125 0.472656 0.3375 0.484375 0.3625 0.484375 0.365625 0.480469 0.365625 0.476562 0.371875 0.46875 0.371875 0.464844 0.378125 0.457031 0.378125 0.445312 0.384375 0.4375 0.384375 0.421875 0.3875 0.417969 0.3875 0.414062 0.390625 0.410156 0.390625 0.402344 0.3875 0.398438 0.3875 0.394531 0.384375 0.390625 0.38125 0.390625 0.375 0.382812 0.35625 0.382812 0.353125 0.378906
0 0.471875 0.5625 0.459375 0.578125 0.459375 0.582031 0.45625 0.585938 0.45625 0.605469 0.459375 0.609375 0.4625 0.609375 0.465625 0.613281 0.484375 0.613281 0.5 0.59375 0.5 0.585938 0.496875 0.582031 0.496875 0.578125 0.490625 0.570312 0.490625 0.566406 0.4875 0.5625
0 0.075 0.320312 0.071875 0.324219 0.06875 0.324219 0.065625 0.328125 0.065625 0.332031 0.053125 0.347656 0.053125 0.351562 0.0375 0.371094 0.0375 0.375 0.034375 0.378906 0.034375 0.386719 0.04375 0.398438 0.046875 0.398438 0.05 0.402344 0.053125 0.402344 0.05625 0.40625 0.08125 0.40625 0.084375 0.402344 0.084375 0.394531 0.090625 0.386719 0.090625 0.378906 0.09375 0.375 0.09375 0.332031 0.084375 0.320312
0 0.15625 0.96875 0.14375 0.984375 0.14375 0.992188 0.146875 0.996094 0.2 0.996094 0.203125 0.992188 0.203125 0.984375 0.196875 0.976562 0.19375 0.976562 0.1875 0.96875
0 0.1125 0.132812 0.109375 0.136719 0.109375 0.167969 0.1125 0.171875 0.11875 0.171875 0.125 0.164062 0.13125 0.164062 0.134375 0.160156 0.134375 0.152344 0.125 0.140625 0.125 0.136719 0.121875 0.132812
0 0.278125 0.234375 0.265625 0.25 0.253125 0.25 0.25 0.253906 0.246875 0.253906 0.225 0.28125 0.225 0.292969 0.221875 0.296875 0.225 0.300781 0.225 0.316406 0.228125 0.316406 0.240625 0.332031 0.253125 0.332031 0.25625 0.335938 0.290625 0.335938 0.3 0.324219 0.3 0.320312 0.30625 0.3125 0.30625 0.304688 0.309375 0.300781 0.309375 0.277344 0.30625 0.273438 0.30625 0.269531 0.303125 0.265625 0.303125 0.253906 0.3 0.25 0.3 0.246094 0.296875 0.242188 0.296875 0.238281 0.29375 0.234375
