0 0.71875 0.652344 0.714844 0.65625 0.707031 0.65625 0.703125 0.660156 0.703125 0.664062 0.699219 0.667969 0.699219 0.6875 0.710938 0.699219 0.71875 0.699219 0.722656 0.695312 0.726562 0.695312 0.734375 0.6875 0.734375 0.667969 0.730469 0.664062 0.730469 0.660156 0.726562 0.65625 0.722656 0.65625
0 0.328125 0.835938 0.324219 0.839844 0.324219 0.84375 0.320312 0.847656 0.320312 0.859375 0.328125 0.867188 0.328125 0.863281 0.332031 0.859375 0.335938 0.859375 0.339844 0.863281 0.34375 0.859375 0.34375 0.839844 0.339844 0.835938
0 0.90625 0.675781 0.902344 0.679688 0.898438 0.679688 0.894531 0.683594 0.890625 0.683594 0.882812 0.691406 0.882812 0.695312 0.878906 0.699219 0.878906 0.703125 0.886719 0.710938 0.886719 0.714844 0.910156 0.714844 0.917969 0.707031 0.925781 0.707031 0.925781 0.703125 0.929688 0.699219 0.929688 0.6875 0.917969 0.675781
0 0.332031 0.863281 0.332031 0.867188 0.324219 0.875 0.324219 0.878906 0.320312 0.882812 0.320312 0.890625 0.328125 0.898438 0.339844 0.898438 0.34375 0.902344 0.34375 0.898438 0.347656 0.894531 0.347656 0.871094 0.34375 0.867188 0.339844 0.867188 0.335938 0.863281
0 0.636719 0.015625 0.625 0.0273438 0.625 0.0429688 0.628906 0.0429688 0.636719 0.0507812 0.640625 0.0507812 0.644531 0.0546875 0.652344 0.0546875 0.660156 0.046875 0.660156 0.0429688 0.664062 0.0390625 0.664062 0.0273438 0.652344 0.015625
0 0.363281 0.914062 0.355469 0.921875 0.351562 0.921875 0.347656 0.917969 0.339844 0.925781 0.339844 0.941406 0.347656 0.949219 0.363281 0.949219 0.367188 0.953125 0.355469 0.964844 0.355469 0.976562 0.359375 0.980469 0.359375 0.984375 0.363281 0.984375 0.367188 0.988281 0.375 0.980469 0.386719 0.980469 0.390625 0.984375 0.386719 0.988281 0.382812 0.988281 0.390625 0.988281 0.390625 0.980469 0.394531 0.976562 0.394531 0.964844 0.382812 0.953125 0.367188 0.953125 0.363281 0.949219 0.367188 0.945312 0.371094 0.945312 0.375 0.941406 0.378906 0.941406 0.378906 0.917969 0.375 0.914062
0 0.894531 0.746094 0.894531 0.75 0.898438 0.753906 0.898438 0.761719 0.90625 0.769531 0.90625 0.773438 0.910156 0.777344 0.917969 0.777344 0.921875 0.78125 0.933594 0.78125 0.9375 0.777344 0.9375 0.773438 0.941406 0.769531 0.945312 0.769531 0.945312 0.75 0.941406 0.746094
0 0.84375 0.792969 0.839844 0.796875 0.839844 0.808594 0.851562 0.820312 0.851562 0.824219 0.855469 0.828125 0.859375 0.828125 0.863281 0.832031 0.882812 0.832031 0.890625 0.824219 0.890625 0.804688 0.882812 0.804688 0.878906 0.800781 0.875 0.800781 0.871094 0.804688 0.867188 0.800781 0.859375 0.800781 0.851562 0.792969
0 0.304688 0.859375 0.300781 0.863281 0.296875 0.863281 0.289062 0.871094 0.28125 0.871094 0.273438 0.878906 0.273438 0.894531 0.277344 0.898438 0.296875 0.898438 0.300781 0.894531 0.304688 0.894531 0.308594 0.890625 0.308594 0.886719 0.3125 0.882812 0.3125 0.867188
0 0.445312 0.800781 0.441406 0.804688 0.441406 0.820312 0.445312 0.824219 0.449219 0.824219 0.453125 0.828125 0.46875 0.828125 0.46875 0.808594 0.464844 0.804688 0.460938 0.804688 0.457031 0.800781
0 0.0390625 0.949219 0.03125 0.957031 0.03125 0.964844 0.0273438 0.96875 0.0273438 0.984375 0.03125 0.988281 0.0351562 0.988281 0.0429688 0.996094 0.0742188 0.996094 0.0742188 0.992188 0.078125 0.988281 0.078125 0.96875 0.0742188 0.964844 0.0742188 0.960938 0.0625 0.949219
0 0.257812 0.542969 0.25 0.550781 0.25 0.554688 0.246094 0.558594 0.246094 0.566406 0.253906 0.574219 0.253906 0.578125 0.265625 0.578125 0.269531 0.582031 0.285156 0.582031 0.289062 0.578125 0.292969 0.578125 0.292969 0.5625 0.289062 0.558594 0.289062 0.550781 0.28125 0.542969
0 0.0507812 0.902344 0.046875 0.90625 0.046875 0.914062 0.0507812 0.917969 0.0664062 0.917969 0.0664062 0.90625 0.0625 0.902344
0 0.648438 0.136719 0.644531 0.140625 0.636719 0.140625 0.632812 0.144531 0.628906 0.144531 0.625 0.148438 0.625 0.164062 0.628906 0.167969 0.652344 0.167969 0.65625 0.164062 0.65625 0.160156 0.660156 0.15625 0.660156 0.144531 0.65625 0.140625 0.652344 0.140625
0 0.929688 0.925781 0.921875 0.933594 0.921875 0.949219 0.925781 0.953125 0.925781 0.957031 0.933594 0.964844 0.945312 0.964844 0.949219 0.960938 0.953125 0.964844 0.953125 0.96875 0.949219 0.972656 0.949219 0.996094 0.996094 0.996094 0.996094 0.953125 0.96875 0.953125 0.960938 0.960938 0.957031 0.960938 0.953125 0.957031 0.957031 0.953125 0.957031 0.949219 0.953125 0.945312 0.953125 0.941406 0.949219 0.941406 0.945312 0.9375 0.945312 0.933594 0.941406 0.929688 0.941406 0.925781
0 0.949219 0.960938 0.953125 0.957031 0.957031 0.960938 0.953125 0.964844
0 0.738281 0.078125 0.734375 0.0820312 0.730469 0.0820312 0.726562 0.0859375 0.726562 0.101562 0.738281 0.113281 0.757812 0.113281 0.757812 0.109375 0.761719 0.105469 0.761719 0.0898438 0.757812 0.0859375 0.757812 0.0820312 0.753906 0.078125
0 0.886719 0.71875 0.882812 0.722656 0.882812 0.738281 0.886719 0.742188 0.925781 0.742188 0.929688 0.738281 0.929688 0.726562 0.925781 0.722656 0.917969 0.722656 0.914062 0.71875
0 0.867188 0.511719 0.855469 0.523438 0.855469 0.542969 0.859375 0.546875 0.863281 0.546875 0.867188 0.550781 0.878906 0.550781 0.886719 0.542969 0.890625 0.542969 0.894531 0.539062 0.894531 0.515625 0.890625 0.511719
0 0.265625 0.839844 0.257812 0.847656 0.257812 0.855469 0.253906 0.859375 0.253906 0.871094 0.257812 0.867188 0.261719 0.871094 0.261719 0.875 0.265625 0.878906 0.269531 0.878906 0.285156 0.863281 0.289062 0.867188 0.296875 0.859375 0.300781 0.859375 0.296875 0.859375 0.292969 0.855469 0.292969 0.84375 0.289062 0.839844
0 0.25 0.925781 0.246094 0.929688 0.242188 0.929688 0.238281 0.933594 0.238281 0.953125 0.242188 0.953125 0.246094 0.957031 0.253906 0.957031 0.257812 0.953125 0.261719 0.953125 0.261719 0.933594 0.257812 0.929688 0.253906 0.929688
0 0.714844 0.125 0.710938 0.128906 0.707031 0.128906 0.703125 0.132812 0.703125 0.152344 0.714844 0.164062 0.730469 0.164062 0.738281 0.15625 0.738281 0.136719 0.734375 0.132812 0.734375 0.128906 0.730469 0.128906 0.726562 0.125
0 0.429688 0.976562 0.425781 0.980469 0.421875 0.980469 0.417969 0.984375 0.417969 0.988281 0.414062 0.992188 0.414062 0.996094 0.449219 0.996094 0.449219 0.988281 0.445312 0.984375 0.445312 0.980469 0.441406 0.976562
0 0.867188 0.765625 0.863281 0.769531 0.855469 0.769531 0.851562 0.773438 0.851562 0.78125 0.855469 0.785156 0.855469 0.789062 0.859375 0.792969 0.867188 0.792969 0.871094 0.796875 0.878906 0.796875 0.882812 0.800781 0.894531 0.800781 0.898438 0.796875 0.898438 0.792969 0.902344 0.789062 0.902344 0.769531 0.898438 0.765625
