0 0.740234 0.342773 0.738281 0.344727 0.738281 0.351562 0.742188 0.355469 0.743164 0.355469 0.745117 0.357422 0.748047 0.357422 0.749023 0.358398 0.750977 0.358398 0.751953 0.357422 0.753906 0.357422 0.754883 0.356445 0.754883 0.350586 0.75293 0.348633 0.75293 0.347656 0.750977 0.345703 0.75 0.345703 0.748047 0.34375 0.74707 0.34375 0.746094 0.342773
0 0.65332 0.758789 0.652344 0.759766 0.651367 0.759766 0.651367 0.764648 0.650391 0.765625 0.650391 0.767578 0.65332 0.767578 0.65625 0.764648 0.65625 0.758789
0 0.0107422 0.991211 0.00683594 0.995117 0.00683594 0.998047 0.0078125 0.999023 0.015625 0.999023 0.0166016 0.998047 0.0166016 0.991211
0 0.483398 0.65332 0.482422 0.654297 0.482422 0.657227 0.481445 0.658203 0.481445 0.661133 0.482422 0.662109 0.482422 0.663086 0.485352 0.663086 0.486328 0.662109 0.487305 0.662109 0.488281 0.661133 0.488281 0.657227 0.486328 0.655273 0.486328 0.654297 0.485352 0.65332
0 0.240234 0.335938 0.239258 0.336914 0.236328 0.336914 0.235352 0.337891 0.234375 0.337891 0.233398 0.338867 0.232422 0.338867 0.232422 0.34668 0.234375 0.348633 0.234375 0.349609 0.235352 0.350586 0.236328 0.350586 0.238281 0.352539 0.239258 0.352539 0.240234 0.353516 0.241211 0.353516 0.243164 0.355469 0.246094 0.355469 0.24707 0.356445 0.248047 0.356445 0.25 0.358398 0.250977 0.357422 0.251953 0.357422 0.25293 0.356445 0.255859 0.356445 0.256836 0.355469 0.256836 0.349609 0.255859 0.348633 0.255859 0.347656 0.253906 0.345703 0.25293 0.345703 0.251953 0.344727 0.251953 0.34375 0.250977 0.34375 0.25 0.342773 0.25 0.341797 0.248047 0.339844 0.24707 0.339844 0.244141 0.336914 0.243164 0.336914 0.242188 0.335938
0 0.470703 0.514648 0.469727 0.515625 0.46875 0.515625 0.467773 0.516602 0.46582 0.516602 0.463867 0.518555 0.463867 0.519531 0.462891 0.520508 0.462891 0.521484 0.461914 0.522461 0.461914 0.52832 0.462891 0.529297 0.462891 0.530273 0.464844 0.532227 0.46582 0.532227 0.466797 0.533203 0.467773 0.533203 0.46875 0.53418 0.480469 0.53418 0.481445 0.533203 0.483398 0.533203 0.487305 0.529297 0.487305 0.52832 0.488281 0.527344 0.488281 0.522461 0.487305 0.521484 0.487305 0.520508 0.484375 0.517578 0.483398 0.517578 0.481445 0.515625 0.480469 0.515625 0.479492 0.514648
0 0.84082 0.146484 0.838867 0.148438 0.838867 0.149414 0.836914 0.151367 0.836914 0.152344 0.834961 0.154297 0.834961 0.158203 0.833984 0.15918 0.833984 0.160156 0.833008 0.161133 0.833008 0.167969 0.833984 0.168945 0.835938 0.168945 0.836914 0.167969 0.837891 0.167969 0.838867 0.166992 0.839844 0.166992 0.84082 0.166016 0.841797 0.166016 0.842773 0.165039 0.84375 0.165039 0.84668 0.162109 0.848633 0.162109 0.848633 0.15918 0.847656 0.158203 0.847656 0.15625 0.848633 0.155273 0.848633 0.150391 0.847656 0.149414 0.847656 0.147461 0.84668 0.147461 0.845703 0.146484
0 0.551758 0.71875 0.550781 0.719727 0.548828 0.719727 0.545898 0.722656 0.545898 0.723633 0.543945 0.725586 0.543945 0.731445 0.546875 0.734375 0.547852 0.734375 0.548828 0.735352 0.549805 0.735352 0.550781 0.736328 0.552734 0.736328 0.553711 0.737305 0.554688 0.737305 0.555664 0.736328 0.556641 0.736328 0.557617 0.737305 0.560547 0.737305 0.561523 0.736328 0.5625 0.736328 0.563477 0.735352 0.564453 0.735352 0.566406 0.733398 0.566406 0.732422 0.567383 0.731445 0.567383 0.729492 0.566406 0.728516 0.566406 0.727539 0.564453 0.725586 0.564453 0.724609 0.560547 0.720703 0.55957 0.720703 0.558594 0.719727 0.552734 0.719727
0 0.472656 0.567383 0.472656 0.573242 0.474609 0.573242 0.475586 0.572266 0.478516 0.572266 0.478516 0.568359 0.477539 0.567383 0.476562 0.567383 0.475586 0.568359 0.473633 0.568359
0 0.155273 0.814453 0.15332 0.816406 0.152344 0.816406 0.149414 0.819336 0.148438 0.819336 0.144531 0.823242 0.144531 0.824219 0.143555 0.825195 0.143555 0.826172 0.142578 0.827148 0.142578 0.834961 0.143555 0.835938 0.143555 0.836914 0.144531 0.837891 0.144531 0.838867 0.145508 0.838867 0.146484 0.839844 0.147461 0.839844 0.148438 0.838867 0.150391 0.838867 0.151367 0.837891 0.15332 0.837891 0.157227 0.833984 0.157227 0.832031 0.158203 0.831055 0.158203 0.827148 0.15918 0.826172 0.15918 0.824219 0.160156 0.823242 0.160156 0.817383 0.15918 0.816406 0.15918 0.81543 0.158203 0.814453
0 0.310547 0.811523 0.30957 0.8125 0.307617 0.8125 0.306641 0.813477 0.305664 0.813477 0.303711 0.81543 0.302734 0.81543 0.300781 0.817383 0.299805 0.817383 0.292969 0.824219 0.292969 0.827148 0.293945 0.828125 0.293945 0.829102 0.294922 0.830078 0.297852 0.830078 0.298828 0.831055 0.301758 0.831055 0.302734 0.830078 0.303711 0.830078 0.310547 0.823242 0.310547 0.822266 0.311523 0.821289 0.311523 0.820312 0.3125 0.819336 0.3125 0.818359 0.313477 0.817383 0.313477 0.81543 0.314453 0.814453 0.314453 0.8125 0.313477 0.811523
0 0.644531 0.754883 0.644531 0.762695 0.645508 0.762695 0.646484 0.763672 0.650391 0.763672 0.650391 0.759766 0.651367 0.758789 0.652344 0.758789 0.65332 0.757812 0.65332 0.755859 0.648438 0.755859 0.647461 0.754883
0 0.935547 0.348633 0.935547 0.349609 0.93457 0.350586 0.93457 0.352539 0.935547 0.352539 0.9375 0.354492 0.939453 0.354492 0.94043 0.353516 0.94043 0.350586 0.939453 0.349609 0.939453 0.348633
0 0.489258 0.661133 0.488281 0.662109 0.488281 0.664062 0.487305 0.665039 0.487305 0.666992 0.489258 0.668945 0.493164 0.668945 0.493164 0.667969 0.494141 0.666992 0.494141 0.661133
0 0.0517578 0.987305 0.0507812 0.988281 0.0488281 0.988281 0.0478516 0.989258 0.0458984 0.989258 0.0449219 0.990234 0.0439453 0.990234 0.0410156 0.993164 0.0400391 0.993164 0.0400391 0.994141 0.0380859 0.996094 0.0380859 0.998047 0.0390625 0.999023 0.0664062 0.999023 0.0673828 0.998047 0.0673828 0.994141 0.0664062 0.993164 0.0664062 0.992188 0.0654297 0.991211 0.0644531 0.991211 0.0625 0.989258 0.0615234 0.989258 0.0605469 0.988281 0.0576172 0.988281 0.0566406 0.987305
0 0.120117 0.0185547 0.119141 0.0195312 0.118164 0.0195312 0.116211 0.0214844 0.115234 0.0214844 0.115234 0.0224609 0.113281 0.0244141 0.113281 0.0273438 0.108398 0.0322266 0.108398 0.0351562 0.109375 0.0361328 0.109375 0.0371094 0.110352 0.0380859 0.110352 0.0410156 0.111328 0.0419922 0.112305 0.0419922 0.113281 0.0410156 0.115234 0.0410156 0.116211 0.0400391 0.120117 0.0400391 0.121094 0.0390625 0.12207 0.0400391 0.124023 0.0400391 0.124023 0.0390625 0.126953 0.0361328 0.126953 0.0351562 0.129883 0.0322266 0.129883 0.0214844 0.128906 0.0205078 0.12793 0.0205078 0.126953 0.0195312 0.125 0.0195312 0.124023 0.0185547
0 0.547852 0.589844 0.547852 0.59082 0.546875 0.591797 0.545898 0.591797 0.544922 0.592773 0.544922 0.59668 0.546875 0.59668 0.547852 0.597656 0.548828 0.59668 0.550781 0.59668 0.552734 0.594727 0.552734 0.592773 0.551758 0.591797 0.551758 0.589844
0 0.293945 0.731445 0.292969 0.732422 0.292969 0.733398 0.290039 0.736328 0.290039 0.745117 0.289062 0.746094 0.289062 0.748047 0.291016 0.75 0.291016 0.750977 0.292969 0.750977 0.294922 0.75293 0.296875 0.75293 0.297852 0.753906 0.299805 0.753906 0.301758 0.751953 0.302734 0.751953 0.303711 0.75293 0.303711 0.753906 0.304688 0.753906 0.306641 0.751953 0.307617 0.751953 0.307617 0.750977 0.308594 0.75 0.308594 0.749023 0.30957 0.748047 0.30957 0.742188 0.302734 0.735352 0.300781 0.735352 0.298828 0.733398 0.298828 0.732422 0.297852 0.731445
0 0.522461 0.624023 0.518555 0.62793 0.518555 0.629883 0.517578 0.630859 0.517578 0.635742 0.518555 0.636719 0.518555 0.639648 0.519531 0.640625 0.519531 0.642578 0.520508 0.643555 0.520508 0.644531 0.53125 0.644531 0.535156 0.640625 0.535156 0.639648 0.536133 0.638672 0.536133 0.629883 0.535156 0.628906 0.535156 0.62793 0.53418 0.626953 0.53418 0.625977 0.532227 0.624023
0 0.52832 0.632812 0.529297 0.631836 0.530273 0.632812 0.529297 0.633789
0 0.539062 0.579102 0.537109 0.581055 0.537109 0.588867 0.539062 0.59082 0.540039 0.59082 0.541016 0.591797 0.544922 0.591797 0.545898 0.59082 0.546875 0.59082 0.546875 0.589844 0.547852 0.588867 0.548828 0.588867 0.550781 0.586914 0.550781 0.583984 0.549805 0.583008 0.549805 0.582031 0.548828 0.582031 0.546875 0.580078 0.546875 0.579102
0 0.75 0.761719 0.749023 0.762695 0.74707 0.762695 0.746094 0.763672 0.745117 0.763672 0.743164 0.765625 0.742188 0.765625 0.741211 0.766602 0.741211 0.767578 0.739258 0.769531 0.739258 0.775391 0.743164 0.779297 0.744141 0.779297 0.745117 0.780273 0.74707 0.780273 0.748047 0.78125 0.75 0.78125 0.750977 0.782227 0.751953 0.782227 0.75293 0.78125 0.753906 0.782227 0.754883 0.78125 0.758789 0.78125 0.759766 0.780273 0.761719 0.780273 0.762695 0.779297 0.763672 0.779297 0.765625 0.777344 0.766602 0.777344 0.768555 0.775391 0.768555 0.774414 0.769531 0.773438 0.769531 0.766602 0.768555 0.765625 0.768555 0.764648 0.767578 0.764648 0.766602 0.763672 0.765625 0.763672 0.764648 0.762695 0.762695 0.762695 0.761719 0.761719
0 0.637695 0.756836 0.636719 0.757812 0.636719 0.762695 0.639648 0.762695 0.640625 0.761719 0.642578 0.761719 0.642578 0.756836
0 0.0488281 0.292969 0.046875 0.294922 0.0458984 0.294922 0.0458984 0.295898 0.0449219 0.296875 0.0449219 0.297852 0.0439453 0.298828 0.0439453 0.300781 0.0429688 0.301758 0.0429688 0.304688 0.0419922 0.305664 0.0410156 0.305664 0.0400391 0.306641 0.0400391 0.308594 0.0410156 0.30957 0.0419922 0.30957 0.0439453 0.311523 0.0488281 0.311523 0.0507812 0.313477 0.0527344 0.313477 0.0546875 0.311523 0.0556641 0.311523 0.0566406 0.310547 0.0576172 0.310547 0.0585938 0.30957 0.0595703 0.30957 0.0615234 0.307617 0.0615234 0.306641 0.0625 0.305664 0.0625 0.304688 0.0634766 0.303711 0.0644531 0.303711 0.0664062 0.301758 0.0664062 0.299805 0.0654297 0.298828 0.0654297 0.297852 0.0644531 0.296875 0.0634766 0.296875 0.0605469 0.293945 0.0595703 0.293945 0.0585938 0.292969
0 0.881836 0.0507812 0.881836 0.0527344 0.880859 0.0537109 0.880859 0.0556641 0.881836 0.0566406 0.881836 0.0576172 0.886719 0.0576172 0.887695 0.0566406 0.887695 0.0517578 0.886719 0.0517578 0.885742 0.0507812
0 0.205078 0.397461 0.204102 0.398438 0.203125 0.398438 0.199219 0.402344 0.199219 0.40332 0.198242 0.404297 0.198242 0.407227 0.197266 0.408203 0.197266 0.412109 0.199219 0.414062 0.199219 0.415039 0.202148 0.417969 0.212891 0.417969 0.213867 0.416992 0.214844 0.416992 0.219727 0.412109 0.219727 0.411133 0.22168 0.40918 0.22168 0.404297 0.219727 0.402344 0.219727 0.401367 0.217773 0.399414 0.217773 0.398438 0.21582 0.398438 0.214844 0.397461
0 0.564453 0.37793 0.563477 0.378906 0.561523 0.378906 0.560547 0.379883 0.556641 0.379883 0.555664 0.380859 0.554688 0.380859 0.554688 0.392578 0.556641 0.394531 0.560547 0.394531 0.561523 0.393555 0.563477 0.393555 0.564453 0.394531 0.56543 0.394531 0.566406 0.393555 0.568359 0.393555 0.569336 0.392578 0.570312 0.392578 0.571289 0.391602 0.571289 0.383789 0.570312 0.382812 0.569336 0.382812
0 0.46875 0.563477 0.467773 0.564453 0.46582 0.564453 0.461914 0.568359 0.461914 0.573242 0.462891 0.574219 0.463867 0.574219 0.464844 0.575195 0.469727 0.575195 0.470703 0.574219 0.47168 0.574219 0.470703 0.573242 0.470703 0.572266 0.47168 0.571289 0.47168 0.566406 0.470703 0.56543 0.470703 0.563477
0 0.875977 0.0400391 0.875 0.0410156 0.875 0.0449219 0.881836 0.0449219 0.881836 0.0400391
0 0.810547 0.771484 0.808594 0.773438 0.808594 0.775391 0.806641 0.777344 0.806641 0.78418 0.807617 0.785156 0.807617 0.786133 0.80957 0.788086 0.80957 0.789062 0.811523 0.791016 0.8125 0.791016 0.81543 0.793945 0.817383 0.793945 0.818359 0.794922 0.820312 0.794922 0.821289 0.795898 0.822266 0.795898 0.823242 0.794922 0.827148 0.794922 0.828125 0.793945 0.829102 0.793945 0.829102 0.791992 0.830078 0.791016 0.830078 0.78418 0.829102 0.783203 0.829102 0.782227 0.828125 0.78125 0.828125 0.780273 0.827148 0.779297 0.827148 0.77832 0.826172 0.77832 0.825195 0.777344 0.825195 0.776367 0.823242 0.774414 0.822266 0.774414 0.821289 0.775391 0.817383 0.775391 0.816406 0.774414 0.816406 0.773438 0.81543 0.772461 0.814453 0.772461 0.813477 0.771484 0.8125 0.772461 0.811523 0.772461
0 0.930664 0.354492 0.930664 0.358398 0.93457 0.358398 0.935547 0.357422 0.936523 0.357422 0.936523 0.354492
0 0.742188 0.102539 0.740234 0.104492 0.740234 0.108398 0.743164 0.108398 0.745117 0.110352 0.748047 0.110352 0.75 0.108398 0.75 0.104492 0.749023 0.103516 0.749023 0.102539
0 0.136719 0.0380859 0.134766 0.0400391 0.133789 0.0400391 0.131836 0.0419922 0.131836 0.0429688 0.130859 0.0439453 0.130859 0.0507812 0.131836 0.0517578 0.131836 0.0527344 0.134766 0.0556641 0.134766 0.0566406 0.135742 0.0566406 0.136719 0.0576172 0.140625 0.0576172 0.141602 0.0585938 0.145508 0.0585938 0.147461 0.0566406 0.148438 0.0566406 0.150391 0.0546875 0.151367 0.0546875 0.151367 0.046875 0.150391 0.0458984 0.150391 0.0449219 0.147461 0.0419922 0.147461 0.0410156 0.144531 0.0380859
0 0.90918 0.0410156 0.908203 0.0419922 0.904297 0.0419922 0.90332 0.0429688 0.90332 0.0439453 0.901367 0.0458984 0.901367 0.0478516 0.902344 0.0488281 0.902344 0.0498047 0.90332 0.0507812 0.90332 0.0517578 0.904297 0.0517578 0.90918 0.0566406 0.914062 0.0566406 0.915039 0.0556641 0.915039 0.0517578 0.916016 0.0507812 0.916016 0.0498047 0.918945 0.046875 0.918945 0.0419922 0.917969 0.0410156
0 0.756836 0.804688 0.755859 0.805664 0.753906 0.805664 0.751953 0.807617 0.750977 0.807617 0.750977 0.808594 0.75 0.80957 0.75 0.818359 0.750977 0.819336 0.750977 0.820312 0.751953 0.821289 0.751953 0.822266 0.75293 0.823242 0.75293 0.824219 0.756836 0.828125 0.757812 0.828125 0.759766 0.830078 0.760742 0.830078 0.761719 0.831055 0.762695 0.831055 0.763672 0.832031 0.771484 0.832031 0.773438 0.830078 0.773438 0.829102 0.775391 0.827148 0.775391 0.826172 0.774414 0.825195 0.775391 0.824219 0.775391 0.823242 0.774414 0.822266 0.774414 0.820312 0.773438 0.819336 0.773438 0.818359 0.772461 0.817383 0.772461 0.816406 0.770508 0.814453 0.770508 0.813477 0.764648 0.807617 0.763672 0.807617 0.761719 0.805664 0.760742 0.805664 0.759766 0.804688
0 0.310547 0.0654297 0.30957 0.0664062 0.307617 0.0664062 0.306641 0.0673828 0.306641 0.0712891 0.307617 0.0722656 0.307617 0.0742188 0.308594 0.0751953 0.308594 0.0761719 0.310547 0.0761719 0.310547 0.0751953 0.311523 0.0742188 0.317383 0.0742188 0.317383 0.0722656 0.318359 0.0712891 0.318359 0.0683594 0.316406 0.0664062 0.314453 0.0664062 0.313477 0.0654297
0 0.436523 0.157227 0.436523 0.158203 0.435547 0.15918 0.432617 0.15918 0.431641 0.160156 0.430664 0.160156 0.429688 0.161133 0.429688 0.162109 0.425781 0.166016 0.425781 0.166992 0.424805 0.167969 0.423828 0.167969 0.423828 0.168945 0.422852 0.169922 0.422852 0.175781 0.423828 0.176758 0.423828 0.178711 0.424805 0.179688 0.424805 0.180664 0.427734 0.183594 0.432617 0.183594 0.433594 0.182617 0.435547 0.182617 0.439453 0.178711 0.44043 0.178711 0.441406 0.177734 0.442383 0.177734 0.441406 0.176758 0.441406 0.174805 0.442383 0.173828 0.442383 0.165039 0.441406 0.164062 0.441406 0.161133 0.438477 0.158203 0.4375 0.158203
0 0.569336 0.621094 0.569336 0.62207 0.568359 0.623047 0.567383 0.623047 0.567383 0.625977 0.568359 0.625977 0.569336 0.626953 0.569336 0.62793 0.570312 0.628906 0.572266 0.628906 0.574219 0.626953 0.574219 0.625 0.572266 0.623047 0.572266 0.621094
0 0.52832 0.605469 0.52832 0.606445 0.527344 0.607422 0.527344 0.608398 0.526367 0.609375 0.526367 0.611328 0.525391 0.612305 0.525391 0.62207 0.526367 0.623047 0.532227 0.623047 0.535156 0.625977 0.535156 0.626953 0.536133 0.62793 0.536133 0.628906 0.537109 0.629883 0.543945 0.629883 0.544922 0.628906 0.545898 0.628906 0.545898 0.623047 0.544922 0.62207 0.544922 0.617188 0.543945 0.616211 0.543945 0.615234 0.542969 0.614258 0.542969 0.613281 0.540039 0.610352 0.540039 0.609375 0.537109 0.606445 0.536133 0.606445 0.535156 0.605469
0 0.535156 0.243164 0.535156 0.244141 0.53418 0.245117 0.533203 0.245117 0.532227 0.246094 0.53125 0.246094 0.52832 0.249023 0.52832 0.25 0.527344 0.250977 0.527344 0.251953 0.526367 0.25293 0.526367 0.261719 0.527344 0.262695 0.527344 0.263672 0.529297 0.263672 0.53125 0.265625 0.53125 0.266602 0.53418 0.266602 0.535156 0.267578 0.539062 0.267578 0.540039 0.266602 0.541992 0.266602 0.545898 0.262695 0.545898 0.261719 0.548828 0.258789 0.548828 0.257812 0.549805 0.256836 0.549805 0.255859 0.550781 0.254883 0.550781 0.25293 0.551758 0.251953 0.551758 0.249023 0.550781 0.248047 0.550781 0.24707 0.549805 0.246094 0.548828 0.246094 0.547852 0.245117 0.546875 0.245117 0.544922 0.243164
0 0.549805 0.265625 0.549805 0.269531 0.553711 0.269531 0.553711 0.266602 0.552734 0.265625
0 0.942383 0.308594 0.941406 0.30957 0.939453 0.30957 0.9375 0.311523 0.9375 0.313477 0.938477 0.314453 0.938477 0.319336 0.9375 0.320312 0.9375 0.321289 0.936523 0.322266 0.936523 0.324219 0.93457 0.326172 0.93457 0.329102 0.935547 0.330078 0.935547 0.331055 0.939453 0.331055 0.94043 0.330078 0.941406 0.330078 0.943359 0.328125 0.945312 0.328125 0.947266 0.326172 0.947266 0.322266 0.948242 0.321289 0.948242 0.318359 0.949219 0.317383 0.949219 0.310547 0.948242 0.30957 0.945312 0.30957 0.944336 0.308594
0 0.0722656 0.0380859 0.0712891 0.0390625 0.0693359 0.0390625 0.0673828 0.0410156 0.0673828 0.0419922 0.0664062 0.0429688 0.0664062 0.0498047 0.0673828 0.0507812 0.0673828 0.0527344 0.0683594 0.0527344 0.0722656 0.0566406 0.0732422 0.0566406 0.0761719 0.0595703 0.0771484 0.0595703 0.078125 0.0605469 0.0830078 0.0605469 0.0839844 0.0595703 0.0849609 0.0595703 0.0849609 0.0585938 0.0869141 0.0566406 0.0869141 0.0546875 0.0878906 0.0537109 0.0869141 0.0527344 0.0869141 0.0478516 0.0859375 0.046875 0.0859375 0.0458984 0.0839844 0.0439453 0.0839844 0.0429688 0.0830078 0.0429688 0.0800781 0.0400391 0.0791016 0.0400391 0.078125 0.0390625 0.0761719 0.0390625 0.0751953 0.0380859
0 0.47168 0.660156 0.47168 0.661133 0.470703 0.662109 0.470703 0.665039 0.472656 0.666992 0.476562 0.666992 0.476562 0.662109 0.474609 0.660156
0 0.864258 0.101562 0.863281 0.102539 0.858398 0.102539 0.857422 0.103516 0.856445 0.103516 0.855469 0.104492 0.855469 0.105469 0.854492 0.106445 0.854492 0.107422 0.852539 0.109375 0.852539 0.111328 0.851562 0.112305 0.851562 0.118164 0.850586 0.119141 0.851562 0.120117 0.851562 0.121094 0.852539 0.12207 0.852539 0.123047 0.853516 0.124023 0.860352 0.124023 0.862305 0.12207 0.862305 0.121094 0.863281 0.120117 0.863281 0.119141 0.864258 0.118164 0.865234 0.118164 0.866211 0.117188 0.866211 0.115234 0.867188 0.114258 0.867188 0.112305 0.868164 0.111328 0.868164 0.107422 0.867188 0.106445 0.867188 0.103516 0.865234 0.101562
0 0.818359 0.765625 0.817383 0.766602 0.816406 0.766602 0.81543 0.767578 0.81543 0.771484 0.817383 0.773438 0.817383 0.774414 0.821289 0.774414 0.823242 0.772461 0.823242 0.766602 0.822266 0.765625
0 0.926758 0.00292969 0.925781 0.00390625 0.925781 0.00488281 0.924805 0.00585938 0.924805 0.00683594 0.923828 0.0078125 0.924805 0.00878906 0.924805 0.0117188 0.925781 0.0126953 0.925781 0.0136719 0.927734 0.015625 0.932617 0.015625 0.932617 0.0117188 0.931641 0.0107422 0.931641 0.00683594 0.930664 0.00585938 0.930664 0.00488281 0.928711 0.00292969
0 0.801758 0.729492 0.800781 0.730469 0.798828 0.730469 0.797852 0.731445 0.793945 0.731445 0.789062 0.736328 0.789062 0.740234 0.791016 0.742188 0.791016 0.743164 0.792969 0.745117 0.792969 0.746094 0.794922 0.746094 0.795898 0.74707 0.797852 0.74707 0.798828 0.748047 0.800781 0.748047 0.801758 0.74707 0.806641 0.74707 0.807617 0.746094 0.810547 0.746094 0.813477 0.743164 0.814453 0.743164 0.816406 0.741211 0.816406 0.735352 0.813477 0.732422 0.8125 0.732422 0.811523 0.731445 0.80957 0.731445 0.808594 0.730469 0.805664 0.730469 0.804688 0.729492
0 0.94043 0.344727 0.94043 0.348633 0.942383 0.350586 0.945312 0.350586 0.945312 0.349609 0.946289 0.348633 0.946289 0.345703 0.945312 0.344727
0 0.87207 0.0478516 0.871094 0.0488281 0.871094 0.0537109 0.87207 0.0546875 0.876953 0.0546875 0.876953 0.0488281 0.875977 0.0478516
0 0.474609 0.647461 0.474609 0.651367 0.479492 0.651367 0.479492 0.647461
0 0.177734 0.25 0.176758 0.250977 0.175781 0.250977 0.174805 0.251953 0.173828 0.251953 0.171875 0.253906 0.171875 0.254883 0.170898 0.255859 0.170898 0.256836 0.169922 0.257812 0.169922 0.258789 0.168945 0.259766 0.168945 0.262695 0.169922 0.263672 0.169922 0.265625 0.170898 0.266602 0.170898 0.267578 0.171875 0.268555 0.172852 0.268555 0.175781 0.271484 0.178711 0.271484 0.179688 0.272461 0.18457 0.272461 0.185547 0.271484 0.1875 0.271484 0.188477 0.270508 0.189453 0.270508 0.19043 0.269531 0.191406 0.269531 0.191406 0.268555 0.193359 0.266602 0.193359 0.258789 0.191406 0.256836 0.191406 0.255859 0.19043 0.254883 0.19043 0.253906 0.1875 0.250977 0.186523 0.250977 0.185547 0.25
0 0.5625 0.106445 0.558594 0.110352 0.558594 0.111328 0.556641 0.113281 0.556641 0.118164 0.558594 0.120117 0.55957 0.120117 0.560547 0.121094 0.563477 0.121094 0.564453 0.120117 0.566406 0.120117 0.567383 0.119141 0.570312 0.119141 0.573242 0.116211 0.573242 0.115234 0.576172 0.112305 0.576172 0.107422 0.575195 0.106445 0.571289 0.106445 0.570312 0.107422 0.568359 0.107422 0.567383 0.106445
0 0.636719 0.206055 0.635742 0.207031 0.633789 0.207031 0.631836 0.208984 0.631836 0.209961 0.630859 0.210938 0.631836 0.211914 0.631836 0.213867 0.632812 0.214844 0.631836 0.21582 0.633789 0.217773 0.633789 0.219727 0.634766 0.220703 0.635742 0.220703 0.637695 0.222656 0.638672 0.222656 0.639648 0.223633 0.642578 0.223633 0.643555 0.224609 0.644531 0.224609 0.645508 0.223633 0.648438 0.223633 0.651367 0.220703 0.651367 0.21582 0.650391 0.214844 0.650391 0.212891 0.649414 0.211914 0.649414 0.210938 0.647461 0.208984 0.646484 0.208984 0.645508 0.208008 0.644531 0.208008 0.643555 0.207031 0.642578 0.207031 0.641602 0.206055
0 0.477539 0.652344 0.476562 0.65332 0.474609 0.65332 0.474609 0.65918 0.479492 0.65918 0.479492 0.658203 0.480469 0.657227 0.480469 0.65332 0.479492 0.652344
0 0.892578 0.0332031 0.892578 0.0341797 0.891602 0.0351562 0.891602 0.0371094 0.892578 0.0380859 0.892578 0.0390625 0.893555 0.0390625 0.894531 0.0400391 0.897461 0.0400391 0.897461 0.0390625 0.898438 0.0380859 0.898438 0.0341797 0.897461 0.0332031
0 0.722656 0.732422 0.72168 0.733398 0.71875 0.733398 0.717773 0.734375 0.716797 0.734375 0.710938 0.740234 0.710938 0.746094 0.712891 0.748047 0.713867 0.748047 0.714844 0.749023 0.71582 0.749023 0.717773 0.750977 0.71875 0.750977 0.720703 0.75293 0.72168 0.75293 0.722656 0.751953 0.726562 0.751953 0.727539 0.750977 0.730469 0.750977 0.732422 0.749023 0.734375 0.749023 0.737305 0.746094 0.737305 0.745117 0.739258 0.743164 0.739258 0.739258 0.738281 0.738281 0.738281 0.737305 0.735352 0.734375 0.733398 0.734375 0.732422 0.733398 0.730469 0.733398 0.729492 0.732422
0 0.355469 0.448242 0.351562 0.452148 0.351562 0.453125 0.350586 0.454102 0.350586 0.455078 0.348633 0.457031 0.348633 0.458008 0.347656 0.458984 0.347656 0.460938 0.348633 0.461914 0.348633 0.464844 0.349609 0.46582 0.349609 0.466797 0.351562 0.46875 0.351562 0.469727 0.352539 0.470703 0.352539 0.47168 0.353516 0.472656 0.354492 0.472656 0.356445 0.474609 0.357422 0.474609 0.359375 0.476562 0.360352 0.476562 0.361328 0.475586 0.363281 0.475586 0.364258 0.474609 0.368164 0.474609 0.369141 0.473633 0.371094 0.473633 0.373047 0.47168 0.374023 0.47168 0.374023 0.469727 0.375 0.46875 0.375 0.462891 0.374023 0.461914 0.374023 0.458984 0.37207 0.457031 0.371094 0.457031 0.370117 0.456055 0.369141 0.456055 0.368164 0.455078 0.366211 0.455078 0.360352 0.449219 0.359375 0.449219 0.358398 0.448242
0 0.398438 0.52832 0.397461 0.529297 0.395508 0.529297 0.394531 0.530273 0.393555 0.530273 0.389648 0.53418 0.389648 0.539062 0.391602 0.541016 0.391602 0.543945 0.394531 0.546875 0.395508 0.546875 0.396484 0.547852 0.398438 0.547852 0.399414 0.548828 0.401367 0.548828 0.402344 0.549805 0.40332 0.548828 0.408203 0.548828 0.410156 0.546875 0.412109 0.546875 0.414062 0.544922 0.414062 0.543945 0.415039 0.542969 0.415039 0.539062 0.414062 0.538086 0.414062 0.537109 0.413086 0.537109 0.412109 0.536133 0.412109 0.535156 0.411133 0.53418 0.411133 0.533203 0.40918 0.53125 0.408203 0.53125 0.407227 0.530273 0.40625 0.530273 0.405273 0.529297 0.40332 0.529297 0.402344 0.52832
0 0.482422 0.667969 0.482422 0.674805 0.484375 0.674805 0.484375 0.673828 0.485352 0.672852 0.485352 0.667969
0 0.375 0.481445 0.375 0.483398 0.375977 0.484375 0.375 0.485352 0.373047 0.485352 0.373047 0.486328 0.369141 0.490234 0.369141 0.491211 0.367188 0.493164 0.367188 0.494141 0.366211 0.495117 0.365234 0.495117 0.364258 0.496094 0.363281 0.496094 0.362305 0.49707 0.361328 0.49707 0.360352 0.498047 0.357422 0.498047 0.356445 0.499023 0.353516 0.499023 0.352539 0.5 0.351562 0.5 0.350586 0.500977 0.347656 0.500977 0.347656 0.503906 0.348633 0.503906 0.349609 0.504883 0.355469 0.504883 0.356445 0.505859 0.368164 0.505859 0.369141 0.504883 0.374023 0.504883 0.375 0.505859 0.375977 0.505859 0.376953 0.506836 0.378906 0.506836 0.380859 0.508789 0.384766 0.508789 0.385742 0.509766 0.388672 0.509766 0.389648 0.510742 0.392578 0.510742 0.392578 0.509766 0.393555 0.508789 0.394531 0.509766 0.396484 0.507812 0.397461 0.507812 0.398438 0.506836 0.399414 0.506836 0.400391 0.505859 0.402344 0.505859 0.40332 0.504883 0.405273 0.504883 0.405273 0.499023 0.404297 0.498047 0.405273 0.49707 0.405273 0.496094 0.404297 0.496094 0.40332 0.495117 0.40332 0.494141 0.399414 0.490234 0.397461 0.490234 0.396484 0.489258 0.395508 0.489258 0.394531 0.488281 0.393555 0.488281 0.392578 0.487305 0.391602 0.488281 0.390625 0.487305 0.389648 0.487305 0.388672 0.486328 0.387695 0.486328 0.386719 0.485352 0.383789 0.485352 0.381836 0.483398 0.379883 0.483398 0.378906 0.482422 0.378906 0.481445
0 0.375 0.5 0.375977 0.499023 0.376953 0.5 0.375977 0.500977
0 0.417969 0.160156 0.416992 0.161133 0.416992 0.163086 0.417969 0.164062 0.417969 0.166016 0.423828 0.166016 0.424805 0.165039 0.424805 0.161133 0.423828 0.160156
0 0.422852 0.151367 0.421875 0.152344 0.421875 0.158203 0.422852 0.15918 0.423828 0.15918 0.424805 0.160156 0.426758 0.160156 0.427734 0.15918 0.428711 0.15918 0.428711 0.154297 0.426758 0.152344 0.425781 0.152344 0.424805 0.151367
0 0.710938 0.0136719 0.710938 0.0185547 0.711914 0.0195312 0.717773 0.0195312 0.717773 0.015625 0.71582 0.0136719
0 0.663086 0.407227 0.662109 0.408203 0.65918 0.408203 0.658203 0.40918 0.658203 0.416016 0.65918 0.416992 0.65918 0.418945 0.661133 0.420898 0.661133 0.423828 0.662109 0.424805 0.662109 0.425781 0.663086 0.426758 0.663086 0.427734 0.664062 0.428711 0.664062 0.429688 0.665039 0.430664 0.669922 0.430664 0.673828 0.426758 0.673828 0.425781 0.674805 0.424805 0.674805 0.423828 0.676758 0.421875 0.677734 0.421875 0.677734 0.418945 0.676758 0.417969 0.676758 0.414062 0.675781 0.413086 0.675781 0.411133 0.672852 0.408203 0.671875 0.408203 0.670898 0.407227
0 0.615234 0.353516 0.614258 0.354492 0.614258 0.355469 0.613281 0.356445 0.613281 0.358398 0.611328 0.360352 0.611328 0.362305 0.610352 0.363281 0.610352 0.369141 0.609375 0.370117 0.609375 0.373047 0.610352 0.374023 0.610352 0.375977 0.612305 0.37793 0.615234 0.37793 0.616211 0.376953 0.619141 0.376953 0.620117 0.375977 0.62207 0.375977 0.624023 0.374023 0.624023 0.37207 0.625 0.371094 0.625 0.368164 0.625977 0.367188 0.625977 0.366211 0.626953 0.365234 0.626953 0.362305 0.625977 0.361328 0.625977 0.358398 0.625 0.357422 0.625 0.356445 0.624023 0.356445 0.62207 0.354492 0.618164 0.354492 0.617188 0.353516
0 0.464844 0.657227 0.462891 0.65918 0.462891 0.663086 0.463867 0.664062 0.466797 0.664062 0.466797 0.663086 0.46875 0.661133 0.46875 0.657227
0 0.0195312 0.447266 0.0175781 0.449219 0.0175781 0.452148 0.015625 0.454102 0.0166016 0.454102 0.0175781 0.455078 0.0175781 0.460938 0.0185547 0.461914 0.0185547 0.462891 0.0195312 0.463867 0.0195312 0.464844 0.0205078 0.46582 0.0214844 0.46582 0.0234375 0.467773 0.0302734 0.467773 0.03125 0.466797 0.03125 0.462891 0.0302734 0.461914 0.0322266 0.459961 0.0322266 0.457031 0.03125 0.456055 0.03125 0.455078 0.0302734 0.454102 0.0302734 0.451172 0.0292969 0.450195 0.0292969 0.449219 0.0283203 0.448242 0.0263672 0.448242 0.0253906 0.447266
0 0.733398 0.101562 0.732422 0.102539 0.732422 0.107422 0.733398 0.108398 0.734375 0.108398 0.735352 0.109375 0.739258 0.109375 0.739258 0.104492 0.738281 0.103516 0.738281 0.101562
0 0.0380859 0.196289 0.0371094 0.197266 0.0361328 0.197266 0.0332031 0.200195 0.0322266 0.200195 0.03125 0.201172 0.03125 0.202148 0.0302734 0.203125 0.0302734 0.204102 0.0283203 0.206055 0.0283203 0.208984 0.0292969 0.209961 0.0292969 0.210938 0.0302734 0.211914 0.0302734 0.21582 0.0322266 0.217773 0.0371094 0.217773 0.0380859 0.216797 0.0390625 0.216797 0.0400391 0.21582 0.0410156 0.21582 0.0429688 0.213867 0.0439453 0.213867 0.0449219 0.212891 0.0458984 0.212891 0.046875 0.211914 0.0498047 0.211914 0.0498047 0.209961 0.0507812 0.208984 0.0507812 0.207031 0.0517578 0.206055 0.0517578 0.204102 0.0527344 0.203125 0.0527344 0.201172 0.0517578 0.200195 0.0517578 0.199219 0.0507812 0.198242 0.0458984 0.198242 0.0449219 0.197266 0.0400391 0.197266 0.0390625 0.196289
0 0.337891 0.722656 0.335938 0.724609 0.334961 0.724609 0.333008 0.726562 0.332031 0.726562 0.331055 0.727539 0.331055 0.728516 0.330078 0.729492 0.330078 0.730469 0.329102 0.731445 0.329102 0.733398 0.330078 0.734375 0.330078 0.735352 0.332031 0.737305 0.332031 0.739258 0.333984 0.741211 0.333984 0.742188 0.334961 0.743164 0.334961 0.744141 0.336914 0.746094 0.336914 0.74707 0.338867 0.74707 0.339844 0.746094 0.341797 0.746094 0.342773 0.74707 0.344727 0.74707 0.345703 0.746094 0.345703 0.745117 0.34668 0.744141 0.345703 0.743164 0.34668 0.742188 0.34668 0.738281 0.347656 0.737305 0.347656 0.733398 0.348633 0.732422 0.348633 0.730469 0.347656 0.729492 0.347656 0.727539 0.34668 0.727539 0.342773 0.723633 0.341797 0.723633 0.34082 0.722656
0 0.301758 0.0712891 0.299805 0.0732422 0.299805 0.078125 0.300781 0.078125 0.301758 0.0791016 0.305664 0.0791016 0.306641 0.078125 0.306641 0.0732422 0.305664 0.0722656 0.305664 0.0712891
0 0.726562 0.441406 0.725586 0.442383 0.723633 0.442383 0.722656 0.443359 0.719727 0.443359 0.719727 0.444336 0.717773 0.446289 0.717773 0.447266 0.716797 0.448242 0.716797 0.449219 0.71582 0.450195 0.71582 0.451172 0.714844 0.452148 0.714844 0.466797 0.71582 0.467773 0.71875 0.467773 0.719727 0.466797 0.722656 0.466797 0.723633 0.46582 0.724609 0.46582 0.725586 0.464844 0.725586 0.463867 0.726562 0.462891 0.726562 0.461914 0.727539 0.460938 0.727539 0.459961 0.729492 0.458008 0.729492 0.456055 0.730469 0.455078 0.730469 0.451172 0.731445 0.450195 0.731445 0.448242 0.730469 0.447266 0.730469 0.446289 0.729492 0.445312 0.729492 0.443359 0.728516 0.442383 0.728516 0.441406
0 0.59375 0.273438 0.592773 0.274414 0.591797 0.274414 0.59082 0.275391 0.589844 0.275391 0.586914 0.27832 0.586914 0.286133 0.587891 0.287109 0.587891 0.288086 0.589844 0.290039 0.59082 0.290039 0.591797 0.291016 0.599609 0.291016 0.599609 0.290039 0.602539 0.287109 0.602539 0.286133 0.603516 0.285156 0.603516 0.279297 0.602539 0.27832 0.602539 0.277344 0.601562 0.276367 0.601562 0.275391 0.600586 0.275391 0.598633 0.273438
0 0.881836 0.0302734 0.881836 0.03125 0.880859 0.0322266 0.880859 0.0361328 0.886719 0.0361328 0.887695 0.0351562 0.887695 0.03125 0.886719 0.0302734
0 0.00585938 0.348633 0.00195312 0.352539 0.000976562 0.352539 0 0.353516 0 0.375977 0.000976562 0.375977 0.00195312 0.376953 0.00292969 0.376953 0.00390625 0.37793 0.0117188 0.37793 0.0136719 0.375977 0.0146484 0.375977 0.0175781 0.373047 0.0175781 0.371094 0.0185547 0.370117 0.0185547 0.369141 0.0195312 0.368164 0.0195312 0.367188 0.0205078 0.366211 0.0205078 0.364258 0.0214844 0.363281 0.0214844 0.358398 0.0205078 0.357422 0.0205078 0.355469 0.0185547 0.353516 0.0185547 0.352539 0.015625 0.349609 0.0126953 0.349609 0.0117188 0.348633 0.0078125 0.348633 0.00683594 0.349609
0 0.571289 0.616211 0.570312 0.617188 0.570312 0.620117 0.572266 0.620117 0.574219 0.62207 0.576172 0.62207 0.576172 0.616211
0 0.569336 0.0712891 0.568359 0.0722656 0.567383 0.0722656 0.566406 0.0732422 0.566406 0.0742188 0.564453 0.0761719 0.564453 0.0771484 0.563477 0.078125 0.563477 0.0859375 0.56543 0.0859375 0.566406 0.0869141 0.567383 0.0869141 0.568359 0.0878906 0.574219 0.0878906 0.575195 0.0869141 0.576172 0.0869141 0.577148 0.0859375 0.577148 0.0849609 0.578125 0.0839844 0.578125 0.0791016 0.577148 0.078125 0.577148 0.0771484 0.576172 0.0761719 0.576172 0.0751953 0.573242 0.0722656 0.572266 0.0722656 0.571289 0.0712891
0 0.168945 0.00390625 0.167969 0.00488281 0.167969 0.0107422 0.168945 0.0117188 0.173828 0.0117188 0.173828 0.00488281 0.172852 0.00390625
