0 0.9375 0.285156 0.917969 0.304688 0.917969 0.320312 0.925781 0.328125 0.933594 0.328125 0.9375 0.324219 0.941406 0.324219 0.945312 0.320312 0.949219 0.320312 0.953125 0.316406 0.953125 0.3125 0.957031 0.308594 0.957031 0.292969 0.949219 0.285156
0 0.0976562 0.644531 0.09375 0.648438 0.0898438 0.648438 0.0820312 0.65625 0.0742188 0.65625 0.0703125 0.660156 0.0703125 0.675781 0.0742188 0.679688 0.0742188 0.683594 0.078125 0.6875 0.078125 0.691406 0.0976562 0.710938 0.0976562 0.71875 0.101562 0.71875 0.105469 0.714844 0.109375 0.714844 0.113281 0.710938 0.121094 0.710938 0.128906 0.703125 0.132812 0.703125 0.132812 0.679688 0.128906 0.675781 0.128906 0.671875 0.125 0.667969 0.125 0.664062 0.121094 0.660156 0.121094 0.65625 0.117188 0.652344 0.113281 0.652344 0.105469 0.644531
0 0.765625 0.363281 0.761719 0.367188 0.757812 0.367188 0.757812 0.371094 0.75 0.378906 0.75 0.394531 0.753906 0.398438 0.753906 0.402344 0.761719 0.410156 0.777344 0.410156 0.78125 0.40625 0.78125 0.402344 0.789062 0.394531 0.789062 0.390625 0.792969 0.386719 0.792969 0.378906 0.785156 0.371094 0.785156 0.367188 0.78125 0.367188 0.777344 0.363281
0 0.476562 0.878906 0.472656 0.882812 0.464844 0.882812 0.460938 0.886719 0.457031 0.886719 0.457031 0.902344 0.464844 0.910156 0.46875 0.910156 0.472656 0.914062 0.492188 0.914062 0.496094 0.910156 0.5 0.910156 0.503906 0.90625 0.503906 0.882812 0.5 0.882812 0.496094 0.878906
0 0.863281 0.921875 0.859375 0.925781 0.855469 0.925781 0.855469 0.929688 0.847656 0.9375 0.847656 0.960938 0.855469 0.96875 0.867188 0.96875 0.871094 0.964844 0.875 0.964844 0.875 0.960938 0.882812 0.953125 0.882812 0.929688 0.875 0.921875
0 0.339844 0.496094 0.335938 0.5 0.335938 0.511719 0.339844 0.515625 0.339844 0.527344 0.347656 0.535156 0.359375 0.535156 0.363281 0.539062 0.371094 0.539062 0.382812 0.527344 0.382812 0.523438 0.378906 0.519531 0.378906 0.515625 0.363281 0.5 0.359375 0.5 0.355469 0.496094
0 0.992188 0.789062 0.988281 0.792969 0.984375 0.792969 0.984375 0.796875 0.976562 0.804688 0.976562 0.828125 0.984375 0.835938 0.996094 0.835938 0.996094 0.789062
0 0.164062 0.167969 0.160156 0.171875 0.148438 0.171875 0.144531 0.175781 0.140625 0.175781 0.132812 0.183594 0.132812 0.203125 0.140625 0.210938 0.160156 0.210938 0.164062 0.207031 0.167969 0.207031 0.171875 0.203125 0.175781 0.203125 0.179688 0.199219 0.179688 0.195312 0.183594 0.191406 0.183594 0.179688 0.175781 0.171875 0.167969 0.171875
0 0.710938 0.605469 0.703125 0.613281 0.703125 0.617188 0.699219 0.621094 0.699219 0.636719 0.707031 0.644531 0.707031 0.648438 0.710938 0.652344 0.714844 0.652344 0.71875 0.65625 0.722656 0.65625 0.726562 0.660156 0.742188 0.660156 0.746094 0.65625 0.746094 0.648438 0.75 0.644531 0.75 0.632812 0.746094 0.628906 0.746094 0.621094 0.738281 0.613281 0.738281 0.609375 0.734375 0.609375 0.730469 0.605469
0 0.757812 0.0273438 0.746094 0.0390625 0.746094 0.046875 0.75 0.0507812 0.75 0.0546875 0.757812 0.0546875 0.761719 0.0585938 0.769531 0.0585938 0.773438 0.0546875 0.78125 0.0546875 0.789062 0.046875 0.789062 0.0351562 0.78125 0.0273438
0 0.5625 0.195312 0.558594 0.199219 0.554688 0.199219 0.550781 0.203125 0.542969 0.203125 0.535156 0.210938 0.535156 0.214844 0.53125 0.21875 0.53125 0.238281 0.539062 0.246094 0.550781 0.246094 0.554688 0.242188 0.5625 0.242188 0.574219 0.230469 0.578125 0.230469 0.582031 0.226562 0.582031 0.222656 0.585938 0.21875 0.585938 0.207031 0.582031 0.203125 0.582031 0.199219 0.574219 0.199219 0.570312 0.195312
0 0.160156 0 0.15625 0.00390625 0.148438 0.00390625 0.144531 0.0078125 0.140625 0.0078125 0.136719 0.0117188 0.128906 0.0117188 0.121094 0.0195312 0.121094 0.0507812 0.128906 0.0585938 0.15625 0.0585938 0.160156 0.0546875 0.164062 0.0546875 0.167969 0.0507812 0.171875 0.0507812 0.179688 0.0429688 0.183594 0.0429688 0.191406 0.0351562 0.191406 0.03125 0.195312 0.0273438 0.195312 0.015625 0.199219 0.0117188 0.203125 0.0117188 0.203125 0.00390625 0.199219 0
0 0.5 0.667969 0.496094 0.671875 0.492188 0.671875 0.484375 0.679688 0.484375 0.683594 0.480469 0.6875 0.480469 0.703125 0.476562 0.707031 0.476562 0.714844 0.480469 0.71875 0.480469 0.734375 0.484375 0.738281 0.484375 0.742188 0.492188 0.75 0.511719 0.75 0.515625 0.746094 0.515625 0.742188 0.523438 0.734375 0.523438 0.726562 0.527344 0.722656 0.527344 0.695312 0.523438 0.691406 0.523438 0.683594 0.511719 0.671875 0.507812 0.671875 0.503906 0.667969
0 0.585938 0.371094 0.570312 0.386719 0.570312 0.414062 0.574219 0.414062 0.578125 0.417969 0.59375 0.417969 0.597656 0.414062 0.601562 0.414062 0.605469 0.410156 0.605469 0.390625 0.601562 0.386719 0.605469 0.382812 0.601562 0.378906 0.601562 0.375 0.597656 0.375 0.59375 0.371094
0 0.898438 0.582031 0.894531 0.585938 0.890625 0.585938 0.882812 0.59375 0.878906 0.59375 0.875 0.597656 0.875 0.617188 0.878906 0.621094 0.902344 0.621094 0.90625 0.617188 0.90625 0.613281 0.910156 0.609375 0.910156 0.605469 0.914062 0.601562 0.914062 0.59375 0.910156 0.589844 0.910156 0.585938 0.90625 0.585938 0.902344 0.582031
0 0.683594 0.398438 0.675781 0.40625 0.675781 0.414062 0.671875 0.417969 0.671875 0.433594 0.675781 0.4375 0.675781 0.445312 0.6875 0.445312 0.691406 0.441406 0.695312 0.441406 0.699219 0.4375 0.699219 0.433594 0.703125 0.429688 0.703125 0.402344 0.699219 0.402344 0.695312 0.398438
0 0.726562 0.933594 0.71875 0.941406 0.71875 0.945312 0.714844 0.949219 0.714844 0.960938 0.710938 0.964844 0.710938 0.972656 0.714844 0.976562 0.714844 0.980469 0.71875 0.984375 0.71875 0.988281 0.722656 0.988281 0.726562 0.992188 0.734375 0.992188 0.738281 0.988281 0.742188 0.988281 0.746094 0.984375 0.746094 0.980469 0.75 0.976562 0.75 0.972656 0.753906 0.96875 0.753906 0.949219 0.75 0.945312 0.75 0.941406 0.742188 0.933594
0 0.542969 0.132812 0.539062 0.136719 0.535156 0.136719 0.527344 0.144531 0.527344 0.175781 0.53125 0.179688 0.53125 0.1875 0.535156 0.191406 0.539062 0.191406 0.542969 0.195312 0.542969 0.199219 0.550781 0.199219 0.554688 0.195312 0.558594 0.195312 0.5625 0.191406 0.566406 0.191406 0.570312 0.1875 0.578125 0.1875 0.578125 0.148438 0.574219 0.144531 0.574219 0.140625 0.566406 0.132812
0 0.09375 0.375 0.0898438 0.378906 0.0859375 0.378906 0.078125 0.386719 0.0742188 0.386719 0.0742188 0.390625 0.0703125 0.394531 0.0703125 0.398438 0.0625 0.40625 0.0625 0.429688 0.0703125 0.4375 0.0820312 0.4375 0.0859375 0.433594 0.0898438 0.433594 0.09375 0.429688 0.09375 0.425781 0.0976562 0.421875 0.101562 0.421875 0.101562 0.417969 0.105469 0.414062 0.105469 0.410156 0.109375 0.40625 0.109375 0.402344 0.113281 0.398438 0.113281 0.382812 0.105469 0.375
