0 0.839844 0.660156 0.835938 0.664062 0.832031 0.664062 0.828125 0.667969 0.824219 0.667969 0.8125 0.679688 0.8125 0.683594 0.808594 0.6875 0.808594 0.691406 0.804688 0.695312 0.804688 0.710938 0.808594 0.714844 0.808594 0.71875 0.8125 0.722656 0.8125 0.726562 0.816406 0.730469 0.820312 0.730469 0.824219 0.734375 0.855469 0.734375 0.859375 0.730469 0.863281 0.730469 0.875 0.71875 0.875 0.710938 0.878906 0.707031 0.878906 0.695312 0.875 0.691406 0.875 0.683594 0.871094 0.679688 0.871094 0.675781 0.863281 0.667969 0.859375 0.667969 0.851562 0.660156
0 0.15625 0.613281 0.152344 0.617188 0.144531 0.617188 0.140625 0.621094 0.128906 0.621094 0.117188 0.632812 0.117188 0.644531 0.113281 0.648438 0.113281 0.652344 0.109375 0.65625 0.109375 0.675781 0.113281 0.679688 0.113281 0.683594 0.125 0.695312 0.128906 0.695312 0.132812 0.699219 0.167969 0.699219 0.183594 0.683594 0.183594 0.679688 0.195312 0.667969 0.195312 0.660156 0.199219 0.65625 0.199219 0.648438 0.195312 0.644531 0.195312 0.640625 0.1875 0.632812 0.1875 0.628906 0.179688 0.621094 0.175781 0.621094 0.171875 0.617188 0.164062 0.617188 0.160156 0.613281
0 0.800781 0.851562 0.789062 0.863281 0.785156 0.863281 0.78125 0.867188 0.78125 0.890625 0.789062 0.898438 0.792969 0.898438 0.796875 0.902344 0.816406 0.902344 0.820312 0.898438 0.820312 0.882812 0.816406 0.878906 0.816406 0.867188 0.820312 0.863281 0.820312 0.855469 0.816406 0.851562
0 0.972656 0 0.972656 0.00390625 0.96875 0.0078125 0.96875 0.0117188 0.964844 0.015625 0.964844 0.0390625 0.96875 0.0429688 0.96875 0.0507812 0.976562 0.0585938 0.996094 0.0585938 0.996094 0
0 0.0546875 0.78125 0.0507812 0.785156 0.0507812 0.792969 0.0546875 0.796875 0.0625 0.796875 0.0664062 0.792969 0.0664062 0.785156 0.0625 0.78125
0 0.992188 0.183594 0.980469 0.195312 0.980469 0.199219 0.976562 0.203125 0.976562 0.214844 0.980469 0.21875 0.980469 0.222656 0.984375 0.226562 0.984375 0.230469 0.992188 0.238281 0.996094 0.238281 0.996094 0.183594
0 0.546875 0.945312 0.542969 0.949219 0.539062 0.949219 0.535156 0.953125 0.527344 0.953125 0.519531 0.960938 0.519531 0.96875 0.515625 0.972656 0.515625 0.992188 0.519531 0.996094 0.59375 0.996094 0.59375 0.984375 0.589844 0.980469 0.589844 0.96875 0.585938 0.964844 0.585938 0.960938 0.578125 0.953125 0.574219 0.953125 0.570312 0.949219 0.566406 0.949219 0.5625 0.945312
0 0 0.0546875 0 0.128906 0.0078125 0.128906 0.03125 0.105469 0.03125 0.0898438 0.0351562 0.0859375 0.0351562 0.0820312 0.03125 0.078125 0.03125 0.0703125 0.0234375 0.0625 0.0234375 0.0585938 0.0195312 0.0546875
0 0.671875 0.402344 0.667969 0.40625 0.652344 0.40625 0.640625 0.417969 0.640625 0.421875 0.636719 0.425781 0.636719 0.464844 0.640625 0.46875 0.640625 0.472656 0.65625 0.488281 0.667969 0.488281 0.671875 0.492188 0.683594 0.492188 0.695312 0.480469 0.695312 0.476562 0.699219 0.472656 0.699219 0.46875 0.703125 0.464844 0.703125 0.425781 0.699219 0.421875 0.699219 0.417969 0.6875 0.40625 0.683594 0.40625 0.679688 0.402344
0 0.917969 0.832031 0.914062 0.835938 0.914062 0.839844 0.910156 0.84375 0.910156 0.871094 0.917969 0.878906 0.925781 0.878906 0.929688 0.882812 0.933594 0.882812 0.941406 0.875 0.941406 0.851562 0.9375 0.847656 0.9375 0.84375 0.933594 0.839844 0.933594 0.835938 0.929688 0.832031
0 0.621094 0.207031 0.617188 0.210938 0.605469 0.210938 0.601562 0.214844 0.597656 0.214844 0.585938 0.226562 0.585938 0.234375 0.582031 0.238281 0.582031 0.246094 0.585938 0.25 0.585938 0.261719 0.589844 0.265625 0.589844 0.269531 0.59375 0.273438 0.59375 0.277344 0.601562 0.285156 0.605469 0.285156 0.613281 0.292969 0.636719 0.292969 0.640625 0.289062 0.644531 0.289062 0.648438 0.285156 0.652344 0.285156 0.65625 0.28125 0.65625 0.277344 0.660156 0.273438 0.660156 0.261719 0.664062 0.257812 0.664062 0.253906 0.660156 0.25 0.660156 0.238281 0.65625 0.234375 0.65625 0.230469 0.652344 0.226562 0.652344 0.222656 0.640625 0.210938 0.636719 0.210938 0.632812 0.207031
0 0.683594 0.792969 0.660156 0.816406 0.660156 0.824219 0.65625 0.828125 0.65625 0.835938 0.660156 0.839844 0.660156 0.84375 0.667969 0.851562 0.671875 0.851562 0.679688 0.859375 0.691406 0.859375 0.695312 0.855469 0.699219 0.855469 0.710938 0.84375 0.710938 0.835938 0.714844 0.832031 0.714844 0.8125 0.710938 0.808594 0.710938 0.800781 0.707031 0.796875 0.703125 0.796875 0.699219 0.792969
0 0 0.875 0 0.949219 0.00390625 0.945312 0.0195312 0.945312 0.0273438 0.9375 0.0273438 0.933594 0.03125 0.929688 0.03125 0.925781 0.0351562 0.921875 0.0351562 0.910156 0.03125 0.90625 0.03125 0.894531 0.0195312 0.882812 0.015625 0.882812 0.0078125 0.875
0 0.839844 0 0.839844 0.0234375 0.847656 0.03125 0.855469 0.03125 0.863281 0.0234375 0.863281 0.015625 0.867188 0.0117188 0.867188 0
0 0.796875 0.316406 0.792969 0.320312 0.789062 0.320312 0.78125 0.328125 0.78125 0.332031 0.777344 0.335938 0.777344 0.34375 0.78125 0.347656 0.78125 0.355469 0.789062 0.363281 0.792969 0.363281 0.800781 0.371094 0.824219 0.371094 0.828125 0.367188 0.832031 0.367188 0.839844 0.359375 0.839844 0.339844 0.835938 0.335938 0.835938 0.332031 0.824219 0.320312 0.820312 0.320312 0.816406 0.316406
0 0.484375 0.367188 0.480469 0.371094 0.476562 0.371094 0.46875 0.378906 0.464844 0.378906 0.457031 0.386719 0.457031 0.410156 0.464844 0.417969 0.496094 0.417969 0.515625 0.398438 0.515625 0.378906 0.507812 0.371094 0.5 0.371094 0.496094 0.367188
0 0.871094 0.460938 0.867188 0.464844 0.863281 0.464844 0.859375 0.46875 0.859375 0.472656 0.851562 0.480469 0.851562 0.484375 0.847656 0.488281 0.847656 0.492188 0.84375 0.496094 0.84375 0.515625 0.847656 0.519531 0.847656 0.523438 0.851562 0.527344 0.851562 0.535156 0.855469 0.539062 0.855469 0.542969 0.859375 0.546875 0.863281 0.546875 0.871094 0.554688 0.890625 0.554688 0.898438 0.546875 0.898438 0.542969 0.90625 0.535156 0.90625 0.527344 0.910156 0.523438 0.910156 0.511719 0.914062 0.507812 0.914062 0.503906 0.910156 0.5 0.910156 0.488281 0.90625 0.484375 0.90625 0.480469 0.890625 0.464844 0.882812 0.464844 0.878906 0.460938
0 0.824219 0.847656 0.820312 0.851562 0.824219 0.855469 0.824219 0.863281 0.820312 0.867188 0.820312 0.878906 0.824219 0.882812 0.824219 0.898438 0.820312 0.902344 0.824219 0.90625 0.835938 0.90625 0.839844 0.902344 0.847656 0.902344 0.855469 0.894531 0.855469 0.867188 0.84375 0.855469 0.835938 0.855469 0.828125 0.847656
0 0.203125 0.171875 0.199219 0.175781 0.195312 0.175781 0.191406 0.179688 0.1875 0.179688 0.167969 0.199219 0.167969 0.203125 0.164062 0.207031 0.164062 0.21875 0.167969 0.222656 0.167969 0.230469 0.175781 0.238281 0.179688 0.238281 0.1875 0.246094 0.195312 0.246094 0.199219 0.25 0.21875 0.25 0.222656 0.246094 0.226562 0.246094 0.234375 0.238281 0.234375 0.226562 0.238281 0.222656 0.238281 0.21875 0.242188 0.214844 0.242188 0.199219 0.234375 0.191406 0.234375 0.1875 0.222656 0.175781 0.21875 0.175781 0.214844 0.171875
0 0.816406 0.125 0.8125 0.128906 0.808594 0.128906 0.800781 0.136719 0.800781 0.15625 0.804688 0.160156 0.804688 0.164062 0.8125 0.171875 0.816406 0.171875 0.828125 0.183594 0.851562 0.183594 0.863281 0.171875 0.863281 0.15625 0.859375 0.152344 0.859375 0.148438 0.855469 0.144531 0.855469 0.140625 0.84375 0.128906 0.835938 0.128906 0.832031 0.125
0 0.3125 0.558594 0.308594 0.5625 0.304688 0.5625 0.296875 0.570312 0.296875 0.574219 0.292969 0.578125 0.292969 0.589844 0.304688 0.601562 0.308594 0.601562 0.3125 0.605469 0.34375 0.605469 0.347656 0.601562 0.347656 0.597656 0.355469 0.589844 0.355469 0.570312 0.347656 0.5625 0.34375 0.5625 0.339844 0.558594
0 0.433594 0.0664062 0.429688 0.0703125 0.425781 0.0703125 0.410156 0.0859375 0.410156 0.101562 0.40625 0.105469 0.40625 0.113281 0.410156 0.117188 0.410156 0.125 0.414062 0.128906 0.414062 0.132812 0.421875 0.140625 0.425781 0.140625 0.429688 0.144531 0.457031 0.144531 0.460938 0.140625 0.464844 0.140625 0.488281 0.117188 0.488281 0.0820312 0.476562 0.0703125 0.472656 0.0703125 0.46875 0.0664062
0 0.109375 0.894531 0.105469 0.898438 0.105469 0.902344 0.0976562 0.910156 0.0976562 0.925781 0.09375 0.929688 0.09375 0.9375 0.109375 0.953125 0.125 0.953125 0.136719 0.941406 0.136719 0.90625 0.125 0.894531
0 0.464844 0.238281 0.460938 0.242188 0.457031 0.242188 0.453125 0.246094 0.449219 0.246094 0.4375 0.257812 0.4375 0.265625 0.433594 0.269531 0.433594 0.28125 0.4375 0.285156 0.4375 0.289062 0.441406 0.292969 0.464844 0.292969 0.46875 0.289062 0.472656 0.289062 0.480469 0.28125 0.480469 0.277344 0.484375 0.273438 0.484375 0.265625 0.488281 0.261719 0.488281 0.253906 0.472656 0.238281
0 0.296875 0.046875 0.292969 0.0507812 0.289062 0.0507812 0.28125 0.0585938 0.28125 0.0820312 0.285156 0.0859375 0.292969 0.0859375 0.300781 0.09375 0.324219 0.09375 0.328125 0.0898438 0.332031 0.0898438 0.335938 0.0859375 0.335938 0.0820312 0.339844 0.078125 0.339844 0.0625 0.332031 0.0546875 0.328125 0.0546875 0.324219 0.0507812 0.316406 0.0507812 0.3125 0.046875
0 0.75 0.960938 0.746094 0.964844 0.742188 0.964844 0.730469 0.976562 0.730469 0.996094 0.792969 0.996094 0.792969 0.980469 0.789062 0.976562 0.789062 0.972656 0.78125 0.964844 0.777344 0.964844 0.773438 0.960938
0 0.230469 0.871094 0.226562 0.875 0.222656 0.875 0.21875 0.878906 0.214844 0.878906 0.207031 0.886719 0.207031 0.898438 0.203125 0.902344 0.203125 0.910156 0.214844 0.921875 0.238281 0.921875 0.246094 0.914062 0.246094 0.910156 0.25 0.90625 0.25 0.886719 0.242188 0.878906 0.242188 0.875 0.238281 0.871094
