0 0.128906 0.375 0.125 0.378906 0.117188 0.378906 0.113281 0.382812 0.105469 0.382812 0.0898438 0.398438 0.0898438 0.402344 0.0859375 0.40625 0.0859375 0.429688 0.0898438 0.433594 0.0898438 0.441406 0.0976562 0.449219 0.101562 0.449219 0.105469 0.453125 0.109375 0.453125 0.117188 0.460938 0.136719 0.460938 0.140625 0.457031 0.144531 0.457031 0.148438 0.453125 0.152344 0.453125 0.167969 0.4375 0.167969 0.402344 0.164062 0.398438 0.164062 0.394531 0.144531 0.375
0 0.644531 0.457031 0.640625 0.460938 0.636719 0.460938 0.632812 0.464844 0.632812 0.472656 0.636719 0.476562 0.640625 0.476562 0.644531 0.480469 0.652344 0.480469 0.65625 0.476562 0.65625 0.464844 0.648438 0.457031
0 0.976562 0.699219 0.96875 0.707031 0.960938 0.707031 0.953125 0.714844 0.953125 0.753906 0.96875 0.769531 0.972656 0.769531 0.976562 0.773438 0.996094 0.773438 0.996094 0.699219
0 0.195312 0.695312 0.191406 0.699219 0.183594 0.699219 0.179688 0.703125 0.171875 0.703125 0.167969 0.707031 0.167969 0.710938 0.164062 0.714844 0.164062 0.730469 0.167969 0.734375 0.167969 0.738281 0.171875 0.742188 0.171875 0.746094 0.179688 0.753906 0.183594 0.753906 0.1875 0.757812 0.199219 0.757812 0.203125 0.753906 0.210938 0.753906 0.21875 0.746094 0.21875 0.742188 0.222656 0.738281 0.222656 0.710938 0.214844 0.703125 0.210938 0.703125 0.203125 0.695312
0 0.769531 0.710938 0.757812 0.722656 0.753906 0.722656 0.75 0.726562 0.75 0.730469 0.746094 0.734375 0.746094 0.738281 0.738281 0.746094 0.738281 0.75 0.734375 0.753906 0.734375 0.773438 0.738281 0.777344 0.738281 0.785156 0.757812 0.804688 0.761719 0.804688 0.769531 0.8125 0.785156 0.8125 0.789062 0.808594 0.789062 0.800781 0.796875 0.792969 0.8125 0.792969 0.820312 0.785156 0.820312 0.78125 0.824219 0.777344 0.824219 0.765625 0.828125 0.761719 0.828125 0.742188 0.824219 0.738281 0.824219 0.734375 0.816406 0.726562 0.8125 0.726562 0.804688 0.71875 0.792969 0.71875 0.789062 0.714844 0.785156 0.714844 0.78125 0.710938
0 0.71875 0.257812 0.714844 0.261719 0.707031 0.261719 0.695312 0.273438 0.695312 0.28125 0.691406 0.285156 0.691406 0.292969 0.699219 0.300781 0.699219 0.304688 0.707031 0.3125 0.710938 0.3125 0.714844 0.316406 0.730469 0.316406 0.734375 0.320312 0.742188 0.320312 0.75 0.3125 0.753906 0.3125 0.757812 0.308594 0.757812 0.296875 0.753906 0.292969 0.753906 0.273438 0.75 0.269531 0.746094 0.269531 0.742188 0.265625 0.738281 0.265625 0.734375 0.261719 0.726562 0.261719 0.722656 0.257812
0 0.84375 0.972656 0.839844 0.976562 0.835938 0.976562 0.832031 0.980469 0.828125 0.980469 0.820312 0.988281 0.820312 0.996094 0.890625 0.996094 0.890625 0.988281 0.886719 0.984375 0.882812 0.984375 0.878906 0.980469 0.871094 0.980469 0.867188 0.976562 0.859375 0.976562 0.855469 0.972656
0 0.78125 0.875 0.777344 0.878906 0.769531 0.878906 0.765625 0.882812 0.761719 0.882812 0.753906 0.890625 0.75 0.890625 0.746094 0.894531 0.742188 0.894531 0.738281 0.898438 0.734375 0.898438 0.726562 0.90625 0.726562 0.910156 0.722656 0.914062 0.722656 0.917969 0.71875 0.921875 0.71875 0.925781 0.714844 0.929688 0.714844 0.9375 0.71875 0.941406 0.71875 0.945312 0.730469 0.957031 0.761719 0.957031 0.769531 0.949219 0.808594 0.949219 0.816406 0.941406 0.820312 0.941406 0.828125 0.933594 0.828125 0.929688 0.832031 0.925781 0.832031 0.921875 0.828125 0.917969 0.828125 0.914062 0.824219 0.910156 0.824219 0.902344 0.796875 0.875
0 0.882812 0.714844 0.878906 0.71875 0.878906 0.726562 0.882812 0.730469 0.890625 0.730469 0.894531 0.726562 0.894531 0.71875 0.890625 0.714844
0 0.898438 0 0.902344 0.00390625 0.902344 0.0078125 0.90625 0.0117188 0.914062 0.0117188 0.917969 0.015625 0.921875 0.015625 0.925781 0.0117188 0.933594 0.0117188 0.945312 0
0 0.992188 0.148438 0.984375 0.15625 0.980469 0.15625 0.976562 0.160156 0.976562 0.179688 0.980469 0.183594 0.980469 0.1875 0.984375 0.191406 0.996094 0.191406 0.996094 0.148438
0 0 0.648438 0 0.699219 0.0078125 0.691406 0.0078125 0.679688 0.0117188 0.675781 0.0117188 0.660156
0 0.691406 0.363281 0.675781 0.378906 0.671875 0.378906 0.664062 0.386719 0.664062 0.390625 0.660156 0.394531 0.660156 0.398438 0.652344 0.40625 0.652344 0.417969 0.65625 0.421875 0.65625 0.429688 0.664062 0.4375 0.664062 0.453125 0.667969 0.457031 0.6875 0.457031 0.695312 0.464844 0.714844 0.464844 0.71875 0.460938 0.726562 0.460938 0.730469 0.457031 0.738281 0.457031 0.742188 0.453125 0.753906 0.453125 0.769531 0.4375 0.769531 0.429688 0.773438 0.425781 0.773438 0.421875 0.769531 0.417969 0.769531 0.402344 0.746094 0.378906 0.742188 0.378906 0.738281 0.375 0.730469 0.375 0.722656 0.367188 0.71875 0.367188 0.714844 0.363281
0 0.671875 0.53125 0.667969 0.535156 0.664062 0.535156 0.648438 0.550781 0.644531 0.550781 0.640625 0.554688 0.640625 0.574219 0.660156 0.59375 0.667969 0.59375 0.671875 0.597656 0.675781 0.597656 0.679688 0.59375 0.683594 0.59375 0.695312 0.582031 0.695312 0.566406 0.699219 0.5625 0.699219 0.550781 0.695312 0.546875 0.695312 0.542969 0.691406 0.539062 0.6875 0.539062 0.679688 0.53125
0 0.589844 0 0.585938 0.00390625 0.585938 0.015625 0.589844 0.0195312 0.589844 0.0273438 0.59375 0.03125 0.59375 0.0351562 0.601562 0.0429688 0.605469 0.0429688 0.609375 0.046875 0.613281 0.046875 0.617188 0.0507812 0.640625 0.0507812 0.644531 0.046875 0.648438 0.046875 0.660156 0.0351562 0.660156 0.03125 0.664062 0.0273438 0.664062 0.0234375 0.667969 0.0195312 0.667969 0
0 0.382812 0.960938 0.378906 0.964844 0.371094 0.964844 0.367188 0.96875 0.363281 0.96875 0.347656 0.984375 0.347656 0.996094 0.421875 0.996094 0.421875 0.992188 0.417969 0.988281 0.417969 0.984375 0.40625 0.972656 0.402344 0.972656 0.394531 0.964844 0.390625 0.964844 0.386719 0.960938
0 0.949219 0.636719 0.945312 0.640625 0.941406 0.640625 0.941406 0.65625 0.9375 0.660156 0.9375 0.667969 0.933594 0.671875 0.933594 0.679688 0.925781 0.6875 0.925781 0.691406 0.933594 0.699219 0.9375 0.699219 0.941406 0.703125 0.945312 0.703125 0.953125 0.710938 0.960938 0.703125 0.96875 0.703125 0.976562 0.695312 0.996094 0.695312 0.996094 0.667969 0.992188 0.667969 0.984375 0.660156 0.984375 0.65625 0.976562 0.648438 0.972656 0.648438 0.964844 0.640625 0.960938 0.640625 0.957031 0.636719
0 0.5 0.160156 0.496094 0.164062 0.492188 0.164062 0.488281 0.167969 0.484375 0.167969 0.476562 0.175781 0.476562 0.179688 0.472656 0.183594 0.472656 0.1875 0.46875 0.191406 0.46875 0.203125 0.464844 0.207031 0.464844 0.210938 0.46875 0.214844 0.46875 0.230469 0.472656 0.234375 0.472656 0.238281 0.476562 0.242188 0.476562 0.246094 0.492188 0.261719 0.496094 0.261719 0.5 0.265625 0.507812 0.265625 0.511719 0.269531 0.527344 0.269531 0.53125 0.265625 0.542969 0.265625 0.546875 0.261719 0.550781 0.261719 0.5625 0.25 0.5625 0.246094 0.566406 0.242188 0.566406 0.230469 0.570312 0.226562 0.570312 0.214844 0.574219 0.210938 0.574219 0.207031 0.570312 0.203125 0.570312 0.195312 0.566406 0.191406 0.566406 0.1875 0.546875 0.167969 0.539062 0.167969 0.535156 0.164062 0.523438 0.164062 0.519531 0.160156
0 0.597656 0.683594 0.59375 0.6875 0.589844 0.6875 0.574219 0.703125 0.574219 0.707031 0.570312 0.710938 0.570312 0.730469 0.574219 0.734375 0.574219 0.738281 0.578125 0.742188 0.578125 0.746094 0.59375 0.761719 0.628906 0.761719 0.636719 0.753906 0.636719 0.75 0.640625 0.746094 0.640625 0.742188 0.644531 0.738281 0.644531 0.710938 0.621094 0.6875 0.613281 0.6875 0.609375 0.683594
0 0.183594 0.28125 0.179688 0.285156 0.171875 0.285156 0.164062 0.292969 0.164062 0.316406 0.160156 0.320312 0.160156 0.332031 0.164062 0.335938 0.164062 0.347656 0.175781 0.359375 0.179688 0.359375 0.183594 0.363281 0.1875 0.363281 0.191406 0.367188 0.226562 0.367188 0.230469 0.363281 0.238281 0.363281 0.246094 0.355469 0.246094 0.351562 0.25 0.347656 0.25 0.316406 0.246094 0.3125 0.246094 0.308594 0.242188 0.304688 0.242188 0.300781 0.230469 0.289062 0.226562 0.289062 0.222656 0.285156 0.21875 0.285156 0.214844 0.28125
0 0.820312 0.542969 0.816406 0.546875 0.808594 0.546875 0.804688 0.550781 0.800781 0.550781 0.796875 0.554688 0.792969 0.554688 0.78125 0.566406 0.78125 0.574219 0.777344 0.578125 0.777344 0.585938 0.773438 0.589844 0.773438 0.601562 0.777344 0.605469 0.777344 0.609375 0.789062 0.621094 0.792969 0.621094 0.796875 0.625 0.828125 0.625 0.832031 0.621094 0.835938 0.621094 0.855469 0.601562 0.855469 0.597656 0.863281 0.589844 0.863281 0.578125 0.867188 0.574219 0.867188 0.558594 0.863281 0.554688 0.863281 0.550781 0.855469 0.542969
0 0.410156 0.03125 0.40625 0.0351562 0.394531 0.0351562 0.386719 0.0429688 0.382812 0.0429688 0.375 0.0507812 0.375 0.0625 0.371094 0.0664062 0.371094 0.0703125 0.367188 0.0742188 0.367188 0.0898438 0.371094 0.09375 0.371094 0.101562 0.375 0.105469 0.375 0.125 0.378906 0.128906 0.382812 0.128906 0.386719 0.132812 0.390625 0.132812 0.394531 0.136719 0.410156 0.136719 0.414062 0.132812 0.425781 0.132812 0.429688 0.128906 0.433594 0.128906 0.4375 0.125 0.441406 0.125 0.460938 0.105469 0.460938 0.101562 0.464844 0.0976562 0.464844 0.09375 0.46875 0.0898438 0.46875 0.0703125 0.464844 0.0664062 0.464844 0.0625 0.460938 0.0585938 0.460938 0.0546875 0.441406 0.0351562 0.4375 0.0351562 0.433594 0.03125
0 0.0546875 0.339844 0.046875 0.347656 0.046875 0.351562 0.0507812 0.355469 0.0625 0.355469 0.0703125 0.347656 0.0703125 0.34375 0.0664062 0.339844
0 0.828125 0.222656 0.824219 0.226562 0.820312 0.226562 0.816406 0.230469 0.8125 0.230469 0.800781 0.242188 0.800781 0.246094 0.792969 0.253906 0.792969 0.265625 0.800781 0.273438 0.804688 0.273438 0.820312 0.289062 0.824219 0.289062 0.828125 0.292969 0.832031 0.292969 0.835938 0.289062 0.84375 0.289062 0.847656 0.285156 0.851562 0.285156 0.859375 0.277344 0.859375 0.273438 0.863281 0.269531 0.863281 0.265625 0.867188 0.261719 0.867188 0.257812 0.871094 0.253906 0.871094 0.242188 0.867188 0.238281 0.867188 0.234375 0.859375 0.226562 0.855469 0.226562 0.851562 0.222656
0 0.128906 0.550781 0.125 0.554688 0.0976562 0.554688 0.0820312 0.570312 0.0820312 0.574219 0.0742188 0.582031 0.0742188 0.59375 0.078125 0.597656 0.078125 0.605469 0.0898438 0.617188 0.0898438 0.621094 0.09375 0.625 0.0976562 0.625 0.105469 0.632812 0.109375 0.632812 0.117188 0.640625 0.132812 0.640625 0.140625 0.632812 0.140625 0.628906 0.148438 0.621094 0.148438 0.617188 0.152344 0.613281 0.152344 0.605469 0.15625 0.601562 0.15625 0.585938 0.152344 0.582031 0.152344 0.574219 0.148438 0.570312 0.148438 0.566406 0.144531 0.5625 0.144531 0.558594 0.136719 0.550781
0 0.953125 0.496094 0.949219 0.5 0.949219 0.507812 0.945312 0.511719 0.945312 0.554688 0.957031 0.566406 0.988281 0.566406 0.996094 0.558594 0.996094 0.515625 0.976562 0.496094
0 0.238281 0.914062 0.222656 0.929688 0.222656 0.933594 0.21875 0.9375 0.21875 0.96875 0.234375 0.984375 0.238281 0.984375 0.242188 0.988281 0.246094 0.988281 0.25 0.992188 0.261719 0.992188 0.265625 0.988281 0.265625 0.984375 0.273438 0.976562 0.289062 0.976562 0.292969 0.972656 0.296875 0.972656 0.300781 0.96875 0.300781 0.941406 0.292969 0.933594 0.292969 0.921875 0.285156 0.914062
0 0.609375 0.980469 0.605469 0.984375 0.585938 0.984375 0.582031 0.988281 0.578125 0.988281 0.574219 0.992188 0.574219 0.996094 0.640625 0.996094 0.640625 0.992188 0.628906 0.980469
0 0.800781 0.0078125 0.796875 0.0117188 0.789062 0.0117188 0.785156 0.015625 0.777344 0.015625 0.769531 0.0234375 0.769531 0.0273438 0.761719 0.0351562 0.761719 0.0390625 0.757812 0.0429688 0.757812 0.0507812 0.753906 0.0546875 0.753906 0.0664062 0.757812 0.0703125 0.757812 0.078125 0.769531 0.0898438 0.773438 0.0898438 0.777344 0.09375 0.78125 0.09375 0.785156 0.0976562 0.8125 0.0976562 0.816406 0.09375 0.820312 0.09375 0.828125 0.0859375 0.832031 0.0859375 0.839844 0.078125 0.839844 0.0742188 0.84375 0.0703125 0.84375 0.0390625 0.839844 0.0351562 0.839844 0.03125 0.820312 0.0117188 0.816406 0.0117188 0.8125 0.0078125
0 0 0.273438 0 0.34375 0.00390625 0.34375 0.0078125 0.347656 0.015625 0.347656 0.0195312 0.34375 0.0234375 0.34375 0.0273438 0.339844 0.0390625 0.339844 0.0429688 0.335938 0.0429688 0.332031 0.0507812 0.324219 0.0546875 0.324219 0.0664062 0.3125 0.0664062 0.289062 0.0625 0.285156 0.0625 0.28125 0.0585938 0.277344 0.0546875 0.277344 0.0507812 0.273438
0 0.878906 0.605469 0.875 0.609375 0.871094 0.609375 0.867188 0.613281 0.867188 0.621094 0.859375 0.628906 0.859375 0.632812 0.855469 0.636719 0.855469 0.675781 0.859375 0.679688 0.859375 0.691406 0.871094 0.703125 0.910156 0.703125 0.921875 0.691406 0.921875 0.6875 0.929688 0.679688 0.929688 0.671875 0.933594 0.667969 0.933594 0.660156 0.9375 0.65625 0.9375 0.636719 0.933594 0.632812 0.925781 0.632812 0.917969 0.625 0.917969 0.613281 0.914062 0.609375 0.910156 0.609375 0.90625 0.605469
0 0.957031 0.792969 0.953125 0.796875 0.953125 0.804688 0.949219 0.808594 0.949219 0.835938 0.933594 0.851562 0.933594 0.855469 0.929688 0.859375 0.929688 0.867188 0.925781 0.871094 0.925781 0.882812 0.921875 0.886719 0.921875 0.890625 0.925781 0.894531 0.925781 0.90625 0.933594 0.914062 0.933594 0.917969 0.9375 0.921875 0.941406 0.921875 0.953125 0.933594 0.960938 0.933594 0.964844 0.929688 0.972656 0.929688 0.976562 0.925781 0.980469 0.925781 0.984375 0.921875 0.992188 0.921875 0.996094 0.917969 0.996094 0.796875 0.964844 0.796875 0.960938 0.792969
0 0.785156 0.175781 0.777344 0.183594 0.777344 0.1875 0.773438 0.191406 0.773438 0.199219 0.78125 0.207031 0.800781 0.207031 0.804688 0.203125 0.804688 0.179688 0.800781 0.175781
0 0.03125 0.472656 0.0273438 0.476562 0.0195312 0.476562 0.015625 0.480469 0.0117188 0.480469 0.00390625 0.488281 0.00390625 0.492188 0 0.496094 0 0.519531 0.0117188 0.53125 0.015625 0.53125 0.0195312 0.535156 0.0234375 0.535156 0.0273438 0.539062 0.03125 0.539062 0.0351562 0.542969 0.0390625 0.542969 0.046875 0.535156 0.0625 0.535156 0.0703125 0.527344 0.0703125 0.523438 0.0742188 0.519531 0.0742188 0.488281 0.0703125 0.484375 0.0703125 0.480469 0.0625 0.472656
0 0.691406 0.128906 0.6875 0.132812 0.683594 0.132812 0.679688 0.136719 0.679688 0.140625 0.652344 0.167969 0.652344 0.171875 0.648438 0.175781 0.648438 0.179688 0.65625 0.1875 0.660156 0.1875 0.664062 0.191406 0.667969 0.191406 0.679688 0.203125 0.683594 0.203125 0.691406 0.210938 0.707031 0.210938 0.730469 0.1875 0.730469 0.164062 0.714844 0.148438 0.714844 0.144531 0.703125 0.132812 0.699219 0.132812 0.695312 0.128906
