0 0.0859375 0.476562 0.0703125 0.492188 0.0703125 0.496094 0.0664062 0.5 0.0664062 0.523438 0.0703125 0.527344 0.0703125 0.535156 0.0742188 0.539062 0.0742188 0.542969 0.0859375 0.554688 0.0898438 0.554688 0.09375 0.558594 0.0976562 0.558594 0.101562 0.5625 0.132812 0.5625 0.136719 0.558594 0.140625 0.558594 0.144531 0.554688 0.148438 0.554688 0.164062 0.539062 0.164062 0.511719 0.160156 0.507812 0.160156 0.503906 0.144531 0.488281 0.140625 0.488281 0.136719 0.484375 0.132812 0.484375 0.128906 0.480469 0.121094 0.480469 0.117188 0.476562
0 0.1875 0.628906 0.183594 0.632812 0.179688 0.632812 0.167969 0.644531 0.167969 0.652344 0.164062 0.65625 0.164062 0.660156 0.160156 0.664062 0.160156 0.734375 0.167969 0.742188 0.199219 0.742188 0.207031 0.734375 0.210938 0.734375 0.222656 0.722656 0.222656 0.71875 0.230469 0.710938 0.230469 0.707031 0.238281 0.699219 0.238281 0.695312 0.246094 0.6875 0.246094 0.660156 0.242188 0.65625 0.242188 0.652344 0.238281 0.648438 0.238281 0.640625 0.230469 0.632812 0.214844 0.632812 0.210938 0.628906
0 0.273438 0.675781 0.269531 0.679688 0.265625 0.679688 0.261719 0.683594 0.261719 0.695312 0.257812 0.699219 0.257812 0.707031 0.25 0.714844 0.25 0.722656 0.246094 0.726562 0.246094 0.734375 0.25 0.738281 0.25 0.742188 0.265625 0.757812 0.292969 0.757812 0.296875 0.753906 0.300781 0.753906 0.308594 0.746094 0.308594 0.742188 0.3125 0.738281 0.3125 0.734375 0.316406 0.730469 0.316406 0.710938 0.28125 0.675781
0 0.367188 0.332031 0.359375 0.339844 0.355469 0.339844 0.347656 0.347656 0.347656 0.351562 0.34375 0.355469 0.34375 0.359375 0.339844 0.363281 0.339844 0.382812 0.34375 0.386719 0.34375 0.390625 0.347656 0.394531 0.347656 0.398438 0.351562 0.402344 0.355469 0.402344 0.359375 0.40625 0.363281 0.40625 0.367188 0.410156 0.398438 0.410156 0.414062 0.394531 0.414062 0.390625 0.417969 0.386719 0.417969 0.378906 0.421875 0.375 0.421875 0.363281 0.417969 0.359375 0.417969 0.351562 0.414062 0.347656 0.414062 0.34375 0.40625 0.335938 0.402344 0.335938 0.398438 0.332031
0 0.382812 0.9375 0.378906 0.941406 0.371094 0.941406 0.367188 0.945312 0.363281 0.945312 0.347656 0.960938 0.347656 0.964844 0.34375 0.96875 0.34375 0.996094 0.445312 0.996094 0.445312 0.988281 0.441406 0.984375 0.441406 0.972656 0.4375 0.96875 0.4375 0.964844 0.429688 0.957031 0.429688 0.953125 0.425781 0.949219 0.421875 0.949219 0.414062 0.941406 0.40625 0.941406 0.402344 0.9375
0 0.527344 0.871094 0.523438 0.875 0.515625 0.875 0.511719 0.878906 0.507812 0.878906 0.5 0.886719 0.496094 0.886719 0.492188 0.890625 0.492188 0.894531 0.484375 0.902344 0.484375 0.929688 0.488281 0.933594 0.488281 0.9375 0.492188 0.941406 0.492188 0.945312 0.503906 0.957031 0.507812 0.957031 0.511719 0.960938 0.519531 0.960938 0.523438 0.964844 0.546875 0.964844 0.550781 0.960938 0.554688 0.960938 0.5625 0.953125 0.566406 0.953125 0.570312 0.949219 0.570312 0.945312 0.574219 0.941406 0.574219 0.9375 0.578125 0.933594 0.578125 0.90625 0.574219 0.902344 0.574219 0.898438 0.550781 0.875 0.542969 0.875 0.539062 0.871094
0 0.222656 0.761719 0.21875 0.765625 0.203125 0.765625 0.199219 0.769531 0.195312 0.769531 0.175781 0.789062 0.175781 0.792969 0.171875 0.796875 0.171875 0.824219 0.175781 0.828125 0.175781 0.832031 0.183594 0.839844 0.183594 0.84375 0.1875 0.84375 0.195312 0.851562 0.207031 0.851562 0.210938 0.855469 0.21875 0.855469 0.222656 0.851562 0.234375 0.851562 0.238281 0.847656 0.242188 0.847656 0.25 0.839844 0.253906 0.839844 0.273438 0.820312 0.273438 0.796875 0.269531 0.792969 0.269531 0.789062 0.257812 0.777344 0.253906 0.777344 0.246094 0.769531 0.242188 0.769531 0.238281 0.765625 0.226562 0.765625
0 0.214844 0.363281 0.210938 0.367188 0.203125 0.367188 0.199219 0.371094 0.195312 0.371094 0.179688 0.386719 0.179688 0.398438 0.175781 0.402344 0.175781 0.40625 0.179688 0.410156 0.179688 0.417969 0.183594 0.421875 0.183594 0.425781 0.191406 0.433594 0.191406 0.4375 0.207031 0.453125 0.210938 0.453125 0.214844 0.457031 0.222656 0.457031 0.226562 0.460938 0.238281 0.460938 0.242188 0.457031 0.25 0.457031 0.265625 0.441406 0.265625 0.4375 0.269531 0.433594 0.269531 0.394531 0.265625 0.390625 0.265625 0.386719 0.261719 0.382812 0.261719 0.375 0.257812 0.371094 0.257812 0.367188 0.253906 0.363281
0 0 0 0 0.0195312 0.00390625 0.0234375 0.03125 0.0234375 0.0351562 0.0195312 0.0390625 0.0195312 0.0429688 0.015625 0.046875 0.015625 0.0507812 0.0117188 0.0507812 0.0078125 0.0546875 0.00390625 0.0546875 0
0 0.242188 0.253906 0.238281 0.257812 0.234375 0.257812 0.21875 0.273438 0.21875 0.285156 0.214844 0.289062 0.214844 0.292969 0.21875 0.296875 0.21875 0.308594 0.222656 0.3125 0.222656 0.316406 0.238281 0.332031 0.242188 0.332031 0.257812 0.347656 0.304688 0.347656 0.308594 0.34375 0.3125 0.34375 0.316406 0.339844 0.316406 0.335938 0.324219 0.328125 0.324219 0.304688 0.320312 0.300781 0.320312 0.292969 0.316406 0.289062 0.316406 0.285156 0.296875 0.265625 0.292969 0.265625 0.289062 0.261719 0.285156 0.261719 0.28125 0.257812 0.269531 0.257812 0.265625 0.253906
0 0.226562 0.972656 0.222656 0.976562 0.214844 0.976562 0.199219 0.992188 0.199219 0.996094 0.277344 0.996094 0.277344 0.992188 0.261719 0.976562 0.257812 0.976562 0.253906 0.972656
0 0.679688 0.15625 0.675781 0.160156 0.671875 0.160156 0.660156 0.171875 0.660156 0.175781 0.65625 0.179688 0.65625 0.191406 0.652344 0.195312 0.652344 0.199219 0.65625 0.203125 0.65625 0.226562 0.660156 0.230469 0.660156 0.234375 0.664062 0.238281 0.664062 0.242188 0.675781 0.253906 0.707031 0.253906 0.710938 0.25 0.714844 0.25 0.71875 0.246094 0.722656 0.246094 0.730469 0.238281 0.730469 0.234375 0.734375 0.230469 0.734375 0.226562 0.738281 0.222656 0.738281 0.214844 0.742188 0.210938 0.742188 0.195312 0.738281 0.191406 0.738281 0.179688 0.734375 0.175781 0.734375 0.171875 0.722656 0.160156 0.71875 0.160156 0.714844 0.15625
0 0.363281 0.601562 0.359375 0.605469 0.355469 0.605469 0.347656 0.613281 0.34375 0.613281 0.339844 0.617188 0.335938 0.617188 0.332031 0.621094 0.328125 0.621094 0.324219 0.625 0.320312 0.625 0.308594 0.636719 0.308594 0.640625 0.304688 0.644531 0.304688 0.648438 0.300781 0.652344 0.300781 0.664062 0.296875 0.667969 0.320312 0.691406 0.320312 0.695312 0.328125 0.703125 0.34375 0.703125 0.347656 0.699219 0.359375 0.699219 0.363281 0.695312 0.371094 0.695312 0.375 0.691406 0.378906 0.691406 0.382812 0.6875 0.386719 0.6875 0.390625 0.683594 0.394531 0.683594 0.398438 0.679688 0.402344 0.679688 0.410156 0.671875 0.410156 0.667969 0.414062 0.664062 0.414062 0.632812 0.410156 0.628906 0.410156 0.621094 0.394531 0.605469 0.390625 0.605469 0.386719 0.601562
0 0.144531 0.90625 0.140625 0.910156 0.128906 0.910156 0.121094 0.917969 0.117188 0.917969 0.113281 0.921875 0.113281 0.925781 0.109375 0.929688 0.109375 0.933594 0.105469 0.9375 0.105469 0.96875 0.109375 0.972656 0.109375 0.976562 0.117188 0.984375 0.121094 0.984375 0.125 0.988281 0.132812 0.988281 0.136719 0.992188 0.164062 0.992188 0.167969 0.988281 0.175781 0.988281 0.183594 0.980469 0.1875 0.980469 0.203125 0.964844 0.203125 0.960938 0.207031 0.957031 0.207031 0.949219 0.203125 0.945312 0.203125 0.941406 0.195312 0.933594 0.195312 0.929688 0.191406 0.925781 0.1875 0.925781 0.175781 0.914062 0.171875 0.914062 0.167969 0.910156 0.160156 0.910156 0.15625 0.90625
0 0.820312 0.875 0.808594 0.886719 0.808594 0.902344 0.8125 0.90625 0.8125 0.910156 0.816406 0.910156 0.820312 0.914062 0.832031 0.914062 0.835938 0.910156 0.839844 0.910156 0.84375 0.90625 0.84375 0.902344 0.847656 0.898438 0.847656 0.886719 0.84375 0.882812 0.84375 0.878906 0.839844 0.875
0 0.71875 0.292969 0.714844 0.296875 0.707031 0.296875 0.703125 0.300781 0.699219 0.300781 0.695312 0.304688 0.691406 0.304688 0.679688 0.316406 0.679688 0.320312 0.675781 0.324219 0.675781 0.328125 0.671875 0.332031 0.671875 0.347656 0.675781 0.351562 0.675781 0.359375 0.679688 0.363281 0.679688 0.367188 0.703125 0.390625 0.707031 0.390625 0.710938 0.394531 0.746094 0.394531 0.75 0.390625 0.753906 0.390625 0.761719 0.382812 0.761719 0.378906 0.765625 0.375 0.765625 0.328125 0.761719 0.324219 0.761719 0.316406 0.753906 0.308594 0.753906 0.304688 0.75 0.300781 0.746094 0.300781 0.742188 0.296875 0.734375 0.296875 0.730469 0.292969
0 0.117188 0.632812 0.113281 0.636719 0.109375 0.636719 0.09375 0.652344 0.09375 0.65625 0.0898438 0.660156 0.0898438 0.664062 0.0859375 0.667969 0.0859375 0.703125 0.0898438 0.707031 0.0898438 0.714844 0.09375 0.71875 0.09375 0.722656 0.105469 0.734375 0.109375 0.734375 0.113281 0.738281 0.136719 0.738281 0.148438 0.726562 0.148438 0.679688 0.144531 0.675781 0.144531 0.652344 0.148438 0.648438 0.148438 0.636719 0.144531 0.632812
0 0.253906 0.046875 0.25 0.0507812 0.238281 0.0507812 0.234375 0.0546875 0.230469 0.0546875 0.222656 0.0625 0.21875 0.0625 0.214844 0.0664062 0.214844 0.0703125 0.207031 0.078125 0.207031 0.0859375 0.203125 0.0898438 0.203125 0.109375 0.207031 0.113281 0.207031 0.117188 0.210938 0.121094 0.210938 0.125 0.21875 0.132812 0.222656 0.132812 0.226562 0.136719 0.253906 0.136719 0.257812 0.132812 0.261719 0.132812 0.265625 0.128906 0.269531 0.128906 0.28125 0.117188 0.28125 0.113281 0.285156 0.109375 0.285156 0.105469 0.289062 0.101562 0.289062 0.0742188 0.285156 0.0703125 0.285156 0.0664062 0.28125 0.0625 0.28125 0.0585938 0.277344 0.0546875 0.273438 0.0546875 0.269531 0.0507812 0.261719 0.0507812 0.257812 0.046875
0 0.0390625 0.304688 0.0351562 0.308594 0.03125 0.308594 0.0273438 0.3125 0.0273438 0.335938 0.0351562 0.34375 0.0351562 0.359375 0.0507812 0.375 0.0585938 0.375 0.0625 0.378906 0.09375 0.378906 0.0976562 0.375 0.101562 0.375 0.105469 0.371094 0.105469 0.367188 0.113281 0.359375 0.113281 0.332031 0.09375 0.3125 0.0898438 0.3125 0.0859375 0.308594 0.0820312 0.308594 0.078125 0.304688
0 0 0.613281 0 0.710938 0.00390625 0.710938 0.0078125 0.707031 0.0117188 0.707031 0.0234375 0.695312 0.0234375 0.691406 0.0273438 0.6875 0.0273438 0.675781 0.03125 0.671875 0.03125 0.648438 0.0273438 0.644531 0.0273438 0.640625 0.0234375 0.636719 0.0234375 0.632812 0.0078125 0.617188 0.00390625 0.617188
0 0.125 0 0.125 0.00390625 0.128906 0.0078125 0.128906 0.0117188 0.136719 0.0195312 0.140625 0.0195312 0.148438 0.0273438 0.1875 0.0273438 0.191406 0.0234375 0.195312 0.0234375 0.199219 0.0195312 0.203125 0.0195312 0.21875 0.00390625 0.21875 0
0 0.285156 0.855469 0.28125 0.859375 0.273438 0.859375 0.265625 0.867188 0.261719 0.867188 0.257812 0.871094 0.257812 0.875 0.25 0.882812 0.25 0.890625 0.246094 0.894531 0.246094 0.925781 0.25 0.929688 0.25 0.933594 0.265625 0.949219 0.269531 0.949219 0.273438 0.953125 0.308594 0.953125 0.3125 0.949219 0.316406 0.949219 0.320312 0.945312 0.324219 0.945312 0.328125 0.941406 0.328125 0.9375 0.332031 0.933594 0.332031 0.925781 0.335938 0.921875 0.335938 0.902344 0.332031 0.898438 0.332031 0.882812 0.328125 0.878906 0.328125 0.875 0.316406 0.863281 0.3125 0.863281 0.308594 0.859375 0.300781 0.859375 0.296875 0.855469
0 0.113281 0.253906 0.109375 0.257812 0.101562 0.257812 0.078125 0.28125 0.078125 0.285156 0.113281 0.320312 0.128906 0.320312 0.132812 0.316406 0.136719 0.316406 0.152344 0.300781 0.152344 0.296875 0.15625 0.292969 0.15625 0.273438 0.152344 0.269531 0.152344 0.265625 0.148438 0.261719 0.144531 0.261719 0.140625 0.257812 0.132812 0.257812 0.128906 0.253906
0 0 0.046875 0 0.132812 0.00390625 0.132812 0.0078125 0.128906 0.0117188 0.128906 0.015625 0.125 0.0195312 0.125 0.0273438 0.117188 0.0273438 0.113281 0.03125 0.109375 0.03125 0.101562 0.0351562 0.0976562 0.0351562 0.0820312 0.03125 0.078125 0.03125 0.0703125 0.0234375 0.0625 0.0234375 0.0585938 0.0195312 0.0585938 0.0117188 0.0507812 0.00390625 0.0507812
