0 0.492188 0.550781 0.488281 0.554688 0.488281 0.589844 0.492188 0.589844 0.496094 0.59375 0.496094 0.597656 0.5 0.601562 0.503906 0.601562 0.515625 0.613281 0.53125 0.613281 0.535156 0.609375 0.539062 0.609375 0.546875 0.601562 0.546875 0.589844 0.539062 0.582031 0.539062 0.578125 0.511719 0.550781
0 0.164062 0.644531 0.160156 0.648438 0.148438 0.648438 0.144531 0.652344 0.140625 0.652344 0.136719 0.65625 0.136719 0.660156 0.132812 0.664062 0.132812 0.667969 0.128906 0.671875 0.128906 0.683594 0.144531 0.699219 0.164062 0.699219 0.167969 0.695312 0.171875 0.695312 0.183594 0.683594 0.1875 0.683594 0.1875 0.679688 0.191406 0.675781 0.191406 0.664062 0.1875 0.660156 0.1875 0.65625 0.179688 0.648438 0.175781 0.648438 0.171875 0.644531
0 0.0507812 0.726562 0.046875 0.730469 0.0429688 0.730469 0.0429688 0.765625 0.0585938 0.78125 0.0898438 0.78125 0.0898438 0.777344 0.0976562 0.769531 0.0976562 0.757812 0.09375 0.753906 0.09375 0.75 0.0820312 0.738281 0.0820312 0.734375 0.078125 0.730469 0.0742188 0.730469 0.0703125 0.726562
0 0.746094 0 0.746094 0.00390625 0.742188 0.0078125 0.742188 0.0234375 0.746094 0.0273438 0.746094 0.03125 0.769531 0.0546875 0.800781 0.0546875 0.804688 0.0507812 0.808594 0.0507812 0.824219 0.0351562 0.824219 0.0117188 0.820312 0.0078125 0.820312 0
0 0.757812 0.828125 0.753906 0.832031 0.753906 0.839844 0.742188 0.851562 0.742188 0.859375 0.746094 0.859375 0.761719 0.875 0.761719 0.878906 0.773438 0.878906 0.78125 0.886719 0.785156 0.886719 0.796875 0.875 0.796875 0.851562 0.792969 0.847656 0.792969 0.84375 0.785156 0.835938 0.785156 0.832031 0.78125 0.828125
0 0.617188 0 0.613281 0.00390625 0.609375 0.00390625 0.605469 0.0078125 0.605469 0.0117188 0.601562 0.015625 0.601562 0.0273438 0.609375 0.0351562 0.609375 0.0390625 0.617188 0.046875 0.621094 0.046875 0.625 0.0507812 0.640625 0.0507812 0.648438 0.0429688 0.648438 0.0195312 0.632812 0.00390625 0.625 0.00390625 0.621094 0
0 0.566406 0.789062 0.5625 0.792969 0.558594 0.792969 0.558594 0.796875 0.554688 0.800781 0.550781 0.800781 0.550781 0.804688 0.546875 0.808594 0.546875 0.8125 0.542969 0.816406 0.542969 0.824219 0.546875 0.824219 0.550781 0.828125 0.5625 0.828125 0.566406 0.824219 0.570312 0.824219 0.589844 0.804688 0.589844 0.792969 0.589844 0.800781 0.585938 0.804688 0.582031 0.800781 0.582031 0.789062
0 0.425781 0.710938 0.421875 0.714844 0.417969 0.714844 0.414062 0.71875 0.410156 0.71875 0.40625 0.722656 0.40625 0.726562 0.402344 0.730469 0.402344 0.734375 0.398438 0.738281 0.398438 0.773438 0.402344 0.777344 0.402344 0.785156 0.40625 0.785156 0.410156 0.789062 0.414062 0.789062 0.417969 0.792969 0.433594 0.792969 0.4375 0.789062 0.445312 0.789062 0.460938 0.773438 0.460938 0.769531 0.464844 0.765625 0.464844 0.761719 0.46875 0.757812 0.464844 0.753906 0.464844 0.730469 0.457031 0.722656 0.457031 0.71875 0.453125 0.714844 0.449219 0.714844 0.445312 0.710938
0 0.71875 0.859375 0.710938 0.867188 0.710938 0.886719 0.714844 0.890625 0.714844 0.894531 0.71875 0.898438 0.722656 0.898438 0.730469 0.90625 0.769531 0.90625 0.777344 0.898438 0.777344 0.886719 0.773438 0.882812 0.761719 0.882812 0.757812 0.878906 0.757812 0.875 0.746094 0.863281 0.742188 0.863281 0.738281 0.859375
0 0.207031 0.367188 0.199219 0.375 0.199219 0.398438 0.203125 0.402344 0.214844 0.402344 0.222656 0.410156 0.230469 0.410156 0.238281 0.402344 0.238281 0.398438 0.242188 0.394531 0.242188 0.371094 0.238281 0.367188
0 0.144531 0.820312 0.140625 0.824219 0.140625 0.832031 0.144531 0.835938 0.152344 0.835938 0.15625 0.832031 0.15625 0.824219 0.152344 0.820312
0 0.34375 0.421875 0.339844 0.425781 0.339844 0.433594 0.34375 0.4375 0.351562 0.4375 0.355469 0.433594 0.355469 0.425781 0.351562 0.421875
0 0.316406 0.84375 0.3125 0.847656 0.304688 0.847656 0.300781 0.851562 0.300781 0.855469 0.292969 0.863281 0.292969 0.882812 0.300781 0.890625 0.300781 0.894531 0.316406 0.894531 0.320312 0.890625 0.324219 0.890625 0.339844 0.875 0.339844 0.871094 0.34375 0.867188 0.34375 0.855469 0.339844 0.851562 0.339844 0.847656 0.335938 0.847656 0.332031 0.84375
0 0.445312 0.90625 0.441406 0.910156 0.4375 0.910156 0.429688 0.917969 0.429688 0.925781 0.441406 0.9375 0.445312 0.9375 0.453125 0.945312 0.453125 0.949219 0.460938 0.949219 0.464844 0.945312 0.46875 0.945312 0.46875 0.941406 0.476562 0.933594 0.476562 0.929688 0.46875 0.921875 0.46875 0.914062 0.464844 0.910156 0.457031 0.910156 0.453125 0.90625
0 0.417969 0.183594 0.40625 0.195312 0.40625 0.207031 0.402344 0.210938 0.402344 0.226562 0.40625 0.230469 0.40625 0.234375 0.414062 0.242188 0.417969 0.242188 0.421875 0.246094 0.429688 0.246094 0.433594 0.242188 0.4375 0.242188 0.449219 0.230469 0.449219 0.199219 0.441406 0.191406 0.441406 0.1875 0.4375 0.1875 0.433594 0.183594
0 0.359375 0.46875 0.355469 0.472656 0.355469 0.476562 0.34375 0.488281 0.34375 0.507812 0.359375 0.523438 0.371094 0.523438 0.375 0.519531 0.382812 0.519531 0.382812 0.515625 0.390625 0.507812 0.390625 0.503906 0.394531 0.5 0.394531 0.488281 0.390625 0.484375 0.390625 0.476562 0.382812 0.46875
0 0.566406 0.582031 0.5625 0.585938 0.5625 0.59375 0.566406 0.597656 0.574219 0.597656 0.578125 0.59375 0.578125 0.585938 0.574219 0.582031
0 0.785156 0.566406 0.785156 0.570312 0.78125 0.574219 0.78125 0.601562 0.792969 0.613281 0.804688 0.613281 0.808594 0.609375 0.8125 0.609375 0.8125 0.582031 0.808594 0.578125 0.808594 0.570312 0.804688 0.566406
0 0.40625 0.949219 0.402344 0.953125 0.398438 0.953125 0.394531 0.957031 0.390625 0.957031 0.390625 0.96875 0.394531 0.972656 0.394531 0.976562 0.398438 0.976562 0.402344 0.980469 0.402344 0.984375 0.40625 0.988281 0.40625 0.984375 0.410156 0.980469 0.414062 0.980469 0.417969 0.976562 0.417969 0.972656 0.429688 0.960938 0.433594 0.960938 0.429688 0.960938 0.421875 0.953125 0.417969 0.953125 0.414062 0.949219
0 0.429688 0.964844 0.421875 0.972656 0.421875 0.976562 0.414062 0.984375 0.410156 0.984375 0.410156 0.996094 0.449219 0.996094 0.449219 0.988281 0.445312 0.984375 0.445312 0.980469 0.441406 0.980469 0.4375 0.976562 0.4375 0.972656 0.433594 0.96875 0.433594 0.964844
0 0.6875 0.503906 0.683594 0.507812 0.667969 0.507812 0.660156 0.515625 0.660156 0.519531 0.65625 0.523438 0.652344 0.523438 0.648438 0.527344 0.648438 0.539062 0.652344 0.539062 0.660156 0.546875 0.660156 0.558594 0.664062 0.558594 0.667969 0.5625 0.691406 0.5625 0.699219 0.554688 0.703125 0.554688 0.714844 0.542969 0.714844 0.53125 0.710938 0.527344 0.710938 0.511719 0.703125 0.511719 0.699219 0.507812 0.691406 0.507812
0 0.949219 0.285156 0.9375 0.296875 0.9375 0.304688 0.941406 0.308594 0.941406 0.3125 0.945312 0.316406 0.949219 0.316406 0.953125 0.320312 0.960938 0.320312 0.964844 0.324219 0.976562 0.324219 0.980469 0.320312 0.984375 0.320312 0.988281 0.316406 0.992188 0.316406 0.996094 0.3125 0.996094 0.292969 0.988281 0.285156
0 0.632812 0.363281 0.628906 0.367188 0.621094 0.367188 0.605469 0.382812 0.605469 0.390625 0.601562 0.394531 0.601562 0.417969 0.605469 0.421875 0.605469 0.425781 0.609375 0.429688 0.609375 0.433594 0.613281 0.4375 0.613281 0.441406 0.617188 0.445312 0.621094 0.445312 0.625 0.449219 0.648438 0.449219 0.652344 0.445312 0.65625 0.445312 0.667969 0.433594 0.667969 0.429688 0.675781 0.421875 0.675781 0.386719 0.671875 0.382812 0.671875 0.378906 0.667969 0.375 0.667969 0.371094 0.664062 0.367188 0.660156 0.367188 0.65625 0.363281
0 0.984375 0.160156 0.980469 0.164062 0.976562 0.164062 0.972656 0.167969 0.972656 0.171875 0.960938 0.183594 0.960938 0.199219 0.964844 0.203125 0.964844 0.210938 0.976562 0.222656 0.976562 0.226562 0.984375 0.226562 0.988281 0.230469 0.996094 0.230469 0.996094 0.164062 0.992188 0.160156
0 0.246094 0.375 0.246094 0.394531 0.242188 0.398438 0.242188 0.402344 0.230469 0.414062 0.230469 0.417969 0.234375 0.421875 0.238281 0.421875 0.242188 0.425781 0.261719 0.425781 0.269531 0.417969 0.269531 0.390625 0.253906 0.375
0 0.292969 0.582031 0.273438 0.601562 0.273438 0.605469 0.269531 0.609375 0.269531 0.628906 0.277344 0.636719 0.296875 0.636719 0.320312 0.613281 0.320312 0.605469 0.324219 0.601562 0.324219 0.597656 0.320312 0.59375 0.320312 0.589844 0.3125 0.582031
0 0.257812 0.113281 0.253906 0.117188 0.25 0.117188 0.242188 0.125 0.242188 0.128906 0.238281 0.132812 0.238281 0.140625 0.242188 0.144531 0.242188 0.152344 0.246094 0.152344 0.25 0.15625 0.253906 0.15625 0.257812 0.160156 0.269531 0.160156 0.269531 0.15625 0.273438 0.152344 0.277344 0.152344 0.292969 0.136719 0.292969 0.121094 0.285156 0.113281
0 0.207031 0.847656 0.203125 0.851562 0.199219 0.851562 0.1875 0.863281 0.1875 0.867188 0.183594 0.871094 0.183594 0.882812 0.1875 0.886719 0.1875 0.890625 0.199219 0.902344 0.203125 0.902344 0.207031 0.90625 0.21875 0.90625 0.21875 0.902344 0.230469 0.890625 0.230469 0.886719 0.234375 0.882812 0.234375 0.867188 0.222656 0.855469 0.222656 0.851562 0.21875 0.851562 0.214844 0.847656
0 0.828125 0.539062 0.824219 0.542969 0.824219 0.546875 0.820312 0.550781 0.820312 0.574219 0.824219 0.578125 0.828125 0.578125 0.839844 0.589844 0.84375 0.585938 0.847656 0.589844 0.851562 0.589844 0.855469 0.585938 0.859375 0.585938 0.863281 0.582031 0.867188 0.582031 0.871094 0.578125 0.871094 0.550781 0.863281 0.542969 0.851562 0.542969 0.847656 0.539062
0 0.28125 0.390625 0.277344 0.394531 0.277344 0.402344 0.28125 0.40625 0.289062 0.40625 0.292969 0.402344 0.292969 0.394531 0.289062 0.390625
0 0.703125 0.574219 0.699219 0.578125 0.695312 0.578125 0.6875 0.585938 0.683594 0.585938 0.679688 0.589844 0.675781 0.589844 0.667969 0.597656 0.667969 0.609375 0.664062 0.613281 0.671875 0.621094 0.675781 0.621094 0.679688 0.617188 0.695312 0.632812 0.699219 0.632812 0.703125 0.628906 0.714844 0.628906 0.71875 0.625 0.722656 0.625 0.722656 0.621094 0.730469 0.613281 0.738281 0.613281 0.742188 0.609375 0.742188 0.589844 0.738281 0.585938 0.738281 0.578125 0.734375 0.574219
0 0.265625 0.722656 0.257812 0.730469 0.257812 0.734375 0.253906 0.738281 0.253906 0.746094 0.25 0.75 0.25 0.761719 0.257812 0.769531 0.261719 0.769531 0.265625 0.773438 0.277344 0.773438 0.28125 0.769531 0.292969 0.769531 0.304688 0.757812 0.304688 0.738281 0.296875 0.730469 0.292969 0.730469 0.289062 0.726562 0.289062 0.722656
0 0.0859375 0.925781 0.0742188 0.9375 0.0742188 0.941406 0.0703125 0.945312 0.0703125 0.96875 0.0742188 0.972656 0.0742188 0.976562 0.0820312 0.984375 0.0976562 0.984375 0.109375 0.972656 0.109375 0.960938 0.113281 0.957031 0.113281 0.933594 0.109375 0.929688 0.105469 0.929688 0.101562 0.925781
0 0.808594 0.71875 0.804688 0.722656 0.792969 0.722656 0.789062 0.726562 0.789062 0.730469 0.785156 0.734375 0.78125 0.734375 0.78125 0.757812 0.785156 0.761719 0.785156 0.765625 0.808594 0.789062 0.8125 0.789062 0.816406 0.792969 0.835938 0.792969 0.839844 0.789062 0.847656 0.789062 0.851562 0.785156 0.855469 0.785156 0.855469 0.78125 0.859375 0.777344 0.859375 0.757812 0.855469 0.753906 0.855469 0.75 0.851562 0.746094 0.851562 0.734375 0.847656 0.730469 0.847656 0.726562 0.84375 0.722656 0.839844 0.722656 0.835938 0.71875
0 0.0429688 0.101562 0.0390625 0.105469 0.0390625 0.113281 0.0429688 0.117188 0.0507812 0.117188 0.0546875 0.113281 0.0546875 0.105469 0.0507812 0.101562
0 0.59375 0.222656 0.589844 0.226562 0.585938 0.226562 0.578125 0.234375 0.578125 0.242188 0.574219 0.246094 0.574219 0.265625 0.585938 0.277344 0.601562 0.277344 0.605469 0.28125 0.625 0.28125 0.628906 0.277344 0.628906 0.238281 0.621094 0.230469 0.621094 0.226562 0.617188 0.226562 0.613281 0.222656 0.601562 0.222656 0.597656 0.226562
0 0 0.898438 0 0.964844 0.00390625 0.960938 0.00390625 0.953125 0.0078125 0.949219 0.0078125 0.90625
0 0.136719 0.46875 0.136719 0.472656 0.132812 0.476562 0.128906 0.476562 0.117188 0.488281 0.117188 0.492188 0.113281 0.496094 0.113281 0.519531 0.117188 0.523438 0.117188 0.527344 0.128906 0.539062 0.136719 0.539062 0.140625 0.542969 0.144531 0.539062 0.164062 0.539062 0.171875 0.53125 0.175781 0.53125 0.179688 0.527344 0.179688 0.523438 0.183594 0.519531 0.183594 0.492188 0.179688 0.488281 0.179688 0.484375 0.167969 0.472656 0.164062 0.472656 0.160156 0.46875
0 0.09375 0.0546875 0.0859375 0.0625 0.0820312 0.0625 0.078125 0.0664062 0.0742188 0.0664062 0.0703125 0.0703125 0.0664062 0.0703125 0.0625 0.0742188 0.0625 0.0898438 0.0664062 0.09375 0.0664062 0.101562 0.0703125 0.105469 0.0742188 0.105469 0.078125 0.109375 0.0976562 0.109375 0.101562 0.113281 0.117188 0.113281 0.132812 0.0976562 0.132812 0.0820312 0.128906 0.078125 0.128906 0.0742188 0.125 0.0703125 0.121094 0.0703125 0.117188 0.0664062 0.113281 0.0664062 0.101562 0.0546875
0 0.480469 0.929688 0.480469 0.933594 0.472656 0.941406 0.472656 0.945312 0.46875 0.949219 0.464844 0.949219 0.460938 0.953125 0.453125 0.953125 0.460938 0.960938 0.460938 0.964844 0.464844 0.96875 0.464844 0.972656 0.46875 0.976562 0.472656 0.976562 0.476562 0.980469 0.480469 0.980469 0.484375 0.976562 0.492188 0.976562 0.496094 0.972656 0.496094 0.96875 0.5 0.964844 0.5 0.957031 0.496094 0.953125 0.496094 0.949219 0.492188 0.945312 0.492188 0.941406 0.488281 0.9375 0.488281 0.929688
0 0.480469 0.332031 0.476562 0.335938 0.472656 0.335938 0.472656 0.339844 0.46875 0.34375 0.464844 0.34375 0.457031 0.351562 0.457031 0.355469 0.453125 0.359375 0.453125 0.375 0.460938 0.382812 0.460938 0.386719 0.464844 0.390625 0.464844 0.40625 0.472656 0.414062 0.492188 0.414062 0.496094 0.410156 0.503906 0.410156 0.515625 0.398438 0.515625 0.390625 0.519531 0.386719 0.519531 0.382812 0.523438 0.378906 0.523438 0.347656 0.519531 0.34375 0.519531 0.339844 0.515625 0.335938 0.511719 0.335938 0.507812 0.332031
0 0.214844 0.972656 0.203125 0.984375 0.203125 0.996094 0.242188 0.996094 0.242188 0.992188 0.238281 0.988281 0.238281 0.984375 0.234375 0.980469 0.234375 0.976562 0.230469 0.976562 0.226562 0.972656
