0 0.226562 0.703125 0.222656 0.707031 0.210938 0.707031 0.203125 0.714844 0.199219 0.714844 0.195312 0.71875 0.191406 0.71875 0.179688 0.730469 0.179688 0.734375 0.175781 0.738281 0.175781 0.742188 0.171875 0.746094 0.171875 0.761719 0.175781 0.765625 0.175781 0.769531 0.183594 0.777344 0.1875 0.777344 0.191406 0.78125 0.207031 0.78125 0.210938 0.777344 0.21875 0.777344 0.242188 0.753906 0.242188 0.746094 0.246094 0.742188 0.246094 0.738281 0.25 0.734375 0.25 0.726562 0.246094 0.722656 0.246094 0.71875 0.230469 0.703125
0 0.0351562 0.972656 0.03125 0.976562 0.0234375 0.976562 0.0195312 0.980469 0.0195312 0.984375 0.0117188 0.992188 0.0117188 0.996094 0.0625 0.996094 0.0625 0.992188 0.0429688 0.972656
0 0.910156 0.515625 0.890625 0.535156 0.890625 0.539062 0.886719 0.542969 0.886719 0.558594 0.890625 0.5625 0.890625 0.566406 0.894531 0.570312 0.894531 0.574219 0.898438 0.578125 0.910156 0.578125 0.914062 0.582031 0.925781 0.582031 0.933594 0.589844 0.9375 0.589844 0.941406 0.585938 0.945312 0.585938 0.949219 0.582031 0.957031 0.582031 0.960938 0.578125 0.960938 0.550781 0.957031 0.546875 0.957031 0.535156 0.953125 0.53125 0.953125 0.527344 0.945312 0.519531 0.941406 0.519531 0.9375 0.515625
0 0.917969 0.953125 0.910156 0.960938 0.910156 0.964844 0.90625 0.96875 0.90625 0.996094 0.945312 0.996094 0.945312 0.980469 0.933594 0.96875 0.933594 0.964844 0.921875 0.953125
0 0.378906 0.574219 0.375 0.578125 0.375 0.582031 0.363281 0.59375 0.363281 0.609375 0.367188 0.613281 0.367188 0.617188 0.375 0.625 0.394531 0.625 0.398438 0.621094 0.40625 0.621094 0.414062 0.613281 0.414062 0.609375 0.417969 0.605469 0.417969 0.585938 0.40625 0.574219
0 0.75 0.835938 0.746094 0.839844 0.738281 0.839844 0.734375 0.84375 0.730469 0.84375 0.726562 0.847656 0.722656 0.847656 0.714844 0.855469 0.714844 0.875 0.71875 0.878906 0.71875 0.882812 0.722656 0.886719 0.726562 0.886719 0.734375 0.894531 0.757812 0.894531 0.761719 0.890625 0.773438 0.890625 0.78125 0.882812 0.78125 0.878906 0.789062 0.871094 0.789062 0.851562 0.78125 0.84375 0.777344 0.84375 0.769531 0.835938
0 0.0195312 0.769531 0.015625 0.773438 0 0.773438 0 0.824219 0.015625 0.839844 0.0429688 0.839844 0.046875 0.835938 0.0507812 0.835938 0.0546875 0.832031 0.0585938 0.832031 0.0664062 0.824219 0.0664062 0.792969 0.0625 0.789062 0.0625 0.785156 0.0507812 0.773438 0.046875 0.773438 0.0429688 0.769531
0 0.0859375 0.679688 0.0820312 0.683594 0.0742188 0.683594 0.0664062 0.691406 0.0625 0.691406 0.0585938 0.695312 0.0585938 0.703125 0.0546875 0.707031 0.0546875 0.730469 0.0703125 0.746094 0.0742188 0.746094 0.0820312 0.753906 0.0898438 0.753906 0.09375 0.757812 0.101562 0.757812 0.105469 0.753906 0.117188 0.753906 0.132812 0.738281 0.132812 0.703125 0.117188 0.6875 0.113281 0.6875 0.105469 0.679688
0 0.257812 0.808594 0.253906 0.8125 0.238281 0.8125 0.234375 0.816406 0.230469 0.816406 0.226562 0.820312 0.226562 0.824219 0.222656 0.828125 0.222656 0.832031 0.210938 0.84375 0.210938 0.847656 0.214844 0.851562 0.214844 0.855469 0.21875 0.859375 0.21875 0.863281 0.222656 0.867188 0.222656 0.875 0.226562 0.878906 0.265625 0.878906 0.277344 0.867188 0.28125 0.867188 0.289062 0.859375 0.289062 0.851562 0.285156 0.847656 0.285156 0.828125 0.269531 0.8125 0.265625 0.8125 0.261719 0.808594
0 0.585938 0.667969 0.582031 0.671875 0.578125 0.671875 0.570312 0.679688 0.570312 0.707031 0.574219 0.710938 0.574219 0.71875 0.582031 0.726562 0.585938 0.726562 0.59375 0.734375 0.605469 0.734375 0.609375 0.738281 0.617188 0.738281 0.621094 0.734375 0.625 0.734375 0.628906 0.730469 0.632812 0.730469 0.640625 0.722656 0.640625 0.699219 0.636719 0.695312 0.636719 0.6875 0.632812 0.683594 0.632812 0.679688 0.628906 0.675781 0.625 0.675781 0.617188 0.667969
0 0.980469 0.808594 0.976562 0.8125 0.972656 0.8125 0.96875 0.816406 0.96875 0.820312 0.960938 0.828125 0.960938 0.832031 0.953125 0.839844 0.953125 0.84375 0.960938 0.851562 0.960938 0.859375 0.96875 0.867188 0.972656 0.867188 0.976562 0.871094 0.996094 0.871094 0.996094 0.808594
0 0.199219 0.402344 0.183594 0.417969 0.179688 0.417969 0.175781 0.421875 0.175781 0.433594 0.171875 0.4375 0.171875 0.441406 0.175781 0.445312 0.179688 0.445312 0.183594 0.449219 0.1875 0.449219 0.195312 0.457031 0.199219 0.457031 0.210938 0.445312 0.214844 0.445312 0.21875 0.441406 0.226562 0.441406 0.234375 0.433594 0.234375 0.429688 0.207031 0.402344
0 0.664062 0.0234375 0.660156 0.0273438 0.65625 0.0273438 0.652344 0.03125 0.648438 0.03125 0.636719 0.0429688 0.636719 0.046875 0.632812 0.0507812 0.632812 0.0546875 0.628906 0.0585938 0.628906 0.0703125 0.632812 0.0742188 0.632812 0.0820312 0.644531 0.09375 0.648438 0.09375 0.652344 0.0976562 0.65625 0.0976562 0.660156 0.101562 0.675781 0.101562 0.679688 0.0976562 0.6875 0.0976562 0.695312 0.0898438 0.699219 0.0898438 0.703125 0.0859375 0.703125 0.0390625 0.699219 0.0351562 0.695312 0.0351562 0.6875 0.0273438 0.683594 0.0273438 0.679688 0.0234375
0 0.976562 0.917969 0.972656 0.921875 0.96875 0.921875 0.960938 0.929688 0.960938 0.964844 0.972656 0.976562 0.980469 0.976562 0.984375 0.980469 0.996094 0.980469 0.996094 0.917969
0 0.167969 0.949219 0.164062 0.953125 0.164062 0.964844 0.15625 0.972656 0.15625 0.976562 0.148438 0.984375 0.148438 0.992188 0.144531 0.996094 0.214844 0.996094 0.214844 0.992188 0.21875 0.988281 0.21875 0.980469 0.214844 0.976562 0.214844 0.972656 0.199219 0.957031 0.1875 0.957031 0.183594 0.953125 0.179688 0.953125 0.175781 0.949219
0 0.667969 0.53125 0.660156 0.539062 0.65625 0.539062 0.640625 0.554688 0.640625 0.578125 0.644531 0.582031 0.644531 0.585938 0.652344 0.59375 0.65625 0.59375 0.660156 0.597656 0.664062 0.597656 0.667969 0.59375 0.683594 0.59375 0.6875 0.589844 0.695312 0.589844 0.707031 0.578125 0.707031 0.570312 0.710938 0.566406 0.710938 0.546875 0.699219 0.535156 0.679688 0.535156 0.675781 0.53125
0 0.910156 0.0585938 0.898438 0.0703125 0.898438 0.0859375 0.890625 0.09375 0.90625 0.109375 0.90625 0.128906 0.914062 0.136719 0.914062 0.15625 0.910156 0.160156 0.914062 0.164062 0.921875 0.164062 0.925781 0.160156 0.929688 0.160156 0.933594 0.15625 0.941406 0.15625 0.945312 0.152344 0.945312 0.148438 0.949219 0.144531 0.949219 0.140625 0.964844 0.125 0.964844 0.117188 0.96875 0.113281 0.96875 0.0898438 0.960938 0.0820312 0.953125 0.0820312 0.945312 0.0742188 0.941406 0.0742188 0.9375 0.0703125 0.933594 0.0703125 0.921875 0.0585938
0 0.109375 0.832031 0.0976562 0.84375 0.09375 0.84375 0.0898438 0.847656 0.0898438 0.851562 0.0859375 0.855469 0.0859375 0.863281 0.0898438 0.867188 0.0898438 0.871094 0.09375 0.875 0.09375 0.890625 0.105469 0.902344 0.109375 0.902344 0.113281 0.90625 0.128906 0.90625 0.132812 0.902344 0.140625 0.902344 0.144531 0.898438 0.148438 0.898438 0.152344 0.894531 0.15625 0.894531 0.164062 0.886719 0.164062 0.882812 0.167969 0.878906 0.167969 0.859375 0.152344 0.84375 0.152344 0.839844 0.144531 0.832031
0 0.800781 0.933594 0.789062 0.945312 0.789062 0.949219 0.785156 0.953125 0.785156 0.980469 0.789062 0.984375 0.789062 0.996094 0.835938 0.996094 0.84375 0.988281 0.84375 0.941406 0.839844 0.9375 0.8125 0.9375 0.808594 0.933594
0 0.109375 0.929688 0.105469 0.933594 0.101562 0.933594 0.0859375 0.949219 0.0859375 0.960938 0.0898438 0.964844 0.0898438 0.976562 0.101562 0.988281 0.105469 0.988281 0.109375 0.992188 0.117188 0.992188 0.121094 0.996094 0.140625 0.996094 0.144531 0.992188 0.144531 0.984375 0.152344 0.976562 0.152344 0.972656 0.160156 0.964844 0.160156 0.953125 0.164062 0.949219 0.160156 0.945312 0.160156 0.941406 0.148438 0.929688
0 0.851562 0.0820312 0.84375 0.0898438 0.84375 0.105469 0.839844 0.109375 0.839844 0.121094 0.84375 0.125 0.84375 0.132812 0.847656 0.136719 0.847656 0.152344 0.851562 0.15625 0.855469 0.15625 0.859375 0.160156 0.863281 0.160156 0.867188 0.164062 0.878906 0.164062 0.882812 0.160156 0.90625 0.160156 0.910156 0.15625 0.910156 0.136719 0.902344 0.128906 0.902344 0.109375 0.890625 0.0976562 0.878906 0.0976562 0.875 0.09375 0.871094 0.09375 0.867188 0.0898438 0.863281 0.0898438 0.855469 0.0820312
0 0.886719 0.660156 0.882812 0.664062 0.867188 0.664062 0.859375 0.671875 0.855469 0.671875 0.847656 0.679688 0.847656 0.683594 0.84375 0.6875 0.84375 0.695312 0.839844 0.699219 0.839844 0.707031 0.835938 0.710938 0.835938 0.714844 0.839844 0.71875 0.839844 0.726562 0.84375 0.730469 0.84375 0.734375 0.855469 0.746094 0.863281 0.746094 0.875 0.757812 0.894531 0.757812 0.898438 0.753906 0.902344 0.753906 0.90625 0.75 0.910156 0.75 0.914062 0.746094 0.921875 0.746094 0.925781 0.742188 0.925781 0.738281 0.929688 0.734375 0.929688 0.726562 0.933594 0.722656 0.933594 0.675781 0.929688 0.671875 0.925781 0.671875 0.921875 0.667969 0.917969 0.667969 0.914062 0.664062 0.902344 0.664062 0.898438 0.660156
0 0.84375 0.464844 0.835938 0.472656 0.835938 0.5 0.839844 0.503906 0.839844 0.519531 0.847656 0.527344 0.855469 0.527344 0.859375 0.53125 0.875 0.53125 0.882812 0.523438 0.882812 0.519531 0.890625 0.511719 0.890625 0.507812 0.898438 0.5 0.898438 0.496094 0.890625 0.488281 0.890625 0.476562 0.886719 0.472656 0.882812 0.472656 0.878906 0.46875 0.871094 0.46875 0.867188 0.464844
