0 0.167969 0.773438 0.164062 0.777344 0.15625 0.777344 0.140625 0.792969 0.140625 0.8125 0.144531 0.816406 0.148438 0.816406 0.152344 0.820312 0.175781 0.820312 0.179688 0.816406 0.183594 0.816406 0.1875 0.8125 0.191406 0.8125 0.199219 0.804688 0.199219 0.800781 0.203125 0.796875 0.203125 0.789062 0.199219 0.785156 0.199219 0.78125 0.195312 0.777344 0.191406 0.777344 0.1875 0.773438
0 0 0.382812 0 0.425781 0.00390625 0.425781 0.0078125 0.429688 0.015625 0.429688 0.0234375 0.421875 0.0234375 0.40625 0.0117188 0.394531 0.0117188 0.390625 0.0078125 0.386719 0.00390625 0.386719
0 0.367188 0.507812 0.359375 0.515625 0.359375 0.519531 0.355469 0.523438 0.355469 0.527344 0.359375 0.53125 0.359375 0.539062 0.375 0.554688 0.378906 0.554688 0.382812 0.558594 0.386719 0.558594 0.390625 0.5625 0.398438 0.5625 0.402344 0.566406 0.410156 0.566406 0.414062 0.5625 0.417969 0.5625 0.421875 0.558594 0.425781 0.558594 0.429688 0.554688 0.429688 0.542969 0.425781 0.539062 0.425781 0.535156 0.410156 0.519531 0.40625 0.519531 0.398438 0.511719 0.378906 0.511719 0.375 0.507812
0 0.882812 0.792969 0.878906 0.796875 0.875 0.796875 0.863281 0.808594 0.863281 0.824219 0.867188 0.828125 0.867188 0.832031 0.875 0.839844 0.878906 0.839844 0.886719 0.847656 0.914062 0.847656 0.917969 0.84375 0.921875 0.84375 0.921875 0.839844 0.929688 0.832031 0.929688 0.824219 0.925781 0.820312 0.925781 0.8125 0.921875 0.808594 0.921875 0.804688 0.914062 0.796875 0.910156 0.796875 0.90625 0.792969
0 0.0429688 0.464844 0.0390625 0.46875 0.0390625 0.484375 0.0429688 0.488281 0.0429688 0.492188 0.046875 0.496094 0.0507812 0.496094 0.0546875 0.5 0.0742188 0.5 0.078125 0.496094 0.0820312 0.496094 0.0859375 0.492188 0.0859375 0.484375 0.0820312 0.480469 0.0820312 0.476562 0.078125 0.472656 0.078125 0.46875 0.0742188 0.46875 0.0703125 0.464844
0 0.433594 0.628906 0.433594 0.640625 0.4375 0.644531 0.4375 0.648438 0.441406 0.652344 0.441406 0.65625 0.449219 0.664062 0.453125 0.664062 0.457031 0.667969 0.472656 0.667969 0.476562 0.664062 0.480469 0.664062 0.480469 0.648438 0.472656 0.640625 0.46875 0.640625 0.460938 0.632812 0.453125 0.632812 0.449219 0.628906
0 0.378906 0.152344 0.375 0.15625 0.371094 0.15625 0.371094 0.160156 0.367188 0.164062 0.367188 0.167969 0.363281 0.171875 0.363281 0.1875 0.367188 0.191406 0.367188 0.199219 0.371094 0.203125 0.371094 0.207031 0.378906 0.214844 0.382812 0.214844 0.390625 0.222656 0.398438 0.222656 0.402344 0.21875 0.40625 0.21875 0.414062 0.210938 0.414062 0.203125 0.417969 0.199219 0.417969 0.183594 0.414062 0.179688 0.414062 0.167969 0.40625 0.160156 0.40625 0.15625 0.402344 0.15625 0.398438 0.152344
0 0.179688 0.113281 0.175781 0.117188 0.171875 0.117188 0.167969 0.121094 0.167969 0.125 0.164062 0.128906 0.164062 0.136719 0.160156 0.140625 0.164062 0.144531 0.164062 0.152344 0.167969 0.15625 0.167969 0.160156 0.171875 0.164062 0.171875 0.167969 0.1875 0.183594 0.195312 0.183594 0.199219 0.1875 0.203125 0.183594 0.207031 0.183594 0.214844 0.175781 0.214844 0.167969 0.21875 0.164062 0.21875 0.148438 0.214844 0.144531 0.214844 0.136719 0.210938 0.132812 0.210938 0.128906 0.199219 0.117188 0.195312 0.117188 0.191406 0.113281
0 0.0195312 0.730469 0.015625 0.734375 0.0117188 0.734375 0.0117188 0.738281 0.0078125 0.742188 0.0078125 0.753906 0.0117188 0.757812 0.0117188 0.761719 0.015625 0.765625 0.0195312 0.765625 0.0234375 0.769531 0.0351562 0.769531 0.0390625 0.765625 0.046875 0.765625 0.0546875 0.757812 0.0546875 0.742188 0.046875 0.734375 0.0429688 0.734375 0.0390625 0.730469
0 0.265625 0.632812 0.261719 0.636719 0.257812 0.636719 0.253906 0.640625 0.253906 0.660156 0.257812 0.664062 0.257812 0.667969 0.261719 0.671875 0.265625 0.671875 0.269531 0.675781 0.273438 0.675781 0.277344 0.679688 0.296875 0.679688 0.304688 0.671875 0.304688 0.652344 0.300781 0.648438 0.300781 0.644531 0.289062 0.632812
