0 0.144531 0.753906 0.140625 0.757812 0.140625 0.761719 0.136719 0.765625 0.136719 0.769531 0.140625 0.773438 0.140625 0.777344 0.144531 0.78125 0.148438 0.78125 0.15625 0.789062 0.167969 0.789062 0.171875 0.792969 0.183594 0.792969 0.1875 0.789062 0.191406 0.789062 0.191406 0.777344 0.1875 0.773438 0.1875 0.769531 0.183594 0.765625 0.179688 0.765625 0.171875 0.757812 0.167969 0.757812 0.164062 0.753906
0 0.21875 0.621094 0.210938 0.628906 0.210938 0.644531 0.214844 0.648438 0.230469 0.648438 0.234375 0.644531 0.234375 0.625 0.230469 0.621094
0 0.214844 0.714844 0.210938 0.71875 0.203125 0.71875 0.203125 0.734375 0.214844 0.746094 0.21875 0.746094 0.222656 0.75 0.226562 0.75 0.230469 0.753906 0.234375 0.753906 0.238281 0.757812 0.242188 0.753906 0.246094 0.753906 0.246094 0.742188 0.238281 0.734375 0.238281 0.730469 0.230469 0.722656 0.230469 0.71875 0.226562 0.714844
0 0.441406 0.679688 0.433594 0.6875 0.429688 0.6875 0.421875 0.695312 0.421875 0.707031 0.425781 0.710938 0.4375 0.710938 0.441406 0.707031 0.445312 0.707031 0.460938 0.691406 0.457031 0.6875 0.457031 0.683594 0.453125 0.679688
0 0.183594 0.65625 0.179688 0.660156 0.179688 0.679688 0.195312 0.695312 0.210938 0.695312 0.214844 0.691406 0.214844 0.6875 0.21875 0.683594 0.21875 0.664062 0.210938 0.65625
0 0.0507812 0.476562 0.046875 0.480469 0.0429688 0.480469 0.0429688 0.484375 0.0390625 0.488281 0.0390625 0.511719 0.0429688 0.515625 0.046875 0.515625 0.0507812 0.519531 0.0546875 0.515625 0.0625 0.515625 0.0625 0.507812 0.0664062 0.503906 0.0664062 0.496094 0.0625 0.492188 0.0625 0.484375 0.0546875 0.476562
0 0.308594 0.808594 0.308594 0.8125 0.304688 0.816406 0.304688 0.832031 0.3125 0.839844 0.3125 0.84375 0.316406 0.847656 0.320312 0.847656 0.324219 0.851562 0.335938 0.851562 0.335938 0.847656 0.339844 0.84375 0.339844 0.839844 0.335938 0.835938 0.335938 0.828125 0.332031 0.824219 0.332031 0.820312 0.328125 0.816406 0.328125 0.8125 0.324219 0.8125 0.320312 0.808594
0 0.148438 0.445312 0.144531 0.449219 0.144531 0.457031 0.140625 0.460938 0.140625 0.46875 0.144531 0.46875 0.148438 0.472656 0.152344 0.472656 0.15625 0.476562 0.171875 0.476562 0.171875 0.472656 0.160156 0.460938 0.160156 0.457031
0 0.570312 0.835938 0.566406 0.839844 0.5625 0.839844 0.558594 0.84375 0.554688 0.84375 0.554688 0.863281 0.5625 0.863281 0.570312 0.871094 0.574219 0.867188 0.578125 0.871094 0.582031 0.871094 0.582031 0.867188 0.589844 0.859375 0.589844 0.847656 0.585938 0.84375 0.582031 0.847656 0.578125 0.84375 0.578125 0.839844 0.574219 0.839844
0 0.3125 0.730469 0.308594 0.734375 0.304688 0.734375 0.304688 0.738281 0.308594 0.742188 0.308594 0.746094 0.300781 0.753906 0.300781 0.761719 0.320312 0.761719 0.324219 0.757812 0.328125 0.757812 0.328125 0.738281 0.320312 0.730469
0 0.00390625 0.71875 0 0.722656 0 0.738281 0.00390625 0.742188 0.00390625 0.757812 0.0078125 0.761719 0.0195312 0.761719 0.0234375 0.757812 0.0234375 0.75 0.0195312 0.746094 0.0195312 0.730469 0.015625 0.726562 0.015625 0.722656 0.0117188 0.71875
0 0.875 0.828125 0.871094 0.832031 0.871094 0.855469 0.875 0.859375 0.875 0.863281 0.878906 0.863281 0.882812 0.867188 0.886719 0.867188 0.890625 0.863281 0.894531 0.863281 0.898438 0.859375 0.898438 0.839844 0.894531 0.839844 0.890625 0.835938 0.890625 0.832031 0.886719 0.828125
0 0.164062 0.851562 0.160156 0.855469 0.152344 0.855469 0.148438 0.859375 0.152344 0.863281 0.152344 0.867188 0.164062 0.878906 0.171875 0.878906 0.175781 0.875 0.175781 0.859375 0.167969 0.851562
0 0.957031 0.0585938 0.953125 0.0625 0.953125 0.0703125 0.949219 0.0742188 0.949219 0.0898438 0.953125 0.09375 0.980469 0.09375 0.984375 0.0898438 0.984375 0.0859375 0.980469 0.0820312 0.980469 0.0625 0.960938 0.0625
0 0.0664062 0.402344 0.0625 0.40625 0.0585938 0.40625 0.0585938 0.410156 0.0546875 0.414062 0.0546875 0.425781 0.0507812 0.429688 0.0507812 0.4375 0.0546875 0.441406 0.0546875 0.445312 0.0742188 0.445312 0.0820312 0.4375 0.0820312 0.429688 0.0859375 0.425781 0.0859375 0.417969 0.0820312 0.414062 0.0820312 0.40625 0.078125 0.40625 0.0742188 0.402344
0 0.828125 0.597656 0.820312 0.605469 0.820312 0.621094 0.824219 0.625 0.828125 0.625 0.832031 0.628906 0.839844 0.628906 0.84375 0.625 0.847656 0.625 0.851562 0.621094 0.851562 0.609375 0.847656 0.605469 0.847656 0.601562 0.84375 0.597656
0 0.320312 0.699219 0.316406 0.703125 0.308594 0.703125 0.304688 0.707031 0.300781 0.707031 0.296875 0.710938 0.296875 0.726562 0.300781 0.730469 0.308594 0.730469 0.3125 0.726562 0.324219 0.726562 0.328125 0.722656 0.335938 0.722656 0.339844 0.71875 0.339844 0.707031 0.332031 0.699219
0 0.894531 0.71875 0.878906 0.734375 0.878906 0.742188 0.882812 0.746094 0.882812 0.75 0.886719 0.753906 0.890625 0.753906 0.894531 0.757812 0.898438 0.757812 0.902344 0.761719 0.921875 0.761719 0.933594 0.75 0.933594 0.738281 0.929688 0.734375 0.929688 0.730469 0.925781 0.726562 0.917969 0.726562 0.914062 0.722656 0.914062 0.71875
0 0.625 0.257812 0.625 0.261719 0.621094 0.265625 0.621094 0.285156 0.625 0.289062 0.628906 0.285156 0.652344 0.285156 0.65625 0.28125 0.65625 0.273438 0.640625 0.257812
0 0.691406 0.394531 0.6875 0.398438 0.683594 0.398438 0.679688 0.402344 0.679688 0.40625 0.675781 0.410156 0.675781 0.441406 0.679688 0.441406 0.6875 0.449219 0.695312 0.449219 0.699219 0.445312 0.699219 0.402344
0 0.496094 0.320312 0.492188 0.324219 0.492188 0.332031 0.496094 0.335938 0.492188 0.339844 0.492188 0.347656 0.496094 0.351562 0.511719 0.351562 0.511719 0.347656 0.519531 0.339844 0.523438 0.339844 0.523438 0.335938 0.527344 0.332031 0.519531 0.324219 0.511719 0.324219 0.507812 0.320312
0 0.796875 0.636719 0.792969 0.640625 0.785156 0.640625 0.777344 0.648438 0.777344 0.652344 0.773438 0.65625 0.773438 0.660156 0.769531 0.664062 0.773438 0.667969 0.773438 0.671875 0.777344 0.675781 0.777344 0.683594 0.78125 0.6875 0.808594 0.6875 0.808594 0.683594 0.816406 0.675781 0.816406 0.671875 0.820312 0.667969 0.820312 0.652344 0.816406 0.648438 0.816406 0.644531 0.808594 0.636719
0 0.855469 0.59375 0.851562 0.597656 0.851562 0.605469 0.855469 0.609375 0.855469 0.621094 0.859375 0.625 0.875 0.625 0.878906 0.621094 0.878906 0.613281 0.882812 0.609375 0.882812 0.597656 0.878906 0.59375
0 0.40625 0.769531 0.402344 0.773438 0.398438 0.773438 0.394531 0.777344 0.394531 0.78125 0.390625 0.785156 0.390625 0.800781 0.394531 0.804688 0.398438 0.804688 0.402344 0.808594 0.410156 0.808594 0.414062 0.804688 0.417969 0.804688 0.429688 0.792969 0.429688 0.777344 0.425781 0.773438 0.421875 0.773438 0.417969 0.769531
0 0.90625 0.617188 0.902344 0.621094 0.898438 0.621094 0.886719 0.632812 0.886719 0.660156 0.894531 0.667969 0.910156 0.667969 0.914062 0.664062 0.917969 0.664062 0.921875 0.660156 0.921875 0.648438 0.925781 0.644531 0.925781 0.628906 0.917969 0.621094 0.914062 0.621094 0.910156 0.617188
0 0.992188 0.609375 0.988281 0.613281 0.988281 0.636719 0.992188 0.640625 0.996094 0.640625 0.996094 0.609375
0 0.464844 0.691406 0.453125 0.703125 0.453125 0.707031 0.449219 0.710938 0.445312 0.710938 0.441406 0.714844 0.441406 0.722656 0.445312 0.726562 0.460938 0.726562 0.464844 0.722656 0.472656 0.722656 0.476562 0.71875 0.476562 0.714844 0.480469 0.710938 0.480469 0.695312 0.476562 0.691406
0 0.871094 0.449219 0.863281 0.457031 0.859375 0.457031 0.855469 0.460938 0.855469 0.472656 0.863281 0.480469 0.867188 0.480469 0.871094 0.484375 0.894531 0.484375 0.898438 0.480469 0.898438 0.464844 0.890625 0.457031 0.890625 0.453125 0.875 0.453125
0 0.539062 0.265625 0.53125 0.273438 0.53125 0.292969 0.535156 0.296875 0.539062 0.296875 0.542969 0.300781 0.550781 0.300781 0.554688 0.304688 0.558594 0.304688 0.5625 0.300781 0.566406 0.300781 0.570312 0.296875 0.570312 0.292969 0.566406 0.289062 0.566406 0.28125 0.5625 0.277344 0.5625 0.269531 0.554688 0.269531 0.550781 0.265625
0 0.941406 0.828125 0.941406 0.863281 0.945312 0.867188 0.957031 0.867188 0.957031 0.855469 0.953125 0.851562 0.953125 0.835938 0.949219 0.832031 0.949219 0.828125
0 0.851562 0.558594 0.84375 0.566406 0.84375 0.578125 0.847656 0.582031 0.851562 0.582031 0.855469 0.578125 0.855469 0.574219 0.863281 0.566406 0.863281 0.558594
0 0.128906 0.632812 0.125 0.636719 0.117188 0.636719 0.109375 0.644531 0.109375 0.648438 0.105469 0.652344 0.105469 0.660156 0.109375 0.664062 0.109375 0.667969 0.117188 0.675781 0.121094 0.675781 0.125 0.679688 0.128906 0.679688 0.136719 0.671875 0.148438 0.671875 0.152344 0.667969 0.15625 0.667969 0.15625 0.648438 0.152344 0.644531 0.152344 0.640625 0.148438 0.636719 0.140625 0.636719 0.136719 0.632812
0 0.121094 0.328125 0.121094 0.355469 0.125 0.359375 0.125 0.363281 0.128906 0.367188 0.128906 0.371094 0.136719 0.378906 0.148438 0.378906 0.148438 0.375 0.144531 0.371094 0.152344 0.363281 0.152344 0.347656 0.148438 0.34375 0.148438 0.339844 0.144531 0.335938 0.144531 0.332031 0.140625 0.328125
0 0.0390625 0.617188 0.03125 0.625 0.0273438 0.625 0.0234375 0.628906 0.0195312 0.625 0.0117188 0.632812 0.0078125 0.632812 0.0078125 0.652344 0.0117188 0.65625 0.015625 0.65625 0.0234375 0.664062 0.0429688 0.664062 0.0507812 0.65625 0.0507812 0.652344 0.0625 0.640625 0.0625 0.621094 0.0585938 0.617188
0 0.984375 0.832031 0.980469 0.835938 0.980469 0.859375 0.996094 0.859375 0.996094 0.832031
0 0.308594 0.625 0.296875 0.636719 0.296875 0.652344 0.304688 0.652344 0.308594 0.648438 0.328125 0.648438 0.328125 0.632812 0.320312 0.625
0 0.570312 0 0.570312 0.0078125 0.578125 0.015625 0.589844 0.015625 0.59375 0.0117188 0.59375 0
0 0.757812 0.421875 0.75 0.429688 0.75 0.441406 0.753906 0.445312 0.753906 0.453125 0.765625 0.464844 0.769531 0.464844 0.773438 0.46875 0.777344 0.46875 0.78125 0.472656 0.792969 0.472656 0.800781 0.464844 0.800781 0.457031 0.796875 0.453125 0.796875 0.449219 0.792969 0.445312 0.792969 0.4375 0.789062 0.4375 0.78125 0.429688 0.773438 0.429688 0.769531 0.425781 0.765625 0.425781 0.761719 0.421875
0 0.128906 0.859375 0.121094 0.867188 0.121094 0.894531 0.125 0.898438 0.128906 0.898438 0.132812 0.902344 0.160156 0.902344 0.167969 0.894531 0.167969 0.886719 0.164062 0.882812 0.15625 0.882812 0.152344 0.878906 0.152344 0.871094 0.148438 0.867188 0.148438 0.863281 0.144531 0.859375
0 0.355469 0.691406 0.351562 0.695312 0.351562 0.707031 0.359375 0.714844 0.371094 0.714844 0.375 0.710938 0.378906 0.710938 0.382812 0.707031 0.382812 0.695312 0.378906 0.691406
0 0.636719 0.0625 0.632812 0.0664062 0.632812 0.0742188 0.628906 0.078125 0.628906 0.0820312 0.632812 0.0859375 0.632812 0.0898438 0.640625 0.0976562 0.644531 0.0976562 0.652344 0.105469 0.675781 0.105469 0.6875 0.09375 0.6875 0.0859375 0.691406 0.0820312 0.691406 0.0742188 0.679688 0.0625
0 0.496094 0.539062 0.492188 0.542969 0.492188 0.558594 0.496094 0.5625 0.496094 0.566406 0.5 0.566406 0.503906 0.570312 0.523438 0.570312 0.53125 0.5625 0.53125 0.550781 0.519531 0.539062
0 0 0.40625 0 0.4375 0.00390625 0.433594 0.0078125 0.433594 0.0117188 0.429688 0.0117188 0.425781 0.015625 0.421875 0.015625 0.414062 0.0117188 0.410156 0.0078125 0.410156 0.00390625 0.40625
0 0.00390625 0.917969 0 0.921875 0 0.941406 0.00390625 0.945312 0.0273438 0.945312 0.03125 0.941406 0.03125 0.933594 0.0273438 0.929688 0.0234375 0.929688 0.0195312 0.925781 0.0195312 0.921875 0.015625 0.917969
0 0.914062 0.523438 0.90625 0.53125 0.902344 0.53125 0.898438 0.535156 0.898438 0.539062 0.894531 0.542969 0.894531 0.550781 0.902344 0.558594 0.90625 0.558594 0.910156 0.5625 0.921875 0.5625 0.925781 0.558594 0.933594 0.558594 0.9375 0.554688 0.9375 0.550781 0.941406 0.546875 0.941406 0.535156 0.9375 0.53125 0.9375 0.527344 0.933594 0.523438
0 0.582031 0.292969 0.578125 0.296875 0.578125 0.316406 0.582031 0.320312 0.585938 0.320312 0.589844 0.324219 0.601562 0.324219 0.609375 0.316406 0.609375 0.300781 0.601562 0.292969
0 0.160156 0.421875 0.152344 0.429688 0.152344 0.445312 0.164062 0.457031 0.164062 0.460938 0.171875 0.46875 0.183594 0.46875 0.1875 0.464844 0.1875 0.453125 0.191406 0.449219 0.191406 0.433594 0.179688 0.421875
0 0.136719 0.9375 0.132812 0.941406 0.125 0.941406 0.121094 0.945312 0.113281 0.945312 0.109375 0.949219 0.101562 0.949219 0.0976562 0.953125 0.0976562 0.96875 0.105469 0.976562 0.132812 0.976562 0.136719 0.980469 0.160156 0.980469 0.164062 0.976562 0.164062 0.972656 0.171875 0.964844 0.171875 0.953125 0.15625 0.9375
0 0.589844 0.785156 0.582031 0.792969 0.582031 0.820312 0.585938 0.824219 0.59375 0.824219 0.597656 0.820312 0.597656 0.789062 0.59375 0.785156
0 0.265625 0.59375 0.261719 0.597656 0.261719 0.601562 0.257812 0.605469 0.253906 0.605469 0.246094 0.613281 0.246094 0.628906 0.265625 0.628906 0.269531 0.625 0.28125 0.625 0.289062 0.617188 0.289062 0.605469 0.292969 0.601562 0.285156 0.59375
0 0.0820312 0.214844 0.078125 0.21875 0.078125 0.230469 0.0859375 0.238281 0.0898438 0.238281 0.09375 0.242188 0.121094 0.242188 0.125 0.238281 0.125 0.230469 0.121094 0.226562 0.105469 0.226562 0.101562 0.222656 0.101562 0.21875 0.0976562 0.214844
0 0.253906 0.6875 0.246094 0.695312 0.246094 0.714844 0.25 0.71875 0.261719 0.71875 0.265625 0.714844 0.269531 0.714844 0.273438 0.710938 0.273438 0.691406 0.269531 0.6875
0 0.988281 0.640625 0.984375 0.644531 0.980469 0.644531 0.976562 0.648438 0.976562 0.667969 0.980469 0.671875 0.980469 0.675781 0.984375 0.675781 0.988281 0.679688 0.996094 0.679688 0.996094 0.648438
0 0.308594 0.652344 0.304688 0.65625 0.300781 0.65625 0.296875 0.660156 0.296875 0.667969 0.289062 0.675781 0.289062 0.691406 0.292969 0.695312 0.324219 0.695312 0.328125 0.691406 0.332031 0.691406 0.335938 0.6875 0.335938 0.683594 0.339844 0.679688 0.339844 0.660156 0.332031 0.652344
0 0.667969 0.285156 0.660156 0.292969 0.660156 0.308594 0.671875 0.320312 0.675781 0.320312 0.679688 0.324219 0.707031 0.324219 0.710938 0.320312 0.710938 0.316406 0.714844 0.3125 0.714844 0.308594 0.71875 0.304688 0.714844 0.300781 0.714844 0.296875 0.703125 0.285156
0 0.679688 0.167969 0.664062 0.183594 0.664062 0.191406 0.660156 0.195312 0.664062 0.199219 0.664062 0.203125 0.671875 0.210938 0.691406 0.210938 0.695312 0.207031 0.699219 0.207031 0.699219 0.203125 0.703125 0.199219 0.707031 0.199219 0.707031 0.175781 0.699219 0.167969
0 0.207031 0.464844 0.199219 0.472656 0.195312 0.472656 0.195312 0.484375 0.207031 0.484375 0.210938 0.480469 0.210938 0.464844
0 0.785156 0.347656 0.78125 0.351562 0.78125 0.359375 0.777344 0.363281 0.777344 0.375 0.785156 0.382812 0.785156 0.386719 0.792969 0.394531 0.792969 0.398438 0.808594 0.398438 0.816406 0.390625 0.816406 0.386719 0.820312 0.382812 0.820312 0.378906 0.816406 0.375 0.816406 0.367188 0.796875 0.347656 0.792969 0.347656 0.789062 0.351562
0 0.078125 0.84375 0.0742188 0.847656 0.0703125 0.847656 0.0703125 0.851562 0.0664062 0.855469 0.0625 0.855469 0.0585938 0.859375 0.0585938 0.878906 0.0664062 0.886719 0.0820312 0.886719 0.0859375 0.882812 0.0898438 0.882812 0.09375 0.878906 0.09375 0.859375
0 0.398438 0.839844 0.390625 0.847656 0.390625 0.863281 0.394531 0.863281 0.398438 0.867188 0.429688 0.867188 0.429688 0.863281 0.433594 0.859375 0.433594 0.847656 0.425781 0.839844
0 0.445312 0.796875 0.441406 0.800781 0.4375 0.800781 0.425781 0.8125 0.425781 0.820312 0.429688 0.824219 0.457031 0.824219 0.460938 0.820312 0.464844 0.820312 0.464844 0.804688 0.457031 0.796875
0 0.0078125 0.558594 0.0078125 0.5625 0.00390625 0.566406 0 0.566406 0 0.578125 0.015625 0.578125 0.0195312 0.574219 0.0273438 0.574219 0.03125 0.570312 0.03125 0.566406 0.0273438 0.566406 0.0234375 0.5625 0.0234375 0.558594 0.0195312 0.5625 0.015625 0.5625 0.0117188 0.558594
0 0.847656 0.117188 0.839844 0.125 0.839844 0.148438 0.84375 0.152344 0.84375 0.15625 0.867188 0.15625 0.871094 0.152344 0.875 0.152344 0.875 0.148438 0.878906 0.144531 0.878906 0.136719 0.882812 0.132812 0.882812 0.128906 0.871094 0.117188
0 0.757812 0.726562 0.753906 0.730469 0.75 0.730469 0.746094 0.734375 0.746094 0.746094 0.753906 0.753906 0.757812 0.753906 0.761719 0.757812 0.777344 0.757812 0.78125 0.761719 0.785156 0.757812 0.792969 0.757812 0.796875 0.753906 0.796875 0.746094 0.792969 0.746094 0.789062 0.742188 0.785156 0.742188 0.777344 0.734375 0.769531 0.734375 0.765625 0.730469 0.761719 0.730469
0 0.238281 0.835938 0.226562 0.847656 0.222656 0.847656 0.222656 0.859375 0.21875 0.863281 0.21875 0.867188 0.222656 0.871094 0.222656 0.882812 0.230469 0.890625 0.25 0.890625 0.253906 0.886719 0.257812 0.886719 0.265625 0.878906 0.265625 0.875 0.269531 0.871094 0.269531 0.855469 0.253906 0.839844 0.25 0.839844 0.246094 0.835938
0 0.753906 0.167969 0.746094 0.175781 0.746094 0.1875 0.75 0.191406 0.757812 0.191406 0.765625 0.183594 0.769531 0.183594 0.773438 0.179688 0.773438 0.171875 0.769531 0.167969
0 0.179688 0.628906 0.175781 0.632812 0.175781 0.644531 0.183594 0.652344 0.191406 0.652344 0.195312 0.648438 0.199219 0.648438 0.203125 0.644531 0.203125 0.632812 0.199219 0.628906
0 0.210938 0.5 0.210938 0.511719 0.21875 0.511719 0.222656 0.515625 0.226562 0.515625 0.226562 0.5
0 0.957031 0.488281 0.953125 0.492188 0.949219 0.492188 0.945312 0.496094 0.945312 0.5 0.941406 0.503906 0.941406 0.515625 0.945312 0.519531 0.945312 0.523438 0.949219 0.527344 0.949219 0.53125 0.957031 0.53125 0.960938 0.535156 0.972656 0.523438 0.972656 0.515625 0.976562 0.511719 0.976562 0.5 0.972656 0.496094 0.972656 0.492188 0.96875 0.492188 0.964844 0.488281
0 0.519531 0.722656 0.515625 0.726562 0.515625 0.734375 0.511719 0.738281 0.507812 0.738281 0.503906 0.742188 0.503906 0.757812 0.5 0.761719 0.5 0.773438 0.503906 0.777344 0.519531 0.777344 0.523438 0.773438 0.523438 0.761719 0.527344 0.757812 0.527344 0.75 0.53125 0.746094 0.53125 0.726562 0.527344 0.722656
0 0.921875 0.367188 0.914062 0.375 0.914062 0.390625 0.917969 0.394531 0.921875 0.394531 0.925781 0.398438 0.9375 0.398438 0.941406 0.402344 0.949219 0.402344 0.960938 0.390625 0.960938 0.378906 0.957031 0.375 0.941406 0.375 0.933594 0.367188
0 0.0546875 0.796875 0.0507812 0.800781 0.046875 0.800781 0.046875 0.808594 0.0429688 0.8125 0.0429688 0.816406 0.0390625 0.820312 0.0390625 0.828125 0.0351562 0.832031 0.0390625 0.832031 0.0429688 0.835938 0.0625 0.835938 0.0664062 0.832031 0.0703125 0.832031 0.0742188 0.828125 0.0742188 0.820312 0.078125 0.816406 0.0742188 0.8125 0.0742188 0.808594 0.0703125 0.804688 0.0703125 0.800781 0.0664062 0.800781 0.0625 0.796875
0 0.480469 0.714844 0.480469 0.71875 0.472656 0.726562 0.472656 0.757812 0.480469 0.765625 0.492188 0.765625 0.496094 0.761719 0.496094 0.753906 0.5 0.75 0.5 0.742188 0.503906 0.738281 0.503906 0.71875 0.5 0.714844
0 0.53125 0.332031 0.527344 0.335938 0.527344 0.339844 0.523438 0.34375 0.519531 0.34375 0.515625 0.347656 0.515625 0.355469 0.527344 0.367188 0.542969 0.367188 0.550781 0.359375 0.550781 0.347656 0.546875 0.34375 0.546875 0.335938 0.542969 0.332031
0 0.816406 0.847656 0.8125 0.851562 0.8125 0.867188 0.816406 0.867188 0.828125 0.878906 0.851562 0.878906 0.851562 0.867188 0.847656 0.863281 0.847656 0.859375 0.839844 0.851562 0.832031 0.851562 0.828125 0.847656
0 0.269531 0.460938 0.265625 0.464844 0.257812 0.464844 0.246094 0.476562 0.246094 0.488281 0.253906 0.496094 0.285156 0.496094 0.289062 0.492188 0.289062 0.484375 0.292969 0.480469 0.292969 0.46875 0.285156 0.460938
0 0 0.886719 0 0.917969 0.00390625 0.914062 0.0195312 0.914062 0.0234375 0.917969 0.0234375 0.925781 0.0234375 0.921875 0.03125 0.914062 0.03125 0.902344 0.0234375 0.894531 0.0117188 0.894531 0.0078125 0.890625 0.00390625 0.890625
0 0.957031 0.230469 0.953125 0.234375 0.953125 0.238281 0.964844 0.25 0.96875 0.25 0.972656 0.253906 0.984375 0.253906 0.984375 0.25 0.980469 0.246094 0.980469 0.242188 0.976562 0.238281 0.972656 0.238281 0.964844 0.230469
0 0.0078125 0.589844 0 0.597656 0 0.625 0.00390625 0.628906 0.0117188 0.628906 0.0195312 0.621094 0.0234375 0.625 0.0273438 0.621094 0.03125 0.621094 0.0390625 0.613281 0.046875 0.613281 0.0507812 0.609375 0.0507812 0.597656 0.0429688 0.589844
0 0.269531 0.648438 0.253906 0.664062 0.253906 0.679688 0.257812 0.683594 0.277344 0.683594 0.292969 0.667969 0.292969 0.652344 0.289062 0.648438
0 0.621094 0.203125 0.617188 0.207031 0.613281 0.207031 0.609375 0.210938 0.609375 0.230469 0.613281 0.234375 0.617188 0.234375 0.621094 0.238281 0.632812 0.238281 0.644531 0.226562 0.644531 0.210938 0.636719 0.203125
0 0.882812 0.417969 0.878906 0.421875 0.875 0.421875 0.871094 0.425781 0.871094 0.433594 0.867188 0.4375 0.871094 0.441406 0.871094 0.445312 0.875 0.449219 0.894531 0.449219 0.902344 0.441406 0.902344 0.4375 0.90625 0.433594 0.90625 0.425781 0.898438 0.417969
0 0 0.355469 0 0.378906 0.00390625 0.375 0.0078125 0.375 0.0117188 0.371094 0.0117188 0.367188 0.015625 0.363281 0.015625 0.359375 0.0117188 0.355469
0 0.707031 0.582031 0.703125 0.585938 0.699219 0.585938 0.6875 0.597656 0.6875 0.601562 0.679688 0.609375 0.679688 0.621094 0.691406 0.632812 0.707031 0.632812 0.710938 0.628906 0.714844 0.628906 0.71875 0.625 0.722656 0.625 0.726562 0.621094 0.726562 0.617188 0.730469 0.613281 0.730469 0.585938 0.726562 0.585938 0.722656 0.582031
0 0.359375 0.761719 0.355469 0.765625 0.351562 0.765625 0.351562 0.769531 0.34375 0.777344 0.34375 0.789062 0.355469 0.800781 0.359375 0.800781 0.363281 0.804688 0.367188 0.800781 0.371094 0.800781 0.375 0.796875 0.375 0.792969 0.382812 0.785156 0.382812 0.773438 0.375 0.765625 0.371094 0.765625 0.367188 0.761719
0 0.929688 0.96875 0.921875 0.976562 0.921875 0.996094 0.96875 0.996094 0.964844 0.992188 0.964844 0.988281 0.960938 0.984375 0.960938 0.980469 0.953125 0.972656 0.949219 0.972656 0.945312 0.96875
