0 0.265625 0.359375 0.257812 0.367188 0.257812 0.382812 0.253906 0.386719 0.253906 0.390625 0.257812 0.394531 0.257812 0.398438 0.265625 0.40625 0.277344 0.40625 0.28125 0.402344 0.28125 0.390625 0.285156 0.386719 0.285156 0.375 0.28125 0.371094 0.28125 0.367188 0.273438 0.359375
0 0.445312 0.664062 0.4375 0.671875 0.425781 0.671875 0.421875 0.675781 0.421875 0.683594 0.414062 0.691406 0.414062 0.707031 0.421875 0.714844 0.433594 0.714844 0.441406 0.707031 0.449219 0.707031 0.453125 0.703125 0.457031 0.703125 0.460938 0.699219 0.464844 0.699219 0.46875 0.695312 0.46875 0.675781 0.457031 0.664062
0 0.773438 0.910156 0.769531 0.914062 0.765625 0.914062 0.761719 0.917969 0.761719 0.925781 0.757812 0.929688 0.757812 0.960938 0.765625 0.96875 0.773438 0.96875 0.777344 0.964844 0.78125 0.964844 0.785156 0.960938 0.789062 0.960938 0.792969 0.957031 0.796875 0.957031 0.800781 0.953125 0.800781 0.949219 0.808594 0.941406 0.808594 0.925781 0.800781 0.917969 0.789062 0.917969 0.785156 0.914062 0.78125 0.914062 0.777344 0.910156
0 0.488281 0.558594 0.480469 0.566406 0.480469 0.578125 0.488281 0.585938 0.492188 0.585938 0.496094 0.589844 0.527344 0.589844 0.53125 0.585938 0.53125 0.574219 0.527344 0.570312 0.527344 0.566406 0.519531 0.558594
0 0.546875 0.445312 0.542969 0.449219 0.539062 0.449219 0.535156 0.453125 0.535156 0.457031 0.53125 0.460938 0.53125 0.476562 0.535156 0.480469 0.546875 0.480469 0.558594 0.46875 0.5625 0.46875 0.566406 0.464844 0.566406 0.449219 0.5625 0.445312
0 0.414062 0.816406 0.40625 0.824219 0.40625 0.84375 0.414062 0.851562 0.417969 0.851562 0.421875 0.855469 0.425781 0.855469 0.441406 0.839844 0.441406 0.820312 0.4375 0.816406
0 0.925781 0.316406 0.917969 0.324219 0.917969 0.328125 0.914062 0.332031 0.914062 0.339844 0.910156 0.34375 0.910156 0.351562 0.914062 0.355469 0.917969 0.355469 0.921875 0.359375 0.941406 0.359375 0.949219 0.351562 0.949219 0.339844 0.941406 0.332031 0.941406 0.328125 0.929688 0.316406
0 0.636719 0.152344 0.632812 0.15625 0.625 0.15625 0.621094 0.160156 0.617188 0.160156 0.613281 0.164062 0.613281 0.179688 0.609375 0.183594 0.609375 0.1875 0.613281 0.191406 0.613281 0.195312 0.617188 0.199219 0.617188 0.207031 0.625 0.214844 0.636719 0.214844 0.65625 0.195312 0.65625 0.191406 0.660156 0.1875 0.660156 0.175781 0.65625 0.171875 0.65625 0.167969 0.640625 0.152344
0 0.964844 0.621094 0.960938 0.625 0.960938 0.65625 0.96875 0.664062 0.988281 0.664062 0.996094 0.65625 0.996094 0.644531 0.992188 0.640625 0.992188 0.632812 0.988281 0.628906 0.988281 0.625 0.984375 0.621094
0 0.117188 0.671875 0.113281 0.675781 0.113281 0.691406 0.128906 0.707031 0.132812 0.707031 0.136719 0.703125 0.140625 0.703125 0.144531 0.699219 0.144531 0.683594 0.140625 0.679688 0.136719 0.679688 0.132812 0.675781 0.128906 0.675781 0.125 0.671875
0 0.46875 0.78125 0.464844 0.785156 0.464844 0.796875 0.472656 0.804688 0.472656 0.808594 0.476562 0.8125 0.476562 0.816406 0.480469 0.816406 0.488281 0.824219 0.492188 0.820312 0.496094 0.820312 0.503906 0.8125 0.503906 0.800781 0.492188 0.789062 0.488281 0.789062 0.484375 0.785156 0.476562 0.785156 0.472656 0.78125
0 0.308594 0.960938 0.304688 0.964844 0.304688 0.988281 0.3125 0.996094 0.332031 0.996094 0.332031 0.976562 0.328125 0.972656 0.328125 0.964844 0.324219 0.960938
0 0.292969 0.1875 0.289062 0.191406 0.285156 0.191406 0.28125 0.195312 0.28125 0.210938 0.285156 0.214844 0.285156 0.21875 0.296875 0.230469 0.304688 0.230469 0.308594 0.234375 0.3125 0.234375 0.316406 0.230469 0.316406 0.226562 0.320312 0.222656 0.320312 0.207031 0.316406 0.203125 0.316406 0.199219 0.3125 0.195312 0.308594 0.195312 0.300781 0.1875
0 0.382812 0.597656 0.375 0.605469 0.375 0.609375 0.378906 0.613281 0.378906 0.617188 0.394531 0.632812 0.414062 0.632812 0.417969 0.636719 0.429688 0.636719 0.4375 0.628906 0.4375 0.621094 0.425781 0.609375 0.421875 0.609375 0.417969 0.605469 0.414062 0.605469 0.40625 0.597656
0 0.847656 0.773438 0.84375 0.777344 0.84375 0.785156 0.839844 0.789062 0.839844 0.800781 0.84375 0.804688 0.84375 0.8125 0.851562 0.820312 0.859375 0.820312 0.867188 0.8125 0.871094 0.8125 0.875 0.808594 0.875 0.792969 0.871094 0.789062 0.871094 0.785156 0.867188 0.78125 0.867188 0.777344 0.863281 0.773438
0 0.515625 0.046875 0.511719 0.0507812 0.511719 0.0546875 0.507812 0.0585938 0.507812 0.0703125 0.511719 0.0742188 0.511719 0.078125 0.523438 0.0898438 0.53125 0.0898438 0.539062 0.0820312 0.539062 0.0585938 0.527344 0.046875
0 0.855469 0.3125 0.84375 0.324219 0.84375 0.332031 0.847656 0.335938 0.847656 0.339844 0.851562 0.34375 0.867188 0.34375 0.878906 0.332031 0.878906 0.324219 0.867188 0.3125
0 0.394531 0.113281 0.386719 0.121094 0.386719 0.125 0.382812 0.128906 0.382812 0.144531 0.386719 0.148438 0.390625 0.148438 0.394531 0.152344 0.402344 0.152344 0.40625 0.148438 0.410156 0.148438 0.414062 0.144531 0.417969 0.144531 0.421875 0.140625 0.421875 0.132812 0.417969 0.128906 0.417969 0.125 0.414062 0.121094 0.414062 0.117188 0.410156 0.113281
0 0.472656 0.820312 0.460938 0.832031 0.460938 0.839844 0.464844 0.84375 0.484375 0.84375 0.488281 0.839844 0.488281 0.832031 0.484375 0.828125 0.484375 0.824219 0.480469 0.820312
0 0.6875 0.875 0.683594 0.878906 0.679688 0.878906 0.675781 0.882812 0.671875 0.882812 0.667969 0.886719 0.664062 0.886719 0.652344 0.898438 0.652344 0.914062 0.65625 0.917969 0.683594 0.917969 0.6875 0.914062 0.6875 0.910156 0.691406 0.90625 0.691406 0.902344 0.699219 0.894531 0.699219 0.878906 0.695312 0.875
0 0.878906 0 0.878906 0.0078125 0.882812 0.0117188 0.886719 0.0117188 0.890625 0.015625 0.894531 0.015625 0.898438 0.0195312 0.902344 0.0195312 0.90625 0.0234375 0.917969 0.0234375 0.921875 0.0195312 0.921875 0.0117188 0.925781 0.0078125 0.925781 0
0 0.347656 0.5 0.34375 0.503906 0.339844 0.503906 0.328125 0.515625 0.328125 0.527344 0.332031 0.53125 0.351562 0.53125 0.359375 0.523438 0.359375 0.507812 0.351562 0.5
0 0.253906 0.742188 0.25 0.746094 0.25 0.753906 0.257812 0.761719 0.265625 0.761719 0.273438 0.769531 0.285156 0.769531 0.289062 0.765625 0.289062 0.757812 0.28125 0.75 0.277344 0.75 0.273438 0.746094 0.269531 0.746094 0.265625 0.742188
0 0.992188 0.703125 0.976562 0.71875 0.976562 0.726562 0.972656 0.730469 0.972656 0.75 0.976562 0.753906 0.996094 0.753906 0.996094 0.703125
0 0.613281 0.316406 0.605469 0.324219 0.605469 0.328125 0.601562 0.332031 0.601562 0.351562 0.613281 0.363281 0.617188 0.363281 0.621094 0.367188 0.636719 0.367188 0.640625 0.363281 0.644531 0.363281 0.648438 0.359375 0.652344 0.359375 0.660156 0.351562 0.660156 0.328125 0.65625 0.324219 0.652344 0.324219 0.644531 0.316406
0 0.386719 0.6875 0.382812 0.691406 0.382812 0.695312 0.378906 0.699219 0.378906 0.730469 0.386719 0.738281 0.398438 0.738281 0.40625 0.730469 0.40625 0.722656 0.410156 0.71875 0.410156 0.707031 0.402344 0.699219 0.402344 0.695312 0.394531 0.6875
0 0.761719 0.714844 0.75 0.726562 0.746094 0.726562 0.738281 0.734375 0.738281 0.75 0.742188 0.753906 0.746094 0.753906 0.75 0.757812 0.761719 0.757812 0.777344 0.742188 0.777344 0.730469 0.773438 0.726562 0.773438 0.722656 0.765625 0.714844
0 0.792969 0.871094 0.789062 0.875 0.789062 0.878906 0.785156 0.882812 0.785156 0.898438 0.789062 0.902344 0.796875 0.902344 0.804688 0.894531 0.804688 0.875 0.800781 0.871094
0 0.246094 0.757812 0.242188 0.761719 0.238281 0.761719 0.226562 0.773438 0.226562 0.796875 0.234375 0.804688 0.253906 0.804688 0.253906 0.792969 0.261719 0.785156 0.261719 0.78125 0.257812 0.777344 0.257812 0.769531 0.261719 0.765625 0.257812 0.765625 0.25 0.757812
0 0.5625 0.390625 0.554688 0.398438 0.554688 0.410156 0.558594 0.414062 0.5625 0.414062 0.574219 0.425781 0.59375 0.425781 0.597656 0.421875 0.597656 0.410156 0.59375 0.40625 0.59375 0.402344 0.589844 0.398438 0.582031 0.398438 0.574219 0.390625
0 0.734375 0.878906 0.730469 0.882812 0.730469 0.890625 0.734375 0.894531 0.734375 0.90625 0.738281 0.910156 0.742188 0.910156 0.746094 0.914062 0.75 0.914062 0.761719 0.902344 0.761719 0.894531 0.757812 0.890625 0.757812 0.886719 0.753906 0.882812 0.75 0.882812 0.746094 0.878906
0 0.511719 0.980469 0.507812 0.984375 0.507812 0.988281 0.511719 0.992188 0.511719 0.996094 0.535156 0.996094 0.535156 0.988281 0.527344 0.980469
0 0.84375 0.121094 0.839844 0.125 0.835938 0.125 0.832031 0.128906 0.828125 0.128906 0.824219 0.132812 0.824219 0.136719 0.820312 0.140625 0.820312 0.144531 0.816406 0.148438 0.816406 0.160156 0.824219 0.167969 0.84375 0.167969 0.851562 0.160156 0.855469 0.160156 0.863281 0.152344 0.863281 0.148438 0.867188 0.144531 0.867188 0.140625 0.871094 0.136719 0.871094 0.132812 0.863281 0.125 0.855469 0.125 0.851562 0.121094
0 0.589844 0.933594 0.585938 0.9375 0.582031 0.9375 0.578125 0.941406 0.578125 0.953125 0.582031 0.957031 0.582031 0.964844 0.585938 0.96875 0.601562 0.96875 0.605469 0.964844 0.605469 0.960938 0.609375 0.957031 0.609375 0.941406 0.601562 0.933594
0 0.414062 0.222656 0.40625 0.230469 0.40625 0.25 0.410156 0.253906 0.417969 0.253906 0.421875 0.25 0.429688 0.25 0.433594 0.246094 0.4375 0.246094 0.441406 0.242188 0.445312 0.242188 0.445312 0.234375 0.4375 0.226562 0.433594 0.226562 0.429688 0.222656
0 0.511719 0.949219 0.503906 0.957031 0.503906 0.960938 0.5 0.964844 0.5 0.96875 0.496094 0.972656 0.496094 0.980469 0.5 0.984375 0.503906 0.984375 0.511719 0.976562 0.519531 0.976562 0.519531 0.972656 0.523438 0.96875 0.523438 0.964844 0.527344 0.960938 0.527344 0.953125 0.523438 0.949219
0 0.757812 0.8125 0.753906 0.816406 0.75 0.816406 0.746094 0.820312 0.746094 0.835938 0.75 0.839844 0.75 0.847656 0.753906 0.851562 0.777344 0.851562 0.789062 0.839844 0.789062 0.828125 0.785156 0.824219 0.785156 0.820312 0.78125 0.816406 0.773438 0.816406 0.769531 0.8125
0 0.316406 0.359375 0.3125 0.363281 0.308594 0.363281 0.300781 0.371094 0.300781 0.375 0.304688 0.378906 0.304688 0.386719 0.324219 0.40625 0.332031 0.40625 0.34375 0.394531 0.34375 0.378906 0.328125 0.363281 0.324219 0.363281 0.320312 0.359375
0 0.398438 0.40625 0.394531 0.410156 0.386719 0.410156 0.378906 0.417969 0.378906 0.425781 0.386719 0.433594 0.394531 0.433594 0.398438 0.4375 0.414062 0.4375 0.417969 0.433594 0.417969 0.425781 0.414062 0.421875 0.414062 0.414062 0.410156 0.410156 0.40625 0.410156 0.402344 0.40625
0 0.304688 0.609375 0.300781 0.613281 0.300781 0.644531 0.308594 0.652344 0.320312 0.652344 0.324219 0.648438 0.324219 0.621094 0.3125 0.609375
0 0.3125 0.761719 0.296875 0.777344 0.296875 0.78125 0.292969 0.785156 0.292969 0.792969 0.296875 0.796875 0.3125 0.796875 0.316406 0.792969 0.316406 0.785156 0.324219 0.777344 0.324219 0.765625 0.320312 0.761719
0 0.878906 0.175781 0.875 0.179688 0.875 0.199219 0.878906 0.203125 0.898438 0.203125 0.90625 0.195312 0.90625 0.191406 0.902344 0.1875 0.902344 0.179688 0.898438 0.175781
0 0.503906 0.605469 0.5 0.609375 0.496094 0.609375 0.492188 0.613281 0.492188 0.621094 0.496094 0.625 0.496094 0.628906 0.5 0.632812 0.5 0.636719 0.507812 0.644531 0.515625 0.644531 0.519531 0.648438 0.53125 0.648438 0.535156 0.644531 0.535156 0.632812 0.53125 0.628906 0.53125 0.617188 0.519531 0.605469
0 0.0234375 0.414062 0.0195312 0.417969 0.0117188 0.417969 0.0078125 0.421875 0.0078125 0.433594 0.0195312 0.445312 0.0273438 0.445312 0.03125 0.449219 0.0390625 0.449219 0.0429688 0.445312 0.046875 0.445312 0.0507812 0.441406 0.0507812 0.421875 0.0429688 0.414062
0 0.179688 0.710938 0.171875 0.71875 0.171875 0.722656 0.167969 0.726562 0.167969 0.730469 0.164062 0.734375 0.164062 0.746094 0.171875 0.753906 0.179688 0.753906 0.191406 0.742188 0.191406 0.714844 0.1875 0.710938
0 0.484375 0.695312 0.464844 0.714844 0.464844 0.722656 0.460938 0.726562 0.460938 0.734375 0.464844 0.738281 0.472656 0.738281 0.476562 0.734375 0.484375 0.734375 0.488281 0.730469 0.488281 0.726562 0.492188 0.722656 0.492188 0.71875 0.496094 0.714844 0.496094 0.710938 0.5 0.707031 0.5 0.703125 0.492188 0.695312
0 0.328125 0.09375 0.324219 0.0976562 0.324219 0.121094 0.328125 0.125 0.328125 0.128906 0.332031 0.132812 0.339844 0.132812 0.347656 0.125 0.347656 0.101562 0.339844 0.09375
0 0.683594 0.726562 0.675781 0.734375 0.671875 0.734375 0.664062 0.742188 0.664062 0.761719 0.671875 0.769531 0.671875 0.773438 0.675781 0.777344 0.691406 0.777344 0.699219 0.769531 0.703125 0.769531 0.710938 0.761719 0.710938 0.75 0.703125 0.742188 0.703125 0.738281 0.699219 0.734375 0.699219 0.730469 0.695312 0.726562
0 0.863281 0.699219 0.859375 0.703125 0.855469 0.703125 0.851562 0.707031 0.851562 0.71875 0.863281 0.730469 0.875 0.730469 0.882812 0.722656 0.882812 0.707031 0.875 0.699219
0 0.707031 0.566406 0.695312 0.578125 0.695312 0.585938 0.707031 0.597656 0.707031 0.601562 0.714844 0.609375 0.730469 0.609375 0.734375 0.605469 0.734375 0.589844 0.726562 0.582031 0.726562 0.574219 0.71875 0.566406
0 0.21875 0.179688 0.210938 0.1875 0.210938 0.199219 0.222656 0.210938 0.226562 0.210938 0.230469 0.214844 0.238281 0.214844 0.242188 0.210938 0.246094 0.210938 0.25 0.207031 0.25 0.195312 0.234375 0.179688
0 0.667969 0.457031 0.660156 0.464844 0.660156 0.46875 0.671875 0.480469 0.695312 0.480469 0.703125 0.472656 0.703125 0.460938 0.699219 0.457031
0 0.355469 0.28125 0.351562 0.285156 0.347656 0.285156 0.34375 0.289062 0.34375 0.292969 0.335938 0.300781 0.335938 0.316406 0.34375 0.324219 0.351562 0.324219 0.355469 0.320312 0.355469 0.316406 0.363281 0.308594 0.363281 0.300781 0.367188 0.296875 0.367188 0.285156 0.363281 0.28125
0 0.441406 0.246094 0.4375 0.25 0.433594 0.25 0.429688 0.253906 0.429688 0.261719 0.433594 0.265625 0.464844 0.265625 0.472656 0.257812 0.472656 0.25 0.46875 0.246094
0 0.628906 0.554688 0.625 0.558594 0.613281 0.558594 0.609375 0.5625 0.609375 0.566406 0.605469 0.570312 0.605469 0.574219 0.609375 0.578125 0.609375 0.585938 0.613281 0.589844 0.621094 0.589844 0.625 0.59375 0.648438 0.59375 0.652344 0.589844 0.652344 0.585938 0.65625 0.582031 0.65625 0.578125 0.652344 0.574219 0.652344 0.570312 0.648438 0.566406 0.648438 0.5625 0.640625 0.554688
0 0.492188 0.878906 0.488281 0.882812 0.484375 0.882812 0.476562 0.890625 0.476562 0.898438 0.472656 0.902344 0.472656 0.910156 0.46875 0.914062 0.46875 0.921875 0.472656 0.925781 0.484375 0.925781 0.488281 0.921875 0.492188 0.921875 0.496094 0.925781 0.5 0.925781 0.515625 0.910156 0.515625 0.894531 0.511719 0.890625 0.511719 0.882812 0.507812 0.878906
0 0.71875 0.96875 0.714844 0.972656 0.710938 0.972656 0.703125 0.980469 0.703125 0.984375 0.707031 0.988281 0.707031 0.992188 0.710938 0.996094 0.746094 0.996094 0.746094 0.980469 0.742188 0.976562 0.742188 0.972656 0.738281 0.96875
0 0.925781 0.847656 0.921875 0.851562 0.917969 0.851562 0.914062 0.855469 0.914062 0.867188 0.921875 0.875 0.925781 0.875 0.933594 0.882812 0.949219 0.882812 0.953125 0.878906 0.957031 0.878906 0.960938 0.875 0.960938 0.863281 0.945312 0.847656
0 0.539062 0.253906 0.535156 0.257812 0.535156 0.277344 0.546875 0.289062 0.566406 0.289062 0.570312 0.285156 0.570312 0.265625 0.558594 0.253906
0 0.558594 0.980469 0.550781 0.988281 0.550781 0.996094 0.566406 0.996094 0.566406 0.984375 0.5625 0.980469
0 0.976562 0.0976562 0.972656 0.101562 0.96875 0.101562 0.964844 0.105469 0.964844 0.113281 0.980469 0.128906 0.988281 0.128906 0.996094 0.121094 0.996094 0.113281 0.992188 0.109375 0.992188 0.105469 0.988281 0.101562 0.984375 0.101562 0.980469 0.0976562
0 0.242188 0.671875 0.238281 0.675781 0.238281 0.707031 0.246094 0.714844 0.257812 0.714844 0.261719 0.710938 0.261719 0.703125 0.257812 0.699219 0.257812 0.683594 0.246094 0.671875
0 0.640625 0.738281 0.636719 0.742188 0.636719 0.773438 0.644531 0.78125 0.65625 0.78125 0.664062 0.773438 0.667969 0.773438 0.667969 0.769531 0.660156 0.761719 0.660156 0.742188 0.652344 0.742188 0.648438 0.738281
0 0.59375 0.730469 0.589844 0.734375 0.582031 0.734375 0.578125 0.738281 0.578125 0.746094 0.582031 0.75 0.582031 0.753906 0.59375 0.765625 0.597656 0.765625 0.601562 0.769531 0.605469 0.769531 0.609375 0.765625 0.609375 0.742188 0.605469 0.738281 0.605469 0.734375 0.601562 0.730469
0 0.261719 0.976562 0.257812 0.980469 0.253906 0.980469 0.25 0.984375 0.25 0.996094 0.289062 0.996094 0.289062 0.980469 0.285156 0.976562
0 0.433594 0.375 0.429688 0.378906 0.429688 0.402344 0.433594 0.40625 0.433594 0.410156 0.4375 0.414062 0.453125 0.414062 0.457031 0.410156 0.457031 0.398438 0.453125 0.394531 0.453125 0.390625 0.449219 0.386719 0.449219 0.382812 0.441406 0.375
0 0.613281 0.492188 0.609375 0.496094 0.605469 0.496094 0.597656 0.503906 0.597656 0.519531 0.601562 0.523438 0.605469 0.523438 0.609375 0.527344 0.636719 0.527344 0.640625 0.523438 0.640625 0.519531 0.644531 0.515625 0.644531 0.511719 0.640625 0.507812 0.640625 0.503906 0.628906 0.492188
0 0 0.542969 0 0.566406 0.0078125 0.574219 0.0117188 0.574219 0.015625 0.578125 0.0234375 0.578125 0.0273438 0.574219 0.0273438 0.566406 0.0195312 0.558594 0.0195312 0.554688 0.0117188 0.546875 0.0078125 0.546875 0.00390625 0.542969
0 0.09375 0.535156 0.0898438 0.539062 0.0898438 0.546875 0.0859375 0.550781 0.0859375 0.558594 0.0820312 0.5625 0.0820312 0.574219 0.0898438 0.582031 0.0976562 0.582031 0.101562 0.578125 0.101562 0.574219 0.105469 0.570312 0.105469 0.554688 0.101562 0.550781 0.101562 0.539062 0.0976562 0.535156
0 0.96875 0.179688 0.957031 0.191406 0.957031 0.207031 0.960938 0.210938 0.964844 0.210938 0.96875 0.214844 0.976562 0.214844 0.980469 0.210938 0.988281 0.210938 0.992188 0.207031 0.996094 0.207031 0.996094 0.183594 0.988281 0.183594 0.984375 0.179688
0 0.136719 0.796875 0.132812 0.800781 0.128906 0.800781 0.121094 0.808594 0.121094 0.8125 0.117188 0.816406 0.117188 0.820312 0.125 0.828125 0.128906 0.828125 0.132812 0.832031 0.140625 0.832031 0.144531 0.828125 0.148438 0.828125 0.152344 0.824219 0.152344 0.804688 0.144531 0.796875
0 0.222656 0.9375 0.21875 0.941406 0.21875 0.945312 0.214844 0.949219 0.214844 0.960938 0.226562 0.972656 0.238281 0.972656 0.242188 0.96875 0.25 0.96875 0.253906 0.964844 0.253906 0.960938 0.25 0.957031 0.25 0.949219 0.246094 0.945312 0.246094 0.941406 0.242188 0.9375
0 0.539062 0.367188 0.527344 0.378906 0.527344 0.382812 0.523438 0.386719 0.523438 0.398438 0.53125 0.40625 0.535156 0.40625 0.539062 0.410156 0.546875 0.410156 0.550781 0.40625 0.550781 0.398438 0.5625 0.386719 0.558594 0.382812 0.5625 0.378906 0.5625 0.371094 0.558594 0.367188
0 0.0703125 0.90625 0.0585938 0.917969 0.0585938 0.925781 0.0546875 0.929688 0.0546875 0.9375 0.0585938 0.941406 0.0585938 0.945312 0.0625 0.949219 0.0703125 0.949219 0.0820312 0.9375 0.0820312 0.917969 0.078125 0.914062 0.078125 0.910156 0.0742188 0.90625
0 0.492188 0.496094 0.488281 0.5 0.484375 0.5 0.480469 0.503906 0.480469 0.519531 0.488281 0.527344 0.496094 0.527344 0.5 0.53125 0.523438 0.53125 0.527344 0.527344 0.527344 0.515625 0.515625 0.503906 0.511719 0.503906 0.507812 0.5 0.503906 0.5 0.5 0.496094
0 0.433594 0.1875 0.429688 0.191406 0.429688 0.199219 0.4375 0.207031 0.4375 0.210938 0.453125 0.226562 0.460938 0.226562 0.46875 0.21875 0.46875 0.207031 0.449219 0.1875
0 0.9375 0.292969 0.929688 0.300781 0.929688 0.3125 0.945312 0.328125 0.945312 0.332031 0.949219 0.335938 0.957031 0.335938 0.960938 0.332031 0.964844 0.332031 0.96875 0.328125 0.972656 0.328125 0.976562 0.324219 0.976562 0.316406 0.972656 0.3125 0.972656 0.308594 0.96875 0.304688 0.960938 0.304688 0.953125 0.296875 0.949219 0.296875 0.945312 0.292969
0 0.230469 0.46875 0.226562 0.472656 0.222656 0.472656 0.21875 0.476562 0.21875 0.5 0.222656 0.503906 0.226562 0.503906 0.230469 0.5 0.242188 0.5 0.253906 0.488281 0.253906 0.480469 0.242188 0.46875
0 0.8125 0.746094 0.808594 0.75 0.808594 0.769531 0.8125 0.773438 0.8125 0.777344 0.824219 0.789062 0.828125 0.789062 0.832031 0.785156 0.832031 0.765625 0.828125 0.761719 0.828125 0.753906 0.820312 0.746094
0 0.21875 0.582031 0.214844 0.585938 0.214844 0.59375 0.226562 0.605469 0.230469 0.605469 0.234375 0.609375 0.238281 0.609375 0.242188 0.613281 0.257812 0.613281 0.261719 0.609375 0.261719 0.59375 0.253906 0.585938 0.25 0.585938 0.246094 0.582031
0 0.253906 0.492188 0.242188 0.503906 0.230469 0.503906 0.226562 0.507812 0.226562 0.515625 0.230469 0.519531 0.253906 0.519531 0.257812 0.515625 0.261719 0.515625 0.265625 0.511719 0.265625 0.496094 0.261719 0.492188
0 0.0664062 0.617188 0.0625 0.621094 0.0546875 0.621094 0.046875 0.628906 0.046875 0.660156 0.0546875 0.667969 0.0664062 0.667969 0.0703125 0.664062 0.0742188 0.664062 0.0820312 0.65625 0.0820312 0.652344 0.0859375 0.648438 0.0859375 0.644531 0.0898438 0.640625 0.0898438 0.628906 0.0859375 0.625 0.0820312 0.625 0.0742188 0.617188
0 0.472656 0.429688 0.464844 0.4375 0.464844 0.457031 0.472656 0.464844 0.488281 0.464844 0.496094 0.457031 0.496094 0.441406 0.484375 0.429688
0 0.382812 0.925781 0.371094 0.9375 0.371094 0.949219 0.378906 0.957031 0.382812 0.957031 0.386719 0.960938 0.390625 0.960938 0.394531 0.964844 0.402344 0.964844 0.40625 0.960938 0.410156 0.960938 0.414062 0.957031 0.414062 0.929688 0.410156 0.925781
0 0.265625 0.765625 0.261719 0.769531 0.261719 0.777344 0.265625 0.78125 0.265625 0.785156 0.257812 0.792969 0.257812 0.804688 0.261719 0.808594 0.269531 0.808594 0.28125 0.796875 0.28125 0.789062 0.285156 0.785156 0.285156 0.773438 0.273438 0.773438
0 0.664062 0.238281 0.660156 0.242188 0.65625 0.242188 0.652344 0.246094 0.652344 0.25 0.648438 0.253906 0.648438 0.269531 0.652344 0.273438 0.667969 0.273438 0.683594 0.257812 0.683594 0.242188 0.679688 0.238281
0 0.347656 0.238281 0.34375 0.242188 0.335938 0.242188 0.328125 0.25 0.328125 0.261719 0.347656 0.28125 0.351562 0.28125 0.355469 0.277344 0.363281 0.277344 0.363281 0.269531 0.367188 0.265625 0.367188 0.253906 0.359375 0.246094 0.359375 0.242188 0.355469 0.238281
0 0.683594 0.351562 0.679688 0.355469 0.675781 0.355469 0.671875 0.359375 0.671875 0.367188 0.667969 0.371094 0.667969 0.378906 0.671875 0.382812 0.671875 0.386719 0.679688 0.394531 0.6875 0.394531 0.691406 0.390625 0.695312 0.390625 0.703125 0.382812 0.703125 0.359375 0.695312 0.351562
0 0.273438 0.707031 0.269531 0.710938 0.269531 0.722656 0.265625 0.726562 0.265625 0.738281 0.269531 0.742188 0.273438 0.742188 0.277344 0.746094 0.28125 0.746094 0.296875 0.730469 0.296875 0.726562 0.300781 0.722656 0.300781 0.71875 0.289062 0.707031
0 0.339844 0.765625 0.335938 0.769531 0.335938 0.773438 0.332031 0.777344 0.332031 0.796875 0.335938 0.800781 0.34375 0.800781 0.347656 0.796875 0.351562 0.800781 0.355469 0.800781 0.359375 0.796875 0.363281 0.796875 0.367188 0.792969 0.367188 0.777344 0.363281 0.773438 0.363281 0.769531 0.359375 0.765625
