0 0.909375 0.734375 0.903125 0.742188 0.9 0.742188 0.896875 0.746094 0.896875 0.753906 0.915625 0.777344 0.928125 0.777344 0.93125 0.78125 0.940625 0.78125 0.94375 0.777344 0.95 0.777344 0.953125 0.773438 0.953125 0.757812 0.95 0.753906 0.95 0.75 0.94375 0.742188 0.940625 0.742188 0.9375 0.738281 0.934375 0.738281 0.93125 0.734375
0 0.03125 0.0429688 0.028125 0.046875 0.021875 0.046875 0.01875 0.0507812 0.01875 0.0546875 0.03125 0.0703125 0.03125 0.0820312 0.034375 0.0859375 0.0375 0.0859375 0.040625 0.0820312 0.040625 0.078125 0.05 0.0664062 0.0625 0.0664062 0.065625 0.0703125 0.071875 0.0703125 0.078125 0.0625 0.078125 0.0585938 0.075 0.0546875 0.075 0.0507812 0.071875 0.046875 0.0625 0.046875 0.059375 0.0429688
0 0.628125 0.28125 0.625 0.285156 0.625 0.300781 0.628125 0.304688 0.63125 0.304688 0.634375 0.308594 0.671875 0.308594 0.675 0.304688 0.675 0.296875 0.671875 0.292969 0.6625 0.292969 0.659375 0.289062 0.65625 0.289062 0.653125 0.285156 0.640625 0.285156 0.6375 0.28125
0 0.584375 0.460938 0.58125 0.464844 0.58125 0.46875 0.578125 0.472656 0.578125 0.480469 0.58125 0.484375 0.58125 0.492188 0.584375 0.496094 0.5875 0.496094 0.590625 0.5 0.59375 0.5 0.596875 0.503906 0.634375 0.503906 0.6375 0.5 0.640625 0.5 0.64375 0.496094 0.646875 0.496094 0.653125 0.488281 0.653125 0.484375 0.65625 0.480469 0.65625 0.46875 0.65 0.460938
0 0.609375 0.351562 0.603125 0.359375 0.603125 0.367188 0.60625 0.371094 0.60625 0.375 0.609375 0.378906 0.6125 0.378906 0.615625 0.382812 0.61875 0.382812 0.621875 0.386719 0.628125 0.386719 0.63125 0.382812 0.634375 0.382812 0.640625 0.375 0.640625 0.355469 0.6375 0.351562
0 0.10625 0.25 0.103125 0.253906 0.1 0.253906 0.096875 0.257812 0.096875 0.265625 0.1 0.269531 0.103125 0.269531 0.109375 0.261719 0.115625 0.261719 0.11875 0.257812 0.11875 0.253906 0.115625 0.25
0 0.009375 0.640625 0.00625 0.644531 0.00625 0.648438 0.003125 0.652344 0.003125 0.714844 0.0125 0.726562 0.021875 0.726562 0.034375 0.710938 0.034375 0.675781 0.03125 0.671875 0.03125 0.664062 0.028125 0.660156 0.028125 0.65625 0.015625 0.640625
0 0.878125 0.90625 0.871875 0.914062 0.871875 0.917969 0.86875 0.921875 0.86875 0.933594 0.865625 0.9375 0.865625 0.941406 0.8625 0.945312 0.8625 0.957031 0.865625 0.960938 0.86875 0.960938 0.871875 0.964844 0.878125 0.964844 0.88125 0.960938 0.884375 0.960938 0.8875 0.957031 0.890625 0.957031 0.896875 0.949219 0.896875 0.933594 0.89375 0.929688 0.89375 0.917969 0.890625 0.914062 0.890625 0.910156 0.8875 0.90625
0 0.90625 0.878906 0.903125 0.882812 0.903125 0.902344 0.90625 0.90625 0.90625 0.917969 0.909375 0.921875 0.925 0.921875 0.928125 0.917969 0.928125 0.914062 0.925 0.910156 0.925 0.890625 0.921875 0.886719 0.91875 0.886719 0.915625 0.882812 0.9125 0.882812 0.909375 0.878906
0 0.14375 0.582031 0.140625 0.585938 0.1375 0.585938 0.134375 0.589844 0.13125 0.589844 0.128125 0.59375 0.125 0.59375 0.109375 0.613281 0.109375 0.632812 0.1125 0.636719 0.14375 0.636719 0.146875 0.632812 0.15 0.632812 0.165625 0.613281 0.165625 0.609375 0.16875 0.605469 0.16875 0.597656 0.165625 0.59375 0.165625 0.589844 0.1625 0.585938 0.159375 0.585938 0.15625 0.582031
0 0.025 0.375 0.021875 0.378906 0.01875 0.378906 0.009375 0.390625 0.009375 0.394531 0.021875 0.410156 0.025 0.410156 0.03125 0.417969 0.040625 0.417969 0.04375 0.421875 0.08125 0.421875 0.084375 0.417969 0.090625 0.417969 0.096875 0.410156 0.096875 0.40625 0.090625 0.398438 0.0875 0.398438 0.08125 0.390625 0.071875 0.390625 0.065625 0.382812 0.0625 0.382812 0.05625 0.375
0 0.90625 0.0585938 0.903125 0.0625 0.9 0.0625 0.896875 0.0664062 0.890625 0.0664062 0.875 0.0859375 0.871875 0.0859375 0.86875 0.0898438 0.86875 0.09375 0.865625 0.0976562 0.865625 0.101562 0.8625 0.105469 0.8625 0.117188 0.86875 0.125 0.878125 0.125 0.88125 0.128906 0.890625 0.128906 0.896875 0.121094 0.9 0.121094 0.909375 0.109375 0.9125 0.109375 0.93125 0.0859375 0.934375 0.0859375 0.940625 0.078125 0.940625 0.0703125 0.934375 0.0625 0.925 0.0625 0.921875 0.0585938
0 0.353125 0.789062 0.35 0.792969 0.34375 0.792969 0.340625 0.796875 0.3375 0.796875 0.33125 0.804688 0.328125 0.804688 0.321875 0.8125 0.31875 0.8125 0.30625 0.828125 0.30625 0.832031 0.303125 0.835938 0.303125 0.839844 0.3 0.84375 0.3 0.871094 0.309375 0.882812 0.321875 0.882812 0.325 0.878906 0.328125 0.878906 0.34375 0.859375 0.346875 0.859375 0.359375 0.84375 0.359375 0.839844 0.365625 0.832031 0.365625 0.828125 0.371875 0.820312 0.371875 0.796875 0.365625 0.789062
0 0.903125 0.78125 0.9 0.785156 0.896875 0.785156 0.89375 0.789062 0.89375 0.820312 0.9 0.828125 0.915625 0.828125 0.928125 0.8125 0.928125 0.808594 0.93125 0.804688 0.93125 0.796875 0.928125 0.792969 0.928125 0.789062 0.921875 0.78125
0 0.0375 0.296875 0.034375 0.300781 0.034375 0.3125 0.0375 0.316406 0.05 0.316406 0.05625 0.324219 0.059375 0.324219 0.071875 0.339844 0.090625 0.339844 0.09375 0.335938 0.096875 0.335938 0.109375 0.320312 0.109375 0.3125 0.10625 0.308594 0.1 0.308594 0.096875 0.304688 0.09375 0.304688 0.0875 0.3125 0.075 0.3125 0.071875 0.308594 0.065625 0.308594 0.0625 0.304688 0.05625 0.304688 0.053125 0.300781 0.05 0.300781 0.046875 0.296875
0 0.21875 0.46875 0.215625 0.472656 0.215625 0.476562 0.2125 0.480469 0.2125 0.488281 0.209375 0.492188 0.209375 0.511719 0.20625 0.515625 0.209375 0.519531 0.246875 0.519531 0.259375 0.503906 0.259375 0.496094 0.2625 0.492188 0.2625 0.480469 0.259375 0.476562 0.259375 0.472656 0.25625 0.46875
0 0.10625 0.488281 0.090625 0.507812 0.090625 0.523438 0.09375 0.527344 0.09375 0.535156 0.096875 0.539062 0.11875 0.539062 0.121875 0.535156 0.125 0.535156 0.13125 0.527344 0.13125 0.507812 0.115625 0.488281
0 0.35625 0.527344 0.353125 0.53125 0.35 0.53125 0.346875 0.535156 0.34375 0.535156 0.340625 0.539062 0.340625 0.558594 0.3375 0.5625 0.3375 0.578125 0.35 0.59375 0.353125 0.59375 0.35625 0.589844 0.36875 0.589844 0.375 0.582031 0.378125 0.582031 0.390625 0.566406 0.390625 0.550781 0.375 0.53125 0.371875 0.53125 0.36875 0.527344
0 0.14375 0.285156 0.1375 0.292969 0.1375 0.300781 0.146875 0.3125 0.153125 0.3125 0.1625 0.324219 0.184375 0.324219 0.1875 0.320312 0.190625 0.320312 0.196875 0.3125 0.196875 0.308594 0.190625 0.300781 0.1875 0.300781 0.184375 0.296875 0.18125 0.296875 0.178125 0.292969 0.16875 0.292969 0.165625 0.289062 0.1625 0.289062 0.159375 0.285156
0 0.415625 0.863281 0.409375 0.871094 0.40625 0.871094 0.4 0.878906 0.396875 0.878906 0.390625 0.886719 0.384375 0.886719 0.38125 0.890625 0.378125 0.890625 0.371875 0.898438 0.36875 0.898438 0.3625 0.90625 0.3625 0.933594 0.365625 0.9375 0.378125 0.9375 0.38125 0.933594 0.4125 0.933594 0.41875 0.925781 0.421875 0.925781 0.434375 0.910156 0.434375 0.90625 0.4375 0.902344 0.4375 0.878906 0.434375 0.875 0.434375 0.871094 0.428125 0.863281
0 0.725 0.0195312 0.721875 0.0234375 0.71875 0.0234375 0.709375 0.0351562 0.709375 0.0429688 0.721875 0.0585938 0.753125 0.0585938 0.7625 0.046875 0.765625 0.046875 0.778125 0.03125 0.778125 0.0234375 0.775 0.0195312
0 0.7875 0.398438 0.78125 0.40625 0.771875 0.40625 0.75625 0.425781 0.75625 0.429688 0.753125 0.433594 0.753125 0.445312 0.75625 0.449219 0.759375 0.449219 0.7625 0.453125 0.7875 0.453125 0.790625 0.449219 0.809375 0.449219 0.8125 0.445312 0.815625 0.445312 0.81875 0.441406 0.821875 0.441406 0.828125 0.433594 0.828125 0.410156 0.81875 0.398438
0 0.959375 0.332031 0.95 0.34375 0.95 0.347656 0.9375 0.363281 0.9375 0.367188 0.934375 0.371094 0.934375 0.378906 0.946875 0.394531 0.978125 0.394531 0.98125 0.390625 0.9875 0.390625 0.99375 0.382812 0.996875 0.382812 0.996875 0.335938 0.9875 0.335938 0.984375 0.332031
0 0.21875 0.585938 0.2125 0.59375 0.2125 0.628906 0.215625 0.632812 0.221875 0.632812 0.225 0.628906 0.23125 0.628906 0.2375 0.621094 0.2375 0.617188 0.240625 0.613281 0.240625 0.609375 0.24375 0.605469 0.24375 0.597656 0.240625 0.59375 0.240625 0.589844 0.2375 0.585938
0 0.684375 0.683594 0.68125 0.6875 0.659375 0.6875 0.653125 0.695312 0.653125 0.707031 0.659375 0.714844 0.665625 0.714844 0.66875 0.710938 0.696875 0.710938 0.7 0.707031 0.7 0.695312 0.690625 0.683594
0 0.828125 0.550781 0.825 0.554688 0.825 0.574219 0.83125 0.582031 0.846875 0.582031 0.85 0.578125 0.85625 0.578125 0.859375 0.574219 0.859375 0.566406 0.8625 0.5625 0.8625 0.558594 0.85625 0.550781
0 0.646875 0.945312 0.64375 0.949219 0.64375 0.957031 0.640625 0.960938 0.640625 0.980469 0.64375 0.984375 0.646875 0.984375 0.65 0.988281 0.65625 0.988281 0.659375 0.984375 0.659375 0.953125 0.653125 0.945312
0 0.75625 0.757812 0.753125 0.761719 0.725 0.761719 0.721875 0.765625 0.71875 0.765625 0.715625 0.769531 0.715625 0.777344 0.721875 0.785156 0.753125 0.785156 0.7625 0.773438 0.7625 0.761719 0.759375 0.757812
0 0.98125 0.972656 0.975 0.980469 0.975 0.988281 0.978125 0.992188 0.996875 0.992188 0.996875 0.976562 0.99375 0.976562 0.990625 0.972656
0 0.365625 0.648438 0.359375 0.65625 0.353125 0.65625 0.346875 0.664062 0.34375 0.664062 0.3375 0.671875 0.3375 0.675781 0.334375 0.679688 0.334375 0.6875 0.33125 0.691406 0.33125 0.71875 0.334375 0.722656 0.3375 0.722656 0.340625 0.726562 0.34375 0.726562 0.346875 0.722656 0.35 0.722656 0.353125 0.71875 0.35625 0.71875 0.36875 0.703125 0.36875 0.699219 0.375 0.691406 0.375 0.6875 0.378125 0.683594 0.378125 0.679688 0.38125 0.675781 0.38125 0.671875 0.384375 0.667969 0.384375 0.660156 0.375 0.648438
0 0.5 0.34375 0.49375 0.351562 0.49375 0.359375 0.496875 0.363281 0.496875 0.371094 0.503125 0.378906 0.50625 0.378906 0.509375 0.382812 0.534375 0.382812 0.5375 0.378906 0.540625 0.378906 0.54375 0.375 0.546875 0.375 0.55625 0.363281 0.55625 0.355469 0.553125 0.351562 0.55 0.351562 0.54375 0.34375
0 0.590625 0.679688 0.5875 0.683594 0.584375 0.683594 0.58125 0.6875 0.58125 0.691406 0.578125 0.695312 0.578125 0.71875 0.58125 0.722656 0.609375 0.722656 0.6125 0.71875 0.615625 0.71875 0.61875 0.714844 0.621875 0.714844 0.625 0.710938 0.625 0.707031 0.628125 0.703125 0.628125 0.6875 0.625 0.683594 0.621875 0.683594 0.61875 0.679688
0 0.08125 0.707031 0.078125 0.710938 0.075 0.710938 0.071875 0.714844 0.071875 0.71875 0.065625 0.726562 0.065625 0.738281 0.071875 0.746094 0.08125 0.746094 0.084375 0.742188 0.0875 0.742188 0.103125 0.722656 0.103125 0.714844 0.1 0.710938 0.096875 0.710938 0.09375 0.707031
0 0.240625 0.265625 0.2375 0.269531 0.2375 0.289062 0.240625 0.292969 0.240625 0.296875 0.246875 0.304688 0.246875 0.3125 0.25 0.316406 0.25625 0.316406 0.2625 0.324219 0.265625 0.324219 0.271875 0.316406 0.271875 0.296875 0.26875 0.292969 0.26875 0.289062 0.2625 0.28125 0.259375 0.28125 0.25625 0.277344 0.253125 0.277344 0.24375 0.265625
0 0.990625 0.746094 0.984375 0.753906 0.984375 0.777344 0.9875 0.78125 0.99375 0.78125 0.996875 0.785156 0.996875 0.746094
0 0.621875 0.00390625 0.61875 0.0078125 0.6125 0.0078125 0.609375 0.0117188 0.60625 0.0117188 0.603125 0.015625 0.59375 0.015625 0.590625 0.0195312 0.584375 0.0195312 0.58125 0.0234375 0.58125 0.0273438 0.590625 0.0390625 0.609375 0.0390625 0.6125 0.0429688 0.621875 0.0429688 0.625 0.0390625 0.628125 0.0390625 0.634375 0.03125 0.634375 0.015625 0.625 0.00390625
0 0.11875 0.828125 0.115625 0.832031 0.1125 0.832031 0.109375 0.835938 0.10625 0.835938 0.103125 0.839844 0.096875 0.839844 0.09375 0.84375 0.090625 0.84375 0.084375 0.851562 0.084375 0.855469 0.0875 0.859375 0.09375 0.859375 0.096875 0.855469 0.103125 0.855469 0.10625 0.851562 0.109375 0.851562 0.1125 0.847656 0.115625 0.847656 0.11875 0.84375 0.121875 0.84375 0.128125 0.835938 0.128125 0.832031 0.125 0.828125
0 0.271875 0.230469 0.26875 0.234375 0.26875 0.242188 0.271875 0.246094 0.271875 0.253906 0.28125 0.265625 0.284375 0.265625 0.2875 0.269531 0.29375 0.269531 0.296875 0.273438 0.31875 0.273438 0.33125 0.257812 0.33125 0.25 0.325 0.242188 0.30625 0.242188 0.303125 0.238281 0.3 0.238281 0.296875 0.234375 0.290625 0.234375 0.2875 0.230469
0 0.190625 0.78125 0.1875 0.785156 0.184375 0.785156 0.178125 0.792969 0.178125 0.796875 0.165625 0.8125 0.1625 0.8125 0.159375 0.816406 0.15625 0.816406 0.153125 0.820312 0.15 0.820312 0.14375 0.828125 0.14375 0.855469 0.15 0.863281 0.1875 0.863281 0.19375 0.855469 0.196875 0.855469 0.203125 0.847656 0.203125 0.839844 0.20625 0.835938 0.20625 0.832031 0.209375 0.828125 0.209375 0.824219 0.21875 0.8125 0.21875 0.804688 0.225 0.796875 0.225 0.789062 0.21875 0.78125
0 0.29375 0.636719 0.2875 0.644531 0.2875 0.648438 0.284375 0.652344 0.284375 0.65625 0.28125 0.660156 0.28125 0.667969 0.275 0.675781 0.275 0.683594 0.26875 0.691406 0.26875 0.699219 0.265625 0.703125 0.265625 0.707031 0.2625 0.710938 0.2625 0.71875 0.265625 0.722656 0.275 0.722656 0.278125 0.71875 0.28125 0.71875 0.2875 0.710938 0.290625 0.710938 0.29375 0.707031 0.296875 0.707031 0.3125 0.6875 0.3125 0.683594 0.315625 0.679688 0.315625 0.644531 0.309375 0.636719
0 0.225 0.648438 0.221875 0.652344 0.21875 0.652344 0.203125 0.671875 0.203125 0.675781 0.196875 0.683594 0.196875 0.699219 0.19375 0.703125 0.19375 0.714844 0.196875 0.71875 0.215625 0.71875 0.221875 0.710938 0.23125 0.710938 0.24375 0.695312 0.24375 0.691406 0.25 0.683594 0.25 0.652344 0.246875 0.648438
0 0.63125 0.136719 0.625 0.144531 0.625 0.160156 0.63125 0.167969 0.640625 0.167969 0.646875 0.175781 0.678125 0.175781 0.684375 0.167969 0.6875 0.167969 0.69375 0.160156 0.69375 0.152344 0.690625 0.148438 0.6875 0.148438 0.684375 0.144531 0.678125 0.144531 0.675 0.140625 0.65625 0.140625 0.653125 0.136719
0 0.08125 0.0898438 0.071875 0.101562 0.06875 0.101562 0.065625 0.105469 0.05 0.105469 0.046875 0.101562 0.0375 0.113281 0.0375 0.125 0.046875 0.136719 0.084375 0.136719 0.0875 0.132812 0.09375 0.132812 0.096875 0.128906 0.096875 0.105469 0.090625 0.0976562 0.090625 0.09375 0.0875 0.0898438
0 0.30625 0.960938 0.303125 0.964844 0.3 0.964844 0.290625 0.976562 0.290625 0.980469 0.2875 0.984375 0.2875 0.988281 0.290625 0.992188 0.290625 0.996094 0.325 0.996094 0.328125 0.992188 0.328125 0.972656 0.325 0.96875 0.321875 0.96875 0.31875 0.964844 0.315625 0.964844 0.3125 0.960938
0 0.8625 0.589844 0.859375 0.59375 0.85625 0.59375 0.85 0.601562 0.84375 0.601562 0.840625 0.605469 0.840625 0.621094 0.84375 0.625 0.871875 0.625 0.878125 0.617188 0.878125 0.597656 0.871875 0.589844
0 0.78125 0.910156 0.765625 0.929688 0.7625 0.929688 0.753125 0.941406 0.753125 0.945312 0.75 0.949219 0.75 0.964844 0.784375 0.964844 0.79375 0.953125 0.79375 0.949219 0.790625 0.945312 0.790625 0.929688 0.79375 0.925781 0.79375 0.914062 0.790625 0.910156
0 0.36875 0.261719 0.365625 0.265625 0.365625 0.269531 0.3625 0.273438 0.3625 0.296875 0.36875 0.304688 0.371875 0.304688 0.375 0.308594 0.3875 0.308594 0.390625 0.3125 0.41875 0.3125 0.421875 0.308594 0.425 0.308594 0.434375 0.296875 0.434375 0.292969 0.415625 0.269531 0.40625 0.269531 0.403125 0.265625 0.396875 0.265625 0.39375 0.261719
0 0.615625 0.910156 0.6125 0.914062 0.6125 0.925781 0.615625 0.929688 0.61875 0.929688 0.621875 0.933594 0.625 0.933594 0.63125 0.941406 0.6375 0.941406 0.640625 0.9375 0.640625 0.929688 0.6375 0.925781 0.634375 0.925781 0.621875 0.910156
0 0.93125 0.851562 0.928125 0.855469 0.928125 0.878906 0.93125 0.882812 0.93125 0.886719 0.934375 0.890625 0.934375 0.894531 0.9375 0.898438 0.9375 0.902344 0.940625 0.90625 0.946875 0.90625 0.95 0.902344 0.953125 0.902344 0.95625 0.898438 0.95625 0.878906 0.953125 0.875 0.953125 0.867188 0.946875 0.859375 0.94375 0.859375 0.940625 0.855469 0.9375 0.855469 0.934375 0.851562
0 0.84375 0.800781 0.840625 0.804688 0.834375 0.804688 0.828125 0.8125 0.828125 0.832031 0.834375 0.839844 0.840625 0.839844 0.84375 0.84375 0.846875 0.84375 0.85 0.839844 0.853125 0.839844 0.859375 0.832031 0.859375 0.808594 0.85625 0.804688 0.853125 0.804688 0.85 0.800781
0 0.053125 0.941406 0.05 0.945312 0.046875 0.945312 0.04375 0.949219 0.040625 0.949219 0.03125 0.960938 0.03125 0.964844 0.0375 0.972656 0.040625 0.972656 0.04375 0.976562 0.053125 0.976562 0.05625 0.972656 0.065625 0.972656 0.06875 0.96875 0.075 0.96875 0.078125 0.964844 0.0875 0.964844 0.090625 0.960938 0.09375 0.960938 0.096875 0.957031 0.096875 0.949219 0.09375 0.945312 0.0875 0.945312 0.084375 0.941406
0 0.190625 0.0429688 0.1875 0.046875 0.1875 0.0546875 0.190625 0.0585938 0.190625 0.0625 0.19375 0.0664062 0.19375 0.0703125 0.2 0.078125 0.2 0.0820312 0.209375 0.09375 0.2125 0.09375 0.215625 0.0976562 0.21875 0.0976562 0.225 0.105469 0.234375 0.105469 0.2375 0.101562 0.259375 0.101562 0.2625 0.105469 0.265625 0.105469 0.271875 0.0976562 0.271875 0.078125 0.2625 0.0664062 0.25625 0.0664062 0.253125 0.0625 0.24375 0.0625 0.240625 0.0585938 0.234375 0.0585938 0.23125 0.0546875 0.228125 0.0546875 0.225 0.0507812 0.221875 0.0507812 0.21875 0.046875 0.20625 0.046875 0.203125 0.0429688
0 0.978125 0.855469 0.96875 0.867188 0.96875 0.878906 0.971875 0.882812 0.971875 0.894531 0.975 0.898438 0.975 0.902344 0.98125 0.910156 0.984375 0.910156 0.996875 0.894531 0.996875 0.859375 0.99375 0.855469
0 0.9625 0.632812 0.959375 0.636719 0.95 0.636719 0.946875 0.640625 0.94375 0.640625 0.940625 0.644531 0.940625 0.648438 0.94375 0.652344 0.975 0.652344 0.98125 0.644531 0.98125 0.640625 0.975 0.632812
0 0.66875 0.390625 0.665625 0.394531 0.65625 0.394531 0.653125 0.398438 0.65 0.398438 0.646875 0.402344 0.646875 0.40625 0.65625 0.417969 0.671875 0.417969 0.675 0.421875 0.7125 0.421875 0.715625 0.417969 0.715625 0.410156 0.7125 0.40625 0.7125 0.402344 0.70625 0.394531 0.696875 0.394531 0.69375 0.390625
0 0.165625 0.160156 0.159375 0.167969 0.159375 0.183594 0.171875 0.199219 0.171875 0.203125 0.18125 0.214844 0.184375 0.214844 0.1875 0.21875 0.215625 0.21875 0.21875 0.214844 0.21875 0.195312 0.215625 0.191406 0.215625 0.1875 0.203125 0.171875 0.2 0.171875 0.19375 0.164062 0.1875 0.164062 0.184375 0.160156
0 0.571875 0.929688 0.56875 0.933594 0.56875 0.949219 0.575 0.957031 0.578125 0.957031 0.58125 0.960938 0.590625 0.960938 0.59375 0.964844 0.60625 0.964844 0.609375 0.96875 0.6125 0.96875 0.615625 0.964844 0.615625 0.957031 0.609375 0.949219 0.60625 0.949219 0.603125 0.945312 0.6 0.945312 0.590625 0.933594 0.5875 0.933594 0.584375 0.929688
0 0.7625 0.792969 0.759375 0.796875 0.759375 0.804688 0.771875 0.820312 0.775 0.820312 0.778125 0.824219 0.784375 0.824219 0.7875 0.828125 0.790625 0.828125 0.79375 0.832031 0.8 0.832031 0.803125 0.828125 0.803125 0.8125 0.796875 0.804688 0.79375 0.804688 0.790625 0.800781 0.784375 0.800781 0.78125 0.796875 0.778125 0.796875 0.775 0.792969
0 0.671875 0.910156 0.66875 0.914062 0.66875 0.933594 0.675 0.941406 0.678125 0.941406 0.6875 0.953125 0.703125 0.953125 0.70625 0.949219 0.70625 0.941406 0.703125 0.9375 0.703125 0.929688 0.690625 0.914062 0.684375 0.914062 0.68125 0.910156
0 0.11875 0.882812 0.115625 0.886719 0.1125 0.886719 0.109375 0.890625 0.090625 0.890625 0.0875 0.894531 0.0875 0.902344 0.090625 0.90625 0.103125 0.90625 0.10625 0.902344 0.115625 0.902344 0.11875 0.898438 0.121875 0.898438 0.128125 0.890625 0.128125 0.886719 0.125 0.882812
0 0.153125 0.457031 0.15 0.460938 0.15 0.464844 0.15625 0.472656 0.15625 0.476562 0.1625 0.484375 0.165625 0.484375 0.16875 0.488281 0.209375 0.488281 0.209375 0.480469 0.2125 0.476562 0.2125 0.472656 0.209375 0.46875 0.20625 0.46875 0.203125 0.464844 0.196875 0.464844 0.19375 0.460938 0.184375 0.460938 0.18125 0.457031
0 0.034375 0.480469 0.021875 0.496094 0.01875 0.496094 0.015625 0.5 0.009375 0.5 0.00625 0.503906 0.00625 0.511719 0 0.519531 0 0.542969 0.00625 0.542969 0.009375 0.546875 0.0125 0.546875 0.015625 0.550781 0.01875 0.550781 0.021875 0.546875 0.028125 0.546875 0.03125 0.542969 0.034375 0.542969 0.040625 0.535156 0.040625 0.53125 0.04375 0.527344 0.04375 0.511719 0.040625 0.507812 0.040625 0.484375 0.0375 0.480469
0 0.0875 0.769531 0.084375 0.773438 0.075 0.773438 0.071875 0.777344 0.053125 0.777344 0.05 0.78125 0.04375 0.78125 0.040625 0.785156 0.040625 0.792969 0.0375 0.796875 0.0375 0.804688 0.04375 0.8125 0.090625 0.8125 0.103125 0.796875 0.103125 0.792969 0.115625 0.777344 0.115625 0.773438 0.1125 0.769531
0 0.509375 0.539062 0.503125 0.546875 0.490625 0.546875 0.484375 0.554688 0.48125 0.554688 0.475 0.5625 0.475 0.574219 0.48125 0.582031 0.484375 0.582031 0.490625 0.589844 0.49375 0.589844 0.5 0.597656 0.525 0.597656 0.528125 0.59375 0.534375 0.59375 0.540625 0.585938 0.540625 0.582031 0.54375 0.578125 0.54375 0.5625 0.540625 0.558594 0.540625 0.554688 0.5375 0.550781 0.534375 0.550781 0.528125 0.542969 0.51875 0.542969 0.515625 0.539062
0 0.034375 0.199219 0.03125 0.203125 0.03125 0.21875 0.040625 0.230469 0.04375 0.230469 0.05 0.238281 0.053125 0.238281 0.05625 0.242188 0.06875 0.242188 0.071875 0.238281 0.075 0.238281 0.078125 0.234375 0.08125 0.234375 0.084375 0.230469 0.084375 0.226562 0.08125 0.222656 0.08125 0.21875 0.078125 0.214844 0.06875 0.214844 0.065625 0.210938 0.0625 0.210938 0.05625 0.203125 0.053125 0.203125 0.05 0.199219
0 0.64375 0.601562 0.628125 0.621094 0.628125 0.628906 0.634375 0.636719 0.6625 0.636719 0.665625 0.632812 0.675 0.632812 0.678125 0.628906 0.68125 0.628906 0.684375 0.625 0.6875 0.625 0.690625 0.621094 0.690625 0.609375 0.6875 0.605469 0.684375 0.605469 0.68125 0.601562
0 0.621875 0.765625 0.609375 0.78125 0.609375 0.785156 0.60625 0.789062 0.60625 0.808594 0.609375 0.8125 0.6125 0.8125 0.615625 0.808594 0.628125 0.808594 0.634375 0.800781 0.634375 0.796875 0.6375 0.792969 0.6375 0.785156 0.634375 0.78125 0.634375 0.777344 0.625 0.765625
0 0.928125 0.519531 0.925 0.523438 0.91875 0.523438 0.915625 0.527344 0.9125 0.527344 0.909375 0.53125 0.909375 0.542969 0.915625 0.550781 0.921875 0.550781 0.925 0.554688 0.93125 0.554688 0.934375 0.558594 0.9375 0.558594 0.940625 0.554688 0.959375 0.554688 0.9625 0.550781 0.965625 0.550781 0.96875 0.546875 0.971875 0.546875 0.975 0.542969 0.98125 0.542969 0.984375 0.539062 0.9875 0.539062 0.990625 0.535156 0.990625 0.527344 0.9875 0.523438 0.984375 0.523438 0.98125 0.519531
0 0.65625 0.0703125 0.65 0.078125 0.65 0.09375 0.653125 0.0976562 0.653125 0.101562 0.65625 0.105469 0.696875 0.105469 0.7 0.109375 0.7125 0.109375 0.715625 0.105469 0.715625 0.09375 0.70625 0.0820312 0.696875 0.0820312 0.69375 0.078125 0.6875 0.078125 0.684375 0.0742188 0.68125 0.0742188 0.678125 0.0703125
0 0.83125 0.300781 0.828125 0.304688 0.80625 0.304688 0.803125 0.308594 0.79375 0.308594 0.790625 0.3125 0.78125 0.3125 0.778125 0.316406 0.775 0.316406 0.771875 0.320312 0.771875 0.328125 0.778125 0.335938 0.778125 0.339844 0.784375 0.347656 0.815625 0.347656 0.81875 0.34375 0.825 0.34375 0.828125 0.339844 0.834375 0.339844 0.840625 0.332031 0.840625 0.328125 0.84375 0.324219 0.84375 0.320312 0.840625 0.316406 0.840625 0.308594 0.834375 0.300781
0 0.975 0.828125 0.971875 0.832031 0.971875 0.84375 0.975 0.847656 0.9875 0.847656 0.990625 0.84375 0.990625 0.835938 0.984375 0.828125
0 0.2375 0.105469 0.234375 0.109375 0.23125 0.109375 0.23125 0.121094 0.234375 0.125 0.234375 0.128906 0.2375 0.132812 0.2375 0.144531 0.24375 0.152344 0.24375 0.15625 0.253125 0.167969 0.259375 0.167969 0.2625 0.171875 0.284375 0.171875 0.2875 0.167969 0.2875 0.140625 0.275 0.125 0.271875 0.125 0.265625 0.117188 0.265625 0.113281 0.259375 0.105469
0 0.80625 0.964844 0.8 0.972656 0.8 0.976562 0.803125 0.980469 0.809375 0.980469 0.8125 0.984375 0.815625 0.984375 0.81875 0.980469 0.81875 0.976562 0.809375 0.964844
0 0.8625 0.839844 0.85625 0.847656 0.85625 0.867188 0.8625 0.875 0.871875 0.875 0.875 0.871094 0.875 0.867188 0.878125 0.863281 0.878125 0.851562 0.86875 0.839844
0 0.99375 0.222656 0.990625 0.226562 0.975 0.226562 0.971875 0.230469 0.965625 0.230469 0.9625 0.234375 0.9625 0.238281 0.95625 0.246094 0.95625 0.253906 0.959375 0.257812 0.959375 0.261719 0.9625 0.265625 0.96875 0.265625 0.971875 0.261719 0.984375 0.261719 0.9875 0.257812 0.99375 0.257812 0.996875 0.253906 0.996875 0.222656
0 0.05 0.0703125 0.04375 0.078125 0.04375 0.09375 0.05 0.101562 0.065625 0.101562 0.06875 0.0976562 0.071875 0.0976562 0.078125 0.0898438 0.078125 0.0820312 0.071875 0.0742188 0.065625 0.0742188 0.0625 0.0703125
0 0.49375 0.847656 0.4875 0.855469 0.484375 0.855469 0.48125 0.859375 0.48125 0.863281 0.46875 0.878906 0.46875 0.894531 0.471875 0.898438 0.471875 0.902344 0.475 0.90625 0.48125 0.90625 0.484375 0.902344 0.4875 0.902344 0.490625 0.898438 0.490625 0.890625 0.496875 0.882812 0.496875 0.878906 0.5 0.875 0.5 0.867188 0.503125 0.863281 0.503125 0.851562 0.5 0.847656
0 0.128125 0.660156 0.125 0.664062 0.096875 0.664062 0.09375 0.667969 0.09375 0.683594 0.1 0.691406 0.134375 0.691406 0.1375 0.6875 0.14375 0.6875 0.153125 0.675781 0.153125 0.664062 0.15 0.660156
0 0.1875 0.515625 0.184375 0.519531 0.175 0.519531 0.171875 0.523438 0.159375 0.523438 0.153125 0.53125 0.153125 0.535156 0.15 0.539062 0.15 0.542969 0.159375 0.554688 0.165625 0.554688 0.16875 0.558594 0.209375 0.558594 0.21875 0.546875 0.21875 0.535156 0.203125 0.515625
0 0.00625 0.167969 0.003125 0.171875 0.003125 0.179688 0.00625 0.183594 0.00625 0.195312 0.009375 0.199219 0.015625 0.199219 0.01875 0.195312 0.01875 0.171875 0.015625 0.167969
0 0.409375 0.421875 0.40625 0.425781 0.40625 0.441406 0.415625 0.453125 0.415625 0.457031 0.421875 0.464844 0.43125 0.464844 0.4375 0.472656 0.4625 0.472656 0.46875 0.464844 0.46875 0.449219 0.4625 0.441406 0.459375 0.441406 0.45625 0.4375 0.453125 0.4375 0.446875 0.429688 0.44375 0.429688 0.440625 0.425781 0.4375 0.425781 0.434375 0.421875
0 0.73125 0.230469 0.728125 0.234375 0.728125 0.238281 0.734375 0.246094 0.765625 0.246094 0.76875 0.242188 0.76875 0.238281 0.765625 0.234375 0.7625 0.234375 0.759375 0.230469
0 0.853125 0.695312 0.85 0.699219 0.846875 0.699219 0.8375 0.710938 0.8375 0.71875 0.840625 0.722656 0.840625 0.730469 0.84375 0.734375 0.846875 0.734375 0.85 0.738281 0.86875 0.738281 0.871875 0.734375 0.875 0.734375 0.878125 0.730469 0.878125 0.726562 0.88125 0.722656 0.88125 0.703125 0.875 0.695312
0 0.571875 0.207031 0.56875 0.210938 0.546875 0.210938 0.54375 0.214844 0.54375 0.230469 0.553125 0.242188 0.55625 0.242188 0.559375 0.246094 0.565625 0.246094 0.56875 0.25 0.6125 0.25 0.615625 0.246094 0.621875 0.246094 0.628125 0.238281 0.628125 0.226562 0.621875 0.21875 0.615625 0.21875 0.6125 0.214844 0.609375 0.214844 0.60625 0.210938 0.5875 0.210938 0.584375 0.207031
0 0.18125 0.394531 0.178125 0.398438 0.175 0.398438 0.165625 0.410156 0.1625 0.410156 0.15625 0.417969 0.15625 0.429688 0.159375 0.433594 0.1625 0.433594 0.165625 0.4375 0.2 0.4375 0.203125 0.433594 0.2125 0.433594 0.215625 0.429688 0.215625 0.425781 0.21875 0.421875 0.21875 0.417969 0.221875 0.414062 0.221875 0.402344 0.21875 0.398438 0.215625 0.398438 0.2125 0.394531
0 0.471875 0.734375 0.46875 0.738281 0.465625 0.738281 0.4625 0.742188 0.45 0.742188 0.434375 0.761719 0.434375 0.769531 0.4375 0.773438 0.4375 0.777344 0.440625 0.78125 0.446875 0.78125 0.45 0.785156 0.478125 0.785156 0.4875 0.773438 0.4875 0.757812 0.490625 0.753906 0.490625 0.746094 0.4875 0.742188 0.4875 0.738281 0.484375 0.734375
0 0.35 0.078125 0.346875 0.0820312 0.346875 0.125 0.35 0.128906 0.35 0.132812 0.35625 0.140625 0.359375 0.140625 0.3625 0.144531 0.365625 0.144531 0.371875 0.152344 0.375 0.152344 0.378125 0.15625 0.38125 0.15625 0.384375 0.160156 0.390625 0.160156 0.39375 0.164062 0.4125 0.164062 0.415625 0.160156 0.415625 0.15625 0.421875 0.148438 0.421875 0.140625 0.41875 0.136719 0.41875 0.132812 0.415625 0.128906 0.415625 0.125 0.403125 0.109375 0.4 0.109375 0.39375 0.101562 0.390625 0.101562 0.3875 0.0976562 0.384375 0.0976562 0.38125 0.09375 0.378125 0.09375 0.375 0.0898438 0.371875 0.0898438 0.3625 0.078125
0 0.584375 0.976562 0.58125 0.980469 0.58125 0.988281 0.584375 0.992188 0.596875 0.992188 0.6 0.988281 0.6 0.984375 0.59375 0.976562
0 0.69375 0.507812 0.690625 0.511719 0.68125 0.511719 0.678125 0.515625 0.675 0.515625 0.671875 0.519531 0.66875 0.519531 0.665625 0.523438 0.6625 0.523438 0.659375 0.527344 0.659375 0.539062 0.6625 0.542969 0.6625 0.546875 0.671875 0.558594 0.70625 0.558594 0.709375 0.554688 0.715625 0.554688 0.71875 0.550781 0.721875 0.550781 0.734375 0.535156 0.734375 0.527344 0.728125 0.519531 0.725 0.519531 0.715625 0.507812
0 0.759375 0.617188 0.75625 0.621094 0.746875 0.621094 0.74375 0.625 0.7375 0.625 0.734375 0.628906 0.73125 0.628906 0.728125 0.632812 0.725 0.632812 0.721875 0.636719 0.721875 0.640625 0.71875 0.644531 0.71875 0.652344 0.725 0.660156 0.753125 0.660156 0.75625 0.65625 0.765625 0.65625 0.76875 0.652344 0.775 0.652344 0.778125 0.648438 0.78125 0.648438 0.7875 0.640625 0.7875 0.636719 0.784375 0.632812 0.784375 0.625 0.78125 0.621094 0.775 0.621094 0.771875 0.617188
0 0.56875 0.792969 0.5625 0.800781 0.5625 0.804688 0.559375 0.808594 0.559375 0.835938 0.565625 0.84375 0.565625 0.847656 0.56875 0.851562 0.578125 0.851562 0.58125 0.855469 0.590625 0.855469 0.59375 0.851562 0.59375 0.835938 0.590625 0.832031 0.590625 0.808594 0.5875 0.804688 0.584375 0.804688 0.575 0.792969
0 0.140625 0.0664062 0.134375 0.0742188 0.134375 0.0898438 0.1375 0.09375 0.1375 0.113281 0.14375 0.121094 0.159375 0.121094 0.165625 0.128906 0.16875 0.128906 0.171875 0.132812 0.1875 0.132812 0.19375 0.125 0.19375 0.121094 0.184375 0.109375 0.184375 0.101562 0.18125 0.0976562 0.18125 0.09375 0.171875 0.0820312 0.16875 0.0820312 0.165625 0.078125 0.159375 0.078125 0.15625 0.0742188 0.153125 0.0742188 0.15 0.0703125 0.146875 0.0703125 0.14375 0.0664062
0 0.8375 0.882812 0.834375 0.886719 0.834375 0.894531 0.84375 0.90625 0.84375 0.925781 0.846875 0.929688 0.85 0.929688 0.853125 0.925781 0.853125 0.898438 0.840625 0.882812
0 0.709375 0.734375 0.70625 0.738281 0.70625 0.746094 0.7125 0.753906 0.746875 0.753906 0.75 0.75 0.75 0.746094 0.746875 0.742188 0.74375 0.742188 0.740625 0.738281 0.73125 0.738281 0.728125 0.734375
0 0.1875 0.683594 0.18125 0.691406 0.175 0.691406 0.171875 0.695312 0.159375 0.695312 0.153125 0.703125 0.153125 0.71875 0.15625 0.722656 0.175 0.722656 0.18125 0.714844 0.1875 0.714844 0.190625 0.710938 0.190625 0.703125 0.19375 0.699219 0.19375 0.6875 0.190625 0.683594
0 0.415625 0.546875 0.4125 0.550781 0.4125 0.558594 0.415625 0.5625 0.415625 0.566406 0.41875 0.570312 0.41875 0.574219 0.421875 0.578125 0.421875 0.585938 0.425 0.589844 0.428125 0.589844 0.43125 0.59375 0.44375 0.59375 0.453125 0.582031 0.453125 0.578125 0.45625 0.574219 0.45625 0.566406 0.446875 0.554688 0.4375 0.554688 0.434375 0.550781 0.43125 0.550781 0.428125 0.546875
0 0.275 0.351562 0.271875 0.355469 0.271875 0.367188 0.265625 0.375 0.25625 0.375 0.25 0.382812 0.25 0.394531 0.253125 0.398438 0.25625 0.398438 0.259375 0.402344 0.26875 0.402344 0.271875 0.40625 0.29375 0.40625 0.296875 0.402344 0.3 0.402344 0.303125 0.398438 0.303125 0.367188 0.296875 0.359375 0.290625 0.359375 0.2875 0.355469 0.28125 0.355469 0.278125 0.351562
0 0.09375 0.15625 0.090625 0.160156 0.0875 0.160156 0.084375 0.164062 0.08125 0.164062 0.075 0.171875 0.071875 0.171875 0.06875 0.175781 0.06875 0.1875 0.071875 0.191406 0.075 0.191406 0.090625 0.210938 0.103125 0.210938 0.10625 0.207031 0.115625 0.207031 0.11875 0.203125 0.121875 0.203125 0.128125 0.195312 0.128125 0.183594 0.125 0.179688 0.125 0.175781 0.11875 0.167969 0.115625 0.167969 0.109375 0.160156 0.10625 0.160156 0.103125 0.15625
0 0.778125 0.492188 0.771875 0.5 0.76875 0.5 0.75625 0.515625 0.75625 0.527344 0.7625 0.535156 0.778125 0.535156 0.78125 0.539062 0.803125 0.539062 0.80625 0.535156 0.8125 0.535156 0.815625 0.53125 0.81875 0.53125 0.825 0.523438 0.825 0.503906 0.81875 0.496094 0.815625 0.496094 0.8125 0.492188
0 0.746875 0.675781 0.74375 0.679688 0.74375 0.695312 0.746875 0.699219 0.746875 0.703125 0.75 0.707031 0.75 0.710938 0.753125 0.714844 0.75625 0.714844 0.759375 0.71875 0.790625 0.71875 0.796875 0.710938 0.796875 0.707031 0.790625 0.699219 0.790625 0.695312 0.778125 0.679688 0.775 0.679688 0.771875 0.675781
0 0 0.0664062 0 0.0859375 0.00625 0.09375 0.00625 0.0976562 0.009375 0.101562 0.015625 0.101562 0.01875 0.0976562 0.01875 0.0820312 0.009375 0.0703125 0.00625 0.0703125 0.003125 0.0664062
0 0.546875 0.734375 0.534375 0.75 0.534375 0.753906 0.53125 0.757812 0.53125 0.773438 0.534375 0.777344 0.553125 0.777344 0.55625 0.773438 0.5625 0.773438 0.565625 0.769531 0.56875 0.769531 0.578125 0.757812 0.578125 0.746094 0.56875 0.734375
0 0.990625 0.675781 0.9875 0.679688 0.965625 0.679688 0.9625 0.683594 0.9625 0.6875 0.965625 0.691406 0.996875 0.691406 0.996875 0.675781
0 0.74375 0.96875 0.7375 0.976562 0.734375 0.976562 0.73125 0.980469 0.728125 0.980469 0.725 0.984375 0.725 0.988281 0.728125 0.992188 0.728125 0.996094 0.765625 0.996094 0.76875 0.992188 0.76875 0.984375 0.765625 0.980469 0.765625 0.976562 0.759375 0.96875
0 0.509375 0.90625 0.50625 0.910156 0.5 0.910156 0.496875 0.914062 0.4875 0.914062 0.484375 0.917969 0.484375 0.921875 0.490625 0.929688 0.490625 0.9375 0.496875 0.945312 0.51875 0.945312 0.528125 0.933594 0.528125 0.917969 0.525 0.914062 0.525 0.910156 0.521875 0.90625
0 0.1625 0.355469 0.159375 0.359375 0.134375 0.359375 0.13125 0.363281 0.125 0.363281 0.121875 0.367188 0.115625 0.367188 0.1125 0.371094 0.11875 0.378906 0.125 0.378906 0.128125 0.382812 0.134375 0.382812 0.1375 0.386719 0.171875 0.386719 0.175 0.382812 0.178125 0.382812 0.1875 0.371094 0.1875 0.367188 0.178125 0.355469
0 0.271875 0.546875 0.26875 0.550781 0.26875 0.554688 0.25625 0.570312 0.25625 0.585938 0.259375 0.589844 0.265625 0.589844 0.26875 0.585938 0.275 0.585938 0.278125 0.582031 0.28125 0.582031 0.284375 0.578125 0.2875 0.578125 0.29375 0.570312 0.296875 0.570312 0.3 0.566406 0.303125 0.566406 0.30625 0.5625 0.30625 0.554688 0.3 0.546875
0 0.178125 0.738281 0.175 0.742188 0.175 0.75 0.171875 0.753906 0.171875 0.765625 0.175 0.769531 0.18125 0.769531 0.184375 0.765625 0.1875 0.765625 0.190625 0.761719 0.19375 0.761719 0.196875 0.757812 0.2 0.757812 0.20625 0.75 0.20625 0.746094 0.203125 0.742188 0.2 0.742188 0.196875 0.738281
0 0.465625 0.0820312 0.4625 0.0859375 0.425 0.0859375 0.421875 0.0898438 0.421875 0.0976562 0.434375 0.113281 0.4375 0.113281 0.44375 0.121094 0.446875 0.121094 0.45 0.125 0.453125 0.125 0.459375 0.132812 0.475 0.132812 0.478125 0.128906 0.4875 0.128906 0.496875 0.117188 0.496875 0.113281 0.503125 0.105469 0.503125 0.101562 0.490625 0.0859375 0.484375 0.0859375 0.48125 0.0820312
0 0.684375 0.761719 0.68125 0.765625 0.675 0.765625 0.659375 0.785156 0.65625 0.785156 0.653125 0.789062 0.653125 0.792969 0.65625 0.796875 0.671875 0.796875 0.675 0.792969 0.68125 0.792969 0.684375 0.789062 0.684375 0.785156 0.690625 0.777344 0.690625 0.765625 0.6875 0.761719
0 0.21875 0.890625 0.215625 0.894531 0.2125 0.894531 0.203125 0.90625 0.2 0.90625 0.1875 0.921875 0.1875 0.929688 0.19375 0.9375 0.209375 0.9375 0.2125 0.933594 0.215625 0.933594 0.21875 0.929688 0.221875 0.929688 0.225 0.925781 0.23125 0.925781 0.234375 0.921875 0.240625 0.921875 0.25 0.910156 0.25 0.90625 0.246875 0.902344 0.246875 0.894531 0.24375 0.890625
