0 0.421875 0.0195312 0.417969 0.0234375 0.410156 0.0234375 0.398438 0.0351562 0.398438 0.0390625 0.394531 0.0429688 0.394531 0.0703125 0.398438 0.0742188 0.398438 0.078125 0.410156 0.0898438 0.433594 0.0898438 0.441406 0.0820312 0.441406 0.078125 0.445312 0.0742188 0.445312 0.0664062 0.457031 0.0546875 0.457031 0.0351562 0.441406 0.0195312
0 0 0.867188 0 0.9375 0.00390625 0.941406 0.0195312 0.941406 0.0234375 0.9375 0.0273438 0.9375 0.03125 0.933594 0.0351562 0.933594 0.0429688 0.925781 0.0429688 0.902344 0.0390625 0.898438 0.0390625 0.894531 0.0351562 0.890625 0.0390625 0.886719 0.0390625 0.882812 0.03125 0.882812 0.0234375 0.875 0.0195312 0.875 0.015625 0.871094 0.0117188 0.871094 0.0078125 0.867188
0 0.355469 0.800781 0.351562 0.804688 0.347656 0.804688 0.335938 0.816406 0.335938 0.820312 0.332031 0.824219 0.332031 0.839844 0.328125 0.84375 0.328125 0.863281 0.332031 0.867188 0.332031 0.871094 0.335938 0.875 0.347656 0.875 0.351562 0.878906 0.367188 0.878906 0.371094 0.875 0.378906 0.875 0.390625 0.863281 0.390625 0.859375 0.394531 0.855469 0.394531 0.828125 0.390625 0.824219 0.390625 0.820312 0.386719 0.820312 0.382812 0.816406 0.382812 0.8125 0.371094 0.800781 0.367188 0.804688 0.363281 0.800781
0 0.304688 0.175781 0.300781 0.179688 0.296875 0.179688 0.289062 0.1875 0.289062 0.191406 0.285156 0.195312 0.285156 0.21875 0.289062 0.222656 0.289062 0.226562 0.292969 0.230469 0.296875 0.230469 0.300781 0.234375 0.316406 0.234375 0.320312 0.230469 0.324219 0.230469 0.332031 0.222656 0.332031 0.21875 0.335938 0.214844 0.335938 0.207031 0.332031 0.203125 0.332031 0.195312 0.328125 0.191406 0.328125 0.183594 0.320312 0.175781
0 0.65625 0.671875 0.652344 0.675781 0.644531 0.675781 0.640625 0.679688 0.636719 0.679688 0.628906 0.6875 0.628906 0.691406 0.625 0.695312 0.621094 0.695312 0.621094 0.699219 0.617188 0.703125 0.617188 0.730469 0.621094 0.734375 0.621094 0.738281 0.625 0.742188 0.625 0.746094 0.628906 0.75 0.632812 0.75 0.636719 0.753906 0.664062 0.753906 0.679688 0.738281 0.679688 0.734375 0.683594 0.730469 0.683594 0.726562 0.6875 0.722656 0.6875 0.710938 0.683594 0.707031 0.683594 0.6875 0.671875 0.675781 0.667969 0.675781 0.664062 0.671875
0 0.195312 0.207031 0.175781 0.226562 0.179688 0.226562 0.183594 0.230469 0.183594 0.234375 0.1875 0.234375 0.191406 0.238281 0.195312 0.238281 0.199219 0.242188 0.21875 0.242188 0.21875 0.238281 0.222656 0.234375 0.222656 0.230469 0.226562 0.226562 0.226562 0.214844 0.21875 0.207031
0 0 0.753906 0 0.8125 0.00390625 0.808594 0.00390625 0.777344 0 0.773438
0 0.617188 0.246094 0.597656 0.265625 0.597656 0.269531 0.59375 0.273438 0.59375 0.28125 0.589844 0.285156 0.589844 0.300781 0.585938 0.304688 0.59375 0.3125 0.59375 0.316406 0.597656 0.320312 0.597656 0.324219 0.605469 0.332031 0.609375 0.332031 0.613281 0.335938 0.625 0.335938 0.628906 0.332031 0.644531 0.332031 0.648438 0.328125 0.652344 0.328125 0.660156 0.320312 0.660156 0.3125 0.664062 0.308594 0.664062 0.28125 0.660156 0.277344 0.660156 0.273438 0.65625 0.269531 0.65625 0.265625 0.648438 0.257812 0.648438 0.253906 0.636719 0.253906 0.628906 0.246094
0 0.117188 0 0.113281 0.00390625 0.113281 0.0078125 0.109375 0.0117188 0.109375 0.0585938 0.121094 0.0703125 0.132812 0.0703125 0.136719 0.0742188 0.144531 0.0664062 0.148438 0.0664062 0.148438 0.0585938 0.152344 0.0546875 0.15625 0.0546875 0.152344 0.0507812 0.152344 0.046875 0.15625 0.0429688 0.164062 0.0429688 0.167969 0.046875 0.167969 0.0507812 0.167969 0.03125 0.164062 0.0273438 0.164062 0.0078125 0.160156 0.0078125 0.15625 0.00390625 0.15625 0
0 0.234375 0.585938 0.230469 0.589844 0.21875 0.589844 0.203125 0.605469 0.203125 0.613281 0.199219 0.617188 0.199219 0.628906 0.203125 0.632812 0.203125 0.644531 0.207031 0.644531 0.210938 0.648438 0.214844 0.644531 0.21875 0.644531 0.222656 0.648438 0.230469 0.648438 0.234375 0.652344 0.238281 0.652344 0.242188 0.648438 0.261719 0.648438 0.269531 0.640625 0.269531 0.628906 0.273438 0.625 0.273438 0.613281 0.269531 0.609375 0.269531 0.605469 0.265625 0.601562 0.265625 0.597656 0.261719 0.597656 0.257812 0.59375 0.257812 0.589844 0.253906 0.589844 0.25 0.585938
0 0.292969 0.382812 0.289062 0.386719 0.28125 0.386719 0.269531 0.398438 0.269531 0.40625 0.265625 0.410156 0.265625 0.425781 0.269531 0.429688 0.269531 0.4375 0.273438 0.4375 0.289062 0.453125 0.292969 0.453125 0.296875 0.457031 0.320312 0.457031 0.324219 0.453125 0.324219 0.449219 0.328125 0.445312 0.328125 0.441406 0.332031 0.4375 0.332031 0.433594 0.335938 0.429688 0.335938 0.410156 0.332031 0.40625 0.332031 0.402344 0.324219 0.394531 0.324219 0.390625 0.320312 0.390625 0.316406 0.386719 0.308594 0.386719 0.304688 0.382812
0 0.253906 0.839844 0.25 0.84375 0.246094 0.84375 0.242188 0.847656 0.238281 0.847656 0.230469 0.855469 0.230469 0.863281 0.226562 0.867188 0.226562 0.878906 0.230469 0.882812 0.230469 0.886719 0.234375 0.890625 0.234375 0.894531 0.238281 0.894531 0.242188 0.898438 0.246094 0.898438 0.25 0.902344 0.28125 0.902344 0.292969 0.890625 0.292969 0.886719 0.296875 0.882812 0.296875 0.863281 0.292969 0.859375 0.292969 0.851562 0.289062 0.851562 0.28125 0.84375 0.277344 0.84375 0.273438 0.839844
0 0.554688 0.648438 0.550781 0.652344 0.527344 0.652344 0.519531 0.660156 0.519531 0.664062 0.515625 0.667969 0.515625 0.679688 0.519531 0.683594 0.519531 0.691406 0.53125 0.703125 0.535156 0.703125 0.539062 0.707031 0.542969 0.707031 0.546875 0.710938 0.550781 0.707031 0.578125 0.707031 0.582031 0.703125 0.585938 0.703125 0.585938 0.699219 0.589844 0.695312 0.589844 0.671875 0.585938 0.667969 0.585938 0.664062 0.574219 0.652344 0.570312 0.652344 0.566406 0.648438
0 0.839844 0.253906 0.835938 0.257812 0.832031 0.257812 0.816406 0.273438 0.816406 0.285156 0.8125 0.289062 0.8125 0.324219 0.820312 0.332031 0.824219 0.332031 0.828125 0.335938 0.828125 0.339844 0.867188 0.339844 0.882812 0.324219 0.882812 0.316406 0.886719 0.3125 0.886719 0.289062 0.882812 0.285156 0.882812 0.28125 0.863281 0.261719 0.859375 0.261719 0.851562 0.253906
0 0 0.617188 0 0.632812 0.00390625 0.636719 0.0195312 0.636719 0.0117188 0.628906 0.0117188 0.625 0.00390625 0.617188
