0 0.128906 0.410156 0.125 0.414062 0.121094 0.414062 0.121094 0.417969 0.117188 0.421875 0.121094 0.425781 0.121094 0.429688 0.128906 0.4375 0.132812 0.4375 0.136719 0.433594 0.144531 0.433594 0.148438 0.429688 0.148438 0.425781 0.152344 0.421875 0.152344 0.414062 0.148438 0.414062 0.144531 0.410156
0 0 0.609375 0 0.640625 0.0195312 0.640625 0.0273438 0.632812 0.0273438 0.617188 0.0195312 0.609375
0 0 0.835938 0 0.859375 0.00390625 0.863281 0 0.867188 0.00390625 0.867188 0.0078125 0.863281 0.0078125 0.84375
0 0.15625 0.359375 0.148438 0.367188 0.148438 0.378906 0.160156 0.390625 0.164062 0.386719 0.171875 0.386719 0.175781 0.382812 0.175781 0.378906 0.179688 0.375 0.175781 0.371094 0.175781 0.367188 0.171875 0.367188 0.167969 0.363281 0.160156 0.363281
0 0.597656 0.00390625 0.59375 0.0078125 0.59375 0.0117188 0.589844 0.015625 0.589844 0.0195312 0.585938 0.0234375 0.585938 0.0390625 0.589844 0.0429688 0.609375 0.0429688 0.617188 0.0351562 0.617188 0.03125 0.621094 0.0273438 0.621094 0.0117188 0.617188 0.0117188 0.609375 0.00390625
0 0.96875 0.113281 0.964844 0.117188 0.964844 0.121094 0.960938 0.125 0.957031 0.121094 0.949219 0.121094 0.945312 0.125 0.945312 0.132812 0.949219 0.136719 0.957031 0.136719 0.960938 0.132812 0.960938 0.128906 0.964844 0.125 0.96875 0.128906 0.976562 0.128906 0.980469 0.125 0.980469 0.117188 0.976562 0.113281
0 0.722656 0.0546875 0.714844 0.0625 0.714844 0.0664062 0.710938 0.0703125 0.710938 0.0820312 0.707031 0.0859375 0.707031 0.09375 0.714844 0.101562 0.730469 0.101562 0.738281 0.09375 0.738281 0.0898438 0.742188 0.0859375 0.742188 0.0664062 0.738281 0.0625 0.738281 0.0585938 0.734375 0.0546875
0 0.304688 0.175781 0.300781 0.179688 0.300781 0.1875 0.296875 0.191406 0.296875 0.203125 0.308594 0.214844 0.308594 0.21875 0.320312 0.21875 0.324219 0.214844 0.332031 0.214844 0.335938 0.210938 0.339844 0.210938 0.339844 0.199219 0.324219 0.183594 0.320312 0.183594 0.316406 0.179688 0.3125 0.179688 0.308594 0.175781
0 0.0898438 0.453125 0.0898438 0.457031 0.0859375 0.460938 0.0859375 0.46875 0.078125 0.476562 0.078125 0.488281 0.0820312 0.492188 0.0820312 0.496094 0.0859375 0.496094 0.09375 0.503906 0.0976562 0.5 0.105469 0.5 0.109375 0.496094 0.113281 0.496094 0.117188 0.492188 0.117188 0.488281 0.121094 0.484375 0.117188 0.480469 0.121094 0.476562 0.121094 0.472656 0.117188 0.46875 0.121094 0.464844 0.113281 0.457031 0.113281 0.453125
0 0.0117188 0.644531 0.0078125 0.648438 0.00390625 0.648438 0 0.652344 0 0.679688 0.0117188 0.679688 0.015625 0.675781 0.0195312 0.675781 0.0273438 0.667969 0.0273438 0.65625 0.0234375 0.652344 0.0234375 0.648438 0.0195312 0.648438 0.015625 0.644531
0 0.988281 0.078125 0.984375 0.0820312 0.984375 0.101562 0.988281 0.105469 0.996094 0.105469 0.996094 0.078125
0 0.160156 0.410156 0.15625 0.414062 0.15625 0.421875 0.152344 0.425781 0.152344 0.429688 0.144531 0.4375 0.136719 0.4375 0.15625 0.4375 0.160156 0.441406 0.175781 0.441406 0.179688 0.4375 0.179688 0.433594 0.183594 0.429688 0.183594 0.421875 0.179688 0.417969 0.179688 0.414062 0.175781 0.410156
0 0.265625 0.613281 0.261719 0.617188 0.261719 0.636719 0.265625 0.640625 0.28125 0.640625 0.285156 0.636719 0.285156 0.625 0.28125 0.621094 0.28125 0.617188 0.277344 0.613281
0 0.0507812 0.046875 0.046875 0.0507812 0.0351562 0.0507812 0.0273438 0.0585938 0.0273438 0.0664062 0.03125 0.0703125 0.0273438 0.0742188 0.0351562 0.0820312 0.0390625 0.078125 0.046875 0.0859375 0.0507812 0.0859375 0.0546875 0.0820312 0.0546875 0.078125 0.0585938 0.0742188 0.0585938 0.0546875
0 0.488281 0.367188 0.480469 0.375 0.480469 0.386719 0.496094 0.402344 0.507812 0.402344 0.511719 0.40625 0.519531 0.40625 0.523438 0.402344 0.523438 0.382812 0.519531 0.378906 0.519531 0.375 0.511719 0.367188
0 0.476562 0.398438 0.46875 0.40625 0.46875 0.410156 0.464844 0.414062 0.464844 0.429688 0.472656 0.4375 0.488281 0.4375 0.492188 0.433594 0.496094 0.433594 0.5 0.429688 0.5 0.40625 0.496094 0.40625 0.492188 0.402344 0.488281 0.402344 0.484375 0.398438
0 0.820312 0 0.820312 0.00390625 0.828125 0.0117188 0.851562 0.0117188 0.859375 0.00390625 0.859375 0
0 0.929688 0.101562 0.925781 0.105469 0.925781 0.113281 0.929688 0.117188 0.929688 0.121094 0.933594 0.125 0.941406 0.125 0.949219 0.117188 0.957031 0.117188 0.960938 0.121094 0.960938 0.117188 0.964844 0.113281 0.964844 0.109375 0.960938 0.105469 0.953125 0.105469 0.949219 0.101562
0 0.00390625 0.757812 0 0.761719 0 0.796875 0.00390625 0.796875 0.0078125 0.792969 0.0117188 0.792969 0.015625 0.789062 0.0195312 0.789062 0.0234375 0.785156 0.0234375 0.78125 0.0273438 0.777344 0.0273438 0.765625 0.0234375 0.761719 0.015625 0.761719 0.0117188 0.757812
0 0.285156 0.605469 0.28125 0.609375 0.28125 0.613281 0.285156 0.617188 0.285156 0.621094 0.289062 0.625 0.289062 0.636719 0.296875 0.636719 0.304688 0.628906 0.304688 0.609375 0.300781 0.605469
0 0.535156 0.332031 0.527344 0.339844 0.527344 0.34375 0.523438 0.347656 0.523438 0.351562 0.519531 0.355469 0.527344 0.363281 0.527344 0.367188 0.53125 0.371094 0.535156 0.371094 0.535156 0.367188 0.539062 0.363281 0.542969 0.367188 0.542969 0.371094 0.546875 0.371094 0.550781 0.375 0.558594 0.367188 0.558594 0.355469 0.554688 0.351562 0.554688 0.347656 0.542969 0.335938 0.539062 0.335938
0 0.265625 0.351562 0.261719 0.355469 0.257812 0.355469 0.257812 0.371094 0.265625 0.378906 0.273438 0.378906 0.277344 0.375 0.28125 0.375 0.289062 0.367188 0.289062 0.351562
0 0.957031 0.144531 0.953125 0.148438 0.953125 0.15625 0.957031 0.160156 0.964844 0.160156 0.96875 0.15625 0.96875 0.148438 0.964844 0.144531
0 0.425781 0.367188 0.410156 0.382812 0.414062 0.386719 0.414062 0.390625 0.421875 0.398438 0.421875 0.410156 0.429688 0.410156 0.445312 0.394531 0.445312 0.382812 0.449219 0.378906 0.449219 0.371094 0.445312 0.367188
0 0.183594 0.3125 0.175781 0.320312 0.167969 0.320312 0.164062 0.324219 0.164062 0.335938 0.167969 0.339844 0.1875 0.339844 0.195312 0.332031 0.195312 0.316406 0.191406 0.3125
0 0.527344 0.136719 0.519531 0.144531 0.511719 0.144531 0.503906 0.152344 0.503906 0.15625 0.5 0.160156 0.5 0.164062 0.503906 0.167969 0.507812 0.167969 0.511719 0.171875 0.519531 0.171875 0.523438 0.167969 0.53125 0.167969 0.539062 0.160156 0.542969 0.160156 0.542969 0.140625 0.535156 0.140625 0.53125 0.136719
0 0.148438 0.289062 0.144531 0.292969 0.144531 0.300781 0.15625 0.3125 0.160156 0.3125 0.164062 0.316406 0.175781 0.316406 0.179688 0.3125 0.179688 0.304688 0.171875 0.296875 0.167969 0.296875 0.164062 0.292969 0.160156 0.292969 0.15625 0.289062
0 0.246094 0.386719 0.246094 0.421875 0.25 0.417969 0.253906 0.421875 0.265625 0.421875 0.265625 0.417969 0.269531 0.414062 0.269531 0.410156 0.261719 0.402344 0.261719 0.398438 0.257812 0.394531 0.257812 0.390625 0.253906 0.386719
0 0.234375 0.625 0.222656 0.636719 0.222656 0.65625 0.226562 0.660156 0.25 0.660156 0.253906 0.65625 0.253906 0.652344 0.261719 0.644531 0.261719 0.640625 0.257812 0.636719 0.257812 0.625
0 0.566406 0.152344 0.558594 0.160156 0.566406 0.167969 0.566406 0.171875 0.5625 0.175781 0.5625 0.183594 0.566406 0.1875 0.578125 0.1875 0.582031 0.183594 0.585938 0.183594 0.585938 0.164062 0.578125 0.15625 0.574219 0.15625 0.570312 0.152344
0 0.917969 0.015625 0.914062 0.0195312 0.914062 0.0351562 0.925781 0.046875 0.941406 0.046875 0.949219 0.0390625 0.949219 0.0195312 0.945312 0.015625
0 0.945312 0.164062 0.941406 0.167969 0.941406 0.179688 0.945312 0.183594 0.972656 0.183594 0.976562 0.179688 0.976562 0.167969 0.972656 0.164062 0.964844 0.164062 0.960938 0.167969 0.957031 0.167969 0.953125 0.164062
