0 0.503906 0.414062 0.5 0.417969 0.496094 0.417969 0.492188 0.421875 0.457031 0.421875 0.453125 0.425781 0.425781 0.425781 0.417969 0.433594 0.414062 0.429688 0.410156 0.429688 0.414062 0.429688 0.429688 0.445312 0.429688 0.488281 0.421875 0.496094 0.421875 0.5 0.414062 0.507812 0.40625 0.507812 0.410156 0.507812 0.414062 0.511719 0.421875 0.511719 0.425781 0.515625 0.429688 0.515625 0.433594 0.519531 0.429688 0.515625 0.429688 0.503906 0.4375 0.496094 0.484375 0.496094 0.488281 0.492188 0.496094 0.492188 0.507812 0.503906 0.507812 0.492188 0.511719 0.488281 0.511719 0.480469 0.519531 0.472656 0.519531 0.464844 0.527344 0.457031 0.527344 0.453125 0.53125 0.449219 0.53125 0.445312 0.535156 0.441406 0.507812 0.414062
0 0.59375 0.328125 0.582031 0.339844 0.578125 0.339844 0.574219 0.34375 0.574219 0.347656 0.570312 0.351562 0.570312 0.355469 0.5625 0.363281 0.5625 0.371094 0.558594 0.375 0.558594 0.378906 0.542969 0.394531 0.542969 0.398438 0.546875 0.402344 0.546875 0.414062 0.550781 0.417969 0.550781 0.421875 0.554688 0.425781 0.554688 0.429688 0.5625 0.4375 0.566406 0.4375 0.570312 0.441406 0.578125 0.441406 0.582031 0.445312 0.59375 0.445312 0.597656 0.441406 0.609375 0.441406 0.613281 0.4375 0.617188 0.4375 0.625 0.429688 0.628906 0.429688 0.640625 0.417969 0.640625 0.414062 0.644531 0.410156 0.644531 0.40625 0.648438 0.402344 0.648438 0.394531 0.652344 0.390625 0.652344 0.375 0.648438 0.371094 0.648438 0.363281 0.644531 0.359375 0.644531 0.351562 0.640625 0.347656 0.640625 0.34375 0.628906 0.332031 0.613281 0.332031 0.609375 0.328125
0 0.410156 0.328125 0.40625 0.332031 0.40625 0.339844 0.402344 0.34375 0.402344 0.367188 0.40625 0.371094 0.40625 0.375 0.410156 0.378906 0.410156 0.386719 0.414062 0.390625 0.421875 0.390625 0.425781 0.394531 0.457031 0.394531 0.46875 0.382812 0.46875 0.367188 0.464844 0.363281 0.464844 0.347656 0.460938 0.34375 0.457031 0.34375 0.449219 0.335938 0.445312 0.335938 0.441406 0.332031 0.4375 0.332031 0.433594 0.328125
0 0.601562 0.675781 0.597656 0.679688 0.59375 0.679688 0.589844 0.683594 0.585938 0.683594 0.582031 0.6875 0.578125 0.6875 0.558594 0.707031 0.558594 0.710938 0.554688 0.714844 0.554688 0.71875 0.550781 0.722656 0.550781 0.75 0.554688 0.753906 0.554688 0.757812 0.558594 0.761719 0.558594 0.765625 0.566406 0.773438 0.570312 0.773438 0.574219 0.777344 0.578125 0.777344 0.582031 0.78125 0.601562 0.78125 0.605469 0.777344 0.609375 0.777344 0.632812 0.753906 0.632812 0.75 0.640625 0.742188 0.640625 0.734375 0.644531 0.730469 0.644531 0.699219 0.640625 0.695312 0.640625 0.691406 0.628906 0.679688 0.625 0.679688 0.621094 0.675781
0 0.179688 0.277344 0.175781 0.28125 0.171875 0.28125 0.167969 0.285156 0.164062 0.285156 0.148438 0.300781 0.148438 0.308594 0.144531 0.3125 0.144531 0.320312 0.148438 0.324219 0.148438 0.332031 0.140625 0.339844 0.140625 0.351562 0.144531 0.355469 0.144531 0.359375 0.15625 0.371094 0.160156 0.371094 0.164062 0.375 0.167969 0.375 0.171875 0.378906 0.175781 0.378906 0.179688 0.382812 0.207031 0.382812 0.210938 0.378906 0.214844 0.378906 0.21875 0.375 0.222656 0.375 0.234375 0.363281 0.234375 0.359375 0.238281 0.355469 0.238281 0.351562 0.242188 0.347656 0.242188 0.3125 0.238281 0.308594 0.238281 0.304688 0.234375 0.300781 0.234375 0.296875 0.226562 0.289062 0.222656 0.289062 0.214844 0.28125 0.210938 0.28125 0.207031 0.277344
0 0 0.667969 0 0.738281 0.00390625 0.734375 0.0078125 0.734375 0.015625 0.726562 0.015625 0.722656 0.0195312 0.71875 0.0195312 0.714844 0.0234375 0.710938 0.0234375 0.695312 0.0195312 0.691406 0.0195312 0.683594 0.015625 0.679688 0.015625 0.675781 0.0117188 0.671875 0.0078125 0.671875 0.00390625 0.667969
0 0 0 0 0.03125 0.015625 0.046875 0.0195312 0.046875 0.0234375 0.0507812 0.0546875 0.0507812 0.0625 0.0429688 0.0664062 0.0429688 0.0703125 0.0390625 0.0703125 0.0351562 0.0742188 0.03125 0.0742188 0.0273438 0.078125 0.0234375 0.078125 0
0 0.488281 0.277344 0.476562 0.289062 0.464844 0.289062 0.464844 0.300781 0.453125 0.3125 0.457031 0.316406 0.457031 0.3125 0.464844 0.304688 0.464844 0.300781 0.476562 0.289062 0.480469 0.289062 0.488281 0.28125 0.503906 0.28125 0.507812 0.285156 0.511719 0.285156 0.527344 0.300781 0.539062 0.300781 0.546875 0.308594 0.546875 0.34375 0.539062 0.351562 0.539062 0.355469 0.527344 0.367188 0.503906 0.367188 0.511719 0.375 0.519531 0.375 0.523438 0.371094 0.53125 0.371094 0.535156 0.367188 0.535156 0.363281 0.539062 0.359375 0.539062 0.355469 0.542969 0.351562 0.542969 0.347656 0.550781 0.339844 0.550781 0.335938 0.558594 0.328125 0.558594 0.320312 0.554688 0.316406 0.554688 0.304688 0.546875 0.304688 0.523438 0.28125 0.519531 0.28125 0.515625 0.277344
0 0.527344 0.304688 0.523438 0.308594 0.523438 0.316406 0.519531 0.320312 0.519531 0.328125 0.515625 0.332031 0.511719 0.332031 0.503906 0.339844 0.5 0.339844 0.496094 0.34375 0.496094 0.359375 0.5 0.363281 0.527344 0.363281 0.535156 0.355469 0.535156 0.351562 0.542969 0.34375 0.542969 0.308594 0.539062 0.304688
0 0.371094 0.234375 0.363281 0.242188 0.363281 0.265625 0.359375 0.269531 0.359375 0.273438 0.363281 0.277344 0.363281 0.285156 0.367188 0.289062 0.367188 0.292969 0.371094 0.296875 0.375 0.296875 0.378906 0.300781 0.410156 0.300781 0.414062 0.296875 0.421875 0.296875 0.429688 0.289062 0.429688 0.246094 0.425781 0.242188 0.421875 0.242188 0.414062 0.234375
0 0 0.148438 0 0.222656 0.00390625 0.222656 0.0078125 0.21875 0.0117188 0.21875 0.0234375 0.207031 0.0234375 0.203125 0.0273438 0.199219 0.0273438 0.191406 0.03125 0.1875 0.03125 0.179688 0.0273438 0.175781 0.0273438 0.167969 0.0234375 0.164062 0.0234375 0.160156 0.0195312 0.15625 0.015625 0.15625 0.0117188 0.152344 0.0078125 0.152344 0.00390625 0.148438
0 0.359375 0.234375 0.359375 0.253906 0.355469 0.257812 0.355469 0.289062 0.351562 0.292969 0.367188 0.308594 0.410156 0.308594 0.414062 0.304688 0.421875 0.304688 0.425781 0.300781 0.429688 0.300781 0.441406 0.289062 0.441406 0.277344 0.445312 0.273438 0.445312 0.25 0.441406 0.246094 0.441406 0.242188 0.433594 0.234375 0.417969 0.234375 0.421875 0.238281 0.425781 0.238281 0.433594 0.246094 0.433594 0.289062 0.421875 0.300781 0.414062 0.300781 0.410156 0.304688 0.378906 0.304688 0.375 0.300781 0.371094 0.300781 0.363281 0.292969 0.363281 0.289062 0.359375 0.285156 0.359375 0.277344 0.355469 0.273438 0.355469 0.269531 0.359375 0.265625 0.359375 0.242188 0.367188 0.234375
0 0.542969 0.15625 0.53125 0.167969 0.53125 0.171875 0.523438 0.179688 0.515625 0.179688 0.515625 0.183594 0.511719 0.1875 0.511719 0.195312 0.507812 0.199219 0.507812 0.207031 0.511719 0.210938 0.511719 0.222656 0.515625 0.226562 0.515625 0.242188 0.53125 0.257812 0.535156 0.257812 0.539062 0.261719 0.566406 0.261719 0.570312 0.257812 0.578125 0.257812 0.582031 0.253906 0.585938 0.253906 0.589844 0.25 0.59375 0.25 0.601562 0.242188 0.601562 0.238281 0.605469 0.234375 0.605469 0.230469 0.609375 0.226562 0.609375 0.210938 0.613281 0.207031 0.613281 0.183594 0.617188 0.179688 0.617188 0.171875 0.609375 0.164062 0.601562 0.164062 0.597656 0.160156 0.585938 0.160156 0.582031 0.15625
0 0.707031 0.316406 0.703125 0.320312 0.699219 0.320312 0.695312 0.324219 0.695312 0.328125 0.691406 0.332031 0.691406 0.34375 0.695312 0.347656 0.695312 0.351562 0.703125 0.359375 0.707031 0.359375 0.710938 0.363281 0.730469 0.363281 0.738281 0.355469 0.738281 0.351562 0.742188 0.347656 0.742188 0.335938 0.738281 0.332031 0.738281 0.328125 0.726562 0.316406
0 0.910156 0 0.910156 0.00390625 0.921875 0.015625 0.929688 0.015625 0.933594 0.0195312 0.960938 0.0195312 0.964844 0.015625 0.972656 0.015625 0.980469 0.0078125 0.984375 0.0078125 0.984375 0.00390625 0.988281 0
0 0.378906 0.140625 0.371094 0.148438 0.367188 0.148438 0.359375 0.15625 0.355469 0.15625 0.351562 0.160156 0.347656 0.160156 0.34375 0.164062 0.34375 0.183594 0.339844 0.1875 0.34375 0.191406 0.347656 0.191406 0.351562 0.195312 0.351562 0.199219 0.359375 0.207031 0.390625 0.207031 0.402344 0.195312 0.410156 0.195312 0.414062 0.191406 0.414062 0.175781 0.410156 0.171875 0.410156 0.164062 0.402344 0.15625 0.402344 0.152344 0.394531 0.144531 0.390625 0.144531 0.386719 0.140625
0 0.394531 0.609375 0.390625 0.613281 0.386719 0.613281 0.378906 0.621094 0.363281 0.621094 0.359375 0.625 0.359375 0.648438 0.363281 0.652344 0.363281 0.65625 0.378906 0.671875 0.386719 0.671875 0.390625 0.675781 0.40625 0.675781 0.410156 0.671875 0.417969 0.671875 0.421875 0.667969 0.429688 0.667969 0.4375 0.660156 0.4375 0.65625 0.441406 0.652344 0.441406 0.625 0.4375 0.621094 0.4375 0.609375
0 0.582031 0.0507812 0.578125 0.0546875 0.566406 0.0546875 0.566406 0.0585938 0.5625 0.0625 0.5625 0.0664062 0.558594 0.0703125 0.558594 0.09375 0.5625 0.09375 0.570312 0.101562 0.570312 0.105469 0.574219 0.101562 0.578125 0.101562 0.582031 0.0976562 0.597656 0.0976562 0.613281 0.113281 0.613281 0.125 0.605469 0.132812 0.613281 0.132812 0.613281 0.105469 0.605469 0.0976562 0.605469 0.0859375 0.609375 0.0820312 0.609375 0.0625 0.601562 0.0546875 0.59375 0.0546875 0.589844 0.0507812
0 0.28125 0.214844 0.273438 0.222656 0.269531 0.222656 0.269531 0.226562 0.265625 0.230469 0.265625 0.234375 0.261719 0.238281 0.261719 0.246094 0.265625 0.25 0.265625 0.257812 0.273438 0.265625 0.273438 0.269531 0.28125 0.277344 0.285156 0.277344 0.289062 0.28125 0.300781 0.28125 0.304688 0.277344 0.308594 0.277344 0.3125 0.273438 0.316406 0.273438 0.324219 0.265625 0.324219 0.253906 0.328125 0.25 0.328125 0.238281 0.324219 0.234375 0.324219 0.230469 0.320312 0.226562 0.316406 0.226562 0.3125 0.222656 0.308594 0.222656 0.300781 0.214844
0 0.464844 0.617188 0.464844 0.621094 0.460938 0.625 0.460938 0.632812 0.457031 0.636719 0.457031 0.640625 0.453125 0.644531 0.453125 0.660156 0.460938 0.667969 0.464844 0.667969 0.476562 0.679688 0.511719 0.679688 0.511719 0.675781 0.515625 0.671875 0.515625 0.667969 0.519531 0.664062 0.519531 0.652344 0.515625 0.648438 0.515625 0.640625 0.511719 0.636719 0.511719 0.632812 0.5 0.621094 0.488281 0.621094 0.484375 0.617188
0 0.515625 0.539062 0.515625 0.554688 0.511719 0.558594 0.511719 0.5625 0.5 0.574219 0.496094 0.574219 0.492188 0.578125 0.472656 0.578125 0.46875 0.574219 0.464844 0.574219 0.453125 0.5625 0.453125 0.558594 0.445312 0.566406 0.441406 0.566406 0.425781 0.582031 0.417969 0.582031 0.414062 0.585938 0.375 0.585938 0.367188 0.578125 0.363281 0.578125 0.355469 0.570312 0.355469 0.546875 0.355469 0.570312 0.378906 0.59375 0.382812 0.589844 0.386719 0.589844 0.390625 0.585938 0.445312 0.585938 0.449219 0.582031 0.472656 0.582031 0.476562 0.585938 0.496094 0.585938 0.503906 0.578125 0.507812 0.578125 0.523438 0.5625 0.523438 0.558594 0.53125 0.550781 0.527344 0.550781 0.519531 0.542969 0.519531 0.539062
0 0.382812 0.375 0.382812 0.390625 0.367188 0.40625 0.363281 0.40625 0.359375 0.410156 0.339844 0.410156 0.335938 0.40625 0.328125 0.40625 0.324219 0.402344 0.320312 0.402344 0.308594 0.390625 0.308594 0.402344 0.324219 0.417969 0.335938 0.417969 0.339844 0.414062 0.347656 0.414062 0.351562 0.410156 0.378906 0.410156 0.378906 0.402344 0.386719 0.394531 0.386719 0.390625 0.382812 0.386719
0 0.339844 0.332031 0.335938 0.335938 0.332031 0.335938 0.328125 0.339844 0.324219 0.339844 0.316406 0.347656 0.316406 0.351562 0.3125 0.355469 0.3125 0.359375 0.308594 0.363281 0.308594 0.367188 0.3125 0.371094 0.3125 0.375 0.308594 0.378906 0.308594 0.386719 0.320312 0.398438 0.324219 0.398438 0.328125 0.402344 0.335938 0.402344 0.339844 0.40625 0.359375 0.40625 0.363281 0.402344 0.367188 0.402344 0.378906 0.390625 0.378906 0.375 0.382812 0.371094 0.382812 0.367188 0.378906 0.363281 0.382812 0.359375 0.382812 0.347656 0.371094 0.335938 0.367188 0.335938 0.363281 0.332031
0 0 0.847656 0 0.945312 0.015625 0.945312 0.0195312 0.941406 0.0273438 0.941406 0.0429688 0.925781 0.0429688 0.921875 0.046875 0.917969 0.046875 0.882812 0.0429688 0.878906 0.0429688 0.871094 0.0273438 0.855469 0.0234375 0.855469 0.0195312 0.851562 0.0117188 0.851562 0.0078125 0.847656
0 0 0.253906 0 0.335938 0.00390625 0.335938 0.00390625 0.324219 0.0078125 0.320312 0.0078125 0.316406 0.0234375 0.300781 0.0234375 0.289062 0.0273438 0.285156 0.0273438 0.277344 0.0195312 0.269531 0.0195312 0.265625 0.0117188 0.257812 0.0078125 0.257812 0.00390625 0.253906
0 0.394531 0.429688 0.390625 0.433594 0.359375 0.433594 0.355469 0.4375 0.351562 0.4375 0.34375 0.445312 0.34375 0.449219 0.339844 0.453125 0.339844 0.488281 0.335938 0.492188 0.339844 0.496094 0.347656 0.496094 0.351562 0.5 0.351562 0.503906 0.355469 0.507812 0.382812 0.507812 0.386719 0.503906 0.414062 0.503906 0.417969 0.5 0.417969 0.496094 0.425781 0.488281 0.425781 0.445312 0.414062 0.433594 0.410156 0.433594 0.40625 0.429688
0 0.960938 0.640625 0.957031 0.644531 0.953125 0.644531 0.949219 0.648438 0.945312 0.648438 0.933594 0.660156 0.933594 0.664062 0.929688 0.667969 0.929688 0.675781 0.925781 0.679688 0.925781 0.6875 0.929688 0.691406 0.929688 0.699219 0.9375 0.707031 0.9375 0.710938 0.941406 0.714844 0.945312 0.714844 0.953125 0.722656 0.960938 0.722656 0.964844 0.726562 0.984375 0.726562 0.988281 0.722656 0.992188 0.722656 0.996094 0.71875 0.996094 0.644531 0.992188 0.640625
0 0.785156 0.546875 0.78125 0.550781 0.773438 0.550781 0.765625 0.558594 0.761719 0.558594 0.753906 0.566406 0.753906 0.570312 0.75 0.574219 0.75 0.578125 0.746094 0.582031 0.746094 0.613281 0.75 0.617188 0.75 0.621094 0.753906 0.625 0.753906 0.628906 0.773438 0.648438 0.78125 0.648438 0.785156 0.652344 0.8125 0.652344 0.816406 0.648438 0.820312 0.648438 0.824219 0.644531 0.828125 0.644531 0.835938 0.636719 0.839844 0.636719 0.839844 0.632812 0.847656 0.625 0.847656 0.621094 0.851562 0.617188 0.851562 0.585938 0.847656 0.582031 0.847656 0.574219 0.839844 0.566406 0.839844 0.5625 0.835938 0.558594 0.832031 0.558594 0.824219 0.550781 0.816406 0.550781 0.8125 0.546875
0 0.355469 0.0390625 0.347656 0.046875 0.34375 0.046875 0.339844 0.0507812 0.339844 0.0703125 0.335938 0.0742188 0.335938 0.0820312 0.339844 0.0859375 0.339844 0.09375 0.34375 0.0976562 0.347656 0.0976562 0.355469 0.105469 0.398438 0.105469 0.402344 0.101562 0.40625 0.101562 0.417969 0.0898438 0.417969 0.0625 0.414062 0.0585938 0.414062 0.0546875 0.40625 0.046875 0.394531 0.046875 0.386719 0.0390625
0 0.488281 0.496094 0.484375 0.5 0.4375 0.5 0.433594 0.503906 0.433594 0.515625 0.449219 0.53125 0.449219 0.535156 0.453125 0.539062 0.453125 0.554688 0.457031 0.558594 0.457031 0.5625 0.464844 0.570312 0.46875 0.570312 0.472656 0.574219 0.492188 0.574219 0.496094 0.570312 0.5 0.570312 0.507812 0.5625 0.507812 0.558594 0.511719 0.554688 0.511719 0.539062 0.515625 0.535156 0.511719 0.53125 0.511719 0.519531 0.507812 0.515625 0.507812 0.507812 0.496094 0.496094
0 0 0.453125 0 0.558594 0.00390625 0.554688 0.0078125 0.554688 0.0117188 0.550781 0.0117188 0.546875 0.0195312 0.539062 0.0195312 0.535156 0.0234375 0.53125 0.0234375 0.527344 0.0273438 0.523438 0.0273438 0.519531 0.03125 0.515625 0.03125 0.5 0.0351562 0.496094 0.0351562 0.492188 0.0273438 0.484375 0.0273438 0.480469 0.0195312 0.472656 0.0195312 0.46875 0.0078125 0.457031 0.00390625 0.457031
0 0.0390625 0.398438 0.03125 0.40625 0.03125 0.410156 0.0273438 0.414062 0.0273438 0.417969 0.0234375 0.421875 0.0234375 0.4375 0.0429688 0.457031 0.0429688 0.460938 0.0507812 0.46875 0.0507812 0.472656 0.0546875 0.476562 0.0585938 0.476562 0.078125 0.496094 0.0820312 0.496094 0.0859375 0.5 0.105469 0.5 0.109375 0.496094 0.113281 0.496094 0.117188 0.492188 0.121094 0.492188 0.128906 0.484375 0.128906 0.480469 0.136719 0.472656 0.136719 0.464844 0.140625 0.460938 0.140625 0.449219 0.144531 0.445312 0.144531 0.417969 0.140625 0.414062 0.140625 0.410156 0.136719 0.40625 0.132812 0.40625 0.128906 0.402344 0.0507812 0.402344 0.046875 0.398438
0 0.554688 0.460938 0.550781 0.464844 0.542969 0.464844 0.535156 0.472656 0.535156 0.476562 0.53125 0.480469 0.53125 0.496094 0.535156 0.5 0.53125 0.503906 0.535156 0.507812 0.535156 0.519531 0.542969 0.527344 0.550781 0.527344 0.558594 0.535156 0.574219 0.535156 0.578125 0.53125 0.578125 0.496094 0.574219 0.492188 0.574219 0.488281 0.570312 0.484375 0.570312 0.480469 0.558594 0.46875 0.558594 0.464844
0 0.367188 0.71875 0.363281 0.722656 0.363281 0.730469 0.371094 0.738281 0.371094 0.742188 0.375 0.746094 0.375 0.75 0.378906 0.753906 0.378906 0.777344 0.382812 0.78125 0.378906 0.785156 0.378906 0.792969 0.382812 0.796875 0.402344 0.796875 0.40625 0.792969 0.414062 0.792969 0.417969 0.789062 0.417969 0.78125 0.421875 0.777344 0.421875 0.738281 0.414062 0.730469 0.410156 0.730469 0.40625 0.726562 0.402344 0.726562 0.398438 0.722656 0.394531 0.722656 0.390625 0.71875
0 0.554688 0.457031 0.5625 0.464844 0.5625 0.46875 0.574219 0.480469 0.574219 0.484375 0.578125 0.488281 0.578125 0.492188 0.582031 0.496094 0.582031 0.53125 0.574219 0.539062 0.558594 0.539062 0.550781 0.53125 0.542969 0.53125 0.546875 0.535156 0.546875 0.542969 0.566406 0.542969 0.570312 0.539062 0.574219 0.539062 0.582031 0.53125 0.582031 0.480469 0.585938 0.476562 0.582031 0.476562 0.5625 0.457031
0 0.25 0.0273438 0.246094 0.03125 0.242188 0.03125 0.226562 0.046875 0.226562 0.0507812 0.222656 0.0546875 0.222656 0.0585938 0.21875 0.0625 0.21875 0.0703125 0.214844 0.0742188 0.214844 0.101562 0.21875 0.105469 0.21875 0.113281 0.242188 0.136719 0.246094 0.136719 0.25 0.140625 0.277344 0.140625 0.28125 0.136719 0.289062 0.136719 0.292969 0.132812 0.296875 0.132812 0.304688 0.125 0.308594 0.125 0.316406 0.117188 0.316406 0.09375 0.3125 0.0898438 0.3125 0.046875 0.308594 0.0429688 0.304688 0.0429688 0.296875 0.0351562 0.292969 0.0351562 0.289062 0.03125 0.28125 0.03125 0.277344 0.0273438
0 0.0625 0.308594 0.0546875 0.316406 0.0429688 0.316406 0.03125 0.328125 0.03125 0.332031 0.0273438 0.335938 0.0273438 0.347656 0.0234375 0.351562 0.0234375 0.371094 0.0273438 0.375 0.03125 0.375 0.0351562 0.378906 0.0664062 0.378906 0.0703125 0.382812 0.0976562 0.382812 0.101562 0.378906 0.117188 0.378906 0.121094 0.375 0.121094 0.367188 0.117188 0.363281 0.117188 0.328125 0.113281 0.324219 0.105469 0.324219 0.0976562 0.316406 0.0898438 0.316406 0.0859375 0.3125 0.0664062 0.3125
0 0.269531 0.472656 0.265625 0.476562 0.261719 0.476562 0.257812 0.480469 0.253906 0.480469 0.238281 0.496094 0.238281 0.5 0.234375 0.503906 0.234375 0.511719 0.230469 0.515625 0.230469 0.550781 0.234375 0.554688 0.234375 0.558594 0.253906 0.578125 0.257812 0.578125 0.261719 0.582031 0.269531 0.582031 0.273438 0.585938 0.296875 0.585938 0.300781 0.582031 0.308594 0.582031 0.3125 0.578125 0.316406 0.578125 0.320312 0.574219 0.324219 0.574219 0.328125 0.570312 0.332031 0.570312 0.332031 0.535156 0.328125 0.53125 0.328125 0.507812 0.324219 0.503906 0.324219 0.5 0.3125 0.488281 0.3125 0.484375 0.300781 0.472656
0 0.0234375 0.5625 0.0195312 0.566406 0.0117188 0.566406 0 0.578125 0 0.640625 0.0078125 0.640625 0.0117188 0.644531 0.015625 0.644531 0.0195312 0.648438 0.0273438 0.648438 0.03125 0.652344 0.0507812 0.652344 0.0546875 0.648438 0.0625 0.648438 0.0664062 0.644531 0.0703125 0.644531 0.078125 0.636719 0.078125 0.632812 0.0820312 0.628906 0.0820312 0.625 0.0859375 0.621094 0.0859375 0.609375 0.0898438 0.605469 0.0859375 0.601562 0.0859375 0.597656 0.0820312 0.59375 0.0820312 0.589844 0.078125 0.585938 0.078125 0.582031 0.0625 0.566406 0.0546875 0.566406 0.0507812 0.5625
0 0.75 0 0.75 0.0078125 0.746094 0.0117188 0.746094 0.015625 0.742188 0.0195312 0.742188 0.0507812 0.75 0.0585938 0.75 0.0625 0.769531 0.0820312 0.773438 0.0820312 0.78125 0.0898438 0.804688 0.0898438 0.808594 0.0859375 0.8125 0.0859375 0.816406 0.0820312 0.820312 0.0820312 0.839844 0.0625 0.839844 0.0351562 0.835938 0.03125 0.835938 0.0234375 0.832031 0.0195312 0.832031 0
0 0.488281 0.285156 0.480469 0.292969 0.476562 0.292969 0.46875 0.300781 0.46875 0.304688 0.460938 0.3125 0.460938 0.332031 0.46875 0.339844 0.476562 0.339844 0.480469 0.34375 0.492188 0.34375 0.5 0.335938 0.503906 0.335938 0.511719 0.328125 0.515625 0.328125 0.515625 0.320312 0.519531 0.316406 0.519531 0.308594 0.523438 0.304688 0.523438 0.300781 0.511719 0.289062 0.507812 0.289062 0.503906 0.285156
0 0.136719 0.589844 0.132812 0.59375 0.125 0.59375 0.121094 0.597656 0.117188 0.597656 0.113281 0.601562 0.113281 0.609375 0.109375 0.613281 0.109375 0.617188 0.105469 0.621094 0.105469 0.640625 0.101562 0.644531 0.101562 0.648438 0.105469 0.652344 0.105469 0.65625 0.113281 0.664062 0.113281 0.667969 0.121094 0.675781 0.125 0.675781 0.128906 0.679688 0.132812 0.679688 0.136719 0.683594 0.140625 0.683594 0.144531 0.6875 0.164062 0.6875 0.167969 0.683594 0.175781 0.683594 0.191406 0.667969 0.191406 0.664062 0.195312 0.660156 0.195312 0.652344 0.199219 0.648438 0.199219 0.632812 0.195312 0.628906 0.195312 0.621094 0.191406 0.617188 0.191406 0.613281 0.179688 0.601562 0.175781 0.601562 0.171875 0.597656 0.167969 0.597656 0.164062 0.59375 0.15625 0.59375 0.152344 0.589844
0 0.0703125 0.0859375 0.0664062 0.0898438 0.0625 0.0898438 0.046875 0.105469 0.046875 0.109375 0.0429688 0.113281 0.0429688 0.136719 0.046875 0.140625 0.046875 0.144531 0.0507812 0.148438 0.0507812 0.152344 0.0546875 0.15625 0.0546875 0.160156 0.0625 0.167969 0.0664062 0.167969 0.0703125 0.171875 0.0742188 0.171875 0.078125 0.175781 0.0820312 0.175781 0.0820312 0.171875 0.09375 0.160156 0.0976562 0.160156 0.113281 0.144531 0.117188 0.144531 0.121094 0.140625 0.125 0.140625 0.136719 0.128906 0.136719 0.125 0.132812 0.121094 0.132812 0.105469 0.117188 0.0898438 0.113281 0.0898438 0.109375 0.0859375
0 0.351562 0.507812 0.351562 0.523438 0.355469 0.527344 0.355469 0.53125 0.355469 0.527344 0.363281 0.519531 0.367188 0.519531 0.375 0.511719 0.382812 0.511719 0.386719 0.507812 0.382812 0.511719 0.355469 0.511719
0 0.390625 0.507812 0.382812 0.515625 0.375 0.515625 0.367188 0.523438 0.363281 0.523438 0.359375 0.527344 0.359375 0.53125 0.355469 0.535156 0.355469 0.542969 0.359375 0.546875 0.359375 0.570312 0.363281 0.574219 0.367188 0.574219 0.375 0.582031 0.414062 0.582031 0.417969 0.578125 0.425781 0.578125 0.441406 0.5625 0.445312 0.5625 0.449219 0.558594 0.449219 0.539062 0.445312 0.535156 0.445312 0.53125 0.4375 0.523438 0.433594 0.523438 0.429688 0.519531 0.425781 0.519531 0.421875 0.515625 0.414062 0.515625 0.410156 0.511719 0.40625 0.511719 0.402344 0.507812
0 0.453125 0.09375 0.445312 0.101562 0.4375 0.101562 0.433594 0.105469 0.425781 0.105469 0.421875 0.109375 0.421875 0.125 0.417969 0.128906 0.417969 0.132812 0.425781 0.140625 0.425781 0.144531 0.433594 0.152344 0.433594 0.15625 0.4375 0.160156 0.4375 0.164062 0.441406 0.167969 0.441406 0.179688 0.445312 0.179688 0.449219 0.183594 0.457031 0.183594 0.460938 0.179688 0.472656 0.179688 0.476562 0.175781 0.480469 0.175781 0.488281 0.167969 0.492188 0.167969 0.492188 0.164062 0.496094 0.160156 0.496094 0.125 0.492188 0.121094 0.492188 0.113281 0.484375 0.105469 0.484375 0.101562 0.480469 0.101562 0.476562 0.0976562 0.472656 0.0976562 0.46875 0.09375
0 0.28125 0.195312 0.277344 0.199219 0.273438 0.199219 0.269531 0.203125 0.265625 0.203125 0.25 0.21875 0.25 0.222656 0.246094 0.226562 0.246094 0.234375 0.242188 0.238281 0.242188 0.25 0.246094 0.253906 0.246094 0.261719 0.25 0.265625 0.25 0.269531 0.265625 0.285156 0.269531 0.285156 0.273438 0.289062 0.277344 0.289062 0.28125 0.292969 0.308594 0.292969 0.3125 0.289062 0.316406 0.289062 0.320312 0.285156 0.324219 0.285156 0.332031 0.277344 0.332031 0.246094 0.335938 0.242188 0.335938 0.214844 0.324219 0.203125 0.320312 0.203125 0.316406 0.199219 0.308594 0.199219 0.304688 0.195312
0 0.28125 0.210938 0.300781 0.210938 0.308594 0.21875 0.3125 0.21875 0.316406 0.222656 0.320312 0.222656 0.328125 0.230469 0.328125 0.234375 0.332031 0.238281 0.332031 0.25 0.328125 0.253906 0.328125 0.265625 0.316406 0.277344 0.3125 0.277344 0.308594 0.28125 0.304688 0.28125 0.300781 0.285156 0.289062 0.285156 0.285156 0.28125 0.28125 0.28125 0.269531 0.269531 0.269531 0.265625 0.261719 0.257812 0.261719 0.25 0.257812 0.246094 0.257812 0.238281 0.261719 0.234375 0.261719 0.230469 0.265625 0.226562 0.265625 0.222656 0.269531 0.21875 0.273438 0.21875
0 0.414062 0.171875 0.417969 0.175781 0.417969 0.191406 0.410156 0.199219 0.402344 0.199219 0.390625 0.210938 0.359375 0.210938 0.347656 0.199219 0.347656 0.195312 0.34375 0.195312 0.339844 0.191406 0.339844 0.195312 0.34375 0.199219 0.34375 0.203125 0.351562 0.210938 0.414062 0.210938 0.414062 0.207031 0.417969 0.203125 0.417969 0.199219 0.421875 0.195312 0.417969 0.191406 0.417969 0.175781
0 0.359375 0.0351562 0.386719 0.0351562 0.394531 0.0429688 0.40625 0.0429688 0.417969 0.0546875 0.417969 0.0585938 0.421875 0.0625 0.421875 0.0898438 0.40625 0.105469 0.402344 0.105469 0.398438 0.109375 0.355469 0.109375 0.347656 0.101562 0.34375 0.101562 0.339844 0.0976562 0.347656 0.105469 0.347656 0.113281 0.351562 0.113281 0.355469 0.117188 0.363281 0.117188 0.367188 0.113281 0.390625 0.113281 0.394531 0.117188 0.398438 0.117188 0.414062 0.101562 0.414062 0.0976562 0.425781 0.0859375 0.425781 0.0742188 0.421875 0.0703125 0.421875 0.0625 0.417969 0.0585938 0.417969 0.0546875 0.402344 0.0390625 0.394531 0.0390625 0.390625 0.0351562
0 0.144531 0.140625 0.132812 0.152344 0.132812 0.160156 0.125 0.167969 0.125 0.179688 0.121094 0.183594 0.121094 0.195312 0.125 0.199219 0.125 0.203125 0.140625 0.21875 0.144531 0.21875 0.152344 0.226562 0.160156 0.226562 0.167969 0.234375 0.191406 0.234375 0.195312 0.230469 0.195312 0.226562 0.203125 0.21875 0.207031 0.21875 0.210938 0.214844 0.210938 0.207031 0.214844 0.203125 0.214844 0.179688 0.207031 0.171875 0.207031 0.164062 0.199219 0.15625 0.199219 0.152344 0.191406 0.144531 0.175781 0.144531 0.171875 0.140625
0 0.863281 0.425781 0.859375 0.429688 0.851562 0.429688 0.847656 0.433594 0.84375 0.433594 0.835938 0.441406 0.835938 0.445312 0.832031 0.449219 0.832031 0.453125 0.828125 0.457031 0.828125 0.46875 0.824219 0.472656 0.824219 0.484375 0.828125 0.488281 0.828125 0.5 0.835938 0.507812 0.835938 0.511719 0.84375 0.519531 0.847656 0.519531 0.851562 0.523438 0.855469 0.523438 0.859375 0.527344 0.871094 0.527344 0.875 0.53125 0.882812 0.53125 0.886719 0.527344 0.898438 0.527344 0.902344 0.523438 0.90625 0.523438 0.921875 0.507812 0.921875 0.503906 0.925781 0.5 0.925781 0.496094 0.929688 0.492188 0.929688 0.460938 0.925781 0.457031 0.925781 0.453125 0.917969 0.445312 0.917969 0.441406 0.914062 0.4375 0.910156 0.4375 0.90625 0.433594 0.902344 0.433594 0.898438 0.429688 0.886719 0.429688 0.882812 0.425781
0 0.582031 0.101562 0.578125 0.105469 0.574219 0.105469 0.570312 0.109375 0.570312 0.128906 0.578125 0.136719 0.597656 0.136719 0.609375 0.125 0.609375 0.113281 0.597656 0.101562
0 0.0625 0.210938 0.0546875 0.21875 0.0546875 0.226562 0.046875 0.234375 0.046875 0.25 0.0429688 0.253906 0.0429688 0.261719 0.0664062 0.285156 0.0703125 0.285156 0.078125 0.292969 0.0898438 0.292969 0.09375 0.296875 0.128906 0.296875 0.132812 0.292969 0.132812 0.289062 0.136719 0.285156 0.136719 0.28125 0.140625 0.277344 0.140625 0.273438 0.144531 0.269531 0.144531 0.25 0.140625 0.246094 0.136719 0.246094 0.132812 0.242188 0.132812 0.234375 0.125 0.226562 0.121094 0.226562 0.117188 0.222656 0.113281 0.222656 0.101562 0.210938
0 0.324219 0.714844 0.320312 0.71875 0.316406 0.71875 0.3125 0.722656 0.308594 0.722656 0.296875 0.734375 0.296875 0.738281 0.292969 0.742188 0.292969 0.753906 0.289062 0.757812 0.289062 0.761719 0.292969 0.765625 0.292969 0.785156 0.296875 0.789062 0.296875 0.792969 0.316406 0.8125 0.320312 0.8125 0.324219 0.816406 0.328125 0.816406 0.332031 0.820312 0.363281 0.820312 0.367188 0.816406 0.371094 0.816406 0.375 0.8125 0.378906 0.8125 0.382812 0.808594 0.386719 0.808594 0.394531 0.800781 0.398438 0.800781 0.382812 0.800781 0.375 0.792969 0.375 0.785156 0.378906 0.78125 0.375 0.777344 0.375 0.753906 0.371094 0.75 0.371094 0.746094 0.367188 0.742188 0.367188 0.738281 0.359375 0.730469 0.359375 0.722656 0.367188 0.714844 0.386719 0.714844
0 0.160156 0.726562 0.15625 0.730469 0.148438 0.730469 0.144531 0.734375 0.140625 0.734375 0.125 0.75 0.125 0.753906 0.121094 0.757812 0.121094 0.785156 0.125 0.789062 0.125 0.796875 0.132812 0.804688 0.132812 0.808594 0.136719 0.8125 0.140625 0.8125 0.144531 0.816406 0.152344 0.816406 0.15625 0.820312 0.179688 0.820312 0.183594 0.816406 0.191406 0.816406 0.207031 0.800781 0.207031 0.796875 0.210938 0.792969 0.210938 0.761719 0.207031 0.757812 0.207031 0.75 0.1875 0.730469 0.179688 0.730469 0.175781 0.726562
0 0.148438 0.253906 0.148438 0.269531 0.144531 0.273438 0.144531 0.277344 0.140625 0.28125 0.140625 0.285156 0.136719 0.289062 0.136719 0.292969 0.128906 0.300781 0.105469 0.300781 0.117188 0.300781 0.121094 0.304688 0.125 0.304688 0.128906 0.300781 0.132812 0.300781 0.144531 0.289062 0.144531 0.28125 0.148438 0.277344
0 0.660156 0.472656 0.65625 0.476562 0.632812 0.476562 0.625 0.484375 0.617188 0.484375 0.613281 0.488281 0.609375 0.488281 0.605469 0.492188 0.605469 0.546875 0.609375 0.550781 0.613281 0.550781 0.621094 0.558594 0.625 0.558594 0.628906 0.5625 0.636719 0.5625 0.640625 0.566406 0.667969 0.566406 0.671875 0.5625 0.675781 0.5625 0.679688 0.558594 0.683594 0.558594 0.695312 0.546875 0.695312 0.542969 0.699219 0.539062 0.699219 0.535156 0.703125 0.53125 0.703125 0.511719 0.699219 0.507812 0.699219 0.503906 0.691406 0.496094 0.691406 0.492188 0.6875 0.488281 0.6875 0.484375 0.683594 0.484375 0.671875 0.472656
