0 0.308594 0.542969 0.304688 0.546875 0.300781 0.546875 0.289062 0.558594 0.289062 0.5625 0.28125 0.570312 0.28125 0.574219 0.277344 0.578125 0.277344 0.582031 0.273438 0.585938 0.273438 0.601562 0.277344 0.605469 0.277344 0.609375 0.28125 0.613281 0.332031 0.613281 0.335938 0.609375 0.335938 0.605469 0.34375 0.597656 0.34375 0.589844 0.347656 0.585938 0.347656 0.566406 0.34375 0.5625 0.34375 0.558594 0.332031 0.546875 0.332031 0.542969
0 0.398438 0.933594 0.394531 0.9375 0.386719 0.9375 0.386719 0.941406 0.378906 0.949219 0.378906 0.980469 0.386719 0.988281 0.394531 0.988281 0.398438 0.992188 0.414062 0.992188 0.417969 0.988281 0.421875 0.988281 0.433594 0.976562 0.433594 0.949219 0.421875 0.9375 0.414062 0.9375 0.410156 0.933594
0 0.207031 0.773438 0.203125 0.777344 0.199219 0.777344 0.191406 0.785156 0.191406 0.800781 0.195312 0.804688 0.195312 0.8125 0.199219 0.8125 0.203125 0.816406 0.207031 0.816406 0.210938 0.820312 0.21875 0.820312 0.222656 0.816406 0.234375 0.816406 0.238281 0.8125 0.238281 0.78125 0.234375 0.777344 0.230469 0.777344 0.226562 0.773438
0 0.101562 0.792969 0.09375 0.800781 0.09375 0.8125 0.0898438 0.816406 0.0898438 0.828125 0.117188 0.828125 0.121094 0.824219 0.125 0.824219 0.125 0.820312 0.128906 0.816406 0.132812 0.816406 0.132812 0.8125 0.136719 0.808594 0.136719 0.804688 0.132812 0.800781 0.128906 0.800781 0.121094 0.792969
0 0.101562 0.503906 0.0976562 0.507812 0.0898438 0.507812 0.0859375 0.511719 0.0742188 0.511719 0.0703125 0.515625 0.0703125 0.523438 0.0664062 0.527344 0.0664062 0.558594 0.0703125 0.5625 0.0703125 0.566406 0.0859375 0.582031 0.109375 0.582031 0.144531 0.546875 0.144531 0.535156 0.140625 0.53125 0.140625 0.527344 0.125 0.511719 0.125 0.507812 0.105469 0.507812
0 0.121094 0.691406 0.117188 0.695312 0.117188 0.699219 0.113281 0.703125 0.113281 0.710938 0.117188 0.714844 0.117188 0.71875 0.125 0.726562 0.140625 0.726562 0.144531 0.722656 0.144531 0.71875 0.148438 0.714844 0.148438 0.703125 0.144531 0.699219 0.144531 0.695312 0.140625 0.695312 0.136719 0.691406
0 0.894531 0 0.90625 0.0117188 0.914062 0.0117188 0.917969 0.015625 0.921875 0.0117188 0.933594 0.0117188 0.9375 0.0078125 0.941406 0.0078125 0.945312 0.00390625 0.949219 0.00390625 0.953125 0
0 0.109375 0.464844 0.101562 0.472656 0.0976562 0.472656 0.09375 0.476562 0.09375 0.496094 0.0976562 0.5 0.101562 0.5 0.105469 0.503906 0.148438 0.503906 0.152344 0.5 0.15625 0.5 0.160156 0.496094 0.160156 0.476562 0.152344 0.46875 0.148438 0.46875 0.144531 0.464844
0 0.480469 0.507812 0.476562 0.511719 0.472656 0.511719 0.46875 0.515625 0.464844 0.515625 0.464844 0.519531 0.460938 0.523438 0.460938 0.527344 0.457031 0.53125 0.460938 0.535156 0.460938 0.542969 0.464844 0.546875 0.464844 0.550781 0.472656 0.558594 0.480469 0.558594 0.484375 0.5625 0.492188 0.5625 0.496094 0.558594 0.507812 0.558594 0.515625 0.550781 0.515625 0.546875 0.519531 0.542969 0.515625 0.539062 0.519531 0.535156 0.515625 0.53125 0.515625 0.523438 0.511719 0.519531 0.511719 0.515625 0.507812 0.515625 0.503906 0.511719 0.5 0.511719 0.496094 0.507812
0 0.0195312 0.695312 0.015625 0.699219 0.0117188 0.699219 0.0117188 0.703125 0.0078125 0.707031 0.0078125 0.710938 0.00390625 0.714844 0 0.714844 0 0.785156 0.00390625 0.789062 0.0117188 0.789062 0.015625 0.792969 0.0351562 0.792969 0.0390625 0.789062 0.0429688 0.789062 0.046875 0.785156 0.0507812 0.785156 0.0585938 0.777344 0.0625 0.777344 0.0625 0.773438 0.0664062 0.769531 0.0664062 0.75 0.0625 0.746094 0.0625 0.738281 0.0585938 0.734375 0.0585938 0.726562 0.0546875 0.722656 0.0546875 0.71875 0.0507812 0.714844 0.0507812 0.710938 0.0429688 0.703125 0.0351562 0.703125 0.03125 0.699219 0.0273438 0.699219 0.0234375 0.695312
