0 0.0351562 0.890625 0.0273438 0.898438 0.0273438 0.90625 0.0195312 0.914062 0.0195312 0.921875 0.0234375 0.925781 0.03125 0.925781 0.0351562 0.921875 0.0585938 0.921875 0.0625 0.917969 0.0703125 0.917969 0.078125 0.910156 0.078125 0.902344 0.0703125 0.894531 0.0429688 0.894531 0.0390625 0.890625
0 0.171875 0.351562 0.164062 0.359375 0.164062 0.363281 0.160156 0.367188 0.160156 0.382812 0.164062 0.386719 0.164062 0.390625 0.167969 0.394531 0.179688 0.394531 0.183594 0.398438 0.191406 0.398438 0.195312 0.394531 0.199219 0.394531 0.207031 0.386719 0.207031 0.371094 0.191406 0.355469 0.1875 0.355469 0.183594 0.351562
0 0.507812 0.578125 0.496094 0.589844 0.488281 0.589844 0.484375 0.59375 0.484375 0.605469 0.492188 0.613281 0.496094 0.613281 0.5 0.609375 0.519531 0.609375 0.53125 0.621094 0.535156 0.621094 0.542969 0.613281 0.542969 0.601562 0.539062 0.597656 0.539062 0.589844 0.535156 0.585938 0.527344 0.585938 0.519531 0.578125
0 0.589844 0.699219 0.582031 0.707031 0.574219 0.707031 0.566406 0.714844 0.566406 0.71875 0.574219 0.726562 0.574219 0.730469 0.582031 0.738281 0.589844 0.738281 0.59375 0.734375 0.597656 0.734375 0.601562 0.730469 0.601562 0.726562 0.605469 0.722656 0.605469 0.707031 0.597656 0.699219
0 0 0.710938 0 0.757812 0.00390625 0.753906 0.015625 0.753906 0.0234375 0.746094 0.0234375 0.726562 0.0195312 0.722656 0.015625 0.722656 0.0117188 0.71875 0.0078125 0.71875
0 0.0078125 0.375 0 0.382812 0 0.394531 0.00390625 0.398438 0.00390625 0.40625 0.0078125 0.410156 0.0234375 0.410156 0.03125 0.402344 0.03125 0.394531 0.0273438 0.390625 0.0273438 0.378906 0.0234375 0.375
0 0.0429688 0.820312 0.0273438 0.835938 0.0273438 0.839844 0.0234375 0.84375 0.0234375 0.859375 0.0273438 0.863281 0.0390625 0.863281 0.0429688 0.859375 0.046875 0.859375 0.0507812 0.855469 0.0507812 0.851562 0.0546875 0.847656 0.0546875 0.835938 0.0507812 0.832031 0.0507812 0.824219 0.046875 0.820312
0 0.03125 0.144531 0.0273438 0.148438 0.0273438 0.152344 0.0234375 0.15625 0.0234375 0.164062 0.03125 0.171875 0.0390625 0.171875 0.0429688 0.167969 0.046875 0.167969 0.0507812 0.164062 0.0507812 0.152344 0.0429688 0.144531
0 0.921875 0.292969 0.914062 0.300781 0.914062 0.332031 0.917969 0.335938 0.917969 0.339844 0.921875 0.34375 0.9375 0.34375 0.941406 0.339844 0.941406 0.332031 0.945312 0.328125 0.945312 0.316406 0.9375 0.308594 0.9375 0.296875 0.933594 0.292969
0 0.371094 0.726562 0.355469 0.742188 0.355469 0.75 0.363281 0.757812 0.382812 0.757812 0.394531 0.746094 0.394531 0.738281 0.382812 0.726562
0 0.113281 0.765625 0.109375 0.769531 0.105469 0.769531 0.09375 0.78125 0.09375 0.785156 0.0898438 0.789062 0.0898438 0.800781 0.101562 0.8125 0.113281 0.8125 0.121094 0.804688 0.121094 0.789062 0.125 0.785156 0.125 0.78125 0.132812 0.773438 0.132812 0.769531 0.128906 0.765625
0 0.132812 0.902344 0.125 0.910156 0.125 0.914062 0.121094 0.917969 0.121094 0.925781 0.117188 0.929688 0.117188 0.9375 0.121094 0.941406 0.121094 0.945312 0.140625 0.964844 0.152344 0.964844 0.15625 0.960938 0.15625 0.9375 0.140625 0.921875 0.140625 0.90625 0.136719 0.902344
0 0.0390625 0.359375 0.0351562 0.363281 0.0351562 0.367188 0.0390625 0.371094 0.0390625 0.382812 0.0429688 0.386719 0.0429688 0.394531 0.0507812 0.402344 0.0546875 0.402344 0.0585938 0.398438 0.0625 0.398438 0.0664062 0.394531 0.0664062 0.378906 0.0703125 0.375 0.0703125 0.371094 0.0664062 0.367188 0.0664062 0.363281 0.0625 0.359375
0 0.605469 0.46875 0.601562 0.472656 0.59375 0.472656 0.582031 0.484375 0.582031 0.492188 0.578125 0.496094 0.578125 0.519531 0.582031 0.523438 0.582031 0.527344 0.585938 0.53125 0.589844 0.53125 0.59375 0.535156 0.597656 0.535156 0.605469 0.527344 0.605469 0.5 0.609375 0.496094 0.609375 0.492188 0.621094 0.480469 0.621094 0.472656 0.617188 0.46875
0 0.585938 0.804688 0.574219 0.816406 0.574219 0.820312 0.570312 0.824219 0.570312 0.828125 0.566406 0.832031 0.566406 0.835938 0.5625 0.839844 0.5625 0.84375 0.558594 0.847656 0.558594 0.855469 0.570312 0.867188 0.585938 0.867188 0.589844 0.863281 0.59375 0.863281 0.601562 0.855469 0.605469 0.855469 0.609375 0.851562 0.609375 0.847656 0.613281 0.84375 0.613281 0.816406 0.601562 0.804688
0 0.132812 0.40625 0.125 0.414062 0.113281 0.414062 0.109375 0.417969 0.109375 0.433594 0.113281 0.4375 0.113281 0.441406 0.125 0.453125 0.136719 0.453125 0.148438 0.441406 0.148438 0.410156 0.144531 0.40625
0 0.503906 0.210938 0.5 0.214844 0.5 0.222656 0.503906 0.226562 0.507812 0.226562 0.515625 0.234375 0.515625 0.238281 0.519531 0.242188 0.527344 0.242188 0.535156 0.234375 0.542969 0.234375 0.546875 0.230469 0.546875 0.222656 0.539062 0.214844 0.523438 0.214844 0.519531 0.210938
0 0.679688 0.753906 0.667969 0.765625 0.667969 0.777344 0.675781 0.785156 0.6875 0.785156 0.691406 0.789062 0.695312 0.789062 0.703125 0.78125 0.703125 0.765625 0.699219 0.761719 0.695312 0.761719 0.691406 0.757812 0.6875 0.757812 0.683594 0.753906
0 0.0351562 0 0.03125 0.00390625 0.0273438 0.00390625 0.0234375 0.0078125 0.0234375 0.015625 0.0195312 0.0195312 0.0195312 0.0234375 0.0273438 0.03125 0.0351562 0.03125 0.0429688 0.0234375 0.078125 0.0234375 0.0820312 0.0195312 0.0820312 0.0117188 0.078125 0.0078125 0.078125 0.00390625 0.0742188 0
0 0.59375 0.195312 0.585938 0.203125 0.585938 0.21875 0.589844 0.222656 0.589844 0.226562 0.59375 0.230469 0.613281 0.230469 0.617188 0.226562 0.617188 0.210938 0.601562 0.195312
0 0.625 0.683594 0.621094 0.6875 0.621094 0.691406 0.617188 0.695312 0.617188 0.714844 0.621094 0.71875 0.621094 0.726562 0.625 0.730469 0.632812 0.730469 0.636719 0.726562 0.636719 0.6875 0.632812 0.683594
0 0.980469 0.527344 0.976562 0.53125 0.976562 0.550781 0.988281 0.5625 0.996094 0.5625 0.996094 0.527344
0 0.285156 0.78125 0.28125 0.785156 0.277344 0.785156 0.269531 0.792969 0.269531 0.808594 0.277344 0.816406 0.289062 0.816406 0.292969 0.8125 0.296875 0.8125 0.300781 0.808594 0.300781 0.789062 0.296875 0.785156 0.292969 0.785156 0.289062 0.78125
0 0.808594 0.453125 0.800781 0.460938 0.800781 0.464844 0.78125 0.484375 0.78125 0.492188 0.785156 0.496094 0.789062 0.496094 0.792969 0.5 0.804688 0.5 0.8125 0.492188 0.8125 0.484375 0.824219 0.472656 0.824219 0.457031 0.820312 0.453125
0 0.144531 0.484375 0.140625 0.488281 0.140625 0.5 0.144531 0.503906 0.144531 0.507812 0.148438 0.511719 0.152344 0.511719 0.15625 0.515625 0.160156 0.515625 0.164062 0.519531 0.183594 0.519531 0.191406 0.511719 0.191406 0.5 0.183594 0.492188 0.171875 0.492188 0.167969 0.488281 0.164062 0.488281 0.160156 0.484375
0 0.367188 0.640625 0.363281 0.644531 0.363281 0.652344 0.351562 0.664062 0.351562 0.679688 0.355469 0.683594 0.355469 0.6875 0.359375 0.691406 0.363281 0.691406 0.371094 0.699219 0.378906 0.699219 0.382812 0.703125 0.394531 0.703125 0.398438 0.699219 0.402344 0.699219 0.40625 0.695312 0.40625 0.691406 0.410156 0.6875 0.410156 0.667969 0.40625 0.664062 0.40625 0.660156 0.390625 0.644531 0.386719 0.644531 0.382812 0.640625
0 0.714844 0.179688 0.710938 0.183594 0.703125 0.183594 0.695312 0.191406 0.6875 0.191406 0.679688 0.199219 0.679688 0.207031 0.675781 0.210938 0.675781 0.21875 0.683594 0.226562 0.699219 0.226562 0.703125 0.222656 0.707031 0.222656 0.722656 0.207031 0.722656 0.199219 0.726562 0.195312 0.726562 0.183594 0.722656 0.179688
0 0.660156 0.9375 0.648438 0.949219 0.648438 0.960938 0.652344 0.964844 0.652344 0.972656 0.648438 0.976562 0.648438 0.980469 0.644531 0.984375 0.644531 0.992188 0.648438 0.996094 0.691406 0.996094 0.691406 0.984375 0.6875 0.980469 0.6875 0.972656 0.691406 0.96875 0.691406 0.953125 0.6875 0.949219 0.6875 0.945312 0.683594 0.941406 0.679688 0.941406 0.675781 0.9375
0 0.605469 0.246094 0.601562 0.25 0.601562 0.265625 0.609375 0.273438 0.609375 0.277344 0.617188 0.285156 0.617188 0.289062 0.625 0.296875 0.628906 0.296875 0.632812 0.292969 0.632812 0.285156 0.636719 0.28125 0.636719 0.253906 0.632812 0.25 0.617188 0.25 0.613281 0.246094
0 0.367188 0.882812 0.355469 0.894531 0.355469 0.90625 0.359375 0.910156 0.359375 0.914062 0.363281 0.917969 0.386719 0.917969 0.390625 0.914062 0.390625 0.90625 0.394531 0.902344 0.394531 0.890625 0.386719 0.882812
0 0.882812 0.519531 0.878906 0.523438 0.878906 0.535156 0.863281 0.550781 0.859375 0.550781 0.855469 0.554688 0.855469 0.5625 0.859375 0.566406 0.867188 0.566406 0.871094 0.570312 0.875 0.570312 0.878906 0.566406 0.882812 0.566406 0.902344 0.546875 0.902344 0.53125 0.890625 0.519531
0 0.769531 0.515625 0.765625 0.519531 0.761719 0.519531 0.742188 0.539062 0.742188 0.558594 0.753906 0.570312 0.773438 0.570312 0.777344 0.566406 0.785156 0.566406 0.796875 0.554688 0.796875 0.550781 0.804688 0.542969 0.804688 0.53125 0.796875 0.523438 0.796875 0.519531 0.792969 0.515625
0 0.574219 0.414062 0.570312 0.417969 0.566406 0.417969 0.5625 0.421875 0.5625 0.425781 0.566406 0.429688 0.570312 0.429688 0.578125 0.4375 0.578125 0.441406 0.582031 0.445312 0.582031 0.460938 0.585938 0.464844 0.589844 0.464844 0.59375 0.460938 0.59375 0.425781 0.582031 0.414062
0 0.128906 0 0.117188 0.0117188 0.113281 0.0117188 0.109375 0.015625 0.109375 0.0195312 0.105469 0.0234375 0.105469 0.0351562 0.109375 0.0390625 0.117188 0.0390625 0.121094 0.0429688 0.140625 0.0429688 0.144531 0.0390625 0.144531 0.03125 0.136719 0.0234375 0.136719 0.0195312 0.144531 0.0117188 0.148438 0.0117188 0.152344 0.0078125 0.152344 0
0 0.601562 0.566406 0.597656 0.570312 0.578125 0.570312 0.574219 0.574219 0.574219 0.585938 0.585938 0.597656 0.589844 0.597656 0.59375 0.601562 0.609375 0.601562 0.617188 0.59375 0.617188 0.582031
0 0.230469 0.90625 0.226562 0.910156 0.226562 0.914062 0.222656 0.917969 0.222656 0.929688 0.230469 0.9375 0.253906 0.9375 0.261719 0.929688 0.261719 0.921875 0.257812 0.917969 0.257812 0.914062 0.25 0.90625
0 0.0664062 0.476562 0.0625 0.480469 0.0585938 0.480469 0.0507812 0.488281 0.0507812 0.507812 0.0585938 0.515625 0.0742188 0.515625 0.0859375 0.503906 0.0859375 0.488281 0.078125 0.480469 0.0742188 0.480469 0.0703125 0.476562
0 0.609375 0.546875 0.605469 0.550781 0.605469 0.566406 0.617188 0.578125 0.628906 0.578125 0.636719 0.570312 0.636719 0.5625 0.625 0.550781 0.617188 0.550781 0.613281 0.546875
0 0.625 0.15625 0.621094 0.160156 0.621094 0.164062 0.617188 0.167969 0.617188 0.195312 0.625 0.203125 0.636719 0.203125 0.644531 0.195312 0.644531 0.160156 0.640625 0.15625
0 0.484375 0.730469 0.46875 0.746094 0.46875 0.765625 0.480469 0.777344 0.492188 0.777344 0.5 0.769531 0.5 0.761719 0.503906 0.757812 0.503906 0.738281 0.496094 0.730469
0 0.703125 0.386719 0.699219 0.390625 0.691406 0.390625 0.675781 0.40625 0.679688 0.410156 0.679688 0.429688 0.683594 0.433594 0.695312 0.433594 0.699219 0.4375 0.710938 0.4375 0.722656 0.425781 0.722656 0.410156 0.71875 0.40625 0.71875 0.394531 0.710938 0.386719
0 0.671875 0.367188 0.664062 0.375 0.65625 0.375 0.648438 0.382812 0.644531 0.382812 0.640625 0.386719 0.640625 0.40625 0.652344 0.417969 0.660156 0.417969 0.6875 0.390625 0.6875 0.378906 0.683594 0.375 0.683594 0.371094 0.679688 0.367188
0 0.238281 0.742188 0.234375 0.746094 0.230469 0.746094 0.226562 0.75 0.226562 0.753906 0.222656 0.757812 0.222656 0.773438 0.230469 0.78125 0.246094 0.78125 0.25 0.777344 0.253906 0.777344 0.257812 0.773438 0.257812 0.769531 0.261719 0.765625 0.261719 0.761719 0.265625 0.757812 0.265625 0.75 0.261719 0.746094 0.253906 0.746094 0.25 0.742188
0 0.460938 0.492188 0.449219 0.503906 0.449219 0.515625 0.445312 0.519531 0.445312 0.53125 0.453125 0.539062 0.464844 0.539062 0.46875 0.535156 0.46875 0.496094 0.464844 0.492188
0 0.519531 0.175781 0.511719 0.183594 0.511719 0.207031 0.519531 0.207031 0.523438 0.210938 0.539062 0.210938 0.542969 0.214844 0.546875 0.214844 0.5625 0.199219 0.5625 0.1875 0.554688 0.179688 0.546875 0.179688 0.542969 0.175781
