0 0.253906 0.605469 0.246094 0.613281 0.246094 0.621094 0.25 0.625 0.25 0.628906 0.257812 0.636719 0.261719 0.636719 0.269531 0.644531 0.273438 0.644531 0.28125 0.652344 0.304688 0.652344 0.308594 0.648438 0.308594 0.628906 0.296875 0.617188 0.292969 0.617188 0.289062 0.613281 0.285156 0.613281 0.277344 0.605469
0 0.0390625 0.0820312 0.0351562 0.0859375 0.03125 0.0859375 0.0273438 0.0898438 0.0273438 0.105469 0.0351562 0.113281 0.0390625 0.113281 0.0429688 0.117188 0.046875 0.117188 0.0507812 0.121094 0.0625 0.121094 0.0664062 0.125 0.0703125 0.121094 0.078125 0.121094 0.0820312 0.117188 0.0820312 0.105469 0.078125 0.101562 0.078125 0.0976562 0.0703125 0.0898438 0.0664062 0.0898438 0.0625 0.0859375 0.0585938 0.0859375 0.0546875 0.0820312
0 0.273438 0.742188 0.269531 0.746094 0.265625 0.746094 0.265625 0.765625 0.273438 0.773438 0.277344 0.773438 0.28125 0.777344 0.285156 0.777344 0.289062 0.78125 0.296875 0.78125 0.300781 0.777344 0.308594 0.777344 0.308594 0.773438 0.3125 0.769531 0.3125 0.757812 0.308594 0.753906 0.308594 0.75 0.304688 0.746094 0.300781 0.746094 0.296875 0.742188
0 0.898438 0.734375 0.890625 0.742188 0.890625 0.757812 0.894531 0.761719 0.894531 0.765625 0.898438 0.769531 0.898438 0.773438 0.902344 0.773438 0.90625 0.777344 0.917969 0.777344 0.921875 0.78125 0.933594 0.78125 0.945312 0.769531 0.945312 0.753906 0.929688 0.738281 0.925781 0.738281 0.921875 0.734375
0 0 0.53125 0 0.5625 0.00390625 0.566406 0.0078125 0.566406 0.0117188 0.570312 0.03125 0.570312 0.03125 0.550781 0.015625 0.535156 0.0117188 0.535156 0.0078125 0.53125
0 0.894531 0.351562 0.886719 0.359375 0.886719 0.375 0.890625 0.378906 0.894531 0.378906 0.898438 0.382812 0.902344 0.382812 0.90625 0.386719 0.925781 0.386719 0.933594 0.378906 0.933594 0.363281 0.925781 0.355469 0.921875 0.355469 0.917969 0.351562
0 0.792969 0.734375 0.789062 0.738281 0.789062 0.753906 0.792969 0.757812 0.792969 0.765625 0.796875 0.765625 0.800781 0.769531 0.820312 0.769531 0.828125 0.761719 0.828125 0.753906 0.808594 0.734375
0 0.59375 0.191406 0.582031 0.203125 0.582031 0.21875 0.585938 0.222656 0.585938 0.226562 0.589844 0.226562 0.597656 0.234375 0.601562 0.234375 0.605469 0.238281 0.617188 0.238281 0.621094 0.234375 0.625 0.234375 0.628906 0.230469 0.628906 0.226562 0.632812 0.222656 0.632812 0.214844 0.625 0.207031 0.625 0.203125 0.617188 0.195312 0.613281 0.195312 0.609375 0.191406
0 0.785156 0.175781 0.777344 0.183594 0.777344 0.199219 0.78125 0.203125 0.78125 0.207031 0.785156 0.210938 0.785156 0.214844 0.796875 0.226562 0.816406 0.226562 0.820312 0.222656 0.820312 0.214844 0.816406 0.210938 0.816406 0.199219 0.8125 0.195312 0.8125 0.191406 0.808594 0.1875 0.808594 0.183594 0.800781 0.175781
0 0.273438 0.292969 0.273438 0.296875 0.269531 0.300781 0.269531 0.308594 0.277344 0.316406 0.28125 0.316406 0.285156 0.320312 0.292969 0.320312 0.296875 0.324219 0.324219 0.324219 0.328125 0.320312 0.328125 0.3125 0.320312 0.304688 0.316406 0.304688 0.308594 0.296875 0.304688 0.296875 0.300781 0.292969
0 0.933594 0.503906 0.925781 0.511719 0.925781 0.523438 0.941406 0.539062 0.945312 0.539062 0.949219 0.542969 0.953125 0.542969 0.957031 0.546875 0.960938 0.546875 0.964844 0.542969 0.972656 0.542969 0.976562 0.539062 0.976562 0.523438 0.964844 0.511719 0.960938 0.511719 0.957031 0.507812 0.953125 0.507812 0.949219 0.503906
0 0.296875 0.800781 0.292969 0.804688 0.289062 0.804688 0.285156 0.808594 0.285156 0.828125 0.289062 0.832031 0.289062 0.835938 0.300781 0.847656 0.304688 0.847656 0.308594 0.851562 0.320312 0.851562 0.324219 0.855469 0.339844 0.855469 0.34375 0.851562 0.34375 0.847656 0.347656 0.84375 0.347656 0.824219 0.339844 0.816406 0.339844 0.8125 0.335938 0.808594 0.332031 0.808594 0.328125 0.804688 0.324219 0.804688 0.320312 0.800781
0 0.574219 0.246094 0.570312 0.25 0.566406 0.25 0.5625 0.253906 0.5625 0.257812 0.558594 0.261719 0.558594 0.277344 0.5625 0.277344 0.566406 0.28125 0.570312 0.28125 0.574219 0.285156 0.578125 0.285156 0.582031 0.289062 0.597656 0.289062 0.601562 0.292969 0.605469 0.289062 0.613281 0.289062 0.621094 0.28125 0.621094 0.265625 0.617188 0.261719 0.613281 0.261719 0.605469 0.253906 0.597656 0.253906 0.59375 0.25 0.582031 0.25 0.578125 0.246094
0 0.527344 0.75 0.519531 0.757812 0.519531 0.773438 0.53125 0.785156 0.535156 0.785156 0.539062 0.789062 0.566406 0.789062 0.570312 0.785156 0.570312 0.769531 0.554688 0.753906 0.550781 0.753906 0.546875 0.75
0 0.355469 0.1875 0.347656 0.195312 0.347656 0.207031 0.351562 0.210938 0.351562 0.214844 0.355469 0.214844 0.363281 0.222656 0.367188 0.222656 0.371094 0.226562 0.402344 0.226562 0.40625 0.222656 0.40625 0.210938 0.402344 0.207031 0.402344 0.203125 0.398438 0.199219 0.398438 0.195312 0.394531 0.191406 0.390625 0.191406 0.386719 0.1875
0 0.894531 0.0859375 0.886719 0.09375 0.886719 0.113281 0.894531 0.121094 0.894531 0.125 0.898438 0.128906 0.902344 0.128906 0.90625 0.132812 0.917969 0.132812 0.921875 0.128906 0.921875 0.105469 0.914062 0.0976562 0.914062 0.09375 0.90625 0.0859375
0 0.664062 0.957031 0.660156 0.960938 0.660156 0.964844 0.65625 0.96875 0.65625 0.972656 0.660156 0.976562 0.660156 0.980469 0.667969 0.988281 0.671875 0.988281 0.675781 0.992188 0.679688 0.992188 0.683594 0.996094 0.699219 0.996094 0.707031 0.988281 0.707031 0.972656 0.699219 0.964844 0.695312 0.964844 0.691406 0.960938 0.6875 0.960938 0.683594 0.957031
0 0.445312 0 0.445312 0.00390625 0.449219 0.0078125 0.453125 0.0078125 0.464844 0.0195312 0.46875 0.0195312 0.472656 0.0234375 0.480469 0.0234375 0.484375 0.0195312 0.484375 0.0078125 0.476562 0
0 0.730469 0.636719 0.722656 0.644531 0.722656 0.660156 0.726562 0.664062 0.726562 0.667969 0.730469 0.667969 0.738281 0.675781 0.742188 0.675781 0.75 0.683594 0.761719 0.683594 0.773438 0.671875 0.773438 0.664062 0.765625 0.65625 0.765625 0.652344 0.753906 0.640625 0.75 0.640625 0.746094 0.636719
0 0.769531 0 0.769531 0.0195312 0.773438 0.0234375 0.773438 0.0273438 0.777344 0.0273438 0.78125 0.03125 0.808594 0.03125 0.808594 0.0117188 0.800781 0.00390625 0.796875 0.00390625 0.792969 0
0 0.308594 0.265625 0.304688 0.269531 0.300781 0.269531 0.300781 0.273438 0.296875 0.277344 0.296875 0.285156 0.304688 0.292969 0.308594 0.292969 0.316406 0.300781 0.320312 0.300781 0.328125 0.308594 0.339844 0.308594 0.34375 0.3125 0.355469 0.3125 0.359375 0.308594 0.363281 0.308594 0.371094 0.300781 0.371094 0.289062 0.367188 0.285156 0.367188 0.28125 0.359375 0.273438 0.355469 0.273438 0.351562 0.269531 0.347656 0.269531 0.34375 0.265625
0 0 0.175781 0 0.21875 0.00390625 0.214844 0.0078125 0.214844 0.015625 0.207031 0.015625 0.1875 0.00390625 0.175781
0 0.414062 0.0507812 0.410156 0.0546875 0.410156 0.0585938 0.40625 0.0625 0.40625 0.0664062 0.410156 0.0703125 0.410156 0.0742188 0.417969 0.0820312 0.417969 0.0859375 0.421875 0.0898438 0.425781 0.0898438 0.429688 0.09375 0.449219 0.09375 0.449219 0.0898438 0.453125 0.0859375 0.453125 0.0742188 0.445312 0.0664062 0.445312 0.0625 0.4375 0.0546875 0.433594 0.0546875 0.429688 0.0507812
0 0.363281 0.464844 0.351562 0.476562 0.351562 0.496094 0.363281 0.507812 0.367188 0.507812 0.371094 0.511719 0.402344 0.511719 0.414062 0.5 0.414062 0.480469 0.40625 0.472656 0.402344 0.472656 0.398438 0.46875 0.390625 0.46875 0.386719 0.464844
0 0.5 0 0.5 0.00390625 0.496094 0.0078125 0.496094 0.0234375 0.511719 0.0390625 0.53125 0.0390625 0.535156 0.0351562 0.535156 0.015625 0.519531 0
0 0.15625 0.324219 0.152344 0.328125 0.148438 0.328125 0.144531 0.332031 0.144531 0.347656 0.148438 0.351562 0.148438 0.355469 0.152344 0.359375 0.15625 0.359375 0.160156 0.363281 0.160156 0.367188 0.167969 0.367188 0.171875 0.371094 0.1875 0.371094 0.191406 0.367188 0.195312 0.367188 0.199219 0.363281 0.199219 0.347656 0.183594 0.332031 0.179688 0.332031 0.175781 0.328125 0.171875 0.328125 0.167969 0.324219
0 0.136719 0 0.144531 0.0078125 0.148438 0.0078125 0.152344 0.0117188 0.164062 0.0117188 0.167969 0.015625 0.183594 0.015625 0.1875 0.0117188 0.191406 0.0117188 0.191406 0.0078125 0.195312 0.00390625 0.195312 0
0 0.351562 0.957031 0.347656 0.960938 0.34375 0.960938 0.34375 0.976562 0.347656 0.980469 0.347656 0.988281 0.355469 0.996094 0.394531 0.996094 0.394531 0.988281 0.371094 0.964844 0.367188 0.964844 0.359375 0.957031
0 0.648438 0 0.640625 0.0078125 0.640625 0.0234375 0.644531 0.0273438 0.644531 0.03125 0.65625 0.0429688 0.660156 0.0429688 0.664062 0.046875 0.683594 0.046875 0.691406 0.0390625 0.691406 0.0195312 0.671875 0
0 0.492188 0.683594 0.488281 0.6875 0.484375 0.6875 0.476562 0.695312 0.476562 0.699219 0.472656 0.703125 0.472656 0.722656 0.484375 0.734375 0.488281 0.734375 0.492188 0.738281 0.496094 0.738281 0.5 0.742188 0.523438 0.742188 0.53125 0.734375 0.53125 0.710938 0.527344 0.707031 0.527344 0.703125 0.523438 0.699219 0.523438 0.695312 0.515625 0.6875 0.511719 0.6875 0.507812 0.683594
0 0.722656 0.324219 0.71875 0.328125 0.714844 0.328125 0.710938 0.332031 0.710938 0.347656 0.722656 0.359375 0.726562 0.359375 0.734375 0.367188 0.738281 0.367188 0.742188 0.371094 0.746094 0.367188 0.757812 0.367188 0.761719 0.363281 0.761719 0.34375 0.746094 0.328125 0.742188 0.328125 0.738281 0.324219
0 0.277344 0.4375 0.273438 0.441406 0.269531 0.441406 0.265625 0.445312 0.265625 0.460938 0.269531 0.464844 0.269531 0.46875 0.28125 0.480469 0.289062 0.480469 0.292969 0.484375 0.3125 0.484375 0.316406 0.480469 0.320312 0.480469 0.324219 0.476562 0.324219 0.472656 0.328125 0.46875 0.328125 0.457031 0.324219 0.453125 0.324219 0.445312 0.320312 0.441406 0.3125 0.441406 0.308594 0.4375
0 0 0.234375 0 0.269531 0.0117188 0.269531 0.015625 0.265625 0.015625 0.25 0.0117188 0.246094 0.0117188 0.238281 0.0078125 0.238281 0.00390625 0.234375
0 0.855469 0.273438 0.847656 0.28125 0.847656 0.296875 0.863281 0.3125 0.867188 0.3125 0.871094 0.316406 0.890625 0.316406 0.894531 0.3125 0.894531 0.296875 0.890625 0.292969 0.890625 0.289062 0.886719 0.285156 0.886719 0.28125 0.882812 0.28125 0.875 0.273438
0 0.34375 0.0546875 0.339844 0.0585938 0.335938 0.0585938 0.335938 0.078125 0.347656 0.0898438 0.351562 0.0898438 0.355469 0.09375 0.375 0.09375 0.382812 0.0859375 0.382812 0.0703125 0.371094 0.0585938 0.367188 0.0585938 0.363281 0.0546875
0 0.636719 0.695312 0.628906 0.703125 0.628906 0.722656 0.640625 0.734375 0.648438 0.734375 0.652344 0.738281 0.667969 0.738281 0.671875 0.734375 0.675781 0.734375 0.675781 0.714844 0.660156 0.699219 0.652344 0.699219 0.648438 0.695312
0 0.78125 0.921875 0.777344 0.925781 0.777344 0.941406 0.789062 0.953125 0.796875 0.953125 0.800781 0.957031 0.8125 0.957031 0.816406 0.953125 0.820312 0.953125 0.824219 0.949219 0.824219 0.9375 0.816406 0.929688 0.8125 0.929688 0.808594 0.925781 0.804688 0.925781 0.800781 0.921875
0 0.777344 0.0351562 0.777344 0.0429688 0.773438 0.046875 0.777344 0.0507812 0.777344 0.0585938 0.792969 0.0742188 0.816406 0.0742188 0.824219 0.0664062 0.824219 0.0507812 0.808594 0.0351562
0 0.113281 0.0429688 0.109375 0.046875 0.109375 0.0585938 0.125 0.0742188 0.128906 0.0742188 0.132812 0.078125 0.136719 0.078125 0.140625 0.0820312 0.167969 0.0820312 0.175781 0.0742188 0.175781 0.0625 0.164062 0.0507812 0.160156 0.0507812 0.15625 0.046875 0.152344 0.046875 0.148438 0.0429688
0 0.984375 0.355469 0.976562 0.363281 0.976562 0.375 0.980469 0.378906 0.980469 0.382812 0.984375 0.386719 0.984375 0.390625 0.988281 0.394531 0.996094 0.394531 0.996094 0.359375 0.992188 0.355469
0 0.816406 0.78125 0.8125 0.785156 0.8125 0.800781 0.816406 0.800781 0.828125 0.8125 0.828125 0.816406 0.832031 0.820312 0.867188 0.820312 0.875 0.8125 0.875 0.804688 0.871094 0.800781 0.871094 0.796875 0.859375 0.785156 0.855469 0.785156 0.851562 0.78125
0 0.539062 0.613281 0.53125 0.621094 0.53125 0.640625 0.554688 0.664062 0.558594 0.664062 0.5625 0.667969 0.570312 0.667969 0.574219 0.671875 0.585938 0.671875 0.589844 0.675781 0.621094 0.675781 0.625 0.671875 0.628906 0.671875 0.632812 0.667969 0.632812 0.652344 0.628906 0.648438 0.628906 0.644531 0.617188 0.632812 0.613281 0.632812 0.609375 0.628906 0.601562 0.628906 0.597656 0.625 0.589844 0.625 0.585938 0.621094 0.582031 0.621094 0.578125 0.617188 0.566406 0.617188 0.5625 0.613281
0 0.144531 0.972656 0.140625 0.976562 0.136719 0.976562 0.121094 0.992188 0.121094 0.996094 0.191406 0.996094 0.183594 0.988281 0.183594 0.984375 0.179688 0.984375 0.175781 0.980469 0.171875 0.980469 0.167969 0.976562 0.160156 0.976562 0.15625 0.972656
0 0.480469 0.765625 0.476562 0.769531 0.472656 0.769531 0.46875 0.773438 0.46875 0.796875 0.472656 0.800781 0.476562 0.800781 0.484375 0.808594 0.488281 0.808594 0.492188 0.8125 0.523438 0.8125 0.527344 0.808594 0.527344 0.792969 0.519531 0.785156 0.519531 0.78125 0.507812 0.769531 0.5 0.769531 0.496094 0.765625
0 0.273438 0.570312 0.269531 0.574219 0.265625 0.574219 0.265625 0.589844 0.285156 0.609375 0.289062 0.609375 0.292969 0.613281 0.316406 0.613281 0.320312 0.609375 0.320312 0.589844 0.3125 0.582031 0.308594 0.582031 0.300781 0.574219 0.292969 0.574219 0.289062 0.570312
0 0.992188 0.730469 0.988281 0.734375 0.984375 0.734375 0.980469 0.738281 0.980469 0.753906 0.988281 0.761719 0.996094 0.761719 0.996094 0.730469
