0 0.653125 0.292969 0.653125 0.304688 0.640625 0.320312 0.625 0.320312 0.625 0.324219 0.621875 0.328125 0.621875 0.34375 0.61875 0.347656 0.61875 0.363281 0.621875 0.367188 0.621875 0.375 0.63125 0.386719 0.63125 0.421875 0.621875 0.433594 0.621875 0.464844 0.625 0.46875 0.646875 0.46875 0.65625 0.457031 0.65625 0.453125 0.6625 0.445312 0.6625 0.441406 0.66875 0.433594 0.66875 0.410156 0.671875 0.40625 0.671875 0.371094 0.665625 0.371094 0.6625 0.375 0.653125 0.375 0.640625 0.359375 0.640625 0.34375 0.64375 0.339844 0.64375 0.335938 0.659375 0.316406 0.665625 0.316406 0.66875 0.3125 0.665625 0.308594 0.665625 0.300781 0.659375 0.292969
0 0.084375 0 0.075 0.0117188 0.075 0.015625 0.071875 0.0195312 0.071875 0.0429688 0.075 0.046875 0.084375 0.046875 0.090625 0.0390625 0.090625 0.03125 0.09375 0.0273438 0.09375 0.0234375 0.103125 0.0117188 0.1125 0.0117188 0.115625 0.0078125 0.115625 0
0 0.425 0.445312 0.421875 0.449219 0.421875 0.460938 0.425 0.464844 0.425 0.46875 0.446875 0.496094 0.446875 0.503906 0.453125 0.511719 0.453125 0.515625 0.45625 0.519531 0.465625 0.519531 0.46875 0.515625 0.475 0.515625 0.478125 0.511719 0.478125 0.5 0.465625 0.484375 0.465625 0.480469 0.4625 0.476562 0.4625 0.46875 0.459375 0.464844 0.45625 0.464844 0.45 0.457031 0.45 0.453125 0.44375 0.445312
0 0.603125 0.203125 0.590625 0.21875 0.5875 0.21875 0.584375 0.222656 0.584375 0.230469 0.58125 0.234375 0.58125 0.238281 0.578125 0.242188 0.578125 0.25 0.575 0.253906 0.575 0.257812 0.571875 0.261719 0.571875 0.316406 0.578125 0.324219 0.59375 0.324219 0.596875 0.320312 0.6 0.320312 0.60625 0.3125 0.60625 0.308594 0.609375 0.304688 0.609375 0.300781 0.621875 0.285156 0.621875 0.261719 0.625 0.257812 0.625 0.25 0.621875 0.246094 0.621875 0.238281 0.625 0.234375 0.625 0.21875 0.621875 0.214844 0.621875 0.207031 0.61875 0.203125
0 0.940625 0.558594 0.9375 0.5625 0.925 0.5625 0.921875 0.566406 0.91875 0.566406 0.9125 0.574219 0.909375 0.574219 0.90625 0.578125 0.896875 0.578125 0.89375 0.582031 0.890625 0.582031 0.884375 0.589844 0.884375 0.59375 0.8875 0.597656 0.903125 0.597656 0.90625 0.59375 0.915625 0.59375 0.91875 0.589844 0.925 0.589844 0.93125 0.582031 0.934375 0.582031 0.9375 0.578125 0.940625 0.578125 0.946875 0.570312 0.95 0.570312 0.953125 0.566406 0.959375 0.566406 0.959375 0.558594
0 0.1625 0.957031 0.153125 0.96875 0.15 0.96875 0.146875 0.972656 0.14375 0.972656 0.140625 0.976562 0.1375 0.976562 0.121875 0.996094 0.171875 0.996094 0.178125 0.988281 0.178125 0.984375 0.18125 0.980469 0.18125 0.972656 0.171875 0.960938 0.16875 0.960938 0.165625 0.957031
0 0.128125 0.59375 0.11875 0.605469 0.11875 0.621094 0.121875 0.625 0.1375 0.625 0.140625 0.621094 0.140625 0.617188 0.146875 0.609375 0.146875 0.601562 0.140625 0.59375
0 0.971875 0.476562 0.96875 0.480469 0.965625 0.480469 0.9625 0.484375 0.959375 0.484375 0.95625 0.488281 0.953125 0.488281 0.940625 0.503906 0.940625 0.511719 0.94375 0.515625 0.946875 0.515625 0.953125 0.507812 0.959375 0.507812 0.965625 0.5 0.96875 0.5 0.975 0.492188 0.996875 0.492188 0.996875 0.480469 0.990625 0.480469 0.9875 0.476562
0 0.0875 0.695312 0.084375 0.699219 0.08125 0.699219 0.078125 0.703125 0.078125 0.714844 0.08125 0.71875 0.084375 0.71875 0.09375 0.707031 0.09375 0.699219 0.090625 0.695312
0 0.621875 0.289062 0.6125 0.300781 0.6125 0.304688 0.609375 0.308594 0.609375 0.3125 0.6 0.324219 0.596875 0.324219 0.59375 0.328125 0.58125 0.328125 0.58125 0.378906 0.584375 0.382812 0.590625 0.382812 0.59375 0.378906 0.603125 0.378906 0.609375 0.371094 0.609375 0.367188 0.615625 0.359375 0.615625 0.347656 0.61875 0.34375 0.61875 0.328125 0.621875 0.324219 0.621875 0.320312 0.625 0.316406 0.625 0.292969
0 0.496875 0.628906 0.49375 0.632812 0.484375 0.632812 0.48125 0.636719 0.478125 0.636719 0.475 0.640625 0.46875 0.640625 0.4625 0.648438 0.4625 0.671875 0.46875 0.679688 0.484375 0.679688 0.490625 0.671875 0.49375 0.671875 0.5 0.664062 0.50625 0.664062 0.509375 0.660156 0.5125 0.660156 0.51875 0.652344 0.51875 0.636719 0.5125 0.628906
0 0 0.277344 0 0.300781 0.0125 0.300781 0.015625 0.296875 0.015625 0.289062 0.009375 0.28125 0.00625 0.28125 0.003125 0.277344
0 0.334375 0 0.334375 0.00390625 0.33125 0.0078125 0.33125 0.0585938 0.334375 0.0625 0.334375 0.0703125 0.340625 0.078125 0.340625 0.0859375 0.34375 0.0898438 0.34375 0.09375 0.346875 0.0976562 0.359375 0.0976562 0.3625 0.09375 0.3625 0.0898438 0.365625 0.0859375 0.365625 0.0664062 0.36875 0.0625 0.36875 0
0 0 0 0 0.03125 0.003125 0.0273438 0.00625 0.0273438 0.015625 0.015625 0.01875 0.015625 0.025 0.0078125 0.025 0
0 0.94375 0.671875 0.940625 0.675781 0.934375 0.675781 0.93125 0.679688 0.921875 0.679688 0.9125 0.691406 0.9125 0.699219 0.915625 0.703125 0.9625 0.703125 0.96875 0.695312 0.96875 0.679688 0.9625 0.671875
0 0.771875 0.3125 0.765625 0.320312 0.759375 0.320312 0.75 0.332031 0.75 0.339844 0.7375 0.355469 0.7375 0.359375 0.734375 0.363281 0.734375 0.367188 0.728125 0.375 0.728125 0.382812 0.721875 0.390625 0.721875 0.402344 0.71875 0.40625 0.71875 0.410156 0.715625 0.414062 0.715625 0.421875 0.7125 0.425781 0.7125 0.433594 0.703125 0.445312 0.703125 0.464844 0.70625 0.46875 0.728125 0.46875 0.73125 0.464844 0.734375 0.464844 0.75 0.445312 0.753125 0.445312 0.76875 0.425781 0.76875 0.421875 0.775 0.414062 0.775 0.410156 0.778125 0.40625 0.778125 0.402344 0.7875 0.390625 0.7875 0.386719 0.790625 0.382812 0.790625 0.367188 0.79375 0.363281 0.79375 0.324219 0.784375 0.3125
0 0.746875 0.652344 0.74375 0.65625 0.74375 0.660156 0.746875 0.664062 0.784375 0.664062 0.7875 0.660156 0.7875 0.65625 0.784375 0.652344
0 0.2 0.0351562 0.196875 0.0390625 0.184375 0.0390625 0.18125 0.0429688 0.18125 0.046875 0.171875 0.0585938 0.171875 0.09375 0.175 0.0976562 0.175 0.109375 0.18125 0.117188 0.1875 0.117188 0.19375 0.125 0.21875 0.125 0.23125 0.109375 0.234375 0.109375 0.2375 0.105469 0.2375 0.0625 0.234375 0.0585938 0.234375 0.0507812 0.221875 0.0351562
0 0.984375 0.386719 0.98125 0.390625 0.975 0.390625 0.965625 0.402344 0.965625 0.40625 0.953125 0.421875 0.953125 0.429688 0.95625 0.433594 0.978125 0.433594 0.98125 0.429688 0.984375 0.429688 0.990625 0.421875 0.990625 0.410156 0.996875 0.402344 0.996875 0.386719
0 0.940625 0.632812 0.9375 0.636719 0.928125 0.636719 0.925 0.640625 0.91875 0.640625 0.915625 0.644531 0.915625 0.648438 0.921875 0.65625 0.971875 0.65625 0.975 0.652344 0.98125 0.652344 0.984375 0.648438 0.984375 0.640625 0.978125 0.632812
0 0.35625 0.949219 0.35 0.957031 0.35 0.960938 0.334375 0.980469 0.33125 0.980469 0.328125 0.984375 0.328125 0.988281 0.321875 0.996094 0.353125 0.996094 0.353125 0.992188 0.3625 0.980469 0.3625 0.953125 0.359375 0.949219
0 0.2125 0.53125 0.209375 0.535156 0.20625 0.535156 0.203125 0.539062 0.196875 0.539062 0.1875 0.550781 0.1875 0.554688 0.190625 0.558594 0.190625 0.566406 0.19375 0.570312 0.19375 0.574219 0.196875 0.578125 0.2 0.578125 0.20625 0.585938 0.215625 0.585938 0.21875 0.589844 0.240625 0.589844 0.25 0.578125 0.25 0.554688 0.24375 0.546875 0.240625 0.546875 0.234375 0.539062 0.228125 0.539062 0.225 0.535156 0.221875 0.535156 0.21875 0.53125
0 0.546875 0.203125 0.534375 0.21875 0.534375 0.222656 0.521875 0.238281 0.521875 0.253906 0.51875 0.257812 0.51875 0.265625 0.515625 0.269531 0.515625 0.285156 0.51875 0.289062 0.51875 0.308594 0.521875 0.308594 0.525 0.3125 0.53125 0.3125 0.53125 0.304688 0.534375 0.300781 0.534375 0.292969 0.5375 0.289062 0.5375 0.28125 0.54375 0.273438 0.54375 0.269531 0.55 0.261719 0.565625 0.261719 0.565625 0.242188 0.56875 0.238281 0.56875 0.207031 0.565625 0.203125
0 0.578125 0.917969 0.575 0.921875 0.571875 0.921875 0.56875 0.925781 0.559375 0.925781 0.55625 0.929688 0.553125 0.929688 0.55 0.933594 0.540625 0.933594 0.5375 0.9375 0.534375 0.9375 0.528125 0.945312 0.528125 0.953125 0.53125 0.957031 0.5875 0.957031 0.59375 0.964844 0.6125 0.964844 0.615625 0.96875 0.634375 0.96875 0.640625 0.960938 0.640625 0.945312 0.634375 0.9375 0.634375 0.933594 0.628125 0.925781 0.625 0.925781 0.621875 0.921875 0.60625 0.921875 0.603125 0.917969
0 0.515625 0.746094 0.5125 0.75 0.509375 0.75 0.5 0.761719 0.5 0.769531 0.496875 0.773438 0.496875 0.777344 0.49375 0.78125 0.49375 0.785156 0.490625 0.789062 0.490625 0.824219 0.49375 0.828125 0.5125 0.828125 0.51875 0.820312 0.525 0.820312 0.534375 0.808594 0.534375 0.773438 0.5375 0.769531 0.5375 0.75 0.534375 0.746094
0 0.275 0 0.275 0.00390625 0.265625 0.015625 0.265625 0.0273438 0.259375 0.0351562 0.259375 0.0390625 0.25625 0.0429688 0.25625 0.0507812 0.253125 0.0546875 0.253125 0.0664062 0.25 0.0703125 0.25 0.0742188 0.246875 0.078125 0.246875 0.105469 0.253125 0.113281 0.253125 0.117188 0.2625 0.128906 0.278125 0.128906 0.28125 0.125 0.2875 0.125 0.290625 0.121094 0.290625 0.117188 0.303125 0.101562 0.303125 0.0976562 0.30625 0.09375 0.30625 0.0898438 0.309375 0.0859375 0.309375 0.015625 0.296875 0
0 0.76875 0.214844 0.759375 0.226562 0.75625 0.226562 0.75 0.234375 0.75 0.238281 0.73125 0.261719 0.73125 0.265625 0.721875 0.277344 0.721875 0.28125 0.7125 0.292969 0.7125 0.324219 0.71875 0.332031 0.725 0.332031 0.728125 0.335938 0.73125 0.335938 0.734375 0.332031 0.746875 0.332031 0.771875 0.300781 0.771875 0.296875 0.778125 0.289062 0.778125 0.28125 0.78125 0.277344 0.78125 0.273438 0.784375 0.269531 0.784375 0.261719 0.7875 0.257812 0.7875 0.25 0.790625 0.246094 0.790625 0.226562 0.7875 0.222656 0.7875 0.21875 0.784375 0.214844
0 0.43125 0.046875 0.428125 0.0507812 0.428125 0.101562 0.425 0.105469 0.425 0.109375 0.421875 0.113281 0.421875 0.132812 0.41875 0.136719 0.41875 0.144531 0.415625 0.148438 0.415625 0.167969 0.421875 0.175781 0.440625 0.175781 0.44375 0.171875 0.44375 0.167969 0.446875 0.164062 0.446875 0.160156 0.45 0.15625 0.45 0.136719 0.45625 0.128906 0.45625 0.121094 0.459375 0.117188 0.459375 0.0703125 0.45625 0.0664062 0.45625 0.0625 0.45 0.0546875 0.45 0.0507812 0.446875 0.046875
0 0.55 0.265625 0.546875 0.269531 0.546875 0.273438 0.540625 0.28125 0.540625 0.289062 0.5375 0.292969 0.5375 0.300781 0.534375 0.304688 0.534375 0.3125 0.53125 0.316406 0.53125 0.320312 0.528125 0.324219 0.528125 0.339844 0.525 0.34375 0.525 0.351562 0.521875 0.355469 0.521875 0.386719 0.525 0.390625 0.55 0.390625 0.55625 0.382812 0.55625 0.375 0.559375 0.371094 0.559375 0.355469 0.5625 0.351562 0.5625 0.339844 0.565625 0.335938 0.565625 0.324219 0.56875 0.320312 0.56875 0.265625
0 0.40625 0.503906 0.4 0.511719 0.4 0.519531 0.403125 0.523438 0.4125 0.523438 0.41875 0.53125 0.41875 0.535156 0.425 0.542969 0.43125 0.542969 0.434375 0.539062 0.434375 0.535156 0.43125 0.53125 0.43125 0.527344 0.415625 0.507812 0.4125 0.507812 0.409375 0.503906
0 0.99375 0.550781 0.984375 0.5625 0.98125 0.5625 0.975 0.570312 0.953125 0.570312 0.95 0.574219 0.946875 0.574219 0.94375 0.578125 0.94375 0.589844 0.946875 0.59375 0.984375 0.59375 0.9875 0.589844 0.990625 0.589844 0.99375 0.585938 0.996875 0.585938 0.996875 0.550781
0 0.521875 0.179688 0.515625 0.1875 0.515625 0.191406 0.509375 0.199219 0.509375 0.203125 0.50625 0.207031 0.50625 0.210938 0.5 0.21875 0.5 0.3125 0.503125 0.316406 0.5125 0.316406 0.515625 0.3125 0.515625 0.289062 0.5125 0.285156 0.5125 0.269531 0.515625 0.265625 0.515625 0.257812 0.51875 0.253906 0.51875 0.238281 0.53125 0.222656 0.53125 0.21875 0.54375 0.203125 0.54375 0.195312 0.540625 0.191406 0.540625 0.1875 0.534375 0.179688
0 0.171875 0.597656 0.16875 0.601562 0.15625 0.601562 0.14375 0.617188 0.14375 0.625 0.146875 0.628906 0.15 0.628906 0.153125 0.632812 0.18125 0.632812 0.184375 0.636719 0.2125 0.636719 0.21875 0.628906 0.21875 0.613281 0.2125 0.605469 0.209375 0.605469 0.20625 0.601562 0.19375 0.601562 0.190625 0.597656
0 0.653125 0.191406 0.640625 0.207031 0.640625 0.21875 0.6375 0.222656 0.6375 0.230469 0.634375 0.234375 0.634375 0.246094 0.63125 0.25 0.63125 0.261719 0.625 0.269531 0.625 0.289062 0.628125 0.292969 0.628125 0.316406 0.640625 0.316406 0.65 0.304688 0.65 0.292969 0.65625 0.285156 0.65625 0.28125 0.6625 0.273438 0.6625 0.269531 0.665625 0.265625 0.665625 0.257812 0.66875 0.253906 0.66875 0.246094 0.675 0.238281 0.675 0.199219 0.671875 0.195312 0.66875 0.195312 0.665625 0.191406
0 0.096875 0.382812 0.09375 0.386719 0.09375 0.390625 0.096875 0.394531 0.096875 0.402344 0.1 0.40625 0.1 0.410156 0.109375 0.421875 0.13125 0.421875 0.1375 0.414062 0.1375 0.402344 0.13125 0.394531 0.128125 0.394531 0.125 0.390625 0.1125 0.390625 0.10625 0.382812
0 0.159375 0.363281 0.15625 0.367188 0.15625 0.382812 0.159375 0.386719 0.159375 0.390625 0.1625 0.394531 0.1625 0.398438 0.16875 0.40625 0.175 0.40625 0.178125 0.410156 0.19375 0.410156 0.196875 0.40625 0.196875 0.402344 0.18125 0.382812 0.18125 0.378906 0.178125 0.375 0.175 0.375 0.16875 0.367188 0.165625 0.367188 0.1625 0.363281
0 0.1 0.710938 0.09375 0.71875 0.09375 0.753906 0.096875 0.757812 0.109375 0.757812 0.1125 0.753906 0.115625 0.753906 0.11875 0.75 0.121875 0.75 0.128125 0.742188 0.13125 0.742188 0.134375 0.738281 0.1375 0.738281 0.14375 0.730469 0.14375 0.722656 0.140625 0.71875 0.134375 0.71875 0.13125 0.714844 0.125 0.714844 0.121875 0.710938
0 0.371875 0.320312 0.3625 0.332031 0.35625 0.332031 0.353125 0.328125 0.34375 0.328125 0.340625 0.332031 0.340625 0.355469 0.34375 0.359375 0.346875 0.359375 0.35 0.363281 0.353125 0.363281 0.35625 0.367188 0.375 0.367188 0.378125 0.363281 0.378125 0.324219 0.375 0.320312
0 0.365625 0.546875 0.359375 0.554688 0.359375 0.5625 0.35625 0.566406 0.35625 0.570312 0.353125 0.574219 0.353125 0.582031 0.35625 0.585938 0.35625 0.59375 0.371875 0.613281 0.375 0.613281 0.38125 0.605469 0.38125 0.601562 0.384375 0.597656 0.384375 0.570312 0.38125 0.566406 0.38125 0.5625 0.378125 0.558594 0.378125 0.554688 0.371875 0.546875
0 0.6125 0.878906 0.609375 0.882812 0.596875 0.882812 0.59375 0.886719 0.584375 0.886719 0.578125 0.894531 0.571875 0.894531 0.565625 0.902344 0.565625 0.90625 0.56875 0.910156 0.625 0.910156 0.628125 0.914062 0.63125 0.914062 0.634375 0.917969 0.6375 0.917969 0.646875 0.929688 0.653125 0.929688 0.659375 0.921875 0.659375 0.898438 0.646875 0.882812 0.64375 0.882812 0.640625 0.878906
0 0.859375 0.632812 0.85625 0.636719 0.846875 0.636719 0.84375 0.640625 0.840625 0.640625 0.8375 0.644531 0.828125 0.644531 0.825 0.648438 0.81875 0.648438 0.815625 0.652344 0.815625 0.65625 0.81875 0.660156 0.86875 0.660156 0.871875 0.65625 0.88125 0.65625 0.884375 0.652344 0.8875 0.652344 0.896875 0.640625 0.896875 0.632812
0 0.078125 0.4375 0.075 0.441406 0.075 0.445312 0.078125 0.449219 0.078125 0.453125 0.08125 0.457031 0.08125 0.464844 0.090625 0.476562 0.096875 0.476562 0.1 0.472656 0.1 0.460938 0.08125 0.4375
0 0.6125 0.378906 0.609375 0.382812 0.603125 0.382812 0.603125 0.386719 0.596875 0.394531 0.596875 0.398438 0.5875 0.410156 0.5875 0.414062 0.584375 0.417969 0.584375 0.441406 0.59375 0.453125 0.6 0.453125 0.603125 0.449219 0.60625 0.449219 0.6125 0.441406 0.615625 0.441406 0.61875 0.4375 0.61875 0.433594 0.628125 0.421875 0.628125 0.386719 0.621875 0.378906
0 0.359375 0.832031 0.353125 0.839844 0.353125 0.847656 0.34375 0.859375 0.34375 0.863281 0.3375 0.871094 0.3375 0.882812 0.334375 0.886719 0.334375 0.890625 0.33125 0.894531 0.33125 0.898438 0.328125 0.902344 0.328125 0.90625 0.315625 0.921875 0.315625 0.929688 0.3125 0.933594 0.3125 0.9375 0.309375 0.941406 0.309375 0.953125 0.3125 0.957031 0.325 0.957031 0.340625 0.9375 0.340625 0.933594 0.34375 0.929688 0.34375 0.925781 0.35 0.917969 0.35 0.914062 0.353125 0.910156 0.353125 0.90625 0.35625 0.902344 0.35625 0.898438 0.359375 0.894531 0.359375 0.890625 0.365625 0.882812 0.365625 0.875 0.36875 0.871094 0.36875 0.867188 0.371875 0.863281 0.371875 0.847656 0.375 0.84375 0.375 0.839844 0.371875 0.835938 0.36875 0.835938 0.365625 0.832031
0 0.99375 0.3125 0.990625 0.316406 0.990625 0.320312 0.98125 0.332031 0.98125 0.335938 0.971875 0.347656 0.971875 0.351562 0.96875 0.355469 0.96875 0.367188 0.971875 0.371094 0.984375 0.371094 0.9875 0.367188 0.990625 0.367188 0.996875 0.359375 0.996875 0.3125
0 0.8125 0.671875 0.809375 0.675781 0.79375 0.675781 0.790625 0.679688 0.790625 0.683594 0.79375 0.6875 0.8375 0.6875 0.84375 0.679688 0.846875 0.679688 0.85 0.675781 0.846875 0.671875
0 0.1875 0.972656 0.184375 0.976562 0.184375 0.980469 0.18125 0.984375 0.18125 0.988281 0.175 0.996094 0.2 0.996094 0.2 0.984375 0.196875 0.980469 0.196875 0.976562 0.19375 0.972656
0 0.109375 0.796875 0.10625 0.800781 0.10625 0.8125 0.1125 0.820312 0.115625 0.820312 0.11875 0.816406 0.121875 0.816406 0.125 0.8125 0.125 0.804688 0.11875 0.796875
0 0.309375 0.761719 0.30625 0.765625 0.30625 0.773438 0.303125 0.777344 0.303125 0.789062 0.296875 0.796875 0.296875 0.800781 0.2875 0.8125 0.2875 0.816406 0.26875 0.839844 0.26875 0.84375 0.271875 0.847656 0.275 0.847656 0.303125 0.8125 0.303125 0.808594 0.309375 0.800781 0.309375 0.796875 0.3125 0.792969 0.3125 0.789062 0.315625 0.785156 0.315625 0.765625 0.3125 0.761719
0 0.509375 0.101562 0.50625 0.105469 0.503125 0.105469 0.503125 0.109375 0.496875 0.117188 0.496875 0.121094 0.49375 0.125 0.49375 0.128906 0.484375 0.140625 0.484375 0.144531 0.48125 0.148438 0.48125 0.160156 0.478125 0.164062 0.478125 0.171875 0.471875 0.179688 0.471875 0.199219 0.46875 0.203125 0.46875 0.238281 0.475 0.246094 0.484375 0.246094 0.496875 0.230469 0.496875 0.21875 0.503125 0.210938 0.503125 0.207031 0.50625 0.203125 0.50625 0.199219 0.5125 0.191406 0.5125 0.1875 0.521875 0.175781 0.521875 0.152344 0.525 0.148438 0.525 0.109375 0.51875 0.101562
0 0.0375 0.355469 0.034375 0.359375 0.034375 0.367188 0.0375 0.371094 0.0375 0.375 0.053125 0.394531 0.05625 0.394531 0.059375 0.398438 0.075 0.398438 0.078125 0.394531 0.078125 0.386719 0.075 0.382812 0.075 0.375 0.065625 0.363281 0.0625 0.363281 0.059375 0.359375 0.053125 0.359375 0.05 0.355469
0 0.140625 0.804688 0.1375 0.808594 0.134375 0.808594 0.13125 0.8125 0.128125 0.8125 0.121875 0.820312 0.11875 0.820312 0.115625 0.824219 0.115625 0.828125 0.1125 0.832031 0.1125 0.847656 0.121875 0.859375 0.140625 0.859375 0.146875 0.851562 0.15 0.851562 0.153125 0.847656 0.153125 0.84375 0.15625 0.839844 0.15625 0.808594 0.153125 0.804688
0 0.1375 0.492188 0.134375 0.496094 0.134375 0.507812 0.1375 0.511719 0.1375 0.519531 0.14375 0.527344 0.146875 0.527344 0.15 0.53125 0.1875 0.53125 0.190625 0.527344 0.190625 0.515625 0.178125 0.5 0.171875 0.5 0.16875 0.496094 0.1625 0.496094 0.159375 0.492188
0 0.75625 0.699219 0.753125 0.703125 0.753125 0.707031 0.759375 0.714844 0.790625 0.714844 0.79375 0.710938 0.79375 0.703125 0.790625 0.699219
0 0.665625 0.789062 0.6625 0.792969 0.659375 0.792969 0.653125 0.800781 0.65 0.800781 0.64375 0.808594 0.634375 0.808594 0.63125 0.8125 0.63125 0.816406 0.634375 0.820312 0.6875 0.820312 0.690625 0.816406 0.696875 0.816406 0.7 0.8125 0.7 0.804688 0.690625 0.792969 0.6875 0.792969 0.684375 0.789062
0 0.225 0.875 0.21875 0.882812 0.20625 0.882812 0.203125 0.886719 0.196875 0.886719 0.19375 0.890625 0.19375 0.894531 0.1875 0.902344 0.1875 0.929688 0.190625 0.933594 0.196875 0.933594 0.2 0.929688 0.203125 0.929688 0.20625 0.925781 0.209375 0.925781 0.21875 0.914062 0.21875 0.910156 0.225 0.902344 0.225 0.898438 0.23125 0.890625 0.23125 0.878906 0.228125 0.875
0 0.2375 0.515625 0.234375 0.519531 0.234375 0.523438 0.24375 0.535156 0.24375 0.539062 0.2625 0.5625 0.265625 0.5625 0.26875 0.566406 0.271875 0.566406 0.278125 0.558594 0.278125 0.550781 0.275 0.546875 0.275 0.542969 0.271875 0.539062 0.271875 0.535156 0.259375 0.519531 0.253125 0.519531 0.25 0.515625
0 0.26875 0.929688 0.2625 0.9375 0.2625 0.945312 0.259375 0.949219 0.259375 0.996094 0.28125 0.996094 0.284375 0.992188 0.284375 0.984375 0.2875 0.980469 0.2875 0.949219 0.284375 0.945312 0.284375 0.933594 0.28125 0.929688
0 0.865625 0.734375 0.859375 0.742188 0.859375 0.75 0.8625 0.753906 0.865625 0.753906 0.86875 0.757812 0.8875 0.757812 0.890625 0.753906 0.890625 0.742188 0.884375 0.734375
0 0.9125 0.601562 0.909375 0.605469 0.903125 0.605469 0.9 0.609375 0.890625 0.609375 0.8875 0.613281 0.878125 0.613281 0.875 0.617188 0.875 0.625 0.878125 0.628906 0.896875 0.628906 0.9 0.625 0.928125 0.625 0.93125 0.621094 0.940625 0.621094 0.94375 0.617188 0.953125 0.617188 0.95625 0.613281 0.959375 0.613281 0.9625 0.609375 0.9625 0.605469 0.959375 0.601562
0 0.95625 0.386719 0.95 0.394531 0.946875 0.394531 0.94375 0.398438 0.9375 0.398438 0.934375 0.402344 0.928125 0.402344 0.925 0.40625 0.921875 0.40625 0.91875 0.410156 0.915625 0.410156 0.909375 0.417969 0.909375 0.421875 0.89375 0.441406 0.890625 0.441406 0.8875 0.445312 0.8875 0.449219 0.890625 0.453125 0.896875 0.453125 0.9 0.449219 0.90625 0.449219 0.909375 0.445312 0.921875 0.445312 0.93125 0.433594 0.934375 0.433594 0.95 0.414062 0.95 0.410156 0.9625 0.394531 0.9625 0.390625 0.959375 0.386719
0 0.734375 0.726562 0.728125 0.734375 0.721875 0.734375 0.71875 0.738281 0.71875 0.742188 0.721875 0.746094 0.725 0.746094 0.728125 0.75 0.76875 0.75 0.771875 0.753906 0.784375 0.753906 0.7875 0.75 0.79375 0.75 0.796875 0.746094 0.796875 0.738281 0.790625 0.730469 0.78125 0.730469 0.778125 0.726562
0 0.15 0.550781 0.146875 0.554688 0.14375 0.554688 0.140625 0.558594 0.1375 0.558594 0.134375 0.5625 0.134375 0.574219 0.140625 0.582031 0.16875 0.582031 0.175 0.574219 0.175 0.570312 0.171875 0.566406 0.171875 0.5625 0.1625 0.550781
0 0.159375 0.425781 0.15625 0.429688 0.15 0.429688 0.146875 0.433594 0.146875 0.445312 0.159375 0.460938 0.159375 0.464844 0.16875 0.476562 0.19375 0.476562 0.2 0.46875 0.2 0.460938 0.196875 0.457031 0.196875 0.453125 0.18125 0.433594 0.18125 0.429688 0.178125 0.425781
0 0 0.308594 0 0.332031 0.003125 0.335938 0.009375 0.335938 0.0125 0.339844 0.015625 0.339844 0.01875 0.34375 0.03125 0.34375 0.034375 0.339844 0.034375 0.324219 0.03125 0.320312 0.028125 0.320312 0.025 0.316406 0.01875 0.316406 0.015625 0.3125 0.003125 0.3125
0 0.403125 0.539062 0.4 0.542969 0.396875 0.542969 0.390625 0.550781 0.390625 0.570312 0.39375 0.574219 0.39375 0.59375 0.40625 0.609375 0.421875 0.609375 0.428125 0.601562 0.428125 0.570312 0.425 0.566406 0.425 0.5625 0.41875 0.554688 0.41875 0.550781 0.409375 0.539062
0 0.215625 0.441406 0.2125 0.445312 0.2125 0.449219 0.225 0.464844 0.23125 0.464844 0.2375 0.472656 0.240625 0.472656 0.24375 0.476562 0.253125 0.476562 0.25625 0.472656 0.259375 0.472656 0.2625 0.46875 0.2625 0.460938 0.25625 0.453125 0.253125 0.453125 0.25 0.449219 0.24375 0.449219 0.240625 0.445312 0.225 0.445312 0.221875 0.441406
0 0.859375 0.773438 0.85625 0.777344 0.85625 0.78125 0.865625 0.792969 0.884375 0.792969 0.8875 0.789062 0.8875 0.785156 0.890625 0.78125 0.890625 0.777344 0.8875 0.773438
0 0.109375 0.433594 0.10625 0.4375 0.10625 0.453125 0.125 0.476562 0.15625 0.476562 0.159375 0.472656 0.159375 0.46875 0.15625 0.464844 0.15625 0.460938 0.14375 0.445312 0.134375 0.445312 0.128125 0.4375 0.125 0.4375 0.121875 0.433594
0 0.10625 0.5 0.1 0.507812 0.1 0.515625 0.103125 0.519531 0.103125 0.542969 0.109375 0.550781 0.125 0.550781 0.128125 0.546875 0.128125 0.542969 0.13125 0.539062 0.13125 0.53125 0.128125 0.527344 0.128125 0.519531 0.1125 0.5
0 0.89375 0.34375 0.890625 0.347656 0.8875 0.347656 0.884375 0.351562 0.88125 0.351562 0.875 0.359375 0.865625 0.359375 0.8625 0.363281 0.85625 0.363281 0.853125 0.367188 0.846875 0.367188 0.840625 0.375 0.8375 0.375 0.834375 0.378906 0.83125 0.378906 0.8125 0.402344 0.809375 0.402344 0.80625 0.40625 0.80625 0.414062 0.803125 0.417969 0.803125 0.425781 0.80625 0.429688 0.809375 0.429688 0.8125 0.425781 0.821875 0.425781 0.828125 0.417969 0.83125 0.417969 0.834375 0.414062 0.8375 0.414062 0.846875 0.402344 0.85 0.402344 0.853125 0.398438 0.85625 0.398438 0.8625 0.390625 0.871875 0.390625 0.878125 0.382812 0.890625 0.382812 0.89375 0.378906 0.9 0.378906 0.90625 0.371094 0.909375 0.371094 0.915625 0.363281 0.91875 0.363281 0.921875 0.359375 0.925 0.359375 0.93125 0.351562 0.93125 0.347656 0.928125 0.34375
0 0.584375 0.179688 0.578125 0.1875 0.578125 0.214844 0.58125 0.21875 0.584375 0.21875 0.5875 0.214844 0.590625 0.214844 0.603125 0.199219 0.60625 0.199219 0.6125 0.191406 0.6125 0.183594 0.609375 0.179688
0 0.925 0.445312 0.921875 0.449219 0.91875 0.449219 0.909375 0.460938 0.90625 0.460938 0.896875 0.472656 0.89375 0.472656 0.890625 0.476562 0.8875 0.476562 0.88125 0.484375 0.88125 0.492188 0.884375 0.496094 0.896875 0.496094 0.9 0.492188 0.90625 0.492188 0.9125 0.484375 0.915625 0.484375 0.925 0.472656 0.928125 0.472656 0.93125 0.46875 0.93125 0.464844 0.934375 0.460938 0.934375 0.457031 0.9375 0.453125 0.9375 0.449219 0.934375 0.445312
0 0.34375 0.792969 0.3375 0.800781 0.3375 0.808594 0.334375 0.8125 0.334375 0.863281 0.3375 0.867188 0.340625 0.863281 0.340625 0.859375 0.35 0.847656 0.35 0.832031 0.359375 0.820312 0.359375 0.8125 0.35625 0.808594 0.35625 0.800781 0.35 0.792969
0 0.4 0.0390625 0.39375 0.046875 0.390625 0.046875 0.38125 0.0585938 0.38125 0.0625 0.378125 0.0664062 0.378125 0.0742188 0.375 0.078125 0.375 0.0898438 0.371875 0.09375 0.371875 0.117188 0.375 0.121094 0.375 0.148438 0.378125 0.152344 0.378125 0.160156 0.3875 0.171875 0.4 0.171875 0.4125 0.15625 0.4125 0.148438 0.415625 0.144531 0.415625 0.136719 0.41875 0.132812 0.41875 0.113281 0.421875 0.109375 0.421875 0.105469 0.425 0.101562 0.425 0.0507812 0.415625 0.0390625
0 0.140625 0 0.140625 0.015625 0.146875 0.0234375 0.15 0.0234375 0.153125 0.0273438 0.165625 0.0273438 0.16875 0.0234375 0.16875 0.0195312 0.171875 0.015625 0.171875 0
0 0.959375 0.453125 0.946875 0.46875 0.94375 0.46875 0.940625 0.472656 0.9375 0.472656 0.934375 0.476562 0.93125 0.476562 0.915625 0.496094 0.9125 0.496094 0.903125 0.507812 0.9 0.507812 0.896875 0.511719 0.89375 0.511719 0.884375 0.523438 0.88125 0.523438 0.878125 0.527344 0.878125 0.53125 0.88125 0.535156 0.8875 0.535156 0.890625 0.53125 0.896875 0.53125 0.9 0.527344 0.903125 0.527344 0.90625 0.523438 0.9125 0.523438 0.91875 0.515625 0.921875 0.515625 0.925 0.511719 0.928125 0.511719 0.93125 0.507812 0.934375 0.507812 0.95 0.488281 0.95 0.480469 0.959375 0.46875 0.9625 0.46875 0.96875 0.460938 0.96875 0.457031 0.965625 0.453125
0 0.5625 0.675781 0.54375 0.699219 0.54375 0.710938 0.546875 0.714844 0.55 0.714844 0.55625 0.707031 0.559375 0.707031 0.56875 0.695312 0.571875 0.695312 0.575 0.691406 0.578125 0.691406 0.584375 0.683594 0.584375 0.679688 0.58125 0.675781
0 0.103125 0.015625 0.096875 0.0234375 0.096875 0.0273438 0.09375 0.03125 0.09375 0.0429688 0.103125 0.0546875 0.103125 0.0585938 0.11875 0.078125 0.121875 0.078125 0.125 0.0820312 0.140625 0.0820312 0.14375 0.078125 0.146875 0.078125 0.15 0.0742188 0.15 0.046875 0.146875 0.0429688 0.146875 0.0390625 0.1375 0.0273438 0.1375 0.0234375 0.13125 0.015625
0 0.478125 0.0625 0.46875 0.0742188 0.46875 0.078125 0.4625 0.0859375 0.4625 0.117188 0.459375 0.121094 0.459375 0.128906 0.453125 0.136719 0.453125 0.15625 0.45 0.160156 0.45 0.164062 0.446875 0.167969 0.446875 0.183594 0.45625 0.195312 0.459375 0.195312 0.4625 0.199219 0.46875 0.199219 0.46875 0.179688 0.475 0.171875 0.475 0.164062 0.478125 0.160156 0.478125 0.148438 0.48125 0.144531 0.48125 0.140625 0.490625 0.128906 0.490625 0.125 0.49375 0.121094 0.49375 0.117188 0.5 0.109375 0.5 0.0976562 0.503125 0.09375 0.503125 0.078125 0.5 0.0742188 0.5 0.0703125 0.49375 0.0625
0 0.671875 0.3125 0.665625 0.320312 0.659375 0.320312 0.646875 0.335938 0.646875 0.339844 0.64375 0.34375 0.64375 0.359375 0.653125 0.371094 0.6625 0.371094 0.665625 0.367188 0.671875 0.367188 0.69375 0.339844 0.69375 0.320312 0.6875 0.3125
0 0.221875 0.59375 0.221875 0.597656 0.228125 0.605469 0.23125 0.605469 0.2375 0.613281 0.240625 0.613281 0.24375 0.617188 0.25 0.617188 0.253125 0.621094 0.25625 0.621094 0.259375 0.625 0.265625 0.625 0.271875 0.632812 0.275 0.632812 0.278125 0.628906 0.278125 0.621094 0.271875 0.613281 0.26875 0.613281 0.259375 0.601562 0.25625 0.601562 0.25 0.59375
0 0.53125 0.609375 0.521875 0.621094 0.521875 0.625 0.525 0.628906 0.525 0.632812 0.528125 0.636719 0.53125 0.636719 0.534375 0.632812 0.5375 0.632812 0.54375 0.625 0.54375 0.613281 0.540625 0.609375
0 0.45 0.863281 0.446875 0.867188 0.446875 0.871094 0.440625 0.878906 0.440625 0.882812 0.4375 0.886719 0.4375 0.890625 0.43125 0.898438 0.43125 0.914062 0.415625 0.933594 0.415625 0.953125 0.41875 0.957031 0.43125 0.957031 0.4375 0.949219 0.4375 0.945312 0.446875 0.933594 0.45 0.933594 0.459375 0.921875 0.459375 0.917969 0.4625 0.914062 0.4625 0.910156 0.465625 0.90625 0.465625 0.898438 0.46875 0.894531 0.46875 0.878906 0.465625 0.875 0.465625 0.871094 0.459375 0.863281
0 0.740625 0.765625 0.7375 0.769531 0.728125 0.769531 0.721875 0.777344 0.721875 0.785156 0.725 0.789062 0.728125 0.789062 0.73125 0.792969 0.778125 0.792969 0.78125 0.789062 0.784375 0.789062 0.7875 0.785156 0.790625 0.785156 0.796875 0.777344 0.8 0.777344 0.8 0.769531 0.796875 0.765625
0 0.628125 0.597656 0.625 0.601562 0.621875 0.601562 0.61875 0.605469 0.615625 0.605469 0.6125 0.609375 0.6125 0.613281 0.615625 0.617188 0.63125 0.617188 0.640625 0.605469 0.640625 0.601562 0.6375 0.597656
0 0.815625 0.710938 0.8125 0.714844 0.803125 0.714844 0.79375 0.726562 0.79375 0.730469 0.796875 0.734375 0.803125 0.734375 0.80625 0.738281 0.8125 0.738281 0.815625 0.742188 0.8375 0.742188 0.840625 0.738281 0.846875 0.738281 0.85 0.734375 0.85 0.71875 0.846875 0.714844 0.84375 0.714844 0.840625 0.710938
0 0.953125 0.53125 0.95 0.535156 0.921875 0.535156 0.91875 0.539062 0.9125 0.539062 0.90625 0.546875 0.903125 0.546875 0.9 0.550781 0.896875 0.550781 0.89375 0.554688 0.89375 0.558594 0.896875 0.5625 0.921875 0.5625 0.925 0.558594 0.9375 0.558594 0.940625 0.554688 0.959375 0.554688 0.9625 0.550781 0.965625 0.550781 0.96875 0.546875 0.978125 0.546875 0.984375 0.539062 0.984375 0.535156 0.98125 0.53125
0 0.715625 0.242188 0.690625 0.273438 0.690625 0.277344 0.6875 0.28125 0.6875 0.289062 0.684375 0.292969 0.684375 0.300781 0.6875 0.304688 0.6875 0.308594 0.696875 0.320312 0.696875 0.339844 0.675 0.367188 0.675 0.40625 0.671875 0.410156 0.671875 0.4375 0.684375 0.453125 0.696875 0.453125 0.7 0.449219 0.7 0.445312 0.709375 0.433594 0.709375 0.425781 0.7125 0.421875 0.7125 0.414062 0.715625 0.410156 0.715625 0.40625 0.71875 0.402344 0.71875 0.390625 0.725 0.382812 0.725 0.375 0.73125 0.367188 0.73125 0.363281 0.734375 0.359375 0.734375 0.355469 0.7375 0.351562 0.7375 0.34375 0.740625 0.339844 0.740625 0.335938 0.734375 0.335938 0.73125 0.339844 0.728125 0.339844 0.725 0.335938 0.71875 0.335938 0.709375 0.324219 0.709375 0.292969 0.71875 0.28125 0.71875 0.277344 0.728125 0.265625 0.728125 0.261719 0.7375 0.25 0.7375 0.246094 0.734375 0.242188
0 0.221875 0.78125 0.21875 0.785156 0.215625 0.785156 0.209375 0.792969 0.209375 0.8125 0.2125 0.816406 0.2125 0.820312 0.221875 0.832031 0.225 0.832031 0.228125 0.828125 0.228125 0.820312 0.225 0.816406 0.225 0.800781 0.23125 0.792969 0.23125 0.785156 0.228125 0.78125
0 0.534375 0.8125 0.525 0.824219 0.525 0.828125 0.521875 0.832031 0.521875 0.84375 0.51875 0.847656 0.51875 0.851562 0.490625 0.886719 0.490625 0.902344 0.49375 0.90625 0.496875 0.90625 0.528125 0.867188 0.528125 0.863281 0.534375 0.855469 0.534375 0.851562 0.540625 0.84375 0.54375 0.84375 0.55 0.835938 0.55 0.832031 0.553125 0.828125 0.553125 0.824219 0.54375 0.8125
0 0.490625 0.71875 0.471875 0.742188 0.471875 0.746094 0.465625 0.753906 0.465625 0.777344 0.4625 0.78125 0.4625 0.800781 0.459375 0.804688 0.459375 0.820312 0.4625 0.824219 0.465625 0.824219 0.46875 0.820312 0.471875 0.820312 0.48125 0.808594 0.48125 0.804688 0.4875 0.796875 0.4875 0.789062 0.490625 0.785156 0.490625 0.78125 0.49375 0.777344 0.49375 0.773438 0.496875 0.769531 0.496875 0.761719 0.503125 0.753906 0.503125 0.722656 0.5 0.71875
0 0.65625 0.847656 0.653125 0.851562 0.6375 0.851562 0.634375 0.855469 0.63125 0.855469 0.625 0.863281 0.625 0.867188 0.628125 0.871094 0.646875 0.871094 0.653125 0.878906 0.65625 0.878906 0.659375 0.882812 0.665625 0.882812 0.671875 0.890625 0.696875 0.890625 0.7 0.886719 0.7 0.871094 0.696875 0.867188 0.696875 0.863281 0.69375 0.859375 0.69375 0.855469 0.690625 0.851562 0.678125 0.851562 0.675 0.847656
0 0.153125 0.65625 0.15 0.660156 0.146875 0.660156 0.14375 0.664062 0.14375 0.675781 0.146875 0.679688 0.153125 0.679688 0.15625 0.675781 0.159375 0.675781 0.1625 0.671875 0.16875 0.671875 0.171875 0.667969 0.175 0.667969 0.178125 0.664062 0.178125 0.660156 0.175 0.65625
0 0.71875 0.8125 0.715625 0.816406 0.7 0.816406 0.696875 0.820312 0.690625 0.820312 0.6875 0.824219 0.671875 0.824219 0.671875 0.828125 0.675 0.832031 0.6875 0.832031 0.690625 0.835938 0.69375 0.835938 0.696875 0.839844 0.7125 0.839844 0.715625 0.84375 0.740625 0.84375 0.746875 0.835938 0.746875 0.824219 0.74375 0.820312 0.740625 0.820312 0.734375 0.8125
0 0.375 0.746094 0.36875 0.753906 0.36875 0.796875 0.371875 0.800781 0.375 0.800781 0.378125 0.796875 0.378125 0.792969 0.384375 0.785156 0.384375 0.78125 0.3875 0.777344 0.3875 0.773438 0.396875 0.761719 0.396875 0.75 0.39375 0.746094
0 0.046875 0.304688 0.04375 0.308594 0.04375 0.320312 0.053125 0.332031 0.05625 0.332031 0.0625 0.339844 0.065625 0.339844 0.071875 0.347656 0.078125 0.347656 0.08125 0.351562 0.0875 0.351562 0.090625 0.347656 0.090625 0.339844 0.0875 0.335938 0.0875 0.328125 0.078125 0.316406 0.078125 0.3125 0.075 0.308594 0.071875 0.308594 0.06875 0.304688
0 0.23125 0 0.228125 0.00390625 0.228125 0.0078125 0.225 0.0117188 0.225 0.015625 0.221875 0.0195312 0.221875 0.03125 0.234375 0.046875 0.240625 0.046875 0.25 0.0351562 0.25 0.03125 0.253125 0.0273438 0.253125 0.0195312 0.25625 0.015625 0.25625 0.0117188 0.259375 0.0078125 0.259375 0
0 0.796875 0.78125 0.790625 0.789062 0.7875 0.789062 0.784375 0.792969 0.790625 0.800781 0.79375 0.800781 0.796875 0.804688 0.803125 0.804688 0.80625 0.808594 0.83125 0.808594 0.834375 0.804688 0.834375 0.800781 0.8375 0.796875 0.8375 0.789062 0.834375 0.785156 0.83125 0.785156 0.828125 0.78125
0 0.390625 0.65625 0.3875 0.660156 0.3875 0.671875 0.38125 0.679688 0.38125 0.683594 0.378125 0.6875 0.378125 0.71875 0.38125 0.722656 0.390625 0.722656 0.40625 0.703125 0.40625 0.699219 0.409375 0.695312 0.409375 0.683594 0.4125 0.679688 0.4125 0.664062 0.40625 0.65625
0 0.309375 0.84375 0.3 0.855469 0.3 0.859375 0.296875 0.863281 0.296875 0.902344 0.3 0.90625 0.303125 0.90625 0.3125 0.894531 0.3125 0.882812 0.315625 0.878906 0.315625 0.867188 0.321875 0.859375 0.321875 0.847656 0.31875 0.84375
0 0.765625 0.8125 0.7625 0.816406 0.7625 0.828125 0.778125 0.847656 0.78125 0.847656 0.784375 0.851562 0.81875 0.851562 0.821875 0.847656 0.821875 0.828125 0.81875 0.824219 0.815625 0.824219 0.8125 0.820312 0.80625 0.820312 0.803125 0.816406 0.8 0.816406 0.796875 0.8125
0 0.303125 0.179688 0.296875 0.1875 0.296875 0.222656 0.3 0.226562 0.303125 0.226562 0.315625 0.242188 0.321875 0.242188 0.325 0.238281 0.328125 0.238281 0.33125 0.234375 0.334375 0.234375 0.3375 0.230469 0.3375 0.207031 0.328125 0.195312 0.315625 0.195312 0.309375 0.1875 0.309375 0.183594 0.30625 0.179688
0 0.878125 0.667969 0.875 0.671875 0.859375 0.671875 0.85625 0.675781 0.853125 0.675781 0.846875 0.683594 0.84375 0.683594 0.840625 0.6875 0.840625 0.691406 0.84375 0.695312 0.903125 0.695312 0.90625 0.691406 0.90625 0.671875 0.903125 0.667969
0 0.109375 0.332031 0.10625 0.335938 0.10625 0.34375 0.109375 0.347656 0.109375 0.359375 0.125 0.378906 0.134375 0.378906 0.1375 0.382812 0.140625 0.382812 0.14375 0.378906 0.14375 0.367188 0.140625 0.363281 0.140625 0.359375 0.128125 0.34375 0.125 0.34375 0.115625 0.332031
0 0.35625 0.382812 0.353125 0.386719 0.353125 0.402344 0.35625 0.40625 0.35625 0.410156 0.378125 0.4375 0.390625 0.4375 0.39375 0.433594 0.39375 0.40625 0.390625 0.402344 0.390625 0.394531 0.384375 0.386719 0.38125 0.386719 0.378125 0.382812
0 0.046875 0.195312 0.04375 0.199219 0.04375 0.207031 0.046875 0.210938 0.05625 0.210938 0.059375 0.207031 0.059375 0.199219 0.05625 0.195312
0 0.15625 0.867188 0.15 0.875 0.15 0.878906 0.14375 0.886719 0.14375 0.890625 0.1375 0.898438 0.1375 0.902344 0.13125 0.910156 0.13125 0.914062 0.128125 0.917969 0.128125 0.925781 0.125 0.929688 0.125 0.933594 0.121875 0.9375 0.121875 0.941406 0.11875 0.945312 0.11875 0.964844 0.121875 0.96875 0.1375 0.96875 0.14375 0.960938 0.146875 0.960938 0.153125 0.953125 0.15625 0.953125 0.165625 0.941406 0.165625 0.9375 0.171875 0.929688 0.171875 0.921875 0.175 0.917969 0.175 0.894531 0.178125 0.890625 0.178125 0.886719 0.18125 0.882812 0.18125 0.875 0.178125 0.871094 0.171875 0.871094 0.16875 0.867188
0 0.53125 0.972656 0.521875 0.984375 0.515625 0.984375 0.5125 0.988281 0.509375 0.988281 0.50625 0.992188 0.503125 0.992188 0.5 0.996094 0.571875 0.996094 0.575 0.992188 0.578125 0.992188 0.58125 0.988281 0.58125 0.976562 0.578125 0.972656
0 0.1125 0.765625 0.109375 0.769531 0.10625 0.769531 0.1 0.777344 0.1 0.785156 0.103125 0.789062 0.11875 0.789062 0.121875 0.785156 0.121875 0.769531 0.11875 0.765625
0 0.74375 0.890625 0.7375 0.898438 0.7375 0.910156 0.740625 0.914062 0.740625 0.917969 0.746875 0.925781 0.746875 0.929688 0.753125 0.9375 0.75625 0.9375 0.759375 0.941406 0.78125 0.941406 0.784375 0.9375 0.784375 0.917969 0.771875 0.902344 0.76875 0.902344 0.765625 0.898438 0.7625 0.898438 0.759375 0.894531 0.753125 0.894531 0.75 0.890625
