0 0.792969 0.421875 0.785156 0.429688 0.785156 0.441406 0.792969 0.449219 0.796875 0.449219 0.800781 0.453125 0.816406 0.453125 0.820312 0.457031 0.828125 0.457031 0.835938 0.449219 0.835938 0.441406 0.824219 0.429688 0.820312 0.429688 0.816406 0.425781 0.808594 0.425781 0.804688 0.421875
0 0.015625 0.332031 0.0117188 0.335938 0.0117188 0.347656 0.0234375 0.359375 0.0273438 0.359375 0.03125 0.363281 0.0390625 0.363281 0.0429688 0.367188 0.0625 0.367188 0.0742188 0.355469 0.0742188 0.351562 0.0703125 0.347656 0.0703125 0.34375 0.0664062 0.339844 0.0625 0.339844 0.0585938 0.335938 0.0507812 0.335938 0.046875 0.332031
0 0.230469 0.15625 0.226562 0.160156 0.222656 0.160156 0.21875 0.164062 0.21875 0.179688 0.242188 0.203125 0.246094 0.203125 0.25 0.207031 0.257812 0.207031 0.269531 0.195312 0.269531 0.1875 0.265625 0.183594 0.265625 0.179688 0.25 0.164062 0.246094 0.164062 0.242188 0.160156 0.238281 0.160156 0.234375 0.15625
0 0.429688 0.203125 0.425781 0.207031 0.421875 0.207031 0.414062 0.214844 0.414062 0.226562 0.421875 0.234375 0.425781 0.234375 0.429688 0.238281 0.4375 0.238281 0.449219 0.226562 0.449219 0.222656 0.453125 0.21875 0.453125 0.214844 0.449219 0.210938 0.449219 0.207031 0.445312 0.203125
0 0.757812 0.15625 0.75 0.164062 0.75 0.171875 0.753906 0.175781 0.753906 0.179688 0.757812 0.183594 0.757812 0.1875 0.761719 0.191406 0.765625 0.191406 0.773438 0.199219 0.789062 0.199219 0.792969 0.195312 0.792969 0.191406 0.796875 0.1875 0.796875 0.179688 0.792969 0.175781 0.792969 0.171875 0.785156 0.164062 0.78125 0.164062 0.777344 0.160156 0.769531 0.160156 0.765625 0.15625
0 0.492188 0.84375 0.484375 0.851562 0.484375 0.859375 0.496094 0.871094 0.5 0.871094 0.503906 0.875 0.511719 0.875 0.515625 0.878906 0.519531 0.878906 0.53125 0.867188 0.53125 0.863281 0.523438 0.855469 0.519531 0.855469 0.515625 0.851562 0.511719 0.851562 0.507812 0.847656 0.503906 0.847656 0.5 0.84375
0 0.523438 0.71875 0.519531 0.722656 0.519531 0.730469 0.515625 0.734375 0.515625 0.738281 0.519531 0.742188 0.519531 0.75 0.550781 0.78125 0.554688 0.78125 0.558594 0.785156 0.574219 0.785156 0.578125 0.78125 0.582031 0.78125 0.585938 0.777344 0.585938 0.757812 0.582031 0.753906 0.582031 0.75 0.558594 0.726562 0.554688 0.726562 0.550781 0.722656 0.546875 0.722656 0.542969 0.71875
0 0.316406 0.144531 0.3125 0.148438 0.304688 0.148438 0.292969 0.160156 0.292969 0.167969 0.296875 0.171875 0.296875 0.175781 0.304688 0.183594 0.324219 0.183594 0.332031 0.175781 0.332031 0.160156 0.328125 0.15625 0.328125 0.152344 0.320312 0.144531
0 0.914062 0.0625 0.910156 0.0664062 0.910156 0.078125 0.933594 0.101562 0.941406 0.101562 0.945312 0.0976562 0.949219 0.0976562 0.949219 0.0820312 0.933594 0.0664062 0.929688 0.0664062 0.925781 0.0625
0 0.742188 0.953125 0.738281 0.957031 0.738281 0.96875 0.742188 0.972656 0.742188 0.976562 0.746094 0.980469 0.746094 0.984375 0.75 0.988281 0.753906 0.988281 0.757812 0.992188 0.761719 0.992188 0.765625 0.996094 0.777344 0.996094 0.785156 0.988281 0.785156 0.980469 0.78125 0.976562 0.78125 0.96875 0.769531 0.957031 0.765625 0.957031 0.761719 0.953125
0 0.160156 0.238281 0.148438 0.25 0.148438 0.261719 0.152344 0.265625 0.152344 0.273438 0.160156 0.28125 0.160156 0.285156 0.167969 0.292969 0.171875 0.292969 0.175781 0.296875 0.195312 0.296875 0.203125 0.289062 0.203125 0.265625 0.199219 0.261719 0.199219 0.257812 0.191406 0.25 0.191406 0.246094 0.1875 0.242188 0.183594 0.242188 0.179688 0.238281
0 0.625 0.949219 0.617188 0.957031 0.617188 0.960938 0.621094 0.964844 0.621094 0.96875 0.632812 0.980469 0.636719 0.980469 0.640625 0.984375 0.644531 0.984375 0.648438 0.988281 0.65625 0.988281 0.667969 0.976562 0.667969 0.96875 0.648438 0.949219
0 0.0625 0.472656 0.0585938 0.476562 0.0585938 0.484375 0.0546875 0.488281 0.0546875 0.507812 0.0585938 0.511719 0.0585938 0.515625 0.0742188 0.53125 0.078125 0.53125 0.0820312 0.535156 0.0859375 0.535156 0.0898438 0.539062 0.105469 0.539062 0.109375 0.535156 0.117188 0.535156 0.121094 0.53125 0.121094 0.5 0.101562 0.480469 0.0976562 0.480469 0.09375 0.476562 0.0859375 0.476562 0.0820312 0.472656
0 0.746094 0.0585938 0.742188 0.0625 0.742188 0.078125 0.761719 0.0976562 0.765625 0.0976562 0.769531 0.101562 0.785156 0.101562 0.789062 0.0976562 0.789062 0.0898438 0.785156 0.0859375 0.785156 0.0820312 0.777344 0.0742188 0.777344 0.0703125 0.765625 0.0585938
0 0.25 0.878906 0.242188 0.886719 0.242188 0.890625 0.246094 0.894531 0.246094 0.898438 0.261719 0.914062 0.269531 0.914062 0.273438 0.917969 0.28125 0.917969 0.285156 0.921875 0.292969 0.921875 0.296875 0.925781 0.300781 0.925781 0.308594 0.917969 0.308594 0.910156 0.304688 0.90625 0.304688 0.902344 0.289062 0.886719 0.285156 0.886719 0.28125 0.882812 0.273438 0.882812 0.269531 0.878906
0 0.0742188 0.582031 0.0703125 0.585938 0.0664062 0.585938 0.0625 0.589844 0.0625 0.59375 0.0585938 0.597656 0.0585938 0.609375 0.0742188 0.625 0.078125 0.625 0.0820312 0.628906 0.0859375 0.628906 0.0898438 0.632812 0.101562 0.632812 0.105469 0.628906 0.109375 0.628906 0.113281 0.625 0.113281 0.609375 0.109375 0.605469 0.109375 0.597656 0.101562 0.589844 0.0976562 0.589844 0.09375 0.585938 0.0859375 0.585938 0.0820312 0.582031
0 0.90625 0.6875 0.898438 0.695312 0.898438 0.703125 0.910156 0.714844 0.917969 0.714844 0.921875 0.71875 0.929688 0.71875 0.933594 0.722656 0.949219 0.722656 0.953125 0.71875 0.957031 0.71875 0.960938 0.714844 0.960938 0.703125 0.957031 0.699219 0.953125 0.699219 0.949219 0.695312 0.9375 0.695312 0.933594 0.691406 0.929688 0.691406 0.925781 0.6875
0 0.199219 0.714844 0.191406 0.722656 0.191406 0.734375 0.195312 0.738281 0.195312 0.742188 0.207031 0.753906 0.226562 0.753906 0.234375 0.746094 0.234375 0.738281 0.222656 0.726562 0.222656 0.722656 0.214844 0.714844
0 0.84375 0.90625 0.839844 0.910156 0.839844 0.929688 0.847656 0.9375 0.863281 0.9375 0.871094 0.929688 0.871094 0.917969 0.863281 0.910156 0.859375 0.910156 0.855469 0.90625
0 0.824219 0.804688 0.816406 0.8125 0.816406 0.824219 0.824219 0.832031 0.824219 0.835938 0.828125 0.839844 0.832031 0.839844 0.835938 0.84375 0.839844 0.84375 0.84375 0.847656 0.871094 0.847656 0.878906 0.839844 0.878906 0.828125 0.867188 0.816406 0.863281 0.816406 0.859375 0.8125 0.855469 0.8125 0.851562 0.808594 0.839844 0.808594 0.835938 0.804688
0 0.5625 0.378906 0.554688 0.386719 0.554688 0.402344 0.566406 0.414062 0.582031 0.414062 0.585938 0.417969 0.601562 0.417969 0.613281 0.40625 0.613281 0.390625 0.605469 0.382812 0.585938 0.382812 0.582031 0.378906
0 0 0.105469 0 0.15625 0.00390625 0.15625 0.0117188 0.148438 0.0117188 0.140625 0.015625 0.136719 0.015625 0.125 0.0117188 0.121094 0.0117188 0.117188
0 0.671875 0.675781 0.667969 0.679688 0.667969 0.695312 0.683594 0.710938 0.699219 0.710938 0.703125 0.714844 0.71875 0.714844 0.722656 0.710938 0.722656 0.695312 0.714844 0.6875 0.707031 0.6875 0.703125 0.683594 0.699219 0.683594 0.695312 0.679688 0.691406 0.679688 0.6875 0.675781
0 0.957031 0.152344 0.953125 0.15625 0.945312 0.15625 0.9375 0.164062 0.9375 0.167969 0.941406 0.171875 0.941406 0.175781 0.945312 0.179688 0.945312 0.183594 0.949219 0.1875 0.976562 0.1875 0.980469 0.183594 0.980469 0.164062 0.972656 0.15625 0.964844 0.15625 0.960938 0.152344
0 0.179688 0.601562 0.171875 0.609375 0.171875 0.625 0.191406 0.644531 0.222656 0.644531 0.226562 0.640625 0.226562 0.625 0.203125 0.601562
0 0.992188 0.0898438 0.988281 0.09375 0.988281 0.113281 0.996094 0.121094 0.996094 0.0898438
0 0 0.535156 0 0.578125 0.015625 0.578125 0.0234375 0.570312 0.0234375 0.554688 0.0195312 0.550781 0.0195312 0.546875 0.0078125 0.535156
0 0.285156 0.6875 0.277344 0.695312 0.277344 0.707031 0.292969 0.722656 0.296875 0.722656 0.300781 0.726562 0.316406 0.726562 0.320312 0.722656 0.320312 0.707031 0.316406 0.703125 0.3125 0.703125 0.296875 0.6875
0 0.179688 0.5 0.171875 0.507812 0.171875 0.511719 0.175781 0.515625 0.175781 0.519531 0.191406 0.535156 0.195312 0.535156 0.199219 0.539062 0.203125 0.539062 0.207031 0.542969 0.226562 0.542969 0.230469 0.539062 0.230469 0.53125 0.226562 0.527344 0.226562 0.523438 0.210938 0.507812 0.207031 0.507812 0.203125 0.503906 0.199219 0.503906 0.195312 0.5
0 0.472656 0.3125 0.46875 0.316406 0.464844 0.316406 0.460938 0.320312 0.460938 0.34375 0.472656 0.355469 0.480469 0.355469 0.484375 0.359375 0.496094 0.359375 0.5 0.355469 0.503906 0.355469 0.511719 0.347656 0.511719 0.332031 0.507812 0.328125 0.507812 0.324219 0.5 0.316406 0.496094 0.316406 0.492188 0.3125
0 0.242188 0.988281 0.238281 0.992188 0.238281 0.996094 0.277344 0.996094 0.273438 0.992188 0.269531 0.992188 0.265625 0.988281
0 0.753906 0.601562 0.75 0.605469 0.742188 0.605469 0.730469 0.617188 0.730469 0.625 0.734375 0.628906 0.734375 0.632812 0.746094 0.644531 0.75 0.644531 0.753906 0.648438 0.757812 0.648438 0.761719 0.652344 0.777344 0.652344 0.78125 0.65625 0.816406 0.65625 0.832031 0.640625 0.832031 0.628906 0.828125 0.625 0.828125 0.621094 0.820312 0.613281 0.8125 0.613281 0.808594 0.609375 0.804688 0.609375 0.800781 0.605469 0.792969 0.605469 0.789062 0.601562
0 0.4375 0.425781 0.433594 0.429688 0.429688 0.429688 0.421875 0.4375 0.421875 0.441406 0.425781 0.445312 0.425781 0.449219 0.4375 0.460938 0.441406 0.460938 0.449219 0.46875 0.476562 0.46875 0.480469 0.464844 0.480469 0.449219 0.46875 0.4375 0.464844 0.4375 0.460938 0.433594 0.457031 0.433594 0.453125 0.429688 0.445312 0.429688 0.441406 0.425781
