0 0.390625 0.03125 0.3875 0.0351562 0.3875 0.0390625 0.384375 0.0429688 0.384375 0.046875 0.38125 0.0507812 0.38125 0.0585938 0.378125 0.0625 0.378125 0.0898438 0.38125 0.09375 0.396875 0.09375 0.403125 0.0859375 0.40625 0.0859375 0.41875 0.0703125 0.41875 0.0664062 0.421875 0.0625 0.421875 0.046875 0.41875 0.0429688 0.409375 0.0429688 0.40625 0.0390625 0.403125 0.0390625 0.396875 0.03125
0 0.965625 0.972656 0.959375 0.980469 0.959375 0.984375 0.96875 0.996094 0.996875 0.996094 0.996875 0.976562 0.99375 0.976562 0.990625 0.972656
0 0.453125 0.875 0.446875 0.882812 0.446875 0.886719 0.44375 0.890625 0.44375 0.898438 0.440625 0.902344 0.440625 0.964844 0.44375 0.96875 0.44375 0.972656 0.446875 0.976562 0.446875 0.980469 0.45 0.984375 0.46875 0.984375 0.471875 0.980469 0.471875 0.976562 0.478125 0.96875 0.478125 0.957031 0.48125 0.953125 0.48125 0.949219 0.484375 0.945312 0.484375 0.9375 0.4875 0.933594 0.4875 0.890625 0.484375 0.886719 0.48125 0.886719 0.475 0.878906 0.46875 0.878906 0.465625 0.875
0 0.196875 0.230469 0.19375 0.234375 0.19375 0.238281 0.18125 0.253906 0.18125 0.257812 0.178125 0.261719 0.178125 0.265625 0.175 0.269531 0.175 0.273438 0.171875 0.277344 0.171875 0.292969 0.184375 0.308594 0.203125 0.308594 0.209375 0.300781 0.209375 0.253906 0.2125 0.25 0.2125 0.238281 0.20625 0.230469
0 0.815625 0.808594 0.80625 0.820312 0.796875 0.820312 0.79375 0.824219 0.790625 0.824219 0.78125 0.835938 0.78125 0.839844 0.784375 0.84375 0.821875 0.84375 0.825 0.839844 0.828125 0.839844 0.834375 0.832031 0.834375 0.8125 0.83125 0.808594
0 0.165625 0.824219 0.1625 0.828125 0.15 0.828125 0.15 0.832031 0.146875 0.835938 0.146875 0.84375 0.140625 0.851562 0.140625 0.855469 0.134375 0.863281 0.134375 0.867188 0.128125 0.875 0.128125 0.890625 0.13125 0.894531 0.134375 0.894531 0.140625 0.902344 0.1625 0.902344 0.16875 0.894531 0.171875 0.894531 0.175 0.890625 0.178125 0.890625 0.184375 0.882812 0.184375 0.839844 0.171875 0.824219
0 0.146875 0.972656 0.14375 0.976562 0.140625 0.976562 0.134375 0.984375 0.134375 0.996094 0.2375 0.996094 0.2375 0.988281 0.23125 0.980469 0.221875 0.980469 0.21875 0.976562 0.20625 0.976562 0.203125 0.972656
0 0.059375 0.472656 0.05625 0.476562 0.05625 0.484375 0.0625 0.492188 0.0625 0.5 0.065625 0.5 0.06875 0.503906 0.071875 0.503906 0.075 0.507812 0.078125 0.507812 0.08125 0.511719 0.10625 0.511719 0.109375 0.507812 0.109375 0.492188 0.1 0.480469 0.090625 0.480469 0.0875 0.476562 0.08125 0.476562 0.078125 0.472656
0 0.8125 0.691406 0.79375 0.714844 0.79375 0.726562 0.8 0.726562 0.803125 0.730469 0.80625 0.730469 0.8125 0.738281 0.8125 0.769531 0.81875 0.769531 0.825 0.761719 0.825 0.753906 0.828125 0.75 0.828125 0.734375 0.83125 0.730469 0.83125 0.707031 0.828125 0.703125 0.828125 0.699219 0.821875 0.691406
0 0.465625 0.410156 0.4625 0.414062 0.459375 0.414062 0.446875 0.429688 0.446875 0.433594 0.4375 0.445312 0.434375 0.445312 0.43125 0.449219 0.428125 0.449219 0.425 0.453125 0.425 0.460938 0.421875 0.464844 0.421875 0.46875 0.41875 0.472656 0.41875 0.476562 0.421875 0.480469 0.425 0.480469 0.434375 0.46875 0.4375 0.46875 0.446875 0.457031 0.45 0.457031 0.453125 0.453125 0.45625 0.453125 0.4625 0.445312 0.471875 0.445312 0.475 0.449219 0.478125 0.449219 0.484375 0.441406 0.4875 0.441406 0.490625 0.4375 0.496875 0.4375 0.5 0.433594 0.5 0.429688 0.503125 0.425781 0.503125 0.421875 0.496875 0.414062 0.49375 0.414062 0.490625 0.410156
0 0.453125 0.136719 0.45 0.140625 0.446875 0.140625 0.44375 0.144531 0.421875 0.144531 0.4125 0.15625 0.4125 0.171875 0.415625 0.175781 0.415625 0.179688 0.421875 0.1875 0.425 0.1875 0.428125 0.191406 0.465625 0.191406 0.46875 0.1875 0.478125 0.1875 0.490625 0.171875 0.490625 0.152344 0.478125 0.136719
0 0.85 0.644531 0.846875 0.648438 0.840625 0.648438 0.8375 0.652344 0.8375 0.65625 0.834375 0.660156 0.834375 0.664062 0.83125 0.667969 0.83125 0.679688 0.828125 0.683594 0.828125 0.695312 0.83125 0.699219 0.83125 0.703125 0.834375 0.707031 0.834375 0.710938 0.85 0.710938 0.8625 0.695312 0.8625 0.691406 0.865625 0.6875 0.865625 0.652344 0.859375 0.644531
0 0.36875 0.292969 0.359375 0.304688 0.359375 0.328125 0.35625 0.332031 0.35625 0.34375 0.353125 0.347656 0.353125 0.355469 0.35 0.359375 0.35 0.363281 0.346875 0.367188 0.346875 0.398438 0.35 0.402344 0.35 0.40625 0.35625 0.414062 0.365625 0.414062 0.36875 0.410156 0.378125 0.410156 0.384375 0.402344 0.384375 0.394531 0.3875 0.390625 0.3875 0.34375 0.384375 0.339844 0.384375 0.308594 0.38125 0.304688 0.38125 0.300781 0.375 0.292969
0 0.140625 0.589844 0.1375 0.59375 0.1375 0.613281 0.13125 0.621094 0.13125 0.628906 0.134375 0.632812 0.14375 0.632812 0.153125 0.621094 0.153125 0.605469 0.15 0.601562 0.15 0.597656 0.14375 0.589844
0 0 0.523438 0 0.550781 0.0125 0.550781 0.015625 0.546875 0.01875 0.546875 0.03125 0.53125 0.03125 0.523438
0 0.30625 0.199219 0.3 0.207031 0.296875 0.207031 0.296875 0.214844 0.29375 0.21875 0.29375 0.226562 0.290625 0.230469 0.290625 0.25 0.29375 0.253906 0.29375 0.265625 0.296875 0.269531 0.303125 0.269531 0.309375 0.261719 0.309375 0.25 0.3125 0.246094 0.3125 0.242188 0.315625 0.238281 0.315625 0.222656 0.31875 0.21875 0.31875 0.207031 0.3125 0.199219
0 0.721875 0.660156 0.71875 0.664062 0.715625 0.664062 0.7125 0.667969 0.709375 0.667969 0.703125 0.675781 0.7 0.675781 0.675 0.707031 0.675 0.710938 0.671875 0.714844 0.671875 0.738281 0.675 0.742188 0.675 0.753906 0.68125 0.761719 0.68125 0.765625 0.690625 0.777344 0.696875 0.777344 0.7 0.773438 0.703125 0.773438 0.709375 0.765625 0.7125 0.765625 0.71875 0.757812 0.721875 0.757812 0.734375 0.742188 0.734375 0.738281 0.7375 0.734375 0.7375 0.730469 0.740625 0.726562 0.740625 0.722656 0.746875 0.714844 0.746875 0.695312 0.75 0.691406 0.75 0.671875 0.740625 0.660156
0 0.240625 0.683594 0.234375 0.691406 0.234375 0.703125 0.23125 0.707031 0.23125 0.710938 0.228125 0.714844 0.228125 0.71875 0.23125 0.722656 0.23125 0.726562 0.234375 0.730469 0.234375 0.738281 0.240625 0.746094 0.240625 0.757812 0.24375 0.761719 0.24375 0.765625 0.26875 0.796875 0.275 0.796875 0.278125 0.800781 0.284375 0.800781 0.2875 0.796875 0.2875 0.785156 0.284375 0.78125 0.284375 0.773438 0.28125 0.769531 0.28125 0.765625 0.278125 0.761719 0.278125 0.757812 0.275 0.753906 0.275 0.726562 0.271875 0.722656 0.271875 0.710938 0.265625 0.703125 0.265625 0.691406 0.2625 0.6875 0.259375 0.6875 0.25625 0.683594
0 0.63125 0.882812 0.628125 0.886719 0.61875 0.886719 0.6125 0.894531 0.609375 0.894531 0.596875 0.910156 0.596875 0.917969 0.571875 0.949219 0.571875 0.960938 0.56875 0.964844 0.56875 0.96875 0.571875 0.972656 0.575 0.972656 0.578125 0.976562 0.59375 0.976562 0.596875 0.972656 0.609375 0.972656 0.615625 0.964844 0.61875 0.964844 0.6375 0.941406 0.6375 0.9375 0.640625 0.933594 0.640625 0.929688 0.64375 0.925781 0.64375 0.917969 0.646875 0.914062 0.646875 0.886719 0.64375 0.882812
0 0.834375 0.902344 0.83125 0.90625 0.828125 0.90625 0.825 0.910156 0.821875 0.910156 0.81875 0.914062 0.796875 0.914062 0.790625 0.921875 0.790625 0.945312 0.796875 0.953125 0.81875 0.953125 0.821875 0.949219 0.828125 0.949219 0.83125 0.945312 0.834375 0.945312 0.8375 0.941406 0.846875 0.941406 0.85 0.9375 0.853125 0.9375 0.85625 0.933594 0.85625 0.929688 0.859375 0.925781 0.859375 0.910156 0.853125 0.902344
0 0 0.386719 0 0.410156 0.03125 0.410156 0.034375 0.414062 0.078125 0.414062 0.08125 0.410156 0.08125 0.40625 0.075 0.398438 0.06875 0.398438 0.065625 0.394531 0.0125 0.394531 0.00625 0.386719
0 0.346875 0.617188 0.34375 0.621094 0.33125 0.621094 0.328125 0.625 0.328125 0.636719 0.33125 0.640625 0.33125 0.652344 0.3375 0.660156 0.3375 0.667969 0.340625 0.671875 0.34375 0.671875 0.346875 0.675781 0.35 0.675781 0.353125 0.679688 0.35625 0.679688 0.359375 0.683594 0.365625 0.683594 0.36875 0.6875 0.378125 0.6875 0.38125 0.691406 0.390625 0.691406 0.39375 0.6875 0.403125 0.6875 0.40625 0.683594 0.4125 0.683594 0.415625 0.679688 0.415625 0.671875 0.378125 0.625 0.371875 0.625 0.36875 0.621094 0.3625 0.621094 0.359375 0.617188
0 0.1625 0.925781 0.159375 0.929688 0.159375 0.941406 0.1625 0.945312 0.1625 0.953125 0.165625 0.957031 0.2 0.957031 0.203125 0.960938 0.20625 0.960938 0.209375 0.964844 0.23125 0.964844 0.234375 0.96875 0.24375 0.96875 0.246875 0.972656 0.25 0.972656 0.259375 0.960938 0.25625 0.957031 0.25625 0.953125 0.25 0.945312 0.246875 0.945312 0.240625 0.9375 0.23125 0.9375 0.228125 0.933594 0.18125 0.933594 0.175 0.925781
0 0.85 0.941406 0.846875 0.945312 0.8375 0.945312 0.834375 0.949219 0.83125 0.949219 0.828125 0.953125 0.828125 0.980469 0.83125 0.984375 0.83125 0.992188 0.834375 0.996094 0.840625 0.996094 0.846875 0.988281 0.853125 0.988281 0.85625 0.984375 0.859375 0.984375 0.86875 0.972656 0.871875 0.972656 0.884375 0.957031 0.884375 0.953125 0.875 0.941406
0 0.4875 0.695312 0.484375 0.699219 0.484375 0.738281 0.490625 0.746094 0.49375 0.746094 0.496875 0.75 0.509375 0.75 0.51875 0.738281 0.51875 0.714844 0.515625 0.710938 0.515625 0.703125 0.509375 0.695312
0 0.003125 0.570312 0 0.574219 0 0.613281 0.009375 0.625 0.01875 0.625 0.021875 0.628906 0.025 0.628906 0.028125 0.632812 0.03125 0.632812 0.034375 0.636719 0.040625 0.636719 0.04375 0.640625 0.059375 0.640625 0.0625 0.636719 0.0625 0.625 0.05 0.609375 0.05 0.597656 0.053125 0.59375 0.053125 0.578125 0.05 0.574219 0.0375 0.574219 0.034375 0.570312
0 0.228125 0.769531 0.225 0.773438 0.225 0.785156 0.228125 0.789062 0.228125 0.808594 0.23125 0.8125 0.23125 0.820312 0.24375 0.835938 0.24375 0.839844 0.246875 0.84375 0.246875 0.847656 0.25 0.851562 0.25 0.855469 0.271875 0.882812 0.275 0.882812 0.284375 0.871094 0.284375 0.839844 0.28125 0.835938 0.28125 0.832031 0.278125 0.828125 0.278125 0.816406 0.26875 0.804688 0.26875 0.800781 0.24375 0.769531
0 0.49375 0 0.471875 0.0273438 0.471875 0.03125 0.465625 0.0390625 0.465625 0.046875 0.46875 0.0507812 0.49375 0.0507812 0.496875 0.046875 0.50625 0.046875 0.509375 0.0429688 0.51875 0.0429688 0.521875 0.0390625 0.528125 0.0390625 0.53125 0.0351562 0.534375 0.0351562 0.540625 0.0273438 0.546875 0.0273438 0.56875 0
0 0.0125 0.472656 0.009375 0.476562 0 0.476562 0 0.519531 0.021875 0.519531 0.028125 0.511719 0.028125 0.507812 0.0375 0.496094 0.040625 0.496094 0.04375 0.492188 0.040625 0.488281 0.040625 0.484375 0.034375 0.476562 0.028125 0.476562 0.025 0.472656
0 0.70625 0.960938 0.7 0.96875 0.7 0.972656 0.696875 0.976562 0.696875 0.980469 0.7 0.984375 0.7 0.988281 0.703125 0.992188 0.703125 0.996094 0.746875 0.996094 0.746875 0.984375 0.74375 0.980469 0.74375 0.976562 0.734375 0.964844 0.73125 0.964844 0.728125 0.960938
0 0.478125 0.542969 0.465625 0.558594 0.465625 0.5625 0.4625 0.566406 0.4625 0.574219 0.453125 0.585938 0.453125 0.625 0.45625 0.628906 0.45625 0.632812 0.4625 0.640625 0.4625 0.644531 0.46875 0.652344 0.48125 0.652344 0.484375 0.648438 0.484375 0.640625 0.4875 0.636719 0.4875 0.617188 0.490625 0.613281 0.490625 0.570312 0.49375 0.566406 0.49375 0.546875 0.490625 0.542969
0 0.5125 0.824219 0.50625 0.832031 0.5 0.832031 0.496875 0.835938 0.496875 0.859375 0.50625 0.871094 0.528125 0.871094 0.53125 0.867188 0.534375 0.867188 0.5375 0.863281 0.54375 0.863281 0.55 0.855469 0.55 0.84375 0.540625 0.832031 0.5375 0.832031 0.534375 0.828125 0.53125 0.828125 0.528125 0.824219
0 0.009375 0.628906 0.003125 0.636719 0.003125 0.660156 0.009375 0.667969 0.028125 0.667969 0.03125 0.671875 0.034375 0.667969 0.0375 0.667969 0.040625 0.664062 0.04375 0.664062 0.046875 0.660156 0.053125 0.660156 0.05625 0.65625 0.065625 0.65625 0.06875 0.652344 0.078125 0.652344 0.08125 0.648438 0.0875 0.648438 0.090625 0.652344 0.1 0.652344 0.1 0.644531 0.096875 0.640625 0.08125 0.640625 0.078125 0.636719 0.075 0.636719 0.071875 0.632812 0.065625 0.632812 0.065625 0.636719 0.059375 0.644531 0.04375 0.644531 0.040625 0.640625 0.034375 0.640625 0.03125 0.636719 0.028125 0.636719 0.025 0.632812 0.021875 0.632812 0.01875 0.628906
0 0.53125 0.324219 0.521875 0.335938 0.521875 0.359375 0.525 0.363281 0.528125 0.363281 0.534375 0.355469 0.5375 0.355469 0.540625 0.351562 0.540625 0.347656 0.546875 0.339844 0.546875 0.335938 0.55 0.332031 0.55 0.328125 0.546875 0.324219
0 0.5375 0.6875 0.534375 0.691406 0.53125 0.691406 0.525 0.699219 0.525 0.707031 0.528125 0.710938 0.528125 0.71875 0.54375 0.738281 0.55 0.738281 0.553125 0.742188 0.55625 0.742188 0.559375 0.746094 0.578125 0.746094 0.58125 0.742188 0.5875 0.742188 0.59375 0.734375 0.59375 0.71875 0.584375 0.707031 0.58125 0.707031 0.56875 0.691406 0.565625 0.691406 0.5625 0.6875
0 0.04375 0.359375 0.0375 0.367188 0.028125 0.367188 0.025 0.363281 0.003125 0.363281 0 0.367188 0 0.382812 0.00625 0.382812 0.0125 0.390625 0.034375 0.390625 0.040625 0.382812 0.046875 0.382812 0.053125 0.375 0.05625 0.375 0.059375 0.371094 0.059375 0.363281 0.05625 0.359375
0 0.99375 0.816406 0.990625 0.820312 0.990625 0.824219 0.984375 0.832031 0.984375 0.84375 0.9875 0.847656 0.996875 0.847656 0.996875 0.816406
0 0.271875 0.488281 0.265625 0.496094 0.265625 0.523438 0.271875 0.53125 0.271875 0.535156 0.275 0.539062 0.275 0.542969 0.28125 0.550781 0.284375 0.550781 0.2875 0.554688 0.290625 0.554688 0.296875 0.5625 0.303125 0.5625 0.30625 0.558594 0.30625 0.546875 0.309375 0.542969 0.309375 0.535156 0.30625 0.53125 0.30625 0.519531 0.29375 0.503906 0.29375 0.5 0.2875 0.492188 0.284375 0.492188 0.28125 0.488281
0 0.078125 0.574219 0.075 0.578125 0.071875 0.578125 0.06875 0.582031 0.0625 0.582031 0.05625 0.589844 0.05625 0.59375 0.053125 0.597656 0.053125 0.609375 0.065625 0.625 0.065625 0.628906 0.071875 0.628906 0.075 0.632812 0.078125 0.632812 0.08125 0.636719 0.1125 0.636719 0.115625 0.632812 0.11875 0.632812 0.121875 0.628906 0.125 0.628906 0.128125 0.625 0.128125 0.621094 0.134375 0.613281 0.134375 0.59375 0.128125 0.585938 0.125 0.585938 0.121875 0.582031 0.115625 0.582031 0.1125 0.578125 0.103125 0.578125 0.1 0.574219
0 0.359375 0.203125 0.35625 0.207031 0.35 0.207031 0.346875 0.210938 0.34375 0.210938 0.328125 0.230469 0.328125 0.25 0.321875 0.257812 0.321875 0.285156 0.325 0.289062 0.334375 0.289062 0.34375 0.277344 0.346875 0.277344 0.35 0.273438 0.353125 0.273438 0.365625 0.257812 0.365625 0.253906 0.36875 0.25 0.36875 0.242188 0.371875 0.238281 0.371875 0.207031 0.36875 0.203125
0 0.33125 0.0820312 0.31875 0.0976562 0.31875 0.101562 0.315625 0.105469 0.315625 0.121094 0.31875 0.125 0.31875 0.128906 0.321875 0.132812 0.334375 0.132812 0.34375 0.121094 0.346875 0.121094 0.35625 0.109375 0.35625 0.101562 0.353125 0.0976562 0.35 0.0976562 0.3375 0.0820312
0 0.609375 0.753906 0.60625 0.757812 0.603125 0.757812 0.596875 0.765625 0.596875 0.777344 0.603125 0.785156 0.6125 0.785156 0.625 0.769531 0.625 0.757812 0.621875 0.753906
0 0 0.414062 0 0.472656 0.009375 0.472656 0.0125 0.46875 0.025 0.46875 0.03125 0.460938 0.05 0.460938 0.053125 0.457031 0.0625 0.457031 0.06875 0.449219 0.06875 0.4375 0.0625 0.429688 0.059375 0.429688 0.05625 0.425781 0.05 0.425781 0.04375 0.417969 0.034375 0.417969 0.03125 0.414062
0 0.871875 0.695312 0.865625 0.703125 0.865625 0.707031 0.859375 0.714844 0.859375 0.738281 0.85625 0.742188 0.85625 0.773438 0.8625 0.78125 0.871875 0.78125 0.875 0.777344 0.878125 0.777344 0.896875 0.753906 0.896875 0.703125 0.89375 0.699219 0.890625 0.699219 0.8875 0.695312
0 0.93125 0.84375 0.928125 0.847656 0.925 0.847656 0.9125 0.863281 0.909375 0.863281 0.903125 0.871094 0.903125 0.882812 0.9 0.886719 0.9 0.90625 0.903125 0.910156 0.903125 0.917969 0.90625 0.921875 0.909375 0.921875 0.9125 0.925781 0.934375 0.925781 0.946875 0.910156 0.946875 0.894531 0.95 0.890625 0.95 0.855469 0.946875 0.851562 0.946875 0.847656 0.94375 0.84375
0 0.490625 0.441406 0.4875 0.445312 0.484375 0.445312 0.45 0.488281 0.45 0.492188 0.44375 0.5 0.44375 0.511719 0.440625 0.515625 0.440625 0.519531 0.4375 0.523438 0.4375 0.527344 0.434375 0.53125 0.434375 0.546875 0.4375 0.550781 0.45625 0.550781 0.459375 0.546875 0.4625 0.546875 0.465625 0.542969 0.465625 0.539062 0.484375 0.515625 0.484375 0.511719 0.496875 0.496094 0.496875 0.492188 0.5 0.488281 0.5 0.484375 0.503125 0.480469 0.503125 0.445312 0.5 0.441406
0 0.2875 0.0546875 0.284375 0.0585938 0.284375 0.0625 0.28125 0.0664062 0.28125 0.078125 0.278125 0.0820312 0.278125 0.0859375 0.28125 0.0898438 0.2875 0.0898438 0.296875 0.078125 0.296875 0.0742188 0.3 0.0703125 0.3 0.0625 0.29375 0.0546875
0 0.021875 0.300781 0.015625 0.308594 0.009375 0.308594 0.00625 0.3125 0.00625 0.316406 0.003125 0.320312 0.003125 0.324219 0.00625 0.328125 0.00625 0.332031 0.009375 0.335938 0.009375 0.339844 0.015625 0.347656 0.046875 0.347656 0.05625 0.335938 0.05625 0.332031 0.0625 0.324219 0.0625 0.3125 0.065625 0.308594 0.065625 0.304688 0.0625 0.300781
0 0.08125 0.710938 0.071875 0.722656 0.071875 0.730469 0.084375 0.746094 0.084375 0.75 0.09375 0.761719 0.115625 0.761719 0.11875 0.757812 0.128125 0.757812 0.13125 0.753906 0.134375 0.753906 0.1375 0.75 0.140625 0.75 0.140625 0.746094 0.146875 0.738281 0.146875 0.726562 0.140625 0.71875 0.1375 0.71875 0.134375 0.714844 0.13125 0.714844 0.128125 0.710938
0 0.053125 0.273438 0.046875 0.28125 0.046875 0.285156 0.04375 0.289062 0.04375 0.292969 0.046875 0.296875 0.0625 0.296875 0.06875 0.304688 0.06875 0.308594 0.065625 0.3125 0.065625 0.324219 0.1 0.324219 0.103125 0.320312 0.11875 0.320312 0.121875 0.316406 0.121875 0.300781 0.115625 0.292969 0.10625 0.292969 0.103125 0.289062 0.096875 0.289062 0.090625 0.28125 0.084375 0.28125 0.08125 0.277344 0.065625 0.277344 0.0625 0.273438
0 0.23125 0.0546875 0.225 0.0625 0.225 0.0703125 0.221875 0.0742188 0.221875 0.0859375 0.215625 0.09375 0.215625 0.0976562 0.21875 0.101562 0.21875 0.105469 0.221875 0.109375 0.221875 0.121094 0.225 0.125 0.23125 0.125 0.234375 0.121094 0.234375 0.113281 0.2375 0.109375 0.2375 0.105469 0.240625 0.101562 0.240625 0.0898438 0.246875 0.0820312 0.246875 0.0703125 0.234375 0.0546875
0 0.171875 0 0.1625 0.0117188 0.1625 0.0195312 0.165625 0.0234375 0.1875 0.0234375 0.19375 0.015625 0.19375 0.0078125 0.2 0
0 0.746875 0.71875 0.74375 0.722656 0.74375 0.726562 0.740625 0.730469 0.740625 0.734375 0.7375 0.738281 0.7375 0.742188 0.721875 0.761719 0.71875 0.761719 0.7125 0.769531 0.709375 0.769531 0.703125 0.777344 0.7 0.777344 0.696875 0.78125 0.690625 0.78125 0.678125 0.765625 0.678125 0.761719 0.675 0.757812 0.66875 0.757812 0.665625 0.761719 0.665625 0.792969 0.671875 0.800781 0.6875 0.800781 0.690625 0.796875 0.696875 0.796875 0.7 0.792969 0.703125 0.792969 0.70625 0.789062 0.709375 0.789062 0.7375 0.753906 0.7375 0.75 0.740625 0.746094 0.740625 0.742188 0.746875 0.734375 0.746875 0.730469 0.75 0.726562 0.75 0.722656
0 0.18125 0.441406 0.16875 0.457031 0.16875 0.46875 0.171875 0.472656 0.171875 0.484375 0.175 0.488281 0.175 0.492188 0.178125 0.496094 0.178125 0.5 0.18125 0.503906 0.18125 0.507812 0.184375 0.511719 0.184375 0.515625 0.196875 0.53125 0.203125 0.53125 0.2125 0.519531 0.2125 0.515625 0.215625 0.511719 0.215625 0.488281 0.2125 0.484375 0.2125 0.46875 0.209375 0.464844 0.209375 0.460938 0.20625 0.457031 0.20625 0.453125 0.2 0.445312 0.196875 0.445312 0.19375 0.441406
0 0.615625 0.683594 0.609375 0.691406 0.60625 0.691406 0.6 0.699219 0.6 0.710938 0.596875 0.714844 0.596875 0.730469 0.6 0.734375 0.628125 0.734375 0.63125 0.730469 0.6375 0.730469 0.640625 0.726562 0.64375 0.726562 0.65 0.71875 0.653125 0.71875 0.659375 0.710938 0.659375 0.699219 0.65625 0.695312 0.653125 0.695312 0.65 0.691406 0.640625 0.691406 0.6375 0.6875 0.634375 0.6875 0.63125 0.683594
0 0.459375 0.207031 0.45625 0.210938 0.446875 0.210938 0.44375 0.214844 0.4375 0.214844 0.428125 0.226562 0.425 0.226562 0.421875 0.230469 0.41875 0.230469 0.4125 0.238281 0.4125 0.246094 0.415625 0.25 0.415625 0.253906 0.421875 0.261719 0.425 0.261719 0.428125 0.265625 0.45 0.265625 0.45625 0.257812 0.459375 0.257812 0.4625 0.253906 0.46875 0.253906 0.471875 0.25 0.478125 0.25 0.490625 0.234375 0.490625 0.21875 0.4875 0.214844 0.484375 0.214844 0.48125 0.210938 0.478125 0.210938 0.475 0.207031
0 0.075 0.164062 0.071875 0.167969 0.06875 0.167969 0.065625 0.171875 0.0625 0.171875 0.053125 0.183594 0.053125 0.203125 0.0625 0.214844 0.065625 0.214844 0.06875 0.21875 0.090625 0.21875 0.09375 0.214844 0.1 0.214844 0.1 0.167969 0.096875 0.164062
0 0.134375 0.0390625 0.13125 0.0429688 0.128125 0.0429688 0.125 0.046875 0.11875 0.046875 0.115625 0.0507812 0.10625 0.0507812 0.103125 0.0546875 0.1 0.0546875 0.096875 0.0585938 0.09375 0.0585938 0.0875 0.0664062 0.084375 0.0664062 0.071875 0.0820312 0.071875 0.0859375 0.06875 0.0898438 0.06875 0.0976562 0.071875 0.101562 0.0875 0.101562 0.090625 0.0976562 0.09375 0.0976562 0.096875 0.09375 0.10625 0.09375 0.109375 0.0898438 0.1125 0.0898438 0.115625 0.0859375 0.11875 0.0859375 0.121875 0.0820312 0.125 0.0820312 0.128125 0.078125 0.13125 0.078125 0.134375 0.0742188 0.1375 0.0742188 0.146875 0.0625 0.146875 0.0546875 0.15 0.0507812 0.15 0.0429688 0.146875 0.0390625
0 0.7875 0.730469 0.7625 0.761719 0.7625 0.765625 0.759375 0.769531 0.759375 0.78125 0.75625 0.785156 0.75625 0.789062 0.753125 0.792969 0.753125 0.828125 0.75625 0.832031 0.771875 0.832031 0.790625 0.808594 0.790625 0.804688 0.803125 0.789062 0.803125 0.785156 0.80625 0.78125 0.80625 0.777344 0.809375 0.773438 0.809375 0.738281 0.80625 0.734375 0.803125 0.734375 0.8 0.730469
0 0.003125 0.246094 0 0.25 0 0.300781 0.0125 0.300781 0.015625 0.296875 0.01875 0.296875 0.021875 0.292969 0.021875 0.289062 0.028125 0.28125 0.03125 0.28125 0.040625 0.269531 0.040625 0.25 0.03125 0.25 0.028125 0.246094
0 0.509375 0.582031 0.503125 0.589844 0.503125 0.621094 0.5 0.625 0.5 0.628906 0.496875 0.632812 0.496875 0.667969 0.5 0.671875 0.5 0.675781 0.50625 0.683594 0.515625 0.683594 0.521875 0.675781 0.521875 0.671875 0.525 0.667969 0.525 0.621094 0.521875 0.617188 0.521875 0.605469 0.515625 0.597656 0.515625 0.585938 0.5125 0.582031
0 0.7 0.8125 0.696875 0.816406 0.690625 0.816406 0.6875 0.820312 0.66875 0.820312 0.665625 0.824219 0.665625 0.828125 0.6625 0.832031 0.6625 0.851562 0.66875 0.859375 0.68125 0.859375 0.684375 0.855469 0.690625 0.855469 0.69375 0.851562 0.696875 0.851562 0.703125 0.84375 0.703125 0.839844 0.709375 0.832031 0.709375 0.816406 0.70625 0.8125
0 0.571875 0 0.553125 0.0234375 0.55625 0.0273438 0.584375 0.0273438 0.5875 0.0234375 0.590625 0.0234375 0.59375 0.0195312 0.603125 0.0195312 0.609375 0.0117188 0.609375 0.00390625 0.60625 0
0 0.04375 0.0898438 0.040625 0.09375 0.025 0.09375 0.021875 0.0976562 0.01875 0.0976562 0.015625 0.101562 0.00625 0.101562 0 0.109375 0 0.132812 0.01875 0.132812 0.021875 0.128906 0.025 0.128906 0.034375 0.117188 0.0375 0.117188 0.04375 0.109375 0.053125 0.109375 0.0625 0.0976562 0.0625 0.09375 0.059375 0.0898438
0 0.4625 0.449219 0.45625 0.457031 0.453125 0.457031 0.45 0.460938 0.446875 0.460938 0.4375 0.472656 0.434375 0.472656 0.425 0.484375 0.421875 0.484375 0.415625 0.492188 0.415625 0.503906 0.4125 0.507812 0.4125 0.519531 0.415625 0.523438 0.415625 0.527344 0.41875 0.53125 0.43125 0.53125 0.434375 0.527344 0.434375 0.523438 0.4375 0.519531 0.4375 0.515625 0.440625 0.511719 0.440625 0.5 0.446875 0.492188 0.446875 0.488281 0.475 0.453125 0.471875 0.449219
0 0.971875 0.667969 0.96875 0.671875 0.965625 0.671875 0.9625 0.675781 0.953125 0.675781 0.94375 0.6875 0.940625 0.6875 0.928125 0.703125 0.925 0.703125 0.915625 0.714844 0.915625 0.71875 0.9125 0.722656 0.9125 0.726562 0.909375 0.730469 0.909375 0.742188 0.903125 0.75 0.903125 0.757812 0.90625 0.761719 0.9125 0.761719 0.928125 0.742188 0.93125 0.742188 0.984375 0.675781 0.984375 0.671875 0.98125 0.667969
0 0.321875 0 0.321875 0.0078125 0.31875 0.0117188 0.31875 0.0195312 0.321875 0.0234375 0.321875 0.0351562 0.325 0.0390625 0.328125 0.0390625 0.33125 0.0351562 0.33125 0.03125 0.340625 0.0195312 0.340625 0.015625 0.34375 0.0117188 0.34375 0.0078125 0.35 0
0 0.45 0.652344 0.446875 0.65625 0.446875 0.671875 0.45 0.675781 0.45 0.683594 0.453125 0.6875 0.475 0.6875 0.478125 0.683594 0.478125 0.671875 0.475 0.667969 0.471875 0.667969 0.46875 0.664062 0.465625 0.664062 0.45625 0.652344
0 0.4125 0.765625 0.403125 0.777344 0.396875 0.777344 0.384375 0.792969 0.38125 0.792969 0.378125 0.796875 0.378125 0.800781 0.371875 0.808594 0.371875 0.835938 0.375 0.839844 0.378125 0.839844 0.38125 0.84375 0.403125 0.84375 0.40625 0.839844 0.415625 0.839844 0.41875 0.835938 0.421875 0.835938 0.425 0.832031 0.428125 0.832031 0.434375 0.824219 0.434375 0.777344 0.428125 0.769531 0.425 0.769531 0.421875 0.765625
0 0.921875 0.816406 0.91875 0.820312 0.915625 0.820312 0.903125 0.835938 0.903125 0.855469 0.90625 0.859375 0.9125 0.859375 0.925 0.84375 0.928125 0.84375 0.93125 0.839844 0.94375 0.839844 0.94375 0.835938 0.946875 0.832031 0.946875 0.828125 0.9375 0.816406
0 0.521875 0.886719 0.51875 0.890625 0.515625 0.890625 0.509375 0.898438 0.509375 0.910156 0.5125 0.914062 0.5125 0.921875 0.515625 0.925781 0.515625 0.929688 0.521875 0.9375 0.53125 0.9375 0.54375 0.921875 0.54375 0.917969 0.553125 0.90625 0.553125 0.898438 0.55 0.894531 0.54375 0.894531 0.5375 0.886719
0 0.04375 0.496094 0.040625 0.5 0.0375 0.5 0.03125 0.507812 0.03125 0.519531 0.034375 0.523438 0.034375 0.53125 0.05 0.550781 0.103125 0.550781 0.10625 0.546875 0.10625 0.523438 0.1 0.515625 0.08125 0.515625 0.078125 0.511719 0.075 0.511719 0.071875 0.507812 0.06875 0.507812 0.065625 0.503906 0.0625 0.503906 0.05625 0.496094
0 0.08125 0.652344 0.078125 0.65625 0.06875 0.65625 0.065625 0.660156 0.05625 0.660156 0.053125 0.664062 0.046875 0.664062 0.04375 0.667969 0.040625 0.667969 0.0375 0.671875 0.034375 0.671875 0.01875 0.691406 0.01875 0.703125 0.021875 0.707031 0.128125 0.707031 0.13125 0.703125 0.1375 0.703125 0.146875 0.691406 0.146875 0.6875 0.125 0.660156 0.11875 0.660156 0.115625 0.65625 0.1125 0.65625 0.109375 0.652344 0.103125 0.652344 0.1 0.65625 0.090625 0.65625 0.0875 0.652344
0 0.15625 0.296875 0.153125 0.300781 0.153125 0.332031 0.15625 0.335938 0.15625 0.339844 0.165625 0.351562 0.16875 0.351562 0.171875 0.347656 0.171875 0.335938 0.178125 0.328125 0.178125 0.324219 0.18125 0.320312 0.18125 0.316406 0.178125 0.3125 0.171875 0.3125 0.159375 0.296875
0 0.2875 0.136719 0.28125 0.144531 0.28125 0.148438 0.278125 0.152344 0.278125 0.199219 0.28125 0.203125 0.28125 0.210938 0.284375 0.214844 0.2875 0.214844 0.29375 0.207031 0.29375 0.195312 0.296875 0.191406 0.296875 0.1875 0.3 0.183594 0.3 0.171875 0.303125 0.167969 0.303125 0.144531 0.296875 0.136719
0 0.45625 0.753906 0.453125 0.757812 0.453125 0.761719 0.45 0.765625 0.45 0.769531 0.446875 0.773438 0.446875 0.777344 0.44375 0.78125 0.44375 0.789062 0.446875 0.792969 0.446875 0.804688 0.459375 0.820312 0.484375 0.820312 0.49375 0.808594 0.49375 0.804688 0.496875 0.800781 0.496875 0.769531 0.49375 0.765625 0.49375 0.761719 0.4875 0.753906
0 0.25625 0.386719 0.246875 0.398438 0.246875 0.421875 0.25 0.425781 0.25625 0.425781 0.259375 0.421875 0.2625 0.421875 0.26875 0.414062 0.271875 0.414062 0.275 0.410156 0.28125 0.410156 0.284375 0.40625 0.284375 0.398438 0.275 0.386719
0 0.009375 0.351562 0.00625 0.355469 0.00625 0.359375 0.025 0.359375 0.028125 0.363281 0.0375 0.363281 0.04375 0.355469 0.04375 0.351562
0 0.35 0.457031 0.346875 0.460938 0.346875 0.507812 0.34375 0.511719 0.34375 0.554688 0.35 0.5625 0.3625 0.5625 0.365625 0.558594 0.365625 0.542969 0.36875 0.539062 0.36875 0.484375 0.365625 0.480469 0.365625 0.464844 0.359375 0.457031
0 0.4875 0.0742188 0.484375 0.078125 0.48125 0.078125 0.471875 0.0898438 0.46875 0.0898438 0.4625 0.0976562 0.459375 0.0976562 0.446875 0.113281 0.446875 0.121094 0.45 0.125 0.471875 0.125 0.475 0.121094 0.48125 0.121094 0.484375 0.117188 0.4875 0.117188 0.490625 0.113281 0.49375 0.113281 0.496875 0.109375 0.5 0.109375 0.509375 0.0976562 0.509375 0.078125 0.50625 0.0742188
0 0.24375 0.613281 0.240625 0.617188 0.240625 0.621094 0.24375 0.625 0.24375 0.636719 0.246875 0.640625 0.246875 0.660156 0.253125 0.667969 0.253125 0.675781 0.259375 0.683594 0.2625 0.683594 0.26875 0.691406 0.271875 0.691406 0.275 0.695312 0.28125 0.695312 0.284375 0.691406 0.284375 0.664062 0.2875 0.660156 0.2875 0.65625 0.290625 0.652344 0.290625 0.628906 0.284375 0.621094 0.271875 0.621094 0.265625 0.613281
0 0.15 0.140625 0.14375 0.148438 0.115625 0.148438 0.115625 0.160156 0.11875 0.164062 0.11875 0.171875 0.125 0.179688 0.128125 0.179688 0.13125 0.183594 0.140625 0.183594 0.15 0.171875 0.15 0.167969 0.159375 0.15625 0.159375 0.144531 0.15625 0.140625
0 0.434375 0.269531 0.428125 0.277344 0.425 0.277344 0.41875 0.285156 0.4125 0.285156 0.409375 0.289062 0.409375 0.320312 0.415625 0.328125 0.415625 0.332031 0.428125 0.347656 0.45 0.347656 0.453125 0.34375 0.459375 0.34375 0.4625 0.339844 0.465625 0.339844 0.46875 0.335938 0.471875 0.335938 0.475 0.332031 0.478125 0.332031 0.490625 0.316406 0.490625 0.3125 0.49375 0.308594 0.49375 0.289062 0.490625 0.285156 0.490625 0.28125 0.484375 0.273438 0.48125 0.273438 0.478125 0.269531
0 0.478125 0.363281 0.475 0.367188 0.4625 0.367188 0.459375 0.371094 0.45625 0.371094 0.453125 0.375 0.453125 0.378906 0.446875 0.386719 0.446875 0.40625 0.45 0.410156 0.4625 0.410156 0.465625 0.40625 0.490625 0.40625 0.496875 0.398438 0.496875 0.390625 0.49375 0.386719 0.49375 0.375 0.496875 0.371094 0.496875 0.367188 0.49375 0.363281
0 0.11875 0 0.115625 0.00390625 0.115625 0.0078125 0.109375 0.015625 0.109375 0.0273438 0.1125 0.03125 0.125 0.03125 0.128125 0.0273438 0.134375 0.0273438 0.1375 0.0234375 0.146875 0.0234375 0.153125 0.015625 0.15625 0.015625 0.16875 0
0 0.165625 0.785156 0.1625 0.789062 0.1625 0.792969 0.159375 0.796875 0.159375 0.8125 0.165625 0.820312 0.171875 0.820312 0.2125 0.871094 0.228125 0.871094 0.23125 0.867188 0.23125 0.855469 0.228125 0.851562 0.228125 0.84375 0.225 0.839844 0.225 0.835938 0.21875 0.828125 0.21875 0.820312 0.20625 0.804688 0.203125 0.804688 0.19375 0.792969 0.1875 0.792969 0.184375 0.789062 0.18125 0.789062 0.178125 0.785156
0 0.046875 0.144531 0.04375 0.148438 0.0375 0.148438 0.03125 0.15625 0.028125 0.15625 0.025 0.160156 0.025 0.183594 0.028125 0.1875 0.04375 0.1875 0.046875 0.183594 0.05 0.183594 0.0625 0.167969 0.065625 0.167969 0.06875 0.164062 0.071875 0.164062 0.075 0.160156 0.075 0.15625 0.071875 0.152344 0.065625 0.152344 0.059375 0.144531
0 0.1875 0.160156 0.184375 0.164062 0.184375 0.191406 0.190625 0.199219 0.19375 0.199219 0.203125 0.1875 0.2125 0.1875 0.215625 0.183594 0.215625 0.179688 0.2 0.160156
0 0.340625 0.675781 0.340625 0.695312 0.35625 0.714844 0.375 0.714844 0.378125 0.710938 0.378125 0.703125 0.371875 0.695312 0.371875 0.691406 0.36875 0.691406 0.365625 0.6875 0.359375 0.6875 0.35625 0.683594 0.353125 0.683594 0.35 0.679688 0.346875 0.679688 0.34375 0.675781
0 0.1375 0.0859375 0.134375 0.0898438 0.13125 0.0898438 0.128125 0.09375 0.125 0.09375 0.11875 0.101562 0.1125 0.101562 0.109375 0.105469 0.109375 0.132812 0.1125 0.136719 0.1125 0.140625 0.115625 0.144531 0.14375 0.144531 0.15 0.136719 0.153125 0.136719 0.165625 0.121094 0.165625 0.117188 0.16875 0.113281 0.16875 0.0976562 0.165625 0.09375 0.165625 0.0898438 0.1625 0.0859375
0 0.2 0.894531 0.196875 0.898438 0.19375 0.898438 0.190625 0.902344 0.1875 0.902344 0.175 0.917969 0.175 0.921875 0.18125 0.929688 0.228125 0.929688 0.23125 0.933594 0.240625 0.933594 0.246875 0.925781 0.246875 0.914062 0.24375 0.910156 0.240625 0.910156 0.2375 0.90625 0.234375 0.90625 0.23125 0.902344 0.225 0.902344 0.221875 0.898438 0.21875 0.898438 0.215625 0.894531
0 0 0.214844 0 0.246094 0.003125 0.242188 0.028125 0.242188 0.03125 0.246094 0.040625 0.246094 0.040625 0.21875 0.0375 0.214844
0 0.1375 0.753906 0.134375 0.757812 0.13125 0.757812 0.128125 0.761719 0.11875 0.761719 0.115625 0.765625 0.1125 0.765625 0.1125 0.777344 0.115625 0.78125 0.115625 0.796875 0.121875 0.804688 0.121875 0.8125 0.13125 0.824219 0.15 0.824219 0.153125 0.820312 0.153125 0.816406 0.15625 0.8125 0.15625 0.796875 0.159375 0.792969 0.159375 0.789062 0.1625 0.785156 0.1625 0.769531 0.153125 0.757812 0.15 0.757812 0.146875 0.753906
0 0.053125 0.210938 0.05 0.214844 0.05 0.242188 0.059375 0.253906 0.0625 0.253906 0.065625 0.257812 0.071875 0.257812 0.075 0.261719 0.09375 0.261719 0.096875 0.257812 0.1 0.257812 0.10625 0.25 0.10625 0.246094 0.109375 0.242188 0.109375 0.222656 0.10625 0.21875 0.09375 0.21875 0.090625 0.222656 0.06875 0.222656 0.065625 0.21875 0.0625 0.21875 0.05625 0.210938
0 0.271875 0.953125 0.265625 0.960938 0.2625 0.960938 0.246875 0.980469 0.246875 0.988281 0.25 0.992188 0.25 0.996094 0.315625 0.996094 0.315625 0.984375 0.309375 0.976562 0.309375 0.96875 0.3 0.957031 0.29375 0.957031 0.290625 0.953125
0 0.35 0.746094 0.3375 0.761719 0.334375 0.761719 0.315625 0.785156 0.315625 0.808594 0.31875 0.8125 0.31875 0.820312 0.325 0.828125 0.340625 0.828125 0.34375 0.824219 0.353125 0.824219 0.35625 0.820312 0.359375 0.820312 0.36875 0.808594 0.36875 0.765625 0.365625 0.761719 0.365625 0.75 0.3625 0.746094
0 0.103125 0.109375 0.1 0.113281 0.078125 0.113281 0.065625 0.128906 0.065625 0.132812 0.0625 0.136719 0.0625 0.144531 0.065625 0.148438 0.071875 0.148438 0.075 0.152344 0.109375 0.152344 0.1125 0.148438 0.1125 0.144531 0.109375 0.140625 0.109375 0.136719 0.10625 0.132812 0.10625 0.109375
