0 0.144531 0.335938 0.140625 0.339844 0.132812 0.339844 0.121094 0.351562 0.117188 0.351562 0.109375 0.359375 0.109375 0.386719 0.113281 0.390625 0.117188 0.390625 0.125 0.398438 0.148438 0.398438 0.152344 0.402344 0.15625 0.402344 0.160156 0.398438 0.164062 0.398438 0.175781 0.386719 0.175781 0.367188 0.179688 0.363281 0.179688 0.359375 0.175781 0.355469 0.175781 0.347656 0.167969 0.339844 0.160156 0.339844 0.15625 0.335938
0 0.316406 0.308594 0.3125 0.3125 0.308594 0.3125 0.296875 0.324219 0.292969 0.324219 0.292969 0.328125 0.289062 0.332031 0.289062 0.335938 0.296875 0.34375 0.304688 0.34375 0.308594 0.339844 0.324219 0.339844 0.328125 0.335938 0.332031 0.335938 0.335938 0.332031 0.339844 0.332031 0.34375 0.328125 0.339844 0.324219 0.339844 0.320312 0.335938 0.316406 0.328125 0.316406 0.324219 0.3125 0.320312 0.3125
0 0.828125 0.203125 0.820312 0.210938 0.820312 0.214844 0.8125 0.222656 0.8125 0.257812 0.820312 0.265625 0.820312 0.269531 0.824219 0.269531 0.828125 0.273438 0.84375 0.273438 0.863281 0.253906 0.867188 0.253906 0.867188 0.222656 0.863281 0.21875 0.863281 0.210938 0.855469 0.203125
0 0.191406 0.898438 0.191406 0.90625 0.1875 0.910156 0.1875 0.914062 0.183594 0.917969 0.175781 0.917969 0.171875 0.921875 0.164062 0.921875 0.171875 0.921875 0.175781 0.925781 0.175781 0.929688 0.171875 0.933594 0.171875 0.941406 0.164062 0.949219 0.164062 0.972656 0.167969 0.976562 0.167969 0.988281 0.175781 0.996094 0.21875 0.996094 0.226562 0.988281 0.226562 0.984375 0.230469 0.980469 0.230469 0.96875 0.234375 0.964844 0.234375 0.953125 0.230469 0.949219 0.230469 0.941406 0.226562 0.9375 0.226562 0.933594 0.214844 0.921875 0.214844 0.925781 0.210938 0.929688 0.214844 0.933594 0.210938 0.9375 0.207031 0.9375 0.203125 0.933594 0.199219 0.933594 0.195312 0.929688 0.195312 0.917969 0.199219 0.914062 0.191406 0.90625
0 0.792969 0.160156 0.785156 0.167969 0.785156 0.171875 0.78125 0.175781 0.78125 0.183594 0.777344 0.1875 0.777344 0.191406 0.773438 0.195312 0.773438 0.203125 0.777344 0.207031 0.777344 0.21875 0.78125 0.222656 0.78125 0.230469 0.785156 0.234375 0.792969 0.234375 0.800781 0.226562 0.804688 0.226562 0.804688 0.21875 0.808594 0.214844 0.808594 0.210938 0.8125 0.207031 0.8125 0.203125 0.816406 0.199219 0.816406 0.167969 0.808594 0.160156
0 0.632812 0 0.632812 0.0117188 0.648438 0.0273438 0.664062 0.0273438 0.667969 0.0234375 0.671875 0.0234375 0.683594 0.0117188 0.683594 0.00390625 0.679688 0
0 0.746094 0.1875 0.738281 0.195312 0.730469 0.195312 0.726562 0.199219 0.722656 0.199219 0.710938 0.210938 0.710938 0.234375 0.714844 0.238281 0.742188 0.238281 0.75 0.246094 0.746094 0.25 0.742188 0.25 0.738281 0.253906 0.734375 0.253906 0.730469 0.257812 0.726562 0.257812 0.726562 0.261719 0.722656 0.265625 0.722656 0.269531 0.726562 0.273438 0.726562 0.277344 0.730469 0.28125 0.730469 0.285156 0.75 0.304688 0.757812 0.304688 0.761719 0.308594 0.78125 0.308594 0.785156 0.304688 0.789062 0.304688 0.789062 0.300781 0.792969 0.296875 0.796875 0.296875 0.800781 0.292969 0.800781 0.277344 0.796875 0.277344 0.792969 0.273438 0.792969 0.269531 0.789062 0.265625 0.789062 0.261719 0.769531 0.242188 0.757812 0.242188 0.753906 0.238281 0.753906 0.234375 0.757812 0.230469 0.757812 0.226562 0.761719 0.222656 0.765625 0.222656 0.765625 0.199219 0.761719 0.195312 0.761719 0.191406 0.757812 0.191406 0.753906 0.1875
0 0.765625 0.558594 0.761719 0.5625 0.761719 0.574219 0.769531 0.582031 0.777344 0.582031 0.78125 0.578125 0.785156 0.578125 0.785156 0.574219 0.78125 0.570312 0.78125 0.566406 0.777344 0.5625 0.777344 0.558594
0 0.332031 0.0859375 0.328125 0.0898438 0.328125 0.0976562 0.332031 0.101562 0.339844 0.101562 0.34375 0.0976562 0.34375 0.0898438 0.339844 0.0859375
0 0.183594 0.214844 0.179688 0.21875 0.171875 0.21875 0.167969 0.222656 0.164062 0.222656 0.164062 0.226562 0.15625 0.234375 0.15625 0.246094 0.160156 0.25 0.160156 0.257812 0.164062 0.261719 0.164062 0.265625 0.175781 0.277344 0.179688 0.277344 0.183594 0.28125 0.199219 0.28125 0.203125 0.277344 0.207031 0.277344 0.214844 0.269531 0.214844 0.238281 0.207031 0.230469 0.207031 0.222656 0.203125 0.21875 0.195312 0.21875 0.191406 0.214844
0 0.652344 0.46875 0.648438 0.472656 0.648438 0.492188 0.652344 0.496094 0.652344 0.511719 0.660156 0.519531 0.679688 0.519531 0.6875 0.511719 0.6875 0.480469 0.683594 0.476562 0.683594 0.472656 0.679688 0.46875
0 0.316406 0.0429688 0.3125 0.046875 0.3125 0.0546875 0.316406 0.0585938 0.324219 0.0585938 0.328125 0.0546875 0.328125 0.046875 0.324219 0.0429688
0 0.503906 0.308594 0.5 0.3125 0.496094 0.3125 0.496094 0.324219 0.492188 0.328125 0.492188 0.355469 0.503906 0.367188 0.503906 0.375 0.515625 0.375 0.519531 0.378906 0.535156 0.378906 0.539062 0.375 0.542969 0.375 0.550781 0.367188 0.550781 0.359375 0.554688 0.355469 0.554688 0.34375 0.558594 0.339844 0.558594 0.328125 0.546875 0.316406 0.542969 0.316406 0.539062 0.3125 0.535156 0.3125 0.53125 0.308594
0 0.398438 0.289062 0.394531 0.292969 0.390625 0.292969 0.386719 0.296875 0.386719 0.304688 0.394531 0.3125 0.421875 0.3125 0.421875 0.296875 0.414062 0.289062
0 0.703125 0.480469 0.699219 0.484375 0.691406 0.484375 0.691406 0.515625 0.695312 0.519531 0.695312 0.523438 0.699219 0.527344 0.703125 0.527344 0.707031 0.53125 0.726562 0.53125 0.730469 0.527344 0.730469 0.519531 0.742188 0.507812 0.746094 0.507812 0.75 0.503906 0.75 0.492188 0.746094 0.488281 0.722656 0.488281 0.714844 0.480469
0 0.363281 0.078125 0.359375 0.0820312 0.359375 0.0898438 0.363281 0.09375 0.371094 0.09375 0.375 0.0898438 0.375 0.0820312 0.371094 0.078125
0 0.660156 0.84375 0.65625 0.847656 0.652344 0.847656 0.648438 0.851562 0.636719 0.851562 0.632812 0.855469 0.632812 0.863281 0.628906 0.867188 0.625 0.867188 0.625 0.875 0.628906 0.878906 0.628906 0.886719 0.640625 0.898438 0.644531 0.898438 0.648438 0.902344 0.6875 0.902344 0.6875 0.867188 0.683594 0.863281 0.679688 0.863281 0.675781 0.859375 0.675781 0.855469 0.671875 0.851562 0.664062 0.851562 0.660156 0.847656 0.664062 0.84375
0 0.160156 0.867188 0.144531 0.882812 0.144531 0.886719 0.140625 0.890625 0.144531 0.894531 0.140625 0.898438 0.140625 0.902344 0.144531 0.90625 0.144531 0.910156 0.148438 0.914062 0.144531 0.917969 0.144531 0.921875 0.148438 0.925781 0.148438 0.933594 0.152344 0.929688 0.15625 0.929688 0.160156 0.933594 0.164062 0.933594 0.167969 0.9375 0.167969 0.941406 0.167969 0.933594 0.171875 0.929688 0.171875 0.925781 0.164062 0.925781 0.160156 0.921875 0.164062 0.917969 0.171875 0.917969 0.175781 0.914062 0.183594 0.914062 0.183594 0.910156 0.1875 0.90625 0.1875 0.898438 0.191406 0.894531 0.195312 0.898438 0.195312 0.90625 0.203125 0.914062 0.199219 0.917969 0.199219 0.929688 0.203125 0.929688 0.207031 0.933594 0.210938 0.933594 0.207031 0.929688 0.210938 0.925781 0.210938 0.917969 0.199219 0.90625 0.199219 0.890625 0.175781 0.867188
0 0.917969 0.265625 0.90625 0.277344 0.90625 0.28125 0.902344 0.285156 0.90625 0.289062 0.90625 0.300781 0.910156 0.304688 0.925781 0.304688 0.933594 0.3125 0.9375 0.3125 0.945312 0.304688 0.945312 0.28125 0.941406 0.277344 0.941406 0.273438 0.9375 0.269531 0.933594 0.269531 0.929688 0.265625
0 0.753906 0.078125 0.746094 0.0859375 0.746094 0.105469 0.75 0.109375 0.753906 0.109375 0.757812 0.113281 0.761719 0.113281 0.769531 0.105469 0.769531 0.101562 0.773438 0.0976562 0.773438 0.0859375 0.765625 0.078125
0 0.6875 0.785156 0.683594 0.789062 0.671875 0.789062 0.664062 0.796875 0.660156 0.796875 0.65625 0.800781 0.65625 0.804688 0.652344 0.808594 0.652344 0.8125 0.648438 0.816406 0.644531 0.816406 0.644531 0.835938 0.648438 0.839844 0.648438 0.84375 0.644531 0.847656 0.632812 0.847656 0.628906 0.851562 0.628906 0.855469 0.625 0.859375 0.625 0.863281 0.628906 0.863281 0.628906 0.855469 0.636719 0.847656 0.648438 0.847656 0.652344 0.84375 0.65625 0.84375 0.660156 0.839844 0.664062 0.839844 0.667969 0.84375 0.664062 0.847656 0.671875 0.847656 0.679688 0.855469 0.679688 0.859375 0.683594 0.859375 0.691406 0.867188 0.691406 0.894531 0.691406 0.882812 0.703125 0.871094 0.707031 0.871094 0.714844 0.863281 0.714844 0.859375 0.71875 0.855469 0.71875 0.851562 0.722656 0.847656 0.722656 0.84375 0.726562 0.839844 0.726562 0.828125 0.722656 0.824219 0.722656 0.816406 0.71875 0.8125 0.71875 0.808594 0.710938 0.800781 0.707031 0.800781 0.703125 0.796875 0.699219 0.796875
0 0.671875 0.824219 0.675781 0.820312 0.679688 0.820312 0.683594 0.824219 0.683594 0.828125 0.679688 0.832031 0.675781 0.832031 0.671875 0.835938 0.660156 0.835938 0.65625 0.832031 0.65625 0.828125 0.660156 0.824219
0 0.289062 0.214844 0.285156 0.21875 0.28125 0.21875 0.277344 0.222656 0.277344 0.238281 0.28125 0.238281 0.289062 0.246094 0.296875 0.246094 0.300781 0.242188 0.304688 0.242188 0.304688 0.238281 0.308594 0.234375 0.308594 0.226562 0.304688 0.222656 0.304688 0.21875 0.300781 0.21875 0.296875 0.214844
0 0.308594 0.0078125 0.304688 0.0117188 0.304688 0.0234375 0.308594 0.0273438 0.316406 0.0273438 0.324219 0.0195312 0.324219 0.0117188 0.320312 0.0078125
0 0.324219 0.0234375 0.320312 0.0273438 0.320312 0.0351562 0.324219 0.0390625 0.332031 0.0390625 0.335938 0.0351562 0.335938 0.0273438 0.332031 0.0234375
0 0.609375 0.785156 0.605469 0.789062 0.605469 0.796875 0.609375 0.800781 0.617188 0.800781 0.621094 0.796875 0.621094 0.789062 0.617188 0.785156
