0 0.71875 0.964844 0.715625 0.96875 0.709375 0.96875 0.70625 0.972656 0.703125 0.972656 0.69375 0.984375 0.69375 0.992188 0.696875 0.996094 0.71875 0.996094 0.721875 0.992188 0.725 0.992188 0.728125 0.988281 0.7375 0.988281 0.74375 0.980469 0.74375 0.972656 0.740625 0.96875 0.7375 0.96875 0.734375 0.964844
0 0.96875 0.726562 0.9625 0.734375 0.959375 0.734375 0.95625 0.738281 0.953125 0.738281 0.95 0.742188 0.95 0.757812 0.953125 0.761719 0.9625 0.761719 0.96875 0.753906 0.971875 0.753906 0.98125 0.742188 0.98125 0.730469 0.978125 0.726562
0 0.434375 0.816406 0.43125 0.820312 0.428125 0.820312 0.41875 0.832031 0.41875 0.835938 0.415625 0.839844 0.415625 0.847656 0.41875 0.851562 0.440625 0.851562 0.446875 0.84375 0.45 0.84375 0.45625 0.835938 0.45625 0.824219 0.45 0.816406
0 0.6625 0.773438 0.653125 0.785156 0.653125 0.792969 0.646875 0.800781 0.646875 0.824219 0.653125 0.832031 0.659375 0.832031 0.66875 0.820312 0.671875 0.820312 0.678125 0.8125 0.678125 0.808594 0.6875 0.796875 0.6875 0.785156 0.678125 0.773438
0 0 0.792969 0 0.839844 0.003125 0.839844 0.009375 0.832031 0.0125 0.832031 0.025 0.816406 0.025 0.808594 0.01875 0.800781 0.0125 0.800781 0.009375 0.796875 0.00625 0.796875 0.003125 0.792969
0 0.771875 0.816406 0.76875 0.820312 0.765625 0.820312 0.7625 0.824219 0.759375 0.824219 0.75625 0.828125 0.753125 0.828125 0.75 0.832031 0.740625 0.832031 0.7375 0.835938 0.721875 0.835938 0.7125 0.847656 0.709375 0.847656 0.70625 0.851562 0.70625 0.871094 0.709375 0.875 0.74375 0.875 0.746875 0.871094 0.753125 0.871094 0.759375 0.863281 0.7625 0.863281 0.771875 0.851562 0.775 0.851562 0.78125 0.84375 0.784375 0.84375 0.7875 0.839844 0.7875 0.828125 0.784375 0.824219 0.78125 0.824219 0.775 0.816406
0 0.99375 0.914062 0.99375 0.917969 0.990625 0.921875 0.9875 0.921875 0.9875 0.929688 0.990625 0.933594 0.990625 0.9375 0.996875 0.9375 0.996875 0.914062
0 0.403125 0.984375 0.4 0.988281 0.39375 0.988281 0.3875 0.996094 0.384375 0.996094 0.421875 0.996094 0.421875 0.988281 0.41875 0.984375
0 0.578125 0.867188 0.575 0.871094 0.575 0.890625 0.58125 0.898438 0.584375 0.898438 0.590625 0.90625 0.59375 0.90625 0.596875 0.910156 0.621875 0.910156 0.625 0.90625 0.625 0.890625 0.61875 0.882812 0.615625 0.882812 0.6125 0.878906 0.609375 0.878906 0.60625 0.875 0.603125 0.875 0.6 0.871094 0.59375 0.871094 0.590625 0.867188
0 0.665625 0.96875 0.6625 0.972656 0.65625 0.972656 0.653125 0.976562 0.65 0.976562 0.6375 0.992188 0.6375 0.996094 0.66875 0.996094 0.675 0.988281 0.678125 0.988281 0.684375 0.980469 0.684375 0.976562 0.678125 0.96875
0 0.8125 0.773438 0.803125 0.785156 0.8 0.785156 0.796875 0.789062 0.79375 0.789062 0.790625 0.792969 0.7875 0.792969 0.78125 0.800781 0.78125 0.808594 0.784375 0.8125 0.790625 0.8125 0.79375 0.808594 0.8 0.808594 0.80625 0.800781 0.8125 0.800781 0.815625 0.796875 0.81875 0.796875 0.83125 0.78125 0.83125 0.777344 0.828125 0.773438
0 0.15625 0.988281 0.153125 0.992188 0.15 0.992188 0.146875 0.996094 0.14375 0.996094 0.20625 0.996094 0.203125 0.992188 0.1875 0.992188 0.184375 0.988281
0 0.73125 0.898438 0.728125 0.902344 0.725 0.902344 0.721875 0.90625 0.71875 0.90625 0.715625 0.910156 0.7125 0.910156 0.703125 0.921875 0.703125 0.933594 0.70625 0.9375 0.71875 0.9375 0.721875 0.933594 0.725 0.933594 0.73125 0.925781 0.7375 0.925781 0.74375 0.917969 0.746875 0.917969 0.75 0.914062 0.75 0.910156 0.753125 0.90625 0.753125 0.902344 0.75 0.898438
0 0.940625 0.789062 0.9375 0.792969 0.9375 0.804688 0.940625 0.808594 0.940625 0.8125 0.953125 0.828125 0.95625 0.828125 0.959375 0.824219 0.959375 0.800781 0.95 0.789062
0 0.85 0.785156 0.8375 0.800781 0.8375 0.808594 0.840625 0.8125 0.84375 0.8125 0.853125 0.800781 0.85625 0.800781 0.859375 0.796875 0.859375 0.792969 0.853125 0.785156
0 0.815625 0.738281 0.8125 0.742188 0.796875 0.742188 0.79375 0.746094 0.790625 0.746094 0.784375 0.753906 0.778125 0.753906 0.775 0.757812 0.771875 0.757812 0.7625 0.769531 0.759375 0.769531 0.75625 0.773438 0.753125 0.773438 0.75 0.777344 0.746875 0.777344 0.740625 0.785156 0.7375 0.785156 0.73125 0.792969 0.73125 0.796875 0.7375 0.804688 0.74375 0.804688 0.746875 0.800781 0.7625 0.800781 0.765625 0.796875 0.78125 0.796875 0.7875 0.789062 0.790625 0.789062 0.79375 0.785156 0.796875 0.785156 0.8 0.78125 0.803125 0.78125 0.8125 0.769531 0.821875 0.769531 0.821875 0.765625 0.828125 0.757812 0.828125 0.753906 0.83125 0.75 0.83125 0.742188 0.828125 0.738281
0 0.95 0.972656 0.94375 0.980469 0.94375 0.996094 0.98125 0.996094 0.984375 0.992188 0.984375 0.984375 0.978125 0.976562 0.959375 0.976562 0.95625 0.972656
0 0.815625 0.859375 0.80625 0.871094 0.80625 0.875 0.809375 0.878906 0.825 0.878906 0.828125 0.882812 0.83125 0.882812 0.834375 0.886719 0.85 0.886719 0.85625 0.878906 0.85625 0.867188 0.853125 0.863281 0.840625 0.863281 0.8375 0.859375
0 0.665625 0.929688 0.659375 0.9375 0.653125 0.9375 0.64375 0.949219 0.64375 0.957031 0.646875 0.960938 0.653125 0.960938 0.65625 0.957031 0.66875 0.957031 0.671875 0.953125 0.6875 0.953125 0.690625 0.949219 0.69375 0.949219 0.696875 0.945312 0.696875 0.933594 0.69375 0.929688
0 0.09375 0.933594 0.090625 0.9375 0.084375 0.9375 0.078125 0.945312 0.071875 0.945312 0.06875 0.949219 0.065625 0.949219 0.0625 0.953125 0.05625 0.953125 0.046875 0.964844 0.046875 0.96875 0.05625 0.980469 0.059375 0.980469 0.0625 0.984375 0.071875 0.984375 0.075 0.980469 0.078125 0.980469 0.08125 0.976562 0.090625 0.976562 0.09375 0.972656 0.096875 0.972656 0.1 0.96875 0.103125 0.96875 0.109375 0.960938 0.1125 0.960938 0.115625 0.957031 0.11875 0.957031 0.125 0.949219 0.125 0.9375 0.121875 0.933594
0 0.334375 0.90625 0.33125 0.910156 0.328125 0.910156 0.321875 0.917969 0.321875 0.921875 0.328125 0.929688 0.328125 0.9375 0.33125 0.941406 0.3375 0.941406 0.340625 0.9375 0.34375 0.9375 0.346875 0.933594 0.353125 0.933594 0.3625 0.921875 0.365625 0.921875 0.36875 0.917969 0.36875 0.914062 0.3625 0.90625
0 0.515625 0.953125 0.5125 0.957031 0.509375 0.957031 0.50625 0.960938 0.503125 0.960938 0.5 0.964844 0.496875 0.964844 0.490625 0.972656 0.490625 0.992188 0.49375 0.996094 0.496875 0.996094 0.5 0.992188 0.509375 0.992188 0.5125 0.988281 0.521875 0.988281 0.525 0.984375 0.528125 0.984375 0.53125 0.980469 0.534375 0.980469 0.5375 0.976562 0.540625 0.976562 0.54375 0.972656 0.546875 0.972656 0.55 0.96875 0.55 0.960938 0.546875 0.957031 0.54375 0.957031 0.540625 0.953125
0 0.9875 0.648438 0.98125 0.65625 0.98125 0.667969 0.9875 0.675781 0.990625 0.675781 0.99375 0.671875 0.996875 0.671875 0.996875 0.648438
0 0.7875 0.914062 0.784375 0.917969 0.78125 0.917969 0.775 0.925781 0.771875 0.925781 0.7625 0.9375 0.7625 0.945312 0.765625 0.949219 0.778125 0.949219 0.78125 0.953125 0.803125 0.953125 0.815625 0.9375 0.815625 0.921875 0.809375 0.914062
