0 0.6875 0.0078125 0.675781 0.0195312 0.675781 0.0351562 0.679688 0.0390625 0.683594 0.0390625 0.703125 0.0585938 0.714844 0.0585938 0.71875 0.0546875 0.730469 0.0546875 0.734375 0.0507812 0.734375 0.046875 0.730469 0.0429688 0.730469 0.0273438 0.714844 0.0117188 0.707031 0.0117188 0.703125 0.0078125
0 0.0117188 0.078125 0.0078125 0.0820312 0.00390625 0.0820312 0 0.0859375 0 0.128906 0.0078125 0.128906 0.0117188 0.125 0.015625 0.125 0.0195312 0.121094 0.0234375 0.121094 0.0390625 0.105469 0.0390625 0.0820312 0.0351562 0.078125
0 0.933594 0.9375 0.929688 0.941406 0.925781 0.941406 0.917969 0.949219 0.917969 0.988281 0.921875 0.992188 0.921875 0.996094 0.960938 0.996094 0.960938 0.992188 0.964844 0.988281 0.964844 0.980469 0.96875 0.976562 0.96875 0.957031 0.957031 0.945312 0.949219 0.945312 0.941406 0.9375
0 0.925781 0.800781 0.917969 0.808594 0.917969 0.824219 0.921875 0.828125 0.921875 0.832031 0.9375 0.847656 0.945312 0.847656 0.949219 0.851562 0.953125 0.851562 0.957031 0.855469 0.976562 0.855469 0.980469 0.851562 0.980469 0.832031 0.96875 0.820312 0.964844 0.820312 0.960938 0.816406 0.957031 0.816406 0.949219 0.808594 0.945312 0.808594 0.941406 0.804688 0.9375 0.804688 0.933594 0.800781
0 0.632812 0.0429688 0.628906 0.046875 0.628906 0.0507812 0.625 0.0546875 0.625 0.0703125 0.628906 0.0742188 0.628906 0.078125 0.636719 0.0859375 0.640625 0.0859375 0.644531 0.0898438 0.660156 0.0898438 0.671875 0.078125 0.671875 0.0585938 0.664062 0.0507812 0.660156 0.0507812 0.65625 0.046875 0.652344 0.046875 0.648438 0.0429688
0 0.648438 0.820312 0.644531 0.824219 0.640625 0.824219 0.632812 0.832031 0.632812 0.835938 0.628906 0.839844 0.628906 0.84375 0.625 0.847656 0.625 0.867188 0.628906 0.871094 0.628906 0.878906 0.636719 0.886719 0.652344 0.886719 0.660156 0.878906 0.660156 0.875 0.667969 0.867188 0.675781 0.867188 0.679688 0.863281 0.679688 0.851562 0.683594 0.847656 0.683594 0.839844 0.679688 0.835938 0.679688 0.828125 0.671875 0.820312
0 0.171875 0.351562 0.15625 0.367188 0.15625 0.378906 0.160156 0.382812 0.160156 0.398438 0.164062 0.402344 0.164062 0.417969 0.175781 0.429688 0.183594 0.429688 0.1875 0.433594 0.195312 0.433594 0.199219 0.429688 0.203125 0.429688 0.214844 0.417969 0.214844 0.398438 0.210938 0.394531 0.210938 0.386719 0.207031 0.382812 0.207031 0.375 0.199219 0.367188 0.199219 0.363281 0.191406 0.355469 0.1875 0.355469 0.183594 0.351562
0 0.585938 0.726562 0.582031 0.730469 0.578125 0.730469 0.566406 0.742188 0.566406 0.773438 0.574219 0.78125 0.59375 0.78125 0.597656 0.777344 0.601562 0.777344 0.605469 0.773438 0.609375 0.773438 0.621094 0.761719 0.621094 0.757812 0.625 0.753906 0.625 0.742188 0.621094 0.738281 0.621094 0.734375 0.617188 0.730469 0.597656 0.730469 0.59375 0.726562
0 0.414062 0.539062 0.40625 0.546875 0.386719 0.546875 0.378906 0.554688 0.375 0.554688 0.367188 0.5625 0.367188 0.585938 0.371094 0.589844 0.371094 0.59375 0.378906 0.601562 0.382812 0.601562 0.390625 0.609375 0.402344 0.609375 0.40625 0.613281 0.410156 0.613281 0.414062 0.617188 0.429688 0.617188 0.433594 0.613281 0.441406 0.613281 0.457031 0.597656 0.457031 0.589844 0.460938 0.585938 0.460938 0.570312 0.457031 0.566406 0.457031 0.5625 0.453125 0.558594 0.453125 0.554688 0.441406 0.542969 0.4375 0.542969 0.433594 0.539062
0 0.902344 0.714844 0.894531 0.722656 0.894531 0.746094 0.898438 0.75 0.921875 0.75 0.925781 0.746094 0.925781 0.730469 0.929688 0.726562 0.929688 0.71875 0.925781 0.714844
0 0.992188 0.421875 0.976562 0.4375 0.976562 0.441406 0.972656 0.445312 0.972656 0.464844 0.988281 0.480469 0.996094 0.480469 0.996094 0.421875
0 0.207031 0.199219 0.203125 0.203125 0.195312 0.203125 0.191406 0.207031 0.191406 0.214844 0.1875 0.21875 0.1875 0.246094 0.191406 0.25 0.191406 0.257812 0.203125 0.269531 0.222656 0.269531 0.230469 0.261719 0.238281 0.261719 0.242188 0.257812 0.246094 0.257812 0.253906 0.25 0.253906 0.246094 0.261719 0.238281 0.261719 0.230469 0.265625 0.226562 0.265625 0.222656 0.261719 0.21875 0.261719 0.210938 0.253906 0.203125 0.25 0.203125 0.246094 0.199219
0 0.675781 0.9375 0.671875 0.941406 0.667969 0.941406 0.664062 0.945312 0.660156 0.945312 0.648438 0.957031 0.648438 0.960938 0.644531 0.964844 0.644531 0.988281 0.648438 0.992188 0.648438 0.996094 0.722656 0.996094 0.726562 0.992188 0.726562 0.980469 0.722656 0.976562 0.722656 0.960938 0.707031 0.945312 0.703125 0.945312 0.699219 0.941406 0.695312 0.941406 0.691406 0.9375
0 0.914062 0.515625 0.90625 0.523438 0.90625 0.53125 0.902344 0.535156 0.902344 0.550781 0.90625 0.554688 0.90625 0.5625 0.910156 0.566406 0.910156 0.570312 0.925781 0.585938 0.929688 0.585938 0.933594 0.589844 0.953125 0.589844 0.96875 0.574219 0.96875 0.550781 0.964844 0.546875 0.964844 0.542969 0.953125 0.53125 0.953125 0.527344 0.945312 0.519531 0.941406 0.519531 0.9375 0.515625
0 0.917969 0.757812 0.914062 0.761719 0.914062 0.769531 0.917969 0.773438 0.925781 0.773438 0.929688 0.769531 0.929688 0.761719 0.925781 0.757812
0 0.308594 0.257812 0.300781 0.265625 0.292969 0.265625 0.285156 0.273438 0.285156 0.277344 0.28125 0.28125 0.28125 0.292969 0.277344 0.296875 0.277344 0.316406 0.28125 0.320312 0.28125 0.324219 0.285156 0.328125 0.285156 0.335938 0.289062 0.339844 0.292969 0.339844 0.296875 0.34375 0.3125 0.34375 0.320312 0.335938 0.324219 0.335938 0.328125 0.332031 0.328125 0.328125 0.34375 0.3125 0.34375 0.308594 0.347656 0.304688 0.347656 0.296875 0.351562 0.292969 0.351562 0.28125 0.347656 0.277344 0.347656 0.273438 0.335938 0.261719 0.332031 0.261719 0.328125 0.257812
0 0.261719 0.464844 0.253906 0.472656 0.253906 0.480469 0.25 0.484375 0.25 0.492188 0.277344 0.519531 0.28125 0.519531 0.285156 0.523438 0.296875 0.523438 0.300781 0.519531 0.304688 0.519531 0.308594 0.515625 0.308594 0.496094 0.296875 0.484375 0.296875 0.480469 0.289062 0.472656 0.289062 0.46875 0.285156 0.464844
0 0.4375 0.730469 0.433594 0.734375 0.421875 0.734375 0.40625 0.75 0.40625 0.765625 0.410156 0.769531 0.417969 0.769531 0.421875 0.773438 0.449219 0.773438 0.464844 0.757812 0.464844 0.75 0.460938 0.746094 0.460938 0.738281 0.457031 0.734375 0.453125 0.734375 0.449219 0.730469
0 0.546875 0.324219 0.542969 0.328125 0.542969 0.335938 0.546875 0.339844 0.554688 0.339844 0.558594 0.335938 0.558594 0.328125 0.554688 0.324219
0 0.578125 0.851562 0.574219 0.855469 0.574219 0.863281 0.578125 0.867188 0.585938 0.867188 0.589844 0.863281 0.589844 0.855469 0.585938 0.851562
0 0.363281 0.417969 0.359375 0.421875 0.359375 0.429688 0.363281 0.433594 0.371094 0.433594 0.375 0.429688 0.375 0.421875 0.371094 0.417969
0 0.230469 0.820312 0.214844 0.835938 0.210938 0.835938 0.207031 0.839844 0.207031 0.859375 0.21875 0.871094 0.226562 0.871094 0.230469 0.875 0.25 0.875 0.253906 0.871094 0.257812 0.871094 0.261719 0.867188 0.265625 0.867188 0.277344 0.855469 0.277344 0.84375 0.273438 0.839844 0.273438 0.835938 0.269531 0.832031 0.269531 0.824219 0.265625 0.820312
0 0.617188 0.675781 0.609375 0.683594 0.609375 0.703125 0.617188 0.710938 0.621094 0.710938 0.625 0.714844 0.636719 0.714844 0.640625 0.71875 0.644531 0.71875 0.648438 0.722656 0.652344 0.722656 0.660156 0.714844 0.660156 0.6875 0.648438 0.675781
0 0.460938 0.800781 0.445312 0.816406 0.445312 0.820312 0.441406 0.824219 0.441406 0.828125 0.457031 0.84375 0.457031 0.855469 0.464844 0.863281 0.46875 0.863281 0.472656 0.867188 0.476562 0.867188 0.480469 0.863281 0.496094 0.863281 0.503906 0.855469 0.503906 0.851562 0.507812 0.847656 0.507812 0.839844 0.503906 0.835938 0.503906 0.832031 0.5 0.828125 0.5 0.820312 0.492188 0.8125 0.492188 0.808594 0.488281 0.804688 0.484375 0.804688 0.480469 0.800781
0 0.445312 0.328125 0.441406 0.332031 0.4375 0.332031 0.421875 0.347656 0.421875 0.351562 0.417969 0.355469 0.417969 0.375 0.421875 0.378906 0.421875 0.386719 0.425781 0.390625 0.425781 0.398438 0.4375 0.410156 0.449219 0.410156 0.453125 0.40625 0.464844 0.40625 0.488281 0.382812 0.488281 0.355469 0.484375 0.351562 0.484375 0.347656 0.472656 0.335938 0.46875 0.335938 0.464844 0.332031 0.460938 0.332031 0.457031 0.328125
0 0.933594 0.710938 0.929688 0.714844 0.933594 0.71875 0.933594 0.726562 0.929688 0.730469 0.929688 0.742188 0.941406 0.742188 0.945312 0.738281 0.945312 0.730469 0.953125 0.722656 0.953125 0.714844 0.949219 0.710938
0 0.839844 0.839844 0.832031 0.847656 0.828125 0.847656 0.824219 0.851562 0.824219 0.878906 0.835938 0.890625 0.84375 0.890625 0.847656 0.886719 0.863281 0.886719 0.878906 0.871094 0.878906 0.855469 0.863281 0.839844
0 0.246094 0.4375 0.242188 0.441406 0.242188 0.449219 0.246094 0.453125 0.253906 0.453125 0.257812 0.449219 0.257812 0.441406 0.253906 0.4375
0 0 0 0 0.03125 0.0117188 0.03125 0.0273438 0.015625 0.0273438 0.0117188 0.03125 0.0078125 0.03125 0
0 0.734375 0.253906 0.730469 0.257812 0.726562 0.257812 0.710938 0.273438 0.710938 0.277344 0.707031 0.28125 0.707031 0.308594 0.710938 0.3125 0.71875 0.3125 0.722656 0.316406 0.726562 0.316406 0.734375 0.324219 0.738281 0.324219 0.742188 0.328125 0.746094 0.328125 0.75 0.332031 0.769531 0.332031 0.773438 0.328125 0.777344 0.328125 0.78125 0.324219 0.78125 0.320312 0.785156 0.316406 0.785156 0.3125 0.789062 0.308594 0.789062 0.277344 0.78125 0.269531 0.777344 0.269531 0.769531 0.261719 0.765625 0.261719 0.761719 0.257812 0.757812 0.257812 0.753906 0.253906
0 0.652344 0.398438 0.632812 0.417969 0.632812 0.425781 0.628906 0.429688 0.628906 0.441406 0.632812 0.445312 0.632812 0.453125 0.636719 0.457031 0.640625 0.457031 0.648438 0.464844 0.652344 0.464844 0.65625 0.46875 0.6875 0.46875 0.707031 0.449219 0.707031 0.4375 0.710938 0.433594 0.710938 0.429688 0.707031 0.425781 0.707031 0.421875 0.6875 0.402344 0.671875 0.402344 0.667969 0.398438
0 0.726562 0.691406 0.714844 0.703125 0.714844 0.726562 0.722656 0.734375 0.726562 0.734375 0.730469 0.738281 0.757812 0.738281 0.765625 0.730469 0.765625 0.726562 0.769531 0.722656 0.769531 0.710938 0.765625 0.707031 0.757812 0.707031 0.75 0.699219 0.746094 0.699219 0.742188 0.695312 0.738281 0.695312 0.734375 0.691406
0 0.691406 0.773438 0.683594 0.78125 0.683594 0.785156 0.679688 0.789062 0.679688 0.804688 0.683594 0.808594 0.683594 0.8125 0.699219 0.828125 0.699219 0.832031 0.703125 0.835938 0.71875 0.835938 0.722656 0.832031 0.722656 0.828125 0.726562 0.824219 0.726562 0.808594 0.722656 0.804688 0.722656 0.800781 0.71875 0.796875 0.71875 0.789062 0.714844 0.785156 0.710938 0.785156 0.699219 0.773438
