0 0.6875 0.457031 0.683594 0.460938 0.683594 0.472656 0.695312 0.472656 0.699219 0.46875 0.699219 0.457031
0 0.664062 0.929688 0.660156 0.933594 0.65625 0.933594 0.640625 0.949219 0.640625 0.960938 0.636719 0.964844 0.636719 0.976562 0.640625 0.980469 0.640625 0.984375 0.644531 0.988281 0.644531 0.992188 0.675781 0.992188 0.6875 0.980469 0.6875 0.976562 0.691406 0.972656 0.691406 0.960938 0.695312 0.957031 0.691406 0.953125 0.691406 0.945312 0.679688 0.933594 0.675781 0.933594 0.671875 0.929688
0 0.640625 0.535156 0.628906 0.546875 0.628906 0.570312 0.648438 0.589844 0.667969 0.589844 0.667969 0.574219 0.671875 0.570312 0.671875 0.554688 0.660156 0.542969 0.660156 0.539062 0.65625 0.535156
0 0.0273438 0.808594 0.0234375 0.8125 0.0195312 0.8125 0.0078125 0.824219 0.0078125 0.828125 0.00390625 0.832031 0.00390625 0.84375 0 0.847656 0 0.863281 0.0078125 0.871094 0.0117188 0.871094 0.0195312 0.878906 0.0195312 0.894531 0.0273438 0.902344 0.0625 0.902344 0.0664062 0.898438 0.0664062 0.894531 0.0742188 0.886719 0.0742188 0.875 0.078125 0.871094 0.078125 0.847656 0.0742188 0.84375 0.0742188 0.835938 0.0703125 0.832031 0.0703125 0.828125 0.0585938 0.816406 0.0546875 0.816406 0.0507812 0.8125 0.0429688 0.8125 0.0390625 0.808594
0 0.957031 0.0625 0.953125 0.0664062 0.953125 0.0703125 0.949219 0.0742188 0.949219 0.078125 0.945312 0.0820312 0.945312 0.0898438 0.941406 0.09375 0.941406 0.109375 0.953125 0.121094 0.96875 0.121094 0.984375 0.105469 0.984375 0.078125 0.980469 0.0742188 0.980469 0.0703125 0.972656 0.0625
0 0.355469 0.421875 0.339844 0.4375 0.339844 0.441406 0.335938 0.445312 0.335938 0.476562 0.34375 0.484375 0.355469 0.484375 0.359375 0.480469 0.363281 0.480469 0.371094 0.472656 0.371094 0.46875 0.375 0.464844 0.375 0.429688 0.367188 0.421875
0 0.539062 0.335938 0.527344 0.347656 0.527344 0.351562 0.519531 0.359375 0.519531 0.375 0.527344 0.382812 0.542969 0.382812 0.554688 0.371094 0.554688 0.367188 0.558594 0.363281 0.558594 0.359375 0.5625 0.355469 0.5625 0.347656 0.546875 0.347656 0.539062 0.339844
0 0.421875 0.273438 0.417969 0.277344 0.414062 0.277344 0.410156 0.28125 0.40625 0.28125 0.398438 0.289062 0.394531 0.289062 0.386719 0.296875 0.382812 0.296875 0.375 0.304688 0.375 0.328125 0.378906 0.332031 0.378906 0.335938 0.382812 0.339844 0.382812 0.34375 0.390625 0.351562 0.394531 0.351562 0.398438 0.355469 0.425781 0.355469 0.429688 0.351562 0.4375 0.351562 0.441406 0.347656 0.445312 0.347656 0.460938 0.332031 0.460938 0.328125 0.464844 0.324219 0.464844 0.316406 0.46875 0.3125 0.46875 0.304688 0.464844 0.300781 0.464844 0.289062 0.453125 0.277344 0.449219 0.277344 0.445312 0.273438
0 0.671875 0.0859375 0.667969 0.0898438 0.664062 0.0898438 0.65625 0.0976562 0.65625 0.101562 0.652344 0.105469 0.652344 0.113281 0.648438 0.117188 0.648438 0.136719 0.652344 0.140625 0.652344 0.144531 0.660156 0.152344 0.664062 0.152344 0.671875 0.160156 0.679688 0.160156 0.683594 0.164062 0.6875 0.164062 0.691406 0.160156 0.703125 0.160156 0.71875 0.144531 0.71875 0.113281 0.714844 0.109375 0.714844 0.105469 0.699219 0.0898438 0.695312 0.0898438 0.691406 0.0859375
0 0.929688 0.328125 0.925781 0.332031 0.90625 0.332031 0.902344 0.335938 0.894531 0.335938 0.894531 0.339844 0.890625 0.34375 0.890625 0.378906 0.894531 0.382812 0.894531 0.386719 0.898438 0.390625 0.898438 0.398438 0.90625 0.40625 0.921875 0.40625 0.941406 0.386719 0.941406 0.382812 0.945312 0.378906 0.949219 0.378906 0.953125 0.375 0.953125 0.355469 0.949219 0.351562 0.949219 0.347656 0.945312 0.347656 0.941406 0.34375 0.941406 0.339844 0.9375 0.335938 0.9375 0.332031 0.933594 0.328125
0 0.226562 0.335938 0.222656 0.339844 0.214844 0.339844 0.207031 0.347656 0.207031 0.351562 0.203125 0.355469 0.203125 0.359375 0.199219 0.363281 0.199219 0.375 0.203125 0.378906 0.203125 0.386719 0.21875 0.402344 0.226562 0.402344 0.234375 0.410156 0.242188 0.410156 0.246094 0.414062 0.261719 0.414062 0.265625 0.410156 0.269531 0.410156 0.269531 0.40625 0.277344 0.398438 0.277344 0.371094 0.273438 0.367188 0.273438 0.363281 0.25 0.339844 0.242188 0.339844 0.238281 0.335938
0 0.421875 0 0.417969 0.00390625 0.417969 0.015625 0.414062 0.0195312 0.414062 0.0507812 0.421875 0.0585938 0.429688 0.0585938 0.441406 0.0703125 0.460938 0.0703125 0.464844 0.0664062 0.46875 0.0664062 0.472656 0.0703125 0.476562 0.0703125 0.488281 0.0585938 0.488281 0.0390625 0.492188 0.0351562 0.492188 0.03125 0.488281 0.0273438 0.488281 0.0195312 0.484375 0.015625 0.484375 0.0117188 0.480469 0.0078125 0.480469 0.00390625 0.476562 0
0 0.222656 0.621094 0.21875 0.625 0.210938 0.625 0.207031 0.628906 0.203125 0.628906 0.191406 0.640625 0.191406 0.644531 0.1875 0.648438 0.1875 0.664062 0.199219 0.675781 0.207031 0.675781 0.210938 0.671875 0.234375 0.671875 0.246094 0.660156 0.246094 0.65625 0.257812 0.644531 0.257812 0.632812 0.25 0.625 0.238281 0.625 0.234375 0.621094
0 0.589844 0.738281 0.578125 0.75 0.578125 0.753906 0.574219 0.757812 0.574219 0.761719 0.582031 0.769531 0.582031 0.773438 0.589844 0.78125 0.589844 0.785156 0.59375 0.789062 0.597656 0.789062 0.605469 0.796875 0.617188 0.796875 0.621094 0.792969 0.628906 0.792969 0.632812 0.789062 0.632812 0.785156 0.636719 0.78125 0.636719 0.761719 0.632812 0.757812 0.632812 0.753906 0.621094 0.742188 0.617188 0.742188 0.613281 0.738281
0 0.5 0.882812 0.488281 0.894531 0.488281 0.910156 0.484375 0.914062 0.484375 0.933594 0.488281 0.9375 0.492188 0.9375 0.5 0.945312 0.519531 0.945312 0.523438 0.941406 0.527344 0.941406 0.53125 0.9375 0.53125 0.929688 0.535156 0.925781 0.535156 0.898438 0.523438 0.886719 0.519531 0.886719 0.515625 0.882812
0 0.875 0.00390625 0.871094 0.0078125 0.867188 0.0078125 0.863281 0.0117188 0.859375 0.0117188 0.851562 0.0195312 0.851562 0.0234375 0.847656 0.0273438 0.847656 0.0625 0.855469 0.0703125 0.871094 0.0703125 0.875 0.0742188 0.898438 0.0742188 0.910156 0.0625 0.910156 0.0585938 0.914062 0.0546875 0.914062 0.0234375 0.894531 0.00390625
0 0.425781 0.144531 0.421875 0.148438 0.417969 0.148438 0.414062 0.152344 0.410156 0.152344 0.402344 0.160156 0.402344 0.164062 0.394531 0.171875 0.394531 0.191406 0.410156 0.207031 0.441406 0.207031 0.445312 0.210938 0.472656 0.210938 0.484375 0.199219 0.484375 0.195312 0.488281 0.191406 0.488281 0.171875 0.484375 0.167969 0.484375 0.164062 0.46875 0.148438 0.460938 0.148438 0.457031 0.144531
0 0.679688 0.367188 0.675781 0.371094 0.667969 0.371094 0.660156 0.378906 0.65625 0.378906 0.648438 0.386719 0.648438 0.390625 0.644531 0.394531 0.644531 0.425781 0.648438 0.429688 0.648438 0.4375 0.652344 0.441406 0.660156 0.441406 0.664062 0.445312 0.683594 0.445312 0.6875 0.441406 0.691406 0.441406 0.699219 0.433594 0.703125 0.433594 0.710938 0.425781 0.710938 0.390625 0.707031 0.386719 0.707031 0.382812 0.699219 0.375 0.699219 0.371094 0.695312 0.367188
0 0.972656 0.699219 0.964844 0.707031 0.964844 0.714844 0.960938 0.71875 0.960938 0.734375 0.976562 0.75 0.996094 0.75 0.996094 0.699219
0 0.558594 0.585938 0.554688 0.589844 0.550781 0.589844 0.542969 0.597656 0.542969 0.609375 0.546875 0.613281 0.550781 0.613281 0.554688 0.617188 0.558594 0.617188 0.5625 0.621094 0.566406 0.621094 0.570312 0.625 0.597656 0.625 0.605469 0.617188 0.605469 0.613281 0.601562 0.609375 0.601562 0.605469 0.582031 0.585938
0 0.570312 0.269531 0.566406 0.273438 0.558594 0.273438 0.539062 0.292969 0.539062 0.296875 0.535156 0.300781 0.535156 0.320312 0.539062 0.324219 0.539062 0.328125 0.542969 0.332031 0.542969 0.339844 0.546875 0.34375 0.570312 0.34375 0.585938 0.328125 0.589844 0.328125 0.605469 0.3125 0.605469 0.308594 0.609375 0.304688 0.609375 0.285156 0.605469 0.28125 0.605469 0.277344 0.601562 0.273438 0.589844 0.273438 0.585938 0.269531
0 0.980469 0.820312 0.976562 0.824219 0.972656 0.824219 0.96875 0.828125 0.964844 0.828125 0.960938 0.832031 0.960938 0.835938 0.957031 0.839844 0.957031 0.84375 0.953125 0.847656 0.953125 0.855469 0.949219 0.859375 0.953125 0.863281 0.953125 0.878906 0.957031 0.882812 0.957031 0.894531 0.960938 0.898438 0.960938 0.902344 0.964844 0.90625 0.964844 0.910156 0.980469 0.925781 0.984375 0.925781 0.988281 0.929688 0.996094 0.929688 0.996094 0.824219 0.992188 0.824219 0.988281 0.820312
0 0.507812 0.796875 0.503906 0.800781 0.492188 0.800781 0.476562 0.816406 0.476562 0.824219 0.480469 0.828125 0.480469 0.832031 0.488281 0.839844 0.523438 0.839844 0.527344 0.835938 0.53125 0.835938 0.535156 0.832031 0.535156 0.8125 0.523438 0.800781 0.519531 0.800781 0.515625 0.796875
0 0.753906 0.378906 0.75 0.382812 0.742188 0.382812 0.738281 0.386719 0.738281 0.390625 0.734375 0.394531 0.730469 0.394531 0.730469 0.398438 0.726562 0.402344 0.726562 0.445312 0.730469 0.449219 0.730469 0.457031 0.746094 0.472656 0.773438 0.472656 0.777344 0.46875 0.78125 0.46875 0.789062 0.460938 0.789062 0.457031 0.792969 0.453125 0.792969 0.402344 0.777344 0.386719 0.773438 0.386719 0.769531 0.382812 0.765625 0.382812 0.761719 0.378906
0 0.230469 0.746094 0.226562 0.75 0.21875 0.75 0.214844 0.753906 0.210938 0.753906 0.199219 0.765625 0.199219 0.78125 0.203125 0.785156 0.203125 0.789062 0.210938 0.796875 0.214844 0.796875 0.21875 0.800781 0.242188 0.800781 0.246094 0.796875 0.253906 0.796875 0.257812 0.792969 0.257812 0.785156 0.261719 0.78125 0.261719 0.773438 0.257812 0.769531 0.257812 0.761719 0.246094 0.75 0.242188 0.75 0.238281 0.746094
0 0.226562 0 0.226562 0.0117188 0.230469 0.015625 0.230469 0.0234375 0.242188 0.0351562 0.242188 0.0390625 0.253906 0.0507812 0.257812 0.0507812 0.265625 0.0585938 0.269531 0.0585938 0.273438 0.0625 0.300781 0.0625 0.304688 0.0585938 0.308594 0.0585938 0.3125 0.0546875 0.316406 0.0546875 0.320312 0.0507812 0.320312 0.046875 0.324219 0.0429688 0.324219 0.0390625 0.328125 0.0351562 0.328125 0.0117188 0.324219 0.0078125 0.324219 0.00390625 0.320312 0
0 0.472656 0.449219 0.464844 0.457031 0.460938 0.457031 0.453125 0.464844 0.453125 0.46875 0.445312 0.476562 0.445312 0.480469 0.441406 0.484375 0.441406 0.507812 0.453125 0.519531 0.46875 0.519531 0.472656 0.515625 0.480469 0.515625 0.484375 0.511719 0.488281 0.511719 0.492188 0.507812 0.5 0.507812 0.511719 0.496094 0.511719 0.492188 0.515625 0.488281 0.515625 0.46875 0.503906 0.457031 0.5 0.457031 0.496094 0.453125 0.492188 0.453125 0.488281 0.449219
0 0.34375 0.546875 0.339844 0.550781 0.339844 0.589844 0.351562 0.601562 0.359375 0.601562 0.363281 0.605469 0.371094 0.605469 0.375 0.601562 0.378906 0.601562 0.378906 0.578125 0.371094 0.570312 0.371094 0.566406 0.367188 0.5625 0.367188 0.558594 0.355469 0.546875
0 0.417969 0.957031 0.414062 0.960938 0.40625 0.960938 0.402344 0.964844 0.398438 0.964844 0.394531 0.96875 0.390625 0.96875 0.382812 0.976562 0.382812 0.980469 0.378906 0.984375 0.378906 0.988281 0.375 0.992188 0.375 0.996094 0.457031 0.996094 0.457031 0.988281 0.453125 0.984375 0.453125 0.980469 0.449219 0.976562 0.449219 0.972656 0.441406 0.964844 0.4375 0.964844 0.433594 0.960938 0.425781 0.960938 0.421875 0.957031
