0 0.196289 0.898438 0.195312 0.899414 0.194336 0.899414 0.193359 0.900391 0.193359 0.907227 0.198242 0.907227 0.199219 0.90625 0.201172 0.90625 0.202148 0.905273 0.203125 0.905273 0.204102 0.904297 0.204102 0.901367 0.203125 0.900391 0.203125 0.898438
0 0.000976562 0.0712891 0 0.0722656 0 0.0771484 0.000976562 0.078125 0.00292969 0.078125 0.00390625 0.0771484 0.00390625 0.0732422 0.00292969 0.0722656 0.00292969 0.0712891
0 0.325195 0.0996094 0.324219 0.100586 0.322266 0.100586 0.321289 0.101562 0.320312 0.101562 0.319336 0.102539 0.319336 0.103516 0.318359 0.104492 0.318359 0.107422 0.317383 0.108398 0.317383 0.111328 0.320312 0.111328 0.322266 0.109375 0.323242 0.109375 0.324219 0.108398 0.325195 0.108398 0.326172 0.107422 0.328125 0.107422 0.329102 0.106445 0.332031 0.106445 0.333008 0.105469 0.333008 0.101562 0.332031 0.100586 0.331055 0.100586 0.330078 0.0996094
0 0.733398 0.504883 0.732422 0.505859 0.731445 0.505859 0.731445 0.507812 0.736328 0.507812 0.740234 0.511719 0.742188 0.511719 0.744141 0.513672 0.744141 0.516602 0.750977 0.516602 0.750977 0.513672 0.75 0.512695 0.74707 0.512695 0.742188 0.507812 0.742188 0.506836 0.740234 0.504883
0 0.121094 0.25 0.121094 0.251953 0.119141 0.253906 0.119141 0.258789 0.121094 0.260742 0.128906 0.260742 0.128906 0.256836 0.12793 0.255859 0.12793 0.253906 0.124023 0.25
0 0.0927734 0.902344 0.0917969 0.90332 0.0898438 0.90332 0.0898438 0.904297 0.0888672 0.905273 0.0878906 0.905273 0.0878906 0.90625 0.0869141 0.907227 0.0869141 0.908203 0.0859375 0.90918 0.0849609 0.90918 0.0839844 0.910156 0.0839844 0.912109 0.0830078 0.913086 0.0830078 0.915039 0.0839844 0.916016 0.0839844 0.917969 0.0849609 0.918945 0.0859375 0.918945 0.0878906 0.920898 0.0898438 0.920898 0.0908203 0.921875 0.0947266 0.921875 0.0957031 0.920898 0.0966797 0.920898 0.0976562 0.919922 0.0986328 0.919922 0.102539 0.916016 0.102539 0.913086 0.103516 0.912109 0.103516 0.90625 0.102539 0.905273 0.102539 0.904297 0.101562 0.90332 0.100586 0.90332 0.0996094 0.902344
0 0.797852 0.540039 0.796875 0.541016 0.791992 0.541016 0.791016 0.541992 0.788086 0.541992 0.786133 0.543945 0.785156 0.543945 0.785156 0.544922 0.78418 0.545898 0.78418 0.546875 0.783203 0.547852 0.783203 0.551758 0.78418 0.552734 0.791016 0.552734 0.791992 0.553711 0.795898 0.553711 0.795898 0.552734 0.796875 0.551758 0.797852 0.551758 0.798828 0.552734 0.802734 0.552734 0.803711 0.551758 0.808594 0.551758 0.810547 0.549805 0.811523 0.549805 0.8125 0.548828 0.8125 0.546875 0.811523 0.546875 0.810547 0.545898 0.80957 0.545898 0.808594 0.544922 0.808594 0.540039
0 0.77832 0.587891 0.777344 0.588867 0.776367 0.588867 0.775391 0.589844 0.775391 0.59668 0.776367 0.597656 0.776367 0.598633 0.777344 0.599609 0.779297 0.599609 0.780273 0.600586 0.78125 0.600586 0.782227 0.599609 0.78418 0.599609 0.785156 0.598633 0.787109 0.598633 0.789062 0.59668 0.789062 0.59082 0.787109 0.588867 0.786133 0.588867 0.785156 0.587891
0 0.574219 0.128906 0.573242 0.129883 0.572266 0.129883 0.571289 0.130859 0.571289 0.131836 0.570312 0.132812 0.570312 0.136719 0.569336 0.137695 0.568359 0.137695 0.568359 0.141602 0.569336 0.141602 0.570312 0.142578 0.571289 0.142578 0.572266 0.143555 0.573242 0.143555 0.574219 0.144531 0.574219 0.145508 0.575195 0.146484 0.575195 0.147461 0.576172 0.148438 0.576172 0.149414 0.577148 0.149414 0.578125 0.150391 0.579102 0.150391 0.581055 0.152344 0.581055 0.15332 0.582031 0.15332 0.583008 0.154297 0.587891 0.154297 0.589844 0.152344 0.589844 0.143555 0.588867 0.142578 0.588867 0.141602 0.585938 0.138672 0.585938 0.136719 0.584961 0.135742 0.584961 0.134766 0.583984 0.133789 0.583984 0.132812 0.583008 0.131836 0.583008 0.130859 0.582031 0.129883 0.581055 0.129883 0.580078 0.128906
0 0.510742 0.649414 0.507812 0.652344 0.507812 0.660156 0.508789 0.661133 0.508789 0.663086 0.509766 0.664062 0.509766 0.665039 0.510742 0.666016 0.510742 0.672852 0.512695 0.674805 0.512695 0.675781 0.513672 0.676758 0.514648 0.675781 0.515625 0.675781 0.515625 0.674805 0.516602 0.673828 0.517578 0.673828 0.518555 0.672852 0.518555 0.671875 0.519531 0.670898 0.519531 0.660156 0.518555 0.65918 0.518555 0.655273 0.517578 0.654297 0.517578 0.652344 0.516602 0.651367 0.516602 0.650391 0.515625 0.649414
0 0.567383 0.698242 0.567383 0.699219 0.56543 0.701172 0.56543 0.702148 0.564453 0.703125 0.564453 0.705078 0.563477 0.706055 0.563477 0.707031 0.5625 0.708008 0.5625 0.711914 0.561523 0.712891 0.561523 0.71582 0.5625 0.716797 0.5625 0.71875 0.563477 0.719727 0.563477 0.72168 0.568359 0.726562 0.570312 0.726562 0.571289 0.727539 0.572266 0.727539 0.573242 0.728516 0.575195 0.728516 0.576172 0.727539 0.576172 0.726562 0.577148 0.725586 0.577148 0.724609 0.580078 0.72168 0.580078 0.708984 0.579102 0.708008 0.579102 0.706055 0.578125 0.705078 0.578125 0.704102 0.577148 0.703125 0.577148 0.702148 0.576172 0.701172 0.576172 0.700195 0.574219 0.698242
0 0.919922 0.0175781 0.919922 0.0195312 0.918945 0.0205078 0.918945 0.0214844 0.917969 0.0224609 0.917969 0.0263672 0.916992 0.0273438 0.916992 0.0292969 0.917969 0.0292969 0.918945 0.0302734 0.921875 0.0302734 0.922852 0.0292969 0.923828 0.0292969 0.924805 0.0283203 0.925781 0.0283203 0.926758 0.0273438 0.926758 0.0263672 0.927734 0.0253906 0.927734 0.0205078 0.926758 0.0195312 0.926758 0.0185547 0.925781 0.0175781
0 0.490234 0.737305 0.489258 0.738281 0.489258 0.739258 0.488281 0.740234 0.488281 0.741211 0.485352 0.744141 0.484375 0.744141 0.483398 0.745117 0.483398 0.746094 0.482422 0.74707 0.482422 0.748047 0.481445 0.749023 0.481445 0.75293 0.480469 0.753906 0.480469 0.756836 0.481445 0.757812 0.481445 0.759766 0.482422 0.760742 0.482422 0.762695 0.485352 0.765625 0.489258 0.765625 0.490234 0.764648 0.491211 0.764648 0.493164 0.762695 0.494141 0.762695 0.494141 0.760742 0.495117 0.759766 0.495117 0.758789 0.496094 0.757812 0.496094 0.744141 0.495117 0.743164 0.495117 0.742188 0.494141 0.741211 0.494141 0.740234 0.493164 0.739258 0.493164 0.738281 0.492188 0.737305
0 0.958984 0.360352 0.958008 0.361328 0.957031 0.361328 0.954102 0.364258 0.954102 0.366211 0.955078 0.367188 0.955078 0.368164 0.956055 0.369141 0.956055 0.371094 0.958008 0.371094 0.958984 0.37207 0.958984 0.374023 0.960938 0.374023 0.961914 0.373047 0.963867 0.373047 0.966797 0.370117 0.966797 0.369141 0.967773 0.368164 0.967773 0.365234 0.966797 0.364258 0.966797 0.363281 0.963867 0.360352
0 0.927734 0.463867 0.925781 0.46582 0.924805 0.46582 0.924805 0.469727 0.925781 0.470703 0.925781 0.474609 0.926758 0.475586 0.925781 0.476562 0.923828 0.476562 0.923828 0.479492 0.924805 0.479492 0.925781 0.480469 0.925781 0.481445 0.926758 0.482422 0.928711 0.482422 0.929688 0.483398 0.936523 0.483398 0.936523 0.482422 0.9375 0.481445 0.938477 0.481445 0.939453 0.480469 0.94043 0.480469 0.94043 0.479492 0.941406 0.478516 0.941406 0.477539 0.942383 0.476562 0.942383 0.475586 0.943359 0.474609 0.943359 0.47168 0.942383 0.470703 0.942383 0.46875 0.94043 0.466797 0.938477 0.466797 0.9375 0.46582 0.936523 0.46582 0.935547 0.464844 0.932617 0.464844 0.931641 0.463867
0 0.93457 0.480469 0.935547 0.479492 0.936523 0.480469 0.935547 0.481445
0 0.738281 0.443359 0.737305 0.444336 0.736328 0.444336 0.734375 0.446289 0.734375 0.447266 0.733398 0.448242 0.733398 0.456055 0.734375 0.457031 0.734375 0.459961 0.735352 0.460938 0.743164 0.460938 0.744141 0.461914 0.74707 0.461914 0.748047 0.460938 0.753906 0.460938 0.754883 0.459961 0.754883 0.452148 0.748047 0.445312 0.74707 0.445312 0.746094 0.444336 0.742188 0.444336 0.741211 0.443359
0 0.49707 0.571289 0.496094 0.572266 0.493164 0.572266 0.490234 0.575195 0.490234 0.577148 0.488281 0.579102 0.488281 0.580078 0.487305 0.581055 0.487305 0.589844 0.488281 0.59082 0.493164 0.59082 0.493164 0.589844 0.494141 0.588867 0.494141 0.587891 0.5 0.582031 0.5 0.581055 0.500977 0.580078 0.50293 0.580078 0.503906 0.579102 0.503906 0.575195 0.50293 0.574219 0.50293 0.572266 0.501953 0.571289
0 0.125 0.24707 0.125 0.249023 0.125977 0.249023 0.126953 0.25 0.126953 0.251953 0.128906 0.253906 0.128906 0.255859 0.129883 0.255859 0.130859 0.256836 0.133789 0.256836 0.133789 0.255859 0.134766 0.254883 0.134766 0.250977 0.133789 0.25 0.133789 0.249023 0.132812 0.248047 0.130859 0.248047 0.129883 0.24707
0 0.128906 0.250977 0.129883 0.25 0.130859 0.250977 0.129883 0.251953
0 0.648438 0.40625 0.647461 0.407227 0.646484 0.407227 0.643555 0.410156 0.642578 0.410156 0.641602 0.411133 0.641602 0.413086 0.643555 0.413086 0.644531 0.414062 0.646484 0.414062 0.648438 0.416016 0.654297 0.416016 0.654297 0.407227 0.65332 0.40625
0 0.254883 0.231445 0.251953 0.234375 0.251953 0.238281 0.25293 0.239258 0.25293 0.240234 0.253906 0.241211 0.253906 0.243164 0.254883 0.243164 0.255859 0.244141 0.256836 0.244141 0.257812 0.245117 0.258789 0.245117 0.259766 0.246094 0.261719 0.246094 0.262695 0.245117 0.263672 0.245117 0.263672 0.244141 0.264648 0.243164 0.264648 0.236328 0.261719 0.233398 0.260742 0.233398 0.258789 0.231445
0 0.704102 0.821289 0.703125 0.822266 0.700195 0.822266 0.697266 0.825195 0.696289 0.825195 0.695312 0.826172 0.694336 0.826172 0.693359 0.827148 0.692383 0.827148 0.692383 0.828125 0.691406 0.829102 0.691406 0.833008 0.688477 0.835938 0.688477 0.838867 0.6875 0.839844 0.6875 0.84082 0.686523 0.841797 0.685547 0.841797 0.685547 0.84375 0.688477 0.84668 0.705078 0.84668 0.705078 0.845703 0.709961 0.84082 0.709961 0.839844 0.710938 0.838867 0.710938 0.837891 0.711914 0.836914 0.711914 0.835938 0.712891 0.834961 0.712891 0.828125 0.711914 0.827148 0.711914 0.824219 0.710938 0.823242 0.709961 0.823242 0.708008 0.821289
0 0.844727 0.0498047 0.84375 0.0507812 0.84082 0.0507812 0.839844 0.0517578 0.837891 0.0517578 0.836914 0.0527344 0.836914 0.0537109 0.833984 0.0566406 0.833984 0.0576172 0.835938 0.0595703 0.835938 0.0605469 0.836914 0.0605469 0.837891 0.0615234 0.838867 0.0605469 0.842773 0.0605469 0.84375 0.0615234 0.844727 0.0615234 0.845703 0.0625 0.855469 0.0625 0.856445 0.0615234 0.858398 0.0615234 0.860352 0.0595703 0.860352 0.0585938 0.861328 0.0576172 0.861328 0.0546875 0.859375 0.0527344 0.860352 0.0517578 0.861328 0.0517578 0.860352 0.0517578 0.859375 0.0507812 0.857422 0.0507812 0.856445 0.0498047
0 0.75293 0.688477 0.75293 0.689453 0.751953 0.69043 0.751953 0.695312 0.75293 0.696289 0.757812 0.696289 0.758789 0.695312 0.758789 0.692383 0.757812 0.691406 0.757812 0.688477
0 0.977539 0.549805 0.976562 0.550781 0.972656 0.550781 0.967773 0.555664 0.967773 0.556641 0.966797 0.557617 0.966797 0.563477 0.967773 0.564453 0.967773 0.56543 0.96875 0.566406 0.96875 0.568359 0.970703 0.568359 0.972656 0.570312 0.982422 0.570312 0.983398 0.569336 0.984375 0.569336 0.985352 0.568359 0.987305 0.568359 0.989258 0.566406 0.990234 0.566406 0.990234 0.56543 0.991211 0.564453 0.992188 0.564453 0.992188 0.5625 0.993164 0.561523 0.993164 0.560547 0.994141 0.55957 0.994141 0.555664 0.993164 0.554688 0.993164 0.552734 0.992188 0.551758 0.991211 0.551758 0.989258 0.549805
0 0.984375 0.552734 0.985352 0.551758 0.986328 0.551758 0.987305 0.552734 0.986328 0.553711 0.985352 0.553711
0 0.910156 0.686523 0.910156 0.694336 0.912109 0.694336 0.914062 0.696289 0.918945 0.696289 0.919922 0.695312 0.920898 0.695312 0.921875 0.694336 0.921875 0.69043 0.920898 0.689453 0.920898 0.688477 0.919922 0.6875 0.917969 0.6875 0.916992 0.686523
0 0.786133 0.375 0.78418 0.376953 0.783203 0.376953 0.783203 0.391602 0.78418 0.392578 0.785156 0.392578 0.787109 0.394531 0.788086 0.394531 0.790039 0.396484 0.791016 0.396484 0.791992 0.397461 0.804688 0.397461 0.804688 0.395508 0.805664 0.394531 0.805664 0.392578 0.804688 0.391602 0.804688 0.389648 0.803711 0.389648 0.802734 0.388672 0.803711 0.387695 0.800781 0.384766 0.800781 0.383789 0.799805 0.383789 0.798828 0.382812 0.798828 0.381836 0.795898 0.378906 0.795898 0.37793 0.792969 0.375
0 0.460938 0.699219 0.459961 0.700195 0.459961 0.702148 0.458984 0.703125 0.458984 0.706055 0.458008 0.707031 0.458008 0.710938 0.457031 0.711914 0.457031 0.720703 0.456055 0.72168 0.455078 0.72168 0.455078 0.724609 0.456055 0.724609 0.457031 0.725586 0.458008 0.725586 0.458984 0.726562 0.459961 0.726562 0.460938 0.727539 0.462891 0.727539 0.463867 0.726562 0.46582 0.726562 0.466797 0.725586 0.467773 0.725586 0.469727 0.723633 0.469727 0.722656 0.47168 0.720703 0.47168 0.71875 0.472656 0.717773 0.472656 0.709961 0.47168 0.708984 0.47168 0.707031 0.470703 0.706055 0.470703 0.704102 0.469727 0.703125 0.469727 0.702148 0.46875 0.702148 0.467773 0.701172 0.467773 0.700195 0.466797 0.700195 0.46582 0.699219
0 0.462891 0.703125 0.463867 0.702148 0.464844 0.703125 0.463867 0.704102
0 0.298828 0.421875 0.296875 0.423828 0.295898 0.423828 0.294922 0.424805 0.291992 0.424805 0.291016 0.425781 0.291016 0.426758 0.289062 0.428711 0.288086 0.428711 0.288086 0.429688 0.286133 0.431641 0.286133 0.432617 0.28418 0.43457 0.28418 0.435547 0.283203 0.436523 0.283203 0.4375 0.282227 0.438477 0.282227 0.441406 0.283203 0.442383 0.283203 0.444336 0.28418 0.444336 0.285156 0.445312 0.286133 0.445312 0.287109 0.446289 0.289062 0.446289 0.290039 0.447266 0.291016 0.446289 0.295898 0.446289 0.296875 0.445312 0.297852 0.445312 0.298828 0.444336 0.302734 0.444336 0.303711 0.443359 0.305664 0.443359 0.307617 0.441406 0.308594 0.441406 0.30957 0.44043 0.30957 0.439453 0.310547 0.438477 0.3125 0.438477 0.3125 0.4375 0.313477 0.436523 0.313477 0.43457 0.314453 0.433594 0.314453 0.432617 0.31543 0.431641 0.31543 0.430664 0.314453 0.429688 0.314453 0.426758 0.3125 0.424805 0.310547 0.424805 0.30957 0.423828 0.306641 0.423828 0.305664 0.422852 0.303711 0.422852 0.302734 0.421875
0 0.298828 0.637695 0.297852 0.638672 0.296875 0.638672 0.295898 0.639648 0.294922 0.639648 0.292969 0.641602 0.291992 0.641602 0.288086 0.645508 0.288086 0.647461 0.287109 0.648438 0.287109 0.651367 0.286133 0.652344 0.286133 0.65625 0.287109 0.657227 0.287109 0.658203 0.288086 0.658203 0.289062 0.65918 0.290039 0.65918 0.291016 0.660156 0.291992 0.660156 0.292969 0.65918 0.296875 0.65918 0.297852 0.658203 0.300781 0.658203 0.300781 0.657227 0.301758 0.65625 0.302734 0.65625 0.303711 0.655273 0.303711 0.654297 0.304688 0.65332 0.304688 0.652344 0.307617 0.649414 0.307617 0.642578 0.303711 0.638672 0.301758 0.638672 0.300781 0.637695
0 0.908203 0.698242 0.908203 0.703125 0.90918 0.704102 0.90918 0.705078 0.913086 0.705078 0.913086 0.704102 0.914062 0.703125 0.914062 0.698242
0 0.272461 0.105469 0.272461 0.107422 0.271484 0.108398 0.271484 0.115234 0.272461 0.116211 0.272461 0.117188 0.273438 0.117188 0.274414 0.116211 0.277344 0.116211 0.27832 0.115234 0.27832 0.108398 0.277344 0.107422 0.277344 0.106445 0.276367 0.105469
0 0.825195 0 0.823242 0.00195312 0.823242 0.00390625 0.824219 0.00488281 0.824219 0.00585938 0.831055 0.00585938 0.832031 0.00488281 0.832031 0.000976562 0.831055 0
0 0.264648 0.112305 0.264648 0.113281 0.263672 0.114258 0.263672 0.116211 0.262695 0.117188 0.261719 0.117188 0.261719 0.121094 0.270508 0.121094 0.270508 0.120117 0.271484 0.119141 0.271484 0.116211 0.270508 0.115234 0.270508 0.114258 0.269531 0.113281 0.269531 0.112305
0 0.198242 0.908203 0.197266 0.90918 0.196289 0.90918 0.195312 0.910156 0.194336 0.910156 0.194336 0.913086 0.193359 0.914062 0.193359 0.915039 0.191406 0.916992 0.191406 0.920898 0.192383 0.920898 0.193359 0.921875 0.194336 0.921875 0.195312 0.922852 0.200195 0.922852 0.200195 0.916992 0.201172 0.916016 0.201172 0.914062 0.202148 0.913086 0.202148 0.908203
0 0.731445 0.510742 0.731445 0.511719 0.730469 0.512695 0.730469 0.517578 0.731445 0.518555 0.732422 0.518555 0.733398 0.519531 0.733398 0.520508 0.741211 0.520508 0.741211 0.519531 0.743164 0.517578 0.743164 0.513672 0.742188 0.512695 0.740234 0.512695 0.739258 0.511719 0.738281 0.511719 0.737305 0.510742
0 0.922852 0.207031 0.921875 0.208008 0.920898 0.208008 0.918945 0.209961 0.916992 0.209961 0.915039 0.211914 0.914062 0.211914 0.911133 0.214844 0.911133 0.21582 0.90918 0.217773 0.90918 0.21875 0.908203 0.219727 0.90918 0.220703 0.90918 0.223633 0.911133 0.225586 0.912109 0.225586 0.913086 0.226562 0.914062 0.226562 0.915039 0.227539 0.916992 0.227539 0.917969 0.228516 0.919922 0.228516 0.920898 0.227539 0.922852 0.227539 0.924805 0.225586 0.925781 0.225586 0.927734 0.223633 0.928711 0.223633 0.930664 0.22168 0.930664 0.219727 0.932617 0.217773 0.932617 0.21582 0.931641 0.214844 0.931641 0.210938 0.930664 0.209961 0.930664 0.208984 0.928711 0.207031
0 0.485352 0.53125 0.483398 0.533203 0.482422 0.533203 0.482422 0.53418 0.481445 0.535156 0.480469 0.535156 0.480469 0.541992 0.481445 0.542969 0.481445 0.545898 0.482422 0.546875 0.482422 0.549805 0.483398 0.549805 0.484375 0.550781 0.486328 0.550781 0.487305 0.549805 0.490234 0.552734 0.490234 0.553711 0.491211 0.553711 0.492188 0.554688 0.494141 0.554688 0.498047 0.550781 0.498047 0.549805 0.499023 0.548828 0.499023 0.544922 0.5 0.543945 0.5 0.541016 0.499023 0.540039 0.499023 0.539062 0.498047 0.538086 0.498047 0.536133 0.495117 0.533203 0.495117 0.532227 0.493164 0.532227 0.492188 0.53125
0 0.799805 0.788086 0.798828 0.789062 0.797852 0.789062 0.797852 0.790039 0.796875 0.791016 0.796875 0.795898 0.802734 0.795898 0.803711 0.794922 0.806641 0.794922 0.807617 0.793945 0.807617 0.790039 0.805664 0.788086
0 0.919922 0.696289 0.918945 0.697266 0.916992 0.697266 0.916992 0.703125 0.918945 0.705078 0.922852 0.705078 0.923828 0.704102 0.924805 0.704102 0.925781 0.703125 0.925781 0.697266 0.924805 0.696289
0 0.793945 0.773438 0.791992 0.775391 0.791992 0.785156 0.792969 0.786133 0.792969 0.787109 0.803711 0.787109 0.803711 0.779297 0.802734 0.77832 0.802734 0.777344 0.801758 0.776367 0.801758 0.775391 0.800781 0.774414 0.800781 0.773438
0 0.0283203 0.206055 0.0273438 0.207031 0.0253906 0.207031 0.0234375 0.208984 0.0224609 0.208984 0.0185547 0.212891 0.0185547 0.213867 0.015625 0.216797 0.015625 0.217773 0.0146484 0.21875 0.0146484 0.227539 0.015625 0.227539 0.0166016 0.228516 0.0205078 0.228516 0.0214844 0.227539 0.0224609 0.227539 0.0234375 0.226562 0.0253906 0.226562 0.0283203 0.223633 0.0283203 0.222656 0.0292969 0.22168 0.0292969 0.220703 0.0302734 0.219727 0.0302734 0.21875 0.0322266 0.216797 0.0322266 0.212891 0.03125 0.211914 0.03125 0.208984
0 0.19043 0.0703125 0.1875 0.0732422 0.1875 0.0810547 0.189453 0.0830078 0.19043 0.0830078 0.191406 0.0839844 0.198242 0.0839844 0.199219 0.0830078 0.199219 0.0800781 0.200195 0.0791016 0.200195 0.0761719 0.199219 0.0751953 0.199219 0.0742188 0.198242 0.0732422 0.198242 0.0722656 0.197266 0.0712891 0.196289 0.0712891 0.195312 0.0703125
0 0.0332031 0.674805 0.0322266 0.675781 0.03125 0.675781 0.0273438 0.679688 0.0273438 0.685547 0.0361328 0.685547 0.0371094 0.68457 0.0390625 0.68457 0.0400391 0.685547 0.046875 0.685547 0.046875 0.678711 0.0439453 0.675781 0.0429688 0.675781 0.0419922 0.674805
0 0.458008 0.785156 0.458008 0.786133 0.456055 0.788086 0.456055 0.793945 0.457031 0.794922 0.457031 0.795898 0.458008 0.795898 0.458984 0.796875 0.458984 0.797852 0.459961 0.798828 0.459961 0.799805 0.460938 0.799805 0.462891 0.801758 0.463867 0.801758 0.46875 0.806641 0.46875 0.807617 0.472656 0.807617 0.473633 0.806641 0.473633 0.805664 0.474609 0.804688 0.474609 0.801758 0.475586 0.800781 0.475586 0.795898 0.474609 0.794922 0.473633 0.794922 0.46875 0.790039 0.467773 0.790039 0.463867 0.786133 0.461914 0.786133 0.460938 0.785156
0 0.198242 0.699219 0.197266 0.700195 0.196289 0.700195 0.195312 0.701172 0.195312 0.702148 0.193359 0.704102 0.193359 0.705078 0.192383 0.706055 0.192383 0.708008 0.191406 0.708984 0.191406 0.710938 0.195312 0.714844 0.199219 0.714844 0.200195 0.713867 0.202148 0.713867 0.205078 0.710938 0.205078 0.704102 0.204102 0.703125 0.204102 0.702148 0.203125 0.701172 0.203125 0.700195 0.202148 0.699219
0 0.910156 0.0166016 0.910156 0.0224609 0.911133 0.0234375 0.913086 0.0234375 0.914062 0.0244141 0.914062 0.0253906 0.916992 0.0253906 0.916992 0.0175781 0.916016 0.0175781 0.915039 0.0166016
0 0.542969 0.223633 0.541992 0.224609 0.539062 0.224609 0.538086 0.225586 0.536133 0.225586 0.535156 0.226562 0.532227 0.226562 0.530273 0.228516 0.529297 0.228516 0.52832 0.229492 0.529297 0.230469 0.527344 0.232422 0.526367 0.231445 0.525391 0.231445 0.524414 0.232422 0.524414 0.237305 0.523438 0.238281 0.523438 0.243164 0.524414 0.244141 0.524414 0.245117 0.525391 0.246094 0.525391 0.24707 0.526367 0.24707 0.527344 0.248047 0.527344 0.249023 0.532227 0.249023 0.533203 0.25 0.537109 0.25 0.538086 0.249023 0.539062 0.249023 0.541016 0.24707 0.541992 0.24707 0.545898 0.243164 0.550781 0.243164 0.548828 0.243164 0.546875 0.241211 0.546875 0.240234 0.547852 0.239258 0.547852 0.235352 0.548828 0.234375 0.548828 0.230469 0.547852 0.229492 0.547852 0.225586 0.546875 0.224609 0.545898 0.224609 0.544922 0.223633
0 0.636719 0.12207 0.635742 0.123047 0.634766 0.123047 0.633789 0.124023 0.632812 0.124023 0.631836 0.125 0.631836 0.125977 0.629883 0.12793 0.629883 0.131836 0.630859 0.132812 0.630859 0.133789 0.631836 0.134766 0.631836 0.135742 0.637695 0.141602 0.638672 0.141602 0.639648 0.142578 0.647461 0.142578 0.648438 0.141602 0.649414 0.141602 0.650391 0.140625 0.651367 0.140625 0.654297 0.137695 0.654297 0.136719 0.655273 0.135742 0.655273 0.134766 0.65625 0.133789 0.65625 0.128906 0.650391 0.123047 0.648438 0.123047 0.647461 0.12207 0.642578 0.12207 0.641602 0.123047 0.640625 0.123047 0.639648 0.124023 0.637695 0.124023 0.636719 0.123047 0.637695 0.12207 0.638672 0.12207
0 0.760742 0.6875 0.759766 0.688477 0.759766 0.689453 0.758789 0.69043 0.758789 0.691406 0.759766 0.692383 0.759766 0.694336 0.760742 0.695312 0.765625 0.695312 0.765625 0.694336 0.766602 0.693359 0.766602 0.6875
0 0.368164 0.191406 0.368164 0.193359 0.367188 0.194336 0.367188 0.196289 0.366211 0.197266 0.366211 0.208008 0.367188 0.208984 0.367188 0.211914 0.368164 0.212891 0.370117 0.212891 0.371094 0.213867 0.37207 0.213867 0.373047 0.214844 0.373047 0.21582 0.375 0.21582 0.375 0.205078 0.375977 0.204102 0.375977 0.201172 0.376953 0.200195 0.376953 0.197266 0.375977 0.196289 0.375977 0.194336 0.374023 0.192383 0.373047 0.192383 0.37207 0.191406
0 0.623047 0.400391 0.620117 0.40332 0.620117 0.404297 0.618164 0.40625 0.618164 0.411133 0.619141 0.412109 0.619141 0.415039 0.621094 0.415039 0.623047 0.416992 0.628906 0.416992 0.629883 0.416016 0.630859 0.416016 0.633789 0.413086 0.633789 0.411133 0.634766 0.410156 0.634766 0.40625 0.633789 0.405273 0.633789 0.40332 0.632812 0.402344 0.632812 0.401367 0.631836 0.401367 0.630859 0.400391
0 0.642578 0.416016 0.641602 0.416992 0.639648 0.416992 0.639648 0.421875 0.640625 0.422852 0.644531 0.422852 0.645508 0.421875 0.647461 0.421875 0.647461 0.416992 0.646484 0.416016
0 0.798828 0.734375 0.797852 0.735352 0.796875 0.735352 0.795898 0.736328 0.795898 0.738281 0.799805 0.738281 0.800781 0.737305 0.800781 0.734375
0 0.611328 0.720703 0.610352 0.72168 0.610352 0.724609 0.614258 0.724609 0.614258 0.722656 0.613281 0.72168 0.613281 0.720703
0 0.613281 0.607422 0.611328 0.609375 0.610352 0.609375 0.609375 0.608398 0.606445 0.608398 0.604492 0.610352 0.601562 0.610352 0.600586 0.611328 0.599609 0.611328 0.59668 0.614258 0.59668 0.618164 0.595703 0.619141 0.595703 0.620117 0.594727 0.621094 0.595703 0.62207 0.595703 0.624023 0.59668 0.625 0.59668 0.626953 0.597656 0.626953 0.598633 0.62793 0.600586 0.62793 0.601562 0.626953 0.602539 0.626953 0.607422 0.62207 0.609375 0.62207 0.614258 0.617188 0.615234 0.617188 0.615234 0.616211 0.617188 0.614258 0.617188 0.610352 0.615234 0.608398 0.614258 0.608398
0 0.611328 0.494141 0.610352 0.495117 0.608398 0.495117 0.604492 0.499023 0.604492 0.5 0.603516 0.500977 0.603516 0.507812 0.604492 0.508789 0.604492 0.510742 0.608398 0.514648 0.609375 0.514648 0.611328 0.516602 0.611328 0.517578 0.613281 0.519531 0.613281 0.520508 0.614258 0.520508 0.615234 0.521484 0.616211 0.521484 0.617188 0.522461 0.619141 0.522461 0.620117 0.521484 0.623047 0.521484 0.624023 0.520508 0.624023 0.519531 0.625 0.518555 0.625 0.516602 0.625977 0.515625 0.625977 0.509766 0.625 0.509766 0.624023 0.508789 0.624023 0.506836 0.623047 0.505859 0.623047 0.504883 0.62207 0.503906 0.62207 0.500977 0.621094 0.5 0.621094 0.499023 0.619141 0.49707 0.619141 0.496094 0.618164 0.495117 0.614258 0.495117 0.613281 0.494141
0 0.485352 0.913086 0.483398 0.915039 0.483398 0.916016 0.482422 0.916992 0.482422 0.922852 0.483398 0.923828 0.483398 0.924805 0.484375 0.924805 0.485352 0.925781 0.485352 0.926758 0.487305 0.926758 0.488281 0.927734 0.489258 0.926758 0.490234 0.926758 0.493164 0.923828 0.493164 0.922852 0.494141 0.921875 0.494141 0.916992 0.492188 0.915039 0.492188 0.914062 0.491211 0.914062 0.490234 0.913086
0 0.541016 0.631836 0.541016 0.632812 0.540039 0.633789 0.539062 0.633789 0.539062 0.634766 0.538086 0.635742 0.538086 0.636719 0.537109 0.637695 0.537109 0.640625 0.536133 0.641602 0.536133 0.647461 0.535156 0.648438 0.535156 0.652344 0.536133 0.65332 0.536133 0.654297 0.537109 0.655273 0.537109 0.65625 0.541992 0.661133 0.542969 0.661133 0.545898 0.658203 0.546875 0.658203 0.547852 0.657227 0.547852 0.65625 0.548828 0.655273 0.548828 0.654297 0.549805 0.65332 0.549805 0.651367 0.550781 0.650391 0.550781 0.641602 0.549805 0.640625 0.549805 0.638672 0.548828 0.637695 0.548828 0.635742 0.547852 0.634766 0.547852 0.633789 0.546875 0.633789 0.544922 0.631836
0 0.46582 0.0810547 0.463867 0.0830078 0.463867 0.0839844 0.461914 0.0859375 0.459961 0.0859375 0.458984 0.0869141 0.458008 0.0869141 0.452148 0.0927734 0.452148 0.0966797 0.453125 0.0976562 0.453125 0.0996094 0.454102 0.100586 0.454102 0.101562 0.455078 0.101562 0.456055 0.102539 0.458008 0.102539 0.458984 0.103516 0.467773 0.103516 0.46875 0.102539 0.469727 0.102539 0.472656 0.0996094 0.473633 0.0996094 0.474609 0.0986328 0.475586 0.0986328 0.475586 0.0976562 0.476562 0.0966797 0.476562 0.0820312 0.475586 0.0810547 0.474609 0.0810547 0.473633 0.0820312 0.472656 0.0810547
0 0.331055 0.107422 0.330078 0.108398 0.329102 0.108398 0.327148 0.110352 0.326172 0.110352 0.326172 0.115234 0.331055 0.115234 0.332031 0.114258 0.333008 0.114258 0.334961 0.112305 0.334961 0.107422
0 0.15625 0.101562 0.155273 0.102539 0.154297 0.102539 0.151367 0.105469 0.150391 0.105469 0.145508 0.110352 0.145508 0.113281 0.146484 0.114258 0.146484 0.115234 0.147461 0.116211 0.148438 0.116211 0.149414 0.117188 0.158203 0.117188 0.15918 0.116211 0.160156 0.116211 0.162109 0.114258 0.163086 0.114258 0.163086 0.112305 0.166016 0.109375 0.166016 0.104492 0.165039 0.103516 0.165039 0.102539 0.164062 0.102539 0.163086 0.101562
0 0.0205078 0.0078125 0.0195312 0.00878906 0.0195312 0.00976562 0.0185547 0.0107422 0.0166016 0.0107422 0.015625 0.0117188 0.015625 0.0126953 0.0146484 0.0136719 0.0146484 0.0146484 0.0117188 0.0175781 0.0107422 0.0175781 0.0107422 0.0185547 0.00976562 0.0195312 0.00976562 0.0214844 0.00878906 0.0224609 0.00878906 0.0244141 0.00976562 0.0253906 0.0107422 0.0253906 0.0117188 0.0263672 0.0136719 0.0263672 0.0146484 0.0273438 0.0195312 0.0273438 0.0205078 0.0283203 0.0214844 0.0273438 0.0224609 0.0273438 0.0234375 0.0263672 0.0253906 0.0263672 0.0253906 0.0253906 0.0273438 0.0234375 0.0283203 0.0234375 0.0292969 0.0224609 0.0292969 0.0185547 0.0283203 0.0175781 0.0283203 0.0126953 0.0263672 0.0107422 0.0263672 0.00976562 0.0244141 0.0078125
0 0.176758 0.439453 0.172852 0.443359 0.171875 0.443359 0.170898 0.444336 0.170898 0.445312 0.168945 0.447266 0.168945 0.449219 0.169922 0.450195 0.169922 0.457031 0.170898 0.458008 0.170898 0.458984 0.175781 0.458984 0.175781 0.458008 0.176758 0.457031 0.180664 0.457031 0.182617 0.455078 0.183594 0.455078 0.183594 0.454102 0.185547 0.452148 0.185547 0.442383 0.18457 0.441406 0.18457 0.44043 0.183594 0.439453
