0 0.558594 0.429688 0.550781 0.4375 0.550781 0.453125 0.554688 0.457031 0.554688 0.464844 0.558594 0.46875 0.5625 0.46875 0.566406 0.464844 0.566406 0.460938 0.574219 0.453125 0.574219 0.449219 0.578125 0.445312 0.578125 0.441406 0.582031 0.4375 0.582031 0.433594 0.578125 0.429688
0 0.527344 0.257812 0.519531 0.265625 0.519531 0.28125 0.527344 0.289062 0.53125 0.289062 0.539062 0.28125 0.539062 0.277344 0.542969 0.273438 0.542969 0.261719 0.539062 0.257812
0 0.269531 0.144531 0.265625 0.148438 0.257812 0.148438 0.253906 0.152344 0.253906 0.164062 0.261719 0.171875 0.273438 0.171875 0.277344 0.167969 0.277344 0.15625 0.273438 0.152344 0.273438 0.148438
0 0.546875 0.601562 0.542969 0.605469 0.539062 0.605469 0.535156 0.609375 0.535156 0.621094 0.539062 0.625 0.539062 0.628906 0.542969 0.632812 0.558594 0.632812 0.566406 0.625 0.566406 0.621094 0.570312 0.617188 0.570312 0.609375 0.566406 0.605469 0.5625 0.605469 0.558594 0.601562
0 0.808594 0.246094 0.800781 0.253906 0.800781 0.257812 0.796875 0.261719 0.796875 0.277344 0.808594 0.289062 0.820312 0.289062 0.824219 0.285156 0.828125 0.285156 0.832031 0.28125 0.832031 0.265625 0.835938 0.261719 0.835938 0.25 0.832031 0.246094
0 0.421875 0.714844 0.417969 0.71875 0.417969 0.734375 0.429688 0.746094 0.433594 0.746094 0.4375 0.75 0.441406 0.75 0.453125 0.738281 0.453125 0.734375 0.445312 0.726562 0.445312 0.722656 0.441406 0.71875 0.433594 0.71875 0.429688 0.714844
0 0.273438 0.101562 0.269531 0.105469 0.265625 0.105469 0.253906 0.117188 0.253906 0.121094 0.257812 0.125 0.261719 0.125 0.269531 0.132812 0.269531 0.140625 0.273438 0.144531 0.289062 0.144531 0.289062 0.140625 0.292969 0.136719 0.300781 0.136719 0.300781 0.121094 0.296875 0.117188 0.292969 0.117188 0.289062 0.113281 0.289062 0.109375 0.28125 0.101562
0 0.265625 0.273438 0.257812 0.28125 0.257812 0.292969 0.261719 0.296875 0.261719 0.300781 0.269531 0.308594 0.277344 0.308594 0.289062 0.296875 0.289062 0.28125 0.28125 0.273438
0 0.234375 0.5 0.230469 0.503906 0.226562 0.503906 0.226562 0.523438 0.230469 0.527344 0.242188 0.527344 0.246094 0.53125 0.253906 0.53125 0.257812 0.527344 0.257812 0.511719 0.253906 0.507812 0.253906 0.503906 0.25 0.503906 0.246094 0.5
0 0.472656 0.300781 0.464844 0.308594 0.464844 0.324219 0.46875 0.328125 0.476562 0.328125 0.480469 0.332031 0.488281 0.332031 0.492188 0.328125 0.492188 0.308594 0.484375 0.300781
0 0.332031 0 0.324219 0.0078125 0.324219 0.0117188 0.320312 0.015625 0.320312 0.0273438 0.324219 0.03125 0.332031 0.03125 0.335938 0.0273438 0.34375 0.0273438 0.367188 0.00390625 0.367188 0
0 0.214844 0.0117188 0.210938 0.015625 0.203125 0.015625 0.199219 0.0195312 0.199219 0.0390625 0.203125 0.0429688 0.230469 0.0429688 0.238281 0.0351562 0.238281 0.0234375 0.226562 0.0117188
0 0.339844 0.449219 0.332031 0.457031 0.332031 0.472656 0.339844 0.480469 0.351562 0.480469 0.355469 0.476562 0.355469 0.472656 0.359375 0.46875 0.359375 0.457031 0.351562 0.449219
0 0.664062 0.386719 0.65625 0.394531 0.65625 0.398438 0.652344 0.402344 0.652344 0.417969 0.660156 0.425781 0.671875 0.425781 0.679688 0.417969 0.679688 0.394531 0.671875 0.386719
0 0.976562 0.546875 0.96875 0.554688 0.964844 0.554688 0.960938 0.558594 0.960938 0.574219 0.992188 0.605469 0.996094 0.605469 0.996094 0.5625 0.980469 0.546875
0 0.222656 0.554688 0.214844 0.5625 0.214844 0.566406 0.21875 0.570312 0.21875 0.578125 0.230469 0.589844 0.242188 0.589844 0.246094 0.585938 0.246094 0.574219 0.238281 0.566406 0.238281 0.5625 0.230469 0.554688
0 0.0546875 0.105469 0.0429688 0.117188 0.0429688 0.132812 0.0507812 0.140625 0.0625 0.140625 0.0664062 0.136719 0.0664062 0.132812 0.0703125 0.128906 0.0703125 0.109375 0.0664062 0.105469
0 0.222656 0.410156 0.207031 0.425781 0.207031 0.433594 0.214844 0.441406 0.234375 0.441406 0.242188 0.433594 0.242188 0.421875 0.230469 0.410156
0 0.425781 0.542969 0.421875 0.546875 0.40625 0.546875 0.402344 0.550781 0.402344 0.558594 0.40625 0.5625 0.40625 0.566406 0.410156 0.570312 0.414062 0.570312 0.417969 0.574219 0.433594 0.574219 0.441406 0.566406 0.441406 0.5625 0.449219 0.554688 0.445312 0.550781 0.445312 0.546875 0.433594 0.546875 0.429688 0.542969
0 0.652344 0.519531 0.644531 0.527344 0.644531 0.542969 0.648438 0.546875 0.667969 0.546875 0.671875 0.542969 0.671875 0.53125 0.660156 0.519531
0 0.320312 0.558594 0.3125 0.566406 0.3125 0.582031 0.308594 0.585938 0.308594 0.589844 0.3125 0.59375 0.3125 0.597656 0.316406 0.601562 0.332031 0.601562 0.335938 0.597656 0.335938 0.570312 0.332031 0.566406 0.332031 0.5625 0.328125 0.558594
0 0.832031 0.515625 0.832031 0.542969 0.84375 0.554688 0.847656 0.554688 0.855469 0.546875 0.855469 0.527344 0.847656 0.527344 0.839844 0.519531 0.839844 0.515625
0 0.726562 0.828125 0.722656 0.832031 0.722656 0.859375 0.726562 0.863281 0.726562 0.867188 0.738281 0.878906 0.75 0.878906 0.753906 0.875 0.753906 0.84375 0.738281 0.828125
0 0.414062 0.378906 0.402344 0.390625 0.402344 0.398438 0.40625 0.402344 0.40625 0.40625 0.414062 0.414062 0.421875 0.414062 0.429688 0.40625 0.429688 0.390625 0.417969 0.378906
0 0.730469 0.554688 0.726562 0.558594 0.71875 0.558594 0.714844 0.5625 0.714844 0.582031 0.722656 0.589844 0.734375 0.589844 0.742188 0.582031 0.742188 0.558594 0.738281 0.554688
0 0.628906 0.257812 0.621094 0.265625 0.621094 0.285156 0.628906 0.292969 0.632812 0.292969 0.636719 0.296875 0.644531 0.296875 0.648438 0.292969 0.648438 0.273438 0.644531 0.269531 0.644531 0.265625 0.636719 0.257812
0 0.953125 0.382812 0.949219 0.386719 0.949219 0.390625 0.945312 0.394531 0.945312 0.410156 0.949219 0.414062 0.949219 0.417969 0.953125 0.421875 0.976562 0.421875 0.984375 0.414062 0.984375 0.402344 0.980469 0.398438 0.980469 0.390625 0.972656 0.382812
0 0.453125 0.511719 0.449219 0.515625 0.449219 0.519531 0.445312 0.523438 0.445312 0.539062 0.449219 0.542969 0.449219 0.550781 0.457031 0.558594 0.464844 0.558594 0.472656 0.550781 0.472656 0.535156 0.46875 0.53125 0.46875 0.523438 0.464844 0.519531 0.464844 0.515625 0.460938 0.511719
0 0.785156 0.570312 0.78125 0.574219 0.777344 0.574219 0.765625 0.585938 0.765625 0.59375 0.769531 0.597656 0.769531 0.601562 0.785156 0.617188 0.789062 0.617188 0.792969 0.621094 0.796875 0.621094 0.808594 0.609375 0.808594 0.605469 0.804688 0.601562 0.804688 0.585938 0.789062 0.570312
0 0.992188 0.777344 0.980469 0.789062 0.980469 0.792969 0.976562 0.796875 0.976562 0.800781 0.980469 0.804688 0.996094 0.804688 0.996094 0.777344
0 0.730469 0.0664062 0.722656 0.0742188 0.71875 0.0742188 0.714844 0.078125 0.714844 0.0820312 0.707031 0.0898438 0.707031 0.0976562 0.710938 0.101562 0.714844 0.101562 0.71875 0.105469 0.738281 0.105469 0.746094 0.0976562 0.746094 0.09375 0.75 0.0898438 0.75 0.0859375 0.746094 0.0820312 0.746094 0.0742188 0.738281 0.0664062
0 0.648438 0.601562 0.640625 0.609375 0.640625 0.621094 0.644531 0.625 0.648438 0.625 0.652344 0.628906 0.675781 0.628906 0.679688 0.625 0.683594 0.625 0.691406 0.617188 0.691406 0.613281 0.683594 0.605469 0.671875 0.605469 0.667969 0.601562
0 0.984375 0.519531 0.980469 0.523438 0.980469 0.53125 0.976562 0.535156 0.976562 0.542969 0.980469 0.542969 0.996094 0.558594 0.996094 0.519531
0 0.382812 0.5625 0.378906 0.566406 0.375 0.566406 0.371094 0.570312 0.371094 0.578125 0.390625 0.597656 0.394531 0.597656 0.398438 0.601562 0.40625 0.601562 0.410156 0.597656 0.410156 0.582031 0.390625 0.5625
0 0.828125 0.433594 0.824219 0.4375 0.824219 0.453125 0.839844 0.46875 0.851562 0.46875 0.855469 0.464844 0.855469 0.453125 0.851562 0.449219 0.851562 0.445312 0.847656 0.441406 0.847656 0.4375 0.84375 0.433594
