0 0.4125 0.398438 0.40625 0.40625 0.403125 0.40625 0.396875 0.414062 0.396875 0.421875 0.39375 0.425781 0.39375 0.433594 0.390625 0.4375 0.390625 0.449219 0.3875 0.453125 0.3875 0.46875 0.390625 0.472656 0.390625 0.480469 0.39375 0.484375 0.4 0.484375 0.409375 0.496094 0.409375 0.5 0.41875 0.511719 0.428125 0.511719 0.434375 0.503906 0.44375 0.503906 0.446875 0.5 0.446875 0.496094 0.45 0.492188 0.45 0.488281 0.45625 0.480469 0.459375 0.480469 0.465625 0.472656 0.465625 0.46875 0.471875 0.460938 0.471875 0.457031 0.46875 0.453125 0.45 0.453125 0.44375 0.445312 0.44375 0.4375 0.446875 0.433594 0.446875 0.410156 0.440625 0.402344 0.434375 0.402344 0.43125 0.398438
0 0.378125 0.648438 0.371875 0.65625 0.371875 0.660156 0.3625 0.671875 0.3625 0.675781 0.35625 0.683594 0.35625 0.699219 0.3625 0.707031 0.3625 0.710938 0.365625 0.714844 0.365625 0.71875 0.36875 0.722656 0.371875 0.722656 0.378125 0.730469 0.378125 0.734375 0.38125 0.738281 0.384375 0.738281 0.3875 0.734375 0.3875 0.730469 0.39375 0.722656 0.4 0.722656 0.40625 0.714844 0.40625 0.710938 0.415625 0.699219 0.415625 0.695312 0.41875 0.691406 0.41875 0.660156 0.409375 0.648438
0 0.196875 0.117188 0.19375 0.121094 0.190625 0.121094 0.171875 0.144531 0.16875 0.144531 0.159375 0.15625 0.159375 0.167969 0.15625 0.171875 0.15625 0.203125 0.153125 0.207031 0.153125 0.21875 0.15 0.222656 0.15 0.230469 0.146875 0.234375 0.146875 0.257812 0.15 0.261719 0.1625 0.261719 0.178125 0.242188 0.178125 0.238281 0.184375 0.230469 0.20625 0.230469 0.2125 0.222656 0.221875 0.222656 0.225 0.21875 0.225 0.214844 0.228125 0.210938 0.228125 0.207031 0.23125 0.203125 0.23125 0.171875 0.221875 0.160156 0.221875 0.152344 0.21875 0.148438 0.21875 0.140625 0.215625 0.136719 0.215625 0.128906 0.20625 0.117188
0 0.159375 0.820312 0.15625 0.824219 0.153125 0.824219 0.14375 0.835938 0.14375 0.839844 0.140625 0.84375 0.140625 0.847656 0.1375 0.851562 0.1375 0.855469 0.140625 0.859375 0.140625 0.867188 0.146875 0.875 0.159375 0.875 0.1625 0.871094 0.16875 0.871094 0.178125 0.859375 0.178125 0.851562 0.18125 0.847656 0.18125 0.828125 0.178125 0.824219 0.175 0.824219 0.171875 0.820312
0 0.05 0.128906 0.046875 0.132812 0.04375 0.132812 0.03125 0.148438 0.03125 0.15625 0.028125 0.160156 0.028125 0.164062 0.025 0.167969 0.025 0.175781 0.021875 0.179688 0.021875 0.195312 0.025 0.199219 0.025 0.203125 0.0375 0.21875 0.040625 0.21875 0.04375 0.222656 0.05 0.222656 0.053125 0.226562 0.05625 0.226562 0.059375 0.222656 0.06875 0.222656 0.071875 0.21875 0.075 0.21875 0.078125 0.214844 0.084375 0.214844 0.090625 0.207031 0.090625 0.195312 0.09375 0.191406 0.09375 0.1875 0.096875 0.183594 0.096875 0.179688 0.1 0.175781 0.1 0.15625 0.096875 0.152344 0.096875 0.148438 0.084375 0.132812 0.08125 0.132812 0.078125 0.128906
0 0.040625 0.957031 0.0375 0.960938 0.03125 0.960938 0.028125 0.964844 0.028125 0.96875 0.025 0.972656 0.025 0.976562 0.009375 0.996094 0.05 0.996094 0.053125 0.992188 0.053125 0.980469 0.05625 0.976562 0.05625 0.96875 0.046875 0.957031
0 0.58125 0.761719 0.578125 0.765625 0.575 0.765625 0.565625 0.777344 0.565625 0.789062 0.5625 0.792969 0.5625 0.796875 0.55625 0.804688 0.55625 0.8125 0.546875 0.824219 0.55 0.824219 0.55625 0.832031 0.55625 0.835938 0.575 0.859375 0.575 0.863281 0.584375 0.875 0.590625 0.875 0.59375 0.878906 0.6125 0.878906 0.621875 0.867188 0.621875 0.863281 0.625 0.859375 0.625 0.847656 0.621875 0.84375 0.621875 0.839844 0.615625 0.832031 0.6125 0.832031 0.60625 0.824219 0.60625 0.8125 0.609375 0.808594 0.609375 0.796875 0.603125 0.789062 0.603125 0.785156 0.6 0.78125 0.6 0.777344 0.5875 0.761719
0 0.409375 0.757812 0.40625 0.761719 0.40625 0.765625 0.390625 0.785156 0.390625 0.804688 0.39375 0.808594 0.403125 0.808594 0.41875 0.789062 0.41875 0.761719 0.415625 0.757812
0 0.459375 0.625 0.45625 0.628906 0.45 0.628906 0.44375 0.636719 0.44375 0.640625 0.440625 0.644531 0.440625 0.679688 0.44375 0.683594 0.44375 0.6875 0.45625 0.703125 0.46875 0.703125 0.471875 0.699219 0.478125 0.699219 0.49375 0.679688 0.49375 0.675781 0.496875 0.671875 0.496875 0.664062 0.5 0.660156 0.5 0.65625 0.496875 0.652344 0.496875 0.644531 0.4875 0.632812 0.4875 0.628906 0.484375 0.625
0 0.184375 0.90625 0.18125 0.910156 0.175 0.910156 0.171875 0.914062 0.1625 0.914062 0.159375 0.917969 0.15625 0.917969 0.153125 0.921875 0.153125 0.949219 0.1625 0.960938 0.16875 0.960938 0.171875 0.964844 0.18125 0.964844 0.184375 0.96875 0.190625 0.96875 0.19375 0.964844 0.20625 0.964844 0.209375 0.960938 0.209375 0.921875 0.20625 0.917969 0.20625 0.910156 0.203125 0.90625
0 0.10625 0.6875 0.09375 0.703125 0.09375 0.707031 0.0875 0.714844 0.0875 0.71875 0.084375 0.722656 0.084375 0.730469 0.0875 0.734375 0.090625 0.734375 0.09375 0.738281 0.096875 0.738281 0.103125 0.746094 0.103125 0.75 0.10625 0.753906 0.10625 0.765625 0.1125 0.773438 0.1375 0.773438 0.140625 0.769531 0.14375 0.769531 0.15 0.761719 0.15625 0.761719 0.159375 0.757812 0.1625 0.757812 0.165625 0.753906 0.165625 0.75 0.16875 0.746094 0.16875 0.742188 0.171875 0.738281 0.171875 0.71875 0.165625 0.710938 0.1625 0.710938 0.153125 0.699219 0.15 0.699219 0.146875 0.695312 0.1375 0.695312 0.134375 0.691406 0.115625 0.691406 0.1125 0.6875
0 0.328125 0.941406 0.325 0.945312 0.321875 0.945312 0.31875 0.949219 0.315625 0.949219 0.3125 0.953125 0.309375 0.953125 0.296875 0.96875 0.296875 0.984375 0.303125 0.992188 0.303125 0.996094 0.34375 0.996094 0.34375 0.988281 0.340625 0.984375 0.340625 0.960938 0.34375 0.957031 0.34375 0.945312 0.340625 0.941406
0 0.025 0.335938 0.021875 0.339844 0.00625 0.339844 0.003125 0.34375 0 0.34375 0 0.441406 0.009375 0.441406 0.0125 0.445312 0.015625 0.445312 0.01875 0.441406 0.025 0.441406 0.028125 0.4375 0.03125 0.4375 0.034375 0.433594 0.0375 0.433594 0.04375 0.425781 0.04375 0.421875 0.059375 0.402344 0.059375 0.398438 0.0625 0.394531 0.0625 0.375 0.059375 0.371094 0.059375 0.355469 0.046875 0.339844 0.040625 0.339844 0.0375 0.335938
0 0.21875 0.371094 0.20625 0.386719 0.203125 0.386719 0.2 0.390625 0.196875 0.390625 0.190625 0.398438 0.190625 0.425781 0.19375 0.429688 0.196875 0.429688 0.203125 0.4375 0.23125 0.4375 0.24375 0.421875 0.246875 0.421875 0.25625 0.410156 0.259375 0.410156 0.2625 0.40625 0.2625 0.394531 0.259375 0.390625 0.253125 0.390625 0.24375 0.378906 0.24375 0.375 0.240625 0.371094
0 0.246875 0.976562 0.240625 0.984375 0.240625 0.988281 0.234375 0.996094 0.284375 0.996094 0.278125 0.988281 0.278125 0.980469 0.275 0.976562
0 0.465625 0.109375 0.45625 0.121094 0.45 0.121094 0.44375 0.128906 0.44375 0.132812 0.440625 0.136719 0.440625 0.167969 0.44375 0.171875 0.44375 0.175781 0.446875 0.179688 0.446875 0.191406 0.45625 0.203125 0.459375 0.203125 0.4625 0.207031 0.465625 0.207031 0.471875 0.199219 0.471875 0.195312 0.475 0.191406 0.475 0.1875 0.478125 0.183594 0.478125 0.175781 0.48125 0.171875 0.48125 0.167969 0.490625 0.15625 0.490625 0.128906 0.484375 0.121094 0.484375 0.117188 0.48125 0.113281 0.478125 0.113281 0.475 0.109375
0 0.646875 0.289062 0.64375 0.292969 0.64375 0.332031 0.646875 0.335938 0.646875 0.34375 0.64375 0.347656 0.64375 0.351562 0.65625 0.367188 0.671875 0.367188 0.675 0.371094 0.684375 0.371094 0.6875 0.375 0.69375 0.375 0.696875 0.378906 0.703125 0.378906 0.70625 0.382812 0.7125 0.382812 0.715625 0.378906 0.71875 0.378906 0.721875 0.375 0.721875 0.359375 0.7125 0.347656 0.7125 0.324219 0.709375 0.320312 0.709375 0.3125 0.70625 0.308594 0.70625 0.304688 0.69375 0.289062
0 0.75625 0.394531 0.75 0.402344 0.75 0.40625 0.74375 0.414062 0.740625 0.414062 0.7375 0.417969 0.7375 0.421875 0.73125 0.429688 0.73125 0.441406 0.728125 0.445312 0.728125 0.480469 0.734375 0.488281 0.734375 0.496094 0.7375 0.5 0.7375 0.503906 0.740625 0.507812 0.740625 0.511719 0.746875 0.519531 0.76875 0.519531 0.771875 0.523438 0.775 0.523438 0.7875 0.507812 0.7875 0.5 0.796875 0.488281 0.796875 0.480469 0.8 0.476562 0.8 0.464844 0.796875 0.460938 0.796875 0.445312 0.79375 0.441406 0.79375 0.4375 0.790625 0.433594 0.790625 0.421875 0.7875 0.417969 0.7875 0.414062 0.778125 0.402344 0.775 0.402344 0.771875 0.398438 0.765625 0.398438 0.7625 0.394531
0 0.41875 0.800781 0.415625 0.804688 0.415625 0.820312 0.4125 0.824219 0.4125 0.835938 0.409375 0.839844 0.40625 0.835938 0.4 0.835938 0.39375 0.84375 0.39375 0.851562 0.396875 0.855469 0.396875 0.859375 0.3875 0.871094 0.384375 0.871094 0.378125 0.878906 0.378125 0.890625 0.384375 0.898438 0.384375 0.910156 0.3875 0.914062 0.390625 0.914062 0.396875 0.921875 0.396875 0.957031 0.4 0.960938 0.4 0.96875 0.40625 0.976562 0.409375 0.976562 0.4125 0.980469 0.428125 0.980469 0.434375 0.972656 0.4375 0.972656 0.440625 0.96875 0.440625 0.964844 0.44375 0.960938 0.44375 0.949219 0.446875 0.945312 0.446875 0.921875 0.459375 0.90625 0.465625 0.90625 0.471875 0.898438 0.471875 0.894531 0.46875 0.890625 0.46875 0.875 0.475 0.867188 0.475 0.859375 0.471875 0.855469 0.46875 0.855469 0.459375 0.84375 0.453125 0.84375 0.446875 0.835938 0.440625 0.835938 0.4375 0.839844 0.434375 0.839844 0.43125 0.835938 0.434375 0.832031 0.434375 0.820312 0.43125 0.816406 0.43125 0.808594 0.425 0.800781
0 0.759375 0.0078125 0.75625 0.0117188 0.746875 0.0117188 0.74375 0.015625 0.728125 0.015625 0.728125 0.0234375 0.725 0.0273438 0.725 0.0585938 0.728125 0.0625 0.740625 0.0625 0.746875 0.0703125 0.75 0.0703125 0.75625 0.078125 0.75625 0.0820312 0.759375 0.0859375 0.765625 0.0859375 0.76875 0.0820312 0.76875 0.078125 0.771875 0.0742188 0.771875 0.0703125 0.775 0.0664062 0.775 0.0625 0.778125 0.0585938 0.778125 0.0507812 0.775 0.046875 0.775 0.0273438
0 0.63125 0.960938 0.628125 0.964844 0.628125 0.980469 0.625 0.984375 0.625 0.996094 0.6375 0.996094 0.640625 0.992188 0.640625 0.964844 0.6375 0.960938
0 0.1625 0.964844 0.15625 0.972656 0.15625 0.984375 0.146875 0.996094 0.18125 0.996094 0.18125 0.988281 0.178125 0.984375 0.178125 0.980469 0.184375 0.972656 0.18125 0.96875 0.171875 0.96875 0.16875 0.964844
0 0.23125 0.285156 0.21875 0.300781 0.21875 0.304688 0.2125 0.3125 0.2125 0.34375 0.225 0.359375 0.225 0.367188 0.240625 0.367188 0.246875 0.375 0.246875 0.378906 0.253125 0.386719 0.265625 0.386719 0.26875 0.390625 0.275 0.390625 0.278125 0.394531 0.2875 0.394531 0.290625 0.398438 0.30625 0.398438 0.309375 0.402344 0.325 0.402344 0.33125 0.394531 0.334375 0.394531 0.340625 0.386719 0.340625 0.382812 0.346875 0.375 0.346875 0.351562 0.340625 0.34375 0.340625 0.339844 0.3375 0.335938 0.334375 0.335938 0.33125 0.332031 0.325 0.332031 0.315625 0.320312 0.315625 0.316406 0.3125 0.3125 0.290625 0.3125 0.2875 0.308594 0.278125 0.308594 0.26875 0.296875 0.2625 0.296875 0.259375 0.292969 0.25625 0.292969 0.253125 0.289062 0.246875 0.289062 0.24375 0.285156
0 0.93125 0.527344 0.921875 0.539062 0.91875 0.539062 0.9125 0.546875 0.9125 0.550781 0.903125 0.5625 0.903125 0.574219 0.90625 0.578125 0.91875 0.578125 0.921875 0.582031 0.925 0.582031 0.928125 0.585938 0.934375 0.585938 0.940625 0.59375 0.94375 0.59375 0.946875 0.597656 0.975 0.597656 0.978125 0.59375 0.9875 0.59375 0.990625 0.589844 0.990625 0.585938 0.98125 0.574219 0.98125 0.5625 0.984375 0.558594 0.984375 0.546875 0.978125 0.539062 0.975 0.539062 0.971875 0.535156 0.96875 0.535156 0.9625 0.527344
0 0.734375 0.222656 0.73125 0.226562 0.728125 0.226562 0.71875 0.238281 0.71875 0.242188 0.7125 0.25 0.7125 0.253906 0.71875 0.261719 0.71875 0.265625 0.721875 0.269531 0.725 0.269531 0.728125 0.265625 0.73125 0.265625 0.74375 0.25 0.74375 0.246094 0.75 0.238281 0.75 0.230469 0.74375 0.222656
0 0.35 0.21875 0.346875 0.222656 0.340625 0.222656 0.334375 0.230469 0.33125 0.230469 0.328125 0.234375 0.321875 0.234375 0.315625 0.242188 0.315625 0.253906 0.31875 0.257812 0.31875 0.289062 0.325 0.296875 0.33125 0.296875 0.334375 0.300781 0.3375 0.300781 0.34375 0.308594 0.34375 0.3125 0.346875 0.316406 0.346875 0.320312 0.35 0.324219 0.359375 0.324219 0.3625 0.320312 0.365625 0.320312 0.36875 0.316406 0.371875 0.316406 0.375 0.3125 0.375 0.304688 0.384375 0.292969 0.384375 0.289062 0.3875 0.285156 0.3875 0.261719 0.384375 0.257812 0.384375 0.25 0.38125 0.246094 0.38125 0.238281 0.375 0.230469 0.371875 0.230469 0.36875 0.226562 0.359375 0.226562 0.353125 0.21875
0 0.290625 0.839844 0.2875 0.84375 0.284375 0.84375 0.28125 0.847656 0.26875 0.847656 0.265625 0.851562 0.2625 0.851562 0.25625 0.859375 0.25625 0.867188 0.24375 0.882812 0.24375 0.90625 0.246875 0.910156 0.25 0.910156 0.253125 0.914062 0.25625 0.914062 0.259375 0.917969 0.2625 0.917969 0.271875 0.929688 0.290625 0.929688 0.29375 0.933594 0.321875 0.933594 0.334375 0.917969 0.334375 0.863281 0.33125 0.859375 0.33125 0.855469 0.31875 0.839844
0 0 0.6875 0 0.734375 0 0.730469 0.003125 0.726562 0.003125 0.695312 0 0.691406
0 0.53125 0.757812 0.528125 0.761719 0.521875 0.761719 0.5125 0.773438 0.509375 0.773438 0.503125 0.78125 0.503125 0.796875 0.50625 0.800781 0.50625 0.808594 0.509375 0.8125 0.51875 0.8125 0.525 0.820312 0.546875 0.820312 0.553125 0.8125 0.553125 0.804688 0.55625 0.800781 0.55625 0.796875 0.559375 0.792969 0.559375 0.785156 0.546875 0.769531 0.546875 0.761719 0.54375 0.757812
0 0.00625 0 0 0.0078125 0 0.0664062 0.00625 0.0742188 0.00625 0.0859375 0.0125 0.09375 0.015625 0.09375 0.021875 0.101562 0.03125 0.101562 0.034375 0.0976562 0.05 0.0976562 0.053125 0.09375 0.05625 0.09375 0.065625 0.0820312 0.065625 0.078125 0.06875 0.0742188 0.06875 0.0507812 0.065625 0.046875 0.065625 0.0429688 0.0625 0.0390625 0.0625 0.0234375 0.059375 0.0195312 0.059375 0.015625 0.05625 0.0117188 0.05625 0.0078125 0.053125 0.00390625 0.053125 0
0 0.79375 0.523438 0.7875 0.53125 0.7875 0.542969 0.809375 0.570312 0.809375 0.574219 0.8125 0.578125 0.815625 0.578125 0.81875 0.582031 0.83125 0.582031 0.834375 0.578125 0.85625 0.578125 0.859375 0.574219 0.8625 0.574219 0.865625 0.570312 0.865625 0.558594 0.85 0.539062 0.825 0.539062 0.821875 0.535156 0.81875 0.535156 0.815625 0.53125 0.8125 0.53125 0.80625 0.523438
0 0.325 0.566406 0.321875 0.570312 0.31875 0.570312 0.303125 0.589844 0.303125 0.597656 0.3 0.601562 0.3 0.617188 0.303125 0.621094 0.30625 0.621094 0.3125 0.628906 0.3125 0.632812 0.31875 0.640625 0.31875 0.648438 0.325 0.65625 0.346875 0.65625 0.35 0.652344 0.35625 0.652344 0.371875 0.632812 0.371875 0.628906 0.375 0.625 0.375 0.621094 0.378125 0.617188 0.378125 0.597656 0.38125 0.59375 0.38125 0.582031 0.375 0.574219 0.35625 0.574219 0.353125 0.578125 0.35 0.578125 0.340625 0.566406
0 0.184375 0.554688 0.18125 0.558594 0.18125 0.578125 0.175 0.585938 0.171875 0.585938 0.16875 0.589844 0.1625 0.589844 0.153125 0.601562 0.153125 0.613281 0.15625 0.617188 0.159375 0.617188 0.1625 0.621094 0.165625 0.621094 0.171875 0.628906 0.175 0.628906 0.18125 0.636719 0.184375 0.636719 0.190625 0.644531 0.19375 0.644531 0.2 0.652344 0.203125 0.652344 0.20625 0.648438 0.209375 0.648438 0.228125 0.625 0.228125 0.605469 0.225 0.601562 0.225 0.574219 0.221875 0.570312 0.21875 0.570312 0.215625 0.566406 0.209375 0.566406 0.2 0.554688
0 0.715625 0 0.715625 0.00390625 0.721875 0.0117188 0.74375 0.0117188 0.746875 0.0078125 0.75625 0.0078125 0.759375 0.00390625 0.759375 0
0 0.571875 0.375 0.56875 0.378906 0.565625 0.378906 0.5625 0.382812 0.55 0.382812 0.540625 0.394531 0.540625 0.40625 0.54375 0.410156 0.54375 0.429688 0.553125 0.441406 0.55625 0.441406 0.565625 0.453125 0.578125 0.453125 0.58125 0.449219 0.584375 0.449219 0.5875 0.445312 0.5875 0.441406 0.596875 0.429688 0.596875 0.421875 0.590625 0.414062 0.590625 0.40625 0.59375 0.402344 0.59375 0.378906 0.590625 0.375
0 0.06875 0.796875 0.065625 0.800781 0.065625 0.804688 0.0625 0.808594 0.0625 0.828125 0.05625 0.835938 0.05625 0.84375 0.059375 0.847656 0.0625 0.847656 0.065625 0.851562 0.06875 0.851562 0.071875 0.847656 0.08125 0.847656 0.084375 0.84375 0.084375 0.839844 0.090625 0.832031 0.090625 0.828125 0.09375 0.824219 0.09375 0.804688 0.0875 0.796875
0 0.278125 0.0507812 0.275 0.0546875 0.26875 0.0546875 0.265625 0.0585938 0.2625 0.0585938 0.259375 0.0625 0.259375 0.0664062 0.25625 0.0703125 0.25625 0.0742188 0.253125 0.078125 0.253125 0.0976562 0.25625 0.101562 0.25625 0.109375 0.259375 0.113281 0.259375 0.117188 0.26875 0.128906 0.271875 0.128906 0.290625 0.152344 0.30625 0.152344 0.309375 0.15625 0.334375 0.15625 0.346875 0.140625 0.346875 0.109375 0.3375 0.0976562 0.3375 0.0820312 0.321875 0.0625 0.31875 0.0625 0.309375 0.0507812 0.30625 0.0507812 0.303125 0.0546875 0.3 0.0546875 0.296875 0.0507812
0 0.4125 0 0.4125 0.0117188 0.409375 0.015625 0.409375 0.0234375 0.4125 0.0273438 0.4125 0.0351562 0.415625 0.0390625 0.415625 0.0429688 0.41875 0.046875 0.41875 0.0507812 0.421875 0.0546875 0.425 0.0546875 0.43125 0.0625 0.45 0.0625 0.453125 0.0585938 0.45625 0.0585938 0.46875 0.0429688 0.46875 0.0351562 0.471875 0.03125 0.471875 0.0195312 0.46875 0.015625 0.46875 0.00390625 0.465625 0
0 0.765625 0.101562 0.7625 0.105469 0.759375 0.105469 0.75625 0.109375 0.75 0.109375 0.740625 0.121094 0.740625 0.148438 0.7375 0.152344 0.7375 0.160156 0.734375 0.164062 0.734375 0.183594 0.7375 0.1875 0.7375 0.195312 0.740625 0.199219 0.74375 0.199219 0.746875 0.203125 0.75 0.203125 0.753125 0.207031 0.7625 0.207031 0.765625 0.210938 0.771875 0.210938 0.778125 0.203125 0.778125 0.199219 0.78125 0.195312 0.78125 0.191406 0.784375 0.1875 0.784375 0.183594 0.7875 0.179688 0.7875 0.175781 0.790625 0.171875 0.790625 0.167969 0.79375 0.164062 0.79375 0.160156 0.796875 0.15625 0.796875 0.117188 0.790625 0.109375 0.784375 0.109375 0.78125 0.105469 0.778125 0.105469 0.775 0.101562
0 0.86875 0.585938 0.865625 0.589844 0.865625 0.59375 0.875 0.605469 0.884375 0.605469 0.8875 0.609375 0.903125 0.609375 0.909375 0.617188 0.91875 0.617188 0.921875 0.613281 0.921875 0.605469 0.91875 0.601562 0.9125 0.601562 0.903125 0.589844 0.896875 0.589844 0.89375 0.585938
0 0.19375 0.671875 0.184375 0.683594 0.184375 0.695312 0.1875 0.699219 0.1875 0.722656 0.190625 0.726562 0.190625 0.730469 0.19375 0.734375 0.2 0.734375 0.2125 0.71875 0.2125 0.699219 0.20625 0.691406 0.20625 0.6875 0.209375 0.683594 0.209375 0.675781 0.20625 0.671875
0 0.5875 0.140625 0.584375 0.144531 0.584375 0.148438 0.5875 0.152344 0.5875 0.15625 0.584375 0.160156 0.584375 0.183594 0.58125 0.1875 0.58125 0.21875 0.584375 0.222656 0.584375 0.226562 0.5875 0.230469 0.5875 0.234375 0.590625 0.238281 0.590625 0.246094 0.596875 0.253906 0.596875 0.257812 0.6 0.261719 0.6 0.265625 0.603125 0.269531 0.603125 0.273438 0.60625 0.277344 0.60625 0.28125 0.6125 0.289062 0.6125 0.292969 0.615625 0.296875 0.615625 0.304688 0.61875 0.308594 0.621875 0.308594 0.625 0.304688 0.621875 0.300781 0.621875 0.292969 0.628125 0.285156 0.628125 0.246094 0.615625 0.230469 0.615625 0.226562 0.6125 0.222656 0.6125 0.207031 0.615625 0.203125 0.615625 0.191406 0.609375 0.183594 0.609375 0.179688 0.603125 0.171875 0.603125 0.167969 0.6 0.164062 0.6 0.144531 0.596875 0.140625
0 0.4375 0.582031 0.43125 0.589844 0.43125 0.601562 0.4375 0.609375 0.45 0.609375 0.453125 0.605469 0.453125 0.597656 0.45 0.59375 0.45 0.589844 0.446875 0.585938 0.44375 0.585938 0.440625 0.582031
0 0.7125 0.113281 0.70625 0.121094 0.703125 0.121094 0.696875 0.128906 0.696875 0.132812 0.690625 0.140625 0.690625 0.160156 0.69375 0.164062 0.69375 0.167969 0.696875 0.171875 0.7 0.171875 0.70625 0.179688 0.715625 0.179688 0.71875 0.175781 0.725 0.175781 0.73125 0.167969 0.73125 0.160156 0.734375 0.15625 0.734375 0.152344 0.7375 0.148438 0.7375 0.125 0.734375 0.121094 0.73125 0.121094 0.725 0.113281
0 0.28125 0.757812 0.278125 0.761719 0.275 0.761719 0.253125 0.789062 0.253125 0.804688 0.25625 0.808594 0.2625 0.808594 0.265625 0.8125 0.26875 0.8125 0.275 0.804688 0.296875 0.804688 0.3 0.800781 0.3 0.785156 0.303125 0.78125 0.303125 0.773438 0.3 0.769531 0.3 0.765625 0.29375 0.757812
