0 0.59375 0.96875 0.589844 0.972656 0.582031 0.972656 0.578125 0.976562 0.574219 0.976562 0.566406 0.984375 0.566406 0.988281 0.5625 0.992188 0.5625 0.996094 0.640625 0.996094 0.640625 0.992188 0.625 0.976562 0.621094 0.976562 0.617188 0.972656 0.609375 0.972656 0.605469 0.96875
0 0.367188 0.316406 0.363281 0.320312 0.359375 0.320312 0.351562 0.328125 0.347656 0.328125 0.347656 0.332031 0.339844 0.339844 0.339844 0.34375 0.335938 0.347656 0.335938 0.375 0.355469 0.394531 0.359375 0.394531 0.367188 0.402344 0.378906 0.402344 0.382812 0.40625 0.398438 0.40625 0.402344 0.402344 0.410156 0.402344 0.414062 0.398438 0.417969 0.398438 0.4375 0.378906 0.4375 0.375 0.441406 0.371094 0.441406 0.347656 0.4375 0.34375 0.4375 0.339844 0.433594 0.335938 0.433594 0.332031 0.425781 0.324219 0.421875 0.324219 0.417969 0.320312 0.414062 0.320312 0.410156 0.316406
0 0.105469 0.203125 0.09375 0.214844 0.09375 0.21875 0.0898438 0.222656 0.0898438 0.257812 0.0976562 0.265625 0.0976562 0.28125 0.105469 0.289062 0.105469 0.292969 0.109375 0.296875 0.113281 0.296875 0.117188 0.300781 0.144531 0.300781 0.152344 0.292969 0.152344 0.285156 0.144531 0.277344 0.144531 0.273438 0.152344 0.265625 0.152344 0.246094 0.160156 0.238281 0.160156 0.214844 0.148438 0.203125
0 0.914062 0.78125 0.910156 0.785156 0.886719 0.785156 0.882812 0.789062 0.875 0.789062 0.863281 0.800781 0.863281 0.804688 0.855469 0.8125 0.855469 0.832031 0.863281 0.839844 0.863281 0.84375 0.867188 0.847656 0.886719 0.847656 0.890625 0.851562 0.898438 0.851562 0.90625 0.859375 0.921875 0.859375 0.925781 0.855469 0.929688 0.855469 0.9375 0.847656 0.945312 0.847656 0.953125 0.839844 0.957031 0.839844 0.964844 0.832031 0.964844 0.796875 0.953125 0.785156 0.941406 0.785156 0.9375 0.78125
0 0.941406 0.820312 0.945312 0.816406 0.949219 0.820312 0.945312 0.824219
0 0.0273438 0 0.0234375 0.00390625 0.0195312 0.00390625 0.00390625 0.0195312 0.00390625 0.0234375 0 0.0273438 0 0.105469 0.00390625 0.105469 0.0078125 0.109375 0.0117188 0.109375 0.015625 0.105469 0.0195312 0.105469 0.0273438 0.0976562 0.0273438 0.09375 0.0429688 0.078125 0.0507812 0.078125 0.0546875 0.0742188 0.0742188 0.0742188 0.078125 0.0703125 0.0859375 0.0703125 0.109375 0.046875 0.109375 0.0429688 0.117188 0.0351562 0.117188 0.03125 0.121094 0.0273438 0.121094 0.0234375 0.125 0.0195312 0.125 0
0 0.132812 0.078125 0.128906 0.0820312 0.125 0.0820312 0.121094 0.0859375 0.117188 0.0859375 0.105469 0.0976562 0.105469 0.101562 0.101562 0.105469 0.101562 0.128906 0.105469 0.132812 0.105469 0.136719 0.117188 0.148438 0.121094 0.148438 0.125 0.152344 0.148438 0.152344 0.152344 0.148438 0.15625 0.148438 0.171875 0.132812 0.171875 0.101562 0.167969 0.0976562 0.167969 0.09375 0.15625 0.0820312 0.152344 0.0820312 0.148438 0.078125
0 0.964844 0.863281 0.960938 0.867188 0.957031 0.867188 0.941406 0.882812 0.941406 0.886719 0.9375 0.890625 0.9375 0.898438 0.933594 0.902344 0.933594 0.914062 0.9375 0.917969 0.9375 0.925781 0.941406 0.929688 0.941406 0.933594 0.949219 0.941406 0.949219 0.945312 0.953125 0.949219 0.957031 0.949219 0.964844 0.957031 0.996094 0.957031 0.996094 0.863281
0 0.871094 0 0.871094 0.0078125 0.875 0.0117188 0.875 0.015625 0.890625 0.03125 0.894531 0.03125 0.898438 0.0351562 0.925781 0.0351562 0.929688 0.03125 0.933594 0.03125 0.945312 0.0195312 0.945312 0.0117188 0.949219 0.0078125 0.949219 0
0 0.214844 0.332031 0.210938 0.335938 0.203125 0.335938 0.183594 0.355469 0.183594 0.359375 0.179688 0.363281 0.179688 0.367188 0.167969 0.378906 0.164062 0.378906 0.167969 0.382812 0.171875 0.382812 0.179688 0.390625 0.179688 0.402344 0.1875 0.410156 0.195312 0.410156 0.203125 0.417969 0.203125 0.425781 0.207031 0.425781 0.210938 0.429688 0.21875 0.429688 0.222656 0.433594 0.25 0.433594 0.253906 0.429688 0.257812 0.429688 0.269531 0.417969 0.269531 0.414062 0.273438 0.410156 0.273438 0.40625 0.277344 0.402344 0.277344 0.394531 0.28125 0.390625 0.28125 0.375 0.277344 0.371094 0.277344 0.363281 0.273438 0.359375 0.273438 0.355469 0.269531 0.351562 0.269531 0.347656 0.261719 0.339844 0.257812 0.339844 0.253906 0.335938 0.246094 0.335938 0.242188 0.332031
0 0.304688 0.589844 0.300781 0.59375 0.296875 0.59375 0.285156 0.605469 0.285156 0.609375 0.28125 0.613281 0.28125 0.625 0.277344 0.628906 0.28125 0.632812 0.28125 0.644531 0.285156 0.648438 0.285156 0.652344 0.300781 0.667969 0.304688 0.667969 0.3125 0.675781 0.320312 0.675781 0.324219 0.679688 0.335938 0.679688 0.339844 0.675781 0.347656 0.675781 0.351562 0.671875 0.355469 0.671875 0.363281 0.664062 0.363281 0.660156 0.367188 0.65625 0.367188 0.648438 0.371094 0.644531 0.371094 0.625 0.367188 0.621094 0.367188 0.617188 0.363281 0.613281 0.363281 0.609375 0.351562 0.597656 0.347656 0.597656 0.34375 0.59375 0.339844 0.59375 0.335938 0.589844
0 0.03125 0.351562 0.0273438 0.355469 0.0195312 0.355469 0.015625 0.359375 0.0117188 0.359375 0 0.371094 0 0.4375 0.00390625 0.441406 0.0078125 0.441406 0.015625 0.449219 0.0195312 0.449219 0.0234375 0.453125 0.03125 0.453125 0.0351562 0.457031 0.0429688 0.457031 0.046875 0.453125 0.0546875 0.453125 0.0585938 0.449219 0.0625 0.449219 0.0703125 0.441406 0.0742188 0.441406 0.078125 0.4375 0.0859375 0.4375 0.0859375 0.382812 0.0820312 0.378906 0.0820312 0.375 0.0742188 0.367188 0.0742188 0.363281 0.0703125 0.363281 0.0625 0.355469 0.0585938 0.355469 0.0546875 0.351562
0 0.121094 0.367188 0.113281 0.375 0.113281 0.382812 0.109375 0.386719 0.109375 0.398438 0.105469 0.402344 0.105469 0.425781 0.0976562 0.433594 0.0976562 0.46875 0.101562 0.472656 0.105469 0.472656 0.109375 0.476562 0.113281 0.476562 0.117188 0.480469 0.121094 0.480469 0.136719 0.496094 0.15625 0.496094 0.175781 0.476562 0.175781 0.464844 0.179688 0.460938 0.179688 0.441406 0.175781 0.441406 0.167969 0.433594 0.167969 0.429688 0.164062 0.425781 0.164062 0.421875 0.15625 0.414062 0.15625 0.402344 0.148438 0.394531 0.148438 0.382812 0.132812 0.367188
0 0.140625 0.476562 0.144531 0.472656 0.148438 0.476562 0.144531 0.480469
0 0.511719 0.726562 0.507812 0.730469 0.503906 0.730469 0.5 0.734375 0.492188 0.734375 0.484375 0.742188 0.480469 0.742188 0.476562 0.746094 0.472656 0.746094 0.472656 0.753906 0.476562 0.757812 0.476562 0.765625 0.484375 0.773438 0.484375 0.777344 0.488281 0.78125 0.492188 0.78125 0.5 0.789062 0.507812 0.789062 0.511719 0.792969 0.519531 0.792969 0.523438 0.789062 0.53125 0.789062 0.542969 0.777344 0.542969 0.773438 0.546875 0.769531 0.546875 0.734375 0.542969 0.730469 0.542969 0.726562
0 0.0078125 0.125 0.00390625 0.128906 0 0.128906 0 0.226562 0.00390625 0.230469 0.03125 0.230469 0.0351562 0.226562 0.0390625 0.226562 0.0390625 0.21875 0.046875 0.210938 0.0546875 0.210938 0.0585938 0.207031 0.0585938 0.199219 0.0625 0.195312 0.0625 0.191406 0.0664062 0.1875 0.0664062 0.15625 0.0625 0.152344 0.0625 0.148438 0.0507812 0.136719 0.046875 0.136719 0.0429688 0.132812 0.0390625 0.132812 0.0351562 0.128906 0.0234375 0.128906 0.0195312 0.125
0 0.722656 0.664062 0.714844 0.671875 0.710938 0.671875 0.710938 0.675781 0.703125 0.683594 0.703125 0.6875 0.699219 0.691406 0.699219 0.722656 0.703125 0.726562 0.703125 0.730469 0.722656 0.75 0.726562 0.75 0.730469 0.753906 0.738281 0.753906 0.742188 0.757812 0.78125 0.757812 0.785156 0.753906 0.789062 0.753906 0.792969 0.75 0.796875 0.75 0.808594 0.738281 0.808594 0.714844 0.804688 0.710938 0.804688 0.703125 0.800781 0.699219 0.800781 0.695312 0.789062 0.683594 0.785156 0.683594 0.777344 0.675781 0.773438 0.675781 0.769531 0.671875 0.765625 0.671875 0.761719 0.667969 0.753906 0.667969 0.75 0.664062
0 0.183594 0.207031 0.179688 0.210938 0.179688 0.214844 0.175781 0.21875 0.175781 0.222656 0.171875 0.226562 0.171875 0.25 0.164062 0.257812 0.164062 0.269531 0.15625 0.277344 0.15625 0.292969 0.199219 0.292969 0.203125 0.289062 0.207031 0.289062 0.210938 0.285156 0.214844 0.285156 0.222656 0.277344 0.222656 0.273438 0.226562 0.269531 0.226562 0.265625 0.230469 0.261719 0.230469 0.238281 0.226562 0.234375 0.226562 0.230469 0.210938 0.214844 0.207031 0.214844 0.203125 0.210938 0.199219 0.210938 0.195312 0.207031
0 0.710938 0.808594 0.707031 0.8125 0.703125 0.8125 0.695312 0.820312 0.695312 0.824219 0.6875 0.832031 0.6875 0.839844 0.683594 0.84375 0.683594 0.871094 0.6875 0.875 0.6875 0.878906 0.691406 0.882812 0.691406 0.886719 0.695312 0.890625 0.699219 0.890625 0.707031 0.898438 0.71875 0.898438 0.71875 0.894531 0.730469 0.882812 0.738281 0.882812 0.742188 0.878906 0.746094 0.878906 0.757812 0.867188 0.765625 0.867188 0.78125 0.851562 0.777344 0.847656 0.777344 0.839844 0.773438 0.835938 0.773438 0.832031 0.757812 0.816406 0.753906 0.816406 0.75 0.8125 0.746094 0.8125 0.742188 0.808594
0 0.152344 0 0.152344 0.00390625 0.15625 0.0078125 0.15625 0.0117188 0.160156 0.015625 0.160156 0.0195312 0.167969 0.0273438 0.171875 0.0273438 0.179688 0.0351562 0.1875 0.0351562 0.191406 0.0390625 0.230469 0.0390625 0.234375 0.0351562 0.238281 0.0351562 0.242188 0.03125 0.246094 0.03125 0.257812 0.0195312 0.257812 0.0117188 0.253906 0.0078125 0.253906 0.00390625 0.25 0
0 0.746094 0.535156 0.742188 0.539062 0.734375 0.539062 0.730469 0.542969 0.726562 0.542969 0.714844 0.554688 0.714844 0.558594 0.710938 0.5625 0.710938 0.566406 0.707031 0.570312 0.707031 0.585938 0.710938 0.589844 0.710938 0.597656 0.714844 0.601562 0.714844 0.605469 0.726562 0.617188 0.730469 0.617188 0.734375 0.621094 0.738281 0.621094 0.742188 0.625 0.753906 0.625 0.757812 0.628906 0.765625 0.628906 0.769531 0.625 0.78125 0.625 0.785156 0.621094 0.789062 0.621094 0.792969 0.617188 0.796875 0.617188 0.804688 0.609375 0.804688 0.605469 0.808594 0.601562 0.808594 0.570312 0.804688 0.566406 0.804688 0.5625 0.800781 0.558594 0.800781 0.554688 0.789062 0.542969 0.785156 0.542969 0.78125 0.539062 0.769531 0.539062 0.765625 0.535156
0 0.550781 0.0859375 0.546875 0.0898438 0.542969 0.0898438 0.519531 0.113281 0.519531 0.117188 0.515625 0.121094 0.515625 0.152344 0.519531 0.15625 0.519531 0.160156 0.539062 0.179688 0.542969 0.179688 0.546875 0.183594 0.554688 0.183594 0.558594 0.1875 0.570312 0.1875 0.574219 0.183594 0.582031 0.183594 0.597656 0.167969 0.597656 0.160156 0.601562 0.15625 0.601562 0.132812 0.597656 0.128906 0.597656 0.117188 0.59375 0.113281 0.59375 0.109375 0.589844 0.105469 0.589844 0.101562 0.574219 0.0859375
0 0.882812 0.703125 0.875 0.710938 0.847656 0.710938 0.84375 0.714844 0.839844 0.710938 0.832031 0.710938 0.824219 0.71875 0.824219 0.722656 0.816406 0.730469 0.816406 0.761719 0.828125 0.773438 0.832031 0.773438 0.835938 0.777344 0.90625 0.777344 0.914062 0.769531 0.914062 0.761719 0.921875 0.753906 0.921875 0.75 0.929688 0.742188 0.929688 0.722656 0.917969 0.710938 0.914062 0.714844 0.910156 0.714844 0.90625 0.710938 0.902344 0.710938 0.898438 0.707031 0.894531 0.707031 0.890625 0.703125
0 0.539062 0.621094 0.535156 0.625 0.535156 0.628906 0.527344 0.636719 0.527344 0.640625 0.523438 0.644531 0.523438 0.675781 0.53125 0.683594 0.53125 0.691406 0.546875 0.707031 0.550781 0.707031 0.554688 0.710938 0.558594 0.710938 0.5625 0.714844 0.570312 0.714844 0.582031 0.703125 0.582031 0.695312 0.589844 0.6875 0.589844 0.644531 0.574219 0.628906 0.5625 0.628906 0.554688 0.621094
0 0.296875 0.929688 0.292969 0.933594 0.289062 0.933594 0.273438 0.949219 0.273438 0.953125 0.269531 0.957031 0.269531 0.988281 0.273438 0.992188 0.273438 0.996094 0.359375 0.996094 0.359375 0.953125 0.355469 0.949219 0.355469 0.945312 0.34375 0.933594 0.339844 0.933594 0.335938 0.929688
0 0.0351562 0.253906 0.03125 0.257812 0.0273438 0.257812 0.0195312 0.265625 0.015625 0.265625 0.015625 0.269531 0.0078125 0.277344 0.0078125 0.28125 0.00390625 0.285156 0.00390625 0.300781 0.0078125 0.304688 0.0078125 0.3125 0.0273438 0.332031 0.0351562 0.332031 0.0390625 0.335938 0.0546875 0.335938 0.0585938 0.332031 0.0664062 0.332031 0.0859375 0.3125 0.0859375 0.308594 0.09375 0.300781 0.09375 0.289062 0.0859375 0.28125 0.0859375 0.277344 0.078125 0.269531 0.078125 0.257812 0.0742188 0.253906
0 0.484375 0.628906 0.480469 0.632812 0.460938 0.632812 0.449219 0.644531 0.449219 0.648438 0.441406 0.65625 0.441406 0.6875 0.445312 0.691406 0.445312 0.699219 0.449219 0.703125 0.449219 0.710938 0.460938 0.722656 0.464844 0.722656 0.46875 0.71875 0.472656 0.71875 0.476562 0.714844 0.480469 0.714844 0.484375 0.710938 0.488281 0.710938 0.492188 0.707031 0.5 0.707031 0.503906 0.703125 0.507812 0.703125 0.507812 0.699219 0.511719 0.695312 0.511719 0.636719 0.503906 0.628906
0 0.464844 0.675781 0.46875 0.671875 0.472656 0.675781 0.472656 0.679688 0.46875 0.683594 0.464844 0.679688
0 0.191406 0.964844 0.1875 0.96875 0.183594 0.96875 0.179688 0.972656 0.175781 0.972656 0.171875 0.976562 0.171875 0.980469 0.167969 0.984375 0.167969 0.988281 0.164062 0.992188 0.164062 0.996094 0.257812 0.996094 0.253906 0.992188 0.253906 0.988281 0.246094 0.980469 0.242188 0.980469 0.234375 0.972656 0.230469 0.972656 0.226562 0.96875 0.21875 0.96875 0.214844 0.964844
0 0.277344 0 0.28125 0.00390625 0.28125 0.0195312 0.289062 0.0273438 0.289062 0.0351562 0.292969 0.0390625 0.296875 0.0390625 0.300781 0.0429688 0.304688 0.0429688 0.308594 0.046875 0.335938 0.046875 0.339844 0.0429688 0.34375 0.0429688 0.347656 0.0390625 0.351562 0.0390625 0.363281 0.0273438 0.363281 0.0234375 0.367188 0.0195312 0.367188 0.015625 0.371094 0.0117188 0.371094 0
0 0.253906 0.0703125 0.25 0.0742188 0.242188 0.0742188 0.238281 0.078125 0.234375 0.078125 0.222656 0.0898438 0.222656 0.09375 0.21875 0.0976562 0.21875 0.105469 0.214844 0.109375 0.214844 0.125 0.21875 0.128906 0.21875 0.140625 0.222656 0.144531 0.222656 0.148438 0.230469 0.15625 0.230469 0.160156 0.234375 0.164062 0.238281 0.164062 0.246094 0.171875 0.25 0.171875 0.253906 0.175781 0.265625 0.175781 0.269531 0.179688 0.273438 0.179688 0.277344 0.175781 0.285156 0.175781 0.289062 0.171875 0.292969 0.171875 0.300781 0.164062 0.304688 0.164062 0.3125 0.15625 0.3125 0.152344 0.320312 0.144531 0.320312 0.136719 0.324219 0.132812 0.324219 0.105469 0.320312 0.101562 0.320312 0.0976562 0.316406 0.09375 0.316406 0.0898438 0.304688 0.078125 0.300781 0.078125 0.296875 0.0742188 0.292969 0.0742188 0.289062 0.0703125
0 0.800781 0.863281 0.796875 0.867188 0.796875 0.871094 0.78125 0.886719 0.777344 0.886719 0.773438 0.890625 0.769531 0.890625 0.757812 0.902344 0.753906 0.902344 0.75 0.90625 0.753906 0.910156 0.753906 0.914062 0.757812 0.917969 0.757812 0.925781 0.761719 0.929688 0.761719 0.933594 0.765625 0.9375 0.765625 0.941406 0.773438 0.949219 0.777344 0.949219 0.78125 0.953125 0.785156 0.953125 0.789062 0.957031 0.820312 0.957031 0.824219 0.953125 0.828125 0.953125 0.832031 0.949219 0.835938 0.949219 0.847656 0.9375 0.847656 0.933594 0.851562 0.929688 0.851562 0.921875 0.855469 0.917969 0.855469 0.902344 0.851562 0.898438 0.851562 0.890625 0.847656 0.886719 0.847656 0.882812 0.832031 0.867188 0.824219 0.867188 0.820312 0.863281
0 0.59375 0.375 0.585938 0.382812 0.582031 0.382812 0.578125 0.386719 0.578125 0.390625 0.574219 0.394531 0.574219 0.402344 0.570312 0.40625 0.570312 0.417969 0.574219 0.421875 0.574219 0.429688 0.578125 0.433594 0.578125 0.4375 0.601562 0.460938 0.609375 0.460938 0.613281 0.464844 0.632812 0.464844 0.636719 0.460938 0.640625 0.460938 0.65625 0.445312 0.65625 0.414062 0.652344 0.410156 0.652344 0.40625 0.621094 0.375
