0 0.355469 0 0.34375 0.0117188 0.34375 0.0234375 0.359375 0.0390625 0.363281 0.0390625 0.367188 0.0429688 0.382812 0.0429688 0.386719 0.0390625 0.394531 0.0390625 0.40625 0.0273438 0.40625 0.015625 0.402344 0.0117188 0.398438 0.0117188 0.394531 0.0078125 0.394531 0.00390625 0.390625 0.00390625 0.386719 0
0 0.726562 0.242188 0.722656 0.246094 0.722656 0.261719 0.71875 0.265625 0.710938 0.257812 0.6875 0.257812 0.679688 0.265625 0.679688 0.285156 0.683594 0.289062 0.6875 0.289062 0.691406 0.292969 0.710938 0.292969 0.714844 0.289062 0.714844 0.28125 0.71875 0.277344 0.71875 0.265625 0.722656 0.261719 0.726562 0.265625 0.726562 0.269531 0.734375 0.277344 0.734375 0.285156 0.738281 0.289062 0.753906 0.289062 0.757812 0.285156 0.757812 0.253906 0.75 0.246094 0.742188 0.246094 0.738281 0.242188
0 0.105469 0.945312 0.101562 0.949219 0.101562 0.96875 0.109375 0.976562 0.125 0.976562 0.128906 0.972656 0.128906 0.953125 0.125 0.949219 0.117188 0.949219 0.113281 0.945312
0 0.863281 0.621094 0.855469 0.628906 0.851562 0.628906 0.847656 0.632812 0.84375 0.632812 0.839844 0.636719 0.839844 0.660156 0.847656 0.667969 0.851562 0.667969 0.855469 0.671875 0.871094 0.671875 0.882812 0.660156 0.882812 0.644531 0.886719 0.640625 0.886719 0.628906 0.878906 0.621094
0 0 0.878906 0 0.914062 0.00390625 0.914062 0.0078125 0.910156 0.0117188 0.910156 0.0195312 0.902344 0.0195312 0.882812 0.015625 0.878906
0 0.0976562 0.910156 0.0898438 0.917969 0.0898438 0.933594 0.09375 0.9375 0.105469 0.9375 0.109375 0.933594 0.121094 0.933594 0.125 0.929688 0.125 0.917969 0.117188 0.910156
0 0.394531 0.128906 0.386719 0.136719 0.386719 0.144531 0.382812 0.148438 0.382812 0.152344 0.386719 0.15625 0.386719 0.160156 0.394531 0.167969 0.394531 0.171875 0.40625 0.183594 0.425781 0.183594 0.425781 0.179688 0.433594 0.171875 0.433594 0.152344 0.429688 0.148438 0.425781 0.148438 0.417969 0.140625 0.417969 0.136719 0.414062 0.136719 0.40625 0.128906
0 0.847656 0.226562 0.84375 0.230469 0.84375 0.238281 0.839844 0.242188 0.839844 0.25 0.84375 0.253906 0.847656 0.253906 0.851562 0.257812 0.878906 0.257812 0.882812 0.253906 0.886719 0.253906 0.894531 0.246094 0.894531 0.230469 0.890625 0.226562
0 0.648438 0.265625 0.636719 0.277344 0.636719 0.285156 0.640625 0.289062 0.640625 0.296875 0.644531 0.300781 0.660156 0.300781 0.671875 0.289062 0.671875 0.269531 0.667969 0.265625
0 0.105469 0.859375 0.0898438 0.875 0.0898438 0.886719 0.09375 0.890625 0.0976562 0.890625 0.101562 0.894531 0.117188 0.894531 0.121094 0.890625 0.121094 0.886719 0.125 0.882812 0.125 0.867188 0.121094 0.863281 0.113281 0.863281 0.109375 0.859375
0 0.589844 0.285156 0.585938 0.289062 0.585938 0.296875 0.597656 0.308594 0.617188 0.308594 0.625 0.300781 0.625 0.292969 0.621094 0.289062 0.601562 0.289062 0.597656 0.285156
0 0.523438 0.199219 0.515625 0.207031 0.511719 0.207031 0.507812 0.210938 0.507812 0.234375 0.511719 0.238281 0.53125 0.238281 0.546875 0.222656 0.546875 0.203125 0.542969 0.199219
0 0.839844 0.503906 0.835938 0.507812 0.835938 0.539062 0.847656 0.550781 0.851562 0.550781 0.855469 0.554688 0.875 0.554688 0.882812 0.546875 0.882812 0.539062 0.878906 0.535156 0.878906 0.523438 0.867188 0.511719 0.863281 0.511719 0.859375 0.507812 0.851562 0.507812 0.847656 0.503906
0 0.078125 0.808594 0.0742188 0.8125 0.0742188 0.832031 0.0859375 0.84375 0.109375 0.84375 0.113281 0.839844 0.113281 0.824219 0.109375 0.820312 0.105469 0.820312 0.101562 0.816406 0.09375 0.816406 0.0859375 0.808594
0 0.242188 0.929688 0.238281 0.933594 0.238281 0.945312 0.246094 0.953125 0.25 0.953125 0.257812 0.945312 0.257812 0.9375 0.25 0.929688
0 0.078125 0.953125 0.0742188 0.957031 0.0742188 0.960938 0.0703125 0.964844 0.0703125 0.984375 0.0742188 0.988281 0.0976562 0.988281 0.101562 0.984375 0.101562 0.980469 0.105469 0.976562 0.0976562 0.96875 0.0976562 0.953125
0 0.53125 0.25 0.527344 0.253906 0.527344 0.277344 0.53125 0.28125 0.550781 0.28125 0.554688 0.277344 0.554688 0.269531 0.558594 0.265625 0.558594 0.257812 0.550781 0.25
0 0.0429688 0.832031 0.0390625 0.835938 0.0390625 0.855469 0.046875 0.863281 0.046875 0.867188 0.0507812 0.871094 0.0742188 0.871094 0.0820312 0.863281 0.0820312 0.851562 0.078125 0.847656 0.078125 0.84375 0.0664062 0.832031
0 0.175781 0.890625 0.171875 0.894531 0.171875 0.921875 0.175781 0.925781 0.195312 0.925781 0.207031 0.9375 0.21875 0.9375 0.222656 0.933594 0.222656 0.921875 0.214844 0.914062 0.210938 0.914062 0.207031 0.910156 0.203125 0.910156 0.191406 0.898438 0.191406 0.894531 0.1875 0.890625
