0 0.54375 0.800781 0.5375 0.808594 0.5375 0.8125 0.53125 0.820312 0.53125 0.828125 0.528125 0.832031 0.528125 0.839844 0.525 0.84375 0.525 0.847656 0.515625 0.859375 0.515625 0.863281 0.5125 0.867188 0.5125 0.871094 0.509375 0.875 0.509375 0.878906 0.50625 0.882812 0.50625 0.886719 0.503125 0.890625 0.503125 0.894531 0.496875 0.902344 0.496875 0.90625 0.49375 0.910156 0.49375 0.914062 0.484375 0.925781 0.484375 0.945312 0.4875 0.949219 0.503125 0.949219 0.515625 0.933594 0.521875 0.933594 0.53125 0.921875 0.53125 0.914062 0.534375 0.910156 0.534375 0.90625 0.540625 0.898438 0.540625 0.894531 0.54375 0.890625 0.54375 0.886719 0.546875 0.882812 0.546875 0.875 0.553125 0.867188 0.553125 0.804688 0.55 0.800781
0 0.63125 0.574219 0.625 0.582031 0.621875 0.582031 0.609375 0.597656 0.609375 0.601562 0.6 0.613281 0.59375 0.613281 0.590625 0.617188 0.590625 0.632812 0.58125 0.644531 0.578125 0.644531 0.575 0.648438 0.575 0.660156 0.578125 0.664062 0.578125 0.667969 0.58125 0.671875 0.596875 0.671875 0.6 0.675781 0.603125 0.675781 0.60625 0.679688 0.61875 0.679688 0.621875 0.675781 0.625 0.675781 0.634375 0.664062 0.634375 0.660156 0.6375 0.65625 0.6375 0.648438 0.640625 0.644531 0.640625 0.636719 0.64375 0.632812 0.64375 0.613281 0.646875 0.609375 0.646875 0.585938 0.6375 0.574219
0 0.04375 0.5 0.040625 0.503906 0.0375 0.503906 0.028125 0.515625 0.025 0.515625 0.01875 0.523438 0.015625 0.523438 0.0125 0.527344 0.009375 0.527344 0 0.539062 0 0.566406 0.0125 0.582031 0.021875 0.582031 0.025 0.578125 0.028125 0.578125 0.034375 0.570312 0.034375 0.566406 0.040625 0.558594 0.040625 0.554688 0.053125 0.539062 0.053125 0.535156 0.05625 0.53125 0.05625 0.527344 0.059375 0.523438 0.059375 0.519531 0.065625 0.511719 0.065625 0.503906 0.0625 0.5
0 0.953125 0.621094 0.95 0.625 0.946875 0.625 0.9375 0.636719 0.934375 0.636719 0.928125 0.644531 0.925 0.644531 0.925 0.648438 0.921875 0.652344 0.921875 0.675781 0.934375 0.691406 0.9375 0.691406 0.940625 0.695312 0.959375 0.695312 0.9625 0.691406 0.96875 0.691406 0.9875 0.667969 0.990625 0.667969 0.99375 0.664062 0.99375 0.640625 0.98125 0.625 0.978125 0.625 0.975 0.621094
0 0.503125 0.691406 0.496875 0.699219 0.496875 0.707031 0.49375 0.710938 0.49375 0.714844 0.490625 0.71875 0.490625 0.722656 0.484375 0.730469 0.484375 0.742188 0.4875 0.746094 0.4875 0.75 0.490625 0.753906 0.5125 0.753906 0.515625 0.75 0.51875 0.75 0.521875 0.746094 0.525 0.746094 0.5375 0.730469 0.5375 0.703125 0.534375 0.699219 0.51875 0.699219 0.515625 0.695312 0.5125 0.695312 0.509375 0.691406
0 0.509375 0.730469 0.5125 0.726562 0.515625 0.730469 0.5125 0.734375
0 0.925 0.757812 0.921875 0.761719 0.921875 0.769531 0.93125 0.78125 0.946875 0.78125 0.95 0.777344 0.95 0.769531 0.946875 0.765625 0.94375 0.765625 0.940625 0.761719 0.9375 0.761719 0.934375 0.757812
0 0.4625 0.746094 0.45625 0.753906 0.45625 0.761719 0.45 0.769531 0.45 0.804688 0.453125 0.808594 0.453125 0.8125 0.45625 0.816406 0.45625 0.820312 0.459375 0.824219 0.46875 0.824219 0.471875 0.820312 0.475 0.820312 0.478125 0.816406 0.478125 0.8125 0.48125 0.808594 0.48125 0.804688 0.484375 0.800781 0.484375 0.792969 0.4875 0.789062 0.4875 0.785156 0.490625 0.78125 0.490625 0.765625 0.4875 0.761719 0.484375 0.761719 0.48125 0.757812 0.48125 0.753906 0.478125 0.75 0.471875 0.75 0.46875 0.746094
0 0.359375 0.652344 0.359375 0.65625 0.35625 0.660156 0.353125 0.660156 0.35 0.664062 0.346875 0.664062 0.34375 0.667969 0.340625 0.667969 0.3375 0.671875 0.3375 0.675781 0.334375 0.679688 0.334375 0.695312 0.3375 0.699219 0.3375 0.703125 0.340625 0.707031 0.34375 0.707031 0.346875 0.710938 0.35 0.710938 0.35625 0.71875 0.35625 0.722656 0.359375 0.722656 0.365625 0.730469 0.365625 0.734375 0.36875 0.738281 0.375 0.738281 0.378125 0.742188 0.38125 0.742188 0.384375 0.738281 0.3875 0.738281 0.396875 0.726562 0.396875 0.667969 0.39375 0.664062 0.39375 0.660156 0.38125 0.660156 0.378125 0.65625 0.375 0.65625 0.371875 0.652344
0 0.240625 0.886719 0.2375 0.890625 0.2375 0.898438 0.234375 0.902344 0.234375 0.910156 0.23125 0.914062 0.23125 0.925781 0.234375 0.929688 0.234375 0.9375 0.253125 0.960938 0.253125 0.964844 0.259375 0.972656 0.2625 0.972656 0.265625 0.976562 0.284375 0.976562 0.2875 0.972656 0.309375 0.972656 0.3125 0.96875 0.3125 0.9375 0.309375 0.933594 0.30625 0.933594 0.303125 0.929688 0.290625 0.929688 0.2875 0.925781 0.271875 0.925781 0.26875 0.921875 0.26875 0.917969 0.265625 0.914062 0.265625 0.902344 0.25625 0.890625 0.253125 0.890625 0.25 0.886719
0 0.31875 0.355469 0.3125 0.363281 0.309375 0.363281 0.30625 0.367188 0.284375 0.367188 0.28125 0.371094 0.28125 0.378906 0.296875 0.398438 0.30625 0.398438 0.309375 0.402344 0.328125 0.402344 0.33125 0.398438 0.33125 0.394531 0.334375 0.390625 0.334375 0.363281 0.33125 0.359375 0.328125 0.359375 0.325 0.355469
0 0.91875 0 0.921875 0 0.925 0.00390625 0.928125 0.00390625 0.93125 0.0078125 0.9375 0.0078125 0.940625 0.0117188 0.959375 0.0117188 0.96875 0
0 0.528125 0.503906 0.525 0.507812 0.525 0.511719 0.515625 0.523438 0.515625 0.546875 0.51875 0.550781 0.534375 0.550781 0.5375 0.546875 0.540625 0.546875 0.54375 0.542969 0.54375 0.539062 0.5625 0.515625 0.5625 0.507812 0.559375 0.503906
0 0.103125 0.402344 0.1 0.40625 0.1 0.414062 0.0875 0.429688 0.084375 0.429688 0.08125 0.433594 0.078125 0.433594 0.075 0.4375 0.071875 0.4375 0.0625 0.449219 0.0625 0.457031 0.065625 0.460938 0.065625 0.472656 0.06875 0.476562 0.06875 0.480469 0.078125 0.492188 0.084375 0.492188 0.0875 0.496094 0.103125 0.496094 0.10625 0.492188 0.1125 0.492188 0.11875 0.484375 0.11875 0.449219 0.121875 0.445312 0.121875 0.441406 0.125 0.4375 0.125 0.433594 0.128125 0.429688 0.128125 0.410156 0.125 0.40625 0.121875 0.40625 0.11875 0.402344
0 0.26875 0.417969 0.265625 0.421875 0.265625 0.429688 0.2625 0.433594 0.25625 0.425781 0.24375 0.425781 0.2375 0.433594 0.234375 0.433594 0.23125 0.429688 0.225 0.429688 0.221875 0.433594 0.221875 0.449219 0.228125 0.457031 0.21875 0.46875 0.21875 0.480469 0.221875 0.484375 0.221875 0.488281 0.228125 0.496094 0.23125 0.496094 0.240625 0.507812 0.24375 0.507812 0.25 0.515625 0.253125 0.515625 0.25625 0.519531 0.259375 0.519531 0.2625 0.523438 0.275 0.523438 0.278125 0.519531 0.278125 0.515625 0.28125 0.511719 0.28125 0.503906 0.284375 0.5 0.2875 0.5 0.290625 0.496094 0.290625 0.441406 0.278125 0.425781 0.278125 0.421875 0.275 0.417969
0 0.759375 0.1875 0.75625 0.191406 0.753125 0.191406 0.75 0.195312 0.746875 0.195312 0.74375 0.199219 0.74375 0.21875 0.746875 0.222656 0.746875 0.226562 0.76875 0.253906 0.771875 0.253906 0.775 0.257812 0.7875 0.257812 0.796875 0.246094 0.796875 0.242188 0.8 0.238281 0.8 0.230469 0.803125 0.226562 0.803125 0.191406 0.8 0.1875
0 0.99375 0.464844 0.990625 0.46875 0.990625 0.476562 0.984375 0.484375 0.984375 0.503906 0.99375 0.515625 0.996875 0.515625 0.996875 0.464844
0 0.80625 0 0.803125 0.00390625 0.803125 0.0117188 0.79375 0.0234375 0.79375 0.0429688 0.80625 0.0585938 0.81875 0.0585938 0.821875 0.0546875 0.821875 0.0429688 0.825 0.0390625 0.825 0.0351562 0.83125 0.0273438 0.834375 0.0273438 0.8375 0.0234375 0.8375 0.015625 0.834375 0.0117188 0.828125 0.0117188 0.825 0.0078125 0.821875 0.0078125 0.81875 0.00390625 0.815625 0.00390625 0.8125 0
0 0.8875 0.230469 0.884375 0.234375 0.88125 0.234375 0.875 0.242188 0.86875 0.242188 0.859375 0.253906 0.859375 0.257812 0.85625 0.261719 0.85625 0.285156 0.865625 0.296875 0.86875 0.296875 0.871875 0.300781 0.875 0.300781 0.878125 0.304688 0.909375 0.304688 0.91875 0.292969 0.91875 0.289062 0.921875 0.285156 0.921875 0.25 0.915625 0.242188 0.903125 0.242188 0.896875 0.234375 0.89375 0.234375 0.890625 0.230469
0 0.315625 0.542969 0.3125 0.546875 0.309375 0.546875 0.30625 0.550781 0.30625 0.554688 0.303125 0.558594 0.303125 0.566406 0.30625 0.570312 0.30625 0.574219 0.3125 0.582031 0.315625 0.582031 0.31875 0.585938 0.33125 0.585938 0.334375 0.582031 0.334375 0.574219 0.33125 0.570312 0.3375 0.5625 0.3375 0.554688 0.328125 0.542969
0 0.4125 0 0.4125 0.0273438 0.415625 0.03125 0.415625 0.0390625 0.428125 0.0546875 0.43125 0.0546875 0.434375 0.0585938 0.440625 0.0585938 0.44375 0.0546875 0.446875 0.0546875 0.465625 0.03125 0.465625 0.015625 0.4625 0.0117188 0.4625 0
0 0.80625 0.714844 0.803125 0.71875 0.8 0.71875 0.7875 0.734375 0.7875 0.742188 0.790625 0.742188 0.79375 0.746094 0.796875 0.746094 0.8 0.75 0.80625 0.75 0.8125 0.757812 0.815625 0.757812 0.81875 0.753906 0.821875 0.753906 0.828125 0.746094 0.828125 0.726562 0.81875 0.714844
0 0.05625 0.3125 0.053125 0.316406 0.053125 0.324219 0.05 0.328125 0.046875 0.328125 0.04375 0.332031 0.040625 0.332031 0.0375 0.335938 0.034375 0.335938 0.025 0.347656 0.025 0.351562 0.021875 0.355469 0.01875 0.355469 0.003125 0.375 0.003125 0.378906 0 0.382812 0 0.484375 0.003125 0.480469 0.00625 0.480469 0.01875 0.464844 0.021875 0.464844 0.025 0.460938 0.025 0.457031 0.028125 0.453125 0.028125 0.449219 0.03125 0.445312 0.034375 0.445312 0.040625 0.4375 0.040625 0.433594 0.05 0.421875 0.05 0.417969 0.053125 0.414062 0.053125 0.40625 0.05625 0.402344 0.05625 0.386719 0.059375 0.382812 0.059375 0.378906 0.0625 0.375 0.0625 0.367188 0.065625 0.363281 0.065625 0.34375 0.06875 0.339844 0.06875 0.316406 0.065625 0.3125
0 0.81875 0.878906 0.8125 0.886719 0.80625 0.886719 0.796875 0.898438 0.790625 0.898438 0.78125 0.910156 0.78125 0.914062 0.778125 0.917969 0.778125 0.933594 0.78125 0.9375 0.78125 0.953125 0.784375 0.957031 0.790625 0.957031 0.79375 0.953125 0.803125 0.953125 0.80625 0.949219 0.821875 0.949219 0.83125 0.9375 0.8375 0.9375 0.840625 0.933594 0.865625 0.933594 0.86875 0.929688 0.86875 0.925781 0.871875 0.921875 0.871875 0.902344 0.86875 0.898438 0.86875 0.890625 0.865625 0.886719 0.859375 0.886719 0.85625 0.882812 0.84375 0.882812 0.840625 0.878906
0 0.903125 0.359375 0.9 0.363281 0.890625 0.363281 0.875 0.382812 0.875 0.386719 0.871875 0.390625 0.871875 0.40625 0.875 0.410156 0.875 0.414062 0.88125 0.421875 0.8875 0.421875 0.890625 0.425781 0.91875 0.425781 0.921875 0.421875 0.94375 0.421875 0.946875 0.417969 0.95 0.417969 0.953125 0.414062 0.959375 0.414062 0.9625 0.410156 0.9625 0.394531 0.965625 0.390625 0.965625 0.375 0.9625 0.371094 0.959375 0.371094 0.95625 0.367188 0.95 0.367188 0.946875 0.363281 0.925 0.363281 0.921875 0.359375
0 0.878125 0.667969 0.86875 0.679688 0.86875 0.691406 0.875 0.699219 0.875 0.703125 0.878125 0.707031 0.88125 0.707031 0.884375 0.710938 0.8875 0.710938 0.890625 0.714844 0.903125 0.714844 0.90625 0.710938 0.909375 0.710938 0.9125 0.707031 0.9125 0.679688 0.90625 0.671875 0.903125 0.671875 0.9 0.667969
0 0.121875 0.761719 0.11875 0.765625 0.115625 0.765625 0.10625 0.777344 0.103125 0.777344 0.1 0.78125 0.1 0.789062 0.096875 0.792969 0.096875 0.800781 0.09375 0.804688 0.09375 0.816406 0.096875 0.820312 0.1 0.820312 0.103125 0.824219 0.103125 0.859375 0.10625 0.863281 0.10625 0.867188 0.109375 0.871094 0.109375 0.875 0.1125 0.878906 0.1125 0.882812 0.125 0.898438 0.1375 0.898438 0.140625 0.894531 0.14375 0.894531 0.15 0.886719 0.15 0.882812 0.153125 0.878906 0.15625 0.878906 0.165625 0.867188 0.165625 0.863281 0.16875 0.859375 0.16875 0.835938 0.165625 0.832031 0.165625 0.828125 0.1625 0.824219 0.1625 0.820312 0.159375 0.816406 0.159375 0.808594 0.15625 0.804688 0.15625 0.800781 0.140625 0.78125 0.140625 0.777344 0.1375 0.773438 0.1375 0.769531 0.13125 0.761719
0 0.9625 0.179688 0.940625 0.207031 0.940625 0.21875 0.9375 0.222656 0.9375 0.226562 0.93125 0.234375 0.93125 0.242188 0.94375 0.257812 0.965625 0.257812 0.96875 0.253906 0.975 0.253906 0.978125 0.25 0.98125 0.25 0.99375 0.234375 0.996875 0.234375 0.996875 0.191406 0.99375 0.191406 0.9875 0.183594 0.984375 0.183594 0.98125 0.179688
0 0.134375 0.5 0.13125 0.503906 0.13125 0.507812 0.128125 0.511719 0.125 0.511719 0.121875 0.515625 0.11875 0.515625 0.115625 0.519531 0.115625 0.523438 0.1125 0.527344 0.1125 0.542969 0.115625 0.546875 0.13125 0.546875 0.134375 0.542969 0.14375 0.542969 0.15625 0.527344 0.15625 0.511719 0.153125 0.507812 0.153125 0.503906 0.15 0.5
0 0.20625 0.933594 0.203125 0.9375 0.196875 0.9375 0.190625 0.945312 0.190625 0.957031 0.19375 0.960938 0.19375 0.972656 0.2125 0.996094 0.228125 0.996094 0.23125 0.992188 0.234375 0.992188 0.2375 0.988281 0.240625 0.988281 0.24375 0.984375 0.246875 0.984375 0.25 0.980469 0.25 0.964844 0.240625 0.953125 0.240625 0.949219 0.234375 0.941406 0.23125 0.941406 0.225 0.933594
0 0.9 0.0976562 0.896875 0.101562 0.896875 0.109375 0.89375 0.113281 0.89375 0.117188 0.88125 0.132812 0.88125 0.136719 0.84375 0.183594 0.834375 0.183594 0.83125 0.1875 0.83125 0.210938 0.834375 0.214844 0.834375 0.222656 0.8375 0.226562 0.8375 0.230469 0.840625 0.234375 0.853125 0.234375 0.85625 0.230469 0.859375 0.230469 0.865625 0.222656 0.875 0.222656 0.878125 0.21875 0.8875 0.21875 0.890625 0.214844 0.890625 0.207031 0.896875 0.199219 0.896875 0.195312 0.909375 0.179688 0.925 0.179688 0.928125 0.175781 0.93125 0.175781 0.934375 0.171875 0.934375 0.167969 0.94375 0.15625 0.94375 0.144531 0.9375 0.136719 0.93125 0.136719 0.91875 0.121094 0.91875 0.117188 0.9125 0.109375 0.9125 0.105469 0.90625 0.0976562
0 0.771875 0.742188 0.76875 0.746094 0.7625 0.746094 0.759375 0.75 0.759375 0.777344 0.771875 0.792969 0.775 0.792969 0.778125 0.796875 0.796875 0.796875 0.8125 0.777344 0.8125 0.773438 0.815625 0.769531 0.815625 0.761719 0.8125 0.761719 0.80625 0.753906 0.8 0.753906 0.796875 0.75 0.79375 0.75 0.790625 0.746094 0.7875 0.746094 0.784375 0.742188
0 0.509375 0 0.509375 0.0117188 0.5125 0.015625 0.5125 0.0351562 0.509375 0.0390625 0.509375 0.0429688 0.5125 0.046875 0.5125 0.0507812 0.521875 0.0625 0.534375 0.0625 0.540625 0.0546875 0.54375 0.0546875 0.553125 0.0429688 0.553125 0.0390625 0.55625 0.0351562 0.55625 0.03125 0.553125 0.0273438 0.553125 0.0195312 0.540625 0.00390625 0.540625 0
0 0.85625 0.0117188 0.840625 0.03125 0.840625 0.0351562 0.8375 0.0390625 0.8375 0.0703125 0.85 0.0859375 0.859375 0.0859375 0.8625 0.0898438 0.8875 0.0898438 0.890625 0.0859375 0.89375 0.0859375 0.9 0.078125 0.9 0.0351562 0.896875 0.03125 0.896875 0.0273438 0.890625 0.0195312 0.8875 0.0195312 0.884375 0.015625 0.88125 0.015625 0.878125 0.0117188
0 0.284375 0.105469 0.275 0.117188 0.275 0.132812 0.26875 0.140625 0.265625 0.140625 0.2625 0.144531 0.2625 0.148438 0.259375 0.152344 0.259375 0.164062 0.25625 0.167969 0.25625 0.175781 0.259375 0.179688 0.259375 0.183594 0.2625 0.1875 0.2625 0.21875 0.275 0.234375 0.278125 0.234375 0.28125 0.238281 0.296875 0.238281 0.3 0.234375 0.303125 0.234375 0.30625 0.230469 0.30625 0.222656 0.309375 0.21875 0.309375 0.210938 0.3125 0.207031 0.3125 0.203125 0.315625 0.199219 0.315625 0.183594 0.321875 0.175781 0.321875 0.171875 0.325 0.167969 0.325 0.164062 0.328125 0.160156 0.328125 0.148438 0.33125 0.144531 0.33125 0.132812 0.328125 0.128906 0.328125 0.125 0.325 0.121094 0.321875 0.121094 0.309375 0.105469
0 0.065625 0.632812 0.0625 0.636719 0.059375 0.636719 0.05625 0.640625 0.05625 0.644531 0.053125 0.648438 0.053125 0.652344 0.05 0.65625 0.05 0.667969 0.053125 0.671875 0.053125 0.679688 0.05625 0.683594 0.05625 0.6875 0.059375 0.691406 0.075 0.691406 0.0875 0.675781 0.0875 0.667969 0.090625 0.664062 0.090625 0.644531 0.08125 0.632812
0 0.09375 0.523438 0.090625 0.527344 0.090625 0.53125 0.0875 0.535156 0.0875 0.539062 0.08125 0.546875 0.06875 0.546875 0.065625 0.550781 0.065625 0.558594 0.06875 0.5625 0.06875 0.574219 0.071875 0.578125 0.071875 0.609375 0.075 0.613281 0.084375 0.613281 0.0875 0.609375 0.0875 0.605469 0.096875 0.59375 0.096875 0.589844 0.103125 0.582031 0.103125 0.574219 0.10625 0.570312 0.10625 0.53125 0.1 0.523438
0 0.453125 0.40625 0.446875 0.414062 0.446875 0.417969 0.440625 0.425781 0.440625 0.4375 0.4375 0.441406 0.4375 0.464844 0.440625 0.46875 0.440625 0.511719 0.4375 0.515625 0.4375 0.519531 0.434375 0.523438 0.434375 0.527344 0.43125 0.53125 0.43125 0.535156 0.428125 0.539062 0.428125 0.5625 0.43125 0.566406 0.440625 0.566406 0.44375 0.5625 0.446875 0.5625 0.45 0.558594 0.45625 0.558594 0.4625 0.550781 0.471875 0.550781 0.475 0.546875 0.475 0.539062 0.478125 0.535156 0.478125 0.53125 0.48125 0.527344 0.48125 0.515625 0.484375 0.511719 0.484375 0.507812 0.48125 0.507812 0.465625 0.488281 0.465625 0.476562 0.46875 0.472656 0.46875 0.464844 0.475 0.457031 0.475 0.453125 0.48125 0.445312 0.4875 0.445312 0.4875 0.441406 0.484375 0.4375 0.484375 0.421875 0.478125 0.414062 0.475 0.414062 0.471875 0.410156 0.4625 0.410156 0.459375 0.40625
0 0.4375 0.253906 0.428125 0.265625 0.425 0.265625 0.421875 0.269531 0.41875 0.269531 0.4125 0.277344 0.409375 0.277344 0.39375 0.296875 0.39375 0.308594 0.390625 0.3125 0.390625 0.328125 0.38125 0.339844 0.38125 0.34375 0.378125 0.347656 0.378125 0.359375 0.38125 0.363281 0.38125 0.375 0.3875 0.382812 0.3875 0.386719 0.396875 0.398438 0.4 0.398438 0.403125 0.402344 0.4125 0.402344 0.415625 0.40625 0.428125 0.40625 0.434375 0.398438 0.4375 0.398438 0.440625 0.394531 0.44375 0.394531 0.446875 0.390625 0.446875 0.386719 0.45 0.382812 0.45 0.378906 0.459375 0.367188 0.4625 0.367188 0.46875 0.359375 0.475 0.359375 0.478125 0.355469 0.478125 0.351562 0.48125 0.347656 0.48125 0.34375 0.4875 0.335938 0.4875 0.328125 0.490625 0.324219 0.490625 0.320312 0.49375 0.316406 0.49375 0.308594 0.496875 0.304688 0.496875 0.296875 0.5 0.292969 0.5 0.285156 0.503125 0.28125 0.503125 0.277344 0.496875 0.269531 0.484375 0.269531 0.48125 0.273438 0.478125 0.273438 0.475 0.277344 0.459375 0.277344 0.453125 0.269531 0.453125 0.265625 0.446875 0.257812 0.440625 0.257812
0 0.0375 0.667969 0.03125 0.675781 0.03125 0.707031 0.034375 0.710938 0.04375 0.710938 0.05 0.703125 0.053125 0.703125 0.05625 0.699219 0.05625 0.691406 0.053125 0.6875 0.053125 0.683594 0.05 0.679688 0.05 0.671875 0.046875 0.667969
0 0.7625 0.378906 0.759375 0.382812 0.753125 0.382812 0.75 0.386719 0.746875 0.386719 0.74375 0.390625 0.74375 0.394531 0.740625 0.398438 0.740625 0.402344 0.71875 0.429688 0.71875 0.441406 0.725 0.449219 0.734375 0.449219 0.740625 0.457031 0.76875 0.457031 0.771875 0.453125 0.778125 0.453125 0.7875 0.441406 0.790625 0.441406 0.796875 0.433594 0.796875 0.398438 0.79375 0.394531 0.79375 0.390625 0.7875 0.382812 0.784375 0.382812 0.78125 0.378906
0 0.425 0.152344 0.4125 0.167969 0.4125 0.171875 0.409375 0.175781 0.409375 0.179688 0.4 0.191406 0.4 0.21875 0.409375 0.230469 0.409375 0.238281 0.4125 0.242188 0.415625 0.242188 0.425 0.253906 0.434375 0.253906 0.440625 0.246094 0.440625 0.242188 0.446875 0.234375 0.459375 0.234375 0.465625 0.226562 0.465625 0.1875 0.4625 0.183594 0.4625 0.171875 0.45625 0.164062 0.453125 0.164062 0.446875 0.15625 0.434375 0.15625 0.43125 0.152344
0 0.584375 0.503906 0.58125 0.507812 0.58125 0.511719 0.578125 0.515625 0.578125 0.519531 0.575 0.523438 0.575 0.527344 0.55625 0.550781 0.55 0.550781 0.546875 0.554688 0.54375 0.554688 0.540625 0.558594 0.5375 0.558594 0.53125 0.566406 0.525 0.566406 0.521875 0.570312 0.521875 0.578125 0.525 0.582031 0.525 0.585938 0.528125 0.589844 0.54375 0.589844 0.546875 0.585938 0.55 0.585938 0.553125 0.582031 0.5625 0.582031 0.565625 0.578125 0.56875 0.578125 0.571875 0.574219 0.575 0.574219 0.590625 0.554688 0.590625 0.542969 0.59375 0.539062 0.59375 0.53125 0.596875 0.527344 0.596875 0.507812 0.59375 0.503906
0 0.984375 0.695312 0.98125 0.699219 0.975 0.699219 0.9625 0.714844 0.9625 0.742188 0.975 0.757812 0.978125 0.757812 0.98125 0.761719 0.99375 0.761719 0.996875 0.757812 0.996875 0.695312
0 0.6875 0.320312 0.68125 0.328125 0.68125 0.332031 0.671875 0.34375 0.671875 0.363281 0.66875 0.367188 0.66875 0.371094 0.665625 0.375 0.665625 0.390625 0.66875 0.394531 0.671875 0.394531 0.678125 0.402344 0.678125 0.40625 0.68125 0.410156 0.69375 0.410156 0.696875 0.40625 0.7 0.40625 0.70625 0.398438 0.70625 0.394531 0.715625 0.382812 0.715625 0.378906 0.71875 0.375 0.71875 0.371094 0.721875 0.367188 0.721875 0.363281 0.725 0.359375 0.725 0.347656 0.721875 0.34375 0.721875 0.339844 0.71875 0.335938 0.715625 0.335938 0.703125 0.320312
0 0.928125 0.0664062 0.9125 0.0859375 0.9125 0.09375 0.909375 0.0976562 0.915625 0.105469 0.915625 0.109375 0.921875 0.117188 0.921875 0.121094 0.93125 0.132812 0.940625 0.132812 0.94375 0.128906 0.946875 0.128906 0.95 0.125 0.953125 0.125 0.959375 0.117188 0.959375 0.09375 0.9375 0.0664062
0 0.228125 0.550781 0.225 0.554688 0.21875 0.554688 0.215625 0.558594 0.2125 0.558594 0.20625 0.566406 0.203125 0.566406 0.19375 0.578125 0.19375 0.601562 0.196875 0.605469 0.203125 0.605469 0.2125 0.59375 0.215625 0.59375 0.21875 0.589844 0.221875 0.589844 0.240625 0.566406 0.240625 0.554688 0.2375 0.550781
0 0.375 0.902344 0.36875 0.910156 0.36875 0.933594 0.371875 0.9375 0.371875 0.941406 0.375 0.945312 0.375 0.984375 0.38125 0.992188 0.38125 0.996094 0.40625 0.996094 0.41875 0.980469 0.41875 0.976562 0.421875 0.972656 0.425 0.972656 0.434375 0.960938 0.434375 0.957031 0.4375 0.953125 0.4375 0.9375 0.434375 0.933594 0.43125 0.933594 0.41875 0.917969 0.415625 0.917969 0.4125 0.914062 0.40625 0.914062 0.403125 0.910156 0.4 0.910156 0.396875 0.90625 0.3875 0.90625 0.384375 0.902344
0 0.896875 0.625 0.89375 0.628906 0.89375 0.632812 0.8875 0.640625 0.8875 0.648438 0.884375 0.652344 0.884375 0.664062 0.9 0.664062 0.903125 0.667969 0.909375 0.667969 0.91875 0.65625 0.91875 0.652344 0.921875 0.648438 0.921875 0.640625 0.91875 0.636719 0.91875 0.628906 0.915625 0.625
0 0.0375 0.820312 0.028125 0.832031 0.025 0.832031 0.021875 0.835938 0.0125 0.835938 0.009375 0.839844 0.00625 0.839844 0 0.847656 0 0.875 0.00625 0.882812 0.04375 0.882812 0.046875 0.878906 0.05 0.878906 0.05625 0.871094 0.05625 0.855469 0.053125 0.851562 0.053125 0.839844 0.05 0.835938 0.05 0.828125 0.04375 0.820312
0 0.296875 0.402344 0.290625 0.410156 0.290625 0.417969 0.29375 0.421875 0.29375 0.457031 0.296875 0.460938 0.296875 0.46875 0.3 0.472656 0.303125 0.472656 0.30625 0.476562 0.3125 0.476562 0.315625 0.480469 0.31875 0.480469 0.321875 0.484375 0.3375 0.484375 0.340625 0.480469 0.340625 0.476562 0.35 0.464844 0.35 0.460938 0.353125 0.457031 0.353125 0.425781 0.35 0.421875 0.35 0.417969 0.346875 0.414062 0.34375 0.414062 0.3375 0.40625 0.309375 0.40625 0.30625 0.402344
0 0.328125 0.460938 0.33125 0.457031 0.334375 0.460938 0.33125 0.464844
0 0.99375 0.292969 0.984375 0.304688 0.984375 0.3125 0.990625 0.320312 0.990625 0.359375 0.99375 0.363281 0.996875 0.363281 0.996875 0.292969
0 0.01875 0.910156 0.015625 0.914062 0.015625 0.921875 0.0125 0.925781 0.0125 0.941406 0.003125 0.953125 0.003125 0.964844 0.025 0.992188 0.034375 0.992188 0.0375 0.996094 0.05625 0.996094 0.0625 0.988281 0.0625 0.984375 0.06875 0.976562 0.06875 0.972656 0.071875 0.96875 0.071875 0.949219 0.0625 0.9375 0.0625 0.933594 0.05625 0.925781 0.04375 0.925781 0.0375 0.917969 0.034375 0.917969 0.028125 0.910156
0 0.290625 0.253906 0.2875 0.257812 0.265625 0.257812 0.25625 0.269531 0.25625 0.273438 0.253125 0.277344 0.253125 0.292969 0.25 0.296875 0.25 0.300781 0.25625 0.308594 0.25625 0.3125 0.259375 0.316406 0.259375 0.324219 0.2625 0.328125 0.2625 0.339844 0.265625 0.34375 0.290625 0.34375 0.296875 0.335938 0.303125 0.335938 0.30625 0.332031 0.30625 0.28125 0.309375 0.277344 0.309375 0.261719 0.30625 0.257812 0.303125 0.257812 0.3 0.253906
0 0.95 0.46875 0.946875 0.472656 0.940625 0.472656 0.9375 0.476562 0.934375 0.476562 0.928125 0.484375 0.925 0.484375 0.921875 0.488281 0.921875 0.496094 0.925 0.5 0.928125 0.5 0.934375 0.507812 0.9375 0.507812 0.940625 0.511719 0.94375 0.511719 0.946875 0.515625 0.96875 0.515625 0.971875 0.511719 0.975 0.511719 0.978125 0.507812 0.978125 0.480469 0.971875 0.472656 0.965625 0.472656 0.9625 0.46875
0 0.56875 0.0625 0.565625 0.0664062 0.559375 0.0664062 0.55625 0.0703125 0.553125 0.0703125 0.55 0.0742188 0.5375 0.0742188 0.534375 0.078125 0.525 0.078125 0.521875 0.0820312 0.515625 0.0820312 0.50625 0.09375 0.50625 0.101562 0.503125 0.105469 0.503125 0.109375 0.5 0.113281 0.5 0.121094 0.496875 0.125 0.496875 0.128906 0.49375 0.132812 0.49375 0.152344 0.496875 0.15625 0.5 0.15625 0.50625 0.164062 0.515625 0.164062 0.51875 0.160156 0.521875 0.160156 0.53125 0.148438 0.546875 0.148438 0.55 0.144531 0.553125 0.144531 0.55625 0.140625 0.559375 0.140625 0.5625 0.136719 0.5625 0.128906 0.565625 0.125 0.565625 0.117188 0.56875 0.113281 0.56875 0.109375 0.571875 0.105469 0.571875 0.101562 0.575 0.0976562 0.575 0.0898438 0.58125 0.0820312 0.58125 0.0664062 0.578125 0.0625
0 0.878125 0.449219 0.871875 0.457031 0.871875 0.460938 0.85625 0.480469 0.85625 0.484375 0.853125 0.488281 0.853125 0.492188 0.85 0.496094 0.85 0.5 0.846875 0.503906 0.846875 0.511719 0.84375 0.515625 0.84375 0.519531 0.846875 0.523438 0.846875 0.535156 0.853125 0.542969 0.8625 0.542969 0.865625 0.539062 0.878125 0.539062 0.890625 0.523438 0.890625 0.519531 0.89375 0.515625 0.89375 0.511719 0.90625 0.496094 0.90625 0.484375 0.9125 0.476562 0.9125 0.464844 0.90625 0.457031 0.903125 0.457031 0.9 0.453125 0.890625 0.453125 0.8875 0.449219
0 0.821875 0.957031 0.815625 0.964844 0.809375 0.964844 0.80625 0.96875 0.803125 0.96875 0.8 0.972656 0.790625 0.972656 0.7875 0.976562 0.7875 0.984375 0.790625 0.988281 0.790625 0.996094 0.83125 0.996094 0.840625 0.984375 0.840625 0.960938 0.8375 0.957031
0 0.93125 0.71875 0.928125 0.722656 0.928125 0.730469 0.9375 0.742188 0.946875 0.742188 0.95 0.738281 0.95 0.730469 0.940625 0.71875
0 0.65625 0.289062 0.646875 0.300781 0.646875 0.308594 0.64375 0.3125 0.64375 0.316406 0.640625 0.320312 0.640625 0.324219 0.634375 0.332031 0.634375 0.34375 0.63125 0.347656 0.63125 0.351562 0.628125 0.355469 0.628125 0.359375 0.63125 0.363281 0.63125 0.367188 0.634375 0.371094 0.6375 0.371094 0.640625 0.375 0.646875 0.375 0.65 0.378906 0.653125 0.378906 0.65625 0.375 0.6625 0.375 0.665625 0.371094 0.665625 0.367188 0.66875 0.363281 0.66875 0.34375 0.678125 0.332031 0.678125 0.328125 0.675 0.324219 0.675 0.316406 0.671875 0.3125 0.671875 0.308594 0.665625 0.300781 0.665625 0.292969 0.6625 0.289062
0 0.490625 0.445312 0.4875 0.449219 0.48125 0.449219 0.478125 0.453125 0.478125 0.457031 0.471875 0.464844 0.471875 0.472656 0.46875 0.476562 0.46875 0.488281 0.48125 0.503906 0.509375 0.503906 0.5125 0.5 0.5125 0.496094 0.515625 0.492188 0.515625 0.46875 0.51875 0.464844 0.51875 0.453125 0.5125 0.445312
0 0.134375 0.546875 0.13125 0.550781 0.128125 0.550781 0.121875 0.558594 0.11875 0.558594 0.115625 0.5625 0.115625 0.570312 0.1125 0.574219 0.1125 0.582031 0.11875 0.589844 0.15 0.589844 0.153125 0.585938 0.153125 0.578125 0.15625 0.574219 0.15625 0.550781 0.153125 0.546875
0 0.975 0.0664062 0.971875 0.0703125 0.971875 0.078125 0.975 0.0820312 0.98125 0.0820312 0.984375 0.078125 0.984375 0.0703125 0.98125 0.0664062
0 0.171875 0.617188 0.16875 0.621094 0.165625 0.621094 0.159375 0.628906 0.159375 0.636719 0.15625 0.640625 0.15625 0.644531 0.153125 0.648438 0.15 0.648438 0.146875 0.652344 0.146875 0.660156 0.15 0.664062 0.15 0.671875 0.153125 0.675781 0.153125 0.6875 0.1625 0.699219 0.165625 0.699219 0.16875 0.703125 0.203125 0.703125 0.20625 0.699219 0.209375 0.699219 0.2125 0.695312 0.215625 0.695312 0.21875 0.691406 0.21875 0.660156 0.221875 0.65625 0.221875 0.640625 0.2125 0.628906 0.203125 0.628906 0.2 0.625 0.196875 0.625 0.19375 0.621094 0.1875 0.621094 0.184375 0.617188
0 0.121875 0.972656 0.11875 0.976562 0.115625 0.976562 0.1125 0.980469 0.1 0.980469 0.096875 0.984375 0.09375 0.984375 0.090625 0.988281 0.090625 0.996094 0.140625 0.996094 0.140625 0.984375 0.1375 0.980469 0.134375 0.980469 0.128125 0.972656
0 0.684375 0.574219 0.68125 0.578125 0.671875 0.578125 0.66875 0.582031 0.665625 0.582031 0.65625 0.59375 0.65625 0.605469 0.653125 0.609375 0.653125 0.613281 0.65625 0.617188 0.65625 0.628906 0.659375 0.632812 0.659375 0.636719 0.6625 0.640625 0.6625 0.644531 0.665625 0.648438 0.66875 0.648438 0.671875 0.652344 0.675 0.652344 0.678125 0.65625 0.696875 0.65625 0.7 0.652344 0.7125 0.652344 0.71875 0.644531 0.71875 0.605469 0.7125 0.597656 0.7125 0.59375 0.70625 0.585938 0.70625 0.582031 0.7 0.574219
0 0.59375 0.839844 0.590625 0.84375 0.58125 0.84375 0.575 0.851562 0.575 0.855469 0.571875 0.859375 0.571875 0.863281 0.56875 0.867188 0.56875 0.871094 0.565625 0.875 0.565625 0.882812 0.5625 0.886719 0.5625 0.890625 0.559375 0.894531 0.559375 0.902344 0.55625 0.90625 0.55625 0.910156 0.553125 0.914062 0.553125 0.917969 0.55 0.921875 0.55 0.925781 0.546875 0.929688 0.546875 0.933594 0.54375 0.9375 0.54375 0.941406 0.540625 0.945312 0.540625 0.949219 0.5375 0.953125 0.5375 0.964844 0.528125 0.976562 0.528125 0.984375 0.534375 0.992188 0.534375 0.996094 0.553125 0.996094 0.559375 0.988281 0.5625 0.992188 0.5625 0.996094 0.5875 0.996094 0.5875 0.992188 0.590625 0.988281 0.590625 0.984375 0.59375 0.980469 0.59375 0.972656 0.596875 0.96875 0.596875 0.964844 0.6 0.960938 0.6 0.957031 0.603125 0.953125 0.603125 0.949219 0.6125 0.9375 0.6125 0.933594 0.615625 0.929688 0.615625 0.921875 0.61875 0.917969 0.61875 0.875 0.615625 0.871094 0.615625 0.863281 0.6125 0.859375 0.6125 0.84375 0.609375 0.839844
0 0.246875 0.742188 0.24375 0.746094 0.240625 0.746094 0.240625 0.75 0.2375 0.753906 0.228125 0.753906 0.225 0.757812 0.209375 0.757812 0.20625 0.761719 0.20625 0.785156 0.209375 0.789062 0.209375 0.800781 0.2125 0.804688 0.2125 0.8125 0.215625 0.816406 0.215625 0.820312 0.221875 0.828125 0.225 0.828125 0.228125 0.832031 0.246875 0.832031 0.25 0.828125 0.25625 0.828125 0.25625 0.824219 0.284375 0.789062 0.284375 0.785156 0.2875 0.78125 0.2875 0.769531 0.275 0.753906 0.275 0.746094 0.26875 0.746094 0.265625 0.742188
0 0.778125 0.589844 0.771875 0.597656 0.76875 0.597656 0.7625 0.605469 0.75625 0.605469 0.73125 0.636719 0.73125 0.648438 0.728125 0.652344 0.728125 0.6875 0.734375 0.695312 0.746875 0.695312 0.753125 0.6875 0.753125 0.683594 0.75625 0.679688 0.75625 0.671875 0.7625 0.664062 0.7625 0.660156 0.771875 0.648438 0.771875 0.644531 0.784375 0.628906 0.784375 0.625 0.790625 0.617188 0.790625 0.613281 0.79375 0.609375 0.79375 0.601562 0.790625 0.597656 0.790625 0.59375 0.7875 0.589844
0 0.96875 0.773438 0.965625 0.777344 0.965625 0.789062 0.975 0.800781 0.978125 0.800781 0.984375 0.808594 0.9875 0.808594 0.990625 0.8125 0.996875 0.8125 0.996875 0.789062 0.99375 0.785156 0.9875 0.785156 0.984375 0.78125 0.98125 0.78125 0.975 0.773438
0 0.003125 0.652344 0 0.65625 0 0.722656 0.015625 0.722656 0.025 0.710938 0.025 0.707031 0.028125 0.703125 0.028125 0.671875 0.025 0.667969 0.025 0.664062 0.015625 0.652344
0 0.78125 0.683594 0.775 0.691406 0.775 0.726562 0.778125 0.730469 0.784375 0.730469 0.8 0.710938 0.8 0.707031 0.803125 0.703125 0.803125 0.6875 0.8 0.683594
0 0.53125 0.449219 0.521875 0.460938 0.521875 0.464844 0.51875 0.46875 0.51875 0.492188 0.525 0.5 0.571875 0.5 0.575 0.496094 0.584375 0.496094 0.5875 0.492188 0.5875 0.488281 0.59375 0.480469 0.59375 0.457031 0.5875 0.449219
0 0.25 0.558594 0.246875 0.5625 0.246875 0.566406 0.24375 0.570312 0.240625 0.570312 0.225 0.589844 0.225 0.59375 0.21875 0.601562 0.21875 0.609375 0.221875 0.613281 0.221875 0.628906 0.228125 0.636719 0.23125 0.636719 0.2375 0.644531 0.240625 0.644531 0.25 0.65625 0.2625 0.65625 0.265625 0.652344 0.26875 0.652344 0.271875 0.648438 0.271875 0.644531 0.284375 0.628906 0.284375 0.605469 0.278125 0.597656 0.278125 0.574219 0.26875 0.5625 0.265625 0.5625 0.2625 0.558594
0 0.265625 0.617188 0.26875 0.613281 0.271875 0.617188 0.26875 0.621094
0 0.009375 0 0.00625 0.00390625 0.003125 0.00390625 0 0.0078125 0 0.078125 0.01875 0.0546875 0.01875 0.0507812 0.028125 0.0390625 0.028125 0.0351562 0.03125 0.03125 0.03125 0.0234375 0.034375 0.0195312 0.034375 0
