0 0 0.269531 0 0.328125 0.0117188 0.316406 0.0117188 0.308594 0.015625 0.304688 0.015625 0.28125 0.0117188 0.277344 0.0117188 0.273438 0.0078125 0.269531
0 0.699219 0.734375 0.695312 0.738281 0.695312 0.757812 0.699219 0.761719 0.699219 0.769531 0.703125 0.773438 0.703125 0.777344 0.710938 0.785156 0.726562 0.785156 0.730469 0.78125 0.730469 0.757812 0.726562 0.753906 0.726562 0.75 0.722656 0.746094 0.722656 0.742188 0.714844 0.734375
0 0.441406 0.851562 0.4375 0.855469 0.4375 0.859375 0.433594 0.863281 0.433594 0.875 0.4375 0.878906 0.4375 0.882812 0.441406 0.886719 0.441406 0.890625 0.449219 0.898438 0.460938 0.898438 0.46875 0.890625 0.46875 0.878906 0.464844 0.875 0.464844 0.867188 0.460938 0.863281 0.460938 0.859375 0.453125 0.851562
0 0.105469 0.503906 0.0976562 0.511719 0.0976562 0.53125 0.109375 0.542969 0.113281 0.542969 0.117188 0.546875 0.132812 0.546875 0.136719 0.542969 0.136719 0.523438 0.132812 0.519531 0.132812 0.515625 0.121094 0.503906
0 0.324219 0.433594 0.316406 0.441406 0.316406 0.460938 0.320312 0.464844 0.320312 0.46875 0.324219 0.472656 0.324219 0.476562 0.332031 0.484375 0.351562 0.484375 0.355469 0.480469 0.355469 0.453125 0.339844 0.4375 0.335938 0.4375 0.332031 0.433594
0 0.265625 0.871094 0.261719 0.875 0.261719 0.882812 0.265625 0.886719 0.265625 0.902344 0.269531 0.90625 0.269531 0.910156 0.273438 0.914062 0.273438 0.917969 0.277344 0.921875 0.28125 0.921875 0.285156 0.925781 0.296875 0.925781 0.304688 0.917969 0.304688 0.90625 0.300781 0.902344 0.300781 0.898438 0.292969 0.890625 0.292969 0.886719 0.28125 0.875 0.277344 0.875 0.273438 0.871094
0 0.996094 0.105469 0.988281 0.113281 0.988281 0.140625 0.996094 0.148438
0 0.246094 0.0546875 0.238281 0.0625 0.238281 0.0976562 0.242188 0.101562 0.242188 0.105469 0.25 0.113281 0.265625 0.113281 0.269531 0.109375 0.269531 0.105469 0.273438 0.101562 0.273438 0.078125 0.269531 0.0742188 0.269531 0.0664062 0.257812 0.0546875
0 0.714844 0.835938 0.703125 0.847656 0.703125 0.851562 0.707031 0.855469 0.707031 0.863281 0.71875 0.875 0.722656 0.875 0.726562 0.878906 0.753906 0.878906 0.757812 0.875 0.757812 0.871094 0.761719 0.867188 0.761719 0.855469 0.757812 0.851562 0.757812 0.847656 0.75 0.839844 0.742188 0.839844 0.738281 0.835938
0 0.539062 0.742188 0.53125 0.75 0.53125 0.753906 0.527344 0.757812 0.527344 0.773438 0.535156 0.78125 0.535156 0.785156 0.542969 0.792969 0.542969 0.796875 0.550781 0.804688 0.558594 0.804688 0.5625 0.800781 0.566406 0.800781 0.574219 0.792969 0.574219 0.757812 0.566406 0.75 0.5625 0.75 0.558594 0.746094 0.554688 0.746094 0.550781 0.742188
0 0.199219 0.371094 0.191406 0.378906 0.191406 0.386719 0.1875 0.390625 0.1875 0.402344 0.191406 0.40625 0.191406 0.414062 0.203125 0.425781 0.21875 0.425781 0.222656 0.421875 0.222656 0.417969 0.226562 0.414062 0.226562 0.410156 0.230469 0.40625 0.230469 0.402344 0.226562 0.398438 0.226562 0.390625 0.214844 0.378906 0.214844 0.375 0.210938 0.371094
0 0.433594 0.296875 0.429688 0.300781 0.429688 0.308594 0.425781 0.3125 0.425781 0.34375 0.429688 0.347656 0.429688 0.351562 0.433594 0.355469 0.449219 0.355469 0.453125 0.351562 0.453125 0.339844 0.457031 0.335938 0.457031 0.332031 0.453125 0.328125 0.453125 0.304688 0.445312 0.296875
0 0.820312 0.128906 0.808594 0.140625 0.808594 0.144531 0.804688 0.148438 0.804688 0.15625 0.808594 0.160156 0.808594 0.171875 0.816406 0.179688 0.832031 0.179688 0.839844 0.171875 0.839844 0.140625 0.828125 0.128906
0 0.929688 0.25 0.917969 0.261719 0.917969 0.28125 0.925781 0.289062 0.925781 0.292969 0.929688 0.296875 0.949219 0.296875 0.953125 0.292969 0.953125 0.269531 0.949219 0.265625 0.949219 0.257812 0.941406 0.25
0 0.0898438 0.269531 0.0820312 0.277344 0.0820312 0.324219 0.09375 0.335938 0.109375 0.335938 0.117188 0.328125 0.117188 0.289062 0.113281 0.285156 0.113281 0.28125 0.101562 0.269531
0 0.152344 0.292969 0.148438 0.296875 0.148438 0.300781 0.144531 0.304688 0.144531 0.339844 0.152344 0.347656 0.171875 0.347656 0.175781 0.34375 0.175781 0.339844 0.179688 0.335938 0.179688 0.316406 0.175781 0.3125 0.175781 0.304688 0.164062 0.292969
0 0.625 0.484375 0.613281 0.496094 0.613281 0.523438 0.625 0.535156 0.640625 0.535156 0.648438 0.527344 0.648438 0.523438 0.652344 0.519531 0.652344 0.507812 0.648438 0.503906 0.648438 0.496094 0.636719 0.484375
0 0.996094 0.289062 0.992188 0.292969 0.984375 0.292969 0.980469 0.296875 0.980469 0.304688 0.976562 0.308594 0.980469 0.3125 0.980469 0.316406 0.984375 0.320312 0.984375 0.335938 0.992188 0.34375 0.996094 0.34375
0 0.183594 0.78125 0.179688 0.785156 0.179688 0.816406 0.1875 0.824219 0.1875 0.828125 0.191406 0.832031 0.195312 0.832031 0.199219 0.835938 0.210938 0.835938 0.21875 0.828125 0.21875 0.804688 0.214844 0.800781 0.214844 0.796875 0.199219 0.78125
0 0.71875 0.523438 0.710938 0.53125 0.710938 0.546875 0.714844 0.550781 0.714844 0.558594 0.71875 0.5625 0.71875 0.566406 0.738281 0.585938 0.75 0.585938 0.753906 0.582031 0.753906 0.558594 0.75 0.554688 0.75 0.546875 0.746094 0.542969 0.746094 0.539062 0.730469 0.523438
0 0.0234375 0.113281 0.0195312 0.117188 0.0195312 0.128906 0.015625 0.132812 0.015625 0.152344 0.0195312 0.15625 0.0195312 0.160156 0.0273438 0.167969 0.0429688 0.167969 0.0507812 0.160156 0.0507812 0.128906 0.046875 0.125 0.046875 0.121094 0.0390625 0.113281
0 0.71875 0 0.710938 0.0078125 0.710938 0.0117188 0.707031 0.015625 0.707031 0.0351562 0.714844 0.0429688 0.722656 0.0429688 0.742188 0.0234375 0.742188 0.0195312 0.75 0.0117188 0.75 0
0 0.265625 0.796875 0.257812 0.804688 0.257812 0.824219 0.265625 0.832031 0.265625 0.835938 0.273438 0.84375 0.289062 0.84375 0.296875 0.835938 0.296875 0.816406 0.292969 0.8125 0.292969 0.808594 0.285156 0.800781 0.28125 0.800781 0.277344 0.796875
0 0 0.546875 0 0.59375 0.00390625 0.59375 0.015625 0.582031 0.015625 0.554688 0.0078125 0.546875
0 0.171875 0.542969 0.167969 0.546875 0.167969 0.570312 0.171875 0.574219 0.171875 0.578125 0.179688 0.585938 0.179688 0.589844 0.191406 0.601562 0.199219 0.601562 0.207031 0.59375 0.207031 0.566406 0.203125 0.5625 0.203125 0.558594 0.1875 0.542969
0 0.277344 0.199219 0.273438 0.203125 0.273438 0.207031 0.269531 0.210938 0.269531 0.242188 0.277344 0.25 0.300781 0.25 0.304688 0.246094 0.304688 0.242188 0.308594 0.238281 0.308594 0.214844 0.300781 0.207031 0.300781 0.203125 0.296875 0.199219
0 0.0742188 0.78125 0.0664062 0.789062 0.0664062 0.800781 0.0703125 0.804688 0.0703125 0.8125 0.078125 0.820312 0.0820312 0.820312 0.0859375 0.824219 0.0976562 0.824219 0.101562 0.828125 0.113281 0.828125 0.121094 0.820312 0.121094 0.800781 0.117188 0.796875 0.117188 0.792969 0.113281 0.789062 0.109375 0.789062 0.105469 0.785156 0.101562 0.785156 0.0976562 0.78125
0 0.1875 0.621094 0.183594 0.625 0.183594 0.648438 0.1875 0.652344 0.1875 0.65625 0.195312 0.664062 0.195312 0.667969 0.199219 0.671875 0.210938 0.671875 0.214844 0.675781 0.21875 0.675781 0.230469 0.664062 0.230469 0.652344 0.226562 0.648438 0.226562 0.644531 0.222656 0.640625 0.222656 0.636719 0.214844 0.628906 0.210938 0.628906 0.203125 0.621094
0 0.261719 0.496094 0.253906 0.503906 0.253906 0.507812 0.25 0.511719 0.25 0.539062 0.253906 0.542969 0.253906 0.546875 0.261719 0.554688 0.265625 0.554688 0.269531 0.558594 0.273438 0.558594 0.28125 0.550781 0.28125 0.546875 0.285156 0.542969 0.285156 0.523438 0.28125 0.519531 0.28125 0.511719 0.277344 0.507812 0.277344 0.503906 0.273438 0.5 0.269531 0.5 0.265625 0.496094
0 0.542969 0.429688 0.535156 0.4375 0.535156 0.441406 0.527344 0.449219 0.527344 0.453125 0.523438 0.457031 0.523438 0.484375 0.535156 0.496094 0.550781 0.496094 0.554688 0.492188 0.554688 0.488281 0.558594 0.484375 0.558594 0.4375 0.550781 0.429688
0 0.601562 0.675781 0.59375 0.683594 0.59375 0.726562 0.597656 0.730469 0.597656 0.734375 0.605469 0.742188 0.617188 0.742188 0.625 0.734375 0.625 0.730469 0.628906 0.726562 0.628906 0.695312 0.625 0.691406 0.625 0.6875 0.621094 0.683594 0.621094 0.679688 0.617188 0.675781
0 0.367188 0.519531 0.363281 0.523438 0.363281 0.53125 0.359375 0.535156 0.359375 0.542969 0.363281 0.546875 0.363281 0.558594 0.375 0.570312 0.382812 0.570312 0.390625 0.5625 0.390625 0.554688 0.394531 0.550781 0.394531 0.546875 0.390625 0.542969 0.390625 0.53125 0.378906 0.519531
0 0.128906 0.738281 0.125 0.742188 0.125 0.761719 0.128906 0.765625 0.128906 0.773438 0.140625 0.785156 0.15625 0.785156 0.164062 0.777344 0.164062 0.761719 0.160156 0.757812 0.160156 0.753906 0.144531 0.738281
0 0.15625 0.851562 0.152344 0.855469 0.152344 0.882812 0.15625 0.886719 0.15625 0.890625 0.160156 0.894531 0.164062 0.894531 0.167969 0.898438 0.183594 0.898438 0.1875 0.894531 0.1875 0.886719 0.191406 0.882812 0.191406 0.875 0.1875 0.871094 0.1875 0.859375 0.179688 0.851562
0 0.277344 0.960938 0.273438 0.964844 0.273438 0.984375 0.277344 0.988281 0.277344 0.996094 0.316406 0.996094 0.316406 0.988281 0.3125 0.984375 0.3125 0.980469 0.308594 0.976562 0.308594 0.972656 0.300781 0.964844 0.296875 0.964844 0.292969 0.960938
0 0.0585938 0.714844 0.0546875 0.71875 0.0546875 0.738281 0.0625 0.746094 0.0625 0.75 0.078125 0.765625 0.09375 0.765625 0.0976562 0.761719 0.0976562 0.742188 0.09375 0.738281 0.09375 0.734375 0.0742188 0.714844
0 0.847656 0.8125 0.84375 0.816406 0.84375 0.820312 0.839844 0.824219 0.839844 0.851562 0.84375 0.855469 0.84375 0.859375 0.847656 0.863281 0.847656 0.867188 0.855469 0.875 0.859375 0.875 0.863281 0.871094 0.871094 0.871094 0.875 0.867188 0.875 0.859375 0.878906 0.855469 0.878906 0.839844 0.875 0.835938 0.875 0.828125 0.859375 0.8125
0 0.96875 0.3125 0.957031 0.324219 0.957031 0.351562 0.960938 0.355469 0.960938 0.359375 0.972656 0.371094 0.976562 0.371094 0.980469 0.375 0.988281 0.375 0.992188 0.378906 0.996094 0.378906 0.996094 0.347656 0.992188 0.347656 0.980469 0.335938 0.980469 0.320312 0.976562 0.316406 0.976562 0.3125
0 0.78125 0.914062 0.777344 0.917969 0.769531 0.917969 0.765625 0.921875 0.765625 0.925781 0.761719 0.929688 0.761719 0.9375 0.765625 0.941406 0.765625 0.957031 0.78125 0.972656 0.796875 0.972656 0.808594 0.960938 0.808594 0.949219 0.804688 0.945312 0.804688 0.933594 0.796875 0.925781 0.796875 0.921875 0.792969 0.917969 0.789062 0.917969 0.785156 0.914062
0 0.234375 0.824219 0.230469 0.828125 0.230469 0.84375 0.234375 0.847656 0.234375 0.851562 0.25 0.867188 0.265625 0.867188 0.265625 0.863281 0.269531 0.859375 0.269531 0.84375 0.261719 0.835938 0.261719 0.832031 0.257812 0.828125 0.253906 0.828125 0.25 0.824219
0 0.351562 0.183594 0.347656 0.1875 0.34375 0.1875 0.339844 0.191406 0.339844 0.199219 0.335938 0.203125 0.335938 0.222656 0.339844 0.226562 0.339844 0.230469 0.34375 0.234375 0.363281 0.234375 0.371094 0.226562 0.371094 0.199219 0.367188 0.195312 0.367188 0.191406 0.359375 0.183594
0 0.257812 0.328125 0.253906 0.332031 0.25 0.332031 0.246094 0.335938 0.246094 0.359375 0.25 0.363281 0.25 0.378906 0.253906 0.382812 0.253906 0.390625 0.257812 0.394531 0.265625 0.394531 0.269531 0.398438 0.277344 0.398438 0.28125 0.394531 0.285156 0.394531 0.292969 0.386719 0.292969 0.355469 0.289062 0.351562 0.289062 0.347656 0.285156 0.34375 0.285156 0.339844 0.277344 0.332031 0.273438 0.332031 0.269531 0.328125
0 0.679688 0.777344 0.671875 0.785156 0.671875 0.789062 0.667969 0.792969 0.667969 0.796875 0.664062 0.800781 0.664062 0.820312 0.667969 0.824219 0.667969 0.828125 0.671875 0.832031 0.675781 0.832031 0.679688 0.835938 0.6875 0.835938 0.691406 0.832031 0.695312 0.832031 0.703125 0.824219 0.703125 0.820312 0.707031 0.816406 0.707031 0.792969 0.703125 0.789062 0.703125 0.785156 0.695312 0.777344
0 0.625 0 0.625 0.00390625 0.621094 0.0078125 0.621094 0.015625 0.632812 0.0273438 0.640625 0.0273438 0.644531 0.0234375 0.648438 0.0234375 0.652344 0.0195312 0.65625 0.0195312 0.671875 0.00390625 0.671875 0
0 0.554688 0 0.554688 0.00390625 0.550781 0.0078125 0.550781 0.0117188 0.554688 0.015625 0.554688 0.0195312 0.5625 0.0273438 0.570312 0.0273438 0.574219 0.03125 0.59375 0.03125 0.601562 0.0234375 0.605469 0.0234375 0.613281 0.015625 0.617188 0.015625 0.617188 0.0078125 0.621094 0.00390625 0.621094 0
0 0.894531 0.394531 0.890625 0.398438 0.890625 0.40625 0.886719 0.410156 0.886719 0.433594 0.890625 0.4375 0.890625 0.441406 0.898438 0.449219 0.914062 0.449219 0.921875 0.441406 0.921875 0.433594 0.925781 0.429688 0.925781 0.410156 0.921875 0.40625 0.921875 0.402344 0.914062 0.394531
0 0.269531 0.414062 0.265625 0.417969 0.265625 0.421875 0.261719 0.425781 0.261719 0.445312 0.265625 0.449219 0.265625 0.464844 0.269531 0.46875 0.269531 0.472656 0.277344 0.480469 0.28125 0.480469 0.285156 0.484375 0.292969 0.484375 0.296875 0.480469 0.296875 0.433594 0.292969 0.429688 0.292969 0.421875 0.285156 0.414062
0 0.222656 0.242188 0.210938 0.253906 0.210938 0.277344 0.214844 0.28125 0.214844 0.289062 0.21875 0.292969 0.21875 0.296875 0.226562 0.304688 0.242188 0.304688 0.246094 0.300781 0.246094 0.296875 0.25 0.292969 0.25 0.273438 0.246094 0.269531 0.246094 0.261719 0.242188 0.257812 0.242188 0.253906 0.238281 0.25 0.238281 0.246094 0.234375 0.242188
0 0.359375 0.898438 0.351562 0.90625 0.351562 0.921875 0.355469 0.925781 0.355469 0.929688 0.371094 0.945312 0.382812 0.945312 0.386719 0.941406 0.386719 0.9375 0.390625 0.933594 0.390625 0.917969 0.382812 0.910156 0.382812 0.90625 0.378906 0.902344 0.375 0.902344 0.371094 0.898438
0 0.851562 0.539062 0.84375 0.546875 0.84375 0.5625 0.847656 0.566406 0.847656 0.570312 0.851562 0.574219 0.851562 0.578125 0.859375 0.585938 0.863281 0.585938 0.867188 0.589844 0.882812 0.589844 0.886719 0.585938 0.886719 0.566406 0.882812 0.5625 0.882812 0.558594 0.878906 0.554688 0.878906 0.550781 0.867188 0.539062
0 0.277344 0.707031 0.273438 0.710938 0.269531 0.710938 0.265625 0.714844 0.265625 0.726562 0.269531 0.730469 0.269531 0.734375 0.273438 0.738281 0.273438 0.742188 0.285156 0.753906 0.296875 0.753906 0.304688 0.746094 0.304688 0.742188 0.308594 0.738281 0.308594 0.734375 0.304688 0.730469 0.304688 0.726562 0.300781 0.722656 0.300781 0.71875 0.292969 0.710938 0.285156 0.710938 0.28125 0.707031
0 0.4375 0.515625 0.429688 0.523438 0.429688 0.554688 0.441406 0.566406 0.457031 0.566406 0.460938 0.5625 0.460938 0.558594 0.464844 0.554688 0.464844 0.539062 0.460938 0.535156 0.460938 0.527344 0.449219 0.515625
0 0.386719 0.636719 0.382812 0.640625 0.378906 0.640625 0.375 0.644531 0.375 0.675781 0.378906 0.679688 0.378906 0.683594 0.382812 0.6875 0.386719 0.6875 0.390625 0.691406 0.398438 0.691406 0.40625 0.683594 0.40625 0.65625 0.402344 0.652344 0.402344 0.648438 0.390625 0.636719
0 0.746094 0.332031 0.734375 0.34375 0.734375 0.347656 0.730469 0.351562 0.730469 0.386719 0.734375 0.390625 0.734375 0.402344 0.746094 0.414062 0.75 0.414062 0.753906 0.417969 0.761719 0.417969 0.765625 0.414062 0.769531 0.414062 0.777344 0.40625 0.777344 0.359375 0.773438 0.355469 0.773438 0.347656 0.757812 0.332031
0 0.03125 0.472656 0.0273438 0.476562 0.0273438 0.507812 0.03125 0.511719 0.03125 0.515625 0.0429688 0.527344 0.0585938 0.527344 0.0625 0.523438 0.0625 0.492188 0.0546875 0.484375 0.0546875 0.480469 0.046875 0.472656
0 0.550781 0.953125 0.542969 0.960938 0.542969 0.96875 0.539062 0.972656 0.539062 0.996094 0.578125 0.996094 0.578125 0.972656 0.574219 0.96875 0.574219 0.964844 0.5625 0.953125
0 0.222656 0 0.214844 0.0078125 0.214844 0.0117188 0.210938 0.015625 0.210938 0.0351562 0.222656 0.046875 0.242188 0.046875 0.246094 0.0429688 0.246094 0.0390625 0.25 0.0351562 0.25 0.015625 0.246094 0.0117188 0.246094 0.0078125 0.238281 0
0 0.59375 0.265625 0.589844 0.269531 0.585938 0.269531 0.582031 0.273438 0.582031 0.277344 0.574219 0.285156 0.574219 0.3125 0.582031 0.320312 0.597656 0.320312 0.601562 0.316406 0.605469 0.316406 0.609375 0.3125 0.609375 0.308594 0.613281 0.304688 0.613281 0.300781 0.617188 0.296875 0.617188 0.273438 0.609375 0.265625
0 0.507812 0.574219 0.5 0.582031 0.5 0.589844 0.496094 0.59375 0.496094 0.609375 0.5 0.613281 0.5 0.621094 0.503906 0.625 0.507812 0.625 0.511719 0.628906 0.519531 0.628906 0.527344 0.621094 0.527344 0.617188 0.53125 0.613281 0.53125 0.585938 0.519531 0.574219
0 0.515625 0.777344 0.507812 0.785156 0.507812 0.804688 0.511719 0.808594 0.511719 0.816406 0.515625 0.820312 0.515625 0.824219 0.523438 0.832031 0.535156 0.832031 0.539062 0.828125 0.542969 0.828125 0.546875 0.824219 0.546875 0.804688 0.539062 0.796875 0.539062 0.792969 0.53125 0.785156 0.53125 0.78125 0.527344 0.777344
0 0.890625 0.238281 0.886719 0.242188 0.886719 0.246094 0.878906 0.253906 0.878906 0.285156 0.882812 0.289062 0.882812 0.292969 0.886719 0.296875 0.898438 0.296875 0.910156 0.285156 0.910156 0.269531 0.914062 0.265625 0.914062 0.242188 0.910156 0.238281
0 0.65625 0.660156 0.648438 0.667969 0.648438 0.703125 0.660156 0.714844 0.675781 0.714844 0.679688 0.710938 0.679688 0.667969 0.671875 0.660156
0 0.738281 0.613281 0.734375 0.617188 0.734375 0.621094 0.730469 0.625 0.730469 0.652344 0.738281 0.660156 0.738281 0.664062 0.742188 0.667969 0.746094 0.667969 0.75 0.671875 0.757812 0.671875 0.765625 0.664062 0.765625 0.65625 0.769531 0.652344 0.769531 0.648438 0.765625 0.644531 0.765625 0.628906 0.761719 0.625 0.761719 0.621094 0.753906 0.613281
0 0.117188 0.90625 0.109375 0.914062 0.109375 0.933594 0.113281 0.9375 0.113281 0.941406 0.117188 0.945312 0.117188 0.949219 0.121094 0.953125 0.125 0.953125 0.128906 0.957031 0.136719 0.957031 0.144531 0.949219 0.144531 0.929688 0.140625 0.925781 0.140625 0.921875 0.136719 0.917969 0.136719 0.914062 0.128906 0.90625
0 0.0585938 0.878906 0.0507812 0.886719 0.0507812 0.90625 0.0546875 0.910156 0.0546875 0.917969 0.0664062 0.929688 0.078125 0.929688 0.0859375 0.921875 0.0859375 0.90625 0.0820312 0.902344 0.0820312 0.894531 0.0664062 0.878906
0 0.460938 0 0.460938 0.0195312 0.46875 0.0273438 0.484375 0.0273438 0.488281 0.0234375 0.492188 0.0234375 0.5 0.015625 0.5 0.0117188 0.503906 0.0078125 0.503906 0
