0 0.257812 0.199219 0.253906 0.203125 0.253906 0.210938 0.246094 0.21875 0.246094 0.234375 0.253906 0.242188 0.269531 0.242188 0.273438 0.238281 0.273438 0.207031 0.265625 0.199219
0 0 0.574219 0 0.605469 0.00390625 0.605469 0.0078125 0.601562 0.0117188 0.601562 0.0117188 0.585938 0.0078125 0.585938 0 0.578125
0 0.527344 0.230469 0.523438 0.234375 0.519531 0.234375 0.511719 0.242188 0.511719 0.25 0.523438 0.261719 0.527344 0.261719 0.53125 0.265625 0.539062 0.265625 0.542969 0.261719 0.542969 0.257812 0.546875 0.253906 0.546875 0.25 0.550781 0.246094 0.550781 0.238281 0.542969 0.230469
0 0.511719 0.953125 0.503906 0.960938 0.503906 0.984375 0.507812 0.988281 0.515625 0.988281 0.519531 0.984375 0.519531 0.980469 0.527344 0.972656 0.527344 0.960938 0.519531 0.953125
0 0.574219 0.5 0.570312 0.503906 0.566406 0.503906 0.558594 0.511719 0.558594 0.523438 0.5625 0.527344 0.585938 0.527344 0.59375 0.519531 0.59375 0.507812 0.585938 0.5
0 0.597656 0.191406 0.589844 0.199219 0.589844 0.210938 0.59375 0.214844 0.59375 0.21875 0.597656 0.21875 0.601562 0.222656 0.613281 0.222656 0.613281 0.214844 0.617188 0.210938 0.621094 0.210938 0.625 0.207031 0.621094 0.203125 0.621094 0.199219 0.613281 0.191406
0 0.375 0.632812 0.371094 0.636719 0.367188 0.636719 0.363281 0.640625 0.359375 0.640625 0.347656 0.652344 0.347656 0.660156 0.351562 0.664062 0.355469 0.664062 0.359375 0.667969 0.367188 0.667969 0.371094 0.664062 0.375 0.664062 0.386719 0.652344 0.386719 0.648438 0.390625 0.644531 0.390625 0.640625 0.382812 0.632812
0 0.0976562 0.695312 0.0859375 0.707031 0.0859375 0.71875 0.09375 0.726562 0.113281 0.726562 0.117188 0.722656 0.117188 0.699219 0.113281 0.695312
0 0.660156 0 0.660156 0.015625 0.667969 0.0234375 0.6875 0.0234375 0.691406 0.0195312 0.691406 0.015625 0.6875 0.0117188 0.6875 0.0078125 0.683594 0.00390625 0.683594 0
0 0.433594 0.800781 0.417969 0.816406 0.417969 0.820312 0.414062 0.824219 0.414062 0.835938 0.425781 0.847656 0.441406 0.847656 0.457031 0.832031 0.457031 0.824219 0.460938 0.820312 0.460938 0.808594 0.453125 0.800781
0 0.664062 0.160156 0.652344 0.171875 0.652344 0.1875 0.660156 0.195312 0.675781 0.195312 0.675781 0.1875 0.679688 0.183594 0.679688 0.179688 0.675781 0.179688 0.671875 0.175781 0.671875 0.160156
0 0.339844 0.734375 0.332031 0.742188 0.332031 0.75 0.335938 0.753906 0.335938 0.757812 0.339844 0.761719 0.339844 0.765625 0.347656 0.773438 0.363281 0.773438 0.371094 0.765625 0.371094 0.753906 0.355469 0.738281 0.351562 0.738281 0.347656 0.734375
0 0.550781 0.0742188 0.539062 0.0859375 0.539062 0.09375 0.546875 0.101562 0.558594 0.101562 0.5625 0.0976562 0.566406 0.0976562 0.574219 0.0898438 0.574219 0.0820312 0.566406 0.0742188
0 0.460938 0.953125 0.453125 0.960938 0.453125 0.996094 0.480469 0.996094 0.484375 0.992188 0.484375 0.964844 0.476562 0.957031 0.472656 0.957031 0.46875 0.953125
0 0.746094 0.289062 0.742188 0.292969 0.742188 0.308594 0.75 0.316406 0.761719 0.316406 0.765625 0.3125 0.765625 0.292969 0.761719 0.289062
0 0.40625 0.894531 0.398438 0.902344 0.398438 0.90625 0.394531 0.910156 0.394531 0.921875 0.398438 0.925781 0.402344 0.925781 0.40625 0.929688 0.410156 0.929688 0.414062 0.925781 0.421875 0.925781 0.429688 0.917969 0.429688 0.90625 0.425781 0.902344 0.425781 0.894531
0 0.113281 0.53125 0.105469 0.539062 0.105469 0.542969 0.101562 0.546875 0.101562 0.554688 0.0976562 0.558594 0.0976562 0.574219 0.105469 0.582031 0.121094 0.582031 0.132812 0.570312 0.132812 0.566406 0.136719 0.5625 0.136719 0.535156 0.132812 0.53125
0 0.535156 0.898438 0.523438 0.910156 0.523438 0.933594 0.527344 0.9375 0.539062 0.9375 0.539062 0.933594 0.550781 0.921875 0.550781 0.90625 0.542969 0.898438
0 0 0.523438 0 0.558594 0.0078125 0.558594 0.0117188 0.554688 0.015625 0.554688 0.015625 0.546875 0.0195312 0.542969 0.0195312 0.539062 0.015625 0.535156 0.015625 0.53125 0.0117188 0.527344 0.0078125 0.527344 0.00390625 0.523438
0 0.894531 0.347656 0.886719 0.355469 0.882812 0.355469 0.871094 0.367188 0.871094 0.371094 0.867188 0.375 0.863281 0.375 0.863281 0.382812 0.871094 0.390625 0.871094 0.398438 0.878906 0.398438 0.882812 0.394531 0.890625 0.402344 0.914062 0.402344 0.914062 0.398438 0.917969 0.394531 0.917969 0.390625 0.921875 0.386719 0.917969 0.382812 0.917969 0.378906 0.914062 0.375 0.914062 0.367188 0.90625 0.359375 0.910156 0.355469 0.910156 0.347656
0 0.703125 0.0625 0.699219 0.0664062 0.691406 0.0664062 0.6875 0.0703125 0.6875 0.078125 0.695312 0.0859375 0.703125 0.0859375 0.707031 0.0820312 0.722656 0.0820312 0.726562 0.078125 0.734375 0.078125 0.738281 0.0742188 0.738281 0.0703125 0.730469 0.0625
0 0.867188 0.464844 0.863281 0.46875 0.859375 0.46875 0.847656 0.480469 0.847656 0.496094 0.863281 0.511719 0.863281 0.515625 0.871094 0.523438 0.886719 0.523438 0.890625 0.519531 0.894531 0.519531 0.898438 0.515625 0.902344 0.515625 0.90625 0.511719 0.910156 0.511719 0.914062 0.507812 0.914062 0.503906 0.917969 0.5 0.917969 0.488281 0.914062 0.484375 0.914062 0.480469 0.910156 0.476562 0.90625 0.476562 0.902344 0.472656 0.898438 0.472656 0.894531 0.46875 0.890625 0.46875 0.886719 0.464844 0.882812 0.464844 0.878906 0.46875 0.875 0.46875 0.871094 0.464844
0 0.00390625 0.769531 0 0.773438 0 0.804688 0.0078125 0.804688 0.015625 0.796875 0.015625 0.792969 0.0195312 0.789062 0.0195312 0.773438 0.015625 0.769531
0 0.878906 0.199219 0.875 0.203125 0.871094 0.203125 0.867188 0.207031 0.867188 0.21875 0.871094 0.21875 0.875 0.222656 0.875 0.226562 0.894531 0.226562 0.898438 0.222656 0.898438 0.203125 0.894531 0.199219
0 0.0117188 0.898438 0 0.910156 0 0.933594 0.0078125 0.941406 0.0195312 0.941406 0.03125 0.929688 0.03125 0.910156 0.0234375 0.902344 0.0195312 0.902344 0.015625 0.898438
0 0.753906 0.515625 0.746094 0.523438 0.746094 0.558594 0.75 0.5625 0.753906 0.5625 0.765625 0.574219 0.769531 0.574219 0.773438 0.570312 0.777344 0.574219 0.789062 0.574219 0.789062 0.558594 0.792969 0.554688 0.792969 0.546875 0.789062 0.542969 0.789062 0.539062 0.785156 0.535156 0.785156 0.53125 0.78125 0.527344 0.78125 0.523438 0.773438 0.515625
0 0.621094 0.847656 0.617188 0.851562 0.617188 0.855469 0.613281 0.859375 0.613281 0.867188 0.609375 0.871094 0.609375 0.875 0.617188 0.882812 0.628906 0.882812 0.632812 0.878906 0.636719 0.878906 0.640625 0.875 0.640625 0.871094 0.644531 0.867188 0.644531 0.851562 0.640625 0.847656
0 0.632812 0.535156 0.617188 0.550781 0.617188 0.574219 0.628906 0.585938 0.640625 0.585938 0.652344 0.574219 0.652344 0.554688 0.644531 0.546875 0.644531 0.539062 0.640625 0.535156
0 0.257812 0.488281 0.25 0.496094 0.25 0.5 0.246094 0.503906 0.246094 0.523438 0.253906 0.53125 0.265625 0.53125 0.273438 0.523438 0.273438 0.515625 0.277344 0.511719 0.277344 0.5 0.265625 0.488281
0 0.210938 0.816406 0.207031 0.820312 0.203125 0.820312 0.199219 0.824219 0.199219 0.84375 0.210938 0.855469 0.21875 0.855469 0.230469 0.84375 0.230469 0.832031 0.226562 0.828125 0.226562 0.824219 0.222656 0.820312 0.21875 0.820312 0.214844 0.816406
0 0.507812 0.742188 0.496094 0.753906 0.496094 0.757812 0.511719 0.773438 0.519531 0.773438 0.523438 0.769531 0.523438 0.765625 0.527344 0.761719 0.527344 0.757812 0.523438 0.753906 0.523438 0.746094 0.519531 0.742188
0 0.25 0.941406 0.246094 0.945312 0.242188 0.945312 0.234375 0.953125 0.234375 0.960938 0.238281 0.964844 0.238281 0.96875 0.242188 0.972656 0.257812 0.972656 0.261719 0.96875 0.265625 0.96875 0.273438 0.960938 0.273438 0.949219 0.265625 0.941406
0 0.292969 0.199219 0.285156 0.207031 0.285156 0.222656 0.289062 0.222656 0.292969 0.226562 0.3125 0.226562 0.320312 0.21875 0.320312 0.210938 0.308594 0.199219
0 0.75 0 0.75 0.0078125 0.753906 0.0117188 0.753906 0.015625 0.757812 0.0195312 0.757812 0.0234375 0.765625 0.03125 0.765625 0.0351562 0.769531 0.0351562 0.773438 0.0390625 0.78125 0.0390625 0.78125 0.0195312 0.777344 0.015625 0.777344 0.0117188 0.773438 0.0078125 0.773438 0.00390625 0.769531 0
0 0.421875 0.00390625 0.421875 0.0195312 0.417969 0.0234375 0.417969 0.0351562 0.421875 0.0390625 0.421875 0.0429688 0.425781 0.046875 0.425781 0.0507812 0.445312 0.0507812 0.449219 0.046875 0.449219 0.0429688 0.445312 0.0390625 0.445312 0.03125 0.441406 0.0273438 0.441406 0.0195312 0.4375 0.015625 0.4375 0.0117188 0.433594 0.0078125 0.433594 0.00390625
0 0.519531 0.0195312 0.515625 0.0234375 0.511719 0.0234375 0.511719 0.0429688 0.515625 0.046875 0.523438 0.046875 0.535156 0.0585938 0.539062 0.0585938 0.546875 0.0507812 0.546875 0.046875 0.550781 0.0429688 0.550781 0.03125 0.546875 0.0273438 0.546875 0.0195312
0 0.402344 0.960938 0.398438 0.964844 0.390625 0.964844 0.382812 0.972656 0.382812 0.980469 0.378906 0.984375 0.378906 0.996094 0.421875 0.996094 0.421875 0.992188 0.425781 0.988281 0.425781 0.976562 0.421875 0.972656 0.421875 0.96875 0.414062 0.960938
0 0.476562 0.882812 0.472656 0.886719 0.46875 0.886719 0.464844 0.890625 0.460938 0.890625 0.449219 0.902344 0.449219 0.910156 0.453125 0.914062 0.457031 0.914062 0.460938 0.917969 0.46875 0.917969 0.472656 0.914062 0.476562 0.914062 0.480469 0.910156 0.484375 0.910156 0.488281 0.90625 0.488281 0.902344 0.492188 0.898438 0.496094 0.898438 0.496094 0.886719 0.488281 0.886719 0.484375 0.882812
0 0.46875 0 0.46875 0.00390625 0.464844 0.0078125 0.464844 0.015625 0.472656 0.0234375 0.472656 0.03125 0.476562 0.0351562 0.480469 0.0351562 0.488281 0.0273438 0.488281 0.00390625 0.484375 0
0 0.921875 0.847656 0.917969 0.851562 0.917969 0.878906 0.921875 0.882812 0.921875 0.886719 0.925781 0.890625 0.941406 0.890625 0.949219 0.882812 0.949219 0.878906 0.953125 0.875 0.953125 0.859375 0.945312 0.851562 0.941406 0.851562 0.9375 0.847656
0 0.980469 0.378906 0.976562 0.382812 0.972656 0.382812 0.964844 0.390625 0.964844 0.417969 0.96875 0.421875 0.972656 0.421875 0.976562 0.425781 0.996094 0.425781 0.996094 0.382812 0.992188 0.378906
0 0.609375 0.277344 0.605469 0.28125 0.605469 0.285156 0.601562 0.289062 0.601562 0.296875 0.609375 0.304688 0.613281 0.304688 0.628906 0.320312 0.628906 0.324219 0.632812 0.328125 0.636719 0.328125 0.640625 0.332031 0.648438 0.332031 0.652344 0.328125 0.660156 0.328125 0.671875 0.316406 0.671875 0.296875 0.664062 0.289062 0.660156 0.289062 0.65625 0.285156 0.644531 0.285156 0.640625 0.28125 0.636719 0.28125 0.632812 0.277344
0 0.5625 0.984375 0.558594 0.988281 0.558594 0.996094 0.585938 0.996094 0.574219 0.984375
0 0.191406 0.652344 0.1875 0.65625 0.183594 0.65625 0.179688 0.660156 0.175781 0.660156 0.164062 0.671875 0.164062 0.675781 0.160156 0.679688 0.160156 0.691406 0.167969 0.699219 0.179688 0.699219 0.203125 0.675781 0.203125 0.660156 0.195312 0.652344
0 0.207031 0 0.207031 0.00390625 0.203125 0.0078125 0.203125 0.0273438 0.210938 0.0351562 0.21875 0.0351562 0.222656 0.03125 0.222656 0.0273438 0.226562 0.0234375 0.226562 0.0195312 0.230469 0.015625 0.230469 0.0078125 0.234375 0.00390625 0.234375 0
0 0.324219 0.324219 0.320312 0.328125 0.320312 0.332031 0.316406 0.335938 0.316406 0.339844 0.308594 0.347656 0.308594 0.367188 0.3125 0.371094 0.316406 0.371094 0.320312 0.375 0.332031 0.375 0.335938 0.371094 0.335938 0.359375 0.339844 0.355469 0.339844 0.351562 0.335938 0.347656 0.335938 0.328125 0.332031 0.324219
0 0.378906 0.488281 0.375 0.492188 0.371094 0.492188 0.367188 0.496094 0.367188 0.5 0.371094 0.503906 0.371094 0.507812 0.378906 0.515625 0.378906 0.519531 0.382812 0.523438 0.382812 0.527344 0.386719 0.53125 0.402344 0.53125 0.40625 0.527344 0.410156 0.527344 0.421875 0.515625 0.425781 0.519531 0.4375 0.519531 0.4375 0.507812 0.433594 0.507812 0.429688 0.503906 0.421875 0.503906 0.417969 0.5 0.414062 0.5 0.410156 0.496094 0.40625 0.496094 0.402344 0.492188 0.398438 0.492188 0.394531 0.488281
0 0.246094 0.6875 0.238281 0.695312 0.238281 0.707031 0.246094 0.714844 0.25 0.714844 0.253906 0.71875 0.257812 0.71875 0.261719 0.722656 0.273438 0.722656 0.277344 0.71875 0.277344 0.707031 0.265625 0.695312 0.261719 0.695312 0.257812 0.691406 0.253906 0.691406 0.25 0.6875
0 0.339844 0.816406 0.332031 0.824219 0.332031 0.832031 0.335938 0.835938 0.335938 0.839844 0.34375 0.847656 0.371094 0.847656 0.378906 0.839844 0.378906 0.828125 0.375 0.824219 0.371094 0.824219 0.363281 0.816406
0 0.605469 0.148438 0.601562 0.152344 0.601562 0.175781 0.605469 0.175781 0.609375 0.179688 0.613281 0.179688 0.617188 0.183594 0.632812 0.183594 0.632812 0.15625 0.628906 0.152344 0.625 0.152344 0.621094 0.148438
0 0.761719 0.203125 0.757812 0.207031 0.757812 0.210938 0.753906 0.214844 0.753906 0.226562 0.761719 0.234375 0.78125 0.234375 0.789062 0.226562 0.789062 0.21875 0.785156 0.214844 0.785156 0.210938 0.777344 0.203125
0 0.953125 0.308594 0.949219 0.3125 0.949219 0.324219 0.960938 0.335938 0.964844 0.335938 0.96875 0.339844 0.972656 0.339844 0.976562 0.34375 0.984375 0.34375 0.988281 0.339844 0.992188 0.339844 0.996094 0.335938 0.996094 0.3125 0.984375 0.3125 0.980469 0.308594
0 0.0390625 0.554688 0.0351562 0.558594 0.03125 0.558594 0.0273438 0.5625 0.0195312 0.5625 0.0195312 0.566406 0.015625 0.570312 0.015625 0.585938 0.0195312 0.589844 0.0195312 0.597656 0.03125 0.597656 0.03125 0.59375 0.0351562 0.589844 0.0507812 0.589844 0.0585938 0.582031 0.0585938 0.5625 0.0546875 0.558594 0.0546875 0.554688
0 0.722656 0.210938 0.71875 0.214844 0.710938 0.214844 0.707031 0.21875 0.703125 0.21875 0.699219 0.222656 0.699219 0.226562 0.695312 0.230469 0.695312 0.238281 0.699219 0.242188 0.726562 0.242188 0.738281 0.230469 0.738281 0.222656 0.726562 0.210938
0 0.441406 0.515625 0.441406 0.519531 0.4375 0.523438 0.429688 0.523438 0.429688 0.542969 0.433594 0.546875 0.441406 0.546875 0.445312 0.550781 0.476562 0.550781 0.480469 0.546875 0.480469 0.539062 0.488281 0.53125 0.496094 0.53125 0.496094 0.519531 0.492188 0.515625
0 0.773438 0.117188 0.769531 0.121094 0.769531 0.136719 0.773438 0.140625 0.773438 0.144531 0.785156 0.15625 0.796875 0.15625 0.796875 0.148438 0.792969 0.144531 0.792969 0.125 0.785156 0.117188
0 0.539062 0.621094 0.535156 0.625 0.535156 0.628906 0.53125 0.632812 0.53125 0.640625 0.539062 0.648438 0.558594 0.648438 0.5625 0.644531 0.5625 0.632812 0.550781 0.621094
0 0.832031 0.332031 0.828125 0.335938 0.828125 0.339844 0.824219 0.34375 0.824219 0.351562 0.828125 0.355469 0.828125 0.359375 0.847656 0.359375 0.855469 0.351562 0.855469 0.335938 0.84375 0.335938 0.839844 0.332031
0 0.550781 0.769531 0.546875 0.773438 0.542969 0.773438 0.539062 0.777344 0.539062 0.789062 0.542969 0.792969 0.546875 0.792969 0.550781 0.796875 0.554688 0.796875 0.558594 0.792969 0.566406 0.792969 0.582031 0.777344 0.582031 0.773438 0.578125 0.769531
0 0.148438 0.519531 0.144531 0.523438 0.144531 0.527344 0.140625 0.53125 0.140625 0.554688 0.171875 0.585938 0.179688 0.585938 0.183594 0.582031 0.183594 0.578125 0.1875 0.574219 0.1875 0.546875 0.183594 0.542969 0.183594 0.53125 0.175781 0.523438 0.171875 0.523438 0.167969 0.519531
0 0.851562 0.703125 0.847656 0.707031 0.84375 0.707031 0.835938 0.714844 0.835938 0.726562 0.847656 0.738281 0.851562 0.738281 0.855469 0.742188 0.867188 0.742188 0.878906 0.730469 0.878906 0.722656 0.875 0.71875 0.875 0.714844 0.871094 0.710938 0.867188 0.710938 0.859375 0.703125
0 0.0273438 0.4375 0.0195312 0.445312 0.0195312 0.460938 0.0234375 0.464844 0.0234375 0.472656 0.0273438 0.476562 0.0273438 0.480469 0.03125 0.484375 0.03125 0.492188 0.0390625 0.5 0.0546875 0.5 0.0585938 0.496094 0.0585938 0.476562 0.0507812 0.46875 0.0507812 0.464844 0.046875 0.460938 0.046875 0.457031 0.0390625 0.449219 0.0390625 0.445312 0.03125 0.4375
0 0.710938 0.375 0.703125 0.382812 0.703125 0.390625 0.699219 0.394531 0.699219 0.398438 0.695312 0.402344 0.695312 0.410156 0.707031 0.421875 0.71875 0.421875 0.722656 0.417969 0.722656 0.414062 0.726562 0.410156 0.726562 0.40625 0.734375 0.398438 0.734375 0.386719 0.722656 0.375
0 0.867188 0.253906 0.863281 0.257812 0.859375 0.257812 0.847656 0.269531 0.847656 0.285156 0.851562 0.289062 0.851562 0.292969 0.855469 0.296875 0.855469 0.304688 0.859375 0.308594 0.871094 0.308594 0.882812 0.296875 0.882812 0.269531 0.878906 0.265625 0.878906 0.261719 0.871094 0.253906
0 0.699219 0.886719 0.695312 0.890625 0.691406 0.890625 0.6875 0.894531 0.6875 0.898438 0.683594 0.902344 0.683594 0.90625 0.6875 0.910156 0.6875 0.914062 0.695312 0.921875 0.703125 0.921875 0.707031 0.917969 0.710938 0.917969 0.714844 0.914062 0.714844 0.910156 0.71875 0.90625 0.71875 0.894531 0.710938 0.886719
0 0.292969 0.078125 0.285156 0.0859375 0.285156 0.0898438 0.28125 0.09375 0.28125 0.0976562 0.277344 0.101562 0.277344 0.105469 0.273438 0.109375 0.273438 0.117188 0.277344 0.121094 0.28125 0.121094 0.285156 0.125 0.292969 0.125 0.300781 0.117188 0.300781 0.113281 0.308594 0.105469 0.308594 0.09375 0.304688 0.0898438 0.304688 0.0820312 0.300781 0.078125
0 0.835938 0.863281 0.828125 0.871094 0.828125 0.886719 0.835938 0.894531 0.847656 0.894531 0.859375 0.882812 0.859375 0.871094 0.851562 0.863281
0 0.710938 0.652344 0.707031 0.65625 0.703125 0.65625 0.699219 0.660156 0.695312 0.660156 0.683594 0.671875 0.683594 0.675781 0.679688 0.679688 0.679688 0.6875 0.6875 0.695312 0.699219 0.695312 0.703125 0.691406 0.710938 0.691406 0.714844 0.6875 0.71875 0.6875 0.730469 0.675781 0.730469 0.664062 0.71875 0.652344
0 0.683594 0.949219 0.671875 0.960938 0.671875 0.972656 0.679688 0.980469 0.6875 0.980469 0.699219 0.96875 0.699219 0.960938 0.695312 0.957031 0.695312 0.953125 0.691406 0.949219
0 0.640625 0.078125 0.636719 0.0820312 0.636719 0.0976562 0.644531 0.105469 0.648438 0.105469 0.652344 0.109375 0.65625 0.109375 0.660156 0.113281 0.675781 0.113281 0.679688 0.109375 0.679688 0.0976562 0.671875 0.0898438 0.667969 0.0898438 0.65625 0.078125
0 0.984375 0.570312 0.972656 0.582031 0.972656 0.585938 0.980469 0.59375 0.984375 0.59375 0.988281 0.597656 0.996094 0.597656 0.996094 0.570312
0 0.960938 0.0195312 0.953125 0.0273438 0.953125 0.0390625 0.964844 0.0507812 0.984375 0.0507812 0.992188 0.0429688 0.992188 0.0351562 0.976562 0.0195312
0 0.425781 0.109375 0.421875 0.113281 0.417969 0.113281 0.414062 0.117188 0.414062 0.121094 0.410156 0.125 0.410156 0.128906 0.414062 0.132812 0.414062 0.136719 0.417969 0.140625 0.417969 0.144531 0.429688 0.15625 0.4375 0.15625 0.441406 0.152344 0.441406 0.144531 0.445312 0.140625 0.445312 0.132812 0.441406 0.128906 0.441406 0.121094 0.429688 0.109375
0 0.632812 0.769531 0.628906 0.773438 0.625 0.773438 0.617188 0.78125 0.617188 0.792969 0.625 0.800781 0.636719 0.800781 0.640625 0.796875 0.644531 0.796875 0.652344 0.789062 0.652344 0.785156 0.65625 0.78125 0.65625 0.777344 0.648438 0.769531
0 0.914062 0.625 0.898438 0.640625 0.898438 0.648438 0.894531 0.652344 0.894531 0.660156 0.902344 0.667969 0.925781 0.667969 0.929688 0.664062 0.929688 0.660156 0.933594 0.65625 0.933594 0.648438 0.9375 0.644531 0.9375 0.632812 0.933594 0.628906 0.929688 0.628906 0.925781 0.625
