0 0.648438 0.417969 0.644531 0.421875 0.640625 0.421875 0.636719 0.425781 0.636719 0.4375 0.648438 0.449219 0.652344 0.449219 0.65625 0.453125 0.664062 0.453125 0.667969 0.457031 0.675781 0.457031 0.679688 0.453125 0.683594 0.453125 0.6875 0.449219 0.683594 0.445312 0.6875 0.441406 0.683594 0.4375 0.683594 0.433594 0.679688 0.429688 0.679688 0.425781 0.675781 0.425781 0.671875 0.421875 0.664062 0.421875 0.660156 0.417969
0 0.753906 0.746094 0.75 0.75 0.742188 0.75 0.738281 0.753906 0.734375 0.753906 0.722656 0.765625 0.722656 0.769531 0.71875 0.773438 0.71875 0.785156 0.722656 0.789062 0.722656 0.792969 0.730469 0.800781 0.734375 0.800781 0.738281 0.804688 0.773438 0.804688 0.78125 0.796875 0.785156 0.796875 0.800781 0.78125 0.800781 0.765625 0.796875 0.761719 0.796875 0.757812 0.789062 0.75 0.78125 0.75 0.777344 0.746094
0 0.132812 0.734375 0.128906 0.738281 0.121094 0.738281 0.117188 0.742188 0.113281 0.742188 0.109375 0.746094 0.105469 0.746094 0.0976562 0.753906 0.0976562 0.757812 0.09375 0.761719 0.09375 0.773438 0.0976562 0.777344 0.0976562 0.78125 0.113281 0.796875 0.128906 0.796875 0.132812 0.792969 0.140625 0.792969 0.144531 0.789062 0.152344 0.789062 0.164062 0.777344 0.164062 0.773438 0.167969 0.769531 0.167969 0.753906 0.164062 0.75 0.164062 0.746094 0.15625 0.738281 0.148438 0.738281 0.144531 0.734375
0 0.476562 0.25 0.472656 0.253906 0.464844 0.253906 0.460938 0.257812 0.457031 0.257812 0.449219 0.265625 0.449219 0.269531 0.445312 0.273438 0.449219 0.277344 0.449219 0.28125 0.464844 0.296875 0.484375 0.296875 0.488281 0.292969 0.488281 0.289062 0.492188 0.285156 0.492188 0.265625 0.488281 0.261719 0.488281 0.257812 0.484375 0.253906 0.480469 0.253906
0 0.386719 0.441406 0.382812 0.445312 0.375 0.445312 0.363281 0.457031 0.363281 0.472656 0.367188 0.476562 0.367188 0.480469 0.371094 0.484375 0.375 0.484375 0.378906 0.488281 0.40625 0.488281 0.417969 0.476562 0.417969 0.46875 0.414062 0.464844 0.414062 0.460938 0.410156 0.457031 0.410156 0.453125 0.402344 0.445312 0.394531 0.445312 0.390625 0.441406
0 0.945312 0.183594 0.941406 0.1875 0.9375 0.1875 0.929688 0.195312 0.929688 0.199219 0.925781 0.203125 0.925781 0.210938 0.929688 0.214844 0.929688 0.21875 0.9375 0.226562 0.941406 0.226562 0.945312 0.230469 0.949219 0.230469 0.953125 0.234375 0.984375 0.234375 0.992188 0.226562 0.992188 0.222656 0.996094 0.21875 0.996094 0.207031 0.992188 0.203125 0.992188 0.199219 0.984375 0.191406 0.980469 0.191406 0.976562 0.1875 0.972656 0.1875 0.96875 0.183594
0 0.230469 0.957031 0.226562 0.960938 0.222656 0.960938 0.214844 0.96875 0.210938 0.96875 0.210938 0.988281 0.21875 0.996094 0.261719 0.996094 0.265625 0.992188 0.265625 0.972656 0.257812 0.964844 0.253906 0.964844 0.25 0.960938 0.246094 0.960938 0.242188 0.957031
0 0.078125 0.234375 0.0742188 0.238281 0.0507812 0.238281 0.046875 0.242188 0.046875 0.253906 0.0390625 0.261719 0.0390625 0.265625 0.0546875 0.28125 0.0625 0.28125 0.0664062 0.285156 0.078125 0.285156 0.0820312 0.28125 0.0898438 0.28125 0.101562 0.269531 0.101562 0.253906 0.0898438 0.242188 0.0859375 0.242188
0 0.210938 0.355469 0.207031 0.359375 0.203125 0.359375 0.195312 0.367188 0.191406 0.367188 0.191406 0.382812 0.203125 0.394531 0.230469 0.394531 0.234375 0.390625 0.238281 0.390625 0.246094 0.382812 0.246094 0.375 0.242188 0.371094 0.242188 0.367188 0.238281 0.363281 0.234375 0.363281 0.230469 0.359375 0.214844 0.359375
0 0.621094 0.3125 0.613281 0.320312 0.613281 0.324219 0.617188 0.328125 0.617188 0.332031 0.621094 0.335938 0.625 0.335938 0.628906 0.339844 0.636719 0.339844 0.640625 0.34375 0.65625 0.34375 0.660156 0.339844 0.660156 0.324219 0.652344 0.316406 0.648438 0.316406 0.644531 0.3125
0 0.429688 0 0.414062 0.015625 0.414062 0.0273438 0.417969 0.03125 0.417969 0.0351562 0.421875 0.0390625 0.425781 0.0390625 0.429688 0.0429688 0.472656 0.0429688 0.476562 0.0390625 0.484375 0.0390625 0.496094 0.0273438 0.496094 0.0078125 0.488281 0
0 0.738281 0.109375 0.734375 0.113281 0.726562 0.113281 0.722656 0.117188 0.71875 0.117188 0.71875 0.121094 0.714844 0.125 0.714844 0.136719 0.71875 0.140625 0.71875 0.144531 0.730469 0.15625 0.742188 0.15625 0.746094 0.152344 0.75 0.152344 0.757812 0.144531 0.757812 0.117188 0.75 0.109375
