0 0.796875 0.417969 0.792969 0.421875 0.785156 0.421875 0.777344 0.429688 0.773438 0.429688 0.765625 0.4375 0.765625 0.441406 0.761719 0.445312 0.761719 0.453125 0.757812 0.457031 0.757812 0.472656 0.761719 0.476562 0.761719 0.484375 0.765625 0.488281 0.765625 0.492188 0.777344 0.503906 0.78125 0.503906 0.785156 0.507812 0.789062 0.507812 0.792969 0.511719 0.800781 0.511719 0.804688 0.515625 0.835938 0.515625 0.839844 0.511719 0.84375 0.511719 0.859375 0.496094 0.859375 0.488281 0.863281 0.484375 0.863281 0.464844 0.867188 0.460938 0.867188 0.4375 0.855469 0.425781 0.851562 0.425781 0.847656 0.421875 0.84375 0.421875 0.839844 0.417969
0 0.046875 0.226562 0.0429688 0.230469 0.0351562 0.230469 0.0195312 0.246094 0.0195312 0.253906 0.015625 0.257812 0.015625 0.273438 0.0195312 0.277344 0.0195312 0.285156 0.03125 0.296875 0.0351562 0.296875 0.0390625 0.300781 0.046875 0.300781 0.0507812 0.304688 0.0703125 0.304688 0.0742188 0.300781 0.078125 0.300781 0.09375 0.285156 0.09375 0.253906 0.0898438 0.25 0.0898438 0.246094 0.0742188 0.230469 0.0664062 0.230469 0.0625 0.226562
0 0.632812 0.605469 0.617188 0.621094 0.613281 0.621094 0.605469 0.628906 0.605469 0.636719 0.609375 0.640625 0.632812 0.640625 0.636719 0.644531 0.644531 0.644531 0.648438 0.648438 0.65625 0.648438 0.660156 0.644531 0.664062 0.644531 0.667969 0.640625 0.667969 0.621094 0.65625 0.609375 0.652344 0.609375 0.648438 0.605469
0 0 0 0 0.0117188 0.00390625 0.0117188 0.0078125 0.015625 0.0273438 0.015625 0.03125 0.0117188 0.03125 0.0078125 0.0351562 0.00390625 0.0351562 0
0 0.308594 0.824219 0.304688 0.828125 0.300781 0.828125 0.28125 0.847656 0.28125 0.855469 0.277344 0.859375 0.277344 0.867188 0.28125 0.871094 0.28125 0.875 0.296875 0.890625 0.3125 0.890625 0.320312 0.882812 0.320312 0.871094 0.324219 0.867188 0.324219 0.863281 0.328125 0.859375 0.328125 0.855469 0.332031 0.851562 0.332031 0.847656 0.335938 0.84375 0.335938 0.835938 0.328125 0.828125 0.320312 0.828125 0.316406 0.824219
0 0.0351562 0.101562 0.03125 0.105469 0.0273438 0.105469 0.0234375 0.109375 0.0195312 0.109375 0.0117188 0.117188 0.0117188 0.121094 0.0078125 0.125 0.0078125 0.128906 0.00390625 0.132812 0.00390625 0.15625 0.0078125 0.160156 0.0078125 0.167969 0.0117188 0.171875 0.0117188 0.175781 0.015625 0.179688 0.015625 0.183594 0.0234375 0.191406 0.0273438 0.191406 0.03125 0.195312 0.0351562 0.195312 0.0390625 0.199219 0.0546875 0.199219 0.0585938 0.195312 0.0664062 0.195312 0.0703125 0.191406 0.0742188 0.191406 0.078125 0.1875 0.0820312 0.1875 0.0859375 0.183594 0.0859375 0.179688 0.09375 0.171875 0.09375 0.148438 0.0898438 0.144531 0.0898438 0.136719 0.0820312 0.128906 0.0820312 0.125 0.0625 0.105469 0.0546875 0.105469 0.0507812 0.101562
0 0.824219 0.910156 0.820312 0.914062 0.808594 0.914062 0.804688 0.917969 0.800781 0.917969 0.78125 0.9375 0.78125 0.941406 0.777344 0.945312 0.777344 0.949219 0.773438 0.953125 0.773438 0.957031 0.769531 0.960938 0.769531 0.972656 0.765625 0.976562 0.765625 0.980469 0.769531 0.984375 0.769531 0.996094 0.890625 0.996094 0.890625 0.992188 0.894531 0.988281 0.894531 0.949219 0.890625 0.945312 0.890625 0.9375 0.886719 0.933594 0.886719 0.925781 0.878906 0.917969 0.875 0.917969 0.871094 0.914062 0.867188 0.914062 0.863281 0.910156
0 0.59375 0.191406 0.589844 0.195312 0.578125 0.195312 0.5625 0.210938 0.5625 0.238281 0.570312 0.246094 0.574219 0.246094 0.589844 0.261719 0.613281 0.261719 0.617188 0.257812 0.621094 0.257812 0.632812 0.246094 0.632812 0.207031 0.617188 0.191406
0 0.242188 0.253906 0.238281 0.257812 0.230469 0.257812 0.222656 0.265625 0.222656 0.269531 0.21875 0.273438 0.21875 0.277344 0.226562 0.285156 0.226562 0.289062 0.230469 0.292969 0.230469 0.296875 0.234375 0.300781 0.234375 0.3125 0.242188 0.320312 0.242188 0.332031 0.28125 0.332031 0.285156 0.328125 0.292969 0.328125 0.300781 0.320312 0.304688 0.320312 0.308594 0.316406 0.308594 0.300781 0.304688 0.296875 0.304688 0.292969 0.300781 0.289062 0.300781 0.273438 0.292969 0.265625 0.285156 0.265625 0.28125 0.261719 0.273438 0.261719 0.269531 0.257812 0.265625 0.257812 0.261719 0.253906
0 0.546875 0.277344 0.542969 0.28125 0.542969 0.285156 0.53125 0.296875 0.53125 0.34375 0.542969 0.355469 0.546875 0.355469 0.558594 0.34375 0.566406 0.34375 0.578125 0.332031 0.582031 0.332031 0.585938 0.328125 0.585938 0.292969 0.570312 0.277344
0 0.445312 0.210938 0.441406 0.214844 0.417969 0.214844 0.414062 0.21875 0.394531 0.21875 0.390625 0.222656 0.390625 0.226562 0.386719 0.230469 0.386719 0.234375 0.382812 0.238281 0.382812 0.269531 0.386719 0.273438 0.386719 0.277344 0.394531 0.285156 0.445312 0.285156 0.453125 0.277344 0.457031 0.277344 0.460938 0.273438 0.464844 0.273438 0.472656 0.265625 0.472656 0.261719 0.476562 0.257812 0.476562 0.253906 0.46875 0.246094 0.46875 0.242188 0.460938 0.234375 0.460938 0.230469 0.457031 0.226562 0.457031 0.21875 0.449219 0.210938
0 0.851562 0.753906 0.847656 0.757812 0.84375 0.757812 0.835938 0.765625 0.832031 0.765625 0.828125 0.769531 0.828125 0.773438 0.820312 0.78125 0.820312 0.789062 0.816406 0.792969 0.816406 0.804688 0.8125 0.808594 0.8125 0.828125 0.816406 0.832031 0.816406 0.839844 0.835938 0.859375 0.839844 0.859375 0.847656 0.867188 0.851562 0.867188 0.855469 0.871094 0.859375 0.871094 0.863281 0.875 0.867188 0.875 0.871094 0.878906 0.878906 0.878906 0.882812 0.882812 0.898438 0.882812 0.902344 0.878906 0.910156 0.878906 0.925781 0.863281 0.925781 0.855469 0.933594 0.847656 0.933594 0.84375 0.9375 0.839844 0.9375 0.832031 0.941406 0.828125 0.941406 0.804688 0.9375 0.800781 0.9375 0.792969 0.933594 0.789062 0.933594 0.785156 0.929688 0.78125 0.929688 0.777344 0.921875 0.769531 0.917969 0.769531 0.914062 0.765625 0.910156 0.765625 0.90625 0.761719 0.902344 0.761719 0.898438 0.757812 0.890625 0.757812 0.886719 0.753906
0 0.589844 0.285156 0.585938 0.289062 0.589844 0.292969 0.589844 0.328125 0.582031 0.335938 0.578125 0.335938 0.570312 0.34375 0.582031 0.355469 0.582031 0.371094 0.585938 0.375 0.621094 0.375 0.625 0.371094 0.636719 0.371094 0.640625 0.367188 0.644531 0.367188 0.660156 0.351562 0.660156 0.347656 0.664062 0.34375 0.664062 0.308594 0.65625 0.300781 0.65625 0.296875 0.652344 0.292969 0.648438 0.292969 0.640625 0.285156
0 0.277344 0.195312 0.273438 0.199219 0.269531 0.199219 0.257812 0.210938 0.257812 0.222656 0.261719 0.226562 0.261719 0.25 0.265625 0.253906 0.269531 0.253906 0.273438 0.257812 0.28125 0.257812 0.285156 0.261719 0.292969 0.261719 0.296875 0.265625 0.304688 0.265625 0.308594 0.269531 0.316406 0.269531 0.320312 0.273438 0.324219 0.273438 0.328125 0.269531 0.332031 0.269531 0.339844 0.261719 0.339844 0.257812 0.34375 0.253906 0.34375 0.222656 0.335938 0.214844 0.335938 0.210938 0.320312 0.195312
0 0.984375 0.199219 0.980469 0.203125 0.972656 0.203125 0.953125 0.222656 0.953125 0.226562 0.949219 0.230469 0.949219 0.238281 0.945312 0.242188 0.945312 0.25 0.949219 0.253906 0.949219 0.265625 0.96875 0.285156 0.972656 0.285156 0.976562 0.289062 0.980469 0.289062 0.984375 0.292969 0.996094 0.292969 0.996094 0.199219
0 0.65625 0.457031 0.632812 0.480469 0.632812 0.515625 0.636719 0.519531 0.636719 0.523438 0.640625 0.527344 0.640625 0.53125 0.644531 0.535156 0.65625 0.535156 0.660156 0.539062 0.675781 0.539062 0.679688 0.535156 0.683594 0.535156 0.6875 0.53125 0.6875 0.527344 0.695312 0.519531 0.695312 0.472656 0.6875 0.464844 0.6875 0.460938 0.683594 0.457031
0 0.40625 0.109375 0.398438 0.117188 0.367188 0.117188 0.359375 0.125 0.34375 0.125 0.339844 0.128906 0.339844 0.152344 0.332031 0.160156 0.332031 0.167969 0.363281 0.199219 0.367188 0.199219 0.371094 0.195312 0.386719 0.195312 0.390625 0.191406 0.417969 0.191406 0.421875 0.1875 0.425781 0.1875 0.429688 0.183594 0.429688 0.179688 0.425781 0.175781 0.425781 0.171875 0.433594 0.164062 0.433594 0.148438 0.429688 0.144531 0.429688 0.136719 0.417969 0.125 0.417969 0.117188 0.410156 0.109375
0 0.992188 0.753906 0.988281 0.757812 0.984375 0.757812 0.980469 0.761719 0.976562 0.761719 0.964844 0.773438 0.964844 0.777344 0.960938 0.78125 0.960938 0.789062 0.964844 0.792969 0.964844 0.796875 0.96875 0.800781 0.972656 0.800781 0.980469 0.808594 0.980469 0.8125 0.992188 0.824219 0.996094 0.824219 0.996094 0.753906
0 0.34375 0.0234375 0.339844 0.0273438 0.335938 0.0273438 0.332031 0.03125 0.328125 0.03125 0.320312 0.0390625 0.320312 0.0429688 0.316406 0.046875 0.316406 0.0507812 0.3125 0.0546875 0.3125 0.0742188 0.316406 0.078125 0.316406 0.0859375 0.320312 0.0898438 0.320312 0.09375 0.328125 0.101562 0.332031 0.101562 0.335938 0.0976562 0.339844 0.0976562 0.34375 0.09375 0.347656 0.09375 0.351562 0.0976562 0.355469 0.0976562 0.359375 0.09375 0.367188 0.09375 0.371094 0.0898438 0.378906 0.0898438 0.382812 0.0859375 0.382812 0.0820312 0.386719 0.078125 0.386719 0.0742188 0.390625 0.0703125 0.390625 0.0546875 0.386719 0.0507812 0.386719 0.046875 0.382812 0.0429688 0.382812 0.0390625 0.375 0.03125 0.371094 0.03125 0.367188 0.0273438 0.359375 0.0273438 0.355469 0.0234375
0 0.964844 0.832031 0.960938 0.835938 0.960938 0.851562 0.957031 0.855469 0.957031 0.859375 0.945312 0.871094 0.945312 0.890625 0.949219 0.894531 0.996094 0.894531 0.996094 0.835938 0.988281 0.835938 0.984375 0.832031
0 0.4375 0.433594 0.433594 0.4375 0.429688 0.4375 0.417969 0.449219 0.417969 0.453125 0.414062 0.457031 0.414062 0.460938 0.410156 0.464844 0.410156 0.46875 0.40625 0.472656 0.40625 0.476562 0.402344 0.480469 0.402344 0.511719 0.414062 0.523438 0.417969 0.523438 0.421875 0.527344 0.429688 0.527344 0.433594 0.53125 0.457031 0.53125 0.460938 0.527344 0.46875 0.527344 0.472656 0.523438 0.476562 0.523438 0.492188 0.507812 0.492188 0.503906 0.496094 0.5 0.496094 0.496094 0.5 0.492188 0.5 0.480469 0.503906 0.476562 0.503906 0.472656 0.5 0.46875 0.5 0.457031 0.480469 0.4375 0.476562 0.4375 0.472656 0.433594
0 0.179688 0.386719 0.175781 0.390625 0.167969 0.390625 0.152344 0.40625 0.152344 0.410156 0.148438 0.414062 0.148438 0.429688 0.152344 0.433594 0.152344 0.4375 0.164062 0.449219 0.167969 0.449219 0.171875 0.453125 0.199219 0.453125 0.214844 0.4375 0.214844 0.429688 0.21875 0.425781 0.21875 0.414062 0.214844 0.410156 0.214844 0.402344 0.203125 0.390625 0.195312 0.390625 0.191406 0.386719
0 0.292969 0.410156 0.289062 0.414062 0.285156 0.414062 0.277344 0.421875 0.277344 0.429688 0.273438 0.433594 0.273438 0.441406 0.277344 0.445312 0.277344 0.453125 0.28125 0.457031 0.28125 0.460938 0.289062 0.46875 0.292969 0.46875 0.296875 0.472656 0.300781 0.472656 0.304688 0.476562 0.3125 0.476562 0.316406 0.480469 0.324219 0.480469 0.328125 0.476562 0.335938 0.476562 0.339844 0.472656 0.34375 0.472656 0.351562 0.464844 0.351562 0.460938 0.355469 0.457031 0.355469 0.4375 0.351562 0.433594 0.351562 0.429688 0.339844 0.417969 0.335938 0.417969 0.332031 0.414062 0.328125 0.414062 0.324219 0.410156
0 0.484375 0.285156 0.480469 0.289062 0.46875 0.289062 0.464844 0.292969 0.460938 0.292969 0.457031 0.296875 0.453125 0.296875 0.449219 0.300781 0.449219 0.308594 0.441406 0.316406 0.441406 0.332031 0.445312 0.335938 0.445312 0.339844 0.449219 0.34375 0.449219 0.351562 0.46875 0.371094 0.488281 0.371094 0.492188 0.367188 0.496094 0.367188 0.507812 0.355469 0.507812 0.296875 0.496094 0.285156
0 0.613281 0.644531 0.605469 0.652344 0.605469 0.664062 0.617188 0.675781 0.636719 0.675781 0.648438 0.664062 0.648438 0.652344 0.644531 0.648438 0.636719 0.648438 0.632812 0.644531
0 0.589844 0 0.589844 0.00390625 0.582031 0.0117188 0.582031 0.015625 0.578125 0.0195312 0.578125 0.0273438 0.574219 0.03125 0.574219 0.0390625 0.578125 0.0429688 0.578125 0.0507812 0.601562 0.0742188 0.605469 0.0742188 0.609375 0.078125 0.621094 0.078125 0.625 0.0820312 0.640625 0.0820312 0.644531 0.078125 0.652344 0.078125 0.65625 0.0742188 0.660156 0.0742188 0.664062 0.0703125 0.667969 0.0703125 0.675781 0.0625 0.675781 0.0585938 0.679688 0.0546875 0.679688 0.0507812 0.683594 0.046875 0.683594 0.0390625 0.6875 0.0351562 0.6875 0.0234375 0.683594 0.0195312 0.683594 0.015625 0.679688 0.0117188 0.679688 0.0078125 0.671875 0
0 0.496094 0.0429688 0.488281 0.0507812 0.484375 0.0507812 0.484375 0.0546875 0.480469 0.0585938 0.480469 0.0625 0.46875 0.0742188 0.46875 0.0820312 0.464844 0.0859375 0.464844 0.0976562 0.46875 0.101562 0.46875 0.105469 0.472656 0.109375 0.476562 0.109375 0.484375 0.117188 0.515625 0.117188 0.519531 0.113281 0.523438 0.113281 0.53125 0.105469 0.535156 0.105469 0.539062 0.101562 0.539062 0.0585938 0.53125 0.0507812 0.527344 0.0507812 0.523438 0.046875 0.515625 0.046875 0.511719 0.0429688
0 0.488281 0.183594 0.484375 0.1875 0.476562 0.1875 0.472656 0.191406 0.472656 0.210938 0.46875 0.214844 0.46875 0.230469 0.484375 0.246094 0.488281 0.246094 0.496094 0.253906 0.53125 0.253906 0.535156 0.25 0.535156 0.246094 0.539062 0.242188 0.539062 0.234375 0.542969 0.230469 0.542969 0.222656 0.539062 0.21875 0.539062 0.214844 0.535156 0.210938 0.535156 0.207031 0.519531 0.191406 0.515625 0.191406 0.511719 0.1875 0.503906 0.1875 0.5 0.183594
0 0.445312 0.0195312 0.441406 0.0234375 0.4375 0.0234375 0.429688 0.03125 0.429688 0.0351562 0.425781 0.0390625 0.425781 0.0585938 0.433594 0.0664062 0.433594 0.0703125 0.4375 0.0742188 0.445312 0.0742188 0.449219 0.078125 0.460938 0.078125 0.476562 0.0625 0.476562 0.0585938 0.480469 0.0546875 0.480469 0.0273438 0.476562 0.0234375 0.472656 0.0234375 0.46875 0.0195312
0 0.871094 0.589844 0.867188 0.59375 0.863281 0.59375 0.847656 0.609375 0.847656 0.613281 0.84375 0.617188 0.84375 0.628906 0.839844 0.632812 0.839844 0.636719 0.84375 0.640625 0.84375 0.652344 0.847656 0.65625 0.847656 0.660156 0.863281 0.675781 0.867188 0.675781 0.871094 0.679688 0.878906 0.679688 0.882812 0.683594 0.894531 0.683594 0.898438 0.679688 0.90625 0.679688 0.910156 0.675781 0.910156 0.671875 0.917969 0.664062 0.921875 0.664062 0.929688 0.65625 0.929688 0.652344 0.933594 0.648438 0.933594 0.613281 0.929688 0.609375 0.929688 0.605469 0.917969 0.59375 0.914062 0.59375 0.910156 0.589844
0 0.238281 0.0820312 0.234375 0.0859375 0.222656 0.0859375 0.21875 0.0898438 0.171875 0.0898438 0.167969 0.09375 0.167969 0.0976562 0.164062 0.101562 0.164062 0.121094 0.167969 0.125 0.183594 0.125 0.191406 0.132812 0.195312 0.132812 0.199219 0.136719 0.203125 0.136719 0.207031 0.140625 0.210938 0.140625 0.214844 0.144531 0.230469 0.144531 0.234375 0.140625 0.238281 0.140625 0.246094 0.132812 0.246094 0.125 0.25 0.121094 0.25 0.109375 0.253906 0.105469 0.253906 0.0976562 0.257812 0.09375 0.257812 0.0859375 0.253906 0.0820312
0 0.574219 0.460938 0.570312 0.464844 0.5625 0.464844 0.550781 0.476562 0.550781 0.496094 0.558594 0.503906 0.566406 0.503906 0.570312 0.507812 0.574219 0.507812 0.574219 0.503906 0.582031 0.496094 0.589844 0.496094 0.59375 0.492188 0.597656 0.492188 0.601562 0.488281 0.601562 0.472656 0.59375 0.464844 0.582031 0.464844 0.578125 0.460938
0 0.605469 0.488281 0.597656 0.496094 0.59375 0.496094 0.589844 0.5 0.582031 0.5 0.578125 0.503906 0.578125 0.535156 0.59375 0.550781 0.625 0.550781 0.632812 0.542969 0.636719 0.542969 0.640625 0.539062 0.640625 0.535156 0.636719 0.53125 0.636719 0.527344 0.632812 0.523438 0.632812 0.519531 0.628906 0.515625 0.628906 0.492188 0.617188 0.492188 0.613281 0.488281
0 0.527344 0.78125 0.523438 0.785156 0.519531 0.785156 0.503906 0.800781 0.503906 0.804688 0.5 0.808594 0.5 0.816406 0.496094 0.820312 0.496094 0.824219 0.5 0.828125 0.5 0.839844 0.507812 0.847656 0.507812 0.851562 0.511719 0.855469 0.515625 0.855469 0.523438 0.863281 0.53125 0.863281 0.535156 0.867188 0.554688 0.867188 0.558594 0.863281 0.566406 0.863281 0.585938 0.84375 0.585938 0.839844 0.589844 0.835938 0.589844 0.804688 0.582031 0.796875 0.582031 0.792969 0.578125 0.789062 0.574219 0.789062 0.570312 0.785156 0.566406 0.785156 0.5625 0.78125
0 0.753906 0.824219 0.75 0.828125 0.738281 0.828125 0.734375 0.832031 0.730469 0.832031 0.726562 0.835938 0.722656 0.835938 0.714844 0.84375 0.714844 0.847656 0.710938 0.851562 0.710938 0.855469 0.707031 0.859375 0.707031 0.882812 0.710938 0.886719 0.710938 0.890625 0.714844 0.894531 0.714844 0.898438 0.71875 0.902344 0.71875 0.90625 0.726562 0.914062 0.730469 0.914062 0.734375 0.917969 0.738281 0.917969 0.742188 0.921875 0.773438 0.921875 0.777344 0.917969 0.785156 0.917969 0.800781 0.902344 0.800781 0.898438 0.804688 0.894531 0.804688 0.890625 0.808594 0.886719 0.808594 0.851562 0.796875 0.839844 0.792969 0.839844 0.789062 0.835938 0.785156 0.835938 0.78125 0.832031 0.777344 0.832031 0.773438 0.828125 0.761719 0.828125 0.757812 0.824219
0 0.925781 0.421875 0.921875 0.425781 0.914062 0.425781 0.910156 0.429688 0.898438 0.429688 0.894531 0.433594 0.894531 0.445312 0.890625 0.449219 0.890625 0.46875 0.886719 0.472656 0.886719 0.488281 0.890625 0.492188 0.894531 0.492188 0.910156 0.507812 0.914062 0.507812 0.921875 0.515625 0.925781 0.515625 0.929688 0.519531 0.96875 0.519531 0.984375 0.503906 0.984375 0.496094 0.988281 0.492188 0.988281 0.460938 0.972656 0.445312 0.972656 0.441406 0.96875 0.4375 0.96875 0.433594 0.957031 0.421875
0 0.347656 0.933594 0.34375 0.9375 0.339844 0.9375 0.332031 0.945312 0.332031 0.957031 0.335938 0.960938 0.335938 0.96875 0.351562 0.984375 0.351562 0.992188 0.355469 0.996094 0.417969 0.996094 0.417969 0.992188 0.421875 0.988281 0.421875 0.960938 0.417969 0.957031 0.417969 0.953125 0.40625 0.941406 0.398438 0.941406 0.394531 0.9375 0.375 0.9375 0.371094 0.933594
0 0.480469 0.925781 0.476562 0.929688 0.46875 0.929688 0.460938 0.9375 0.460938 0.941406 0.457031 0.945312 0.457031 0.957031 0.460938 0.960938 0.460938 0.964844 0.476562 0.980469 0.503906 0.980469 0.519531 0.964844 0.519531 0.941406 0.507812 0.929688 0.503906 0.929688 0.5 0.925781
0 0.34375 0.300781 0.339844 0.304688 0.332031 0.304688 0.324219 0.3125 0.320312 0.3125 0.316406 0.316406 0.316406 0.355469 0.320312 0.359375 0.320312 0.363281 0.332031 0.375 0.335938 0.375 0.339844 0.378906 0.359375 0.378906 0.363281 0.375 0.367188 0.375 0.386719 0.355469 0.386719 0.351562 0.390625 0.347656 0.390625 0.34375 0.394531 0.339844 0.394531 0.328125 0.390625 0.324219 0.390625 0.320312 0.375 0.304688 0.367188 0.304688 0.363281 0.300781
0 0.945312 0.898438 0.933594 0.910156 0.929688 0.910156 0.921875 0.917969 0.921875 0.953125 0.941406 0.972656 0.949219 0.972656 0.953125 0.976562 0.976562 0.976562 0.980469 0.972656 0.992188 0.972656 0.996094 0.96875 0.996094 0.921875 0.988281 0.914062 0.984375 0.914062 0.980469 0.910156 0.964844 0.910156 0.960938 0.90625 0.957031 0.90625 0.949219 0.898438
0 0.183594 0.929688 0.179688 0.933594 0.175781 0.933594 0.164062 0.945312 0.164062 0.949219 0.160156 0.953125 0.160156 0.984375 0.164062 0.988281 0.164062 0.992188 0.167969 0.996094 0.253906 0.996094 0.253906 0.976562 0.25 0.972656 0.25 0.964844 0.242188 0.957031 0.242188 0.953125 0.230469 0.941406 0.226562 0.941406 0.21875 0.933594 0.214844 0.933594 0.210938 0.929688
0 0.265625 0.0976562 0.253906 0.109375 0.253906 0.121094 0.25 0.125 0.25 0.132812 0.242188 0.140625 0.242188 0.15625 0.246094 0.160156 0.246094 0.164062 0.253906 0.171875 0.257812 0.171875 0.261719 0.167969 0.292969 0.167969 0.300781 0.160156 0.304688 0.160156 0.308594 0.15625 0.308594 0.109375 0.300781 0.101562 0.296875 0.101562 0.292969 0.0976562
0 0.351562 0.847656 0.347656 0.851562 0.347656 0.855469 0.339844 0.863281 0.339844 0.867188 0.332031 0.875 0.332031 0.878906 0.328125 0.882812 0.328125 0.898438 0.335938 0.90625 0.339844 0.90625 0.34375 0.910156 0.351562 0.910156 0.355469 0.914062 0.375 0.914062 0.382812 0.90625 0.382812 0.902344 0.386719 0.898438 0.386719 0.894531 0.390625 0.890625 0.390625 0.867188 0.386719 0.863281 0.386719 0.859375 0.375 0.847656
0 0.0507812 0.898438 0.046875 0.902344 0.0429688 0.902344 0.0390625 0.90625 0.0351562 0.90625 0.0273438 0.914062 0.0273438 0.929688 0.0234375 0.933594 0.0234375 0.953125 0.0273438 0.957031 0.0273438 0.972656 0.046875 0.992188 0.078125 0.992188 0.0820312 0.988281 0.0859375 0.988281 0.0976562 0.976562 0.0976562 0.972656 0.101562 0.96875 0.101562 0.933594 0.0976562 0.929688 0.0976562 0.925781 0.09375 0.921875 0.09375 0.917969 0.0820312 0.90625 0.078125 0.90625 0.0742188 0.902344 0.0703125 0.902344 0.0664062 0.898438
0 0.414062 0.773438 0.410156 0.777344 0.40625 0.777344 0.394531 0.789062 0.394531 0.792969 0.390625 0.796875 0.390625 0.820312 0.398438 0.828125 0.402344 0.828125 0.40625 0.832031 0.410156 0.832031 0.414062 0.835938 0.4375 0.835938 0.441406 0.832031 0.445312 0.832031 0.449219 0.828125 0.453125 0.828125 0.464844 0.816406 0.464844 0.796875 0.460938 0.792969 0.460938 0.789062 0.449219 0.777344 0.445312 0.777344 0.441406 0.773438
0 0.203125 0 0.203125 0.00390625 0.195312 0.0117188 0.191406 0.0117188 0.1875 0.015625 0.1875 0.0195312 0.183594 0.0234375 0.183594 0.0273438 0.179688 0.03125 0.179688 0.0351562 0.171875 0.0429688 0.171875 0.0585938 0.175781 0.0625 0.175781 0.0703125 0.183594 0.078125 0.183594 0.0820312 0.1875 0.0859375 0.21875 0.0859375 0.222656 0.0820312 0.234375 0.0820312 0.238281 0.078125 0.246094 0.078125 0.246094 0.0742188 0.253906 0.0664062 0.253906 0.0625 0.257812 0.0585938 0.257812 0.0546875 0.261719 0.0507812 0.261719 0.046875 0.265625 0.0429688 0.265625 0.0390625 0.269531 0.0351562 0.269531 0.015625 0.265625 0.0117188 0.265625 0.0078125 0.261719 0.00390625 0.261719 0
0 0.160156 0.128906 0.152344 0.136719 0.152344 0.140625 0.148438 0.144531 0.148438 0.148438 0.144531 0.152344 0.144531 0.15625 0.140625 0.160156 0.140625 0.175781 0.144531 0.179688 0.144531 0.183594 0.148438 0.1875 0.148438 0.191406 0.160156 0.203125 0.164062 0.203125 0.167969 0.207031 0.195312 0.207031 0.199219 0.203125 0.207031 0.203125 0.21875 0.191406 0.21875 0.167969 0.214844 0.164062 0.214844 0.148438 0.210938 0.144531 0.207031 0.144531 0.203125 0.140625 0.199219 0.140625 0.195312 0.136719 0.191406 0.136719 0.183594 0.128906
0 0.183594 0.277344 0.167969 0.292969 0.167969 0.296875 0.164062 0.300781 0.164062 0.304688 0.160156 0.308594 0.160156 0.328125 0.164062 0.332031 0.164062 0.335938 0.175781 0.347656 0.179688 0.347656 0.183594 0.351562 0.1875 0.351562 0.191406 0.355469 0.207031 0.355469 0.210938 0.351562 0.214844 0.351562 0.21875 0.347656 0.222656 0.347656 0.226562 0.34375 0.230469 0.34375 0.238281 0.335938 0.238281 0.320312 0.230469 0.3125 0.230469 0.300781 0.226562 0.296875 0.226562 0.292969 0.222656 0.289062 0.222656 0.285156 0.214844 0.277344 0.210938 0.28125 0.191406 0.28125 0.1875 0.277344
0 0.953125 0.667969 0.921875 0.699219 0.921875 0.726562 0.925781 0.730469 0.925781 0.734375 0.9375 0.746094 0.953125 0.746094 0.957031 0.742188 0.960938 0.742188 0.964844 0.738281 0.972656 0.738281 0.980469 0.730469 0.984375 0.730469 0.988281 0.726562 0.988281 0.71875 0.996094 0.710938 0.996094 0.6875 0.980469 0.671875 0.972656 0.671875 0.96875 0.667969
