0 0.078125 0.0273438 0.0742188 0.03125 0.0703125 0.03125 0.0664062 0.0351562 0.0664062 0.0429688 0.0546875 0.0546875 0.0546875 0.0585938 0.0507812 0.0625 0.0507812 0.0664062 0.046875 0.0703125 0.046875 0.0859375 0.0507812 0.0898438 0.0546875 0.0898438 0.0625 0.0976562 0.0664062 0.0976562 0.0703125 0.101562 0.105469 0.101562 0.109375 0.0976562 0.113281 0.0976562 0.121094 0.0898438 0.121094 0.0742188 0.125 0.0703125 0.125 0.0546875 0.121094 0.0507812 0.117188 0.0507812 0.105469 0.0390625 0.101562 0.0390625 0.0898438 0.0273438
0 0.90625 0 0.898438 0.0078125 0.898438 0.015625 0.902344 0.0195312 0.910156 0.0195312 0.925781 0.00390625 0.929688 0.00390625 0.941406 0.015625 0.960938 0.015625 0.964844 0.0117188 0.96875 0.0117188 0.972656 0.0078125 0.980469 0.0078125 0.984375 0.00390625 0.992188 0.00390625 0.996094 0
0 0.628906 0.804688 0.613281 0.820312 0.613281 0.832031 0.609375 0.835938 0.609375 0.839844 0.605469 0.84375 0.605469 0.855469 0.609375 0.859375 0.609375 0.867188 0.613281 0.871094 0.613281 0.875 0.628906 0.890625 0.652344 0.890625 0.65625 0.894531 0.671875 0.894531 0.675781 0.890625 0.679688 0.890625 0.695312 0.875 0.695312 0.871094 0.699219 0.867188 0.699219 0.835938 0.691406 0.828125 0.691406 0.824219 0.6875 0.820312 0.683594 0.820312 0.667969 0.804688
0 0.601562 0.894531 0.597656 0.898438 0.597656 0.902344 0.582031 0.917969 0.582031 0.921875 0.578125 0.925781 0.578125 0.949219 0.582031 0.953125 0.582031 0.957031 0.601562 0.976562 0.605469 0.976562 0.613281 0.984375 0.636719 0.984375 0.640625 0.980469 0.644531 0.980469 0.648438 0.976562 0.648438 0.949219 0.644531 0.945312 0.644531 0.9375 0.636719 0.929688 0.636719 0.914062 0.617188 0.894531
0 0.980469 0.125 0.976562 0.128906 0.976562 0.132812 0.964844 0.144531 0.964844 0.15625 0.96875 0.160156 0.96875 0.183594 0.984375 0.199219 0.992188 0.199219 0.996094 0.195312 0.996094 0.125
0 0.324219 0.164062 0.316406 0.171875 0.316406 0.179688 0.3125 0.183594 0.3125 0.207031 0.316406 0.210938 0.316406 0.214844 0.320312 0.21875 0.347656 0.21875 0.363281 0.203125 0.363281 0.179688 0.351562 0.167969 0.347656 0.167969 0.34375 0.164062
0 0.472656 0.632812 0.46875 0.636719 0.46875 0.640625 0.457031 0.652344 0.457031 0.660156 0.453125 0.664062 0.453125 0.691406 0.472656 0.710938 0.484375 0.710938 0.488281 0.714844 0.492188 0.714844 0.496094 0.71875 0.515625 0.71875 0.519531 0.714844 0.523438 0.714844 0.539062 0.699219 0.539062 0.695312 0.542969 0.691406 0.542969 0.667969 0.539062 0.664062 0.539062 0.648438 0.535156 0.644531 0.53125 0.644531 0.527344 0.640625 0.519531 0.640625 0.511719 0.632812
0 0.21875 0.09375 0.214844 0.0976562 0.207031 0.0976562 0.203125 0.101562 0.1875 0.101562 0.183594 0.105469 0.183594 0.117188 0.171875 0.128906 0.167969 0.128906 0.160156 0.136719 0.160156 0.144531 0.15625 0.148438 0.15625 0.164062 0.164062 0.171875 0.164062 0.175781 0.179688 0.191406 0.191406 0.191406 0.195312 0.195312 0.21875 0.195312 0.222656 0.191406 0.226562 0.191406 0.230469 0.1875 0.234375 0.1875 0.246094 0.175781 0.246094 0.171875 0.257812 0.160156 0.257812 0.15625 0.261719 0.152344 0.261719 0.136719 0.257812 0.132812 0.257812 0.128906 0.253906 0.125 0.253906 0.121094 0.25 0.117188 0.238281 0.117188 0.230469 0.109375 0.230469 0.0976562 0.226562 0.09375
0 0.199219 0 0.199219 0.0078125 0.203125 0.0117188 0.203125 0.0195312 0.210938 0.0273438 0.21875 0.0273438 0.222656 0.03125 0.230469 0.03125 0.234375 0.0351562 0.261719 0.0351562 0.265625 0.03125 0.269531 0.03125 0.273438 0.0273438 0.277344 0.0273438 0.28125 0.0234375 0.285156 0.0234375 0.289062 0.0195312 0.289062 0.015625 0.292969 0.0117188 0.292969 0
0 0.457031 0.121094 0.453125 0.125 0.449219 0.125 0.441406 0.132812 0.441406 0.152344 0.449219 0.160156 0.453125 0.160156 0.457031 0.164062 0.464844 0.164062 0.472656 0.171875 0.484375 0.171875 0.488281 0.167969 0.492188 0.167969 0.5 0.160156 0.5 0.136719 0.488281 0.125 0.472656 0.125 0.46875 0.121094
0 0.144531 0.9375 0.140625 0.941406 0.140625 0.949219 0.132812 0.957031 0.132812 0.972656 0.144531 0.984375 0.148438 0.984375 0.152344 0.988281 0.171875 0.988281 0.175781 0.992188 0.195312 0.992188 0.199219 0.988281 0.199219 0.984375 0.203125 0.980469 0.203125 0.96875 0.199219 0.964844 0.199219 0.957031 0.179688 0.9375
0 0.160156 0.605469 0.144531 0.621094 0.144531 0.664062 0.160156 0.679688 0.164062 0.679688 0.167969 0.683594 0.1875 0.683594 0.191406 0.679688 0.195312 0.679688 0.207031 0.667969 0.207031 0.628906 0.199219 0.621094 0.195312 0.621094 0.1875 0.613281 0.179688 0.613281 0.171875 0.605469
0 0.148438 0.820312 0.144531 0.824219 0.136719 0.824219 0.128906 0.832031 0.125 0.832031 0.121094 0.835938 0.121094 0.875 0.128906 0.882812 0.128906 0.890625 0.132812 0.894531 0.148438 0.894531 0.152344 0.898438 0.171875 0.898438 0.175781 0.894531 0.179688 0.894531 0.183594 0.890625 0.183594 0.886719 0.1875 0.882812 0.1875 0.878906 0.191406 0.875 0.191406 0.867188 0.195312 0.863281 0.195312 0.847656 0.191406 0.84375 0.191406 0.839844 0.183594 0.832031 0.179688 0.832031 0.171875 0.824219 0.167969 0.824219 0.164062 0.820312
0 0.234375 0.792969 0.230469 0.796875 0.21875 0.796875 0.214844 0.800781 0.210938 0.800781 0.207031 0.804688 0.207031 0.808594 0.203125 0.8125 0.203125 0.824219 0.207031 0.828125 0.207031 0.839844 0.210938 0.84375 0.210938 0.847656 0.207031 0.851562 0.207031 0.859375 0.203125 0.863281 0.203125 0.878906 0.207031 0.882812 0.207031 0.886719 0.210938 0.890625 0.222656 0.890625 0.226562 0.886719 0.234375 0.886719 0.242188 0.878906 0.246094 0.878906 0.261719 0.863281 0.273438 0.863281 0.277344 0.859375 0.28125 0.859375 0.292969 0.847656 0.292969 0.839844 0.28125 0.828125 0.28125 0.820312 0.269531 0.808594 0.269531 0.804688 0.261719 0.796875 0.257812 0.796875 0.253906 0.792969
0 0.519531 0 0.535156 0.015625 0.539062 0.015625 0.542969 0.0195312 0.570312 0.0195312 0.578125 0.0117188 0.578125 0.0078125 0.582031 0.00390625 0.582031 0
0 0.0546875 0.855469 0.0507812 0.859375 0.046875 0.859375 0.0429688 0.863281 0.0390625 0.863281 0.03125 0.871094 0.03125 0.886719 0.0351562 0.890625 0.0351562 0.90625 0.0390625 0.910156 0.0429688 0.910156 0.0507812 0.917969 0.0742188 0.917969 0.0898438 0.902344 0.0898438 0.878906 0.0859375 0.875 0.0859375 0.867188 0.0742188 0.855469
0 0.800781 0.0273438 0.792969 0.0351562 0.792969 0.0390625 0.789062 0.0429688 0.789062 0.0585938 0.792969 0.0625 0.796875 0.0625 0.800781 0.0664062 0.804688 0.0664062 0.808594 0.0703125 0.824219 0.0703125 0.832031 0.0625 0.839844 0.0625 0.84375 0.0585938 0.84375 0.0507812 0.839844 0.046875 0.839844 0.0390625 0.828125 0.0273438
0 0.285156 0.859375 0.28125 0.863281 0.277344 0.863281 0.273438 0.867188 0.261719 0.867188 0.246094 0.882812 0.242188 0.882812 0.234375 0.890625 0.226562 0.890625 0.222656 0.894531 0.226562 0.898438 0.226562 0.902344 0.238281 0.914062 0.246094 0.914062 0.25 0.917969 0.269531 0.917969 0.273438 0.921875 0.285156 0.921875 0.296875 0.910156 0.296875 0.90625 0.300781 0.902344 0.300781 0.871094 0.289062 0.859375
0 0.785156 0.078125 0.78125 0.0820312 0.78125 0.0898438 0.785156 0.09375 0.792969 0.09375 0.796875 0.0898438 0.796875 0.0820312 0.792969 0.078125
0 0.597656 0.125 0.589844 0.132812 0.582031 0.132812 0.5625 0.152344 0.5625 0.15625 0.558594 0.160156 0.558594 0.167969 0.554688 0.171875 0.554688 0.179688 0.558594 0.183594 0.5625 0.183594 0.566406 0.1875 0.578125 0.1875 0.582031 0.191406 0.59375 0.191406 0.597656 0.1875 0.617188 0.1875 0.625 0.179688 0.628906 0.179688 0.636719 0.171875 0.636719 0.148438 0.628906 0.140625 0.628906 0.136719 0.625 0.132812 0.617188 0.132812 0.609375 0.125
0 0.757812 0.875 0.753906 0.878906 0.746094 0.878906 0.742188 0.882812 0.742188 0.890625 0.734375 0.898438 0.730469 0.898438 0.726562 0.902344 0.726562 0.921875 0.730469 0.925781 0.730469 0.929688 0.734375 0.933594 0.734375 0.941406 0.742188 0.949219 0.746094 0.949219 0.75 0.953125 0.753906 0.953125 0.757812 0.957031 0.777344 0.957031 0.785156 0.949219 0.789062 0.949219 0.800781 0.9375 0.800781 0.898438 0.777344 0.875
0 0.652344 0 0.65625 0.00390625 0.65625 0.015625 0.660156 0.0195312 0.660156 0.0273438 0.667969 0.0351562 0.671875 0.0351562 0.675781 0.0390625 0.6875 0.0390625 0.691406 0.0351562 0.691406 0
0 0.203125 0.546875 0.199219 0.550781 0.195312 0.550781 0.179688 0.566406 0.179688 0.589844 0.183594 0.59375 0.183594 0.605469 0.195312 0.617188 0.199219 0.617188 0.207031 0.625 0.226562 0.625 0.238281 0.613281 0.242188 0.613281 0.246094 0.609375 0.246094 0.605469 0.25 0.601562 0.25 0.566406 0.246094 0.5625 0.246094 0.558594 0.242188 0.554688 0.234375 0.554688 0.226562 0.546875
0 0.507812 0.980469 0.503906 0.984375 0.492188 0.984375 0.488281 0.988281 0.484375 0.988281 0.480469 0.992188 0.480469 0.996094 0.535156 0.996094 0.535156 0.992188 0.53125 0.988281 0.527344 0.988281 0.523438 0.984375 0.515625 0.984375 0.511719 0.980469
0 0.804688 0 0.808594 0.00390625 0.8125 0.00390625 0.816406 0.0078125 0.820312 0.0078125 0.824219 0.0117188 0.828125 0.0117188 0.832031 0.015625 0.851562 0.015625 0.855469 0.0117188 0.859375 0.0117188 0.863281 0.0078125 0.867188 0.0078125 0.871094 0.00390625 0.875 0.00390625 0.878906 0
0 0.0273438 0 0.0390625 0.0117188 0.0390625 0.015625 0.0429688 0.0195312 0.0507812 0.0195312 0.0585938 0.0273438 0.0742188 0.0273438 0.078125 0.0234375 0.0859375 0.0234375 0.0898438 0.0195312 0.09375 0.0195312 0.0976562 0.015625 0.0976562 0.0078125 0.101562 0.00390625 0.101562 0
0 0.765625 0.00390625 0.761719 0.0078125 0.761719 0.015625 0.765625 0.0195312 0.773438 0.0195312 0.777344 0.015625 0.777344 0.0078125 0.773438 0.00390625
0 0.414062 0.242188 0.410156 0.246094 0.40625 0.246094 0.394531 0.257812 0.394531 0.28125 0.398438 0.285156 0.398438 0.292969 0.40625 0.300781 0.410156 0.300781 0.414062 0.304688 0.4375 0.304688 0.445312 0.296875 0.449219 0.296875 0.453125 0.292969 0.453125 0.261719 0.449219 0.257812 0.449219 0.25 0.445312 0.246094 0.433594 0.246094 0.429688 0.242188
0 0.96875 0.859375 0.964844 0.863281 0.960938 0.863281 0.953125 0.871094 0.953125 0.875 0.949219 0.878906 0.949219 0.902344 0.953125 0.90625 0.953125 0.910156 0.957031 0.914062 0.957031 0.917969 0.964844 0.925781 0.96875 0.925781 0.972656 0.929688 0.980469 0.929688 0.984375 0.933594 0.992188 0.933594 0.996094 0.929688 0.996094 0.859375
0 0.339844 0.894531 0.335938 0.898438 0.320312 0.898438 0.304688 0.914062 0.304688 0.917969 0.300781 0.921875 0.300781 0.9375 0.304688 0.941406 0.304688 0.945312 0.308594 0.949219 0.308594 0.960938 0.3125 0.964844 0.320312 0.964844 0.328125 0.972656 0.347656 0.972656 0.351562 0.96875 0.359375 0.96875 0.363281 0.964844 0.367188 0.964844 0.371094 0.960938 0.375 0.960938 0.386719 0.949219 0.386719 0.925781 0.382812 0.921875 0.382812 0.917969 0.378906 0.914062 0.378906 0.910156 0.371094 0.902344 0.367188 0.902344 0.359375 0.894531
0 0.398438 0.792969 0.394531 0.796875 0.394531 0.800781 0.390625 0.804688 0.390625 0.8125 0.386719 0.816406 0.386719 0.847656 0.390625 0.851562 0.390625 0.855469 0.394531 0.859375 0.394531 0.863281 0.398438 0.867188 0.398438 0.871094 0.40625 0.878906 0.410156 0.878906 0.414062 0.882812 0.429688 0.882812 0.433594 0.878906 0.445312 0.878906 0.449219 0.875 0.453125 0.875 0.464844 0.863281 0.464844 0.820312 0.445312 0.800781 0.441406 0.800781 0.4375 0.796875 0.410156 0.796875 0.40625 0.792969
0 0.503906 0.871094 0.496094 0.878906 0.496094 0.882812 0.492188 0.886719 0.492188 0.890625 0.488281 0.894531 0.488281 0.902344 0.484375 0.90625 0.484375 0.953125 0.488281 0.957031 0.503906 0.957031 0.507812 0.953125 0.511719 0.953125 0.515625 0.949219 0.523438 0.949219 0.527344 0.945312 0.53125 0.945312 0.535156 0.941406 0.542969 0.941406 0.550781 0.933594 0.550781 0.921875 0.554688 0.917969 0.554688 0.902344 0.550781 0.898438 0.550781 0.890625 0.539062 0.878906 0.535156 0.878906 0.527344 0.871094
0 0.628906 0.0507812 0.625 0.0546875 0.621094 0.0546875 0.601562 0.0742188 0.601562 0.0976562 0.605469 0.101562 0.605469 0.113281 0.609375 0.117188 0.609375 0.121094 0.617188 0.128906 0.625 0.128906 0.632812 0.136719 0.632812 0.140625 0.636719 0.144531 0.65625 0.144531 0.691406 0.109375 0.691406 0.0859375 0.660156 0.0546875 0.65625 0.0546875 0.652344 0.0507812
0 0.992188 0.230469 0.988281 0.234375 0.988281 0.265625 0.992188 0.269531 0.996094 0.269531 0.996094 0.230469
0 0.859375 0.128906 0.855469 0.132812 0.847656 0.132812 0.84375 0.136719 0.84375 0.144531 0.839844 0.148438 0.839844 0.160156 0.835938 0.164062 0.835938 0.171875 0.839844 0.175781 0.839844 0.179688 0.851562 0.191406 0.859375 0.191406 0.867188 0.199219 0.875 0.199219 0.890625 0.183594 0.890625 0.140625 0.886719 0.136719 0.882812 0.136719 0.878906 0.132812 0.875 0.132812 0.871094 0.128906
0 0.433594 0.4375 0.414062 0.457031 0.414062 0.492188 0.417969 0.496094 0.417969 0.5 0.421875 0.503906 0.421875 0.507812 0.429688 0.515625 0.445312 0.515625 0.449219 0.511719 0.453125 0.511719 0.460938 0.503906 0.464844 0.503906 0.476562 0.492188 0.476562 0.488281 0.480469 0.484375 0.480469 0.464844 0.46875 0.453125 0.46875 0.449219 0.464844 0.445312 0.464844 0.441406 0.460938 0.4375
0 0.339844 0.511719 0.335938 0.515625 0.332031 0.515625 0.328125 0.519531 0.324219 0.519531 0.3125 0.53125 0.3125 0.535156 0.308594 0.539062 0.308594 0.570312 0.316406 0.578125 0.320312 0.578125 0.328125 0.585938 0.332031 0.585938 0.335938 0.589844 0.339844 0.589844 0.34375 0.585938 0.347656 0.585938 0.351562 0.582031 0.355469 0.582031 0.367188 0.570312 0.367188 0.5625 0.371094 0.558594 0.371094 0.550781 0.367188 0.546875 0.367188 0.53125 0.363281 0.527344 0.363281 0.523438 0.351562 0.511719
0 0.359375 0.65625 0.355469 0.660156 0.34375 0.660156 0.339844 0.664062 0.332031 0.664062 0.3125 0.683594 0.304688 0.683594 0.296875 0.675781 0.296875 0.671875 0.289062 0.664062 0.285156 0.664062 0.28125 0.660156 0.269531 0.660156 0.265625 0.664062 0.261719 0.664062 0.242188 0.683594 0.242188 0.6875 0.238281 0.691406 0.238281 0.695312 0.234375 0.699219 0.234375 0.710938 0.238281 0.714844 0.238281 0.722656 0.242188 0.726562 0.242188 0.730469 0.257812 0.746094 0.289062 0.746094 0.308594 0.726562 0.308594 0.71875 0.316406 0.710938 0.320312 0.710938 0.332031 0.722656 0.332031 0.726562 0.335938 0.730469 0.347656 0.730469 0.351562 0.734375 0.355469 0.734375 0.359375 0.738281 0.363281 0.738281 0.367188 0.742188 0.378906 0.742188 0.382812 0.738281 0.398438 0.738281 0.40625 0.730469 0.40625 0.714844 0.402344 0.710938 0.402344 0.671875 0.398438 0.667969 0.394531 0.667969 0.390625 0.664062 0.386719 0.664062 0.378906 0.65625
0 0 0.59375 0 0.648438 0.0078125 0.648438 0.015625 0.640625 0.015625 0.613281 0.0117188 0.609375 0.0117188 0.605469
0 0.636719 0.203125 0.632812 0.207031 0.621094 0.207031 0.617188 0.210938 0.613281 0.210938 0.605469 0.21875 0.601562 0.21875 0.578125 0.242188 0.578125 0.261719 0.585938 0.269531 0.589844 0.269531 0.59375 0.273438 0.601562 0.273438 0.605469 0.277344 0.617188 0.277344 0.621094 0.273438 0.636719 0.273438 0.644531 0.265625 0.648438 0.265625 0.65625 0.257812 0.65625 0.253906 0.660156 0.25 0.660156 0.246094 0.664062 0.242188 0.664062 0.222656 0.660156 0.21875 0.660156 0.214844 0.648438 0.203125
0 0.824219 0.09375 0.820312 0.0976562 0.816406 0.0976562 0.796875 0.117188 0.796875 0.121094 0.792969 0.125 0.792969 0.128906 0.789062 0.132812 0.789062 0.148438 0.804688 0.164062 0.832031 0.164062 0.835938 0.160156 0.835938 0.148438 0.839844 0.144531 0.839844 0.136719 0.847656 0.128906 0.855469 0.128906 0.859375 0.125 0.859375 0.0976562 0.855469 0.09375
0 0.90625 0.128906 0.894531 0.140625 0.894531 0.199219 0.890625 0.203125 0.890625 0.214844 0.894531 0.21875 0.925781 0.21875 0.933594 0.210938 0.945312 0.210938 0.957031 0.199219 0.957031 0.195312 0.964844 0.1875 0.964844 0.160156 0.960938 0.15625 0.960938 0.148438 0.949219 0.136719 0.941406 0.136719 0.933594 0.128906
0 0.730469 0.160156 0.714844 0.175781 0.714844 0.179688 0.710938 0.183594 0.710938 0.195312 0.707031 0.199219 0.707031 0.21875 0.714844 0.226562 0.714844 0.230469 0.71875 0.234375 0.722656 0.234375 0.726562 0.238281 0.738281 0.238281 0.742188 0.234375 0.765625 0.234375 0.769531 0.230469 0.785156 0.230469 0.789062 0.226562 0.796875 0.226562 0.800781 0.222656 0.800781 0.207031 0.796875 0.203125 0.796875 0.199219 0.792969 0.195312 0.792969 0.191406 0.789062 0.1875 0.789062 0.183594 0.785156 0.179688 0.78125 0.179688 0.769531 0.167969 0.765625 0.167969 0.761719 0.164062 0.753906 0.164062 0.75 0.160156
0 0.09375 0.453125 0.0898438 0.457031 0.0859375 0.457031 0.078125 0.464844 0.078125 0.480469 0.0859375 0.488281 0.0859375 0.496094 0.101562 0.511719 0.105469 0.511719 0.109375 0.507812 0.128906 0.507812 0.144531 0.492188 0.144531 0.46875 0.132812 0.457031 0.128906 0.457031 0.125 0.453125 0.121094 0.453125 0.117188 0.457031 0.109375 0.457031 0.105469 0.453125
0 0.109375 0.699219 0.101562 0.707031 0.0898438 0.707031 0.0859375 0.710938 0.0859375 0.730469 0.0898438 0.734375 0.0898438 0.738281 0.101562 0.75 0.101562 0.765625 0.105469 0.769531 0.105469 0.78125 0.109375 0.785156 0.125 0.785156 0.136719 0.773438 0.136719 0.742188 0.140625 0.738281 0.140625 0.710938 0.132812 0.703125 0.128906 0.703125 0.125 0.699219
0 0.0585938 0.550781 0.0546875 0.554688 0.046875 0.554688 0.0429688 0.558594 0.0429688 0.570312 0.0507812 0.578125 0.0507812 0.582031 0.0859375 0.617188 0.0898438 0.617188 0.0976562 0.625 0.109375 0.625 0.113281 0.621094 0.113281 0.617188 0.117188 0.613281 0.117188 0.609375 0.113281 0.605469 0.113281 0.601562 0.109375 0.597656 0.109375 0.59375 0.105469 0.589844 0.105469 0.578125 0.0976562 0.570312 0.0976562 0.566406 0.0859375 0.554688 0.078125 0.554688 0.0742188 0.550781
0 0 0.75 0 0.816406 0.0117188 0.816406 0.03125 0.796875 0.03125 0.792969 0.0351562 0.789062 0.0351562 0.78125 0.0234375 0.769531 0.0234375 0.757812 0.015625 0.75
0 0.0742188 0.109375 0.0703125 0.113281 0.0664062 0.113281 0.0625 0.117188 0.0429688 0.117188 0.0351562 0.125 0.0351562 0.15625 0.0390625 0.160156 0.0390625 0.167969 0.0429688 0.171875 0.046875 0.171875 0.0546875 0.179688 0.0664062 0.179688 0.0703125 0.183594 0.101562 0.183594 0.105469 0.179688 0.105469 0.175781 0.109375 0.171875 0.109375 0.164062 0.113281 0.160156 0.113281 0.152344 0.117188 0.148438 0.117188 0.128906 0.109375 0.121094 0.109375 0.117188 0.105469 0.113281 0.101562 0.113281 0.0976562 0.109375
