0 0.605469 0.75293 0.602539 0.755859 0.602539 0.761719 0.603516 0.761719 0.605469 0.763672 0.612305 0.763672 0.613281 0.762695 0.614258 0.762695 0.614258 0.759766 0.615234 0.758789 0.615234 0.755859 0.614258 0.754883 0.614258 0.753906 0.613281 0.75293
0 0.474609 0.68457 0.473633 0.685547 0.473633 0.692383 0.474609 0.693359 0.474609 0.694336 0.479492 0.694336 0.480469 0.693359 0.481445 0.693359 0.481445 0.6875 0.478516 0.68457
0 0.397461 0.179688 0.396484 0.180664 0.395508 0.180664 0.394531 0.181641 0.394531 0.185547 0.395508 0.186523 0.395508 0.188477 0.396484 0.189453 0.402344 0.189453 0.404297 0.1875 0.404297 0.180664 0.40332 0.179688
0 0.0908203 0.162109 0.0888672 0.164062 0.0888672 0.165039 0.0878906 0.166016 0.0878906 0.168945 0.0917969 0.168945 0.0927734 0.167969 0.0927734 0.163086 0.0917969 0.162109
0 0.96582 0.633789 0.96582 0.639648 0.966797 0.640625 0.967773 0.640625 0.969727 0.642578 0.970703 0.642578 0.97168 0.643555 0.972656 0.643555 0.973633 0.644531 0.974609 0.644531 0.976562 0.646484 0.979492 0.646484 0.980469 0.647461 0.981445 0.647461 0.983398 0.649414 0.983398 0.650391 0.984375 0.651367 0.988281 0.651367 0.988281 0.644531 0.986328 0.642578 0.986328 0.641602 0.984375 0.639648 0.983398 0.639648 0.981445 0.637695 0.980469 0.637695 0.979492 0.636719 0.979492 0.635742 0.977539 0.635742 0.976562 0.634766 0.975586 0.634766 0.974609 0.633789
0 0.191406 0.750977 0.189453 0.75293 0.189453 0.756836 0.19043 0.757812 0.19043 0.761719 0.191406 0.762695 0.193359 0.762695 0.194336 0.761719 0.196289 0.761719 0.196289 0.760742 0.197266 0.759766 0.199219 0.759766 0.199219 0.754883 0.198242 0.754883 0.196289 0.75293 0.196289 0.751953 0.195312 0.751953 0.194336 0.750977
0 0.0292969 0.450195 0.0273438 0.452148 0.0273438 0.454102 0.0263672 0.455078 0.0263672 0.457031 0.0273438 0.458008 0.0322266 0.458008 0.0332031 0.457031 0.0341797 0.457031 0.0351562 0.456055 0.0351562 0.454102 0.03125 0.450195
0 0.446289 0.950195 0.444336 0.952148 0.443359 0.952148 0.441406 0.954102 0.441406 0.955078 0.44043 0.956055 0.44043 0.957031 0.439453 0.958008 0.439453 0.962891 0.44043 0.963867 0.44043 0.964844 0.441406 0.964844 0.442383 0.96582 0.445312 0.96582 0.446289 0.964844 0.449219 0.964844 0.450195 0.963867 0.451172 0.963867 0.454102 0.960938 0.454102 0.959961 0.456055 0.958008 0.456055 0.955078 0.455078 0.954102 0.455078 0.952148 0.454102 0.951172 0.453125 0.951172 0.452148 0.950195
0 0.381836 0.894531 0.380859 0.895508 0.379883 0.895508 0.376953 0.898438 0.376953 0.900391 0.375977 0.901367 0.375977 0.902344 0.375 0.90332 0.375 0.913086 0.375977 0.914062 0.375977 0.916016 0.376953 0.916992 0.376953 0.917969 0.378906 0.919922 0.379883 0.919922 0.380859 0.920898 0.390625 0.920898 0.391602 0.919922 0.392578 0.919922 0.393555 0.918945 0.394531 0.918945 0.395508 0.917969 0.395508 0.916016 0.396484 0.915039 0.396484 0.914062 0.397461 0.913086 0.397461 0.90918 0.396484 0.908203 0.396484 0.904297 0.395508 0.90332 0.395508 0.902344 0.394531 0.901367 0.394531 0.900391 0.392578 0.898438 0.392578 0.897461 0.391602 0.897461 0.390625 0.896484 0.390625 0.895508 0.389648 0.895508 0.388672 0.894531
0 0.367188 0.244141 0.366211 0.245117 0.366211 0.246094 0.365234 0.24707 0.365234 0.251953 0.366211 0.25293 0.374023 0.25293 0.374023 0.246094 0.373047 0.245117 0.373047 0.244141
0 0.961914 0.77832 0.960938 0.779297 0.960938 0.780273 0.959961 0.78125 0.959961 0.785156 0.960938 0.786133 0.961914 0.786133 0.962891 0.787109 0.96582 0.787109 0.966797 0.786133 0.966797 0.779297 0.96582 0.77832
0 0.179688 0.492188 0.178711 0.493164 0.177734 0.493164 0.175781 0.495117 0.175781 0.496094 0.174805 0.49707 0.174805 0.504883 0.175781 0.505859 0.176758 0.505859 0.177734 0.506836 0.178711 0.506836 0.179688 0.507812 0.1875 0.507812 0.191406 0.503906 0.191406 0.495117 0.19043 0.494141 0.19043 0.493164 0.189453 0.493164 0.188477 0.492188
0 0.475586 0.0996094 0.474609 0.100586 0.474609 0.101562 0.475586 0.102539 0.475586 0.103516 0.476562 0.104492 0.476562 0.106445 0.478516 0.108398 0.479492 0.108398 0.482422 0.111328 0.482422 0.112305 0.487305 0.112305 0.489258 0.114258 0.491211 0.114258 0.491211 0.112305 0.493164 0.110352 0.493164 0.108398 0.489258 0.104492 0.488281 0.104492 0.487305 0.103516 0.486328 0.103516 0.485352 0.102539 0.484375 0.102539 0.483398 0.101562 0.481445 0.101562 0.480469 0.100586 0.479492 0.100586 0.478516 0.0996094
0 0.289062 0.527344 0.289062 0.52832 0.287109 0.530273 0.287109 0.533203 0.288086 0.53418 0.291992 0.53418 0.292969 0.533203 0.293945 0.533203 0.293945 0.52832 0.292969 0.52832 0.291992 0.527344
0 0.123047 0.646484 0.121094 0.648438 0.121094 0.649414 0.120117 0.650391 0.120117 0.655273 0.123047 0.658203 0.124023 0.658203 0.125 0.65918 0.130859 0.65918 0.131836 0.658203 0.132812 0.658203 0.134766 0.65625 0.134766 0.65332 0.129883 0.648438 0.128906 0.648438 0.12793 0.647461 0.125977 0.647461 0.125 0.646484
0 0.172852 0.0585938 0.171875 0.0595703 0.171875 0.0644531 0.176758 0.0644531 0.178711 0.0625 0.178711 0.0595703 0.177734 0.0585938
0 0.321289 0.423828 0.317383 0.427734 0.316406 0.427734 0.31543 0.428711 0.311523 0.428711 0.310547 0.429688 0.307617 0.429688 0.306641 0.430664 0.306641 0.436523 0.308594 0.438477 0.308594 0.439453 0.30957 0.439453 0.310547 0.44043 0.320312 0.44043 0.321289 0.439453 0.325195 0.439453 0.326172 0.438477 0.327148 0.438477 0.328125 0.4375 0.329102 0.4375 0.329102 0.436523 0.331055 0.43457 0.331055 0.428711 0.330078 0.427734 0.330078 0.425781 0.328125 0.423828
0 0.382812 0.248047 0.381836 0.249023 0.380859 0.249023 0.379883 0.25 0.379883 0.254883 0.380859 0.254883 0.382812 0.256836 0.382812 0.258789 0.384766 0.258789 0.385742 0.257812 0.386719 0.257812 0.386719 0.256836 0.387695 0.255859 0.387695 0.25 0.385742 0.248047
0 0.0644531 0.0517578 0.0644531 0.0527344 0.0634766 0.0537109 0.0634766 0.0585938 0.0644531 0.0595703 0.0683594 0.0595703 0.0683594 0.0527344 0.0673828 0.0517578
0 0.228516 0.78418 0.227539 0.785156 0.227539 0.792969 0.233398 0.792969 0.234375 0.791992 0.235352 0.791992 0.235352 0.786133 0.233398 0.78418
0 0.0996094 0.253906 0.0986328 0.254883 0.0976562 0.254883 0.0966797 0.255859 0.0957031 0.255859 0.0927734 0.258789 0.0927734 0.264648 0.0966797 0.268555 0.0976562 0.268555 0.0996094 0.270508 0.100586 0.270508 0.101562 0.271484 0.102539 0.271484 0.103516 0.272461 0.104492 0.272461 0.105469 0.273438 0.106445 0.273438 0.107422 0.274414 0.110352 0.274414 0.112305 0.272461 0.112305 0.271484 0.113281 0.270508 0.113281 0.269531 0.112305 0.268555 0.112305 0.267578 0.111328 0.266602 0.111328 0.265625 0.110352 0.264648 0.110352 0.263672 0.108398 0.261719 0.107422 0.261719 0.105469 0.259766 0.105469 0.257812 0.103516 0.255859 0.103516 0.254883 0.102539 0.253906
0 0.668945 0.0351562 0.667969 0.0361328 0.667969 0.0556641 0.668945 0.0566406 0.672852 0.0566406 0.672852 0.0556641 0.673828 0.0546875 0.673828 0.046875 0.672852 0.0458984 0.672852 0.0351562
0 0.945312 0.100586 0.944336 0.101562 0.94043 0.101562 0.939453 0.102539 0.939453 0.106445 0.942383 0.106445 0.943359 0.107422 0.948242 0.107422 0.949219 0.106445 0.951172 0.106445 0.953125 0.104492 0.953125 0.101562 0.952148 0.101562 0.951172 0.100586
0 0.772461 0.167969 0.771484 0.168945 0.768555 0.168945 0.767578 0.169922 0.766602 0.169922 0.761719 0.174805 0.762695 0.175781 0.761719 0.176758 0.761719 0.181641 0.762695 0.182617 0.762695 0.183594 0.763672 0.18457 0.763672 0.186523 0.768555 0.191406 0.769531 0.19043 0.775391 0.19043 0.776367 0.189453 0.779297 0.189453 0.779297 0.1875 0.780273 0.186523 0.780273 0.18457 0.78125 0.183594 0.78125 0.175781 0.780273 0.174805 0.780273 0.173828 0.779297 0.172852 0.779297 0.171875 0.777344 0.169922 0.776367 0.169922 0.775391 0.168945 0.774414 0.168945 0.773438 0.167969
0 0.0585938 0.046875 0.0576172 0.0478516 0.0566406 0.0478516 0.0566406 0.0498047 0.0576172 0.0498047 0.0585938 0.0507812 0.0585938 0.0537109 0.0615234 0.0537109 0.0625 0.0527344 0.0634766 0.0527344 0.0634766 0.0517578 0.0644531 0.0507812 0.0644531 0.046875
0 0.97168 0.701172 0.970703 0.702148 0.969727 0.702148 0.96875 0.703125 0.967773 0.703125 0.966797 0.704102 0.966797 0.708008 0.96875 0.709961 0.96875 0.710938 0.972656 0.710938 0.972656 0.708984 0.973633 0.708008 0.974609 0.708008 0.974609 0.703125 0.973633 0.702148 0.973633 0.701172
0 0.251953 0.765625 0.251953 0.770508 0.254883 0.773438 0.257812 0.773438 0.259766 0.771484 0.259766 0.767578 0.258789 0.767578 0.257812 0.766602 0.254883 0.766602 0.253906 0.765625
0 0.791992 0.392578 0.791016 0.393555 0.789062 0.393555 0.788086 0.394531 0.788086 0.395508 0.787109 0.396484 0.787109 0.397461 0.786133 0.398438 0.786133 0.402344 0.787109 0.40332 0.787109 0.407227 0.791016 0.411133 0.795898 0.411133 0.798828 0.408203 0.798828 0.397461 0.797852 0.396484 0.797852 0.395508 0.795898 0.393555 0.793945 0.393555 0.792969 0.392578
0 0.134766 0.0195312 0.133789 0.0205078 0.132812 0.0205078 0.131836 0.0214844 0.131836 0.0224609 0.130859 0.0234375 0.130859 0.0253906 0.129883 0.0263672 0.129883 0.03125 0.130859 0.0322266 0.130859 0.0341797 0.131836 0.0351562 0.131836 0.0371094 0.136719 0.0419922 0.137695 0.0419922 0.138672 0.0429688 0.139648 0.0429688 0.140625 0.0439453 0.141602 0.0439453 0.142578 0.0449219 0.144531 0.0449219 0.145508 0.0458984 0.15332 0.0458984 0.154297 0.046875 0.154297 0.0458984 0.15625 0.0439453 0.15625 0.0429688 0.157227 0.0419922 0.157227 0.0332031 0.15625 0.0322266 0.15625 0.03125 0.157227 0.0302734 0.15625 0.0292969 0.155273 0.0292969 0.154297 0.0283203 0.15332 0.0283203 0.148438 0.0234375 0.147461 0.0234375 0.146484 0.0224609 0.143555 0.0224609 0.141602 0.0205078 0.139648 0.0205078 0.138672 0.0195312
0 0.0849609 0.157227 0.0839844 0.158203 0.0820312 0.158203 0.0810547 0.15918 0.0810547 0.162109 0.0849609 0.162109 0.0859375 0.163086 0.0888672 0.163086 0.0898438 0.162109 0.0898438 0.158203 0.0888672 0.157227
0 0.253906 0.148438 0.25293 0.149414 0.251953 0.149414 0.249023 0.152344 0.249023 0.15332 0.248047 0.154297 0.248047 0.157227 0.249023 0.158203 0.249023 0.15918 0.25 0.160156 0.251953 0.160156 0.25293 0.161133 0.254883 0.161133 0.255859 0.160156 0.256836 0.160156 0.257812 0.15918 0.258789 0.15918 0.259766 0.158203 0.259766 0.15625 0.260742 0.155273 0.260742 0.152344 0.259766 0.151367 0.259766 0.150391 0.258789 0.149414 0.257812 0.149414 0.256836 0.148438
0 0.663086 0.0117188 0.660156 0.0146484 0.65918 0.0146484 0.658203 0.015625 0.65918 0.0166016 0.658203 0.0175781 0.65918 0.0185547 0.65918 0.0205078 0.660156 0.0214844 0.660156 0.0224609 0.661133 0.0234375 0.661133 0.0263672 0.662109 0.0273438 0.662109 0.0283203 0.664062 0.0283203 0.666992 0.03125 0.667969 0.03125 0.669922 0.0332031 0.669922 0.0341797 0.671875 0.0341797 0.673828 0.0322266 0.675781 0.0322266 0.675781 0.03125 0.676758 0.0302734 0.677734 0.0302734 0.678711 0.03125 0.679688 0.0302734 0.680664 0.0302734 0.680664 0.0244141 0.679688 0.0234375 0.679688 0.0175781 0.678711 0.0166016 0.678711 0.015625 0.677734 0.0146484 0.677734 0.0136719 0.675781 0.0117188 0.669922 0.0117188 0.668945 0.0126953 0.665039 0.0126953 0.664062 0.0136719 0.663086 0.0126953
0 0.724609 0.987305 0.723633 0.988281 0.722656 0.988281 0.720703 0.990234 0.720703 0.992188 0.719727 0.993164 0.719727 0.99707 0.724609 0.99707 0.725586 0.996094 0.731445 0.996094 0.732422 0.995117 0.733398 0.995117 0.734375 0.994141 0.734375 0.989258 0.732422 0.987305
0 0.59668 0.220703 0.589844 0.227539 0.589844 0.228516 0.588867 0.229492 0.588867 0.233398 0.587891 0.234375 0.587891 0.236328 0.588867 0.237305 0.588867 0.238281 0.589844 0.239258 0.589844 0.241211 0.591797 0.243164 0.592773 0.243164 0.59375 0.244141 0.595703 0.242188 0.597656 0.242188 0.597656 0.240234 0.599609 0.238281 0.599609 0.237305 0.601562 0.235352 0.601562 0.234375 0.602539 0.233398 0.603516 0.233398 0.603516 0.232422 0.604492 0.231445 0.604492 0.230469 0.606445 0.228516 0.606445 0.226562 0.605469 0.225586 0.605469 0.222656 0.603516 0.220703
0 0.480469 0.942383 0.479492 0.943359 0.479492 0.947266 0.480469 0.948242 0.483398 0.948242 0.485352 0.946289 0.485352 0.942383
0 0.708008 0.80957 0.706055 0.811523 0.705078 0.811523 0.704102 0.8125 0.704102 0.813477 0.703125 0.814453 0.703125 0.824219 0.708008 0.824219 0.709961 0.822266 0.710938 0.822266 0.711914 0.821289 0.712891 0.821289 0.714844 0.819336 0.71582 0.819336 0.71582 0.817383 0.716797 0.816406 0.716797 0.8125 0.713867 0.80957
0 0.245117 0.767578 0.245117 0.774414 0.246094 0.775391 0.246094 0.777344 0.248047 0.779297 0.250977 0.779297 0.251953 0.780273 0.255859 0.780273 0.256836 0.779297 0.256836 0.775391 0.255859 0.774414 0.254883 0.774414 0.250977 0.770508 0.250977 0.769531 0.25 0.769531 0.248047 0.767578
0 0.165039 0.0566406 0.164062 0.0576172 0.163086 0.0576172 0.163086 0.0595703 0.162109 0.0605469 0.162109 0.0634766 0.163086 0.0644531 0.166992 0.0644531 0.167969 0.0634766 0.168945 0.0634766 0.168945 0.0625 0.169922 0.0615234 0.169922 0.0576172 0.168945 0.0566406
0 0.612305 0.861328 0.609375 0.864258 0.609375 0.865234 0.608398 0.866211 0.608398 0.87207 0.609375 0.873047 0.609375 0.874023 0.610352 0.874023 0.611328 0.875 0.613281 0.875 0.614258 0.875977 0.616211 0.875977 0.617188 0.875 0.618164 0.875 0.619141 0.874023 0.619141 0.87207 0.620117 0.871094 0.620117 0.865234 0.619141 0.864258 0.619141 0.863281 0.617188 0.861328
0 0.472656 0.416016 0.472656 0.419922 0.473633 0.420898 0.474609 0.419922 0.477539 0.419922 0.477539 0.418945 0.478516 0.417969 0.480469 0.417969 0.480469 0.416992 0.479492 0.416992 0.478516 0.416016
0 0.0498047 0.0498047 0.0498047 0.0507812 0.0488281 0.0517578 0.0488281 0.0576172 0.0556641 0.0576172 0.0566406 0.0566406 0.0566406 0.0507812 0.0556641 0.0498047
0 0.164062 0.491211 0.163086 0.492188 0.162109 0.492188 0.157227 0.49707 0.157227 0.500977 0.158203 0.501953 0.158203 0.50293 0.160156 0.50293 0.161133 0.503906 0.166992 0.503906 0.168945 0.501953 0.168945 0.500977 0.169922 0.5 0.169922 0.499023 0.170898 0.498047 0.170898 0.496094 0.171875 0.495117 0.171875 0.493164 0.169922 0.493164 0.168945 0.492188 0.167969 0.492188 0.166992 0.491211
0 0.164062 0.078125 0.164062 0.0839844 0.170898 0.0839844 0.170898 0.0800781 0.168945 0.078125
0 0.485352 0.423828 0.484375 0.424805 0.479492 0.424805 0.479492 0.428711 0.480469 0.429688 0.482422 0.429688 0.483398 0.430664 0.483398 0.431641 0.484375 0.432617 0.488281 0.432617 0.488281 0.431641 0.489258 0.430664 0.489258 0.425781 0.488281 0.424805 0.488281 0.423828
0 0.527344 0.606445 0.527344 0.610352 0.52832 0.611328 0.52832 0.612305 0.53418 0.612305 0.535156 0.611328 0.536133 0.611328 0.536133 0.607422 0.532227 0.607422 0.53125 0.606445
0 0.716797 0.703125 0.71582 0.704102 0.714844 0.704102 0.712891 0.706055 0.712891 0.708984 0.716797 0.712891 0.717773 0.712891 0.71875 0.713867 0.725586 0.713867 0.726562 0.712891 0.726562 0.708008 0.725586 0.707031 0.725586 0.706055 0.724609 0.705078 0.724609 0.704102 0.723633 0.704102 0.722656 0.703125
0 0.533203 0.591797 0.532227 0.592773 0.53125 0.592773 0.530273 0.59375 0.529297 0.59375 0.529297 0.595703 0.530273 0.59668 0.530273 0.597656 0.53125 0.597656 0.532227 0.598633 0.537109 0.598633 0.538086 0.597656 0.539062 0.597656 0.539062 0.59375 0.538086 0.592773 0.537109 0.592773 0.536133 0.591797
0 0.197266 0.760742 0.197266 0.762695 0.196289 0.763672 0.196289 0.765625 0.195312 0.766602 0.195312 0.770508 0.200195 0.770508 0.203125 0.767578 0.203125 0.763672 0.202148 0.762695 0.202148 0.761719 0.201172 0.760742
0 0.600586 0.765625 0.600586 0.766602 0.599609 0.767578 0.599609 0.769531 0.600586 0.770508 0.600586 0.771484 0.601562 0.772461 0.605469 0.772461 0.606445 0.771484 0.606445 0.765625
0 0.563477 0.421875 0.560547 0.424805 0.560547 0.425781 0.55957 0.426758 0.55957 0.432617 0.5625 0.435547 0.5625 0.436523 0.566406 0.436523 0.567383 0.4375 0.568359 0.436523 0.570312 0.436523 0.572266 0.43457 0.572266 0.432617 0.573242 0.431641 0.573242 0.428711 0.572266 0.427734 0.572266 0.425781 0.571289 0.424805 0.571289 0.423828 0.570312 0.423828 0.568359 0.421875
0 0.834961 0.421875 0.831055 0.425781 0.831055 0.426758 0.830078 0.427734 0.829102 0.427734 0.829102 0.432617 0.832031 0.432617 0.833008 0.431641 0.835938 0.431641 0.836914 0.430664 0.837891 0.430664 0.837891 0.429688 0.839844 0.427734 0.839844 0.422852 0.838867 0.422852 0.837891 0.421875
0 0.804688 0.511719 0.803711 0.512695 0.800781 0.512695 0.799805 0.513672 0.798828 0.513672 0.796875 0.515625 0.795898 0.515625 0.794922 0.516602 0.794922 0.517578 0.793945 0.518555 0.792969 0.518555 0.791992 0.519531 0.790039 0.519531 0.789062 0.520508 0.788086 0.520508 0.787109 0.521484 0.78418 0.521484 0.783203 0.522461 0.783203 0.525391 0.78418 0.525391 0.785156 0.526367 0.787109 0.526367 0.788086 0.525391 0.794922 0.525391 0.795898 0.524414 0.797852 0.524414 0.798828 0.523438 0.799805 0.523438 0.800781 0.522461 0.803711 0.522461 0.804688 0.521484 0.821289 0.521484 0.822266 0.522461 0.833008 0.522461 0.833008 0.517578 0.832031 0.516602 0.831055 0.516602 0.828125 0.513672 0.827148 0.513672 0.826172 0.512695 0.823242 0.512695 0.822266 0.511719 0.810547 0.511719 0.80957 0.512695 0.808594 0.511719
0 0.932617 0.442383 0.931641 0.443359 0.929688 0.443359 0.927734 0.445312 0.927734 0.446289 0.926758 0.447266 0.925781 0.447266 0.924805 0.448242 0.924805 0.449219 0.923828 0.450195 0.923828 0.457031 0.924805 0.458008 0.924805 0.458984 0.927734 0.461914 0.927734 0.462891 0.929688 0.464844 0.932617 0.464844 0.933594 0.46582 0.942383 0.46582 0.942383 0.464844 0.943359 0.463867 0.946289 0.463867 0.949219 0.460938 0.949219 0.459961 0.950195 0.458984 0.950195 0.453125 0.949219 0.452148 0.949219 0.450195 0.948242 0.449219 0.948242 0.448242 0.947266 0.447266 0.947266 0.446289 0.946289 0.446289 0.943359 0.443359 0.94043 0.443359 0.939453 0.442383
0 0.131836 0.890625 0.129883 0.892578 0.129883 0.896484 0.130859 0.896484 0.131836 0.897461 0.135742 0.897461 0.136719 0.896484 0.136719 0.891602 0.135742 0.890625
0 0.474609 0.420898 0.473633 0.421875 0.472656 0.421875 0.472656 0.422852 0.47168 0.423828 0.47168 0.426758 0.472656 0.427734 0.478516 0.427734 0.478516 0.425781 0.477539 0.424805 0.477539 0.422852 0.475586 0.420898
0 0.967773 0.710938 0.966797 0.711914 0.96582 0.711914 0.96582 0.716797 0.966797 0.717773 0.966797 0.71875 0.974609 0.71875 0.974609 0.717773 0.975586 0.716797 0.975586 0.713867 0.974609 0.713867 0.973633 0.712891 0.973633 0.710938 0.972656 0.711914 0.96875 0.711914
0 0.824219 0.0507812 0.822266 0.0527344 0.822266 0.0556641 0.821289 0.0566406 0.821289 0.0625 0.824219 0.0654297 0.824219 0.0664062 0.826172 0.0683594 0.828125 0.0683594 0.829102 0.0673828 0.836914 0.0673828 0.837891 0.0664062 0.837891 0.0625 0.835938 0.0605469 0.835938 0.0595703 0.828125 0.0517578 0.827148 0.0517578 0.826172 0.0507812
0 0.977539 0.280273 0.976562 0.28125 0.975586 0.28125 0.974609 0.282227 0.974609 0.287109 0.976562 0.289062 0.976562 0.290039 0.977539 0.291016 0.977539 0.291992 0.979492 0.293945 0.979492 0.294922 0.980469 0.294922 0.981445 0.295898 0.982422 0.295898 0.983398 0.296875 0.985352 0.296875 0.986328 0.297852 0.988281 0.297852 0.989258 0.296875 0.990234 0.296875 0.990234 0.295898 0.991211 0.294922 0.991211 0.285156 0.989258 0.283203 0.988281 0.283203 0.987305 0.282227 0.986328 0.282227 0.985352 0.28125 0.984375 0.28125 0.983398 0.280273
0 0.712891 0.823242 0.711914 0.824219 0.711914 0.826172 0.712891 0.827148 0.714844 0.827148 0.714844 0.826172 0.71582 0.825195 0.716797 0.825195 0.716797 0.823242
0 0.979492 0.607422 0.978516 0.608398 0.976562 0.608398 0.967773 0.617188 0.966797 0.617188 0.966797 0.618164 0.964844 0.620117 0.964844 0.621094 0.963867 0.62207 0.963867 0.629883 0.964844 0.630859 0.964844 0.631836 0.96582 0.631836 0.966797 0.632812 0.97168 0.632812 0.972656 0.631836 0.975586 0.631836 0.976562 0.630859 0.979492 0.630859 0.983398 0.626953 0.983398 0.625977 0.984375 0.625 0.984375 0.624023 0.985352 0.623047 0.986328 0.623047 0.986328 0.62207 0.987305 0.621094 0.987305 0.620117 0.988281 0.619141 0.988281 0.613281 0.986328 0.613281 0.984375 0.611328 0.984375 0.610352 0.981445 0.607422
0 0.921875 0.342773 0.920898 0.34375 0.919922 0.34375 0.916016 0.347656 0.914062 0.347656 0.912109 0.349609 0.912109 0.350586 0.911133 0.351562 0.911133 0.352539 0.90918 0.354492 0.90918 0.356445 0.908203 0.357422 0.908203 0.364258 0.90918 0.365234 0.90918 0.368164 0.911133 0.370117 0.915039 0.370117 0.917969 0.367188 0.918945 0.367188 0.918945 0.366211 0.925781 0.359375 0.925781 0.357422 0.926758 0.356445 0.926758 0.354492 0.927734 0.353516 0.927734 0.345703 0.925781 0.34375 0.924805 0.34375 0.923828 0.342773
0 0.976562 0.707031 0.975586 0.708008 0.975586 0.708984 0.974609 0.709961 0.974609 0.712891 0.975586 0.712891 0.976562 0.713867 0.976562 0.714844 0.979492 0.714844 0.982422 0.711914 0.982422 0.708008 0.981445 0.707031
0 0.458984 0.763672 0.458008 0.764648 0.457031 0.764648 0.456055 0.765625 0.455078 0.765625 0.453125 0.767578 0.453125 0.768555 0.450195 0.771484 0.450195 0.772461 0.449219 0.773438 0.449219 0.776367 0.450195 0.777344 0.450195 0.77832 0.451172 0.779297 0.452148 0.779297 0.453125 0.780273 0.455078 0.780273 0.456055 0.78125 0.457031 0.78125 0.458008 0.780273 0.459961 0.780273 0.462891 0.777344 0.462891 0.776367 0.463867 0.775391 0.463867 0.774414 0.464844 0.773438 0.464844 0.771484 0.46582 0.770508 0.46582 0.766602 0.464844 0.765625 0.464844 0.764648 0.463867 0.763672
0 0.410156 0.237305 0.408203 0.239258 0.407227 0.239258 0.40625 0.240234 0.40625 0.241211 0.405273 0.242188 0.405273 0.243164 0.40625 0.244141 0.40625 0.246094 0.407227 0.24707 0.40918 0.24707 0.410156 0.248047 0.414062 0.248047 0.416016 0.25 0.416992 0.249023 0.417969 0.249023 0.418945 0.248047 0.420898 0.248047 0.421875 0.24707 0.421875 0.242188 0.420898 0.241211 0.420898 0.240234 0.417969 0.237305
0 0.268555 0.266602 0.267578 0.267578 0.266602 0.267578 0.264648 0.269531 0.264648 0.270508 0.262695 0.272461 0.262695 0.274414 0.261719 0.275391 0.261719 0.28418 0.263672 0.286133 0.264648 0.286133 0.265625 0.287109 0.265625 0.288086 0.266602 0.288086 0.267578 0.289062 0.270508 0.289062 0.271484 0.290039 0.277344 0.290039 0.27832 0.289062 0.279297 0.289062 0.28125 0.287109 0.28125 0.286133 0.283203 0.28418 0.283203 0.275391 0.282227 0.274414 0.282227 0.272461 0.280273 0.270508 0.280273 0.269531 0.279297 0.268555 0.27832 0.268555 0.277344 0.267578 0.273438 0.267578 0.272461 0.266602
0 0.458984 0.515625 0.458008 0.516602 0.457031 0.516602 0.456055 0.517578 0.456055 0.519531 0.455078 0.520508 0.455078 0.521484 0.456055 0.522461 0.456055 0.524414 0.459961 0.52832 0.46582 0.52832 0.467773 0.526367 0.467773 0.525391 0.46875 0.524414 0.46875 0.520508 0.467773 0.519531 0.467773 0.518555 0.46582 0.516602 0.463867 0.516602 0.462891 0.515625
0 0.232422 0.776367 0.232422 0.777344 0.231445 0.77832 0.231445 0.782227 0.232422 0.783203 0.233398 0.783203 0.235352 0.785156 0.240234 0.785156 0.240234 0.77832 0.238281 0.776367
0 0.0791016 0.163086 0.0771484 0.165039 0.0771484 0.168945 0.078125 0.169922 0.0849609 0.169922 0.0849609 0.164062 0.0839844 0.163086
0 0.922852 0.305664 0.920898 0.307617 0.918945 0.307617 0.917969 0.308594 0.916016 0.308594 0.915039 0.30957 0.915039 0.310547 0.914062 0.311523 0.914062 0.3125 0.913086 0.313477 0.913086 0.318359 0.914062 0.319336 0.914062 0.320312 0.916016 0.322266 0.916992 0.322266 0.917969 0.323242 0.918945 0.323242 0.919922 0.324219 0.920898 0.324219 0.921875 0.325195 0.929688 0.325195 0.930664 0.324219 0.932617 0.324219 0.938477 0.318359 0.938477 0.31543 0.939453 0.314453 0.939453 0.3125 0.938477 0.311523 0.938477 0.310547 0.9375 0.310547 0.93457 0.307617 0.93457 0.306641 0.933594 0.306641 0.932617 0.305664
0 0.365234 0.555664 0.364258 0.556641 0.363281 0.556641 0.362305 0.557617 0.361328 0.557617 0.359375 0.55957 0.358398 0.55957 0.356445 0.561523 0.356445 0.5625 0.354492 0.564453 0.354492 0.567383 0.353516 0.568359 0.353516 0.572266 0.354492 0.573242 0.354492 0.574219 0.355469 0.575195 0.355469 0.577148 0.356445 0.578125 0.356445 0.579102 0.359375 0.582031 0.360352 0.582031 0.361328 0.583008 0.368164 0.583008 0.370117 0.581055 0.37207 0.581055 0.373047 0.580078 0.373047 0.579102 0.375 0.577148 0.375 0.576172 0.375977 0.575195 0.375977 0.564453 0.376953 0.563477 0.376953 0.55957 0.375977 0.558594 0.375 0.558594 0.374023 0.557617 0.373047 0.557617 0.37207 0.556641 0.370117 0.556641 0.369141 0.555664
0 0.942383 0.0898438 0.94043 0.0917969 0.939453 0.0917969 0.938477 0.0927734 0.938477 0.09375 0.9375 0.0947266 0.9375 0.0986328 0.941406 0.0986328 0.941406 0.0976562 0.945312 0.09375 0.946289 0.09375 0.946289 0.0927734 0.947266 0.0917969 0.947266 0.0898438
0 0.84082 0.536133 0.839844 0.537109 0.838867 0.537109 0.837891 0.538086 0.836914 0.538086 0.836914 0.539062 0.835938 0.540039 0.835938 0.544922 0.839844 0.548828 0.84082 0.548828 0.841797 0.549805 0.84375 0.549805 0.844727 0.548828 0.845703 0.548828 0.84668 0.547852 0.84668 0.546875 0.847656 0.545898 0.847656 0.540039 0.84668 0.539062 0.84668 0.538086 0.845703 0.537109 0.84375 0.537109 0.842773 0.536133
0 0.90332 0.453125 0.902344 0.454102 0.900391 0.454102 0.898438 0.456055 0.898438 0.457031 0.897461 0.458008 0.897461 0.462891 0.898438 0.463867 0.898438 0.464844 0.900391 0.466797 0.901367 0.466797 0.902344 0.467773 0.905273 0.467773 0.905273 0.466797 0.90918 0.462891 0.90918 0.460938 0.910156 0.459961 0.90918 0.458984 0.90918 0.457031 0.908203 0.456055 0.907227 0.456055 0.905273 0.454102 0.904297 0.454102
0 0.12207 0.905273 0.121094 0.90625 0.121094 0.90918 0.12207 0.90918 0.126953 0.914062 0.130859 0.914062 0.131836 0.913086 0.131836 0.905273 0.130859 0.905273 0.129883 0.90625 0.125977 0.90625 0.125 0.905273
0 0.478516 0.418945 0.478516 0.419922 0.477539 0.420898 0.476562 0.420898 0.478516 0.422852 0.478516 0.424805 0.479492 0.423828 0.484375 0.423828 0.485352 0.422852 0.485352 0.419922 0.483398 0.419922 0.482422 0.418945
0 0.271484 0.636719 0.270508 0.637695 0.267578 0.637695 0.266602 0.638672 0.265625 0.638672 0.261719 0.642578 0.260742 0.642578 0.260742 0.643555 0.261719 0.644531 0.261719 0.650391 0.262695 0.651367 0.262695 0.652344 0.263672 0.65332 0.263672 0.654297 0.274414 0.654297 0.276367 0.652344 0.27832 0.652344 0.28125 0.649414 0.28125 0.648438 0.282227 0.647461 0.282227 0.639648 0.279297 0.636719
0 0.419922 0.649414 0.417969 0.651367 0.416992 0.651367 0.415039 0.65332 0.415039 0.657227 0.416016 0.658203 0.416016 0.65918 0.416992 0.660156 0.417969 0.660156 0.419922 0.662109 0.424805 0.662109 0.425781 0.661133 0.426758 0.661133 0.426758 0.65918 0.427734 0.658203 0.427734 0.657227 0.428711 0.65625 0.428711 0.651367 0.427734 0.650391 0.426758 0.650391 0.425781 0.649414
0 0.962891 0.754883 0.961914 0.755859 0.961914 0.761719 0.963867 0.763672 0.963867 0.765625 0.964844 0.766602 0.96582 0.766602 0.967773 0.768555 0.96875 0.768555 0.972656 0.772461 0.973633 0.772461 0.975586 0.774414 0.979492 0.774414 0.979492 0.769531 0.978516 0.768555 0.978516 0.766602 0.976562 0.764648 0.976562 0.763672 0.974609 0.761719 0.973633 0.761719 0.972656 0.760742 0.972656 0.759766 0.970703 0.759766 0.969727 0.758789 0.969727 0.757812 0.96875 0.756836 0.967773 0.756836 0.966797 0.755859 0.96582 0.755859 0.964844 0.754883
0 0.709961 0.392578 0.708984 0.393555 0.708008 0.393555 0.706055 0.395508 0.706055 0.396484 0.705078 0.397461 0.705078 0.401367 0.706055 0.402344 0.706055 0.40332 0.707031 0.404297 0.707031 0.405273 0.708008 0.40625 0.71875 0.40625 0.719727 0.405273 0.719727 0.401367 0.720703 0.400391 0.719727 0.399414 0.719727 0.396484 0.71875 0.396484 0.717773 0.395508 0.717773 0.393555 0.716797 0.392578 0.71582 0.393555 0.714844 0.392578
0 0.828125 0.415039 0.826172 0.416992 0.825195 0.416992 0.824219 0.417969 0.824219 0.425781 0.825195 0.426758 0.825195 0.427734 0.827148 0.427734 0.828125 0.426758 0.830078 0.426758 0.830078 0.425781 0.831055 0.424805 0.831055 0.423828 0.834961 0.419922 0.836914 0.419922 0.836914 0.416992 0.834961 0.415039
0 0.126953 0.897461 0.125977 0.898438 0.125 0.898438 0.123047 0.900391 0.123047 0.904297 0.125 0.904297 0.125977 0.905273 0.129883 0.905273 0.130859 0.904297 0.130859 0.897461
0 0.970703 0.776367 0.970703 0.777344 0.96875 0.779297 0.96875 0.785156 0.969727 0.786133 0.969727 0.787109 0.973633 0.787109 0.975586 0.785156 0.977539 0.785156 0.978516 0.78418 0.978516 0.783203 0.979492 0.782227 0.979492 0.779297 0.978516 0.77832 0.977539 0.77832 0.975586 0.776367
0 0.374023 0.256836 0.37207 0.258789 0.37207 0.260742 0.373047 0.261719 0.373047 0.262695 0.374023 0.263672 0.37793 0.263672 0.378906 0.262695 0.379883 0.262695 0.380859 0.261719 0.380859 0.257812 0.379883 0.256836
0 0.954102 0.736328 0.953125 0.737305 0.952148 0.737305 0.948242 0.741211 0.948242 0.742188 0.947266 0.743164 0.946289 0.743164 0.946289 0.744141 0.945312 0.745117 0.945312 0.746094 0.944336 0.74707 0.944336 0.75293 0.945312 0.753906 0.945312 0.754883 0.953125 0.754883 0.954102 0.753906 0.955078 0.753906 0.957031 0.751953 0.957031 0.750977 0.960938 0.74707 0.960938 0.746094 0.961914 0.745117 0.961914 0.742188 0.962891 0.741211 0.962891 0.739258 0.959961 0.736328
0 0.983398 0.885742 0.982422 0.886719 0.981445 0.886719 0.981445 0.892578 0.982422 0.893555 0.982422 0.897461 0.983398 0.898438 0.983398 0.900391 0.985352 0.902344 0.989258 0.902344 0.990234 0.901367 0.990234 0.900391 0.991211 0.899414 0.991211 0.892578 0.990234 0.891602 0.990234 0.890625 0.986328 0.886719 0.984375 0.886719
0 0.947266 0.09375 0.946289 0.0947266 0.945312 0.0947266 0.943359 0.0966797 0.943359 0.0986328 0.945312 0.0986328 0.946289 0.0996094 0.948242 0.0996094 0.949219 0.0986328 0.950195 0.0986328 0.950195 0.0947266 0.949219 0.09375
0 0.241211 0.983398 0.240234 0.984375 0.238281 0.984375 0.237305 0.985352 0.236328 0.985352 0.235352 0.986328 0.234375 0.986328 0.232422 0.988281 0.231445 0.988281 0.229492 0.990234 0.229492 0.991211 0.227539 0.993164 0.227539 0.994141 0.226562 0.995117 0.225586 0.995117 0.225586 0.998047 0.226562 0.999023 0.246094 0.999023 0.246094 0.996094 0.24707 0.995117 0.24707 0.983398
0 0.964844 0.789062 0.963867 0.790039 0.962891 0.790039 0.962891 0.792969 0.963867 0.793945 0.963867 0.795898 0.964844 0.796875 0.972656 0.796875 0.973633 0.795898 0.973633 0.791992 0.972656 0.791992 0.970703 0.790039 0.969727 0.790039 0.96875 0.789062
0 0.65918 0.0390625 0.65918 0.0400391 0.658203 0.0410156 0.658203 0.0556641 0.65918 0.0556641 0.660156 0.0566406 0.660156 0.0576172 0.665039 0.0576172 0.666992 0.0556641 0.666992 0.0419922 0.664062 0.0390625
0 0.279297 0.520508 0.279297 0.521484 0.277344 0.523438 0.277344 0.52832 0.280273 0.53125 0.286133 0.53125 0.286133 0.530273 0.288086 0.52832 0.288086 0.524414 0.287109 0.523438 0.287109 0.522461 0.285156 0.520508
0 0.532227 0.599609 0.532227 0.604492 0.53418 0.604492 0.535156 0.605469 0.538086 0.605469 0.538086 0.600586 0.537109 0.599609
0 0.0664062 0.195312 0.0654297 0.196289 0.0605469 0.196289 0.0595703 0.197266 0.0595703 0.202148 0.0615234 0.204102 0.0615234 0.206055 0.0605469 0.207031 0.0625 0.208984 0.0634766 0.208984 0.0654297 0.210938 0.0654297 0.212891 0.0673828 0.214844 0.0703125 0.214844 0.0712891 0.213867 0.0751953 0.213867 0.0761719 0.212891 0.078125 0.212891 0.078125 0.204102 0.0771484 0.203125 0.0771484 0.202148 0.0761719 0.202148 0.0732422 0.199219 0.0732422 0.197266 0.0722656 0.196289 0.0712891 0.196289 0.0703125 0.195312
0 0.180664 0.0517578 0.178711 0.0537109 0.177734 0.0537109 0.176758 0.0546875 0.176758 0.0566406 0.178711 0.0566406 0.179688 0.0576172 0.186523 0.0576172 0.1875 0.0566406 0.188477 0.0566406 0.188477 0.0517578
0 0.182617 0.0546875 0.183594 0.0537109 0.18457 0.0546875 0.183594 0.0556641
0 0.598633 0.0869141 0.59668 0.0888672 0.59668 0.0898438 0.595703 0.0908203 0.595703 0.0976562 0.599609 0.101562 0.602539 0.101562 0.603516 0.102539 0.604492 0.102539 0.605469 0.103516 0.609375 0.103516 0.610352 0.102539 0.611328 0.102539 0.615234 0.0986328 0.616211 0.0986328 0.616211 0.0917969 0.613281 0.0888672 0.612305 0.0888672 0.610352 0.0869141
0 0.480469 0.696289 0.479492 0.697266 0.479492 0.699219 0.478516 0.700195 0.477539 0.700195 0.475586 0.702148 0.475586 0.707031 0.476562 0.707031 0.477539 0.708008 0.481445 0.708008 0.481445 0.707031 0.482422 0.706055 0.483398 0.706055 0.484375 0.705078 0.484375 0.704102 0.485352 0.703125 0.485352 0.697266 0.484375 0.697266 0.483398 0.696289
0 0.168945 0.0683594 0.167969 0.0693359 0.166016 0.0693359 0.164062 0.0712891 0.163086 0.0712891 0.160156 0.0742188 0.160156 0.0751953 0.15918 0.0761719 0.15918 0.0791016 0.162109 0.0791016 0.164062 0.0771484 0.165039 0.0771484 0.166016 0.0761719 0.167969 0.0761719 0.168945 0.0751953 0.169922 0.0751953 0.170898 0.0742188 0.171875 0.0742188 0.172852 0.0732422 0.173828 0.0732422 0.173828 0.0683594
0 0.387695 0.178711 0.386719 0.179688 0.385742 0.179688 0.384766 0.180664 0.384766 0.1875 0.385742 0.188477 0.389648 0.188477 0.391602 0.186523 0.392578 0.186523 0.392578 0.181641 0.391602 0.180664 0.391602 0.179688 0.390625 0.178711
0 0.466797 0.179688 0.46582 0.180664 0.46582 0.181641 0.464844 0.182617 0.46582 0.183594 0.46582 0.188477 0.466797 0.188477 0.467773 0.189453 0.467773 0.191406 0.469727 0.191406 0.470703 0.192383 0.47168 0.192383 0.472656 0.191406 0.474609 0.191406 0.476562 0.189453 0.476562 0.182617 0.475586 0.182617 0.473633 0.180664 0.472656 0.180664 0.47168 0.179688
0 0.616211 0.760742 0.615234 0.761719 0.615234 0.767578 0.616211 0.768555 0.619141 0.768555 0.619141 0.767578 0.621094 0.765625 0.621094 0.760742
