0 0.835938 0.75 0.828125 0.757812 0.828125 0.765625 0.824219 0.769531 0.824219 0.785156 0.828125 0.789062 0.835938 0.789062 0.839844 0.792969 0.84375 0.789062 0.871094 0.789062 0.875 0.785156 0.878906 0.785156 0.878906 0.769531 0.875 0.765625 0.871094 0.765625 0.863281 0.757812 0.859375 0.757812 0.855469 0.753906 0.851562 0.753906 0.847656 0.75
0 0.714844 0.960938 0.710938 0.964844 0.710938 0.972656 0.707031 0.976562 0.710938 0.980469 0.710938 0.988281 0.71875 0.996094 0.746094 0.996094 0.746094 0.980469 0.742188 0.976562 0.742188 0.96875 0.738281 0.964844 0.738281 0.960938
0 0.613281 0.246094 0.597656 0.261719 0.597656 0.265625 0.59375 0.269531 0.59375 0.273438 0.589844 0.277344 0.589844 0.285156 0.585938 0.289062 0.589844 0.292969 0.589844 0.300781 0.597656 0.308594 0.601562 0.308594 0.605469 0.3125 0.625 0.3125 0.636719 0.300781 0.636719 0.296875 0.640625 0.292969 0.640625 0.289062 0.644531 0.285156 0.644531 0.28125 0.648438 0.277344 0.648438 0.265625 0.644531 0.261719 0.644531 0.253906 0.640625 0.25 0.636719 0.25 0.632812 0.246094
0 0.863281 0.144531 0.855469 0.152344 0.855469 0.160156 0.851562 0.164062 0.851562 0.171875 0.855469 0.175781 0.855469 0.179688 0.859375 0.183594 0.859375 0.1875 0.863281 0.191406 0.863281 0.195312 0.867188 0.199219 0.878906 0.199219 0.882812 0.203125 0.886719 0.199219 0.894531 0.199219 0.898438 0.195312 0.898438 0.1875 0.902344 0.183594 0.90625 0.183594 0.90625 0.160156 0.890625 0.144531
0 0.101562 0.957031 0.0976562 0.960938 0.0859375 0.960938 0.0820312 0.964844 0.0703125 0.964844 0.0664062 0.96875 0.0625 0.96875 0.0585938 0.972656 0.0546875 0.972656 0.0507812 0.976562 0.046875 0.976562 0.0429688 0.980469 0.0429688 0.996094 0.09375 0.996094 0.105469 0.984375 0.105469 0.976562 0.109375 0.972656 0.109375 0.964844
0 0.0429688 0.738281 0.0351562 0.746094 0.0351562 0.75 0.03125 0.753906 0.03125 0.757812 0.0234375 0.765625 0.0234375 0.769531 0.0195312 0.773438 0.0195312 0.777344 0.015625 0.78125 0.015625 0.785156 0.0195312 0.789062 0.0195312 0.796875 0.0273438 0.804688 0.0351562 0.804688 0.0390625 0.808594 0.0585938 0.808594 0.0664062 0.800781 0.0664062 0.796875 0.0742188 0.789062 0.0742188 0.785156 0.0820312 0.777344 0.078125 0.773438 0.0820312 0.769531 0.078125 0.765625 0.078125 0.761719 0.0742188 0.757812 0.0742188 0.753906 0.0664062 0.746094 0.0625 0.746094 0.0585938 0.742188 0.0546875 0.742188 0.0507812 0.738281
0 0.359375 0.285156 0.359375 0.304688 0.347656 0.316406 0.347656 0.339844 0.351562 0.339844 0.355469 0.34375 0.359375 0.339844 0.363281 0.339844 0.367188 0.335938 0.367188 0.328125 0.371094 0.324219 0.371094 0.296875 0.367188 0.292969 0.367188 0.289062 0.363281 0.285156
0 0.527344 0.175781 0.523438 0.179688 0.515625 0.179688 0.515625 0.183594 0.511719 0.1875 0.511719 0.191406 0.507812 0.195312 0.507812 0.210938 0.515625 0.21875 0.515625 0.222656 0.519531 0.226562 0.523438 0.226562 0.527344 0.230469 0.546875 0.230469 0.550781 0.226562 0.554688 0.226562 0.566406 0.214844 0.566406 0.199219 0.5625 0.195312 0.558594 0.195312 0.550781 0.1875 0.546875 0.1875 0.539062 0.179688 0.535156 0.179688 0.53125 0.175781
0 0.421875 0.914062 0.417969 0.917969 0.414062 0.917969 0.410156 0.921875 0.410156 0.933594 0.414062 0.9375 0.414062 0.941406 0.417969 0.945312 0.421875 0.945312 0.425781 0.949219 0.425781 0.953125 0.429688 0.957031 0.441406 0.957031 0.445312 0.953125 0.445312 0.9375 0.441406 0.933594 0.441406 0.929688 0.4375 0.925781 0.4375 0.921875 0.433594 0.917969 0.429688 0.917969 0.425781 0.914062
0 0.125 0.339844 0.121094 0.34375 0.113281 0.34375 0.109375 0.347656 0.105469 0.347656 0.101562 0.351562 0.0976562 0.351562 0.0898438 0.359375 0.0898438 0.375 0.09375 0.378906 0.0976562 0.378906 0.101562 0.382812 0.109375 0.382812 0.113281 0.378906 0.125 0.378906 0.128906 0.375 0.132812 0.375 0.144531 0.363281 0.144531 0.359375 0.148438 0.355469 0.148438 0.351562 0.144531 0.347656 0.144531 0.34375 0.140625 0.339844
