0 0.346875 0.503906 0.34375 0.507812 0.340625 0.507812 0.328125 0.523438 0.328125 0.527344 0.325 0.53125 0.325 0.554688 0.328125 0.558594 0.328125 0.5625 0.334375 0.570312 0.3375 0.570312 0.340625 0.574219 0.35625 0.574219 0.359375 0.570312 0.36875 0.570312 0.371875 0.566406 0.375 0.566406 0.378125 0.5625 0.38125 0.5625 0.3875 0.554688 0.3875 0.550781 0.390625 0.546875 0.390625 0.527344 0.3875 0.523438 0.3875 0.519531 0.38125 0.511719 0.378125 0.511719 0.375 0.507812 0.371875 0.507812 0.36875 0.503906
0 0.70625 0.382812 0.703125 0.386719 0.703125 0.390625 0.7 0.394531 0.7 0.402344 0.690625 0.414062 0.690625 0.441406 0.69375 0.445312 0.69375 0.449219 0.70625 0.464844 0.70625 0.46875 0.721875 0.488281 0.725 0.488281 0.728125 0.492188 0.746875 0.492188 0.765625 0.46875 0.76875 0.46875 0.775 0.460938 0.775 0.445312 0.771875 0.441406 0.771875 0.4375 0.75625 0.417969 0.75625 0.410156 0.734375 0.382812
0 0.36875 0 0.36875 0.03125 0.371875 0.0351562 0.371875 0.0390625 0.375 0.0429688 0.38125 0.0429688 0.384375 0.046875 0.4125 0.046875 0.421875 0.0351562 0.421875 0.0273438 0.425 0.0234375 0.425 0.0195312 0.428125 0.015625 0.428125 0
0 0.44375 0.03125 0.4375 0.0390625 0.4375 0.0429688 0.434375 0.046875 0.434375 0.0625 0.440625 0.0703125 0.440625 0.0742188 0.453125 0.0898438 0.465625 0.0898438 0.48125 0.0703125 0.48125 0.0507812 0.46875 0.0351562 0.459375 0.0351562 0.45625 0.03125
0 0.76875 0.765625 0.7625 0.773438 0.7625 0.777344 0.75625 0.785156 0.75625 0.796875 0.753125 0.800781 0.753125 0.839844 0.75625 0.84375 0.75625 0.847656 0.759375 0.851562 0.759375 0.855469 0.7625 0.859375 0.765625 0.859375 0.771875 0.867188 0.790625 0.867188 0.79375 0.863281 0.796875 0.863281 0.8 0.859375 0.803125 0.859375 0.821875 0.835938 0.821875 0.832031 0.825 0.828125 0.825 0.796875 0.8125 0.78125 0.809375 0.78125 0.803125 0.773438 0.796875 0.773438 0.79375 0.769531 0.7875 0.769531 0.784375 0.765625
0 0.00625 0.078125 0.003125 0.0820312 0.003125 0.121094 0.00625 0.125 0.00625 0.152344 0.009375 0.15625 0.01875 0.15625 0.021875 0.152344 0.03125 0.152344 0.034375 0.148438 0.040625 0.148438 0.04375 0.144531 0.046875 0.144531 0.053125 0.136719 0.053125 0.101562 0.046875 0.09375 0.04375 0.0976562 0.0375 0.0976562 0.034375 0.101562 0.025 0.101562 0.021875 0.0976562 0.01875 0.0976562 0.0125 0.0898438 0.0125 0.0859375
0 0.503125 0.671875 0.496875 0.679688 0.496875 0.6875 0.5 0.691406 0.5 0.699219 0.496875 0.703125 0.496875 0.707031 0.49375 0.710938 0.49375 0.71875 0.496875 0.722656 0.5125 0.722656 0.51875 0.730469 0.51875 0.734375 0.528125 0.746094 0.534375 0.746094 0.54375 0.734375 0.54375 0.726562 0.546875 0.722656 0.546875 0.695312 0.54375 0.691406 0.534375 0.691406 0.53125 0.6875 0.528125 0.6875 0.521875 0.679688 0.51875 0.679688 0.515625 0.675781 0.5125 0.675781 0.509375 0.671875
0 0.959375 0.871094 0.953125 0.878906 0.95 0.878906 0.946875 0.882812 0.946875 0.890625 0.94375 0.894531 0.94375 0.929688 0.953125 0.941406 0.95625 0.941406 0.959375 0.945312 0.9625 0.945312 0.96875 0.953125 0.971875 0.953125 0.975 0.957031 0.99375 0.957031 0.996875 0.953125 0.996875 0.890625 0.99375 0.886719 0.99375 0.882812 0.990625 0.878906 0.9875 0.878906 0.98125 0.871094
0 0.865625 0.660156 0.8625 0.664062 0.8625 0.667969 0.853125 0.679688 0.85 0.679688 0.846875 0.683594 0.84375 0.683594 0.8375 0.691406 0.8375 0.699219 0.834375 0.703125 0.834375 0.707031 0.8375 0.710938 0.8375 0.71875 0.84375 0.726562 0.84375 0.734375 0.85 0.742188 0.85 0.746094 0.859375 0.757812 0.8625 0.757812 0.875 0.773438 0.88125 0.773438 0.89375 0.757812 0.89375 0.75 0.896875 0.746094 0.896875 0.730469 0.89375 0.726562 0.89375 0.71875 0.896875 0.714844 0.896875 0.710938 0.90625 0.699219 0.9 0.691406 0.896875 0.691406 0.890625 0.683594 0.890625 0.679688 0.8875 0.675781 0.878125 0.675781 0.871875 0.667969 0.871875 0.664062 0.86875 0.660156
0 0.784375 0.09375 0.778125 0.101562 0.778125 0.105469 0.775 0.109375 0.775 0.132812 0.771875 0.136719 0.771875 0.1875 0.76875 0.191406 0.76875 0.203125 0.778125 0.214844 0.790625 0.214844 0.796875 0.207031 0.796875 0.203125 0.803125 0.195312 0.803125 0.191406 0.809375 0.183594 0.8125 0.183594 0.815625 0.1875 0.81875 0.1875 0.821875 0.191406 0.828125 0.191406 0.83125 0.195312 0.834375 0.195312 0.8375 0.191406 0.8375 0.1875 0.840625 0.183594 0.840625 0.179688 0.846875 0.171875 0.846875 0.140625 0.84375 0.136719 0.840625 0.136719 0.834375 0.128906 0.825 0.128906 0.821875 0.125 0.8125 0.125 0.7875 0.09375
0 0.165625 0.0976562 0.15625 0.109375 0.153125 0.109375 0.14375 0.121094 0.14375 0.128906 0.140625 0.132812 0.140625 0.15625 0.146875 0.164062 0.146875 0.167969 0.15625 0.179688 0.15625 0.183594 0.159375 0.1875 0.159375 0.191406 0.1625 0.195312 0.1625 0.199219 0.165625 0.203125 0.190625 0.203125 0.19375 0.199219 0.19375 0.195312 0.2 0.1875 0.2125 0.1875 0.21875 0.179688 0.21875 0.164062 0.215625 0.160156 0.215625 0.15625 0.209375 0.148438 0.209375 0.144531 0.20625 0.140625 0.20625 0.136719 0.2 0.128906 0.2 0.125 0.190625 0.113281 0.190625 0.109375 0.1875 0.105469 0.184375 0.105469 0.18125 0.101562 0.178125 0.101562 0.175 0.0976562
0 0.475 0.476562 0.471875 0.480469 0.46875 0.480469 0.465625 0.484375 0.465625 0.511719 0.475 0.523438 0.478125 0.523438 0.4875 0.535156 0.49375 0.535156 0.503125 0.546875 0.5125 0.546875 0.515625 0.542969 0.515625 0.515625 0.50625 0.503906 0.50625 0.5 0.496875 0.488281 0.496875 0.480469 0.49375 0.476562
0 0.996875 0.0195312 0.975 0.046875 0.975 0.0507812 0.971875 0.0546875 0.971875 0.0585938 0.96875 0.0625 0.96875 0.0664062 0.9625 0.0742188 0.9625 0.078125 0.959375 0.0820312 0.959375 0.0898438 0.95625 0.09375 0.95625 0.117188 0.959375 0.121094 0.959375 0.125 0.9625 0.128906 0.9625 0.136719 0.965625 0.140625 0.965625 0.148438 0.96875 0.152344 0.96875 0.160156 0.975 0.167969 0.975 0.171875 0.978125 0.175781 0.98125 0.175781 0.9875 0.183594 0.990625 0.183594 0.996875 0.191406
0 0.04375 0.429688 0.0375 0.4375 0.03125 0.4375 0.028125 0.441406 0.028125 0.488281 0.03125 0.492188 0.0375 0.492188 0.040625 0.488281 0.04375 0.488281 0.046875 0.484375 0.05 0.484375 0.053125 0.488281 0.0625 0.488281 0.071875 0.476562 0.0875 0.476562 0.090625 0.480469 0.096875 0.480469 0.1 0.476562 0.1 0.445312 0.09375 0.4375 0.06875 0.4375 0.065625 0.433594 0.053125 0.433594 0.05 0.429688
0 0.0625 0.144531 0.059375 0.148438 0.05625 0.148438 0.046875 0.160156 0.046875 0.167969 0.04375 0.171875 0.04375 0.179688 0.034375 0.191406 0.034375 0.207031 0.0375 0.210938 0.0375 0.222656 0.053125 0.242188 0.0625 0.242188 0.065625 0.246094 0.06875 0.246094 0.078125 0.234375 0.078125 0.230469 0.084375 0.222656 0.090625 0.222656 0.09375 0.21875 0.096875 0.21875 0.1 0.214844 0.1 0.210938 0.103125 0.207031 0.103125 0.203125 0.10625 0.199219 0.10625 0.195312 0.109375 0.191406 0.109375 0.1875 0.10625 0.183594 0.10625 0.171875 0.096875 0.160156 0.090625 0.160156 0.0875 0.15625 0.084375 0.15625 0.075 0.144531
0 0.64375 0.121094 0.6375 0.128906 0.6375 0.132812 0.634375 0.136719 0.634375 0.140625 0.63125 0.144531 0.63125 0.148438 0.628125 0.152344 0.628125 0.167969 0.63125 0.171875 0.63125 0.175781 0.6375 0.183594 0.6375 0.1875 0.64375 0.195312 0.646875 0.195312 0.65 0.199219 0.678125 0.199219 0.6875 0.1875 0.6875 0.175781 0.690625 0.171875 0.690625 0.15625 0.6875 0.152344 0.6875 0.148438 0.684375 0.144531 0.684375 0.140625 0.68125 0.136719 0.68125 0.132812 0.671875 0.121094
0 0.6375 0.394531 0.621875 0.414062 0.621875 0.417969 0.61875 0.421875 0.61875 0.425781 0.615625 0.429688 0.615625 0.445312 0.625 0.457031 0.640625 0.457031 0.64375 0.453125 0.646875 0.453125 0.65 0.457031 0.665625 0.457031 0.66875 0.453125 0.675 0.453125 0.678125 0.449219 0.678125 0.441406 0.675 0.4375 0.675 0.433594 0.671875 0.429688 0.671875 0.421875 0.665625 0.414062 0.659375 0.414062 0.65625 0.410156 0.653125 0.410156 0.646875 0.402344 0.646875 0.398438 0.64375 0.394531
0 0.753125 0.945312 0.75 0.949219 0.74375 0.949219 0.728125 0.96875 0.728125 0.976562 0.725 0.980469 0.725 0.988281 0.728125 0.992188 0.728125 0.996094 0.784375 0.996094 0.7875 0.992188 0.7875 0.976562 0.784375 0.972656 0.784375 0.96875 0.78125 0.964844 0.78125 0.960938 0.771875 0.949219 0.76875 0.949219 0.765625 0.945312
0 0.471875 0.875 0.46875 0.878906 0.46875 0.890625 0.48125 0.90625 0.48125 0.910156 0.4875 0.917969 0.5 0.917969 0.50625 0.910156 0.50625 0.894531 0.49375 0.878906 0.490625 0.878906 0.4875 0.875
0 0.51875 0.4375 0.5125 0.445312 0.509375 0.445312 0.50625 0.449219 0.50625 0.453125 0.503125 0.457031 0.503125 0.46875 0.5 0.472656 0.5 0.488281 0.509375 0.5 0.509375 0.503906 0.515625 0.511719 0.521875 0.511719 0.534375 0.527344 0.534375 0.53125 0.540625 0.539062 0.540625 0.542969 0.54375 0.546875 0.54375 0.550781 0.553125 0.5625 0.571875 0.5625 0.584375 0.546875 0.584375 0.542969 0.590625 0.535156 0.590625 0.523438 0.5875 0.519531 0.5875 0.5 0.58125 0.492188 0.58125 0.484375 0.578125 0.480469 0.578125 0.476562 0.56875 0.464844 0.565625 0.464844 0.553125 0.449219 0.55 0.449219 0.546875 0.445312 0.54375 0.445312 0.540625 0.441406 0.5375 0.441406 0.534375 0.4375
0 0.203125 0.328125 0.196875 0.335938 0.19375 0.335938 0.1875 0.34375 0.18125 0.34375 0.178125 0.347656 0.178125 0.351562 0.175 0.355469 0.175 0.367188 0.171875 0.371094 0.171875 0.378906 0.16875 0.382812 0.16875 0.398438 0.171875 0.402344 0.171875 0.40625 0.175 0.410156 0.178125 0.410156 0.184375 0.417969 0.1875 0.417969 0.19375 0.425781 0.2 0.425781 0.203125 0.429688 0.24375 0.429688 0.253125 0.417969 0.25625 0.417969 0.259375 0.414062 0.259375 0.410156 0.2625 0.40625 0.2625 0.394531 0.259375 0.390625 0.259375 0.386719 0.25625 0.382812 0.25 0.382812 0.24375 0.375 0.24375 0.351562 0.228125 0.332031 0.21875 0.332031 0.215625 0.328125
0 0.459375 0.652344 0.45625 0.65625 0.453125 0.65625 0.446875 0.664062 0.446875 0.667969 0.440625 0.675781 0.440625 0.683594 0.4375 0.6875 0.4375 0.71875 0.453125 0.738281 0.478125 0.738281 0.490625 0.722656 0.490625 0.710938 0.49375 0.707031 0.49375 0.703125 0.496875 0.699219 0.496875 0.691406 0.49375 0.6875 0.49375 0.679688 0.496875 0.675781 0.496875 0.671875 0.484375 0.65625 0.48125 0.65625 0.478125 0.652344
0 0.58125 0.335938 0.575 0.34375 0.571875 0.34375 0.56875 0.347656 0.56875 0.355469 0.565625 0.359375 0.565625 0.367188 0.56875 0.371094 0.56875 0.375 0.578125 0.386719 0.58125 0.386719 0.5875 0.394531 0.6 0.394531 0.603125 0.390625 0.60625 0.390625 0.609375 0.386719 0.6125 0.386719 0.615625 0.382812 0.615625 0.378906 0.61875 0.375 0.61875 0.355469 0.615625 0.351562 0.615625 0.347656 0.60625 0.335938
0 0.609375 0.585938 0.603125 0.59375 0.603125 0.605469 0.60625 0.609375 0.6125 0.609375 0.621875 0.621094 0.621875 0.632812 0.60625 0.652344 0.60625 0.660156 0.6125 0.667969 0.615625 0.667969 0.61875 0.671875 0.634375 0.671875 0.6375 0.667969 0.640625 0.667969 0.646875 0.660156 0.646875 0.628906 0.64375 0.625 0.64375 0.601562 0.640625 0.597656 0.640625 0.59375 0.6375 0.589844 0.625 0.589844 0.621875 0.585938
0 0.878125 0.410156 0.875 0.414062 0.86875 0.414062 0.85625 0.429688 0.85625 0.433594 0.853125 0.4375 0.853125 0.492188 0.85625 0.496094 0.85625 0.507812 0.859375 0.511719 0.859375 0.515625 0.8625 0.519531 0.865625 0.519531 0.86875 0.523438 0.871875 0.523438 0.875 0.527344 0.9 0.527344 0.921875 0.5 0.921875 0.496094 0.95 0.460938 0.95 0.457031 0.93125 0.457031 0.91875 0.441406 0.91875 0.4375 0.915625 0.433594 0.915625 0.429688 0.9125 0.425781 0.9125 0.421875 0.90625 0.414062 0.903125 0.414062 0.9 0.410156
0 0.6875 0.222656 0.684375 0.226562 0.675 0.226562 0.671875 0.230469 0.65625 0.230469 0.65 0.238281 0.65 0.25 0.646875 0.253906 0.646875 0.261719 0.64375 0.265625 0.64375 0.296875 0.646875 0.300781 0.646875 0.304688 0.653125 0.3125 0.653125 0.316406 0.659375 0.324219 0.6625 0.324219 0.665625 0.328125 0.69375 0.328125 0.696875 0.324219 0.709375 0.324219 0.715625 0.316406 0.715625 0.3125 0.721875 0.304688 0.721875 0.296875 0.728125 0.289062 0.728125 0.277344 0.725 0.273438 0.725 0.261719 0.721875 0.257812 0.721875 0.246094 0.71875 0.242188 0.71875 0.238281 0.7125 0.230469 0.709375 0.230469 0.703125 0.222656
0 0.59375 0.945312 0.590625 0.949219 0.590625 0.976562 0.603125 0.992188 0.609375 0.992188 0.6125 0.996094 0.628125 0.996094 0.63125 0.992188 0.634375 0.992188 0.6375 0.988281 0.6375 0.984375 0.64375 0.976562 0.64375 0.953125 0.640625 0.949219 0.63125 0.949219 0.628125 0.945312
0 0.609375 0.707031 0.60625 0.710938 0.6 0.710938 0.596875 0.714844 0.59375 0.714844 0.584375 0.726562 0.584375 0.734375 0.58125 0.738281 0.58125 0.753906 0.5875 0.761719 0.5875 0.765625 0.6 0.78125 0.603125 0.78125 0.60625 0.785156 0.609375 0.785156 0.6125 0.789062 0.61875 0.789062 0.621875 0.792969 0.63125 0.792969 0.634375 0.796875 0.64375 0.796875 0.6625 0.773438 0.6625 0.769531 0.665625 0.765625 0.665625 0.757812 0.6625 0.753906 0.6625 0.75 0.659375 0.746094 0.659375 0.742188 0.65625 0.738281 0.65625 0.734375 0.65 0.726562 0.646875 0.726562 0.640625 0.71875 0.634375 0.71875 0.63125 0.714844 0.625 0.714844 0.621875 0.710938 0.61875 0.710938 0.615625 0.707031
0 0.675 0.84375 0.659375 0.863281 0.659375 0.867188 0.65625 0.871094 0.65625 0.878906 0.653125 0.882812 0.653125 0.910156 0.65625 0.914062 0.65625 0.925781 0.6625 0.933594 0.6625 0.9375 0.665625 0.941406 0.66875 0.941406 0.671875 0.945312 0.684375 0.945312 0.6875 0.949219 0.690625 0.949219 0.69375 0.945312 0.703125 0.945312 0.7125 0.933594 0.715625 0.933594 0.71875 0.929688 0.721875 0.929688 0.734375 0.914062 0.734375 0.882812 0.71875 0.863281 0.71875 0.859375 0.715625 0.855469 0.715625 0.851562 0.7125 0.847656 0.70625 0.847656 0.703125 0.84375
0 0 0.210938 0 0.242188 0.00625 0.25 0.0125 0.25 0.015625 0.246094 0.015625 0.234375 0.00625 0.222656 0.00625 0.214844 0.003125 0.210938
0 0.421875 0.304688 0.41875 0.308594 0.4125 0.308594 0.403125 0.320312 0.4 0.320312 0.396875 0.324219 0.396875 0.332031 0.39375 0.335938 0.39375 0.339844 0.390625 0.34375 0.390625 0.398438 0.396875 0.40625 0.396875 0.410156 0.40625 0.421875 0.409375 0.421875 0.4125 0.425781 0.415625 0.425781 0.41875 0.429688 0.425 0.429688 0.428125 0.433594 0.44375 0.433594 0.446875 0.429688 0.45 0.429688 0.453125 0.425781 0.453125 0.421875 0.45625 0.417969 0.45625 0.414062 0.459375 0.410156 0.459375 0.40625 0.4625 0.402344 0.4625 0.382812 0.465625 0.378906 0.465625 0.355469 0.4625 0.351562 0.4625 0.347656 0.459375 0.34375 0.459375 0.339844 0.45625 0.335938 0.45625 0.332031 0.453125 0.328125 0.453125 0.324219 0.446875 0.316406 0.446875 0.3125 0.44375 0.308594 0.434375 0.308594 0.43125 0.304688
0 0.20625 0.539062 0.203125 0.542969 0.2 0.542969 0.196875 0.546875 0.190625 0.546875 0.1875 0.550781 0.1875 0.554688 0.18125 0.5625 0.178125 0.5625 0.171875 0.570312 0.171875 0.589844 0.178125 0.597656 0.178125 0.605469 0.18125 0.609375 0.18125 0.613281 0.184375 0.617188 0.184375 0.628906 0.196875 0.644531 0.20625 0.644531 0.228125 0.617188 0.228125 0.566406 0.225 0.5625 0.225 0.542969 0.221875 0.539062
0 0.753125 0.503906 0.75 0.507812 0.746875 0.507812 0.740625 0.515625 0.740625 0.519531 0.7375 0.523438 0.7375 0.527344 0.734375 0.53125 0.734375 0.539062 0.73125 0.542969 0.73125 0.554688 0.728125 0.558594 0.728125 0.585938 0.73125 0.589844 0.73125 0.59375 0.74375 0.609375 0.74375 0.613281 0.753125 0.625 0.753125 0.628906 0.759375 0.636719 0.7625 0.636719 0.76875 0.644531 0.771875 0.644531 0.778125 0.652344 0.778125 0.65625 0.790625 0.671875 0.8 0.671875 0.803125 0.675781 0.81875 0.675781 0.828125 0.664062 0.828125 0.660156 0.83125 0.65625 0.83125 0.632812 0.828125 0.628906 0.828125 0.621094 0.825 0.617188 0.825 0.613281 0.828125 0.609375 0.828125 0.597656 0.825 0.59375 0.825 0.585938 0.815625 0.574219 0.815625 0.570312 0.803125 0.554688 0.803125 0.542969 0.796875 0.535156 0.796875 0.53125 0.79375 0.527344 0.79375 0.523438 0.790625 0.519531 0.790625 0.515625 0.78125 0.503906
0 0.08125 0 0.08125 0.00390625 0.090625 0.015625 0.096875 0.015625 0.1 0.0195312 0.11875 0.0195312 0.121875 0.015625 0.125 0.015625 0.128125 0.0117188 0.13125 0.0117188 0.134375 0.0078125 0.1375 0.0078125 0.140625 0.00390625 0.140625 0
0 0.575 0.8125 0.571875 0.816406 0.56875 0.816406 0.559375 0.828125 0.559375 0.832031 0.55625 0.835938 0.55625 0.882812 0.565625 0.894531 0.56875 0.894531 0.58125 0.910156 0.590625 0.910156 0.59375 0.90625 0.59375 0.902344 0.596875 0.898438 0.596875 0.882812 0.6 0.878906 0.6 0.875 0.60625 0.867188 0.60625 0.859375 0.609375 0.855469 0.609375 0.839844 0.60625 0.835938 0.60625 0.824219 0.596875 0.8125
0 0.20625 0.9375 0.203125 0.941406 0.2 0.941406 0.196875 0.945312 0.196875 0.976562 0.2 0.980469 0.2 0.988281 0.203125 0.992188 0.203125 0.996094 0.265625 0.996094 0.265625 0.96875 0.2625 0.964844 0.2625 0.960938 0.253125 0.949219 0.25 0.949219 0.246875 0.945312 0.240625 0.945312 0.2375 0.941406 0.23125 0.941406 0.228125 0.9375
0 0.19375 0.898438 0.1875 0.90625 0.1875 0.925781 0.190625 0.929688 0.2 0.929688 0.203125 0.925781 0.203125 0.921875 0.20625 0.917969 0.20625 0.90625 0.2 0.898438
0 0.35625 0.984375 0.353125 0.988281 0.34375 0.988281 0.340625 0.992188 0.3375 0.992188 0.334375 0.996094 0.409375 0.996094 0.40625 0.992188 0.403125 0.992188 0.4 0.988281 0.396875 0.988281 0.39375 0.984375
0 0.178125 0.445312 0.175 0.449219 0.175 0.46875 0.16875 0.476562 0.1625 0.476562 0.159375 0.472656 0.15625 0.472656 0.153125 0.46875 0.146875 0.46875 0.14375 0.472656 0.14375 0.484375 0.153125 0.496094 0.153125 0.503906 0.159375 0.511719 0.1625 0.511719 0.165625 0.515625 0.18125 0.515625 0.190625 0.503906 0.190625 0.5 0.203125 0.484375 0.203125 0.46875 0.20625 0.464844 0.20625 0.453125 0.203125 0.449219 0.2 0.449219 0.196875 0.445312
0 0.509375 0.371094 0.50625 0.375 0.5 0.375 0.496875 0.378906 0.496875 0.410156 0.509375 0.425781 0.546875 0.425781 0.55 0.421875 0.55625 0.421875 0.559375 0.417969 0.559375 0.394531 0.55625 0.390625 0.55625 0.382812 0.553125 0.378906 0.553125 0.375 0.55 0.371094
0 0.40625 0.5625 0.403125 0.566406 0.396875 0.566406 0.378125 0.589844 0.378125 0.59375 0.375 0.597656 0.375 0.601562 0.371875 0.605469 0.371875 0.628906 0.38125 0.640625 0.384375 0.640625 0.3875 0.644531 0.409375 0.644531 0.4125 0.640625 0.415625 0.640625 0.41875 0.636719 0.421875 0.636719 0.425 0.632812 0.428125 0.632812 0.440625 0.617188 0.440625 0.578125 0.428125 0.5625
0 0.859375 0.015625 0.85625 0.0195312 0.853125 0.0195312 0.85 0.0234375 0.85 0.0273438 0.8375 0.0429688 0.8375 0.046875 0.834375 0.0507812 0.834375 0.0546875 0.83125 0.0585938 0.83125 0.078125 0.834375 0.0820312 0.834375 0.0859375 0.840625 0.09375 0.85 0.09375 0.853125 0.0976562 0.871875 0.0976562 0.875 0.101562 0.878125 0.101562 0.884375 0.109375 0.8875 0.109375 0.890625 0.113281 0.89375 0.113281 0.9 0.105469 0.9 0.101562 0.903125 0.0976562 0.903125 0.0859375 0.90625 0.0820312 0.90625 0.0625 0.909375 0.0585938 0.909375 0.0507812 0.90625 0.046875 0.90625 0.0429688 0.896875 0.03125 0.88125 0.03125 0.871875 0.0195312 0.86875 0.0195312 0.865625 0.015625
0 0.871875 0.628906 0.86875 0.632812 0.86875 0.65625 0.875 0.664062 0.875 0.667969 0.878125 0.671875 0.8875 0.671875 0.89375 0.679688 0.89375 0.683594 0.896875 0.6875 0.9 0.6875 0.90625 0.695312 0.925 0.695312 0.934375 0.683594 0.934375 0.660156 0.909375 0.628906
0 0.384375 0.0507812 0.38125 0.0546875 0.371875 0.0546875 0.365625 0.0625 0.3625 0.0625 0.35625 0.0703125 0.35625 0.078125 0.353125 0.0820312 0.353125 0.101562 0.35625 0.105469 0.35625 0.113281 0.371875 0.132812 0.38125 0.132812 0.384375 0.136719 0.39375 0.136719 0.396875 0.140625 0.415625 0.140625 0.41875 0.136719 0.421875 0.136719 0.425 0.132812 0.428125 0.132812 0.440625 0.117188 0.440625 0.0976562 0.4375 0.09375 0.4375 0.0898438 0.4125 0.0585938 0.40625 0.0585938 0.4 0.0507812
0 0.325 0.863281 0.321875 0.867188 0.321875 0.882812 0.325 0.886719 0.325 0.898438 0.328125 0.902344 0.328125 0.90625 0.33125 0.910156 0.33125 0.917969 0.3375 0.925781 0.340625 0.925781 0.34375 0.921875 0.34375 0.917969 0.346875 0.914062 0.346875 0.890625 0.34375 0.886719 0.34375 0.882812 0.3375 0.875 0.3375 0.871094 0.33125 0.863281
0 0.384375 0.6875 0.375 0.699219 0.375 0.710938 0.378125 0.714844 0.378125 0.730469 0.38125 0.734375 0.38125 0.742188 0.384375 0.746094 0.384375 0.75 0.390625 0.757812 0.39375 0.757812 0.396875 0.761719 0.4 0.761719 0.403125 0.765625 0.415625 0.765625 0.425 0.753906 0.425 0.730469 0.428125 0.726562 0.428125 0.714844 0.425 0.710938 0.421875 0.710938 0.41875 0.707031 0.4125 0.707031 0.409375 0.703125 0.403125 0.703125 0.396875 0.695312 0.39375 0.695312 0.3875 0.6875
0 0.14375 0.910156 0.140625 0.914062 0.140625 0.921875 0.13125 0.933594 0.13125 0.960938 0.134375 0.964844 0.134375 0.976562 0.1375 0.980469 0.1375 0.984375 0.140625 0.988281 0.140625 0.996094 0.2 0.996094 0.2 0.992188 0.196875 0.988281 0.196875 0.980469 0.19375 0.976562 0.19375 0.957031 0.190625 0.953125 0.18125 0.953125 0.16875 0.9375 0.16875 0.933594 0.15 0.910156
0 0.696875 0.636719 0.690625 0.644531 0.6875 0.644531 0.68125 0.652344 0.68125 0.65625 0.675 0.664062 0.675 0.667969 0.671875 0.671875 0.671875 0.683594 0.675 0.6875 0.675 0.699219 0.68125 0.707031 0.68125 0.710938 0.7125 0.75 0.715625 0.75 0.71875 0.746094 0.74375 0.746094 0.746875 0.742188 0.75 0.742188 0.75625 0.734375 0.75625 0.730469 0.759375 0.726562 0.759375 0.695312 0.75625 0.691406 0.75625 0.683594 0.753125 0.679688 0.753125 0.675781 0.75 0.671875 0.75 0.65625 0.74375 0.648438 0.740625 0.648438 0.7375 0.644531 0.73125 0.644531 0.728125 0.640625 0.71875 0.640625 0.715625 0.636719
0 0.225 0.792969 0.221875 0.796875 0.2125 0.796875 0.209375 0.800781 0.209375 0.828125 0.2125 0.832031 0.2125 0.84375 0.215625 0.847656 0.215625 0.851562 0.221875 0.859375 0.221875 0.863281 0.234375 0.878906 0.2375 0.878906 0.240625 0.882812 0.253125 0.882812 0.25625 0.878906 0.25625 0.867188 0.259375 0.863281 0.259375 0.832031 0.25625 0.828125 0.25625 0.808594 0.24375 0.792969
0 0.55 0.582031 0.546875 0.585938 0.54375 0.585938 0.5375 0.59375 0.5375 0.601562 0.534375 0.605469 0.534375 0.613281 0.5375 0.617188 0.5375 0.632812 0.540625 0.636719 0.540625 0.640625 0.55 0.652344 0.55625 0.652344 0.559375 0.65625 0.5875 0.65625 0.590625 0.660156 0.603125 0.660156 0.603125 0.652344 0.61875 0.632812 0.61875 0.621094 0.6125 0.613281 0.60625 0.613281 0.6 0.605469 0.6 0.59375 0.5875 0.59375 0.584375 0.589844 0.58125 0.589844 0.578125 0.585938 0.575 0.585938 0.571875 0.582031
0 0.409375 0.859375 0.40625 0.863281 0.403125 0.863281 0.4 0.867188 0.4 0.878906 0.396875 0.882812 0.396875 0.886719 0.39375 0.890625 0.39375 0.90625 0.390625 0.910156 0.390625 0.9375 0.39375 0.941406 0.39375 0.945312 0.396875 0.949219 0.396875 0.960938 0.409375 0.976562 0.409375 0.980469 0.421875 0.996094 0.428125 0.996094 0.43125 0.992188 0.434375 0.992188 0.4375 0.988281 0.45 0.988281 0.453125 0.992188 0.46875 0.992188 0.471875 0.988281 0.475 0.988281 0.478125 0.984375 0.478125 0.960938 0.46875 0.949219 0.46875 0.9375 0.465625 0.933594 0.465625 0.90625 0.434375 0.867188 0.43125 0.867188 0.425 0.859375
0 0.690625 0.453125 0.6875 0.457031 0.66875 0.457031 0.665625 0.460938 0.65 0.460938 0.646875 0.457031 0.64375 0.457031 0.640625 0.460938 0.640625 0.464844 0.646875 0.472656 0.646875 0.476562 0.65 0.480469 0.65 0.488281 0.653125 0.492188 0.653125 0.53125 0.65625 0.535156 0.665625 0.535156 0.671875 0.542969 0.6875 0.542969 0.690625 0.539062 0.696875 0.539062 0.7 0.535156 0.7 0.53125 0.70625 0.523438 0.70625 0.492188 0.7125 0.484375 0.7125 0.480469 0.703125 0.46875 0.703125 0.464844 0.69375 0.453125
0 0.821875 0.839844 0.803125 0.863281 0.8 0.863281 0.796875 0.867188 0.79375 0.867188 0.79375 0.902344 0.8 0.910156 0.8 0.914062 0.80625 0.921875 0.80625 0.925781 0.809375 0.929688 0.8125 0.929688 0.815625 0.933594 0.821875 0.933594 0.825 0.9375 0.840625 0.9375 0.84375 0.933594 0.846875 0.933594 0.85 0.929688 0.853125 0.929688 0.85625 0.925781 0.859375 0.925781 0.871875 0.910156 0.871875 0.90625 0.878125 0.898438 0.878125 0.894531 0.88125 0.890625 0.88125 0.878906 0.884375 0.875 0.884375 0.871094 0.88125 0.867188 0.88125 0.855469 0.871875 0.84375 0.865625 0.84375 0.8625 0.839844 0.85625 0.839844 0.853125 0.84375 0.85 0.84375 0.846875 0.847656 0.84375 0.847656 0.840625 0.851562 0.828125 0.851562 0.821875 0.84375
0 0.31875 0.761719 0.315625 0.765625 0.3125 0.765625 0.309375 0.769531 0.309375 0.777344 0.30625 0.78125 0.30625 0.792969 0.303125 0.796875 0.303125 0.800781 0.30625 0.804688 0.30625 0.820312 0.309375 0.824219 0.3125 0.824219 0.315625 0.828125 0.321875 0.828125 0.328125 0.835938 0.33125 0.835938 0.334375 0.839844 0.3375 0.839844 0.340625 0.84375 0.35 0.84375 0.353125 0.847656 0.35625 0.847656 0.3625 0.839844 0.36875 0.839844 0.371875 0.84375 0.375 0.84375 0.378125 0.839844 0.378125 0.835938 0.371875 0.828125 0.371875 0.824219 0.36875 0.820312 0.36875 0.8125 0.35 0.789062 0.346875 0.789062 0.340625 0.78125 0.334375 0.78125 0.328125 0.773438 0.328125 0.769531 0.321875 0.761719
0 0.021875 0.0429688 0.01875 0.046875 0.015625 0.046875 0.009375 0.0546875 0.009375 0.0585938 0.00625 0.0625 0.00625 0.0742188 0.015625 0.0859375 0.015625 0.0898438 0.01875 0.09375 0.021875 0.09375 0.025 0.0976562 0.034375 0.0976562 0.0375 0.09375 0.04375 0.09375 0.053125 0.0820312 0.053125 0.0546875 0.05 0.0507812 0.05 0.046875 0.046875 0.0429688
0 0.915625 0.945312 0.90625 0.957031 0.903125 0.957031 0.9 0.960938 0.890625 0.960938 0.8875 0.964844 0.884375 0.964844 0.88125 0.96875 0.88125 0.988281 0.884375 0.992188 0.8875 0.992188 0.890625 0.996094 0.95 0.996094 0.95 0.972656 0.946875 0.96875 0.946875 0.964844 0.9375 0.953125 0.934375 0.953125 0.928125 0.945312
0 0.5125 0.789062 0.509375 0.792969 0.49375 0.792969 0.4875 0.800781 0.484375 0.800781 0.478125 0.808594 0.478125 0.816406 0.475 0.820312 0.475 0.839844 0.478125 0.84375 0.478125 0.855469 0.484375 0.863281 0.484375 0.867188 0.490625 0.875 0.509375 0.875 0.5125 0.871094 0.521875 0.871094 0.525 0.867188 0.528125 0.867188 0.53125 0.863281 0.534375 0.863281 0.5375 0.859375 0.5375 0.855469 0.54375 0.847656 0.54375 0.8125 0.53125 0.796875 0.528125 0.796875 0.525 0.792969 0.521875 0.792969 0.51875 0.789062
0 0.23125 0.617188 0.20625 0.648438 0.203125 0.648438 0.203125 0.667969 0.20625 0.671875 0.20625 0.675781 0.23125 0.707031 0.2375 0.707031 0.240625 0.703125 0.25 0.703125 0.253125 0.699219 0.259375 0.699219 0.2625 0.695312 0.2625 0.691406 0.271875 0.679688 0.271875 0.671875 0.275 0.667969 0.275 0.652344 0.265625 0.640625 0.265625 0.636719 0.2625 0.632812 0.2625 0.628906 0.253125 0.617188
0 0.05 0.375 0.040625 0.386719 0.040625 0.390625 0.0375 0.394531 0.0375 0.414062 0.040625 0.417969 0.040625 0.421875 0.04375 0.425781 0.05 0.425781 0.053125 0.429688 0.065625 0.429688 0.06875 0.433594 0.09375 0.433594 0.1 0.441406 0.103125 0.441406 0.109375 0.433594 0.109375 0.429688 0.1125 0.425781 0.1125 0.410156 0.109375 0.40625 0.109375 0.402344 0.096875 0.386719 0.09375 0.386719 0.090625 0.382812 0.0875 0.382812 0.084375 0.378906 0.08125 0.378906 0.078125 0.375
0 0.275 0.1875 0.271875 0.191406 0.26875 0.191406 0.265625 0.195312 0.2625 0.195312 0.259375 0.199219 0.253125 0.199219 0.25 0.203125 0.246875 0.203125 0.24375 0.207031 0.24375 0.214844 0.240625 0.21875 0.240625 0.234375 0.24375 0.238281 0.24375 0.246094 0.253125 0.257812 0.25625 0.257812 0.259375 0.261719 0.26875 0.261719 0.271875 0.265625 0.275 0.265625 0.284375 0.277344 0.2875 0.277344 0.290625 0.28125 0.315625 0.28125 0.321875 0.273438 0.325 0.273438 0.334375 0.261719 0.334375 0.242188 0.33125 0.238281 0.33125 0.230469 0.325 0.222656 0.321875 0.222656 0.296875 0.191406 0.29375 0.191406 0.290625 0.1875
0 0.540625 0.179688 0.5375 0.183594 0.53125 0.183594 0.521875 0.195312 0.521875 0.199219 0.50625 0.21875 0.50625 0.242188 0.509375 0.246094 0.509375 0.25 0.5125 0.253906 0.5125 0.257812 0.515625 0.261719 0.515625 0.265625 0.525 0.277344 0.525 0.28125 0.528125 0.285156 0.53125 0.285156 0.534375 0.28125 0.5625 0.28125 0.565625 0.277344 0.571875 0.277344 0.578125 0.269531 0.578125 0.265625 0.58125 0.261719 0.58125 0.25 0.584375 0.246094 0.584375 0.242188 0.5875 0.238281 0.5875 0.207031 0.578125 0.195312 0.575 0.195312 0.56875 0.1875 0.5625 0.1875 0.559375 0.183594 0.553125 0.183594 0.55 0.179688
0 0.28125 0.40625 0.265625 0.425781 0.2625 0.425781 0.259375 0.429688 0.253125 0.429688 0.25 0.433594 0.228125 0.433594 0.225 0.4375 0.225 0.445312 0.23125 0.453125 0.23125 0.457031 0.225 0.464844 0.221875 0.464844 0.21875 0.46875 0.21875 0.488281 0.221875 0.492188 0.221875 0.496094 0.234375 0.511719 0.24375 0.511719 0.246875 0.515625 0.253125 0.515625 0.25625 0.519531 0.2875 0.519531 0.303125 0.5 0.30625 0.5 0.309375 0.496094 0.3125 0.496094 0.315625 0.492188 0.315625 0.488281 0.31875 0.484375 0.31875 0.472656 0.315625 0.46875 0.30625 0.46875 0.303125 0.472656 0.296875 0.464844 0.296875 0.457031 0.30625 0.445312 0.30625 0.4375 0.290625 0.417969 0.290625 0.410156 0.2875 0.40625
0 0.53125 0.9375 0.528125 0.941406 0.525 0.941406 0.521875 0.945312 0.521875 0.957031 0.51875 0.960938 0.51875 0.964844 0.515625 0.96875 0.515625 0.972656 0.509375 0.980469 0.503125 0.980469 0.490625 0.996094 0.56875 0.996094 0.565625 0.992188 0.565625 0.988281 0.5625 0.984375 0.5625 0.964844 0.553125 0.953125 0.553125 0.949219 0.55 0.945312 0.54375 0.945312 0.5375 0.9375
0 0.96875 0.445312 0.965625 0.449219 0.9625 0.449219 0.925 0.496094 0.925 0.5 0.903125 0.527344 0.903125 0.542969 0.909375 0.550781 0.9125 0.550781 0.915625 0.554688 0.91875 0.554688 0.925 0.5625 0.93125 0.5625 0.934375 0.566406 0.94375 0.566406 0.946875 0.5625 0.95 0.5625 0.953125 0.558594 0.953125 0.554688 0.965625 0.539062 0.975 0.539062 0.978125 0.542969 0.984375 0.542969 0.9875 0.546875 0.990625 0.546875 0.996875 0.554688 0.996875 0.460938 0.99375 0.457031 0.99375 0.453125 0.990625 0.449219 0.978125 0.449219 0.975 0.445312
