0 0.389062 0.855469 0.389062 0.857422 0.385937 0.861328 0.385937 0.865234 0.382812 0.869141 0.382812 0.871094 0.379688 0.875 0.378125 0.875 0.376563 0.876953 0.376563 0.880859 0.375 0.882812 0.373437 0.882812 0.373437 0.888672 0.370312 0.892578 0.370312 0.896484 0.371875 0.898438 0.371875 0.902344 0.373437 0.904297 0.373437 0.910156 0.375 0.912109 0.375 0.919922 0.376563 0.921875 0.376563 0.923828 0.378125 0.925781 0.378125 0.929688 0.379688 0.929688 0.3875 0.939453 0.4 0.939453 0.401562 0.9375 0.403125 0.9375 0.404687 0.939453 0.40625 0.9375 0.420312 0.9375 0.423438 0.933594 0.425 0.933594 0.425 0.931641 0.426563 0.929688 0.432812 0.929688 0.434375 0.927734 0.435937 0.927734 0.439063 0.923828 0.439063 0.921875 0.435937 0.925781 0.43125 0.925781 0.429688 0.923828 0.429688 0.916016 0.43125 0.914062 0.43125 0.910156 0.429688 0.908203 0.429688 0.894531 0.428125 0.892578 0.428125 0.886719 0.426563 0.884766 0.426563 0.882812 0.425 0.880859 0.426563 0.878906 0.426563 0.876953 0.425 0.875 0.425 0.873047 0.423438 0.871094 0.423438 0.865234 0.421875 0.863281 0.421875 0.861328 0.41875 0.857422 0.41875 0.855469
0 0.385937 0.929688 0.3875 0.927734 0.389062 0.929688 0.3875 0.931641
0 0.421875 0.921875 0.423438 0.919922 0.425 0.921875 0.423438 0.923828
0 0.423438 0.919922 0.425 0.917969 0.426563 0.919922 0.425 0.921875
0 0.423438 0.916016 0.425 0.914062 0.426563 0.916016 0.425 0.917969
0 0.392188 0.871094 0.39375 0.869141 0.395313 0.871094 0.39375 0.873047
0 0.417187 0.869141 0.41875 0.867188 0.420312 0.869141 0.41875 0.871094
0 0.39375 0.869141 0.395313 0.867188 0.396875 0.867188 0.398438 0.869141 0.396875 0.871094 0.395313 0.871094
0 0.407813 0.867188 0.409375 0.865234 0.410938 0.867188 0.409375 0.869141
0 0.403125 0.867188 0.404687 0.865234 0.40625 0.867188 0.404687 0.869141
0 0.414062 0.861328 0.415625 0.859375 0.417187 0.861328 0.415625 0.863281
0 0.103125 0.15625 0.101562 0.158203 0.101562 0.160156 0.1 0.162109 0.1 0.164062 0.0984375 0.166016 0.0984375 0.169922 0.096875 0.171875 0.0953125 0.171875 0.0953125 0.181641 0.09375 0.183594 0.09375 0.1875 0.0921875 0.189453 0.0921875 0.195312 0.090625 0.197266 0.090625 0.214844 0.09375 0.214844 0.096875 0.21875 0.096875 0.220703 0.0984375 0.220703 0.1 0.222656 0.1 0.228516 0.104688 0.234375 0.107813 0.234375 0.110937 0.238281 0.1125 0.238281 0.114062 0.240234 0.132812 0.240234 0.134375 0.238281 0.135937 0.238281 0.1375 0.236328 0.139063 0.236328 0.140625 0.234375 0.142187 0.234375 0.14375 0.232422 0.146875 0.232422 0.151562 0.226562 0.151562 0.224609 0.153125 0.222656 0.153125 0.220703 0.154688 0.21875 0.154688 0.216797 0.15625 0.214844 0.15625 0.207031 0.157812 0.205078 0.157812 0.189453 0.159375 0.1875 0.159375 0.181641 0.157812 0.181641 0.15625 0.179688 0.15625 0.177734 0.154688 0.175781 0.154688 0.173828 0.153125 0.171875 0.151562 0.171875 0.146875 0.166016 0.142187 0.166016 0.140625 0.164062 0.139063 0.164062 0.1375 0.162109 0.134375 0.162109 0.132812 0.160156 0.128125 0.160156 0.126562 0.158203 0.120313 0.158203 0.11875 0.15625
0 0.142187 0.224609 0.14375 0.222656 0.145313 0.224609 0.14375 0.226562
0 0.14375 0.222656 0.145313 0.220703 0.146875 0.222656 0.145313 0.224609
0 0.148438 0.210938 0.15 0.208984 0.151562 0.210938 0.151562 0.212891 0.15 0.214844 0.148438 0.212891
0 0.148438 0.179688 0.15 0.177734 0.153125 0.181641 0.153125 0.183594 0.151562 0.185547 0.151562 0.1875 0.15 0.189453 0.148438 0.1875
0 0.10625 0.166016 0.107813 0.164062 0.109375 0.164062 0.110937 0.166016 0.109375 0.167969 0.107813 0.167969
0 0.117188 0.164062 0.11875 0.162109 0.120313 0.162109 0.121875 0.164062 0.120313 0.166016 0.11875 0.166016
0 0.98125 0.966797 0.979688 0.96875 0.975 0.96875 0.973437 0.970703 0.971875 0.970703 0.970313 0.972656 0.967187 0.972656 0.965625 0.974609 0.965625 0.976562 0.964063 0.978516 0.964063 0.980469 0.9625 0.982422 0.9625 0.990234 0.965625 0.990234 0.965625 0.986328 0.967187 0.984375 0.96875 0.986328 0.96875 0.992188 0.965625 0.996094 0.964063 0.994141 0.964063 0.996094 0.965625 0.998047 0.998437 0.998047 0.998437 0.970703 0.996875 0.96875 0.996875 0.966797
0 0.96875 0.978516 0.970313 0.976562 0.973437 0.976562 0.975 0.978516 0.971875 0.982422 0.970313 0.982422 0.96875 0.980469
0 0.979688 0.974609 0.98125 0.972656 0.982812 0.974609 0.98125 0.976562
0 0.976562 0.974609 0.978125 0.972656 0.979688 0.974609 0.978125 0.976562
0 0.35 0.433594 0.348438 0.435547 0.346875 0.435547 0.345313 0.4375 0.340625 0.4375 0.339062 0.439453 0.334375 0.439453 0.335938 0.439453 0.3375 0.441406 0.335938 0.443359 0.335938 0.445312 0.332813 0.449219 0.33125 0.449219 0.329688 0.447266 0.328125 0.447266 0.329688 0.449219 0.329688 0.453125 0.328125 0.455078 0.323437 0.455078 0.321875 0.457031 0.320312 0.457031 0.321875 0.458984 0.320312 0.460938 0.31875 0.460938 0.31875 0.462891 0.320312 0.464844 0.320312 0.466797 0.321875 0.46875 0.31875 0.472656 0.317188 0.470703 0.317188 0.46875 0.317188 0.474609 0.31875 0.476562 0.31875 0.478516 0.317188 0.480469 0.321875 0.480469 0.323437 0.478516 0.326562 0.478516 0.33125 0.484375 0.332813 0.484375 0.334375 0.486328 0.335938 0.486328 0.3375 0.488281 0.3375 0.492188 0.342187 0.486328 0.34375 0.488281 0.34375 0.490234 0.34375 0.488281 0.345313 0.486328 0.348438 0.486328 0.351562 0.490234 0.351562 0.492188 0.351562 0.488281 0.35 0.486328 0.35 0.482422 0.351562 0.480469 0.353125 0.480469 0.354687 0.482422 0.35625 0.482422 0.35625 0.480469 0.353125 0.480469 0.351562 0.478516 0.351562 0.476562 0.354687 0.472656 0.35625 0.472656 0.357812 0.470703 0.357812 0.466797 0.360938 0.462891 0.3625 0.464844 0.364063 0.462891 0.3625 0.460938 0.364063 0.458984 0.364063 0.457031 0.3625 0.458984 0.360938 0.457031 0.360938 0.449219 0.359375 0.449219 0.357812 0.447266 0.357812 0.445312 0.359375 0.443359 0.357812 0.443359 0.354687 0.439453 0.354687 0.435547 0.351562 0.435547
0 0.13125 0.347656 0.13125 0.351562 0.129688 0.353516 0.128125 0.353516 0.128125 0.355469 0.126562 0.357422 0.123438 0.357422 0.115625 0.367188 0.114062 0.367188 0.114062 0.369141 0.1125 0.371094 0.110937 0.371094 0.110937 0.375 0.109375 0.376953 0.109375 0.378906 0.107813 0.380859 0.107813 0.384766 0.10625 0.386719 0.103125 0.386719 0.103125 0.388672 0.096875 0.396484 0.0953125 0.396484 0.09375 0.398438 0.09375 0.408203 0.0921875 0.410156 0.0921875 0.419922 0.090625 0.421875 0.090625 0.429688 0.0890625 0.431641 0.0890625 0.435547 0.0875 0.4375 0.0859375 0.4375 0.0875 0.439453 0.0875 0.443359 0.0859375 0.445312 0.0875 0.447266 0.0875 0.451172 0.0859375 0.453125 0.0859375 0.455078 0.0875 0.453125 0.0890625 0.455078 0.0890625 0.457031 0.0859375 0.460938 0.0875 0.462891 0.0890625 0.462891 0.090625 0.460938 0.0921875 0.462891 0.09375 0.462891 0.0953125 0.464844 0.0984375 0.464844 0.1 0.466797 0.101562 0.466797 0.101562 0.462891 0.1 0.460938 0.103125 0.457031 0.10625 0.460938 0.10625 0.462891 0.107813 0.462891 0.109375 0.460938 0.107813 0.458984 0.107813 0.457031 0.10625 0.457031 0.104688 0.455078 0.104688 0.453125 0.10625 0.451172 0.109375 0.451172 0.110937 0.449219 0.1125 0.449219 0.117188 0.455078 0.117188 0.458984 0.117188 0.453125 0.11875 0.451172 0.11875 0.449219 0.120313 0.447266 0.120313 0.445312 0.121875 0.443359 0.120313 0.441406 0.120313 0.439453 0.123438 0.435547 0.125 0.435547 0.125 0.433594 0.126562 0.431641 0.126562 0.427734 0.128125 0.425781 0.128125 0.419922 0.13125 0.416016 0.132812 0.416016 0.132812 0.398438 0.134375 0.396484 0.134375 0.394531 0.135937 0.392578 0.135937 0.390625 0.1375 0.388672 0.139063 0.388672 0.140625 0.386719 0.140625 0.384766 0.142187 0.382812 0.142187 0.380859 0.14375 0.378906 0.14375 0.376953 0.145313 0.375 0.145313 0.361328 0.148438 0.357422 0.15 0.357422 0.15 0.355469 0.148438 0.353516 0.146875 0.353516 0.14375 0.349609 0.142187 0.349609 0.140625 0.347656 0.139063 0.347656 0.139063 0.349609 0.1375 0.351562 0.1375 0.353516 0.135937 0.355469 0.134375 0.355469 0.132812 0.353516 0.132812 0.347656
0 0.496875 0.585938 0.495312 0.587891 0.49375 0.587891 0.490625 0.591797 0.4875 0.591797 0.4875 0.59375 0.485938 0.595703 0.485938 0.599609 0.4875 0.601562 0.4875 0.603516 0.490625 0.607422 0.490625 0.609375 0.501563 0.609375 0.503125 0.607422 0.503125 0.605469 0.498437 0.599609 0.501563 0.595703 0.503125 0.595703 0.503125 0.589844 0.501563 0.589844 0.498437 0.585938
0 0.625 0.140625 0.625 0.144531 0.623437 0.146484 0.617188 0.146484 0.615625 0.148438 0.614062 0.148438 0.610938 0.152344 0.609375 0.150391 0.609375 0.148438 0.60625 0.148438 0.60625 0.150391 0.604688 0.152344 0.603125 0.152344 0.603125 0.154297 0.601562 0.15625 0.601562 0.158203 0.6 0.160156 0.6 0.166016 0.598437 0.167969 0.598437 0.171875 0.596875 0.173828 0.596875 0.175781 0.595313 0.177734 0.590625 0.177734 0.590625 0.199219 0.59375 0.199219 0.595313 0.201172 0.595313 0.203125 0.596875 0.205078 0.596875 0.207031 0.598437 0.207031 0.601562 0.210938 0.601562 0.212891 0.60625 0.21875 0.60625 0.220703 0.607812 0.222656 0.607812 0.226562 0.610938 0.230469 0.6125 0.230469 0.617188 0.236328 0.617188 0.238281 0.620313 0.238281 0.621875 0.240234 0.621875 0.244141 0.623437 0.246094 0.623437 0.248047 0.625 0.248047 0.628125 0.251953 0.628125 0.253906 0.645312 0.253906 0.646875 0.255859 0.65 0.255859 0.65 0.253906 0.65625 0.246094 0.6625 0.246094 0.664062 0.244141 0.66875 0.244141 0.670312 0.242188 0.675 0.242188 0.676562 0.240234 0.68125 0.240234 0.682813 0.238281 0.6875 0.238281 0.6875 0.234375 0.689063 0.232422 0.689063 0.230469 0.690625 0.228516 0.690625 0.214844 0.692187 0.212891 0.692187 0.203125 0.690625 0.203125 0.689063 0.201172 0.689063 0.193359 0.6875 0.191406 0.6875 0.181641 0.685937 0.181641 0.684375 0.179688 0.684375 0.177734 0.682813 0.175781 0.682813 0.171875 0.679688 0.167969 0.679688 0.166016 0.678125 0.164062 0.678125 0.160156 0.675 0.15625 0.675 0.154297 0.667188 0.144531 0.664062 0.144531 0.6625 0.142578 0.654687 0.142578 0.653125 0.140625
0 0.629687 0.246094 0.63125 0.244141 0.632812 0.244141 0.634375 0.246094 0.634375 0.248047 0.632812 0.25 0.63125 0.25 0.629687 0.248047
0 0.626563 0.244141 0.628125 0.242188 0.629687 0.242188 0.63125 0.244141 0.629687 0.246094 0.628125 0.246094
0 0.625 0.242188 0.626563 0.240234 0.628125 0.242188 0.626563 0.244141
0 0.6625 0.238281 0.664062 0.236328 0.667188 0.236328 0.66875 0.238281 0.667188 0.240234 0.664062 0.240234
0 0.63125 0.238281 0.632812 0.236328 0.634375 0.238281 0.632812 0.240234
0 0.670312 0.236328 0.671875 0.234375 0.673438 0.234375 0.675 0.236328 0.673438 0.238281 0.671875 0.238281
0 0.620313 0.236328 0.621875 0.234375 0.623437 0.234375 0.625 0.236328 0.623437 0.238281 0.621875 0.238281
0 0.679688 0.228516 0.68125 0.230469 0.682813 0.230469 0.684375 0.232422 0.682813 0.234375 0.679688 0.234375 0.678125 0.236328 0.676562 0.236328 0.675 0.234375
0 0.61875 0.230469 0.620313 0.228516 0.621875 0.230469 0.621875 0.232422 0.620313 0.234375 0.61875 0.232422
0 0.671875 0.177734 0.673438 0.175781 0.675 0.177734 0.673438 0.179688
0 0.603125 0.169922 0.604688 0.167969 0.60625 0.169922 0.60625 0.175781 0.604688 0.177734 0.603125 0.175781
0 0.626563 0.150391 0.628125 0.148438 0.653125 0.148438 0.654687 0.150391 0.653125 0.152344 0.628125 0.152344
0 0.815625 0.970703 0.8125 0.974609 0.8125 0.976562 0.810937 0.978516 0.809375 0.976562 0.807813 0.978516 0.80625 0.978516 0.803125 0.982422 0.801562 0.982422 0.803125 0.984375 0.803125 0.986328 0.8 0.990234 0.8 0.998047 0.851562 0.998047 0.851562 0.996094 0.85 0.998047 0.848437 0.998047 0.845313 0.994141 0.845313 0.990234 0.846875 0.988281 0.84375 0.988281 0.83125 0.972656 0.829688 0.974609 0.828125 0.974609 0.826562 0.972656 0.826562 0.970703 0.825 0.972656 0.817187 0.972656
0 0.798438 0.738281 0.796875 0.740234 0.79375 0.740234 0.792188 0.742188 0.790625 0.742188 0.789062 0.744141 0.7875 0.744141 0.784375 0.748047 0.779687 0.742188 0.78125 0.740234 0.779687 0.742188 0.778125 0.742188 0.778125 0.744141 0.779687 0.746094 0.778125 0.748047 0.778125 0.75 0.775 0.753906 0.773438 0.753906 0.773438 0.755859 0.76875 0.761719 0.76875 0.765625 0.767188 0.767578 0.765625 0.767578 0.765625 0.794922 0.767188 0.796875 0.767188 0.804688 0.765625 0.806641 0.764062 0.806641 0.7625 0.804688 0.760938 0.806641 0.760938 0.810547 0.767188 0.810547 0.76875 0.8125 0.76875 0.818359 0.771875 0.822266 0.771875 0.824219 0.773438 0.826172 0.773438 0.828125 0.778125 0.833984 0.778125 0.837891 0.779687 0.839844 0.779687 0.841797 0.78125 0.84375 0.78125 0.847656 0.784375 0.851562 0.785937 0.851562 0.7875 0.849609 0.789062 0.849609 0.792188 0.853516 0.792188 0.855469 0.79375 0.857422 0.795312 0.857422 0.798438 0.861328 0.798438 0.867188 0.8 0.869141 0.8 0.873047 0.801562 0.871094 0.803125 0.873047 0.803125 0.867188 0.801562 0.865234 0.804688 0.861328 0.807813 0.865234 0.817187 0.865234 0.817187 0.863281 0.81875 0.861328 0.823438 0.861328 0.826562 0.865234 0.826562 0.867188 0.828125 0.865234 0.829688 0.865234 0.83125 0.867188 0.832812 0.867188 0.834375 0.869141 0.834375 0.871094 0.834375 0.869141 0.839063 0.863281 0.8375 0.861328 0.840625 0.857422 0.842187 0.857422 0.846875 0.863281 0.846875 0.859375 0.845313 0.857422 0.846875 0.855469 0.85 0.855469 0.853125 0.851562 0.85625 0.851562 0.857812 0.849609 0.860938 0.849609 0.8625 0.851562 0.8625 0.849609 0.859375 0.849609 0.857812 0.847656 0.859375 0.845703 0.859375 0.832031 0.860938 0.830078 0.8625 0.832031 0.865625 0.832031 0.865625 0.830078 0.864062 0.828125 0.8625 0.828125 0.860938 0.830078 0.859375 0.828125 0.859375 0.824219 0.860938 0.822266 0.8625 0.822266 0.8625 0.820312 0.859375 0.816406 0.859375 0.8125 0.857812 0.810547 0.857812 0.804688 0.859375 0.802734 0.85625 0.798828 0.85625 0.796875 0.854688 0.796875 0.853125 0.794922 0.853125 0.792969 0.854688 0.791016 0.854688 0.779297 0.851562 0.779297 0.85 0.777344 0.85 0.775391 0.848437 0.775391 0.846875 0.773438 0.848437 0.771484 0.846875 0.771484 0.84375 0.767578 0.84375 0.765625 0.842187 0.765625 0.839063 0.761719 0.839063 0.757812 0.835938 0.757812 0.834375 0.755859 0.834375 0.753906 0.832812 0.751953 0.832812 0.748047 0.829688 0.751953 0.828125 0.75 0.826562 0.75 0.825 0.748047 0.825 0.746094 0.823438 0.746094 0.821875 0.744141 0.821875 0.742188 0.820312 0.742188 0.81875 0.740234 0.817187 0.740234 0.815625 0.738281
0 0.775 0.806641 0.776563 0.804688 0.778125 0.806641 0.776563 0.808594
0 0.771875 0.783203 0.773438 0.78125 0.776563 0.785156 0.776563 0.787109 0.775 0.789062 0.775 0.791016 0.776563 0.792969 0.776563 0.798828 0.775 0.800781 0.771875 0.796875
0 0.353125 0.699219 0.345313 0.708984 0.345313 0.716797 0.34375 0.71875 0.34375 0.722656 0.342187 0.724609 0.34375 0.726562 0.34375 0.730469 0.345313 0.732422 0.345313 0.736328 0.346875 0.738281 0.346875 0.740234 0.348438 0.740234 0.35 0.742188 0.35 0.744141 0.354687 0.75 0.35625 0.75 0.357812 0.751953 0.359375 0.751953 0.3625 0.755859 0.364063 0.755859 0.365625 0.753906 0.370312 0.753906 0.378125 0.744141 0.379688 0.744141 0.382812 0.740234 0.382812 0.736328 0.384375 0.734375 0.384375 0.732422 0.385937 0.730469 0.385937 0.726562 0.384375 0.724609 0.384375 0.714844 0.382812 0.712891 0.382812 0.710938 0.38125 0.708984 0.379688 0.708984 0.375 0.703125 0.370312 0.703125 0.367188 0.699219 0.357812 0.699219 0.35625 0.701172 0.354687 0.699219
0 0.475 0.830078 0.473438 0.832031 0.46875 0.832031 0.467187 0.833984 0.464062 0.833984 0.4625 0.835938 0.45625 0.835938 0.454688 0.837891 0.453125 0.837891 0.45 0.841797 0.45 0.845703 0.448437 0.847656 0.448437 0.865234 0.451562 0.865234 0.453125 0.867188 0.454688 0.867188 0.45625 0.869141 0.457813 0.869141 0.459375 0.871094 0.459375 0.873047 0.4625 0.873047 0.467187 0.878906 0.471875 0.878906 0.473438 0.880859 0.489063 0.880859 0.490625 0.878906 0.495312 0.878906 0.496875 0.876953 0.5 0.876953 0.5 0.851562 0.498437 0.849609 0.498437 0.847656 0.496875 0.845703 0.496875 0.841797 0.495312 0.839844 0.495312 0.835938 0.492188 0.835938 0.490625 0.833984 0.489063 0.833984 0.4875 0.832031 0.4875 0.830078
0 0.475 0.875 0.476562 0.873047 0.479687 0.873047 0.48125 0.875 0.479687 0.876953 0.476562 0.876953
0 0 0 0 0.0507812 0.0015625 0.0507812 0.003125 0.0488281 0.0078125 0.0488281 0.009375 0.046875 0.0109375 0.046875 0.0125 0.0488281 0.0125 0.0507812 0.0140625 0.0488281 0.0140625 0.046875 0.015625 0.0449219 0.01875 0.0449219 0.0203125 0.046875 0.021875 0.0449219 0.0234375 0.046875 0.0234375 0.0488281 0.025 0.0488281 0.0265625 0.0507812 0.0265625 0.0527344 0.0265625 0.0507812 0.03125 0.0449219 0.034375 0.0449219 0.0359375 0.0429688 0.040625 0.0429688 0.0421875 0.0410156 0.04375 0.0410156 0.0453125 0.0429688 0.0453125 0.0390625 0.0484375 0.0351562 0.05 0.0351562 0.0515625 0.0371094 0.05 0.0390625 0.0515625 0.0390625 0.0515625 0.0351562 0.053125 0.0332031 0.0515625 0.03125 0.0515625 0.0273438 0.053125 0.0253906 0.0578125 0.0253906 0.059375 0.0273438 0.0609375 0.0253906 0.0609375 0.0195312 0.0625 0.0175781 0.0640625 0.0175781 0.0640625 0.0117188 0.0625 0.00976562 0.0640625 0.0078125 0.065625 0.0078125 0.0640625 0.00585938 0.0640625 0.00195312 0.0625 0
0 0.2 0.408203 0.196875 0.412109 0.195312 0.412109 0.19375 0.414062 0.192188 0.414062 0.190625 0.416016 0.189062 0.416016 0.189062 0.421875 0.184375 0.427734 0.184375 0.4375 0.182812 0.439453 0.182812 0.455078 0.184375 0.457031 0.184375 0.460938 0.185938 0.460938 0.1875 0.462891 0.189062 0.462891 0.190625 0.464844 0.204687 0.464844 0.20625 0.462891 0.207813 0.462891 0.210938 0.458984 0.2125 0.458984 0.214062 0.457031 0.215625 0.457031 0.21875 0.453125 0.21875 0.451172 0.220312 0.449219 0.220312 0.417969 0.21875 0.416016 0.21875 0.414062 0.217188 0.414062 0.215625 0.412109 0.214062 0.412109 0.2125 0.410156 0.204687 0.410156 0.203125 0.408203
0 0.195312 0.414062 0.196875 0.412109 0.198437 0.412109 0.2 0.414062 0.198437 0.416016 0.196875 0.416016
0 0.371875 0.0917969 0.370312 0.09375 0.367188 0.09375 0.364063 0.0976562 0.3625 0.0976562 0.360938 0.0996094 0.359375 0.0996094 0.35625 0.103516 0.35625 0.107422 0.353125 0.111328 0.351562 0.111328 0.345313 0.119141 0.345313 0.121094 0.34375 0.123047 0.34375 0.128906 0.342187 0.130859 0.342187 0.132812 0.339062 0.136719 0.339062 0.142578 0.3375 0.144531 0.3375 0.146484 0.335938 0.148438 0.335938 0.164062 0.339062 0.167969 0.339062 0.169922 0.340625 0.171875 0.346875 0.171875 0.35 0.175781 0.351562 0.175781 0.353125 0.177734 0.354687 0.177734 0.35625 0.179688 0.376563 0.179688 0.378125 0.177734 0.379688 0.177734 0.38125 0.175781 0.382812 0.177734 0.385937 0.173828 0.389062 0.173828 0.389062 0.171875 0.390625 0.169922 0.392188 0.169922 0.395313 0.166016 0.396875 0.166016 0.398438 0.164062 0.4 0.164062 0.403125 0.160156 0.404687 0.160156 0.404687 0.158203 0.40625 0.15625 0.407813 0.15625 0.409375 0.154297 0.410938 0.154297 0.4125 0.152344 0.4125 0.150391 0.414062 0.148438 0.415625 0.148438 0.415625 0.146484 0.417187 0.144531 0.417187 0.142578 0.41875 0.140625 0.420312 0.140625 0.421875 0.138672 0.421875 0.113281 0.41875 0.109375 0.41875 0.107422 0.414062 0.101562 0.414062 0.0996094 0.4125 0.0996094 0.410938 0.0976562 0.409375 0.0976562 0.407813 0.0957031 0.40625 0.0957031 0.403125 0.0917969
0 0.382812 0.167969 0.384375 0.166016 0.385937 0.167969 0.384375 0.169922
0 0.339062 0.160156 0.340625 0.158203 0.342187 0.158203 0.34375 0.160156 0.34375 0.162109 0.342187 0.164062
0 0.403125 0.150391 0.404687 0.148438 0.40625 0.148438 0.407813 0.150391 0.40625 0.152344 0.404687 0.152344
0 0.40625 0.146484 0.407813 0.144531 0.410938 0.144531 0.4125 0.146484 0.410938 0.148438 0.409375 0.148438 0.407813 0.150391 0.40625 0.148438
0 0.35 0.121094 0.351562 0.119141 0.353125 0.121094 0.351562 0.123047
0 0.415625 0.117188 0.417187 0.115234 0.41875 0.117188 0.41875 0.134766 0.417187 0.136719 0.417187 0.138672 0.415625 0.140625 0.414062 0.138672 0.414062 0.134766 0.415625 0.132812
0 0.39375 0.117188 0.395313 0.115234 0.396875 0.117188 0.395313 0.119141
0 0.3625 0.117188 0.364063 0.115234 0.365625 0.117188 0.364063 0.119141
0 0.353125 0.117188 0.354687 0.115234 0.35625 0.117188 0.354687 0.119141
0 0.359375 0.109375 0.360938 0.107422 0.3625 0.109375 0.360938 0.111328
0 0.375 0.0976562 0.376563 0.0957031 0.378125 0.0976562 0.376563 0.0996094
0 0.245312 0 0.24375 0.00195312 0.24375 0.0253906 0.246875 0.0253906 0.248438 0.0273438 0.246875 0.0292969 0.24375 0.0292969 0.24375 0.0332031 0.245312 0.0332031 0.246875 0.0351562 0.246875 0.0371094 0.248438 0.0390625 0.246875 0.0410156 0.246875 0.0507812 0.248438 0.0527344 0.246875 0.0546875 0.246875 0.0585938 0.25 0.0585938 0.251563 0.0566406 0.254688 0.0605469 0.253125 0.0625 0.253125 0.0664062 0.254688 0.0664062 0.25625 0.0683594 0.25625 0.0703125 0.257812 0.0703125 0.259375 0.0722656 0.260937 0.0722656 0.2625 0.0742188 0.264062 0.0742188 0.265625 0.0761719 0.270313 0.0761719 0.271875 0.078125 0.303125 0.078125 0.304688 0.0761719 0.30625 0.078125 0.30625 0.0800781 0.309375 0.0800781 0.309375 0.078125 0.307812 0.0761719 0.3125 0.0703125 0.314063 0.0703125 0.314063 0.0664062 0.317188 0.0625 0.317188 0.0605469 0.31875 0.0585938 0.31875 0.0488281 0.320312 0.046875 0.320312 0.0292969 0.31875 0.0273438 0.31875 0.0214844 0.317188 0.0195312 0.317188 0.015625 0.315625 0.0136719 0.315625 0.00976562 0.3125 0.00585938 0.3125 0
0 0.271875 0.0703125 0.273438 0.0683594 0.276562 0.0683594 0.278125 0.0703125 0.276562 0.0722656 0.273438 0.0722656
0 0.25625 0.03125 0.257812 0.0292969 0.259375 0.03125 0.259375 0.0332031 0.257812 0.0351562 0.25625 0.0332031
0 0.30625 0.0292969 0.307812 0.0273438 0.309375 0.0292969 0.309375 0.03125 0.307812 0.0332031 0.30625 0.03125
0 0.246875 0.0195312 0.248438 0.0175781 0.25 0.0195312 0.25 0.0214844 0.248438 0.0234375 0.246875 0.0214844
0 0.251563 0.00585938 0.253125 0.00390625 0.254688 0.00585938 0.253125 0.0078125
0 0.179688 0.59375 0.179688 0.595703 0.178125 0.597656 0.178125 0.599609 0.176563 0.601562 0.173437 0.601562 0.171875 0.599609 0.170313 0.601562 0.16875 0.601562 0.167187 0.599609 0.165625 0.599609 0.167187 0.601562 0.165625 0.603516 0.164062 0.603516 0.1625 0.605469 0.160938 0.605469 0.157812 0.609375 0.157812 0.611328 0.15625 0.613281 0.15625 0.615234 0.153125 0.619141 0.153125 0.626953 0.154688 0.628906 0.154688 0.632812 0.15625 0.634766 0.154688 0.636719 0.15625 0.636719 0.159375 0.640625 0.159375 0.642578 0.1625 0.646484 0.164062 0.646484 0.165625 0.648438 0.167187 0.648438 0.170313 0.652344 0.175 0.652344 0.178125 0.65625 0.185938 0.646484 0.1875 0.646484 0.190625 0.650391 0.190625 0.646484 0.195312 0.640625 0.19375 0.638672 0.19375 0.636719 0.195312 0.634766 0.196875 0.634766 0.198437 0.632812 0.196875 0.630859 0.2 0.626953 0.201563 0.626953 0.2 0.626953 0.198437 0.625 0.198437 0.623047 0.2 0.621094 0.198437 0.619141 0.2 0.617188 0.196875 0.613281 0.198437 0.611328 0.196875 0.611328 0.195312 0.609375 0.19375 0.609375 0.190625 0.605469 0.190625 0.603516 0.189062 0.601562 0.185938 0.601562 0.182812 0.597656 0.182812 0.595703 0.18125 0.597656 0.179688 0.595703
0 0.7625 0.638672 0.760938 0.640625 0.754687 0.640625 0.751563 0.644531 0.751563 0.646484 0.75 0.648438 0.745313 0.648438 0.745313 0.65625 0.74375 0.658203 0.74375 0.662109 0.742188 0.664062 0.742188 0.666016 0.74375 0.664062 0.745313 0.666016 0.745313 0.683594 0.754687 0.695312 0.760938 0.695312 0.764062 0.699219 0.770312 0.699219 0.771875 0.701172 0.771875 0.703125 0.776563 0.703125 0.778125 0.705078 0.779687 0.705078 0.78125 0.707031 0.782813 0.705078 0.789062 0.705078 0.792188 0.701172 0.792188 0.699219 0.795312 0.695312 0.795312 0.689453 0.796875 0.6875 0.795312 0.685547 0.796875 0.683594 0.796875 0.679688 0.795312 0.677734 0.795312 0.669922 0.792188 0.666016 0.792188 0.658203 0.785937 0.650391 0.785937 0.648438 0.784375 0.646484 0.782813 0.646484 0.779687 0.642578 0.779687 0.640625 0.778125 0.638672 0.776563 0.640625 0.773438 0.640625 0.771875 0.638672 0.767188 0.638672 0.765625 0.640625 0.764062 0.638672
0 0.75625 0.673828 0.757812 0.671875 0.759375 0.673828 0.757812 0.675781
0 0.754687 0.671875 0.75625 0.669922 0.757812 0.671875 0.75625 0.673828
0 0.73125 0.662109 0.729688 0.664062 0.721875 0.664062 0.720313 0.666016 0.71875 0.666016 0.717187 0.667969 0.715625 0.667969 0.715625 0.669922 0.714063 0.671875 0.7125 0.671875 0.710938 0.673828 0.709375 0.673828 0.70625 0.677734 0.704688 0.677734 0.703125 0.679688 0.703125 0.701172 0.704688 0.703125 0.704688 0.708984 0.70625 0.710938 0.70625 0.714844 0.709375 0.71875 0.709375 0.722656 0.7125 0.726562 0.7125 0.728516 0.714063 0.730469 0.714063 0.732422 0.715625 0.734375 0.715625 0.736328 0.71875 0.740234 0.732812 0.740234 0.734375 0.738281 0.748437 0.738281 0.75 0.736328 0.751563 0.736328 0.754687 0.732422 0.75625 0.732422 0.75625 0.730469 0.757812 0.728516 0.757812 0.703125 0.754687 0.699219 0.754687 0.697266 0.74375 0.683594 0.74375 0.677734 0.742188 0.675781 0.742188 0.673828 0.740625 0.671875 0.740625 0.667969 0.735938 0.662109
0 0.721875 0.734375 0.723437 0.732422 0.726562 0.732422 0.728125 0.734375 0.726562 0.736328 0.723437 0.736328
0 0.75 0.724609 0.751563 0.722656 0.753125 0.724609 0.753125 0.726562 0.751563 0.728516 0.75 0.726562
0 0.710938 0.712891 0.7125 0.710938 0.714063 0.712891 0.7125 0.714844
0 0.751563 0.708984 0.753125 0.707031 0.754687 0.708984 0.753125 0.710938
0 0.74375 0.707031 0.745313 0.705078 0.746875 0.707031 0.745313 0.708984
0 0.720313 0.693359 0.721875 0.691406 0.723437 0.693359 0.721875 0.695312
0 0.71875 0.673828 0.720313 0.671875 0.721875 0.673828 0.720313 0.675781
0 0.725 0.669922 0.726562 0.667969 0.728125 0.669922 0.726562 0.671875
0 0.873437 0.777344 0.873437 0.78125 0.875 0.783203 0.875 0.785156 0.876563 0.785156 0.878125 0.787109 0.878125 0.791016 0.879687 0.792969 0.879687 0.796875 0.88125 0.798828 0.88125 0.800781 0.885938 0.806641 0.9 0.806641 0.9 0.802734 0.896875 0.798828 0.896875 0.791016 0.895312 0.789062 0.895312 0.783203 0.89375 0.78125 0.89375 0.779297 0.88125 0.779297 0.879687 0.777344
0 0.99375 0.183594 0.99375 0.1875 0.995313 0.189453 0.99375 0.191406 0.990625 0.191406 0.989062 0.189453 0.9875 0.189453 0.9875 0.193359 0.985938 0.195312 0.982812 0.195312 0.982812 0.197266 0.98125 0.199219 0.98125 0.201172 0.979688 0.203125 0.978125 0.201172 0.978125 0.203125 0.979688 0.205078 0.976562 0.208984 0.975 0.207031 0.975 0.208984 0.976562 0.208984 0.978125 0.210938 0.978125 0.212891 0.976562 0.214844 0.975 0.214844 0.973437 0.212891 0.973437 0.220703 0.975 0.222656 0.975 0.224609 0.973437 0.226562 0.976562 0.230469 0.976562 0.232422 0.975 0.234375 0.973437 0.234375 0.973437 0.236328 0.976562 0.236328 0.978125 0.238281 0.979688 0.236328 0.98125 0.238281 0.98125 0.240234 0.982812 0.240234 0.989062 0.248047 0.9875 0.25 0.9875 0.251953 0.990625 0.255859 0.990625 0.263672 0.9875 0.267578 0.989062 0.267578 0.992188 0.271484 0.992188 0.275391 0.99375 0.277344 0.99375 0.279297 0.995313 0.28125 0.995313 0.287109 0.99375 0.289062 0.99375 0.292969 0.995313 0.294922 0.995313 0.296875 0.995313 0.294922 0.996875 0.292969 0.998437 0.294922 0.998437 0.185547 0.996875 0.185547 0.995313 0.183594
0 0.40625 0.736328 0.401562 0.742188 0.4 0.742188 0.396875 0.746094 0.395313 0.746094 0.395313 0.751953 0.39375 0.753906 0.392188 0.753906 0.390625 0.755859 0.390625 0.759766 0.392188 0.759766 0.39375 0.761719 0.39375 0.763672 0.392188 0.765625 0.392188 0.767578 0.390625 0.769531 0.390625 0.775391 0.389062 0.777344 0.389062 0.785156 0.392188 0.789062 0.39375 0.787109 0.396875 0.791016 0.4 0.791016 0.401562 0.792969 0.409375 0.792969 0.4125 0.789062 0.415625 0.789062 0.415625 0.787109 0.417187 0.785156 0.41875 0.785156 0.41875 0.783203 0.421875 0.779297 0.423438 0.779297 0.423438 0.775391 0.425 0.773438 0.426563 0.775391 0.426563 0.773438 0.428125 0.771484 0.428125 0.769531 0.429688 0.767578 0.429688 0.765625 0.426563 0.761719 0.428125 0.759766 0.428125 0.755859 0.429688 0.753906 0.429688 0.751953 0.428125 0.753906 0.426563 0.753906 0.425 0.751953 0.425 0.75 0.426563 0.748047 0.426563 0.746094 0.425 0.744141 0.423438 0.744141 0.41875 0.738281 0.41875 0.736328 0.417187 0.738281 0.415625 0.738281 0.414062 0.736328
0 0.134375 0.808594 0.132812 0.810547 0.123438 0.810547 0.121875 0.8125 0.117188 0.8125 0.117188 0.814453 0.115625 0.816406 0.1125 0.816406 0.1125 0.818359 0.10625 0.826172 0.10625 0.839844 0.104688 0.841797 0.104688 0.855469 0.10625 0.857422 0.10625 0.859375 0.109375 0.863281 0.109375 0.867188 0.110937 0.869141 0.110937 0.871094 0.1125 0.873047 0.1125 0.875 0.114062 0.876953 0.114062 0.878906 0.115625 0.878906 0.117188 0.880859 0.11875 0.880859 0.120313 0.882812 0.120313 0.886719 0.121875 0.886719 0.123438 0.888672 0.123438 0.890625 0.126562 0.890625 0.128125 0.892578 0.13125 0.892578 0.13125 0.888672 0.132812 0.886719 0.134375 0.888672 0.134375 0.892578 0.148438 0.892578 0.151562 0.888672 0.154688 0.888672 0.15625 0.886719 0.15625 0.884766 0.157812 0.882812 0.164062 0.882812 0.167187 0.878906 0.16875 0.878906 0.171875 0.875 0.171875 0.871094 0.173437 0.869141 0.173437 0.867188 0.175 0.865234 0.175 0.863281 0.176563 0.861328 0.176563 0.859375 0.178125 0.857422 0.178125 0.839844 0.176563 0.837891 0.176563 0.835938 0.173437 0.832031 0.173437 0.830078 0.171875 0.828125 0.171875 0.826172 0.170313 0.826172 0.16875 0.824219 0.16875 0.820312 0.167187 0.818359 0.164062 0.818359 0.1625 0.816406 0.157812 0.816406 0.15625 0.814453 0.154688 0.814453 0.153125 0.8125 0.14375 0.8125 0.142187 0.810547 0.135937 0.810547
0 0.139063 0.882812 0.140625 0.880859 0.142187 0.882812 0.140625 0.884766
0 0.160938 0.875 0.1625 0.873047 0.164062 0.875 0.1625 0.876953
0 0.14375 0.871094 0.145313 0.869141 0.146875 0.871094 0.145313 0.873047
0 0.115625 0.871094 0.117188 0.869141 0.11875 0.869141 0.121875 0.873047 0.121875 0.875 0.120313 0.876953 0.11875 0.876953 0.115625 0.873047
0 0.165625 0.865234 0.167187 0.863281 0.16875 0.865234 0.167187 0.867188
0 0.171875 0.84375 0.173437 0.841797 0.175 0.84375 0.175 0.851562 0.173437 0.853516 0.171875 0.851562
0 0.109375 0.835938 0.110937 0.833984 0.1125 0.835938 0.1125 0.837891 0.110937 0.839844 0.109375 0.837891
0 0.451562 0 0.45 0.00195312 0.45 0.00390625 0.451562 0.00585938 0.45 0.0078125 0.448437 0.0078125 0.44375 0.0136719 0.442188 0.0136719 0.440625 0.015625 0.439063 0.015625 0.434375 0.0214844 0.434375 0.0234375 0.432812 0.0253906 0.43125 0.0253906 0.43125 0.0351562 0.440625 0.0351562 0.442188 0.0371094 0.439063 0.0410156 0.4375 0.0410156 0.440625 0.0410156 0.442188 0.0429688 0.44375 0.0429688 0.445312 0.0410156 0.448437 0.0410156 0.45 0.0390625 0.454688 0.0390625 0.45625 0.0371094 0.464062 0.0371094 0.465625 0.0351562 0.467187 0.0351562 0.471875 0.0410156 0.476562 0.0410156 0.478125 0.0390625 0.479687 0.0390625 0.48125 0.0371094 0.482812 0.0390625 0.485938 0.0351562 0.492188 0.0351562 0.49375 0.0371094 0.495312 0.0351562 0.496875 0.0351562 0.503125 0.0273438 0.510938 0.0273438 0.510938 0.0234375 0.5125 0.0214844 0.5125 0.0175781 0.510938 0.0195312 0.509375 0.0175781 0.509375 0.015625 0.510938 0.0136719 0.510938 0.0117188 0.5125 0.00976562 0.514062 0.00976562 0.514062 0.00585938 0.515625 0.00390625 0.517188 0.00390625 0.515625 0.00195312 0.517188 0 0.51875 0
0 0.44375 0.03125 0.445312 0.0292969 0.446875 0.03125 0.445312 0.0332031
0 0.690625 0.269531 0.689063 0.271484 0.684375 0.271484 0.682813 0.273438 0.68125 0.273438 0.679688 0.275391 0.678125 0.275391 0.675 0.279297 0.673438 0.279297 0.671875 0.28125 0.670312 0.28125 0.670312 0.283203 0.66875 0.285156 0.66875 0.287109 0.667188 0.289062 0.6625 0.289062 0.660937 0.291016 0.660937 0.298828 0.659375 0.300781 0.659375 0.304688 0.657813 0.306641 0.654687 0.306641 0.654687 0.318359 0.653125 0.320312 0.653125 0.322266 0.654687 0.322266 0.65625 0.324219 0.657813 0.324219 0.659375 0.326172 0.659375 0.333984 0.665625 0.341797 0.665625 0.34375 0.667188 0.345703 0.66875 0.345703 0.670312 0.347656 0.670312 0.349609 0.671875 0.351562 0.671875 0.353516 0.670312 0.355469 0.709375 0.355469 0.710938 0.353516 0.714063 0.353516 0.714063 0.351562 0.715625 0.349609 0.717187 0.349609 0.717187 0.347656 0.720313 0.34375 0.721875 0.34375 0.721875 0.339844 0.723437 0.337891 0.723437 0.332031 0.725 0.330078 0.725 0.322266 0.726562 0.320312 0.726562 0.289062 0.725 0.289062 0.720313 0.283203 0.720313 0.28125 0.717187 0.277344 0.715625 0.277344 0.7125 0.273438 0.709375 0.273438 0.707812 0.271484 0.703125 0.271484 0.701562 0.269531
0 0.7125 0.341797 0.714063 0.341797 0.715625 0.34375 0.714063 0.345703 0.714063 0.347656 0.7125 0.349609 0.710938 0.349609 0.709375 0.347656 0.709375 0.345703
0 0.715625 0.339844 0.717187 0.337891 0.71875 0.339844 0.717187 0.341797
0 0.671875 0.294922 0.673438 0.296875 0.673438 0.300781 0.671875 0.302734 0.670312 0.302734 0.66875 0.300781 0.66875 0.298828
0 0.710938 0.294922 0.7125 0.292969 0.714063 0.294922 0.7125 0.296875
0 0.684375 0.285156 0.685937 0.283203 0.6875 0.285156 0.685937 0.287109
0 0.689063 0.279297 0.690625 0.277344 0.692187 0.279297 0.690625 0.28125
0 0.703125 0.277344 0.704688 0.275391 0.70625 0.277344 0.704688 0.279297
0 0.45625 0.875 0.45625 0.884766 0.454688 0.886719 0.45625 0.888672 0.45625 0.900391 0.453125 0.904297 0.453125 0.910156 0.45 0.914062 0.45 0.916016 0.451562 0.916016 0.453125 0.917969 0.451562 0.919922 0.451562 0.921875 0.453125 0.923828 0.453125 0.925781 0.454688 0.927734 0.454688 0.929688 0.45625 0.931641 0.457813 0.931641 0.459375 0.933594 0.459375 0.939453 0.460938 0.939453 0.4625 0.941406 0.4625 0.943359 0.464062 0.945312 0.46875 0.945312 0.470313 0.947266 0.473438 0.947266 0.475 0.949219 0.478125 0.949219 0.479687 0.951172 0.482812 0.947266 0.484375 0.949219 0.484375 0.951172 0.485938 0.949219 0.489063 0.949219 0.490625 0.947266 0.492188 0.949219 0.492188 0.947266 0.49375 0.945312 0.495312 0.945312 0.496875 0.947266 0.5 0.943359 0.501563 0.943359 0.504687 0.939453 0.504687 0.9375 0.50625 0.935547 0.507812 0.935547 0.510938 0.931641 0.510938 0.921875 0.5125 0.919922 0.510938 0.919922 0.507812 0.916016 0.507812 0.912109 0.504687 0.908203 0.504687 0.90625 0.503125 0.904297 0.501563 0.904297 0.5 0.902344 0.5 0.900391 0.498437 0.900391 0.496875 0.898438 0.495312 0.898438 0.492188 0.894531 0.4875 0.894531 0.484375 0.890625 0.48125 0.890625 0.479687 0.888672 0.478125 0.888672 0.476562 0.886719 0.475 0.886719 0.473438 0.884766 0.471875 0.884766 0.46875 0.880859 0.467187 0.880859 0.465625 0.882812 0.4625 0.882812 0.459375 0.878906 0.457813 0.878906 0.45625 0.876953 0.457813 0.875
0 0.535937 0.632812 0.534375 0.634766 0.526563 0.634766 0.526563 0.636719 0.521875 0.642578 0.51875 0.642578 0.517188 0.640625 0.517188 0.642578 0.51875 0.642578 0.520312 0.644531 0.520312 0.650391 0.51875 0.652344 0.517188 0.652344 0.51875 0.654297 0.51875 0.65625 0.520312 0.658203 0.51875 0.660156 0.51875 0.664062 0.520312 0.664062 0.523438 0.667969 0.523438 0.669922 0.525 0.671875 0.526563 0.669922 0.528125 0.669922 0.529687 0.671875 0.532813 0.671875 0.534375 0.673828 0.534375 0.675781 0.535937 0.675781 0.539062 0.671875 0.54375 0.671875 0.545312 0.673828 0.546875 0.673828 0.545312 0.671875 0.546875 0.669922 0.548438 0.669922 0.548438 0.667969 0.55 0.666016 0.55 0.664062 0.548438 0.662109 0.548438 0.660156 0.55 0.658203 0.551562 0.658203 0.551562 0.65625 0.553125 0.654297 0.551562 0.654297 0.55 0.652344 0.551562 0.650391 0.55 0.650391 0.548438 0.648438 0.548438 0.646484 0.55 0.644531 0.548438 0.642578 0.548438 0.640625 0.545312 0.640625 0.542188 0.636719 0.540625 0.636719 0.5375 0.632812
0 0.267188 0.253906 0.264062 0.257812 0.2625 0.257812 0.259375 0.261719 0.25625 0.261719 0.254688 0.263672 0.253125 0.263672 0.251563 0.265625 0.25 0.265625 0.246875 0.269531 0.24375 0.269531 0.24375 0.271484 0.2375 0.279297 0.2375 0.28125 0.229687 0.291016 0.228125 0.291016 0.223438 0.296875 0.223438 0.316406 0.225 0.316406 0.226562 0.318359 0.226562 0.320312 0.229687 0.324219 0.229687 0.326172 0.23125 0.328125 0.23125 0.332031 0.234375 0.335938 0.234375 0.339844 0.235937 0.339844 0.2375 0.341797 0.2375 0.34375 0.240625 0.347656 0.240625 0.345703 0.242188 0.34375 0.24375 0.34375 0.245312 0.345703 0.245312 0.347656 0.246875 0.349609 0.246875 0.351562 0.253125 0.34375 0.254688 0.34375 0.25625 0.345703 0.25625 0.347656 0.259375 0.347656 0.260937 0.345703 0.260937 0.34375 0.2625 0.341797 0.267188 0.341797 0.270313 0.337891 0.273438 0.337891 0.275 0.335938 0.275 0.332031 0.276562 0.330078 0.279687 0.330078 0.28125 0.332031 0.28125 0.333984 0.282813 0.332031 0.282813 0.330078 0.284375 0.328125 0.2875 0.328125 0.289062 0.326172 0.290625 0.328125 0.290625 0.326172 0.29375 0.322266 0.295312 0.322266 0.295312 0.318359 0.296875 0.316406 0.296875 0.314453 0.301563 0.308594 0.301563 0.304688 0.303125 0.302734 0.303125 0.300781 0.304688 0.298828 0.303125 0.296875 0.3 0.296875 0.298438 0.294922 0.298438 0.292969 0.3 0.291016 0.3 0.289062 0.296875 0.289062 0.295312 0.287109 0.295312 0.285156 0.3 0.279297 0.3 0.277344 0.298438 0.275391 0.298438 0.273438 0.296875 0.273438 0.295312 0.271484 0.295312 0.269531 0.29375 0.267578 0.29375 0.265625 0.292187 0.263672 0.292187 0.261719 0.289062 0.257812 0.289062 0.255859 0.2875 0.255859 0.285938 0.257812 0.284375 0.257812 0.28125 0.253906
0 0.321875 0.802734 0.31875 0.806641 0.317188 0.806641 0.317188 0.808594 0.315625 0.810547 0.314063 0.810547 0.314063 0.820312 0.315625 0.822266 0.314063 0.824219 0.315625 0.826172 0.315625 0.830078 0.31875 0.833984 0.320312 0.833984 0.321875 0.835938 0.323437 0.835938 0.325 0.837891 0.326562 0.837891 0.328125 0.839844 0.332813 0.839844 0.334375 0.837891 0.335938 0.837891 0.339062 0.833984 0.342187 0.833984 0.34375 0.832031 0.34375 0.830078 0.345313 0.828125 0.345313 0.816406 0.34375 0.814453 0.34375 0.810547 0.342187 0.810547 0.339062 0.806641 0.339062 0.804688 0.3375 0.804688 0.335938 0.802734
0 0.171875 0.359375 0.171875 0.361328 0.16875 0.365234 0.16875 0.369141 0.164062 0.375 0.1625 0.375 0.160938 0.376953 0.159375 0.376953 0.15625 0.380859 0.15625 0.384766 0.154688 0.386719 0.153125 0.386719 0.153125 0.392578 0.151562 0.394531 0.151562 0.396484 0.148438 0.400391 0.148438 0.404297 0.146875 0.40625 0.146875 0.423828 0.148438 0.425781 0.148438 0.429688 0.151562 0.429688 0.153125 0.431641 0.153125 0.433594 0.173437 0.433594 0.176563 0.429688 0.178125 0.429688 0.184375 0.421875 0.185938 0.421875 0.1875 0.419922 0.1875 0.416016 0.189062 0.414062 0.190625 0.414062 0.192188 0.412109 0.19375 0.412109 0.195312 0.410156 0.196875 0.410156 0.198437 0.408203 0.198437 0.40625 0.201563 0.402344 0.201563 0.400391 0.203125 0.398438 0.203125 0.376953 0.204687 0.375 0.20625 0.375 0.20625 0.371094 0.204687 0.371094 0.203125 0.369141 0.203125 0.367188 0.201563 0.365234 0.201563 0.363281 0.2 0.363281 0.198437 0.361328 0.19375 0.361328 0.192188 0.359375
0 0 0.419922 0 0.515625 0.0046875 0.515625 0.00625 0.517578 0.00625 0.519531 0.0078125 0.521484 0.015625 0.521484 0.015625 0.519531 0.0171875 0.517578 0.021875 0.517578 0.0234375 0.515625 0.025 0.515625 0.025 0.509766 0.028125 0.505859 0.028125 0.503906 0.03125 0.5 0.03125 0.490234 0.0328125 0.488281 0.034375 0.488281 0.034375 0.486328 0.0359375 0.484375 0.0359375 0.460938 0.034375 0.460938 0.0328125 0.458984 0.0328125 0.455078 0.03125 0.453125 0.03125 0.445312 0.0296875 0.443359 0.0296875 0.441406 0.028125 0.441406 0.0265625 0.439453 0.0265625 0.4375 0.025 0.435547 0.025 0.433594 0.0234375 0.431641 0.0234375 0.429688 0.021875 0.429688 0.01875 0.425781 0.0171875 0.425781 0.015625 0.423828 0.015625 0.421875 0.0140625 0.421875 0.0125 0.419922 0.0078125 0.419922 0.0078125 0.421875 0.00625 0.423828 0.0046875 0.423828 0.003125 0.421875 0.0015625 0.421875
0 0.0015625 0.507812 0.003125 0.505859 0.0046875 0.505859 0.00625 0.507812 0.0046875 0.509766 0.003125 0.509766
0 0.0234375 0.492188 0.025 0.490234 0.0265625 0.492188 0.025 0.494141
0 0.0203125 0.445312 0.021875 0.443359 0.0234375 0.445312 0.0234375 0.447266 0.021875 0.449219 0.0203125 0.447266
0 0.0109375 0.429688 0.0125 0.427734 0.0140625 0.429688 0.0125 0.431641
0 0.542188 0.726562 0.540625 0.728516 0.5375 0.728516 0.53125 0.736328 0.53125 0.753906 0.532813 0.755859 0.532813 0.759766 0.534375 0.761719 0.534375 0.765625 0.535937 0.767578 0.5375 0.767578 0.539062 0.769531 0.539062 0.771484 0.5375 0.773438 0.534375 0.773438 0.534375 0.775391 0.542188 0.775391 0.546875 0.78125 0.546875 0.783203 0.55 0.783203 0.551562 0.78125 0.553125 0.783203 0.55625 0.783203 0.557813 0.785156 0.560937 0.785156 0.560937 0.783203 0.564063 0.779297 0.565625 0.78125 0.565625 0.783203 0.565625 0.78125 0.567187 0.779297 0.567187 0.777344 0.56875 0.775391 0.570312 0.777344 0.571875 0.777344 0.570312 0.775391 0.570312 0.773438 0.571875 0.771484 0.571875 0.769531 0.570312 0.767578 0.570312 0.765625 0.573438 0.761719 0.575 0.761719 0.576562 0.759766 0.576562 0.757812 0.573438 0.753906 0.575 0.751953 0.573438 0.751953 0.571875 0.75 0.571875 0.748047 0.564063 0.738281 0.564063 0.734375 0.5625 0.734375 0.559375 0.730469 0.55625 0.730469 0.554688 0.728516 0.553125 0.728516 0.551562 0.726562
0 0.25 0.113281 0.246875 0.117188 0.246875 0.119141 0.245312 0.121094 0.24375 0.121094 0.242188 0.123047 0.242188 0.125 0.240625 0.126953 0.240625 0.128906 0.239063 0.130859 0.239063 0.132812 0.2375 0.134766 0.2375 0.136719 0.235937 0.138672 0.235937 0.142578 0.234375 0.144531 0.234375 0.164062 0.235937 0.166016 0.2375 0.166016 0.239063 0.167969 0.239063 0.169922 0.242188 0.173828 0.242188 0.175781 0.245312 0.179688 0.245312 0.181641 0.246875 0.183594 0.246875 0.185547 0.248438 0.1875 0.25 0.1875 0.253125 0.191406 0.267188 0.191406 0.267188 0.189453 0.270313 0.185547 0.271875 0.185547 0.276562 0.179688 0.278125 0.179688 0.279687 0.177734 0.28125 0.177734 0.284375 0.173828 0.284375 0.171875 0.285938 0.169922 0.2875 0.169922 0.289062 0.167969 0.290625 0.167969 0.290625 0.166016 0.29375 0.162109 0.29375 0.160156 0.296875 0.15625 0.296875 0.152344 0.298438 0.150391 0.298438 0.134766 0.292187 0.126953 0.290625 0.126953 0.289062 0.125 0.289062 0.121094 0.284375 0.121094 0.28125 0.117188 0.279687 0.117188 0.278125 0.115234 0.276562 0.115234 0.275 0.113281
0 0.25625 0.185547 0.257812 0.183594 0.2625 0.183594 0.264062 0.185547 0.2625 0.1875 0.257812 0.1875
0 0.253125 0.183594 0.254688 0.181641 0.25625 0.183594 0.254688 0.185547
0 0.239063 0.164062 0.240625 0.162109 0.242188 0.164062 0.240625 0.166016
0 0.446875 0.498047 0.448437 0.5 0.448437 0.503906 0.44375 0.509766 0.442188 0.507812 0.442188 0.505859 0.439063 0.505859 0.4375 0.507812 0.434375 0.507812 0.432812 0.505859 0.432812 0.503906 0.43125 0.503906 0.43125 0.505859 0.432812 0.507812 0.432812 0.509766 0.43125 0.511719 0.429688 0.511719 0.429688 0.513672 0.428125 0.515625 0.428125 0.521484 0.426563 0.523438 0.425 0.523438 0.425 0.529297 0.423438 0.53125 0.423438 0.537109 0.421875 0.539062 0.421875 0.541016 0.423438 0.541016 0.425 0.542969 0.421875 0.546875 0.421875 0.548828 0.423438 0.550781 0.423438 0.556641 0.425 0.558594 0.423438 0.560547 0.425 0.5625 0.425 0.566406 0.423438 0.568359 0.423438 0.570312 0.426563 0.574219 0.425 0.576172 0.426563 0.576172 0.428125 0.578125 0.428125 0.580078 0.426563 0.582031 0.426563 0.583984 0.428125 0.585938 0.428125 0.587891 0.426563 0.589844 0.425 0.589844 0.423438 0.587891 0.421875 0.589844 0.421875 0.59375 0.423438 0.59375 0.425 0.595703 0.425 0.599609 0.426563 0.597656 0.429688 0.597656 0.43125 0.599609 0.43125 0.601562 0.432812 0.603516 0.432812 0.605469 0.434375 0.605469 0.4375 0.609375 0.440625 0.609375 0.442188 0.607422 0.445312 0.607422 0.446875 0.609375 0.45 0.609375 0.448437 0.607422 0.454688 0.599609 0.45625 0.599609 0.460938 0.59375 0.460938 0.589844 0.464062 0.585938 0.464062 0.583984 0.465625 0.582031 0.465625 0.580078 0.467187 0.578125 0.467187 0.576172 0.46875 0.574219 0.46875 0.570312 0.470313 0.568359 0.473438 0.568359 0.473438 0.566406 0.476562 0.5625 0.476562 0.558594 0.48125 0.552734 0.482812 0.552734 0.482812 0.548828 0.484375 0.546875 0.482812 0.544922 0.482812 0.542969 0.48125 0.541016 0.48125 0.537109 0.479687 0.535156 0.479687 0.533203 0.48125 0.53125 0.478125 0.53125 0.475 0.527344 0.475 0.525391 0.473438 0.523438 0.471875 0.523438 0.470313 0.521484 0.46875 0.521484 0.467187 0.519531 0.467187 0.511719 0.46875 0.509766 0.470313 0.511719 0.470313 0.509766 0.467187 0.505859 0.467187 0.507812 0.4625 0.513672 0.460938 0.511719 0.460938 0.509766 0.45625 0.503906 0.451562 0.503906 0.45 0.501953 0.45 0.498047
0 0.246875 0.222656 0.245312 0.224609 0.23125 0.224609 0.229687 0.226562 0.223438 0.226562 0.221875 0.228516 0.220312 0.226562 0.21875 0.226562 0.21875 0.228516 0.217188 0.230469 0.2125 0.230469 0.210938 0.232422 0.207813 0.232422 0.20625 0.234375 0.198437 0.234375 0.189062 0.246094 0.1875 0.246094 0.1875 0.248047 0.185938 0.25 0.184375 0.25 0.18125 0.253906 0.178125 0.253906 0.178125 0.255859 0.176563 0.257812 0.175 0.257812 0.175 0.261719 0.178125 0.261719 0.179688 0.263672 0.178125 0.265625 0.173437 0.265625 0.170313 0.269531 0.170313 0.271484 0.16875 0.273438 0.16875 0.279297 0.167187 0.28125 0.167187 0.287109 0.165625 0.289062 0.165625 0.310547 0.167187 0.3125 0.167187 0.314453 0.16875 0.316406 0.16875 0.320312 0.170313 0.320312 0.173437 0.324219 0.173437 0.326172 0.175 0.328125 0.175 0.330078 0.203125 0.330078 0.203125 0.326172 0.214062 0.3125 0.217188 0.3125 0.21875 0.314453 0.220312 0.314453 0.221875 0.316406 0.221875 0.296875 0.228125 0.289062 0.229687 0.289062 0.235937 0.28125 0.235937 0.279297 0.242188 0.271484 0.242188 0.269531 0.24375 0.267578 0.246875 0.267578 0.25 0.263672 0.251563 0.263672 0.253125 0.261719 0.254688 0.261719 0.25625 0.259766 0.259375 0.259766 0.2625 0.255859 0.264062 0.255859 0.267188 0.251953 0.26875 0.251953 0.26875 0.25 0.270313 0.248047 0.271875 0.25 0.271875 0.251953 0.275 0.251953 0.275 0.238281 0.273438 0.236328 0.273438 0.234375 0.271875 0.232422 0.271875 0.230469 0.270313 0.228516 0.270313 0.226562 0.26875 0.224609 0.26875 0.222656
0 0.217188 0.308594 0.21875 0.306641 0.220312 0.306641 0.221875 0.308594 0.21875 0.3125 0.217188 0.310547
0 0.170313 0.285156 0.171875 0.283203 0.173437 0.285156 0.171875 0.287109
0 0.201563 0.248047 0.203125 0.246094 0.20625 0.246094 0.207813 0.248047 0.20625 0.25 0.203125 0.25
0 0.24375 0.236328 0.245312 0.234375 0.25 0.234375 0.251563 0.236328 0.251563 0.238281 0.25 0.240234 0.246875 0.240234
0 0.270313 0.826172 0.26875 0.828125 0.2625 0.828125 0.260937 0.830078 0.257812 0.830078 0.25625 0.832031 0.254688 0.832031 0.251563 0.835938 0.251563 0.855469 0.25 0.857422 0.25 0.859375 0.251563 0.861328 0.251563 0.865234 0.253125 0.867188 0.251563 0.869141 0.253125 0.871094 0.253125 0.873047 0.254688 0.875 0.254688 0.880859 0.25625 0.880859 0.257812 0.882812 0.257812 0.888672 0.259375 0.890625 0.259375 0.892578 0.257812 0.894531 0.257812 0.896484 0.259375 0.894531 0.260937 0.896484 0.260937 0.898438 0.2625 0.898438 0.265625 0.902344 0.267188 0.902344 0.26875 0.904297 0.267188 0.90625 0.265625 0.90625 0.265625 0.908203 0.267188 0.90625 0.273438 0.90625 0.275 0.908203 0.278125 0.908203 0.279687 0.910156 0.28125 0.910156 0.282813 0.912109 0.28125 0.914062 0.284375 0.914062 0.285938 0.912109 0.303125 0.912109 0.304688 0.910156 0.30625 0.910156 0.309375 0.90625 0.310937 0.90625 0.317188 0.898438 0.31875 0.898438 0.31875 0.896484 0.320312 0.894531 0.323437 0.894531 0.325 0.892578 0.326562 0.892578 0.328125 0.890625 0.328125 0.888672 0.33125 0.884766 0.33125 0.882812 0.335938 0.876953 0.335938 0.875 0.3375 0.873047 0.3375 0.871094 0.339062 0.869141 0.339062 0.861328 0.335938 0.857422 0.335938 0.855469 0.334375 0.855469 0.332813 0.853516 0.332813 0.847656 0.33125 0.845703 0.33125 0.84375 0.332813 0.841797 0.334375 0.841797 0.335938 0.839844 0.3375 0.839844 0.340625 0.835938 0.339062 0.835938 0.335938 0.839844 0.334375 0.839844 0.332813 0.841797 0.328125 0.841797 0.326562 0.839844 0.325 0.839844 0.323437 0.837891 0.321875 0.837891 0.320312 0.835938 0.314063 0.835938 0.3125 0.833984 0.30625 0.833984 0.304688 0.832031 0.303125 0.832031 0.301563 0.830078 0.3 0.830078 0.296875 0.826172
0 0.289062 0.90625 0.290625 0.904297 0.29375 0.904297 0.295312 0.90625 0.29375 0.908203 0.290625 0.908203
0 0.325 0.853516 0.326562 0.851562 0.328125 0.851562 0.329688 0.853516 0.328125 0.855469 0.326562 0.855469
0 0.328125 0.845703 0.329688 0.84375 0.33125 0.845703 0.329688 0.847656
0 0.3125 0.841797 0.314063 0.839844 0.315625 0.841797 0.314063 0.84375
0 0.254688 0.839844 0.25625 0.837891 0.257812 0.839844 0.257812 0.841797 0.25625 0.84375 0.254688 0.841797
0 0.285938 0.837891 0.2875 0.835938 0.289062 0.835938 0.290625 0.837891 0.290625 0.839844 0.289062 0.841797
0 0.270313 0.835938 0.271875 0.833984 0.273438 0.833984 0.275 0.835938 0.273438 0.837891 0.271875 0.837891
0 0.354687 0 0.354687 0.00195312 0.353125 0.00390625 0.353125 0.0390625 0.35625 0.0429688 0.35625 0.0449219 0.367188 0.0449219 0.370312 0.0488281 0.376563 0.0488281 0.376563 0.046875 0.378125 0.0449219 0.379688 0.0449219 0.38125 0.046875 0.38125 0.0507812 0.38125 0.0488281 0.385937 0.0429688 0.398438 0.0429688 0.4 0.0410156 0.404687 0.0410156 0.40625 0.0390625 0.410938 0.0390625 0.4125 0.0371094 0.414062 0.0371094 0.415625 0.0351562 0.417187 0.0351562 0.423438 0.0273438 0.425 0.0273438 0.426563 0.0253906 0.428125 0.0253906 0.429688 0.0234375 0.43125 0.0234375 0.435937 0.0175781 0.434375 0.0175781 0.432812 0.015625 0.432812 0.00195312 0.434375 0
0 0.4 0.0351562 0.401562 0.0332031 0.403125 0.0351562 0.401562 0.0371094
