0 0.414062 0.5625 0.40625 0.570312 0.402344 0.570312 0.398438 0.574219 0.398438 0.578125 0.382812 0.59375 0.382812 0.609375 0.386719 0.613281 0.386719 0.617188 0.414062 0.617188 0.421875 0.609375 0.425781 0.609375 0.433594 0.601562 0.433594 0.597656 0.4375 0.59375 0.4375 0.574219 0.425781 0.5625
0 0.0117188 0.347656 0.0078125 0.351562 0 0.351562 0 0.386719 0.0078125 0.394531 0.0195312 0.394531 0.0234375 0.398438 0.0273438 0.394531 0.0351562 0.394531 0.0351562 0.390625 0.0390625 0.386719 0.0390625 0.367188 0.03125 0.359375 0.03125 0.355469 0.0273438 0.355469 0.0234375 0.351562 0.0195312 0.351562 0.015625 0.347656
0 0.910156 0.335938 0.90625 0.339844 0.902344 0.339844 0.886719 0.355469 0.886719 0.363281 0.882812 0.367188 0.882812 0.375 0.886719 0.378906 0.886719 0.382812 0.890625 0.386719 0.894531 0.386719 0.898438 0.390625 0.914062 0.390625 0.917969 0.386719 0.921875 0.386719 0.9375 0.371094 0.9375 0.363281 0.941406 0.359375 0.941406 0.347656 0.929688 0.335938
0 0.371094 0 0.367188 0.00390625 0.367188 0.046875 0.375 0.0546875 0.382812 0.0546875 0.386719 0.0507812 0.390625 0.0507812 0.394531 0.046875 0.398438 0.046875 0.402344 0.0429688 0.40625 0.0429688 0.410156 0.0390625 0.410156 0.0195312 0.40625 0.015625 0.40625 0.0078125 0.402344 0.00390625 0.402344 0
0 0.625 0 0.625 0.00390625 0.621094 0.0078125 0.621094 0.0195312 0.632812 0.03125 0.636719 0.03125 0.640625 0.0351562 0.644531 0.0351562 0.648438 0.0390625 0.65625 0.0390625 0.660156 0.0429688 0.671875 0.0429688 0.675781 0.0390625 0.679688 0.0390625 0.695312 0.0234375 0.695312 0.0195312 0.699219 0.015625 0.699219 0
0 0.84375 0.921875 0.84375 0.9375 0.847656 0.941406 0.859375 0.941406 0.863281 0.9375 0.863281 0.925781 0.859375 0.921875
0 0.0976562 0.148438 0.0898438 0.15625 0.0898438 0.160156 0.0820312 0.167969 0.0820312 0.207031 0.0898438 0.207031 0.09375 0.210938 0.109375 0.210938 0.113281 0.207031 0.117188 0.207031 0.128906 0.195312 0.128906 0.160156 0.125 0.15625 0.125 0.152344 0.121094 0.152344 0.117188 0.148438
0 0.105469 0.195312 0.109375 0.191406 0.113281 0.195312 0.109375 0.199219
0 0.371094 0.464844 0.367188 0.46875 0.355469 0.46875 0.347656 0.476562 0.34375 0.476562 0.339844 0.480469 0.339844 0.484375 0.335938 0.488281 0.335938 0.5 0.34375 0.507812 0.367188 0.507812 0.371094 0.503906 0.378906 0.503906 0.382812 0.5 0.386719 0.5 0.390625 0.496094 0.394531 0.496094 0.394531 0.492188 0.398438 0.488281 0.398438 0.472656 0.390625 0.464844
0 0.234375 0.695312 0.230469 0.699219 0.226562 0.699219 0.226562 0.703125 0.222656 0.707031 0.222656 0.714844 0.238281 0.730469 0.25 0.730469 0.253906 0.734375 0.257812 0.730469 0.269531 0.730469 0.273438 0.726562 0.273438 0.71875 0.277344 0.714844 0.273438 0.710938 0.273438 0.707031 0.261719 0.695312
0 0.0546875 0.960938 0.046875 0.96875 0.046875 0.972656 0.0429688 0.976562 0.0429688 0.984375 0.046875 0.988281 0.046875 0.992188 0.0507812 0.996094 0.0976562 0.996094 0.0976562 0.980469 0.0898438 0.972656 0.0859375 0.972656 0.0820312 0.96875 0.078125 0.96875 0.0742188 0.964844 0.0703125 0.964844 0.0664062 0.960938
0 0.332031 0.328125 0.320312 0.339844 0.320312 0.351562 0.316406 0.355469 0.316406 0.367188 0.320312 0.371094 0.320312 0.375 0.324219 0.375 0.328125 0.378906 0.335938 0.378906 0.34375 0.371094 0.34375 0.367188 0.347656 0.363281 0.347656 0.335938 0.339844 0.328125
0 0.226562 0.246094 0.222656 0.25 0.21875 0.25 0.214844 0.253906 0.214844 0.257812 0.210938 0.261719 0.210938 0.273438 0.214844 0.277344 0.214844 0.28125 0.21875 0.285156 0.21875 0.292969 0.226562 0.300781 0.238281 0.300781 0.242188 0.296875 0.242188 0.269531 0.238281 0.265625 0.238281 0.257812 0.234375 0.253906 0.234375 0.25 0.230469 0.25
0 0.585938 0.808594 0.582031 0.8125 0.574219 0.8125 0.570312 0.816406 0.566406 0.816406 0.5625 0.820312 0.558594 0.820312 0.550781 0.828125 0.546875 0.828125 0.546875 0.832031 0.542969 0.835938 0.542969 0.847656 0.546875 0.851562 0.546875 0.855469 0.550781 0.859375 0.574219 0.859375 0.582031 0.851562 0.585938 0.851562 0.601562 0.835938 0.601562 0.832031 0.605469 0.828125 0.605469 0.820312 0.597656 0.8125 0.59375 0.8125 0.589844 0.808594
0 0.9375 0.878906 0.933594 0.882812 0.929688 0.882812 0.910156 0.902344 0.910156 0.90625 0.90625 0.910156 0.90625 0.914062 0.902344 0.917969 0.902344 0.933594 0.910156 0.941406 0.914062 0.941406 0.917969 0.945312 0.925781 0.945312 0.929688 0.941406 0.941406 0.941406 0.945312 0.9375 0.949219 0.9375 0.957031 0.929688 0.957031 0.925781 0.96875 0.914062 0.96875 0.90625 0.972656 0.902344 0.972656 0.894531 0.96875 0.890625 0.96875 0.886719 0.964844 0.882812 0.960938 0.882812 0.957031 0.878906
