0 0.6 0.484375 0.596875 0.488281 0.59375 0.488281 0.5875 0.496094 0.584375 0.496094 0.58125 0.5 0.58125 0.515625 0.5875 0.523438 0.609375 0.523438 0.6125 0.519531 0.63125 0.519531 0.634375 0.515625 0.634375 0.5 0.621875 0.484375
0 0.1375 0.917969 0.134375 0.921875 0.11875 0.921875 0.115625 0.925781 0.10625 0.925781 0.096875 0.9375 0.096875 0.945312 0.09375 0.949219 0.09375 0.957031 0.090625 0.960938 0.090625 0.96875 0.09375 0.972656 0.103125 0.972656 0.10625 0.96875 0.115625 0.96875 0.11875 0.964844 0.125 0.964844 0.128125 0.960938 0.13125 0.960938 0.1375 0.953125 0.140625 0.953125 0.14375 0.949219 0.146875 0.949219 0.15 0.945312 0.15 0.921875 0.146875 0.917969
0 0.10625 0.753906 0.103125 0.757812 0.1 0.757812 0.096875 0.761719 0.09375 0.761719 0.090625 0.765625 0.0875 0.765625 0.084375 0.769531 0.078125 0.769531 0.075 0.773438 0.071875 0.773438 0.06875 0.777344 0.065625 0.777344 0.0625 0.78125 0.05625 0.78125 0.053125 0.785156 0.05 0.785156 0.046875 0.789062 0.046875 0.792969 0.04375 0.796875 0.04375 0.8125 0.046875 0.816406 0.046875 0.820312 0.05625 0.832031 0.075 0.832031 0.084375 0.820312 0.0875 0.820312 0.09375 0.8125 0.09375 0.808594 0.10625 0.792969 0.10625 0.789062 0.109375 0.785156 0.109375 0.78125 0.115625 0.773438 0.115625 0.757812 0.1125 0.753906
0 0.99375 0.0507812 0.98125 0.0664062 0.98125 0.0703125 0.971875 0.0820312 0.971875 0.0898438 0.96875 0.09375 0.96875 0.0976562 0.965625 0.101562 0.965625 0.113281 0.96875 0.117188 0.96875 0.125 0.975 0.132812 0.978125 0.132812 0.98125 0.128906 0.9875 0.128906 0.996875 0.117188 0.996875 0.0507812
0 0.625 0.902344 0.609375 0.921875 0.60625 0.921875 0.603125 0.925781 0.6 0.925781 0.59375 0.933594 0.584375 0.933594 0.575 0.945312 0.575 0.949219 0.56875 0.957031 0.565625 0.957031 0.559375 0.964844 0.55625 0.964844 0.55 0.972656 0.54375 0.972656 0.5375 0.980469 0.5375 0.984375 0.528125 0.996094 0.55625 0.996094 0.56875 0.980469 0.575 0.980469 0.590625 0.960938 0.596875 0.960938 0.609375 0.945312 0.6125 0.945312 0.615625 0.941406 0.61875 0.941406 0.625 0.933594 0.625 0.929688 0.640625 0.910156 0.640625 0.90625 0.6375 0.902344
0 0.69375 0.332031 0.690625 0.335938 0.6875 0.335938 0.684375 0.339844 0.68125 0.339844 0.671875 0.351562 0.671875 0.371094 0.675 0.375 0.678125 0.375 0.68125 0.378906 0.725 0.378906 0.728125 0.375 0.73125 0.375 0.734375 0.371094 0.7375 0.371094 0.740625 0.367188 0.74375 0.367188 0.753125 0.355469 0.753125 0.347656 0.75 0.34375 0.746875 0.34375 0.74375 0.339844 0.734375 0.339844 0.73125 0.335938 0.70625 0.335938 0.703125 0.332031
0 0.99375 0.667969 0.990625 0.671875 0.9875 0.671875 0.975 0.6875 0.975 0.691406 0.965625 0.703125 0.965625 0.707031 0.959375 0.714844 0.959375 0.71875 0.95625 0.722656 0.95625 0.726562 0.953125 0.730469 0.953125 0.734375 0.946875 0.742188 0.946875 0.746094 0.934375 0.761719 0.934375 0.765625 0.93125 0.769531 0.93125 0.773438 0.928125 0.777344 0.928125 0.78125 0.925 0.785156 0.925 0.789062 0.91875 0.796875 0.91875 0.804688 0.903125 0.824219 0.903125 0.828125 0.890625 0.84375 0.890625 0.847656 0.88125 0.859375 0.88125 0.875 0.884375 0.878906 0.9 0.878906 0.90625 0.871094 0.909375 0.871094 0.91875 0.859375 0.921875 0.859375 0.928125 0.851562 0.928125 0.847656 0.94375 0.828125 0.946875 0.828125 0.95 0.824219 0.95 0.820312 0.953125 0.816406 0.953125 0.8125 0.95625 0.808594 0.95625 0.804688 0.9625 0.796875 0.9625 0.792969 0.965625 0.789062 0.965625 0.777344 0.96875 0.773438 0.96875 0.769531 0.971875 0.765625 0.971875 0.761719 0.975 0.757812 0.975 0.753906 0.978125 0.75 0.978125 0.746094 0.98125 0.742188 0.98125 0.734375 0.990625 0.722656 0.990625 0.71875 0.996875 0.710938 0.996875 0.667969
0 0.0625 0.675781 0.059375 0.679688 0.040625 0.679688 0.0375 0.683594 0.028125 0.683594 0.025 0.6875 0.021875 0.6875 0.01875 0.691406 0.015625 0.691406 0.0125 0.695312 0.0125 0.699219 0.009375 0.703125 0.009375 0.707031 0.015625 0.714844 0.015625 0.726562 0.040625 0.726562 0.04375 0.722656 0.0625 0.722656 0.065625 0.71875 0.071875 0.71875 0.075 0.714844 0.078125 0.714844 0.08125 0.710938 0.084375 0.710938 0.0875 0.707031 0.096875 0.707031 0.103125 0.699219 0.115625 0.699219 0.121875 0.691406 0.121875 0.683594 0.115625 0.675781
0 0.146875 0.707031 0.14375 0.710938 0.140625 0.710938 0.1375 0.714844 0.13125 0.714844 0.125 0.722656 0.125 0.730469 0.128125 0.734375 0.13125 0.734375 0.134375 0.738281 0.14375 0.738281 0.146875 0.742188 0.15625 0.742188 0.159375 0.746094 0.19375 0.746094 0.196875 0.742188 0.2 0.742188 0.203125 0.738281 0.203125 0.726562 0.196875 0.71875 0.196875 0.714844 0.190625 0.707031
0 0.365625 0 0.365625 0.00390625 0.3625 0.0078125 0.3625 0.0351562 0.365625 0.0390625 0.365625 0.046875 0.36875 0.0507812 0.378125 0.0507812 0.38125 0.046875 0.384375 0.046875 0.3875 0.0429688 0.3875 0.0273438 0.39375 0.0195312 0.39375 0.0078125 0.390625 0.00390625 0.390625 0
0 0.6625 0.574219 0.659375 0.578125 0.64375 0.578125 0.640625 0.582031 0.6375 0.582031 0.628125 0.59375 0.621875 0.59375 0.61875 0.597656 0.615625 0.597656 0.609375 0.605469 0.60625 0.605469 0.603125 0.609375 0.58125 0.609375 0.578125 0.613281 0.571875 0.613281 0.565625 0.621094 0.565625 0.636719 0.56875 0.640625 0.575 0.640625 0.578125 0.644531 0.609375 0.644531 0.6125 0.640625 0.621875 0.640625 0.625 0.636719 0.634375 0.636719 0.6375 0.632812 0.64375 0.632812 0.646875 0.628906 0.65 0.628906 0.653125 0.625 0.65625 0.625 0.659375 0.621094 0.6625 0.621094 0.665625 0.617188 0.66875 0.617188 0.675 0.609375 0.678125 0.609375 0.68125 0.605469 0.684375 0.605469 0.6875 0.601562 0.690625 0.601562 0.7 0.589844 0.7 0.578125 0.696875 0.574219
0 0.0625 0 0.0625 0.00390625 0.065625 0.00390625 0.06875 0.0078125 0.071875 0.0078125 0.075 0.0117188 0.096875 0.0117188 0.1 0.0078125 0.103125 0.0078125 0.10625 0.00390625 0.10625 0
0 0.525 0.6875 0.521875 0.691406 0.51875 0.691406 0.5125 0.699219 0.509375 0.699219 0.50625 0.703125 0.4625 0.703125 0.45625 0.710938 0.453125 0.710938 0.45 0.714844 0.446875 0.714844 0.440625 0.722656 0.4375 0.722656 0.434375 0.726562 0.43125 0.726562 0.428125 0.730469 0.425 0.730469 0.421875 0.734375 0.41875 0.734375 0.415625 0.738281 0.415625 0.742188 0.41875 0.746094 0.421875 0.746094 0.425 0.75 0.43125 0.75 0.434375 0.753906 0.44375 0.753906 0.446875 0.757812 0.45 0.757812 0.453125 0.753906 0.465625 0.753906 0.46875 0.757812 0.48125 0.757812 0.484375 0.753906 0.496875 0.753906 0.5 0.75 0.50625 0.75 0.509375 0.746094 0.5125 0.746094 0.515625 0.742188 0.51875 0.742188 0.528125 0.730469 0.53125 0.730469 0.534375 0.726562 0.534375 0.722656 0.5375 0.71875 0.5375 0.691406 0.534375 0.6875
0 0.40625 0.777344 0.403125 0.78125 0.39375 0.78125 0.390625 0.785156 0.371875 0.785156 0.36875 0.789062 0.353125 0.789062 0.35 0.792969 0.346875 0.792969 0.34375 0.796875 0.334375 0.796875 0.33125 0.800781 0.328125 0.800781 0.325 0.804688 0.325 0.820312 0.328125 0.824219 0.33125 0.824219 0.334375 0.828125 0.3375 0.828125 0.340625 0.832031 0.346875 0.832031 0.35 0.835938 0.353125 0.835938 0.35625 0.839844 0.3625 0.839844 0.365625 0.84375 0.378125 0.84375 0.38125 0.839844 0.384375 0.839844 0.3875 0.835938 0.39375 0.835938 0.396875 0.832031 0.40625 0.832031 0.409375 0.828125 0.4125 0.828125 0.41875 0.820312 0.421875 0.820312 0.425 0.816406 0.44375 0.816406 0.446875 0.8125 0.453125 0.8125 0.459375 0.804688 0.459375 0.792969 0.45 0.78125 0.4375 0.78125 0.434375 0.777344
0 0.7875 0.207031 0.784375 0.210938 0.78125 0.210938 0.778125 0.214844 0.775 0.214844 0.771875 0.21875 0.76875 0.21875 0.765625 0.222656 0.759375 0.222656 0.75625 0.226562 0.75 0.226562 0.746875 0.230469 0.740625 0.230469 0.7375 0.234375 0.734375 0.234375 0.73125 0.238281 0.728125 0.238281 0.725 0.242188 0.721875 0.242188 0.71875 0.246094 0.7125 0.246094 0.709375 0.25 0.703125 0.25 0.7 0.253906 0.696875 0.253906 0.690625 0.261719 0.690625 0.265625 0.6875 0.269531 0.6875 0.273438 0.690625 0.277344 0.73125 0.277344 0.734375 0.273438 0.74375 0.273438 0.75 0.265625 0.753125 0.265625 0.75625 0.261719 0.759375 0.261719 0.7625 0.257812 0.771875 0.257812 0.775 0.253906 0.78125 0.253906 0.784375 0.25 0.7875 0.25 0.790625 0.246094 0.79375 0.246094 0.80625 0.230469 0.80625 0.21875 0.8 0.210938 0.796875 0.210938 0.79375 0.207031
0 0.7 0.703125 0.6875 0.71875 0.684375 0.71875 0.68125 0.722656 0.678125 0.722656 0.665625 0.738281 0.665625 0.765625 0.66875 0.769531 0.66875 0.773438 0.671875 0.777344 0.675 0.777344 0.678125 0.78125 0.68125 0.78125 0.684375 0.777344 0.6875 0.777344 0.69375 0.769531 0.7 0.769531 0.70625 0.761719 0.709375 0.761719 0.7125 0.757812 0.71875 0.757812 0.728125 0.746094 0.728125 0.714844 0.725 0.710938 0.721875 0.710938 0.71875 0.707031 0.70625 0.707031 0.703125 0.703125
0 0.75 0.410156 0.746875 0.414062 0.7125 0.414062 0.709375 0.417969 0.7 0.417969 0.696875 0.421875 0.6875 0.421875 0.684375 0.425781 0.68125 0.425781 0.671875 0.4375 0.671875 0.449219 0.678125 0.457031 0.696875 0.457031 0.7 0.460938 0.734375 0.460938 0.7375 0.457031 0.771875 0.457031 0.775 0.453125 0.790625 0.453125 0.79375 0.449219 0.81875 0.449219 0.821875 0.445312 0.83125 0.445312 0.834375 0.441406 0.8375 0.441406 0.840625 0.4375 0.840625 0.429688 0.834375 0.421875 0.825 0.421875 0.821875 0.417969 0.81875 0.417969 0.815625 0.414062 0.809375 0.414062 0.80625 0.410156
0 0.64375 0.0507812 0.640625 0.0546875 0.6375 0.0546875 0.634375 0.0585938 0.634375 0.0859375 0.640625 0.09375 0.640625 0.0976562 0.64375 0.101562 0.64375 0.105469 0.65 0.113281 0.65625 0.113281 0.665625 0.125 0.66875 0.125 0.671875 0.128906 0.675 0.128906 0.678125 0.132812 0.690625 0.132812 0.69375 0.128906 0.69375 0.121094 0.690625 0.117188 0.690625 0.105469 0.6875 0.101562 0.6875 0.0976562 0.684375 0.09375 0.684375 0.0898438 0.68125 0.0859375 0.68125 0.0820312 0.678125 0.078125 0.678125 0.0742188 0.66875 0.0625 0.665625 0.0625 0.6625 0.0585938 0.65625 0.0585938 0.65 0.0507812
0 0.525 0.246094 0.521875 0.25 0.515625 0.25 0.5125 0.253906 0.5125 0.269531 0.51875 0.277344 0.53125 0.277344 0.534375 0.28125 0.5375 0.28125 0.540625 0.285156 0.54375 0.285156 0.546875 0.289062 0.553125 0.289062 0.55625 0.292969 0.5625 0.292969 0.565625 0.296875 0.571875 0.296875 0.575 0.300781 0.584375 0.300781 0.5875 0.304688 0.596875 0.304688 0.6 0.308594 0.6125 0.308594 0.615625 0.3125 0.65625 0.3125 0.6625 0.304688 0.6625 0.296875 0.65625 0.289062 0.65 0.289062 0.64375 0.28125 0.6375 0.28125 0.634375 0.277344 0.63125 0.277344 0.628125 0.273438 0.61875 0.273438 0.615625 0.269531 0.60625 0.269531 0.603125 0.265625 0.6 0.265625 0.596875 0.261719 0.5875 0.261719 0.584375 0.257812 0.578125 0.257812 0.575 0.253906 0.565625 0.253906 0.5625 0.25 0.55 0.25 0.546875 0.246094
0 0.50625 0.84375 0.503125 0.847656 0.496875 0.847656 0.478125 0.871094 0.478125 0.882812 0.484375 0.890625 0.484375 0.894531 0.49375 0.90625 0.50625 0.90625 0.509375 0.902344 0.5125 0.902344 0.525 0.886719 0.525 0.882812 0.53125 0.875 0.53125 0.851562 0.525 0.84375
0 0.9 0.132812 0.890625 0.144531 0.890625 0.148438 0.884375 0.15625 0.884375 0.160156 0.875 0.171875 0.875 0.175781 0.86875 0.183594 0.86875 0.1875 0.859375 0.199219 0.859375 0.207031 0.85625 0.210938 0.85625 0.214844 0.846875 0.226562 0.846875 0.230469 0.840625 0.238281 0.840625 0.269531 0.846875 0.277344 0.859375 0.277344 0.86875 0.265625 0.86875 0.261719 0.871875 0.257812 0.871875 0.253906 0.875 0.25 0.875 0.246094 0.878125 0.242188 0.878125 0.238281 0.88125 0.234375 0.88125 0.230469 0.8875 0.222656 0.8875 0.21875 0.890625 0.214844 0.890625 0.207031 0.9 0.195312 0.9 0.1875 0.90625 0.179688 0.90625 0.171875 0.909375 0.167969 0.909375 0.164062 0.9125 0.160156 0.9125 0.136719 0.909375 0.132812
0 0.33125 0.191406 0.328125 0.195312 0.321875 0.195312 0.309375 0.210938 0.309375 0.234375 0.3125 0.238281 0.3125 0.242188 0.328125 0.261719 0.328125 0.285156 0.33125 0.289062 0.34375 0.289062 0.35 0.28125 0.35 0.25 0.346875 0.246094 0.346875 0.230469 0.35 0.226562 0.35 0.222656 0.35625 0.214844 0.35625 0.210938 0.359375 0.207031 0.359375 0.199219 0.353125 0.191406
0 0.165625 0.773438 0.1625 0.777344 0.15625 0.777344 0.15 0.785156 0.15 0.800781 0.153125 0.804688 0.159375 0.804688 0.1625 0.808594 0.171875 0.808594 0.175 0.804688 0.1875 0.804688 0.19375 0.796875 0.19375 0.792969 0.196875 0.789062 0.196875 0.785156 0.190625 0.777344 0.1875 0.777344 0.184375 0.773438
0 0 0.710938 0 0.746094 0.003125 0.742188 0.00625 0.742188 0.0125 0.734375 0.0125 0.714844 0.009375 0.710938
0 0 0.527344 0 0.558594 0.0125 0.558594 0.015625 0.5625 0.021875 0.5625 0.025 0.558594 0.025 0.550781 0.015625 0.539062 0.0125 0.539062 0.00625 0.53125 0.003125 0.53125
0 0.621875 0.414062 0.61875 0.417969 0.60625 0.417969 0.603125 0.421875 0.584375 0.421875 0.58125 0.425781 0.575 0.425781 0.571875 0.429688 0.565625 0.429688 0.5625 0.433594 0.5375 0.433594 0.534375 0.4375 0.525 0.4375 0.521875 0.441406 0.50625 0.441406 0.503125 0.445312 0.44375 0.445312 0.440625 0.449219 0.4375 0.449219 0.434375 0.453125 0.428125 0.453125 0.425 0.457031 0.41875 0.457031 0.4125 0.464844 0.4125 0.472656 0.415625 0.476562 0.41875 0.476562 0.421875 0.480469 0.434375 0.480469 0.4375 0.484375 0.540625 0.484375 0.54375 0.480469 0.55625 0.480469 0.559375 0.476562 0.565625 0.476562 0.56875 0.472656 0.5875 0.472656 0.590625 0.46875 0.6 0.46875 0.603125 0.464844 0.609375 0.464844 0.615625 0.457031 0.621875 0.457031 0.63125 0.445312 0.6375 0.445312 0.64375 0.4375 0.646875 0.4375 0.65 0.433594 0.653125 0.433594 0.65625 0.429688 0.659375 0.429688 0.6625 0.425781 0.6625 0.417969 0.659375 0.414062
0 0.1 0.839844 0.09375 0.847656 0.090625 0.847656 0.078125 0.863281 0.078125 0.886719 0.084375 0.894531 0.090625 0.894531 0.09375 0.898438 0.146875 0.898438 0.15 0.894531 0.15625 0.894531 0.159375 0.890625 0.165625 0.890625 0.16875 0.886719 0.16875 0.878906 0.15625 0.863281 0.153125 0.863281 0.146875 0.855469 0.140625 0.855469 0.13125 0.84375 0.125 0.84375 0.121875 0.839844
0 0.76875 0.144531 0.765625 0.148438 0.759375 0.148438 0.75625 0.152344 0.753125 0.152344 0.746875 0.160156 0.746875 0.164062 0.721875 0.195312 0.721875 0.203125 0.725 0.207031 0.746875 0.207031 0.75 0.203125 0.753125 0.203125 0.759375 0.195312 0.7625 0.195312 0.771875 0.183594 0.775 0.183594 0.784375 0.171875 0.784375 0.152344 0.778125 0.144531
0 0.696875 0.0390625 0.69375 0.0429688 0.690625 0.0429688 0.6875 0.046875 0.6875 0.0507812 0.69375 0.0585938 0.69375 0.0625 0.696875 0.0664062 0.696875 0.0703125 0.709375 0.0859375 0.7125 0.0859375 0.715625 0.0898438 0.721875 0.0898438 0.725 0.0859375 0.728125 0.0859375 0.734375 0.078125 0.734375 0.0625 0.721875 0.046875 0.71875 0.046875 0.7125 0.0390625
