0 0.261719 0.136719 0.257812 0.140625 0.253906 0.140625 0.25 0.144531 0.246094 0.144531 0.242188 0.148438 0.242188 0.152344 0.238281 0.15625 0.238281 0.175781 0.242188 0.179688 0.246094 0.179688 0.25 0.183594 0.265625 0.183594 0.273438 0.175781 0.277344 0.175781 0.289062 0.164062 0.289062 0.152344 0.285156 0.148438 0.285156 0.144531 0.277344 0.136719
0 0.164062 0.375 0.160156 0.378906 0.148438 0.378906 0.144531 0.382812 0.136719 0.382812 0.136719 0.386719 0.132812 0.390625 0.132812 0.398438 0.136719 0.402344 0.132812 0.40625 0.132812 0.414062 0.136719 0.417969 0.136719 0.421875 0.140625 0.425781 0.152344 0.425781 0.160156 0.417969 0.171875 0.417969 0.175781 0.414062 0.175781 0.40625 0.179688 0.402344 0.179688 0.386719 0.167969 0.375
0 0.960938 0.65625 0.957031 0.660156 0.949219 0.660156 0.945312 0.664062 0.945312 0.667969 0.941406 0.671875 0.941406 0.675781 0.945312 0.679688 0.945312 0.683594 0.949219 0.6875 0.953125 0.6875 0.957031 0.691406 0.976562 0.691406 0.984375 0.683594 0.984375 0.667969 0.976562 0.660156 0.96875 0.660156 0.964844 0.65625
0 0.0117188 0.355469 0.00390625 0.363281 0.00390625 0.367188 0 0.371094 0 0.382812 0.00390625 0.386719 0.00390625 0.390625 0.0078125 0.394531 0.0117188 0.394531 0.015625 0.398438 0.0234375 0.398438 0.0273438 0.402344 0.03125 0.402344 0.0351562 0.398438 0.0390625 0.398438 0.0429688 0.394531 0.0429688 0.390625 0.046875 0.386719 0.046875 0.382812 0.0507812 0.378906 0.046875 0.375 0.046875 0.367188 0.0351562 0.355469
0 0.246094 0.878906 0.242188 0.882812 0.226562 0.882812 0.222656 0.886719 0.222656 0.898438 0.21875 0.902344 0.21875 0.910156 0.222656 0.914062 0.222656 0.917969 0.230469 0.925781 0.242188 0.925781 0.246094 0.929688 0.246094 0.933594 0.253906 0.941406 0.257812 0.941406 0.261719 0.945312 0.28125 0.945312 0.289062 0.9375 0.289062 0.925781 0.285156 0.921875 0.285156 0.917969 0.273438 0.90625 0.273438 0.902344 0.261719 0.890625 0.261719 0.886719 0.257812 0.886719 0.25 0.878906
0 0.730469 0.390625 0.726562 0.394531 0.71875 0.394531 0.707031 0.40625 0.707031 0.425781 0.71875 0.4375 0.742188 0.4375 0.746094 0.433594 0.75 0.433594 0.753906 0.429688 0.753906 0.425781 0.757812 0.421875 0.757812 0.40625 0.746094 0.394531 0.738281 0.394531 0.734375 0.390625
0 0.0703125 0.683594 0.0546875 0.699219 0.0546875 0.703125 0.046875 0.710938 0.046875 0.71875 0.0429688 0.722656 0.0429688 0.738281 0.046875 0.742188 0.046875 0.746094 0.0507812 0.75 0.0546875 0.75 0.0585938 0.753906 0.0742188 0.753906 0.0898438 0.738281 0.0898438 0.734375 0.0976562 0.726562 0.0976562 0.722656 0.101562 0.71875 0.101562 0.695312 0.0898438 0.683594
0 0.207031 0 0.203125 0.00390625 0.203125 0.0078125 0.199219 0.0117188 0.199219 0.015625 0.195312 0.0195312 0.195312 0.0390625 0.207031 0.0507812 0.214844 0.0507812 0.21875 0.046875 0.222656 0.046875 0.234375 0.0351562 0.234375 0.03125 0.238281 0.0273438 0.238281 0.015625 0.234375 0.0117188 0.234375 0.00390625 0.230469 0
0 0.707031 0.617188 0.703125 0.621094 0.699219 0.621094 0.691406 0.628906 0.691406 0.632812 0.6875 0.636719 0.6875 0.648438 0.683594 0.652344 0.683594 0.667969 0.6875 0.671875 0.6875 0.675781 0.691406 0.675781 0.699219 0.683594 0.71875 0.683594 0.722656 0.679688 0.726562 0.679688 0.738281 0.667969 0.738281 0.660156 0.742188 0.65625 0.742188 0.648438 0.738281 0.644531 0.738281 0.632812 0.726562 0.621094 0.71875 0.621094 0.714844 0.617188
0 0.601562 0.105469 0.597656 0.109375 0.585938 0.109375 0.574219 0.121094 0.574219 0.136719 0.582031 0.144531 0.585938 0.144531 0.589844 0.148438 0.617188 0.148438 0.632812 0.132812 0.632812 0.125 0.628906 0.121094 0.628906 0.117188 0.621094 0.109375 0.605469 0.109375
0 0.957031 0.40625 0.953125 0.410156 0.949219 0.410156 0.941406 0.417969 0.941406 0.425781 0.9375 0.429688 0.941406 0.433594 0.941406 0.441406 0.945312 0.445312 0.957031 0.445312 0.960938 0.441406 0.96875 0.441406 0.972656 0.4375 0.972656 0.433594 0.976562 0.429688 0.976562 0.414062 0.972656 0.410156 0.96875 0.410156 0.964844 0.40625
