0 0.261719 0.21875 0.257812 0.222656 0.253906 0.222656 0.238281 0.238281 0.238281 0.242188 0.234375 0.246094 0.234375 0.265625 0.242188 0.273438 0.265625 0.273438 0.273438 0.265625 0.277344 0.265625 0.289062 0.253906 0.289062 0.230469 0.28125 0.222656 0.277344 0.222656 0.273438 0.21875
0 0.664062 0.703125 0.660156 0.707031 0.652344 0.707031 0.648438 0.710938 0.648438 0.730469 0.65625 0.738281 0.660156 0.738281 0.664062 0.742188 0.699219 0.742188 0.703125 0.738281 0.707031 0.738281 0.707031 0.71875 0.699219 0.710938 0.695312 0.710938 0.691406 0.707031 0.6875 0.707031 0.683594 0.703125
0 0 0.816406 0 0.847656 0.015625 0.847656 0.0195312 0.84375 0.0234375 0.84375 0.0234375 0.839844 0.0273438 0.835938 0.0273438 0.828125 0.0234375 0.824219 0.0234375 0.820312 0.0195312 0.820312 0.015625 0.816406
0 0.03125 0.714844 0.0234375 0.722656 0.0234375 0.726562 0.0195312 0.730469 0.0195312 0.742188 0.0234375 0.746094 0.0234375 0.75 0.0273438 0.75 0.03125 0.753906 0.0351562 0.753906 0.0390625 0.757812 0.0429688 0.757812 0.046875 0.761719 0.0703125 0.761719 0.0742188 0.757812 0.078125 0.757812 0.078125 0.753906 0.0820312 0.75 0.0820312 0.730469 0.078125 0.726562 0.078125 0.722656 0.0742188 0.722656 0.0703125 0.71875 0.0625 0.71875 0.0585938 0.714844
0 0.4375 0.15625 0.433594 0.160156 0.429688 0.160156 0.417969 0.171875 0.417969 0.175781 0.414062 0.179688 0.414062 0.191406 0.417969 0.195312 0.417969 0.199219 0.4375 0.199219 0.441406 0.195312 0.449219 0.195312 0.457031 0.1875 0.457031 0.183594 0.460938 0.179688 0.460938 0.164062 0.453125 0.15625
0 0.921875 0.199219 0.917969 0.203125 0.914062 0.203125 0.902344 0.214844 0.902344 0.21875 0.894531 0.226562 0.894531 0.234375 0.890625 0.238281 0.890625 0.253906 0.894531 0.257812 0.894531 0.261719 0.902344 0.269531 0.925781 0.269531 0.929688 0.265625 0.933594 0.265625 0.941406 0.257812 0.941406 0.253906 0.945312 0.25 0.945312 0.246094 0.953125 0.238281 0.953125 0.210938 0.945312 0.203125 0.941406 0.203125 0.9375 0.199219
0 0.964844 0.640625 0.960938 0.644531 0.953125 0.644531 0.9375 0.660156 0.9375 0.679688 0.945312 0.6875 0.949219 0.6875 0.953125 0.691406 0.988281 0.691406 0.992188 0.6875 0.996094 0.6875 0.996094 0.640625
0 0.0546875 0.132812 0.0507812 0.136719 0.046875 0.136719 0.0429688 0.140625 0.0390625 0.140625 0.0351562 0.144531 0.0351562 0.148438 0.03125 0.152344 0.03125 0.164062 0.0351562 0.164062 0.0390625 0.167969 0.0429688 0.167969 0.046875 0.171875 0.0664062 0.171875 0.0703125 0.167969 0.0742188 0.167969 0.0859375 0.15625 0.0859375 0.144531 0.078125 0.136719 0.0742188 0.136719 0.0703125 0.132812
0 0.46875 0.773438 0.460938 0.78125 0.460938 0.796875 0.464844 0.800781 0.464844 0.804688 0.46875 0.804688 0.476562 0.8125 0.484375 0.8125 0.488281 0.816406 0.507812 0.816406 0.511719 0.8125 0.511719 0.808594 0.515625 0.804688 0.515625 0.789062 0.507812 0.78125 0.503906 0.78125 0.5 0.777344 0.492188 0.777344 0.488281 0.773438
0 0.523438 0.183594 0.519531 0.1875 0.515625 0.1875 0.5 0.203125 0.5 0.207031 0.496094 0.210938 0.496094 0.226562 0.503906 0.234375 0.523438 0.234375 0.527344 0.230469 0.53125 0.230469 0.539062 0.222656 0.539062 0.21875 0.546875 0.210938 0.546875 0.1875 0.542969 0.1875 0.539062 0.183594
0 0.660156 0.765625 0.652344 0.773438 0.652344 0.789062 0.664062 0.800781 0.667969 0.800781 0.671875 0.804688 0.703125 0.804688 0.707031 0.800781 0.710938 0.800781 0.714844 0.796875 0.714844 0.785156 0.699219 0.769531 0.691406 0.769531 0.6875 0.765625
