0 0.5625 0.015625 0.558594 0.0195312 0.535156 0.0195312 0.53125 0.0234375 0.53125 0.046875 0.542969 0.0585938 0.566406 0.0585938 0.570312 0.0546875 0.574219 0.0546875 0.578125 0.0507812 0.578125 0.0351562 0.582031 0.03125 0.582031 0.0234375 0.574219 0.015625
0 0.566406 0.160156 0.5625 0.164062 0.558594 0.164062 0.558594 0.191406 0.5625 0.195312 0.5625 0.207031 0.574219 0.21875 0.582031 0.21875 0.585938 0.222656 0.589844 0.222656 0.59375 0.21875 0.597656 0.21875 0.597656 0.214844 0.601562 0.210938 0.601562 0.1875 0.597656 0.183594 0.597656 0.179688 0.59375 0.175781 0.59375 0.171875 0.585938 0.164062 0.582031 0.164062 0.578125 0.160156
0 0.824219 0.710938 0.820312 0.714844 0.8125 0.714844 0.804688 0.722656 0.804688 0.726562 0.800781 0.730469 0.800781 0.734375 0.796875 0.738281 0.796875 0.75 0.808594 0.761719 0.8125 0.761719 0.816406 0.765625 0.820312 0.761719 0.828125 0.761719 0.835938 0.753906 0.839844 0.753906 0.84375 0.75 0.84375 0.746094 0.851562 0.738281 0.855469 0.738281 0.855469 0.730469 0.859375 0.726562 0.859375 0.722656 0.855469 0.71875 0.855469 0.714844 0.851562 0.714844 0.847656 0.710938 0.832031 0.710938 0.828125 0.714844
0 0.0703125 0.0625 0.0664062 0.0664062 0.0585938 0.0664062 0.0390625 0.0859375 0.0390625 0.0898438 0.0351562 0.09375 0.0351562 0.125 0.046875 0.136719 0.0546875 0.136719 0.0585938 0.140625 0.0703125 0.140625 0.0742188 0.136719 0.0820312 0.136719 0.0859375 0.132812 0.0898438 0.132812 0.09375 0.128906 0.0976562 0.128906 0.105469 0.121094 0.105469 0.117188 0.109375 0.113281 0.109375 0.109375 0.113281 0.105469 0.113281 0.09375 0.109375 0.0898438 0.109375 0.0820312 0.0976562 0.0703125 0.09375 0.0703125 0.0898438 0.0664062 0.0820312 0.0664062 0.078125 0.0625
0 0.554688 0.558594 0.550781 0.5625 0.546875 0.5625 0.539062 0.570312 0.539062 0.574219 0.535156 0.578125 0.535156 0.585938 0.539062 0.589844 0.539062 0.59375 0.542969 0.597656 0.546875 0.597656 0.554688 0.605469 0.574219 0.605469 0.578125 0.601562 0.582031 0.601562 0.585938 0.597656 0.589844 0.597656 0.601562 0.585938 0.601562 0.574219 0.589844 0.5625 0.585938 0.5625 0.582031 0.558594
0 0.742188 0.710938 0.738281 0.714844 0.730469 0.714844 0.714844 0.730469 0.714844 0.746094 0.71875 0.75 0.722656 0.75 0.726562 0.753906 0.730469 0.753906 0.738281 0.761719 0.742188 0.761719 0.746094 0.765625 0.75 0.765625 0.753906 0.769531 0.753906 0.773438 0.769531 0.773438 0.769531 0.769531 0.773438 0.765625 0.773438 0.753906 0.769531 0.75 0.769531 0.746094 0.773438 0.742188 0.773438 0.738281 0.769531 0.734375 0.769531 0.726562 0.765625 0.722656 0.761719 0.722656 0.75 0.710938
0 0.597656 0.0078125 0.59375 0.0117188 0.589844 0.0117188 0.585938 0.015625 0.585938 0.0429688 0.589844 0.046875 0.589844 0.0546875 0.597656 0.0625 0.628906 0.0625 0.636719 0.0546875 0.636719 0.03125 0.640625 0.0273438 0.640625 0.0195312 0.628906 0.0078125
0 0.976562 0.945312 0.96875 0.953125 0.96875 0.957031 0.964844 0.960938 0.964844 0.992188 0.96875 0.996094 0.996094 0.996094 0.996094 0.945312
0 0.3125 0.0742188 0.308594 0.078125 0.289062 0.078125 0.277344 0.0898438 0.277344 0.0976562 0.273438 0.101562 0.273438 0.144531 0.277344 0.148438 0.277344 0.152344 0.289062 0.164062 0.292969 0.164062 0.296875 0.167969 0.3125 0.167969 0.316406 0.171875 0.320312 0.167969 0.324219 0.167969 0.328125 0.164062 0.332031 0.164062 0.335938 0.160156 0.339844 0.160156 0.347656 0.152344 0.347656 0.144531 0.355469 0.136719 0.355469 0.132812 0.359375 0.128906 0.359375 0.121094 0.363281 0.117188 0.363281 0.113281 0.355469 0.105469 0.351562 0.105469 0.347656 0.101562 0.34375 0.101562 0.339844 0.0976562 0.339844 0.0898438 0.328125 0.078125 0.324219 0.078125 0.320312 0.0742188
0 0.507812 0.171875 0.503906 0.175781 0.5 0.175781 0.5 0.179688 0.496094 0.183594 0.488281 0.183594 0.484375 0.1875 0.480469 0.1875 0.480469 0.191406 0.476562 0.195312 0.476562 0.203125 0.472656 0.207031 0.472656 0.222656 0.476562 0.226562 0.476562 0.230469 0.480469 0.234375 0.480469 0.238281 0.484375 0.242188 0.5 0.242188 0.503906 0.238281 0.507812 0.238281 0.511719 0.242188 0.515625 0.238281 0.523438 0.238281 0.527344 0.234375 0.53125 0.234375 0.539062 0.226562 0.539062 0.222656 0.542969 0.21875 0.542969 0.203125 0.539062 0.199219 0.539062 0.191406 0.53125 0.183594 0.53125 0.179688 0.527344 0.179688 0.523438 0.175781 0.519531 0.175781 0.515625 0.171875
0 0.191406 0.394531 0.1875 0.398438 0.183594 0.398438 0.179688 0.402344 0.179688 0.40625 0.175781 0.410156 0.175781 0.417969 0.179688 0.421875 0.179688 0.429688 0.1875 0.4375 0.195312 0.4375 0.199219 0.441406 0.214844 0.441406 0.222656 0.433594 0.222656 0.410156 0.210938 0.398438 0.207031 0.398438 0.203125 0.394531
0 0.898438 0.789062 0.894531 0.792969 0.890625 0.792969 0.886719 0.796875 0.882812 0.796875 0.875 0.804688 0.875 0.808594 0.871094 0.8125 0.871094 0.835938 0.875 0.839844 0.875 0.84375 0.878906 0.847656 0.878906 0.851562 0.882812 0.855469 0.886719 0.855469 0.890625 0.859375 0.894531 0.859375 0.898438 0.863281 0.914062 0.863281 0.917969 0.859375 0.921875 0.859375 0.925781 0.855469 0.929688 0.855469 0.933594 0.851562 0.9375 0.851562 0.941406 0.847656 0.941406 0.84375 0.945312 0.839844 0.945312 0.800781 0.9375 0.792969 0.933594 0.792969 0.929688 0.789062
0 0.335938 0 0.335938 0.00390625 0.339844 0.0078125 0.339844 0.0117188 0.34375 0.0117188 0.347656 0.015625 0.351562 0.015625 0.355469 0.0117188 0.359375 0.0117188 0.371094 0
0 0.835938 0.96875 0.832031 0.972656 0.824219 0.972656 0.820312 0.976562 0.816406 0.976562 0.8125 0.980469 0.8125 0.984375 0.808594 0.988281 0.808594 0.996094 0.875 0.996094 0.871094 0.992188 0.871094 0.988281 0.859375 0.976562 0.855469 0.976562 0.851562 0.972656 0.847656 0.972656 0.84375 0.96875
0 0.4375 0 0.433594 0.00390625 0.433594 0.0117188 0.429688 0.015625 0.429688 0.0351562 0.449219 0.0546875 0.453125 0.0546875 0.457031 0.0585938 0.472656 0.0585938 0.480469 0.0507812 0.480469 0.046875 0.484375 0.0429688 0.484375 0.0234375 0.480469 0.0195312 0.480469 0.015625 0.464844 0
0 0.863281 0.261719 0.855469 0.269531 0.855469 0.285156 0.851562 0.289062 0.851562 0.292969 0.855469 0.292969 0.867188 0.304688 0.867188 0.316406 0.875 0.324219 0.882812 0.324219 0.886719 0.320312 0.894531 0.320312 0.894531 0.3125 0.898438 0.308594 0.898438 0.292969 0.894531 0.289062 0.894531 0.28125 0.890625 0.277344 0.890625 0.273438 0.882812 0.265625 0.878906 0.265625 0.875 0.261719
0 0.609375 0.121094 0.601562 0.128906 0.597656 0.128906 0.597656 0.144531 0.601562 0.148438 0.601562 0.152344 0.609375 0.160156 0.609375 0.164062 0.617188 0.171875 0.617188 0.175781 0.632812 0.175781 0.640625 0.167969 0.640625 0.160156 0.644531 0.15625 0.644531 0.136719 0.636719 0.128906 0.632812 0.128906 0.628906 0.125 0.625 0.125 0.621094 0.121094
0 0.378906 0.425781 0.375 0.429688 0.371094 0.429688 0.367188 0.433594 0.363281 0.433594 0.359375 0.4375 0.359375 0.445312 0.355469 0.449219 0.355469 0.460938 0.359375 0.464844 0.359375 0.46875 0.363281 0.472656 0.367188 0.472656 0.371094 0.476562 0.394531 0.476562 0.398438 0.472656 0.402344 0.472656 0.414062 0.460938 0.414062 0.4375 0.410156 0.433594 0.40625 0.433594 0.402344 0.429688 0.398438 0.429688 0.394531 0.425781
0 0.675781 0.785156 0.671875 0.789062 0.671875 0.792969 0.667969 0.796875 0.667969 0.800781 0.664062 0.804688 0.664062 0.808594 0.660156 0.8125 0.660156 0.820312 0.664062 0.824219 0.664062 0.828125 0.667969 0.832031 0.667969 0.835938 0.679688 0.847656 0.6875 0.847656 0.691406 0.851562 0.699219 0.851562 0.710938 0.839844 0.714844 0.839844 0.71875 0.835938 0.71875 0.832031 0.722656 0.828125 0.722656 0.824219 0.714844 0.816406 0.714844 0.804688 0.710938 0.800781 0.710938 0.796875 0.703125 0.789062 0.699219 0.789062 0.695312 0.785156
