0 0.363281 0.304688 0.347656 0.320312 0.34375 0.320312 0.34375 0.347656 0.359375 0.363281 0.382812 0.363281 0.390625 0.355469 0.390625 0.351562 0.402344 0.339844 0.402344 0.316406 0.398438 0.316406 0.390625 0.308594 0.386719 0.308594 0.382812 0.304688
0 0.078125 0.308594 0.0742188 0.3125 0.0664062 0.3125 0.0546875 0.324219 0.0546875 0.328125 0.0507812 0.332031 0.0546875 0.335938 0.0546875 0.339844 0.0664062 0.351562 0.0664062 0.355469 0.0742188 0.355469 0.078125 0.351562 0.0820312 0.351562 0.0859375 0.347656 0.0898438 0.347656 0.0976562 0.339844 0.0976562 0.332031 0.101562 0.328125 0.101562 0.320312 0.0898438 0.308594
0 0.851562 0.0742188 0.84375 0.0820312 0.84375 0.0859375 0.839844 0.0898438 0.835938 0.0898438 0.828125 0.0976562 0.828125 0.105469 0.824219 0.109375 0.824219 0.117188 0.832031 0.125 0.832031 0.140625 0.84375 0.152344 0.867188 0.152344 0.878906 0.140625 0.878906 0.136719 0.882812 0.132812 0.882812 0.128906 0.886719 0.125 0.886719 0.109375 0.890625 0.105469 0.890625 0.101562 0.886719 0.0976562 0.886719 0.09375 0.871094 0.078125 0.863281 0.078125 0.859375 0.0742188
0 0.148438 0.175781 0.148438 0.179688 0.140625 0.1875 0.140625 0.210938 0.160156 0.230469 0.160156 0.234375 0.171875 0.234375 0.175781 0.230469 0.179688 0.230469 0.179688 0.222656 0.1875 0.214844 0.1875 0.191406 0.183594 0.1875 0.183594 0.183594 0.179688 0.183594 0.171875 0.175781
0 0.0898438 0.121094 0.078125 0.132812 0.0742188 0.132812 0.0585938 0.148438 0.0507812 0.148438 0.0507812 0.152344 0.046875 0.15625 0.046875 0.167969 0.0507812 0.171875 0.0507812 0.175781 0.0625 0.1875 0.0859375 0.1875 0.0898438 0.191406 0.101562 0.191406 0.109375 0.183594 0.113281 0.183594 0.117188 0.179688 0.117188 0.175781 0.121094 0.171875 0.121094 0.140625 0.105469 0.125 0.0976562 0.125 0.09375 0.121094
0 0.0820312 0.957031 0.078125 0.960938 0.0625 0.960938 0.0585938 0.964844 0.0546875 0.964844 0.0507812 0.96875 0.046875 0.96875 0.0429688 0.972656 0.0429688 0.976562 0.0390625 0.980469 0.0390625 0.996094 0.101562 0.996094 0.101562 0.980469 0.0976562 0.976562 0.0976562 0.96875 0.0898438 0.960938 0.0859375 0.960938
0 0.300781 0 0.292969 0.0078125 0.292969 0.0351562 0.300781 0.0429688 0.304688 0.0429688 0.308594 0.046875 0.335938 0.046875 0.34375 0.0390625 0.347656 0.0390625 0.355469 0.03125 0.355469 0.0273438 0.359375 0.0234375 0.359375 0.015625 0.363281 0.0117188 0.363281 0
0 0.472656 0.117188 0.457031 0.132812 0.457031 0.140625 0.453125 0.144531 0.453125 0.175781 0.457031 0.179688 0.457031 0.183594 0.460938 0.1875 0.464844 0.1875 0.46875 0.191406 0.472656 0.191406 0.476562 0.195312 0.488281 0.195312 0.492188 0.191406 0.496094 0.191406 0.503906 0.183594 0.511719 0.183594 0.511719 0.175781 0.515625 0.171875 0.515625 0.160156 0.511719 0.15625 0.511719 0.136719 0.507812 0.132812 0.507812 0.128906 0.503906 0.125 0.503906 0.121094 0.5 0.117188
0 0.683594 0.125 0.679688 0.128906 0.675781 0.128906 0.667969 0.136719 0.667969 0.144531 0.664062 0.148438 0.664062 0.167969 0.667969 0.171875 0.667969 0.183594 0.671875 0.1875 0.671875 0.191406 0.683594 0.203125 0.703125 0.203125 0.707031 0.199219 0.710938 0.199219 0.71875 0.191406 0.722656 0.191406 0.734375 0.179688 0.734375 0.15625 0.730469 0.152344 0.730469 0.144531 0.726562 0.144531 0.71875 0.136719 0.71875 0.132812 0.714844 0.132812 0.710938 0.128906 0.710938 0.125
0 0.726562 0.757812 0.71875 0.765625 0.714844 0.765625 0.707031 0.773438 0.707031 0.777344 0.703125 0.78125 0.703125 0.804688 0.707031 0.808594 0.707031 0.8125 0.710938 0.816406 0.738281 0.816406 0.742188 0.8125 0.746094 0.8125 0.75 0.808594 0.753906 0.808594 0.757812 0.804688 0.757812 0.796875 0.761719 0.792969 0.761719 0.789062 0.765625 0.785156 0.765625 0.769531 0.761719 0.765625 0.761719 0.761719 0.753906 0.761719 0.75 0.757812
