0 0.386719 0.472656 0.375 0.484375 0.375 0.496094 0.378906 0.496094 0.382812 0.492188 0.390625 0.492188 0.390625 0.488281 0.402344 0.476562 0.402344 0.472656
0 0.507812 0.0703125 0.507812 0.0742188 0.496094 0.0859375 0.492188 0.0859375 0.488281 0.0898438 0.488281 0.0976562 0.492188 0.101562 0.507812 0.101562 0.515625 0.09375 0.515625 0.078125
0 0.289062 0.488281 0.273438 0.503906 0.269531 0.503906 0.269531 0.527344 0.273438 0.527344 0.277344 0.53125 0.277344 0.535156 0.28125 0.53125 0.285156 0.53125 0.285156 0.511719 0.292969 0.503906 0.296875 0.503906 0.300781 0.5 0.304688 0.5 0.308594 0.496094 0.308594 0.492188 0.304688 0.488281
0 0.609375 0.5625 0.605469 0.566406 0.601562 0.566406 0.59375 0.574219 0.59375 0.582031 0.589844 0.585938 0.589844 0.59375 0.59375 0.597656 0.59375 0.609375 0.601562 0.617188 0.601562 0.621094 0.605469 0.621094 0.613281 0.628906 0.621094 0.628906 0.625 0.632812 0.644531 0.632812 0.648438 0.628906 0.652344 0.628906 0.652344 0.625 0.648438 0.621094 0.648438 0.613281 0.644531 0.609375 0.644531 0.597656 0.648438 0.59375 0.648438 0.574219 0.652344 0.570312 0.652344 0.566406 0.648438 0.566406 0.644531 0.5625
0 0.898438 0.886719 0.894531 0.890625 0.890625 0.890625 0.886719 0.894531 0.886719 0.898438 0.882812 0.902344 0.882812 0.90625 0.875 0.914062 0.871094 0.914062 0.867188 0.917969 0.863281 0.917969 0.863281 0.921875 0.859375 0.925781 0.859375 0.945312 0.871094 0.957031 0.875 0.957031 0.878906 0.960938 0.90625 0.960938 0.910156 0.957031 0.910156 0.925781 0.914062 0.921875 0.914062 0.917969 0.917969 0.914062 0.917969 0.910156 0.921875 0.90625 0.921875 0.902344 0.917969 0.898438 0.917969 0.894531 0.914062 0.890625 0.910156 0.890625 0.90625 0.886719
0 0.488281 0.0390625 0.472656 0.0546875 0.472656 0.0703125 0.476562 0.0742188 0.476562 0.078125 0.480469 0.0820312 0.480469 0.0859375 0.488281 0.0859375 0.492188 0.0820312 0.496094 0.0820312 0.503906 0.0742188 0.503906 0.0703125 0.507812 0.0664062 0.507812 0.0507812 0.503906 0.046875 0.503906 0.0429688 0.5 0.0390625
0 0.542969 0.488281 0.53125 0.5 0.53125 0.515625 0.542969 0.527344 0.546875 0.527344 0.558594 0.515625 0.558594 0.511719 0.5625 0.507812 0.5625 0.5 0.554688 0.492188 0.550781 0.492188 0.546875 0.488281
0 0.382812 0.328125 0.378906 0.332031 0.371094 0.332031 0.371094 0.355469 0.375 0.359375 0.375 0.363281 0.378906 0.367188 0.394531 0.367188 0.394531 0.34375 0.398438 0.339844 0.402344 0.339844 0.398438 0.339844 0.386719 0.328125
0 0.394531 0.449219 0.390625 0.453125 0.390625 0.46875 0.40625 0.46875 0.410156 0.464844 0.410156 0.449219
0 0.675781 0.429688 0.671875 0.433594 0.667969 0.433594 0.664062 0.4375 0.65625 0.4375 0.652344 0.441406 0.652344 0.445312 0.644531 0.453125 0.644531 0.472656 0.648438 0.476562 0.675781 0.476562 0.679688 0.472656 0.683594 0.472656 0.6875 0.46875 0.691406 0.46875 0.691406 0.464844 0.695312 0.460938 0.695312 0.457031 0.699219 0.453125 0.699219 0.429688
0 0.703125 0.433594 0.703125 0.453125 0.699219 0.457031 0.699219 0.460938 0.695312 0.464844 0.695312 0.46875 0.691406 0.472656 0.6875 0.472656 0.683594 0.476562 0.679688 0.476562 0.675781 0.480469 0.722656 0.480469 0.722656 0.464844 0.726562 0.460938 0.722656 0.457031 0.722656 0.449219 0.71875 0.445312 0.71875 0.441406 0.710938 0.441406
0 0.117188 0.527344 0.109375 0.535156 0.105469 0.535156 0.09375 0.546875 0.09375 0.566406 0.101562 0.574219 0.132812 0.574219 0.136719 0.570312 0.136719 0.566406 0.140625 0.5625 0.140625 0.539062 0.136719 0.539062 0.132812 0.535156 0.128906 0.535156 0.125 0.53125 0.125 0.527344
0 0.429688 0.332031 0.425781 0.335938 0.421875 0.335938 0.417969 0.339844 0.414062 0.339844 0.414062 0.34375 0.40625 0.351562 0.40625 0.363281 0.410156 0.367188 0.410156 0.371094 0.414062 0.375 0.433594 0.375 0.4375 0.371094 0.441406 0.371094 0.441406 0.363281 0.445312 0.359375 0.449219 0.359375 0.449219 0.339844 0.445312 0.335938 0.445312 0.332031
0 0.308594 0.367188 0.300781 0.375 0.300781 0.394531 0.308594 0.402344 0.324219 0.402344 0.339844 0.386719 0.339844 0.382812 0.335938 0.378906 0.335938 0.375 0.328125 0.367188
0 0.40625 0.296875 0.402344 0.300781 0.402344 0.308594 0.398438 0.3125 0.390625 0.3125 0.386719 0.316406 0.386719 0.324219 0.398438 0.335938 0.417969 0.335938 0.421875 0.332031 0.425781 0.332031 0.429688 0.328125 0.4375 0.328125 0.4375 0.304688 0.433594 0.300781 0.429688 0.300781 0.425781 0.296875
0 0.714844 0.359375 0.707031 0.367188 0.703125 0.367188 0.695312 0.375 0.691406 0.375 0.6875 0.378906 0.675781 0.378906 0.675781 0.390625 0.671875 0.394531 0.671875 0.40625 0.675781 0.410156 0.71875 0.410156 0.722656 0.40625 0.730469 0.40625 0.734375 0.402344 0.738281 0.402344 0.742188 0.398438 0.742188 0.390625 0.746094 0.386719 0.746094 0.367188 0.738281 0.359375
0 0.015625 0.0195312 0.0117188 0.0234375 0.0117188 0.0273438 0.00390625 0.0351562 0.00390625 0.0429688 0.0078125 0.046875 0.0195312 0.046875 0.0234375 0.0429688 0.03125 0.0429688 0.0429688 0.0546875 0.046875 0.0546875 0.0507812 0.0585938 0.0507812 0.0625 0.0546875 0.0664062 0.0546875 0.0742188 0.0585938 0.078125 0.0703125 0.078125 0.0742188 0.0742188 0.0742188 0.0546875 0.0703125 0.0507812 0.0703125 0.046875 0.0664062 0.0429688 0.0664062 0.0390625 0.0625 0.0351562 0.0625 0.03125 0.0546875 0.0234375 0.0507812 0.0234375 0.046875 0.0195312
0 0.03125 0.179688 0.0273438 0.183594 0.0234375 0.183594 0.0195312 0.1875 0.0195312 0.191406 0.015625 0.195312 0.015625 0.214844 0.0273438 0.226562 0.03125 0.226562 0.0351562 0.230469 0.0585938 0.230469 0.0585938 0.226562 0.0742188 0.210938 0.0742188 0.203125 0.078125 0.199219 0.078125 0.195312 0.0742188 0.191406 0.0742188 0.1875 0.0664062 0.179688
0 0.65625 0.566406 0.65625 0.570312 0.652344 0.574219 0.652344 0.59375 0.648438 0.597656 0.648438 0.609375 0.652344 0.613281 0.652344 0.621094 0.675781 0.621094 0.679688 0.625 0.6875 0.625 0.691406 0.621094 0.691406 0.617188 0.695312 0.613281 0.699219 0.613281 0.703125 0.609375 0.703125 0.605469 0.707031 0.601562 0.703125 0.597656 0.703125 0.589844 0.699219 0.585938 0.699219 0.582031 0.695312 0.578125 0.695312 0.574219 0.6875 0.566406
0 0.308594 0.875 0.304688 0.878906 0.296875 0.878906 0.292969 0.882812 0.289062 0.882812 0.289062 0.886719 0.285156 0.890625 0.285156 0.894531 0.277344 0.902344 0.277344 0.910156 0.273438 0.914062 0.273438 0.921875 0.277344 0.925781 0.277344 0.929688 0.28125 0.933594 0.28125 0.9375 0.289062 0.9375 0.292969 0.941406 0.300781 0.941406 0.3125 0.929688 0.328125 0.929688 0.332031 0.925781 0.332031 0.917969 0.335938 0.914062 0.335938 0.898438 0.332031 0.894531 0.332031 0.890625 0.316406 0.875
0 0.0195312 0.605469 0.015625 0.609375 0.0078125 0.609375 0 0.617188 0 0.671875 0.00390625 0.671875 0.0117188 0.679688 0.0390625 0.679688 0.0429688 0.675781 0.046875 0.675781 0.0585938 0.664062 0.0585938 0.65625 0.0625 0.652344 0.0625 0.628906 0.0585938 0.625 0.0585938 0.621094 0.0546875 0.617188 0.0507812 0.617188 0.046875 0.613281 0.0351562 0.613281 0.03125 0.609375 0.0234375 0.609375
0 0.0195312 0.0546875 0.0117188 0.0625 0.0117188 0.0742188 0.015625 0.078125 0.015625 0.0820312 0.0234375 0.0898438 0.0351562 0.0898438 0.0429688 0.0820312 0.046875 0.0820312 0.046875 0.0664062 0.0390625 0.0585938 0.0390625 0.0546875
0 0.359375 0.464844 0.355469 0.46875 0.355469 0.476562 0.359375 0.480469 0.371094 0.480469 0.375 0.476562 0.375 0.46875 0.371094 0.464844
0 0.746094 0.394531 0.746094 0.398438 0.738281 0.40625 0.734375 0.40625 0.730469 0.410156 0.730469 0.429688 0.734375 0.433594 0.734375 0.445312 0.738281 0.449219 0.738281 0.453125 0.746094 0.460938 0.757812 0.460938 0.761719 0.457031 0.761719 0.453125 0.757812 0.449219 0.757812 0.4375 0.753906 0.433594 0.753906 0.410156 0.75 0.40625 0.75 0.398438
0 0.601562 0.5 0.59375 0.507812 0.59375 0.519531 0.597656 0.523438 0.601562 0.523438 0.605469 0.527344 0.613281 0.527344 0.617188 0.523438 0.621094 0.523438 0.625 0.519531 0.625 0.507812 0.617188 0.5
0 0.363281 0.4375 0.363281 0.441406 0.359375 0.445312 0.359375 0.453125 0.367188 0.460938 0.378906 0.460938 0.382812 0.457031 0.382812 0.441406 0.378906 0.4375
0 0.148438 0.535156 0.144531 0.539062 0.144531 0.5625 0.140625 0.566406 0.140625 0.574219 0.148438 0.574219 0.152344 0.570312 0.160156 0.570312 0.164062 0.566406 0.167969 0.566406 0.171875 0.5625 0.171875 0.542969 0.164062 0.535156
0 0.734375 0.464844 0.730469 0.46875 0.730469 0.476562 0.734375 0.480469 0.742188 0.480469 0.75 0.488281 0.757812 0.488281 0.761719 0.484375 0.761719 0.476562 0.757812 0.472656 0.757812 0.46875 0.753906 0.46875 0.75 0.464844
0 0.933594 0.933594 0.929688 0.9375 0.921875 0.9375 0.917969 0.941406 0.914062 0.941406 0.914062 0.957031 0.90625 0.964844 0.902344 0.964844 0.902344 0.96875 0.882812 0.988281 0.871094 0.988281 0.867188 0.992188 0.859375 0.992188 0.859375 0.996094 0.929688 0.996094 0.941406 0.984375 0.941406 0.976562 0.945312 0.972656 0.957031 0.972656 0.957031 0.96875 0.960938 0.964844 0.960938 0.957031 0.953125 0.949219 0.953125 0.945312 0.949219 0.945312 0.945312 0.941406 0.945312 0.933594
0 0.00390625 0.144531 0 0.148438 0 0.183594 0.00390625 0.183594 0.0117188 0.175781 0.0117188 0.167969 0.015625 0.164062 0.015625 0.15625 0.0117188 0.152344 0.0117188 0.148438 0.0078125 0.148438
0 0.484375 0.382812 0.476562 0.390625 0.476562 0.394531 0.472656 0.398438 0.472656 0.40625 0.476562 0.410156 0.484375 0.410156 0.488281 0.414062 0.496094 0.414062 0.496094 0.410156 0.503906 0.402344 0.503906 0.398438 0.5 0.394531 0.5 0.386719 0.496094 0.382812
0 0.726562 0.480469 0.714844 0.492188 0.714844 0.496094 0.71875 0.5 0.722656 0.5 0.726562 0.503906 0.746094 0.503906 0.75 0.5 0.75 0.492188 0.746094 0.488281 0.738281 0.488281 0.730469 0.480469
0 0.851562 0.597656 0.847656 0.601562 0.839844 0.601562 0.832031 0.609375 0.832031 0.613281 0.828125 0.617188 0.828125 0.640625 0.832031 0.644531 0.832031 0.648438 0.84375 0.660156 0.871094 0.660156 0.878906 0.652344 0.882812 0.652344 0.882812 0.648438 0.886719 0.644531 0.886719 0.617188 0.882812 0.613281 0.882812 0.609375 0.875 0.601562 0.871094 0.601562 0.867188 0.597656
0 0.390625 0.285156 0.382812 0.292969 0.382812 0.296875 0.378906 0.300781 0.378906 0.304688 0.375 0.308594 0.375 0.316406 0.378906 0.320312 0.382812 0.320312 0.382812 0.316406 0.390625 0.308594 0.398438 0.308594 0.398438 0.300781 0.402344 0.296875 0.402344 0.289062 0.398438 0.285156
0 0.136719 0.21875 0.128906 0.226562 0.128906 0.246094 0.136719 0.253906 0.152344 0.253906 0.160156 0.246094 0.160156 0.230469 0.148438 0.21875
0 0.253906 0.917969 0.25 0.921875 0.246094 0.921875 0.238281 0.929688 0.238281 0.933594 0.234375 0.9375 0.234375 0.953125 0.238281 0.957031 0.238281 0.960938 0.242188 0.964844 0.242188 0.96875 0.253906 0.980469 0.261719 0.980469 0.265625 0.984375 0.269531 0.980469 0.277344 0.980469 0.292969 0.964844 0.292969 0.953125 0.277344 0.9375 0.277344 0.933594 0.273438 0.929688 0.273438 0.925781 0.265625 0.917969
0 0.335938 0.257812 0.324219 0.269531 0.324219 0.289062 0.332031 0.296875 0.34375 0.296875 0.351562 0.289062 0.351562 0.285156 0.355469 0.28125 0.355469 0.277344 0.359375 0.273438 0.359375 0.261719 0.355469 0.257812
0 0.300781 0.503906 0.296875 0.507812 0.292969 0.507812 0.289062 0.511719 0.289062 0.53125 0.285156 0.535156 0.28125 0.535156 0.28125 0.542969 0.324219 0.542969 0.332031 0.535156 0.328125 0.53125 0.328125 0.515625 0.316406 0.503906
