0 0.113281 0.902344 0.109375 0.90625 0.105469 0.90625 0.101562 0.910156 0.0976562 0.910156 0.0859375 0.921875 0.0859375 0.925781 0.0820312 0.929688 0.0859375 0.929688 0.0898438 0.925781 0.09375 0.925781 0.0976562 0.929688 0.0898438 0.9375 0.0859375 0.9375 0.0898438 0.941406 0.09375 0.941406 0.101562 0.949219 0.105469 0.949219 0.109375 0.953125 0.113281 0.953125 0.117188 0.949219 0.121094 0.953125 0.125 0.953125 0.128906 0.949219 0.136719 0.949219 0.140625 0.945312 0.144531 0.945312 0.148438 0.941406 0.15625 0.941406 0.160156 0.9375 0.160156 0.933594 0.164062 0.929688 0.160156 0.929688 0.15625 0.925781 0.152344 0.925781 0.148438 0.921875 0.140625 0.921875 0.132812 0.914062 0.128906 0.914062 0.121094 0.90625 0.117188 0.90625
0 0.515625 0.160156 0.511719 0.164062 0.511719 0.167969 0.507812 0.171875 0.507812 0.175781 0.503906 0.179688 0.503906 0.210938 0.507812 0.214844 0.507812 0.21875 0.511719 0.222656 0.515625 0.222656 0.519531 0.226562 0.523438 0.226562 0.527344 0.222656 0.53125 0.222656 0.53125 0.21875 0.539062 0.210938 0.539062 0.203125 0.546875 0.195312 0.550781 0.195312 0.550781 0.175781 0.535156 0.160156
0 0.765625 0.835938 0.757812 0.84375 0.757812 0.847656 0.753906 0.851562 0.753906 0.859375 0.757812 0.863281 0.761719 0.863281 0.773438 0.875 0.78125 0.875 0.789062 0.867188 0.789062 0.855469 0.785156 0.851562 0.785156 0.839844 0.78125 0.835938
0 0.9375 0.628906 0.933594 0.632812 0.933594 0.640625 0.9375 0.644531 0.945312 0.644531 0.949219 0.640625 0.949219 0.632812 0.945312 0.628906
0 0.953125 0.359375 0.949219 0.363281 0.945312 0.363281 0.945312 0.390625 0.949219 0.394531 0.949219 0.398438 0.957031 0.398438 0.964844 0.40625 0.996094 0.40625 0.996094 0.371094 0.992188 0.371094 0.988281 0.367188 0.984375 0.367188 0.980469 0.363281 0.972656 0.363281 0.96875 0.359375
0 0.414062 0.570312 0.40625 0.578125 0.40625 0.582031 0.398438 0.589844 0.398438 0.601562 0.402344 0.605469 0.421875 0.605469 0.429688 0.597656 0.429688 0.589844 0.425781 0.585938 0.425781 0.578125 0.417969 0.570312
0 0.707031 0.949219 0.699219 0.957031 0.691406 0.957031 0.6875 0.960938 0.683594 0.960938 0.679688 0.964844 0.679688 0.972656 0.675781 0.976562 0.675781 0.996094 0.726562 0.996094 0.734375 0.988281 0.734375 0.964844 0.730469 0.960938 0.730469 0.957031 0.726562 0.953125 0.722656 0.953125 0.71875 0.949219
0 0.550781 0.0507812 0.550781 0.0546875 0.546875 0.0585938 0.539062 0.0585938 0.53125 0.0664062 0.527344 0.0625 0.527344 0.0664062 0.523438 0.0703125 0.523438 0.0976562 0.53125 0.105469 0.53125 0.109375 0.535156 0.109375 0.539062 0.113281 0.546875 0.113281 0.550781 0.117188 0.5625 0.117188 0.566406 0.121094 0.578125 0.121094 0.582031 0.117188 0.585938 0.117188 0.589844 0.113281 0.59375 0.113281 0.59375 0.109375 0.601562 0.101562 0.601562 0.0742188 0.597656 0.0703125 0.597656 0.0664062 0.59375 0.0625 0.59375 0.0585938 0.589844 0.0585938 0.582031 0.0507812
0 0.828125 0.726562 0.824219 0.730469 0.820312 0.730469 0.8125 0.738281 0.8125 0.742188 0.808594 0.746094 0.808594 0.753906 0.804688 0.757812 0.808594 0.761719 0.808594 0.769531 0.8125 0.773438 0.8125 0.777344 0.816406 0.78125 0.816406 0.789062 0.828125 0.800781 0.832031 0.800781 0.835938 0.804688 0.839844 0.804688 0.84375 0.808594 0.855469 0.808594 0.859375 0.804688 0.863281 0.804688 0.867188 0.800781 0.871094 0.800781 0.886719 0.785156 0.886719 0.765625 0.882812 0.761719 0.882812 0.753906 0.878906 0.75 0.875 0.75 0.871094 0.746094 0.859375 0.746094 0.855469 0.742188 0.855469 0.738281 0.847656 0.730469 0.84375 0.730469 0.839844 0.726562
0 0.394531 0.523438 0.386719 0.53125 0.386719 0.546875 0.394531 0.554688 0.417969 0.554688 0.421875 0.550781 0.421875 0.535156 0.410156 0.523438
0 0.230469 0.789062 0.226562 0.792969 0.226562 0.800781 0.230469 0.804688 0.238281 0.804688 0.242188 0.800781 0.242188 0.792969 0.238281 0.789062
0 0.199219 0.605469 0.195312 0.609375 0.191406 0.609375 0.183594 0.617188 0.183594 0.628906 0.179688 0.632812 0.179688 0.652344 0.183594 0.65625 0.183594 0.664062 0.1875 0.667969 0.222656 0.667969 0.226562 0.664062 0.226562 0.65625 0.230469 0.652344 0.230469 0.644531 0.238281 0.636719 0.238281 0.632812 0.242188 0.628906 0.242188 0.613281 0.238281 0.609375 0.230469 0.609375 0.226562 0.605469
0 0.371094 0.546875 0.359375 0.558594 0.359375 0.578125 0.363281 0.582031 0.367188 0.582031 0.375 0.589844 0.375 0.597656 0.382812 0.605469 0.398438 0.605469 0.394531 0.601562 0.394531 0.589844 0.402344 0.582031 0.402344 0.578125 0.410156 0.570312 0.410156 0.558594 0.394531 0.558594 0.386719 0.550781 0.382812 0.550781 0.378906 0.546875
0 0.40625 0.132812 0.394531 0.144531 0.390625 0.144531 0.386719 0.148438 0.386719 0.152344 0.382812 0.15625 0.382812 0.160156 0.378906 0.164062 0.378906 0.1875 0.382812 0.191406 0.382812 0.195312 0.394531 0.207031 0.398438 0.207031 0.402344 0.210938 0.433594 0.210938 0.4375 0.207031 0.445312 0.207031 0.449219 0.203125 0.449219 0.199219 0.453125 0.195312 0.453125 0.167969 0.449219 0.164062 0.449219 0.144531 0.441406 0.136719 0.4375 0.136719 0.433594 0.132812
0 0.988281 0.242188 0.984375 0.246094 0.980469 0.246094 0.980469 0.257812 0.984375 0.261719 0.984375 0.265625 0.988281 0.261719 0.992188 0.265625 0.996094 0.265625 0.996094 0.242188
0 0.40625 0.636719 0.402344 0.640625 0.402344 0.664062 0.40625 0.667969 0.40625 0.671875 0.410156 0.675781 0.429688 0.675781 0.4375 0.667969 0.4375 0.648438 0.433594 0.644531 0.433594 0.640625 0.429688 0.636719
0 0.582031 0.207031 0.578125 0.210938 0.570312 0.210938 0.566406 0.214844 0.566406 0.222656 0.558594 0.230469 0.558594 0.25 0.566406 0.257812 0.566406 0.261719 0.570312 0.261719 0.578125 0.269531 0.582031 0.269531 0.585938 0.273438 0.59375 0.273438 0.597656 0.269531 0.597656 0.261719 0.613281 0.246094 0.613281 0.242188 0.617188 0.238281 0.617188 0.226562 0.613281 0.222656 0.613281 0.21875 0.601562 0.207031
0 0.171875 0.851562 0.167969 0.855469 0.152344 0.855469 0.140625 0.867188 0.140625 0.890625 0.148438 0.898438 0.152344 0.898438 0.15625 0.902344 0.160156 0.902344 0.164062 0.90625 0.179688 0.90625 0.183594 0.902344 0.191406 0.902344 0.191406 0.898438 0.195312 0.894531 0.195312 0.890625 0.203125 0.882812 0.203125 0.871094 0.199219 0.867188 0.199219 0.863281 0.191406 0.855469 0.1875 0.855469 0.183594 0.851562 0.179688 0.851562 0.175781 0.855469
0 0.261719 0.621094 0.257812 0.625 0.25 0.625 0.246094 0.628906 0.246094 0.636719 0.242188 0.640625 0.238281 0.640625 0.234375 0.644531 0.234375 0.652344 0.230469 0.65625 0.230469 0.671875 0.234375 0.675781 0.234375 0.679688 0.238281 0.683594 0.242188 0.683594 0.246094 0.6875 0.257812 0.6875 0.261719 0.691406 0.289062 0.691406 0.300781 0.679688 0.300781 0.675781 0.304688 0.671875 0.308594 0.671875 0.3125 0.667969 0.3125 0.640625 0.308594 0.636719 0.308594 0.632812 0.296875 0.621094
0 0.269531 0.664062 0.273438 0.660156 0.277344 0.664062 0.273438 0.667969
0 0.289062 0.832031 0.285156 0.835938 0.28125 0.835938 0.273438 0.84375 0.269531 0.84375 0.269531 0.847656 0.261719 0.855469 0.261719 0.859375 0.257812 0.863281 0.257812 0.867188 0.253906 0.871094 0.253906 0.902344 0.265625 0.914062 0.269531 0.914062 0.273438 0.917969 0.28125 0.917969 0.285156 0.921875 0.292969 0.921875 0.296875 0.917969 0.304688 0.917969 0.308594 0.914062 0.3125 0.914062 0.320312 0.90625 0.320312 0.898438 0.324219 0.894531 0.324219 0.882812 0.328125 0.878906 0.328125 0.851562 0.320312 0.84375 0.320312 0.839844 0.316406 0.835938 0.3125 0.835938 0.308594 0.832031
0 0.601562 0.128906 0.597656 0.132812 0.566406 0.132812 0.566406 0.136719 0.5625 0.140625 0.550781 0.140625 0.550781 0.144531 0.546875 0.148438 0.546875 0.15625 0.550781 0.15625 0.558594 0.164062 0.597656 0.164062 0.601562 0.160156 0.605469 0.160156 0.609375 0.15625 0.613281 0.15625 0.617188 0.152344 0.617188 0.148438 0.621094 0.144531 0.621094 0.136719 0.617188 0.132812 0.613281 0.132812 0.609375 0.128906
0 0.941406 0.667969 0.9375 0.671875 0.929688 0.671875 0.929688 0.683594 0.9375 0.691406 0.9375 0.695312 0.933594 0.699219 0.933594 0.707031 0.9375 0.710938 0.941406 0.707031 0.945312 0.707031 0.949219 0.710938 0.953125 0.710938 0.960938 0.703125 0.964844 0.703125 0.96875 0.699219 0.96875 0.695312 0.972656 0.691406 0.972656 0.683594 0.96875 0.679688 0.96875 0.675781 0.964844 0.671875 0.953125 0.671875 0.949219 0.667969
0 0.5625 0.9375 0.558594 0.941406 0.554688 0.941406 0.546875 0.949219 0.546875 0.953125 0.539062 0.960938 0.539062 0.992188 0.542969 0.996094 0.609375 0.996094 0.613281 0.992188 0.613281 0.988281 0.617188 0.984375 0.617188 0.96875 0.609375 0.960938 0.609375 0.957031 0.605469 0.957031 0.59375 0.945312 0.585938 0.945312 0.578125 0.9375
0 0.910156 0.265625 0.90625 0.269531 0.902344 0.269531 0.898438 0.273438 0.898438 0.292969 0.910156 0.304688 0.914062 0.304688 0.914062 0.300781 0.917969 0.296875 0.921875 0.296875 0.925781 0.300781 0.929688 0.300781 0.933594 0.304688 0.945312 0.304688 0.945312 0.289062 0.941406 0.285156 0.941406 0.28125 0.929688 0.269531 0.921875 0.269531 0.917969 0.265625
0 0.238281 0.972656 0.234375 0.976562 0.234375 0.984375 0.238281 0.988281 0.238281 0.996094 0.253906 0.996094 0.257812 0.992188 0.257812 0.980469 0.25 0.972656
0 0.425781 0.558594 0.421875 0.5625 0.421875 0.570312 0.429688 0.578125 0.429688 0.585938 0.433594 0.589844 0.445312 0.589844 0.449219 0.585938 0.449219 0.578125 0.445312 0.574219 0.445312 0.570312 0.441406 0.566406 0.441406 0.5625 0.4375 0.558594
0 0.871094 0.65625 0.867188 0.660156 0.859375 0.660156 0.855469 0.664062 0.851562 0.664062 0.851562 0.667969 0.847656 0.671875 0.847656 0.679688 0.84375 0.683594 0.84375 0.699219 0.847656 0.699219 0.859375 0.710938 0.863281 0.710938 0.867188 0.714844 0.867188 0.71875 0.875 0.71875 0.882812 0.726562 0.886719 0.726562 0.890625 0.730469 0.90625 0.730469 0.910156 0.726562 0.914062 0.726562 0.917969 0.722656 0.917969 0.71875 0.925781 0.710938 0.933594 0.710938 0.929688 0.707031 0.929688 0.699219 0.933594 0.695312 0.933594 0.691406 0.925781 0.683594 0.925781 0.671875 0.929688 0.667969 0.933594 0.667969 0.929688 0.664062 0.925781 0.667969 0.925781 0.6875 0.929688 0.691406 0.929688 0.695312 0.925781 0.699219 0.917969 0.691406 0.917969 0.6875 0.914062 0.683594 0.910156 0.683594 0.898438 0.671875 0.894531 0.671875 0.890625 0.667969 0.886719 0.667969 0.882812 0.664062 0.878906 0.664062
0 0.386719 0.65625 0.375 0.667969 0.375 0.6875 0.378906 0.691406 0.410156 0.691406 0.414062 0.6875 0.414062 0.679688 0.410156 0.679688 0.402344 0.671875 0.402344 0.667969 0.398438 0.664062 0.398438 0.660156 0.394531 0.65625
0 0.226562 0.363281 0.226562 0.367188 0.222656 0.371094 0.21875 0.371094 0.21875 0.375 0.214844 0.378906 0.210938 0.378906 0.210938 0.386719 0.207031 0.390625 0.207031 0.394531 0.210938 0.398438 0.210938 0.421875 0.222656 0.433594 0.226562 0.433594 0.230469 0.4375 0.246094 0.4375 0.25 0.433594 0.253906 0.433594 0.265625 0.421875 0.265625 0.417969 0.273438 0.410156 0.273438 0.390625 0.269531 0.386719 0.269531 0.378906 0.253906 0.363281 0.246094 0.363281 0.242188 0.367188 0.238281 0.363281
