0 0.882812 0.355469 0.882812 0.363281 0.878906 0.367188 0.878906 0.375 0.871094 0.382812 0.875 0.386719 0.875 0.390625 0.871094 0.394531 0.886719 0.410156 0.910156 0.410156 0.914062 0.40625 0.917969 0.40625 0.917969 0.402344 0.925781 0.394531 0.925781 0.386719 0.929688 0.382812 0.929688 0.378906 0.925781 0.375 0.925781 0.371094 0.921875 0.367188 0.921875 0.363281 0.914062 0.355469
0 0.699219 0.804688 0.691406 0.8125 0.691406 0.816406 0.675781 0.832031 0.675781 0.84375 0.683594 0.851562 0.722656 0.851562 0.730469 0.84375 0.730469 0.824219 0.722656 0.816406 0.722656 0.8125 0.714844 0.804688
0 0.878906 0.902344 0.875 0.90625 0.875 0.910156 0.871094 0.914062 0.871094 0.925781 0.878906 0.933594 0.882812 0.933594 0.886719 0.9375 0.898438 0.9375 0.902344 0.933594 0.90625 0.933594 0.90625 0.929688 0.910156 0.925781 0.910156 0.914062 0.898438 0.902344
0 0.632812 0.722656 0.628906 0.726562 0.628906 0.761719 0.632812 0.765625 0.636719 0.765625 0.640625 0.769531 0.652344 0.769531 0.65625 0.765625 0.65625 0.757812 0.660156 0.753906 0.660156 0.730469 0.65625 0.726562 0.652344 0.726562 0.648438 0.722656
0 0.589844 0.792969 0.585938 0.796875 0.585938 0.804688 0.589844 0.808594 0.597656 0.808594 0.601562 0.804688 0.601562 0.796875 0.597656 0.792969
0 0.683594 0.714844 0.675781 0.722656 0.675781 0.746094 0.679688 0.75 0.679688 0.753906 0.683594 0.757812 0.703125 0.757812 0.710938 0.75 0.710938 0.738281 0.703125 0.730469 0.703125 0.726562 0.691406 0.714844
0 0.679688 0.773438 0.675781 0.777344 0.671875 0.777344 0.667969 0.78125 0.664062 0.78125 0.660156 0.785156 0.660156 0.816406 0.664062 0.820312 0.683594 0.820312 0.6875 0.816406 0.6875 0.8125 0.691406 0.808594 0.691406 0.804688 0.695312 0.800781 0.714844 0.800781 0.71875 0.796875 0.71875 0.789062 0.703125 0.773438
0 0.890625 0.628906 0.875 0.644531 0.875 0.667969 0.878906 0.671875 0.878906 0.675781 0.886719 0.683594 0.894531 0.683594 0.898438 0.6875 0.90625 0.6875 0.910156 0.683594 0.914062 0.683594 0.917969 0.679688 0.921875 0.679688 0.925781 0.675781 0.925781 0.671875 0.929688 0.667969 0.929688 0.644531 0.925781 0.640625 0.925781 0.636719 0.921875 0.632812 0.921875 0.628906 0.917969 0.628906 0.914062 0.632812 0.910156 0.628906
0 0.53125 0.59375 0.527344 0.597656 0.523438 0.597656 0.519531 0.601562 0.515625 0.601562 0.511719 0.605469 0.511719 0.617188 0.515625 0.621094 0.515625 0.628906 0.519531 0.632812 0.5625 0.632812 0.566406 0.628906 0.566406 0.605469 0.5625 0.601562 0.554688 0.601562 0.546875 0.59375
0 0.527344 0.636719 0.519531 0.644531 0.519531 0.660156 0.53125 0.671875 0.554688 0.671875 0.558594 0.667969 0.558594 0.664062 0.5625 0.660156 0.5625 0.644531 0.558594 0.640625 0.558594 0.636719
0 0.617188 0.765625 0.605469 0.777344 0.605469 0.785156 0.609375 0.789062 0.617188 0.789062 0.628906 0.777344 0.628906 0.769531 0.625 0.765625
0 0.609375 0.792969 0.605469 0.796875 0.605469 0.804688 0.609375 0.808594 0.617188 0.808594 0.621094 0.804688 0.621094 0.796875 0.617188 0.792969
