0 0.667969 0.453125 0.664062 0.457031 0.664062 0.464844 0.65625 0.472656 0.65625 0.5 0.664062 0.507812 0.671875 0.507812 0.679688 0.5 0.683594 0.5 0.683594 0.496094 0.6875 0.492188 0.6875 0.480469 0.691406 0.476562 0.691406 0.464844 0.6875 0.460938 0.6875 0.457031 0.683594 0.453125
0 0.148438 0.148438 0.140625 0.15625 0.140625 0.167969 0.148438 0.175781 0.167969 0.175781 0.175781 0.167969 0.175781 0.160156 0.171875 0.15625 0.171875 0.152344 0.167969 0.148438
0 0.558594 0.886719 0.554688 0.890625 0.546875 0.890625 0.539062 0.898438 0.535156 0.898438 0.523438 0.910156 0.523438 0.925781 0.53125 0.933594 0.542969 0.933594 0.546875 0.929688 0.554688 0.929688 0.558594 0.925781 0.5625 0.925781 0.578125 0.910156 0.578125 0.894531 0.574219 0.890625 0.570312 0.890625 0.566406 0.886719
0 0.3125 0.269531 0.304688 0.277344 0.304688 0.292969 0.316406 0.304688 0.332031 0.304688 0.335938 0.308594 0.34375 0.308594 0.347656 0.304688 0.355469 0.304688 0.359375 0.300781 0.359375 0.285156 0.347656 0.273438 0.34375 0.273438 0.339844 0.269531
0 0.175781 0.855469 0.171875 0.859375 0.167969 0.859375 0.164062 0.863281 0.160156 0.863281 0.148438 0.875 0.148438 0.878906 0.144531 0.882812 0.144531 0.890625 0.152344 0.898438 0.15625 0.898438 0.160156 0.902344 0.175781 0.902344 0.179688 0.898438 0.183594 0.898438 0.195312 0.886719 0.195312 0.871094 0.191406 0.867188 0.191406 0.863281 0.183594 0.855469
0 0.734375 0.375 0.734375 0.378906 0.730469 0.382812 0.730469 0.394531 0.738281 0.394531 0.746094 0.386719 0.746094 0.378906 0.742188 0.375
0 0.710938 0.496094 0.707031 0.5 0.699219 0.5 0.6875 0.511719 0.6875 0.53125 0.691406 0.535156 0.691406 0.542969 0.703125 0.542969 0.714844 0.53125 0.714844 0.527344 0.722656 0.519531 0.722656 0.511719 0.726562 0.507812 0.722656 0.503906 0.722656 0.5 0.71875 0.5 0.714844 0.496094
0 0.699219 0.171875 0.695312 0.175781 0.691406 0.175781 0.691406 0.179688 0.6875 0.183594 0.6875 0.210938 0.691406 0.214844 0.691406 0.21875 0.703125 0.230469 0.710938 0.230469 0.71875 0.238281 0.738281 0.238281 0.742188 0.234375 0.746094 0.234375 0.75 0.230469 0.75 0.226562 0.753906 0.222656 0.753906 0.210938 0.75 0.207031 0.75 0.203125 0.746094 0.199219 0.746094 0.195312 0.742188 0.191406 0.742188 0.1875 0.738281 0.183594 0.734375 0.183594 0.726562 0.175781 0.722656 0.175781 0.71875 0.171875
0 0.546875 0.257812 0.539062 0.265625 0.539062 0.28125 0.542969 0.285156 0.5625 0.285156 0.566406 0.28125 0.566406 0.261719 0.554688 0.261719 0.550781 0.257812
0 0.867188 0.332031 0.867188 0.34375 0.871094 0.347656 0.871094 0.351562 0.875 0.355469 0.875 0.359375 0.886719 0.359375 0.886719 0.355469 0.890625 0.351562 0.890625 0.34375 0.882812 0.335938 0.882812 0.332031
0 0.339844 0 0.339844 0.0117188 0.355469 0.0273438 0.359375 0.0273438 0.363281 0.03125 0.371094 0.03125 0.375 0.0351562 0.386719 0.0351562 0.394531 0.0273438 0.394531 0.0078125 0.386719 0
0 0.558594 0.300781 0.550781 0.308594 0.542969 0.308594 0.542969 0.324219 0.550781 0.324219 0.554688 0.328125 0.566406 0.328125 0.570312 0.324219 0.574219 0.324219 0.574219 0.3125 0.5625 0.300781
0 0.304688 0.78125 0.300781 0.785156 0.296875 0.785156 0.289062 0.792969 0.289062 0.804688 0.300781 0.816406 0.308594 0.816406 0.3125 0.820312 0.316406 0.820312 0.320312 0.816406 0.332031 0.816406 0.335938 0.8125 0.335938 0.796875 0.324219 0.785156 0.316406 0.785156 0.3125 0.78125
0 0 0.664062 0 0.714844 0.0078125 0.707031 0.0117188 0.707031 0.0117188 0.703125 0.015625 0.699219 0.015625 0.695312 0.0195312 0.691406 0.0195312 0.675781 0.015625 0.671875 0.015625 0.667969 0.0117188 0.667969 0.0078125 0.664062
0 0.722656 0.273438 0.71875 0.277344 0.71875 0.292969 0.722656 0.296875 0.722656 0.300781 0.726562 0.300781 0.730469 0.304688 0.75 0.304688 0.757812 0.296875 0.757812 0.289062 0.753906 0.285156 0.753906 0.28125 0.75 0.277344 0.746094 0.277344 0.742188 0.273438
0 0 0.40625 0 0.449219 0.0273438 0.449219 0.03125 0.445312 0.0351562 0.445312 0.0429688 0.4375 0.0429688 0.433594 0.046875 0.429688 0.0429688 0.425781 0.0429688 0.417969 0.0351562 0.410156 0.0273438 0.410156 0.0234375 0.40625
0 0.773438 0.339844 0.769531 0.34375 0.769531 0.347656 0.765625 0.351562 0.765625 0.378906 0.769531 0.382812 0.777344 0.382812 0.777344 0.359375 0.78125 0.355469 0.785156 0.355469 0.785156 0.34375 0.78125 0.339844
0 0.480469 0.457031 0.476562 0.460938 0.46875 0.460938 0.464844 0.464844 0.457031 0.464844 0.453125 0.46875 0.453125 0.484375 0.460938 0.492188 0.480469 0.492188 0.484375 0.488281 0.492188 0.488281 0.496094 0.484375 0.496094 0.480469 0.5 0.476562 0.5 0.460938 0.496094 0.457031
0 0.773438 0.636719 0.769531 0.640625 0.765625 0.640625 0.761719 0.644531 0.757812 0.644531 0.742188 0.660156 0.742188 0.664062 0.734375 0.671875 0.734375 0.691406 0.738281 0.695312 0.738281 0.699219 0.742188 0.703125 0.765625 0.703125 0.769531 0.699219 0.773438 0.699219 0.777344 0.695312 0.78125 0.695312 0.78125 0.691406 0.789062 0.683594 0.789062 0.679688 0.792969 0.675781 0.792969 0.648438 0.785156 0.640625 0.78125 0.640625 0.777344 0.636719
0 0.015625 0.179688 0.0117188 0.183594 0.0078125 0.183594 0.00390625 0.1875 0.00390625 0.191406 0 0.195312 0 0.242188 0.0273438 0.242188 0.03125 0.238281 0.0351562 0.238281 0.046875 0.226562 0.046875 0.222656 0.0507812 0.21875 0.0507812 0.214844 0.0546875 0.210938 0.0546875 0.199219 0.0507812 0.195312 0.0507812 0.191406 0.0390625 0.179688
