0 0.670977 0.0615385 0.668103 0.0653846 0.668103 0.0788462 0.673851 0.0865385 0.676724 0.0865385 0.678161 0.0884615 0.679598 0.0884615 0.681034 0.0903846 0.682471 0.0903846 0.683908 0.0923077 0.695402 0.0923077 0.696839 0.0903846 0.699713 0.0903846 0.702586 0.0865385 0.704023 0.0865385 0.70546 0.0846154 0.70546 0.0788462 0.706897 0.0769231 0.706897 0.0673077 0.702586 0.0615385 0.693966 0.0615385 0.692529 0.0634615 0.691092 0.0634615 0.689655 0.0653846 0.678161 0.0653846 0.675287 0.0615385
0 0.20546 0 0.20546 0.00192308 0.208333 0.00576923 0.20977 0.00576923 0.211207 0.00769231 0.215517 0.00769231 0.216954 0.00961538 0.221264 0.00961538 0.222701 0.00769231 0.225575 0.00769231 0.227011 0.00576923 0.228448 0.00576923 0.231322 0.00192308 0.231322 0
0 0.833333 0.488462 0.831897 0.490385 0.827586 0.490385 0.826149 0.492308 0.826149 0.494231 0.824713 0.496154 0.824713 0.498077 0.823276 0.5 0.823276 0.507692 0.824713 0.509615 0.824713 0.511538 0.826149 0.513462 0.826149 0.515385 0.829023 0.519231 0.829023 0.521154 0.831897 0.525 0.83477 0.525 0.836207 0.526923 0.841954 0.526923 0.844828 0.530769 0.867816 0.530769 0.869253 0.528846 0.87069 0.528846 0.873563 0.525 0.873563 0.515385 0.872126 0.513462 0.872126 0.509615 0.87069 0.507692 0.87069 0.505769 0.869253 0.503846 0.869253 0.501923 0.867816 0.5 0.864943 0.5 0.863506 0.498077 0.860632 0.498077 0.856322 0.492308 0.854885 0.492308 0.853448 0.490385 0.846264 0.490385 0.844828 0.488462
0 0.21408 0.232692 0.212644 0.234615 0.211207 0.234615 0.208333 0.238462 0.206897 0.238462 0.20546 0.240385 0.204023 0.240385 0.202586 0.242308 0.202586 0.244231 0.201149 0.246154 0.201149 0.263462 0.202586 0.265385 0.202586 0.267308 0.204023 0.269231 0.204023 0.271154 0.20546 0.273077 0.206897 0.273077 0.208333 0.275 0.211207 0.275 0.212644 0.276923 0.221264 0.276923 0.224138 0.273077 0.224138 0.271154 0.225575 0.269231 0.225575 0.265385 0.228448 0.261538 0.228448 0.244231 0.227011 0.242308 0.227011 0.240385 0.224138 0.236538 0.222701 0.236538 0.219828 0.232692
0 0.873563 0.857692 0.872126 0.859615 0.87069 0.859615 0.869253 0.861538 0.866379 0.861538 0.864943 0.863462 0.863506 0.863462 0.860632 0.867308 0.860632 0.869231 0.859195 0.871154 0.859195 0.875 0.857759 0.876923 0.857759 0.884615 0.859195 0.886538 0.859195 0.890385 0.860632 0.892308 0.860632 0.894231 0.863506 0.898077 0.864943 0.898077 0.866379 0.9 0.869253 0.9 0.87069 0.901923 0.890805 0.901923 0.892241 0.9 0.896552 0.9 0.903736 0.890385 0.903736 0.876923 0.902299 0.875 0.902299 0.873077 0.895115 0.863462 0.893678 0.863462 0.892241 0.861538 0.889368 0.861538 0.887931 0.859615 0.886494 0.859615 0.885057 0.857692
0 0.760057 0 0.760057 0.00192308 0.761494 0.00384615 0.761494 0.00576923 0.768678 0.0153846 0.770115 0.0153846 0.771552 0.0173077 0.777299 0.0173077 0.778736 0.0153846 0.780172 0.0153846 0.781609 0.0134615 0.783046 0.0134615 0.79023 0.00384615 0.79023 0
0 0.0603448 0.526923 0.058908 0.528846 0.0574713 0.528846 0.0545977 0.532692 0.0545977 0.548077 0.0560345 0.55 0.0560345 0.551923 0.0603448 0.557692 0.066092 0.557692 0.0675287 0.559615 0.0689655 0.559615 0.0704023 0.561538 0.0847701 0.561538 0.0862069 0.559615 0.0876437 0.559615 0.0905172 0.555769 0.0905172 0.538462 0.0890805 0.536538 0.0890805 0.534615 0.0862069 0.530769 0.0847701 0.530769 0.0833333 0.528846 0.0818966 0.528846 0.0804598 0.526923
0 0.324713 0.869231 0.323276 0.871154 0.320402 0.871154 0.317529 0.875 0.316092 0.875 0.311782 0.880769 0.311782 0.882692 0.310345 0.884615 0.310345 0.886538 0.308908 0.888462 0.308908 0.892308 0.307471 0.894231 0.307471 0.9 0.306034 0.901923 0.306034 0.909615 0.304598 0.911538 0.304598 0.917308 0.306034 0.919231 0.306034 0.925 0.307471 0.926923 0.307471 0.930769 0.311782 0.936538 0.313218 0.936538 0.314655 0.938462 0.324713 0.938462 0.326149 0.936538 0.327586 0.936538 0.33046 0.932692 0.331897 0.932692 0.337644 0.925 0.337644 0.923077 0.33908 0.921154 0.33908 0.919231 0.340517 0.917308 0.340517 0.915385 0.341954 0.913462 0.341954 0.911538 0.343391 0.909615 0.343391 0.888462 0.341954 0.886538 0.341954 0.884615 0.340517 0.882692 0.340517 0.880769 0.33908 0.878846 0.33908 0.876923 0.33477 0.871154 0.331897 0.871154 0.33046 0.869231
0 0.971264 0.55 0.969828 0.551923 0.966954 0.551923 0.961207 0.559615 0.961207 0.561538 0.958333 0.565385 0.958333 0.567308 0.95546 0.571154 0.95546 0.575 0.954023 0.576923 0.954023 0.578846 0.952586 0.580769 0.952586 0.586538 0.951149 0.588462 0.951149 0.594231 0.949713 0.596154 0.949713 0.603846 0.951149 0.605769 0.951149 0.613462 0.952586 0.615385 0.952586 0.619231 0.956897 0.625 0.958333 0.625 0.95977 0.626923 0.966954 0.626923 0.968391 0.625 0.972701 0.625 0.978448 0.617308 0.978448 0.615385 0.981322 0.611538 0.981322 0.609615 0.984195 0.605769 0.984195 0.601923 0.985632 0.6 0.985632 0.598077 0.987069 0.596154 0.987069 0.592308 0.988506 0.590385 0.988506 0.586538 0.989943 0.584615 0.989943 0.567308 0.988506 0.565385 0.988506 0.561538 0.987069 0.559615 0.987069 0.557692 0.982759 0.551923 0.981322 0.551923 0.979885 0.55
0 0.75431 0.344231 0.752874 0.346154 0.751437 0.346154 0.75 0.348077 0.747126 0.348077 0.74569 0.35 0.744253 0.35 0.741379 0.353846 0.739943 0.353846 0.734195 0.361538 0.734195 0.363462 0.732759 0.365385 0.732759 0.369231 0.731322 0.371154 0.731322 0.376923 0.732759 0.378846 0.732759 0.382692 0.734195 0.384615 0.734195 0.386538 0.74569 0.401923 0.747126 0.401923 0.748563 0.403846 0.75 0.403846 0.751437 0.405769 0.752874 0.405769 0.75431 0.407692 0.758621 0.407692 0.760057 0.409615 0.770115 0.409615 0.771552 0.407692 0.775862 0.407692 0.777299 0.405769 0.780172 0.405769 0.78592 0.398077 0.78592 0.396154 0.787356 0.394231 0.787356 0.392308 0.79023 0.388462 0.79023 0.378846 0.788793 0.376923 0.788793 0.369231 0.787356 0.367308 0.787356 0.365385 0.78592 0.363462 0.78592 0.361538 0.778736 0.351923 0.777299 0.351923 0.774425 0.348077 0.771552 0.348077 0.768678 0.344231
0 0.192529 0.465385 0.189655 0.469231 0.189655 0.471154 0.188218 0.473077 0.188218 0.476923 0.198276 0.490385 0.199713 0.490385 0.201149 0.492308 0.202586 0.492308 0.206897 0.498077 0.212644 0.498077 0.21408 0.5 0.222701 0.5 0.224138 0.498077 0.228448 0.498077 0.231322 0.494231 0.231322 0.486538 0.229885 0.484615 0.229885 0.482692 0.224138 0.475 0.222701 0.475 0.221264 0.473077 0.219828 0.473077 0.216954 0.469231 0.215517 0.469231 0.21408 0.467308 0.20977 0.467308 0.208333 0.465385
0 0.431034 0 0.431034 0.00384615 0.435345 0.00961538 0.441092 0.00961538 0.442529 0.0115385 0.445402 0.0115385 0.446839 0.00961538 0.45977 0.00961538 0.461207 0.00769231 0.46408 0.00769231 0.465517 0.00576923 0.466954 0.00576923 0.468391 0.00384615 0.471264 0.00384615 0.472701 0.00192308 0.472701 0
0 0.5 0.971154 0.498563 0.973077 0.494253 0.973077 0.492816 0.975 0.491379 0.975 0.485632 0.982692 0.485632 0.984615 0.484195 0.986538 0.484195 0.992308 0.485632 0.994231 0.485632 0.998077 0.53592 0.998077 0.53592 0.984615 0.530172 0.976923 0.528736 0.976923 0.525862 0.973077 0.521552 0.973077 0.520115 0.971154
0 0.71408 0.788462 0.712644 0.790385 0.711207 0.790385 0.70977 0.792308 0.708333 0.792308 0.70546 0.796154 0.704023 0.796154 0.702586 0.798077 0.701149 0.798077 0.695402 0.805769 0.695402 0.807692 0.693966 0.809615 0.693966 0.811538 0.692529 0.813462 0.692529 0.817308 0.691092 0.819231 0.691092 0.821154 0.692529 0.823077 0.692529 0.826923 0.696839 0.832692 0.698276 0.832692 0.699713 0.834615 0.704023 0.834615 0.70546 0.836538 0.706897 0.836538 0.708333 0.834615 0.716954 0.834615 0.719828 0.830769 0.724138 0.830769 0.727011 0.826923 0.728448 0.826923 0.729885 0.825 0.732759 0.825 0.734195 0.823077 0.734195 0.821154 0.737069 0.817308 0.737069 0.815385 0.738506 0.813462 0.738506 0.807692 0.739943 0.805769 0.739943 0.803846 0.738506 0.801923 0.738506 0.798077 0.737069 0.796154 0.737069 0.794231 0.734195 0.790385 0.732759 0.790385 0.731322 0.788462
0 0.383621 0.205769 0.382184 0.207692 0.380747 0.207692 0.377874 0.211538 0.376437 0.211538 0.373563 0.215385 0.373563 0.217308 0.367816 0.225 0.367816 0.226923 0.366379 0.228846 0.366379 0.230769 0.364943 0.232692 0.364943 0.240385 0.363506 0.242308 0.363506 0.261538 0.367816 0.267308 0.369253 0.267308 0.37069 0.269231 0.373563 0.269231 0.375 0.271154 0.376437 0.271154 0.377874 0.269231 0.380747 0.269231 0.382184 0.267308 0.383621 0.267308 0.387931 0.261538 0.387931 0.259615 0.393678 0.251923 0.393678 0.25 0.395115 0.248077 0.395115 0.244231 0.396552 0.242308 0.396552 0.240385 0.399425 0.236538 0.399425 0.230769 0.400862 0.228846 0.400862 0.217308 0.399425 0.215385 0.399425 0.213462 0.395115 0.207692 0.393678 0.207692 0.392241 0.205769
0 0.553161 0.703846 0.548851 0.709615 0.548851 0.719231 0.550287 0.721154 0.550287 0.725 0.551724 0.726923 0.551724 0.728846 0.560345 0.740385 0.560345 0.742308 0.566092 0.75 0.567529 0.75 0.570402 0.753846 0.571839 0.753846 0.574713 0.757692 0.576149 0.757692 0.577586 0.759615 0.58477 0.759615 0.587644 0.755769 0.587644 0.753846 0.58908 0.751923 0.58908 0.740385 0.587644 0.738462 0.587644 0.736538 0.586207 0.734615 0.586207 0.732692 0.58477 0.730769 0.58477 0.728846 0.579023 0.721154 0.577586 0.721154 0.576149 0.719231 0.574713 0.719231 0.571839 0.715385 0.570402 0.715385 0.564655 0.707692 0.563218 0.707692 0.560345 0.703846
0 0 0.4 0 0.421154 0.00287356 0.421154 0.00431034 0.419231 0.00718391 0.419231 0.00862069 0.417308 0.00862069 0.403846 0.00574713 0.4
0 0.949713 0.346154 0.946839 0.35 0.945402 0.35 0.942529 0.353846 0.942529 0.355769 0.941092 0.357692 0.941092 0.361538 0.939655 0.363462 0.939655 0.380769 0.941092 0.382692 0.941092 0.384615 0.939655 0.386538 0.939655 0.392308 0.942529 0.396154 0.943966 0.396154 0.945402 0.398077 0.95546 0.398077 0.958333 0.394231 0.95977 0.394231 0.962644 0.390385 0.962644 0.382692 0.96408 0.380769 0.96408 0.365385 0.962644 0.363462 0.962644 0.361538 0.958333 0.355769 0.958333 0.353846 0.956897 0.351923 0.956897 0.35 0.954023 0.346154
0 0.564655 0.840385 0.563218 0.842308 0.558908 0.842308 0.556034 0.846154 0.554598 0.846154 0.551724 0.85 0.551724 0.865385 0.553161 0.867308 0.553161 0.869231 0.557471 0.875 0.557471 0.876923 0.560345 0.880769 0.560345 0.882692 0.567529 0.892308 0.568966 0.892308 0.570402 0.894231 0.571839 0.894231 0.574713 0.898077 0.576149 0.898077 0.577586 0.9 0.579023 0.9 0.58046 0.901923 0.591954 0.901923 0.594828 0.898077 0.596264 0.898077 0.599138 0.894231 0.599138 0.892308 0.600575 0.890385 0.600575 0.876923 0.599138 0.875 0.599138 0.871154 0.597701 0.869231 0.597701 0.865385 0.593391 0.859615 0.593391 0.857692 0.587644 0.85 0.586207 0.85 0.583333 0.846154 0.581897 0.846154 0.58046 0.844231 0.577586 0.844231 0.576149 0.842308 0.573276 0.842308 0.571839 0.840385
0 0.543103 0.196154 0.541667 0.198077 0.54023 0.198077 0.533046 0.207692 0.533046 0.209615 0.531609 0.211538 0.531609 0.215385 0.530172 0.217308 0.530172 0.221154 0.531609 0.223077 0.531609 0.230769 0.534483 0.234615 0.534483 0.236538 0.537356 0.240385 0.538793 0.240385 0.541667 0.244231 0.543103 0.244231 0.54454 0.246154 0.548851 0.246154 0.550287 0.248077 0.558908 0.248077 0.560345 0.246154 0.564655 0.246154 0.566092 0.244231 0.567529 0.244231 0.574713 0.234615 0.574713 0.230769 0.576149 0.228846 0.576149 0.217308 0.574713 0.215385 0.574713 0.213462 0.571839 0.209615 0.571839 0.207692 0.567529 0.201923 0.566092 0.201923 0.563218 0.198077 0.560345 0.198077 0.558908 0.196154
0 0.0416667 0.628846 0.0387931 0.632692 0.0373563 0.632692 0.0359195 0.634615 0.033046 0.634615 0.0301724 0.638462 0.0301724 0.640385 0.0287356 0.642308 0.0287356 0.644231 0.0272989 0.646154 0.0272989 0.648077 0.0258621 0.65 0.0258621 0.651923 0.0272989 0.653846 0.0272989 0.663462 0.0287356 0.665385 0.0287356 0.671154 0.0316092 0.675 0.0316092 0.676923 0.033046 0.678846 0.033046 0.680769 0.0373563 0.686538 0.0387931 0.686538 0.0402299 0.688462 0.0488506 0.688462 0.0502874 0.690385 0.0517241 0.690385 0.0531609 0.688462 0.0632184 0.688462 0.0675287 0.682692 0.0689655 0.682692 0.0732759 0.676923 0.0732759 0.675 0.0747126 0.673077 0.0747126 0.667308 0.0761494 0.665385 0.0761494 0.663462 0.0747126 0.661538 0.0747126 0.653846 0.0732759 0.651923 0.0732759 0.65 0.0718391 0.648077 0.0718391 0.646154 0.0632184 0.634615 0.0617816 0.634615 0.0603448 0.632692 0.0574713 0.632692 0.0560345 0.630769 0.0502874 0.630769 0.0488506 0.628846
0 0 0.926923 0 0.998077 0.0143678 0.998077 0.0158046 0.996154 0.0172414 0.996154 0.0258621 0.984615 0.0258621 0.982692 0.0272989 0.980769 0.0272989 0.978846 0.0301724 0.975 0.0301724 0.969231 0.0316092 0.967308 0.0316092 0.948077 0.0272989 0.942308 0.0272989 0.938462 0.0258621 0.936538 0.0244253 0.936538 0.0215517 0.932692 0.0201149 0.932692 0.0186782 0.930769 0.0172414 0.930769 0.0158046 0.928846 0.0114943 0.928846 0.0100575 0.926923
0 0.0143678 0.286538 0.0114943 0.290385 0.0114943 0.317308 0.012931 0.319231 0.012931 0.325 0.0172414 0.330769 0.0172414 0.332692 0.0258621 0.344231 0.0287356 0.344231 0.0301724 0.346154 0.033046 0.346154 0.0344828 0.348077 0.0431034 0.348077 0.0445402 0.346154 0.0445402 0.336538 0.0431034 0.334615 0.0431034 0.325 0.0402299 0.321154 0.0402299 0.315385 0.0387931 0.313462 0.0387931 0.305769 0.0344828 0.3 0.0344828 0.298077 0.0301724 0.292308 0.0287356 0.292308 0.0258621 0.288462 0.0244253 0.288462 0.0229885 0.286538
0 0 0 0 0.0307692 0.00143678 0.0307692 0.00287356 0.0288462 0.00862069 0.0288462 0.0100575 0.0269231 0.012931 0.0269231 0.0143678 0.025 0.0158046 0.025 0.0172414 0.0230769 0.0186782 0.0230769 0.0215517 0.0192308 0.0229885 0.0192308 0.0244253 0.0173077 0.0244253 0.0153846 0.0258621 0.0134615 0.0258621 0
0 0.502874 0.157692 0.501437 0.159615 0.5 0.159615 0.497126 0.163462 0.497126 0.167308 0.498563 0.169231 0.507184 0.169231 0.508621 0.167308 0.508621 0.161538 0.505747 0.157692
0 0.283046 0.657692 0.275862 0.667308 0.275862 0.688462 0.28592 0.701923 0.28592 0.703846 0.287356 0.705769 0.287356 0.707692 0.288793 0.709615 0.288793 0.711538 0.29023 0.713462 0.29023 0.719231 0.291667 0.721154 0.291667 0.723077 0.293103 0.725 0.293103 0.726923 0.295977 0.730769 0.303161 0.730769 0.304598 0.728846 0.304598 0.726923 0.306034 0.725 0.306034 0.721154 0.307471 0.719231 0.307471 0.715385 0.306034 0.713462 0.306034 0.703846 0.304598 0.701923 0.304598 0.694231 0.306034 0.692308 0.306034 0.684615 0.304598 0.682692 0.304598 0.675 0.303161 0.673077 0.303161 0.671154 0.300287 0.667308 0.300287 0.665385 0.295977 0.659615 0.29454 0.659615 0.293103 0.657692
0 0.262931 0.851923 0.261494 0.853846 0.260057 0.853846 0.258621 0.855769 0.25431 0.855769 0.248563 0.863462 0.248563 0.865385 0.247126 0.867308 0.247126 0.869231 0.24569 0.871154 0.24569 0.875 0.247126 0.876923 0.247126 0.884615 0.248563 0.886538 0.248563 0.892308 0.25 0.894231 0.25 0.896154 0.258621 0.907692 0.280172 0.907692 0.283046 0.903846 0.284483 0.903846 0.28592 0.901923 0.28592 0.894231 0.284483 0.892308 0.284483 0.886538 0.280172 0.880769 0.280172 0.876923 0.277299 0.876923 0.265805 0.861538 0.265805 0.857692 0.264368 0.855769 0.264368 0.853846
0 0.153736 0.351923 0.152299 0.353846 0.150862 0.353846 0.146552 0.359615 0.146552 0.361538 0.145115 0.363462 0.145115 0.373077 0.146552 0.375 0.146552 0.382692 0.147989 0.384615 0.147989 0.386538 0.149425 0.388462 0.149425 0.390385 0.152299 0.394231 0.152299 0.396154 0.153736 0.398077 0.155172 0.398077 0.156609 0.4 0.158046 0.4 0.159483 0.401923 0.162356 0.401923 0.163793 0.403846 0.170977 0.403846 0.172414 0.401923 0.173851 0.401923 0.175287 0.4 0.178161 0.4 0.182471 0.394231 0.182471 0.386538 0.183908 0.384615 0.183908 0.380769 0.182471 0.378846 0.182471 0.375 0.181034 0.373077 0.181034 0.369231 0.173851 0.359615 0.172414 0.359615 0.16954 0.355769 0.166667 0.355769 0.16523 0.353846 0.16092 0.353846 0.159483 0.351923
0 0.988506 0.425 0.987069 0.426923 0.984195 0.426923 0.982759 0.428846 0.981322 0.428846 0.972701 0.440385 0.972701 0.442308 0.971264 0.444231 0.971264 0.446154 0.969828 0.448077 0.969828 0.451923 0.968391 0.453846 0.968391 0.471154 0.969828 0.473077 0.971264 0.473077 0.974138 0.476923 0.979885 0.476923 0.981322 0.475 0.984195 0.475 0.989943 0.467308 0.989943 0.465385 0.992816 0.461538 0.992816 0.459615 0.994253 0.457692 0.994253 0.455769 0.99569 0.453846 0.99569 0.45 0.997126 0.448077 0.997126 0.432692 0.992816 0.426923 0.991379 0.426923 0.989943 0.425
0 0.775862 0.584615 0.774425 0.586538 0.770115 0.586538 0.767241 0.590385 0.765805 0.590385 0.764368 0.592308 0.762931 0.592308 0.755747 0.601923 0.755747 0.605769 0.75431 0.607692 0.75431 0.615385 0.752874 0.617308 0.752874 0.619231 0.755747 0.623077 0.755747 0.625 0.757184 0.626923 0.758621 0.626923 0.760057 0.628846 0.764368 0.628846 0.765805 0.626923 0.768678 0.626923 0.770115 0.625 0.771552 0.625 0.772989 0.623077 0.774425 0.623077 0.775862 0.621154 0.777299 0.621154 0.778736 0.619231 0.780172 0.619231 0.781609 0.617308 0.783046 0.617308 0.784483 0.615385 0.78592 0.615385 0.791667 0.607692 0.791667 0.605769 0.793103 0.603846 0.793103 0.592308 0.79023 0.588462 0.788793 0.588462 0.787356 0.586538 0.78592 0.586538 0.784483 0.584615
0 0.066092 0.0134615 0.0646552 0.0153846 0.0603448 0.0153846 0.0574713 0.0192308 0.0560345 0.0192308 0.0545977 0.0211538 0.0531609 0.0211538 0.0474138 0.0288462 0.0474138 0.0307692 0.045977 0.0326923 0.045977 0.0346154 0.0445402 0.0365385 0.0445402 0.0403846 0.0431034 0.0423077 0.0431034 0.0442308 0.0445402 0.0461538 0.0445402 0.0519231 0.0474138 0.0557692 0.0474138 0.0576923 0.0488506 0.0596154 0.0517241 0.0596154 0.0545977 0.0634615 0.0689655 0.0634615 0.0704023 0.0615385 0.0747126 0.0615385 0.0761494 0.0596154 0.079023 0.0596154 0.0818966 0.0557692 0.0833333 0.0557692 0.0905172 0.0461538 0.0905172 0.0442308 0.091954 0.0423077 0.091954 0.0403846 0.0933908 0.0384615 0.0933908 0.0365385 0.0948276 0.0346154 0.0948276 0.025 0.0890805 0.0173077 0.0876437 0.0173077 0.0862069 0.0153846 0.0833333 0.0153846 0.0818966 0.0134615
0 0.396552 0.669231 0.395115 0.671154 0.389368 0.671154 0.385057 0.676923 0.385057 0.678846 0.382184 0.682692 0.382184 0.684615 0.380747 0.686538 0.380747 0.692308 0.37931 0.694231 0.37931 0.7 0.380747 0.701923 0.380747 0.703846 0.382184 0.705769 0.382184 0.707692 0.383621 0.709615 0.383621 0.711538 0.385057 0.713462 0.385057 0.715385 0.389368 0.721154 0.390805 0.721154 0.393678 0.725 0.395115 0.725 0.397989 0.728846 0.400862 0.728846 0.402299 0.730769 0.412356 0.730769 0.413793 0.728846 0.416667 0.728846 0.41954 0.725 0.420977 0.725 0.425287 0.719231 0.425287 0.715385 0.428161 0.711538 0.428161 0.703846 0.426724 0.701923 0.426724 0.698077 0.425287 0.696154 0.425287 0.694231 0.423851 0.692308 0.423851 0.690385 0.420977 0.686538 0.420977 0.684615 0.41523 0.676923 0.413793 0.676923 0.412356 0.675 0.41092 0.675 0.409483 0.673077 0.408046 0.673077 0.405172 0.669231
0 0.991379 0 0.991379 0.00192308 0.99569 0.00769231 0.99569 0.0173077 0.997126 0.0192308 0.997126 0.0269231 0.998563 0.0288462 0.998563 0.0307692 0.998563 0
0 0.37069 0.0826923 0.369253 0.0846154 0.364943 0.0846154 0.363506 0.0865385 0.362069 0.0865385 0.360632 0.0884615 0.359195 0.0884615 0.357759 0.0903846 0.356322 0.0903846 0.341954 0.109615 0.341954 0.111538 0.340517 0.113462 0.340517 0.115385 0.33908 0.117308 0.33908 0.121154 0.337644 0.123077 0.337644 0.125 0.336207 0.126923 0.336207 0.138462 0.337644 0.140385 0.337644 0.142308 0.33908 0.144231 0.33908 0.146154 0.341954 0.15 0.343391 0.15 0.344828 0.151923 0.349138 0.151923 0.350575 0.153846 0.352011 0.153846 0.353448 0.155769 0.359195 0.155769 0.360632 0.153846 0.367816 0.153846 0.369253 0.151923 0.37069 0.151923 0.372126 0.15 0.373563 0.15 0.376437 0.146154 0.380747 0.146154 0.383621 0.142308 0.387931 0.142308 0.389368 0.140385 0.389368 0.136538 0.390805 0.134615 0.390805 0.132692 0.393678 0.128846 0.393678 0.126923 0.395115 0.125 0.395115 0.123077 0.396552 0.121154 0.396552 0.119231 0.397989 0.117308 0.397989 0.103846 0.396552 0.101923 0.396552 0.1 0.395115 0.0980769 0.395115 0.0961538 0.392241 0.0923077 0.390805 0.0923077 0.387931 0.0884615 0.386494 0.0884615 0.385057 0.0865385 0.382184 0.0865385 0.380747 0.0846154 0.375 0.0846154 0.373563 0.0826923
0 0.614943 0.538462 0.612069 0.542308 0.612069 0.544231 0.609195 0.548077 0.609195 0.553846 0.610632 0.555769 0.610632 0.561538 0.612069 0.563462 0.612069 0.565385 0.617816 0.573077 0.619253 0.573077 0.623563 0.578846 0.625 0.578846 0.627874 0.582692 0.630747 0.582692 0.632184 0.584615 0.635057 0.584615 0.636494 0.586538 0.649425 0.586538 0.653736 0.580769 0.653736 0.569231 0.652299 0.567308 0.652299 0.565385 0.645115 0.555769 0.643678 0.555769 0.639368 0.55 0.637931 0.55 0.635057 0.546154 0.633621 0.546154 0.630747 0.542308 0.62931 0.542308 0.627874 0.540385 0.626437 0.540385 0.625 0.538462
0 0.326149 0.45 0.324713 0.451923 0.320402 0.451923 0.318966 0.453846 0.317529 0.453846 0.316092 0.455769 0.314655 0.455769 0.310345 0.461538 0.310345 0.463462 0.308908 0.465385 0.308908 0.475 0.310345 0.476923 0.310345 0.480769 0.321839 0.496154 0.326149 0.496154 0.327586 0.498077 0.340517 0.498077 0.341954 0.496154 0.344828 0.496154 0.352011 0.486538 0.352011 0.482692 0.353448 0.480769 0.353448 0.473077 0.352011 0.471154 0.352011 0.467308 0.343391 0.455769 0.340517 0.455769 0.33908 0.453846 0.337644 0.453846 0.336207 0.451923 0.333333 0.451923 0.331897 0.45
0 0.0114943 0.690385 0.0100575 0.692308 0.00862069 0.692308 0.00718391 0.694231 0.00143678 0.694231 0 0.696154 0 0.773077 0.00431034 0.773077 0.00574713 0.775 0.0201149 0.775 0.0215517 0.773077 0.0258621 0.773077 0.0287356 0.769231 0.0301724 0.769231 0.0359195 0.761538 0.0359195 0.759615 0.0373563 0.757692 0.0373563 0.753846 0.0387931 0.751923 0.0387931 0.744231 0.0402299 0.742308 0.0402299 0.736538 0.0387931 0.734615 0.0387931 0.726923 0.0359195 0.723077 0.0359195 0.721154 0.0344828 0.719231 0.0344828 0.709615 0.0301724 0.703846 0.0301724 0.701923 0.0258621 0.696154 0.0244253 0.696154 0.0229885 0.694231 0.0186782 0.694231 0.0172414 0.692308 0.0158046 0.692308 0.0143678 0.690385
0 0.772989 0.915385 0.771552 0.917308 0.767241 0.917308 0.765805 0.919231 0.764368 0.919231 0.762931 0.921154 0.762931 0.928846 0.764368 0.930769 0.764368 0.934615 0.765805 0.936538 0.765805 0.940385 0.768678 0.944231 0.771552 0.944231 0.772989 0.946154 0.777299 0.946154 0.778736 0.948077 0.795977 0.948077 0.797414 0.95 0.798851 0.95 0.800287 0.951923 0.801724 0.951923 0.801724 0.948077 0.806034 0.942308 0.807471 0.942308 0.807471 0.940385 0.806034 0.938462 0.806034 0.936538 0.804598 0.934615 0.804598 0.932692 0.801724 0.928846 0.801724 0.926923 0.800287 0.925 0.800287 0.921154 0.798851 0.919231 0.797414 0.919231 0.79454 0.915385
0 0.876437 0 0.875 0.00192308 0.875 0.00384615 0.876437 0.00576923 0.876437 0.0115385 0.880747 0.0173077 0.880747 0.0192308 0.885057 0.025 0.886494 0.025 0.889368 0.0288462 0.892241 0.0288462 0.893678 0.0307692 0.897989 0.0307692 0.899425 0.0326923 0.908046 0.0326923 0.909483 0.0307692 0.913793 0.0307692 0.91523 0.0288462 0.916667 0.0288462 0.91954 0.025 0.920977 0.025 0.925287 0.0192308 0.925287 0.0134615 0.926724 0.0115385 0.926724 0.00576923 0.925287 0.00384615 0.925287 0
0 0.41954 0.803846 0.418103 0.805769 0.413793 0.805769 0.412356 0.807692 0.41092 0.807692 0.409483 0.809615 0.406609 0.809615 0.400862 0.817308 0.400862 0.821154 0.399425 0.823077 0.399425 0.828846 0.400862 0.830769 0.400862 0.834615 0.402299 0.836538 0.402299 0.838462 0.406609 0.844231 0.408046 0.844231 0.412356 0.85 0.416667 0.85 0.418103 0.851923 0.422414 0.851923 0.423851 0.853846 0.426724 0.853846 0.428161 0.851923 0.438218 0.851923 0.439655 0.85 0.442529 0.85 0.443966 0.848077 0.446839 0.848077 0.45546 0.836538 0.45546 0.825 0.454023 0.823077 0.454023 0.821154 0.446839 0.811538 0.445402 0.811538 0.443966 0.809615 0.442529 0.809615 0.441092 0.807692 0.439655 0.807692 0.438218 0.805769 0.429598 0.805769 0.428161 0.803846
0 0.100575 0.859615 0.0991379 0.861538 0.0977011 0.861538 0.0933908 0.867308 0.0933908 0.869231 0.091954 0.871154 0.091954 0.905769 0.0933908 0.907692 0.0933908 0.913462 0.0977011 0.919231 0.0977011 0.921154 0.0991379 0.923077 0.109195 0.923077 0.110632 0.921154 0.114943 0.921154 0.116379 0.919231 0.116379 0.903846 0.114943 0.901923 0.114943 0.896154 0.113506 0.894231 0.113506 0.884615 0.114943 0.882692 0.114943 0.871154 0.113506 0.869231 0.113506 0.865385 0.110632 0.861538 0.109195 0.861538 0.107759 0.859615
0 0.900862 0.673077 0.897989 0.676923 0.896552 0.676923 0.892241 0.682692 0.892241 0.684615 0.890805 0.686538 0.890805 0.688462 0.889368 0.690385 0.889368 0.692308 0.887931 0.694231 0.887931 0.701923 0.886494 0.703846 0.886494 0.715385 0.887931 0.717308 0.887931 0.721154 0.889368 0.723077 0.889368 0.726923 0.895115 0.734615 0.896552 0.734615 0.897989 0.736538 0.902299 0.736538 0.903736 0.738462 0.908046 0.738462 0.909483 0.736538 0.912356 0.736538 0.91523 0.732692 0.916667 0.732692 0.91954 0.728846 0.91954 0.725 0.920977 0.723077 0.920977 0.721154 0.922414 0.719231 0.922414 0.713462 0.923851 0.711538 0.923851 0.7 0.922414 0.698077 0.922414 0.694231 0.920977 0.692308 0.920977 0.688462 0.91954 0.686538 0.91954 0.684615 0.918103 0.682692 0.918103 0.680769 0.913793 0.675 0.912356 0.675 0.91092 0.673077
0 0.712644 0.865385 0.711207 0.867308 0.708333 0.867308 0.706897 0.869231 0.70546 0.869231 0.704023 0.871154 0.701149 0.871154 0.699713 0.873077 0.698276 0.873077 0.692529 0.880769 0.692529 0.882692 0.691092 0.884615 0.691092 0.888462 0.685345 0.896154 0.685345 0.898077 0.688218 0.901923 0.692529 0.901923 0.695402 0.905769 0.696839 0.905769 0.698276 0.907692 0.701149 0.907692 0.702586 0.909615 0.715517 0.909615 0.716954 0.907692 0.721264 0.907692 0.722701 0.905769 0.724138 0.905769 0.725575 0.903846 0.727011 0.903846 0.732759 0.896154 0.734195 0.896154 0.735632 0.894231 0.735632 0.892308 0.737069 0.890385 0.737069 0.875 0.732759 0.869231 0.731322 0.869231 0.729885 0.867308 0.727011 0.867308 0.725575 0.865385
0 0 0.290385 0 0.305769 0.00287356 0.305769 0.00431034 0.303846 0.00431034 0.294231 0.00143678 0.290385
0 0.260057 0.175 0.258621 0.176923 0.257184 0.176923 0.255747 0.178846 0.25431 0.178846 0.248563 0.186538 0.248563 0.194231 0.247126 0.196154 0.247126 0.198077 0.248563 0.2 0.248563 0.205769 0.25 0.207692 0.25 0.209615 0.251437 0.211538 0.251437 0.217308 0.25431 0.221154 0.25431 0.223077 0.261494 0.232692 0.262931 0.232692 0.264368 0.234615 0.268678 0.234615 0.270115 0.236538 0.272989 0.236538 0.274425 0.238462 0.277299 0.238462 0.278736 0.236538 0.283046 0.236538 0.288793 0.228846 0.288793 0.226923 0.29023 0.225 0.29023 0.223077 0.291667 0.221154 0.291667 0.203846 0.29023 0.201923 0.29023 0.2 0.287356 0.196154 0.287356 0.194231 0.283046 0.188462 0.283046 0.186538 0.278736 0.180769 0.277299 0.180769 0.275862 0.178846 0.274425 0.178846 0.272989 0.176923 0.267241 0.176923 0.265805 0.175
0 0.235632 0.344231 0.234195 0.346154 0.231322 0.346154 0.225575 0.353846 0.225575 0.355769 0.224138 0.357692 0.224138 0.375 0.225575 0.376923 0.225575 0.378846 0.227011 0.380769 0.227011 0.382692 0.234195 0.392308 0.235632 0.392308 0.239943 0.398077 0.242816 0.398077 0.244253 0.4 0.25 0.4 0.251437 0.398077 0.255747 0.398077 0.257184 0.396154 0.258621 0.396154 0.261494 0.392308 0.261494 0.390385 0.262931 0.388462 0.262931 0.373077 0.261494 0.371154 0.261494 0.367308 0.258621 0.363462 0.258621 0.359615 0.25 0.348077 0.248563 0.348077 0.247126 0.346154 0.24569 0.346154 0.244253 0.344231
0 0.722701 0.171154 0.721264 0.173077 0.719828 0.173077 0.718391 0.175 0.716954 0.175 0.715517 0.176923 0.715517 0.196154 0.716954 0.198077 0.716954 0.203846 0.718391 0.205769 0.718391 0.207692 0.719828 0.209615 0.722701 0.209615 0.724138 0.211538 0.748563 0.211538 0.75 0.209615 0.75431 0.209615 0.755747 0.207692 0.757184 0.207692 0.758621 0.205769 0.758621 0.198077 0.757184 0.196154 0.757184 0.194231 0.75431 0.190385 0.752874 0.190385 0.751437 0.188462 0.75 0.188462 0.74569 0.182692 0.742816 0.182692 0.738506 0.176923 0.737069 0.176923 0.735632 0.175 0.734195 0.175 0.731322 0.171154
0 0.20977 0.0711538 0.20977 0.0730769 0.206897 0.0769231 0.204023 0.0769231 0.201149 0.0807692 0.201149 0.0903846 0.202586 0.0923077 0.202586 0.0961538 0.204023 0.0980769 0.204023 0.1 0.208333 0.105769 0.20977 0.105769 0.211207 0.107692 0.212644 0.107692 0.21408 0.109615 0.218391 0.109615 0.219828 0.111538 0.237069 0.111538 0.238506 0.109615 0.238506 0.0961538 0.232759 0.0884615 0.232759 0.0846154 0.224138 0.0730769 0.218391 0.0730769 0.216954 0.0711538
0 0.491379 0.719231 0.489943 0.721154 0.482759 0.721154 0.481322 0.723077 0.481322 0.734615 0.479885 0.736538 0.479885 0.746154 0.481322 0.748077 0.481322 0.75 0.484195 0.753846 0.484195 0.755769 0.487069 0.759615 0.487069 0.761538 0.491379 0.767308 0.492816 0.767308 0.49569 0.771154 0.497126 0.771154 0.498563 0.773077 0.5 0.773077 0.501437 0.775 0.510057 0.775 0.511494 0.776923 0.512931 0.776923 0.514368 0.775 0.518678 0.775 0.524425 0.767308 0.524425 0.761538 0.525862 0.759615 0.525862 0.751923 0.524425 0.75 0.524425 0.746154 0.522989 0.744231 0.522989 0.740385 0.520115 0.736538 0.520115 0.734615 0.511494 0.723077 0.508621 0.723077 0.507184 0.721154 0.505747 0.721154 0.50431 0.719231
0 0.863506 0.288462 0.862069 0.290385 0.860632 0.290385 0.859195 0.292308 0.857759 0.292308 0.854885 0.296154 0.854885 0.298077 0.853448 0.3 0.853448 0.325 0.854885 0.326923 0.854885 0.328846 0.857759 0.332692 0.857759 0.336538 0.859195 0.338462 0.859195 0.340385 0.864943 0.348077 0.867816 0.348077 0.869253 0.35 0.87931 0.35 0.880747 0.348077 0.880747 0.334615 0.882184 0.332692 0.882184 0.328846 0.883621 0.326923 0.883621 0.305769 0.882184 0.303846 0.882184 0.301923 0.880747 0.3 0.880747 0.298077 0.87931 0.296154 0.877874 0.296154 0.873563 0.290385 0.87069 0.290385 0.869253 0.288462
0 0.625 0.721154 0.623563 0.723077 0.619253 0.723077 0.614943 0.728846 0.614943 0.730769 0.612069 0.734615 0.612069 0.736538 0.613506 0.738462 0.613506 0.742308 0.616379 0.746154 0.616379 0.748077 0.619253 0.751923 0.619253 0.755769 0.623563 0.761538 0.626437 0.761538 0.627874 0.759615 0.640805 0.759615 0.642241 0.757692 0.645115 0.757692 0.646552 0.755769 0.647989 0.755769 0.649425 0.753846 0.650862 0.753846 0.655172 0.748077 0.655172 0.744231 0.653736 0.742308 0.653736 0.738462 0.652299 0.736538 0.650862 0.736538 0.649425 0.734615 0.647989 0.734615 0.645115 0.730769 0.643678 0.730769 0.642241 0.728846 0.640805 0.728846 0.639368 0.726923 0.635057 0.726923 0.633621 0.725 0.630747 0.725 0.62931 0.723077 0.627874 0.723077 0.626437 0.721154
0 0.173851 0.05 0.170977 0.0538462 0.170977 0.0711538 0.172414 0.0730769 0.172414 0.075 0.173851 0.0769231 0.175287 0.0769231 0.182471 0.0865385 0.185345 0.0865385 0.186782 0.0884615 0.199713 0.0884615 0.199713 0.0807692 0.204023 0.075 0.206897 0.075 0.208333 0.0730769 0.208333 0.0596154 0.204023 0.0538462 0.201149 0.0538462 0.199713 0.0519231 0.198276 0.0519231 0.196839 0.05
0 0.795977 0.482692 0.793103 0.486538 0.793103 0.488462 0.791667 0.490385 0.791667 0.505769 0.793103 0.507692 0.793103 0.511538 0.801724 0.523077 0.801724 0.525 0.803161 0.526923 0.804598 0.526923 0.810345 0.534615 0.823276 0.534615 0.824713 0.532692 0.826149 0.532692 0.83046 0.526923 0.83046 0.525 0.827586 0.521154 0.827586 0.519231 0.824713 0.515385 0.824713 0.513462 0.823276 0.511538 0.823276 0.509615 0.821839 0.507692 0.821839 0.5 0.811782 0.486538 0.810345 0.486538 0.808908 0.484615 0.806034 0.484615 0.804598 0.482692
0 0.237069 0.978846 0.234195 0.982692 0.234195 0.984615 0.231322 0.988462 0.231322 0.992308 0.229885 0.994231 0.229885 0.996154 0.228448 0.998077 0.257184 0.998077 0.257184 0.992308 0.255747 0.990385 0.255747 0.988462 0.248563 0.978846
0 0.268678 0.825 0.267241 0.826923 0.265805 0.826923 0.264368 0.828846 0.264368 0.851923 0.265805 0.853846 0.265805 0.855769 0.267241 0.857692 0.267241 0.861538 0.277299 0.875 0.280172 0.875 0.281609 0.876923 0.283046 0.876923 0.284483 0.878846 0.293103 0.878846 0.29454 0.876923 0.297414 0.876923 0.298851 0.875 0.301724 0.875 0.303161 0.873077 0.303161 0.871154 0.304598 0.869231 0.304598 0.867308 0.306034 0.865385 0.306034 0.863462 0.308908 0.859615 0.308908 0.842308 0.307471 0.840385 0.307471 0.838462 0.303161 0.832692 0.28592 0.832692 0.284483 0.830769 0.283046 0.830769 0.281609 0.828846 0.280172 0.828846 0.278736 0.826923 0.277299 0.826923 0.275862 0.825
0 0 0.469231 0 0.507692 0.00287356 0.507692 0.00431034 0.505769 0.00431034 0.503846 0.00718391 0.5 0.00718391 0.494231 0.00862069 0.492308 0.00862069 0.482692 0.00718391 0.480769 0.00718391 0.478846 0.00431034 0.475 0.00431034 0.473077 0.00143678 0.469231
0 0.409483 0.392308 0.406609 0.396154 0.405172 0.396154 0.400862 0.401923 0.397989 0.401923 0.396552 0.403846 0.395115 0.403846 0.393678 0.405769 0.392241 0.405769 0.386494 0.413462 0.386494 0.423077 0.390805 0.428846 0.390805 0.430769 0.393678 0.434615 0.396552 0.434615 0.397989 0.436538 0.403736 0.436538 0.405172 0.434615 0.409483 0.434615 0.41092 0.432692 0.412356 0.432692 0.413793 0.430769 0.41523 0.430769 0.416667 0.428846 0.418103 0.428846 0.422414 0.423077 0.422414 0.421154 0.423851 0.419231 0.423851 0.417308 0.425287 0.415385 0.425287 0.413462 0.426724 0.411538 0.426724 0.403846 0.425287 0.401923 0.425287 0.4 0.420977 0.394231 0.41954 0.394231 0.418103 0.392308
0 0.435345 0.603846 0.433908 0.605769 0.425287 0.605769 0.423851 0.607692 0.422414 0.607692 0.41523 0.617308 0.41523 0.626923 0.416667 0.628846 0.416667 0.630769 0.41954 0.634615 0.41954 0.636538 0.423851 0.642308 0.425287 0.642308 0.431034 0.65 0.433908 0.65 0.435345 0.651923 0.438218 0.651923 0.439655 0.653846 0.441092 0.653846 0.442529 0.655769 0.443966 0.655769 0.445402 0.657692 0.446839 0.657692 0.448276 0.655769 0.449713 0.655769 0.451149 0.657692 0.461207 0.657692 0.462644 0.655769 0.46408 0.655769 0.466954 0.651923 0.468391 0.651923 0.471264 0.648077 0.471264 0.646154 0.474138 0.642308 0.474138 0.634615 0.472701 0.632692 0.472701 0.628846 0.469828 0.625 0.469828 0.623077 0.468391 0.621154 0.466954 0.621154 0.462644 0.615385 0.461207 0.615385 0.458333 0.611538 0.456897 0.611538 0.45546 0.609615 0.451149 0.609615 0.449713 0.607692 0.448276 0.607692 0.446839 0.605769 0.443966 0.605769 0.442529 0.603846
0 0.497126 0.230769 0.49569 0.232692 0.492816 0.232692 0.491379 0.234615 0.489943 0.234615 0.488506 0.236538 0.487069 0.236538 0.475575 0.251923 0.475575 0.253846 0.474138 0.255769 0.474138 0.259615 0.472701 0.261538 0.472701 0.265385 0.474138 0.267308 0.474138 0.271154 0.477011 0.275 0.479885 0.275 0.481322 0.276923 0.482759 0.276923 0.484195 0.278846 0.49569 0.278846 0.497126 0.276923 0.5 0.276923 0.501437 0.275 0.502874 0.275 0.505747 0.271154 0.507184 0.271154 0.508621 0.269231 0.510057 0.269231 0.515805 0.261538 0.515805 0.259615 0.517241 0.257692 0.517241 0.253846 0.518678 0.251923 0.518678 0.246154 0.517241 0.244231 0.517241 0.238462 0.512931 0.232692 0.511494 0.232692 0.510057 0.230769
0 0.606322 0.636538 0.604885 0.638462 0.602011 0.638462 0.599138 0.642308 0.597701 0.642308 0.594828 0.646154 0.594828 0.648077 0.591954 0.651923 0.591954 0.659615 0.594828 0.663462 0.594828 0.665385 0.600575 0.673077 0.600575 0.675 0.603448 0.678846 0.604885 0.678846 0.609195 0.684615 0.612069 0.684615 0.613506 0.686538 0.62069 0.686538 0.622126 0.688462 0.626437 0.688462 0.627874 0.686538 0.633621 0.686538 0.635057 0.684615 0.637931 0.684615 0.640805 0.680769 0.642241 0.680769 0.650862 0.669231 0.650862 0.665385 0.649425 0.663462 0.649425 0.661538 0.647989 0.659615 0.647989 0.655769 0.643678 0.65 0.640805 0.65 0.636494 0.644231 0.635057 0.644231 0.633621 0.642308 0.632184 0.642308 0.630747 0.640385 0.627874 0.640385 0.626437 0.638462 0.623563 0.638462 0.622126 0.636538
0 0.135057 0.515385 0.133621 0.517308 0.132184 0.517308 0.130747 0.519231 0.127874 0.519231 0.122126 0.526923 0.122126 0.528846 0.12069 0.530769 0.12069 0.532692 0.119253 0.534615 0.119253 0.536538 0.12069 0.538462 0.12069 0.544231 0.122126 0.546154 0.122126 0.55 0.123563 0.551923 0.123563 0.553846 0.130747 0.563462 0.133621 0.563462 0.135057 0.565385 0.137931 0.565385 0.139368 0.567308 0.149425 0.567308 0.150862 0.565385 0.155172 0.565385 0.156609 0.563462 0.158046 0.563462 0.159483 0.561538 0.162356 0.561538 0.16954 0.551923 0.16954 0.55 0.170977 0.548077 0.170977 0.540385 0.16954 0.538462 0.16954 0.534615 0.16523 0.528846 0.16523 0.526923 0.163793 0.525 0.162356 0.525 0.159483 0.521154 0.155172 0.521154 0.153736 0.519231 0.149425 0.519231 0.147989 0.517308 0.143678 0.517308 0.142241 0.515385
0 0.130747 0.442308 0.12931 0.444231 0.12069 0.444231 0.117816 0.448077 0.117816 0.45 0.114943 0.453846 0.114943 0.459615 0.117816 0.463462 0.117816 0.465385 0.12069 0.469231 0.122126 0.469231 0.126437 0.475 0.127874 0.475 0.130747 0.478846 0.133621 0.478846 0.135057 0.480769 0.136494 0.480769 0.137931 0.482692 0.142241 0.482692 0.143678 0.484615 0.147989 0.484615 0.149425 0.486538 0.159483 0.486538 0.16092 0.484615 0.162356 0.484615 0.163793 0.482692 0.166667 0.482692 0.16954 0.478846 0.16954 0.476923 0.170977 0.475 0.170977 0.469231 0.16954 0.467308 0.16954 0.465385 0.168103 0.463462 0.168103 0.461538 0.16523 0.457692 0.163793 0.457692 0.162356 0.455769 0.16092 0.455769 0.158046 0.451923 0.156609 0.451923 0.155172 0.45 0.152299 0.45 0.149425 0.446154 0.142241 0.446154 0.140805 0.444231 0.136494 0.444231 0.135057 0.442308
0 0.890805 0.113462 0.889368 0.115385 0.886494 0.115385 0.885057 0.117308 0.882184 0.117308 0.877874 0.123077 0.877874 0.134615 0.87931 0.136538 0.87931 0.142308 0.885057 0.15 0.886494 0.15 0.887931 0.151923 0.889368 0.151923 0.890805 0.153846 0.902299 0.153846 0.905172 0.15 0.906609 0.15 0.912356 0.142308 0.912356 0.140385 0.91523 0.136538 0.91523 0.125 0.913793 0.123077 0.913793 0.121154 0.909483 0.115385 0.906609 0.115385 0.905172 0.113462
0 0.603448 0.482692 0.602011 0.484615 0.599138 0.484615 0.596264 0.488462 0.596264 0.503846 0.597701 0.505769 0.597701 0.507692 0.600575 0.511538 0.602011 0.511538 0.609195 0.521154 0.610632 0.521154 0.612069 0.523077 0.613506 0.523077 0.616379 0.526923 0.617816 0.526923 0.619253 0.528846 0.622126 0.528846 0.623563 0.530769 0.626437 0.530769 0.627874 0.528846 0.635057 0.528846 0.636494 0.526923 0.637931 0.526923 0.643678 0.519231 0.643678 0.517308 0.645115 0.515385 0.645115 0.511538 0.643678 0.509615 0.643678 0.503846 0.642241 0.501923 0.642241 0.5 0.636494 0.492308 0.635057 0.492308 0.633621 0.490385 0.632184 0.490385 0.630747 0.488462 0.62931 0.488462 0.627874 0.486538 0.626437 0.486538 0.625 0.484615 0.622126 0.484615 0.62069 0.482692
0 0.517241 0.0519231 0.515805 0.0538462 0.512931 0.0538462 0.511494 0.0557692 0.510057 0.0557692 0.508621 0.0576923 0.507184 0.0576923 0.505747 0.0596154 0.505747 0.0615385 0.501437 0.0673077 0.501437 0.0711538 0.5 0.0730769 0.5 0.0884615 0.510057 0.101923 0.517241 0.101923 0.518678 0.103846 0.534483 0.103846 0.53592 0.101923 0.537356 0.101923 0.538793 0.1 0.54023 0.1 0.548851 0.0884615 0.548851 0.0865385 0.550287 0.0846154 0.550287 0.0788462 0.551724 0.0769231 0.551724 0.0730769 0.550287 0.0711538 0.550287 0.0692308 0.548851 0.0673077 0.548851 0.0653846 0.54454 0.0596154 0.543103 0.0596154 0.538793 0.0538462 0.533046 0.0538462 0.531609 0.0519231
0 0.396552 0.353846 0.395115 0.355769 0.392241 0.355769 0.390805 0.357692 0.386494 0.357692 0.385057 0.359615 0.383621 0.359615 0.375 0.371154 0.373563 0.371154 0.369253 0.376923 0.369253 0.394231 0.376437 0.403846 0.37931 0.403846 0.380747 0.405769 0.390805 0.405769 0.392241 0.403846 0.393678 0.403846 0.395115 0.401923 0.396552 0.401923 0.397989 0.4 0.400862 0.4 0.405172 0.394231 0.406609 0.394231 0.412356 0.386538 0.412356 0.384615 0.413793 0.382692 0.413793 0.380769 0.41523 0.378846 0.41523 0.367308 0.413793 0.365385 0.413793 0.361538 0.412356 0.359615 0.412356 0.357692 0.409483 0.353846
0 0.673851 0.00961538 0.672414 0.0115385 0.670977 0.0115385 0.66954 0.0134615 0.66954 0.0192308 0.668103 0.0211538 0.668103 0.0269231 0.66954 0.0288462 0.66954 0.0307692 0.672414 0.0346154 0.672414 0.0365385 0.675287 0.0403846 0.676724 0.0403846 0.681034 0.0461538 0.685345 0.0461538 0.686782 0.0480769 0.691092 0.0480769 0.692529 0.05 0.695402 0.05 0.698276 0.0538462 0.715517 0.0538462 0.718391 0.05 0.718391 0.0423077 0.716954 0.0403846 0.716954 0.0365385 0.71408 0.0326923 0.71408 0.0307692 0.706897 0.0211538 0.704023 0.0211538 0.702586 0.0192308 0.701149 0.0192308 0.699713 0.0173077 0.696839 0.0173077 0.695402 0.0153846 0.693966 0.0153846 0.692529 0.0134615 0.689655 0.0134615 0.686782 0.00961538
0 0.729885 0.65 0.728448 0.651923 0.724138 0.651923 0.722701 0.653846 0.721264 0.653846 0.719828 0.655769 0.718391 0.655769 0.716954 0.657692 0.715517 0.657692 0.712644 0.661538 0.712644 0.663462 0.711207 0.665385 0.711207 0.667308 0.708333 0.671154 0.708333 0.673077 0.706897 0.675 0.706897 0.676923 0.70546 0.678846 0.70546 0.682692 0.706897 0.684615 0.706897 0.686538 0.70977 0.690385 0.711207 0.690385 0.715517 0.696154 0.716954 0.696154 0.718391 0.698077 0.719828 0.698077 0.721264 0.7 0.725575 0.7 0.727011 0.701923 0.739943 0.701923 0.741379 0.703846 0.742816 0.703846 0.744253 0.701923 0.747126 0.701923 0.751437 0.696154 0.752874 0.696154 0.755747 0.692308 0.755747 0.690385 0.757184 0.688462 0.757184 0.680769 0.758621 0.678846 0.758621 0.671154 0.757184 0.669231 0.757184 0.663462 0.755747 0.661538 0.755747 0.659615 0.751437 0.653846 0.75 0.653846 0.748563 0.651923 0.741379 0.651923 0.739943 0.65
0 0.968391 0.880769 0.966954 0.882692 0.965517 0.882692 0.96408 0.884615 0.962644 0.884615 0.961207 0.886538 0.95977 0.886538 0.956897 0.890385 0.956897 0.892308 0.954023 0.896154 0.954023 0.898077 0.952586 0.9 0.952586 0.901923 0.951149 0.903846 0.951149 0.907692 0.949713 0.909615 0.949713 0.915385 0.948276 0.917308 0.948276 0.930769 0.949713 0.932692 0.949713 0.936538 0.952586 0.940385 0.952586 0.942308 0.95546 0.946154 0.956897 0.946154 0.95977 0.95 0.961207 0.95 0.962644 0.951923 0.969828 0.951923 0.971264 0.95 0.972701 0.95 0.974138 0.948077 0.975575 0.948077 0.979885 0.942308 0.979885 0.940385 0.982759 0.936538 0.982759 0.932692 0.984195 0.930769 0.984195 0.928846 0.985632 0.926923 0.985632 0.919231 0.987069 0.917308 0.987069 0.911538 0.985632 0.909615 0.985632 0.903846 0.984195 0.901923 0.984195 0.896154 0.982759 0.894231 0.982759 0.892308 0.979885 0.888462 0.979885 0.886538 0.978448 0.884615 0.977011 0.884615 0.975575 0.882692 0.974138 0.882692 0.972701 0.880769
0 0.469828 0.898077 0.468391 0.9 0.461207 0.9 0.45977 0.901923 0.456897 0.901923 0.45546 0.903846 0.454023 0.903846 0.452586 0.905769 0.451149 0.905769 0.449713 0.907692 0.448276 0.907692 0.442529 0.915385 0.442529 0.917308 0.441092 0.919231 0.441092 0.930769 0.442529 0.932692 0.442529 0.934615 0.445402 0.938462 0.445402 0.940385 0.446839 0.942308 0.448276 0.942308 0.449713 0.944231 0.451149 0.944231 0.452586 0.946154 0.454023 0.946154 0.456897 0.95 0.481322 0.95 0.482759 0.948077 0.487069 0.948077 0.488506 0.946154 0.489943 0.946154 0.491379 0.944231 0.492816 0.944231 0.497126 0.938462 0.498563 0.938462 0.502874 0.932692 0.502874 0.919231 0.501437 0.917308 0.501437 0.915385 0.5 0.913462 0.5 0.911538 0.497126 0.907692 0.49569 0.907692 0.491379 0.901923 0.488506 0.901923 0.487069 0.9 0.475575 0.9 0.474138 0.898077
0 0.662356 0.713462 0.66092 0.715385 0.659483 0.715385 0.655172 0.721154 0.655172 0.726923 0.656609 0.728846 0.656609 0.730769 0.659483 0.734615 0.659483 0.736538 0.66092 0.738462 0.66092 0.744231 0.662356 0.746154 0.663793 0.746154 0.666667 0.75 0.668103 0.75 0.66954 0.751923 0.673851 0.751923 0.675287 0.753846 0.678161 0.753846 0.679598 0.755769 0.692529 0.755769 0.693966 0.753846 0.695402 0.753846 0.696839 0.751923 0.699713 0.751923 0.701149 0.75 0.701149 0.748077 0.702586 0.746154 0.702586 0.744231 0.704023 0.742308 0.704023 0.736538 0.701149 0.732692 0.701149 0.730769 0.699713 0.728846 0.698276 0.728846 0.695402 0.725 0.693966 0.725 0.692529 0.723077 0.691092 0.723077 0.689655 0.721154 0.688218 0.721154 0.686782 0.719231 0.682471 0.719231 0.681034 0.717308 0.676724 0.717308 0.675287 0.715385 0.672414 0.715385 0.670977 0.713462
0 0.317529 0.575 0.316092 0.576923 0.314655 0.576923 0.313218 0.578846 0.311782 0.578846 0.307471 0.584615 0.307471 0.586538 0.304598 0.590385 0.304598 0.594231 0.301724 0.598077 0.300287 0.598077 0.298851 0.6 0.298851 0.605769 0.297414 0.607692 0.297414 0.611538 0.295977 0.613462 0.295977 0.615385 0.297414 0.617308 0.297414 0.623077 0.298851 0.625 0.298851 0.626923 0.300287 0.628846 0.300287 0.630769 0.304598 0.636538 0.306034 0.636538 0.308908 0.640385 0.313218 0.640385 0.314655 0.638462 0.317529 0.638462 0.318966 0.636538 0.323276 0.636538 0.327586 0.630769 0.327586 0.626923 0.329023 0.625 0.329023 0.621154 0.33046 0.619231 0.33046 0.617308 0.331897 0.615385 0.331897 0.609615 0.33046 0.607692 0.33046 0.6 0.329023 0.598077 0.329023 0.596154 0.327586 0.594231 0.327586 0.586538 0.326149 0.584615 0.326149 0.582692 0.320402 0.575
0 0.685345 0.169231 0.682471 0.173077 0.682471 0.175 0.681034 0.176923 0.681034 0.190385 0.685345 0.196154 0.685345 0.198077 0.689655 0.203846 0.691092 0.203846 0.692529 0.205769 0.696839 0.205769 0.701149 0.211538 0.716954 0.211538 0.718391 0.209615 0.716954 0.207692 0.716954 0.205769 0.715517 0.203846 0.715517 0.198077 0.71408 0.196154 0.71408 0.176923 0.712644 0.176923 0.711207 0.175 0.70977 0.175 0.708333 0.173077 0.706897 0.173077 0.704023 0.169231
0 0.998563 0.703846 0.998563 0.709615 0.99569 0.713462 0.99569 0.721154 0.997126 0.723077 0.997126 0.730769 0.998563 0.732692
0 0.827586 0.967308 0.826149 0.969231 0.817529 0.969231 0.817529 0.973077 0.811782 0.980769 0.811782 0.996154 0.813218 0.998077 0.856322 0.998077 0.856322 0.978846 0.854885 0.976923 0.854885 0.975 0.852011 0.971154 0.850575 0.971154 0.849138 0.969231 0.843391 0.969231 0.841954 0.967308
0 0.636494 0.0846154 0.62931 0.0942308 0.62931 0.0961538 0.627874 0.0980769 0.627874 0.101923 0.623563 0.107692 0.623563 0.111538 0.622126 0.113462 0.622126 0.123077 0.623563 0.125 0.623563 0.130769 0.627874 0.136538 0.627874 0.138462 0.62931 0.140385 0.633621 0.140385 0.635057 0.142308 0.639368 0.142308 0.640805 0.140385 0.643678 0.140385 0.646552 0.136538 0.646552 0.128846 0.647989 0.126923 0.647989 0.125 0.649425 0.123077 0.649425 0.105769 0.647989 0.103846 0.647989 0.101923 0.646552 0.1 0.646552 0.0980769 0.643678 0.0942308 0.643678 0.0923077 0.640805 0.0884615 0.640805 0.0865385 0.639368 0.0846154
0 0.201149 0.778846 0.199713 0.780769 0.198276 0.780769 0.196839 0.782692 0.195402 0.782692 0.193966 0.784615 0.192529 0.784615 0.183908 0.796154 0.183908 0.798077 0.178161 0.805769 0.178161 0.807692 0.176724 0.809615 0.176724 0.830769 0.181034 0.836538 0.182471 0.836538 0.183908 0.838462 0.186782 0.838462 0.188218 0.840385 0.195402 0.840385 0.196839 0.838462 0.198276 0.838462 0.199713 0.836538 0.202586 0.836538 0.204023 0.834615 0.20546 0.834615 0.218391 0.817308 0.218391 0.815385 0.221264 0.811538 0.221264 0.809615 0.222701 0.807692 0.222701 0.790385 0.215517 0.780769 0.212644 0.780769 0.211207 0.778846
0 0.192529 0.171154 0.191092 0.173077 0.189655 0.173077 0.188218 0.175 0.186782 0.175 0.176724 0.188462 0.176724 0.190385 0.173851 0.194231 0.173851 0.207692 0.176724 0.211538 0.176724 0.213462 0.179598 0.217308 0.182471 0.217308 0.183908 0.215385 0.188218 0.215385 0.191092 0.211538 0.192529 0.211538 0.196839 0.205769 0.196839 0.2 0.198276 0.198077 0.198276 0.196154 0.201149 0.192308 0.201149 0.178846 0.196839 0.173077 0.195402 0.173077 0.193966 0.171154
0 0.840517 0.701923 0.83908 0.703846 0.837644 0.703846 0.836207 0.705769 0.83477 0.705769 0.827586 0.715385 0.827586 0.717308 0.826149 0.719231 0.826149 0.721154 0.824713 0.723077 0.824713 0.726923 0.823276 0.728846 0.823276 0.732692 0.821839 0.734615 0.821839 0.744231 0.820402 0.746154 0.820402 0.75 0.821839 0.751923 0.821839 0.761538 0.823276 0.763462 0.823276 0.765385 0.826149 0.769231 0.827586 0.769231 0.829023 0.771154 0.83046 0.771154 0.831897 0.773077 0.837644 0.773077 0.83908 0.771154 0.840517 0.771154 0.841954 0.769231 0.844828 0.769231 0.847701 0.765385 0.847701 0.763462 0.853448 0.755769 0.853448 0.753846 0.854885 0.751923 0.854885 0.75 0.857759 0.746154 0.857759 0.742308 0.859195 0.740385 0.859195 0.738462 0.860632 0.736538 0.860632 0.719231 0.859195 0.717308 0.859195 0.713462 0.856322 0.709615 0.856322 0.707692 0.852011 0.701923
0 0.058908 0.463462 0.0545977 0.469231 0.0545977 0.478846 0.0531609 0.480769 0.0531609 0.490385 0.0517241 0.492308 0.0517241 0.498077 0.0531609 0.5 0.0531609 0.501923 0.0560345 0.505769 0.0574713 0.505769 0.058908 0.507692 0.066092 0.507692 0.0675287 0.505769 0.0689655 0.505769 0.0704023 0.503846 0.0718391 0.503846 0.0747126 0.5 0.0747126 0.496154 0.0761494 0.494231 0.0761494 0.478846 0.0747126 0.476923 0.0747126 0.475 0.0718391 0.471154 0.0718391 0.469231 0.0675287 0.463462
0 0.614943 0.286538 0.613506 0.288462 0.610632 0.288462 0.603448 0.298077 0.603448 0.3 0.602011 0.301923 0.602011 0.319231 0.603448 0.321154 0.603448 0.323077 0.604885 0.325 0.604885 0.326923 0.614943 0.340385 0.616379 0.340385 0.617816 0.342308 0.62069 0.342308 0.622126 0.344231 0.635057 0.344231 0.637931 0.340385 0.640805 0.340385 0.647989 0.330769 0.647989 0.328846 0.649425 0.326923 0.649425 0.313462 0.647989 0.311538 0.647989 0.307692 0.645115 0.303846 0.645115 0.301923 0.637931 0.292308 0.635057 0.292308 0.633621 0.290385 0.632184 0.290385 0.630747 0.288462 0.627874 0.288462 0.626437 0.286538
0 0 0.317308 0 0.342308 0.00287356 0.346154 0.00431034 0.346154 0.00574713 0.344231 0.0114943 0.344231 0.012931 0.342308 0.012931 0.340385 0.0143678 0.338462 0.0143678 0.336538 0.0158046 0.334615 0.0158046 0.330769 0.0114943 0.325 0.0114943 0.319231 0.0100575 0.317308
0 0.140805 0.625 0.139368 0.626923 0.137931 0.626923 0.126437 0.642308 0.126437 0.648077 0.125 0.65 0.125 0.653846 0.123563 0.655769 0.123563 0.665385 0.125 0.667308 0.125 0.671154 0.126437 0.673077 0.126437 0.675 0.127874 0.676923 0.127874 0.678846 0.130747 0.682692 0.132184 0.682692 0.133621 0.684615 0.135057 0.684615 0.136494 0.686538 0.147989 0.686538 0.149425 0.684615 0.150862 0.684615 0.159483 0.673077 0.159483 0.671154 0.16092 0.669231 0.16092 0.667308 0.162356 0.665385 0.162356 0.659615 0.163793 0.657692 0.163793 0.653846 0.162356 0.651923 0.162356 0.640385 0.16092 0.638462 0.16092 0.636538 0.156609 0.630769 0.155172 0.630769 0.152299 0.626923 0.150862 0.626923 0.149425 0.625
0 0.860632 0.176923 0.859195 0.178846 0.854885 0.178846 0.853448 0.180769 0.852011 0.180769 0.847701 0.186538 0.847701 0.196154 0.853448 0.203846 0.854885 0.203846 0.856322 0.205769 0.859195 0.205769 0.860632 0.207692 0.875 0.207692 0.876437 0.205769 0.877874 0.205769 0.87931 0.203846 0.880747 0.203846 0.882184 0.201923 0.883621 0.201923 0.887931 0.196154 0.887931 0.194231 0.889368 0.192308 0.889368 0.188462 0.887931 0.186538 0.887931 0.184615 0.886494 0.182692 0.886494 0.180769 0.885057 0.178846 0.882184 0.178846 0.880747 0.176923
0 0.474138 0.426923 0.471264 0.430769 0.469828 0.430769 0.468391 0.432692 0.466954 0.432692 0.46408 0.436538 0.46408 0.440385 0.462644 0.442308 0.462644 0.444231 0.461207 0.446154 0.461207 0.455769 0.45977 0.457692 0.45977 0.461538 0.461207 0.463462 0.461207 0.467308 0.462644 0.469231 0.462644 0.471154 0.46408 0.473077 0.466954 0.473077 0.469828 0.476923 0.479885 0.476923 0.482759 0.473077 0.484195 0.473077 0.488506 0.467308 0.488506 0.465385 0.489943 0.463462 0.489943 0.461538 0.492816 0.457692 0.492816 0.451923 0.494253 0.45 0.494253 0.436538 0.492816 0.434615 0.492816 0.432692 0.488506 0.426923
0 0.711207 0.494231 0.70977 0.496154 0.706897 0.496154 0.70546 0.498077 0.702586 0.498077 0.699713 0.501923 0.699713 0.503846 0.696839 0.507692 0.696839 0.517308 0.695402 0.519231 0.695402 0.534615 0.696839 0.536538 0.696839 0.538462 0.70546 0.55 0.711207 0.55 0.712644 0.548077 0.71408 0.548077 0.715517 0.546154 0.716954 0.546154 0.721264 0.540385 0.721264 0.536538 0.722701 0.534615 0.722701 0.530769 0.724138 0.528846 0.724138 0.521154 0.722701 0.519231 0.722701 0.507692 0.719828 0.503846 0.719828 0.501923 0.715517 0.496154 0.71408 0.496154 0.712644 0.494231
0 0.208333 0.932692 0.202586 0.940385 0.202586 0.969231 0.208333 0.976923 0.208333 0.980769 0.215517 0.990385 0.228448 0.990385 0.229885 0.988462 0.229885 0.978846 0.232759 0.975 0.232759 0.959615 0.231322 0.957692 0.231322 0.955769 0.229885 0.953846 0.229885 0.951923 0.228448 0.95 0.228448 0.948077 0.227011 0.946154 0.227011 0.942308 0.222701 0.936538 0.222701 0.934615 0.221264 0.932692
0 0.692529 0.251923 0.691092 0.253846 0.688218 0.253846 0.683908 0.259615 0.683908 0.261538 0.682471 0.263462 0.682471 0.267308 0.681034 0.269231 0.681034 0.280769 0.693966 0.298077 0.696839 0.298077 0.699713 0.301923 0.70546 0.301923 0.706897 0.303846 0.715517 0.303846 0.716954 0.305769 0.718391 0.305769 0.719828 0.303846 0.721264 0.303846 0.722701 0.301923 0.728448 0.301923 0.729885 0.3 0.731322 0.3 0.737069 0.292308 0.737069 0.286538 0.738506 0.284615 0.738506 0.282692 0.737069 0.280769 0.737069 0.276923 0.735632 0.275 0.735632 0.273077 0.728448 0.263462 0.727011 0.263462 0.725575 0.261538 0.724138 0.261538 0.722701 0.259615 0.721264 0.259615 0.719828 0.257692 0.718391 0.257692 0.716954 0.255769 0.712644 0.255769 0.711207 0.253846 0.70977 0.253846 0.708333 0.251923
0 0.814655 0.938462 0.813218 0.940385 0.810345 0.940385 0.807471 0.944231 0.806034 0.944231 0.803161 0.948077 0.803161 0.955769 0.804598 0.957692 0.804598 0.959615 0.807471 0.963462 0.808908 0.963462 0.811782 0.967308 0.826149 0.967308 0.827586 0.965385 0.83908 0.965385 0.841954 0.961538 0.843391 0.961538 0.844828 0.959615 0.844828 0.95 0.837644 0.940385 0.83046 0.940385 0.829023 0.938462
0 0.159483 0.273077 0.158046 0.275 0.156609 0.275 0.155172 0.276923 0.153736 0.276923 0.147989 0.284615 0.147989 0.286538 0.146552 0.288462 0.146552 0.290385 0.145115 0.292308 0.145115 0.298077 0.146552 0.3 0.146552 0.305769 0.147989 0.307692 0.147989 0.309615 0.149425 0.311538 0.149425 0.313462 0.155172 0.321154 0.156609 0.321154 0.159483 0.325 0.16092 0.325 0.162356 0.326923 0.16954 0.326923 0.170977 0.325 0.173851 0.325 0.179598 0.317308 0.181034 0.317308 0.185345 0.311538 0.185345 0.307692 0.186782 0.305769 0.186782 0.301923 0.188218 0.3 0.188218 0.298077 0.189655 0.296154 0.189655 0.290385 0.188218 0.288462 0.188218 0.284615 0.185345 0.280769 0.183908 0.280769 0.182471 0.278846 0.181034 0.278846 0.179598 0.276923 0.178161 0.276923 0.176724 0.275 0.172414 0.275 0.170977 0.273077
0 0.968391 0.178846 0.965517 0.182692 0.962644 0.182692 0.952586 0.196154 0.952586 0.2 0.951149 0.201923 0.951149 0.203846 0.949713 0.205769 0.949713 0.217308 0.948276 0.219231 0.948276 0.230769 0.949713 0.232692 0.949713 0.236538 0.95546 0.244231 0.96408 0.244231 0.965517 0.242308 0.966954 0.242308 0.972701 0.234615 0.972701 0.232692 0.975575 0.228846 0.975575 0.226923 0.977011 0.225 0.977011 0.221154 0.978448 0.219231 0.978448 0.215385 0.979885 0.213462 0.979885 0.207692 0.981322 0.205769 0.981322 0.2 0.982759 0.198077 0.982759 0.192308 0.981322 0.190385 0.981322 0.186538 0.979885 0.184615 0.979885 0.182692 0.978448 0.180769 0.977011 0.180769 0.975575 0.178846
0 0.126437 0.867308 0.125 0.869231 0.122126 0.869231 0.119253 0.873077 0.117816 0.873077 0.116379 0.875 0.116379 0.882692 0.114943 0.884615 0.114943 0.894231 0.116379 0.896154 0.116379 0.901923 0.117816 0.903846 0.117816 0.911538 0.12069 0.915385 0.12069 0.925 0.122126 0.926923 0.122126 0.930769 0.123563 0.932692 0.123563 0.936538 0.12931 0.944231 0.130747 0.944231 0.132184 0.946154 0.140805 0.946154 0.143678 0.942308 0.145115 0.942308 0.147989 0.938462 0.147989 0.928846 0.149425 0.926923 0.149425 0.911538 0.147989 0.909615 0.147989 0.9 0.146552 0.898077 0.146552 0.884615 0.142241 0.878846 0.142241 0.876923 0.140805 0.875 0.140805 0.873077 0.137931 0.869231 0.136494 0.869231 0.135057 0.867308
