0 0.845703 0.359375 0.844727 0.360352 0.84375 0.360352 0.84375 0.365234 0.845703 0.367188 0.84375 0.369141 0.84082 0.369141 0.84082 0.371094 0.841797 0.371094 0.842773 0.37207 0.847656 0.37207 0.848633 0.371094 0.850586 0.371094 0.853516 0.368164 0.854492 0.368164 0.854492 0.367188 0.855469 0.366211 0.855469 0.362305 0.854492 0.362305 0.853516 0.361328 0.853516 0.360352 0.852539 0.360352 0.851562 0.359375
0 0.0996094 0.242188 0.0966797 0.245117 0.0966797 0.24707 0.0976562 0.248047 0.0976562 0.249023 0.0986328 0.249023 0.100586 0.250977 0.101562 0.250977 0.103516 0.25293 0.105469 0.25293 0.106445 0.253906 0.109375 0.253906 0.109375 0.25293 0.113281 0.249023 0.112305 0.248047 0.112305 0.246094 0.111328 0.245117 0.111328 0.244141 0.110352 0.244141 0.109375 0.243164 0.107422 0.243164 0.106445 0.242188
0 0.390625 0.203125 0.389648 0.204102 0.381836 0.204102 0.379883 0.206055 0.378906 0.206055 0.37793 0.207031 0.37793 0.208008 0.375977 0.209961 0.375977 0.220703 0.376953 0.22168 0.376953 0.222656 0.378906 0.224609 0.378906 0.225586 0.380859 0.227539 0.382812 0.227539 0.383789 0.228516 0.385742 0.228516 0.386719 0.229492 0.388672 0.229492 0.389648 0.228516 0.393555 0.228516 0.395508 0.226562 0.396484 0.226562 0.399414 0.223633 0.399414 0.222656 0.400391 0.22168 0.400391 0.213867 0.399414 0.212891 0.399414 0.211914 0.398438 0.210938 0.398438 0.209961 0.397461 0.208984 0.397461 0.208008 0.394531 0.205078 0.393555 0.205078 0.392578 0.204102 0.391602 0.204102
0 0.823242 0.394531 0.822266 0.395508 0.822266 0.397461 0.824219 0.399414 0.827148 0.399414 0.828125 0.398438 0.828125 0.395508 0.827148 0.394531
0 0.564453 0.842773 0.563477 0.84375 0.563477 0.84668 0.564453 0.84668 0.56543 0.847656 0.566406 0.847656 0.567383 0.848633 0.568359 0.848633 0.569336 0.849609 0.569336 0.848633 0.570312 0.847656 0.570312 0.845703 0.569336 0.844727 0.569336 0.84375 0.568359 0.842773
0 0.657227 0.610352 0.655273 0.612305 0.652344 0.612305 0.652344 0.616211 0.654297 0.618164 0.65625 0.618164 0.65625 0.617188 0.657227 0.616211 0.658203 0.616211 0.658203 0.615234 0.65918 0.614258 0.65918 0.610352
0 0.172852 0.521484 0.171875 0.522461 0.171875 0.523438 0.170898 0.524414 0.170898 0.526367 0.174805 0.530273 0.177734 0.530273 0.177734 0.521484
0 0.435547 0.689453 0.43457 0.69043 0.43457 0.694336 0.435547 0.695312 0.435547 0.696289 0.438477 0.696289 0.44043 0.694336 0.441406 0.694336 0.441406 0.689453
0 0.876953 0.394531 0.875977 0.395508 0.875 0.395508 0.875 0.402344 0.875977 0.40332 0.876953 0.40332 0.878906 0.405273 0.890625 0.405273 0.890625 0.404297 0.891602 0.40332 0.892578 0.40332 0.892578 0.399414 0.891602 0.398438 0.891602 0.397461 0.889648 0.395508 0.888672 0.395508 0.887695 0.394531
0 0.518555 0.206055 0.516602 0.208008 0.515625 0.208008 0.513672 0.209961 0.513672 0.211914 0.512695 0.212891 0.512695 0.219727 0.513672 0.220703 0.513672 0.22168 0.516602 0.224609 0.516602 0.225586 0.517578 0.226562 0.518555 0.226562 0.519531 0.227539 0.520508 0.227539 0.522461 0.229492 0.526367 0.229492 0.527344 0.230469 0.530273 0.230469 0.53125 0.229492 0.532227 0.229492 0.533203 0.228516 0.53418 0.228516 0.53418 0.227539 0.537109 0.224609 0.537109 0.21875 0.536133 0.217773 0.536133 0.21582 0.53125 0.210938 0.53125 0.209961 0.530273 0.208984 0.529297 0.208984 0.527344 0.207031 0.526367 0.207031 0.525391 0.206055
0 0.856445 0.414062 0.855469 0.415039 0.855469 0.416992 0.861328 0.416992 0.862305 0.416016 0.862305 0.414062
0 0.987305 0.524414 0.986328 0.525391 0.984375 0.525391 0.984375 0.526367 0.983398 0.527344 0.983398 0.52832 0.982422 0.529297 0.982422 0.537109 0.983398 0.538086 0.983398 0.539062 0.985352 0.541016 0.986328 0.541016 0.987305 0.541992 0.988281 0.541992 0.989258 0.542969 0.989258 0.543945 0.996094 0.543945 0.99707 0.542969 0.998047 0.542969 0.999023 0.541992 0.999023 0.527344 0.998047 0.527344 0.99707 0.526367 0.996094 0.526367 0.995117 0.525391 0.992188 0.525391 0.991211 0.524414
0 0.900391 0.362305 0.899414 0.363281 0.898438 0.363281 0.896484 0.365234 0.895508 0.365234 0.895508 0.366211 0.894531 0.367188 0.894531 0.368164 0.893555 0.369141 0.893555 0.375 0.894531 0.375977 0.894531 0.376953 0.896484 0.378906 0.897461 0.378906 0.900391 0.381836 0.914062 0.381836 0.915039 0.380859 0.916016 0.380859 0.918945 0.37793 0.918945 0.376953 0.919922 0.375977 0.919922 0.371094 0.918945 0.370117 0.918945 0.369141 0.915039 0.365234 0.914062 0.365234 0.912109 0.363281 0.908203 0.363281 0.907227 0.362305
0 0.28125 0.571289 0.280273 0.572266 0.276367 0.572266 0.272461 0.576172 0.272461 0.577148 0.271484 0.578125 0.271484 0.580078 0.270508 0.581055 0.270508 0.583008 0.269531 0.583984 0.269531 0.589844 0.270508 0.59082 0.274414 0.59082 0.275391 0.591797 0.27832 0.591797 0.279297 0.592773 0.28418 0.592773 0.288086 0.588867 0.288086 0.586914 0.289062 0.585938 0.289062 0.584961 0.290039 0.583984 0.290039 0.582031 0.291016 0.581055 0.291016 0.578125 0.290039 0.577148 0.290039 0.576172 0.286133 0.572266 0.285156 0.572266 0.28418 0.571289
0 0.463867 0.694336 0.462891 0.695312 0.457031 0.695312 0.456055 0.696289 0.454102 0.696289 0.453125 0.697266 0.453125 0.698242 0.452148 0.699219 0.452148 0.701172 0.451172 0.702148 0.451172 0.707031 0.452148 0.708008 0.452148 0.708984 0.455078 0.711914 0.462891 0.711914 0.463867 0.710938 0.46582 0.710938 0.466797 0.709961 0.467773 0.709961 0.470703 0.707031 0.47168 0.707031 0.47168 0.702148 0.472656 0.701172 0.472656 0.698242 0.469727 0.695312 0.46875 0.695312 0.467773 0.694336
0 0.126953 0.492188 0.125977 0.493164 0.124023 0.493164 0.123047 0.494141 0.118164 0.494141 0.117188 0.493164 0.114258 0.493164 0.113281 0.494141 0.113281 0.495117 0.112305 0.496094 0.112305 0.503906 0.113281 0.504883 0.113281 0.505859 0.117188 0.509766 0.12793 0.509766 0.128906 0.508789 0.129883 0.508789 0.130859 0.507812 0.131836 0.507812 0.136719 0.50293 0.135742 0.501953 0.135742 0.5 0.134766 0.499023 0.134766 0.495117 0.133789 0.494141 0.133789 0.492188
0 0.341797 0.586914 0.34082 0.587891 0.337891 0.587891 0.336914 0.588867 0.335938 0.588867 0.334961 0.589844 0.333984 0.589844 0.332031 0.591797 0.332031 0.592773 0.331055 0.59375 0.332031 0.594727 0.332031 0.595703 0.338867 0.602539 0.349609 0.602539 0.350586 0.601562 0.351562 0.601562 0.353516 0.599609 0.353516 0.598633 0.354492 0.597656 0.354492 0.59668 0.355469 0.595703 0.355469 0.594727 0.356445 0.59375 0.356445 0.591797 0.355469 0.59082 0.355469 0.589844 0.354492 0.589844 0.353516 0.588867 0.351562 0.588867 0.350586 0.587891 0.349609 0.587891 0.348633 0.586914
0 0.691406 0.582031 0.69043 0.583008 0.69043 0.586914 0.691406 0.587891 0.695312 0.587891 0.696289 0.586914 0.696289 0.582031
0 0.412109 0.68457 0.408203 0.688477 0.408203 0.689453 0.407227 0.69043 0.407227 0.694336 0.40625 0.695312 0.40625 0.699219 0.405273 0.700195 0.405273 0.702148 0.40625 0.703125 0.407227 0.703125 0.408203 0.704102 0.410156 0.704102 0.411133 0.705078 0.418945 0.705078 0.418945 0.704102 0.421875 0.701172 0.420898 0.700195 0.420898 0.696289 0.419922 0.695312 0.419922 0.692383
0 0.540039 0.0341797 0.539062 0.0351562 0.539062 0.0371094 0.541992 0.0400391 0.542969 0.0400391 0.543945 0.0410156 0.547852 0.0410156 0.548828 0.0400391 0.548828 0.0380859 0.546875 0.0361328 0.545898 0.0361328 0.544922 0.0351562 0.543945 0.0351562 0.542969 0.0341797
0 0.621094 0.556641 0.620117 0.557617 0.619141 0.557617 0.618164 0.558594 0.617188 0.558594 0.616211 0.55957 0.615234 0.55957 0.614258 0.560547 0.613281 0.560547 0.612305 0.561523 0.611328 0.561523 0.604492 0.568359 0.604492 0.571289 0.605469 0.572266 0.606445 0.572266 0.608398 0.574219 0.616211 0.574219 0.618164 0.572266 0.619141 0.572266 0.620117 0.571289 0.625 0.571289 0.625 0.570312 0.625977 0.569336 0.625977 0.567383 0.626953 0.566406 0.626953 0.5625 0.625977 0.561523 0.625977 0.560547 0.625 0.55957 0.625 0.558594 0.624023 0.557617 0.623047 0.557617 0.62207 0.556641
0 0.59375 0.567383 0.591797 0.569336 0.591797 0.573242 0.592773 0.574219 0.597656 0.574219 0.597656 0.573242 0.598633 0.572266 0.598633 0.568359 0.597656 0.567383
0 0.921875 0.620117 0.920898 0.621094 0.919922 0.621094 0.919922 0.623047 0.918945 0.624023 0.918945 0.62793 0.926758 0.62793 0.927734 0.626953 0.928711 0.626953 0.930664 0.625 0.930664 0.623047 0.928711 0.621094 0.926758 0.621094 0.925781 0.620117
0 0.398438 0.713867 0.398438 0.714844 0.396484 0.716797 0.396484 0.720703 0.395508 0.72168 0.395508 0.729492 0.396484 0.730469 0.396484 0.731445 0.397461 0.732422 0.397461 0.733398 0.398438 0.734375 0.398438 0.735352 0.399414 0.736328 0.399414 0.737305 0.400391 0.738281 0.40332 0.738281 0.40625 0.735352 0.40625 0.734375 0.407227 0.733398 0.407227 0.732422 0.408203 0.731445 0.408203 0.730469 0.40918 0.729492 0.40918 0.728516 0.410156 0.727539 0.40918 0.726562 0.40918 0.725586 0.408203 0.724609 0.408203 0.720703 0.407227 0.719727 0.407227 0.71875 0.40625 0.717773 0.40625 0.716797 0.40332 0.713867
0 0.724609 0.592773 0.724609 0.59375 0.723633 0.594727 0.723633 0.600586 0.724609 0.601562 0.724609 0.602539 0.726562 0.600586 0.726562 0.592773
0 0.874023 0.744141 0.873047 0.745117 0.870117 0.745117 0.867188 0.748047 0.867188 0.754883 0.868164 0.755859 0.868164 0.757812 0.874023 0.763672 0.879883 0.763672 0.880859 0.762695 0.881836 0.762695 0.882812 0.761719 0.883789 0.761719 0.884766 0.760742 0.885742 0.760742 0.886719 0.759766 0.887695 0.759766 0.887695 0.757812 0.888672 0.756836 0.888672 0.755859 0.889648 0.754883 0.889648 0.751953 0.888672 0.750977 0.888672 0.75 0.887695 0.749023 0.887695 0.74707 0.886719 0.74707 0.885742 0.746094 0.884766 0.746094 0.883789 0.745117 0.882812 0.745117 0.881836 0.744141
0 0.786133 0.727539 0.785156 0.728516 0.783203 0.728516 0.78125 0.730469 0.78125 0.732422 0.780273 0.733398 0.780273 0.736328 0.78125 0.737305 0.78125 0.740234 0.782227 0.741211 0.782227 0.742188 0.78418 0.744141 0.78418 0.745117 0.786133 0.74707 0.787109 0.74707 0.788086 0.748047 0.789062 0.748047 0.790039 0.749023 0.791016 0.749023 0.791992 0.75 0.793945 0.75 0.794922 0.750977 0.795898 0.75 0.795898 0.749023 0.797852 0.74707 0.797852 0.746094 0.798828 0.745117 0.798828 0.743164 0.799805 0.742188 0.799805 0.740234 0.800781 0.739258 0.800781 0.734375 0.798828 0.732422 0.798828 0.731445 0.796875 0.729492 0.795898 0.729492 0.794922 0.728516 0.791016 0.728516 0.790039 0.727539
0 0.295898 0.508789 0.294922 0.509766 0.293945 0.509766 0.291016 0.512695 0.291016 0.516602 0.292969 0.518555 0.292969 0.519531 0.294922 0.521484 0.295898 0.521484 0.300781 0.526367 0.3125 0.526367 0.3125 0.523438 0.313477 0.522461 0.313477 0.514648 0.311523 0.512695 0.311523 0.511719 0.310547 0.510742 0.30957 0.510742 0.308594 0.509766 0.306641 0.509766 0.305664 0.508789
0 0.200195 0.477539 0.199219 0.478516 0.195312 0.478516 0.194336 0.479492 0.191406 0.479492 0.19043 0.480469 0.19043 0.481445 0.189453 0.482422 0.189453 0.483398 0.188477 0.484375 0.188477 0.485352 0.1875 0.486328 0.1875 0.490234 0.188477 0.491211 0.188477 0.492188 0.189453 0.493164 0.189453 0.494141 0.19043 0.495117 0.19043 0.496094 0.191406 0.49707 0.192383 0.49707 0.195312 0.5 0.199219 0.5 0.200195 0.500977 0.203125 0.500977 0.204102 0.5 0.206055 0.5 0.207031 0.499023 0.208984 0.499023 0.209961 0.498047 0.209961 0.49707 0.211914 0.495117 0.211914 0.494141 0.212891 0.493164 0.212891 0.490234 0.211914 0.489258 0.211914 0.487305 0.210938 0.486328 0.210938 0.485352 0.206055 0.480469 0.205078 0.480469 0.203125 0.478516 0.202148 0.478516 0.201172 0.477539
0 0.553711 0.592773 0.552734 0.59375 0.551758 0.59375 0.550781 0.594727 0.549805 0.594727 0.548828 0.595703 0.547852 0.595703 0.544922 0.598633 0.544922 0.600586 0.543945 0.601562 0.543945 0.604492 0.544922 0.605469 0.544922 0.608398 0.547852 0.611328 0.548828 0.611328 0.549805 0.612305 0.550781 0.612305 0.551758 0.613281 0.552734 0.613281 0.553711 0.614258 0.556641 0.614258 0.557617 0.615234 0.561523 0.615234 0.5625 0.614258 0.564453 0.614258 0.56543 0.613281 0.566406 0.613281 0.567383 0.612305 0.567383 0.611328 0.569336 0.609375 0.569336 0.608398 0.571289 0.606445 0.571289 0.600586 0.568359 0.597656 0.567383 0.597656 0.566406 0.59668 0.56543 0.59668 0.564453 0.595703 0.563477 0.595703 0.5625 0.594727 0.561523 0.594727 0.560547 0.59375 0.55957 0.59375 0.558594 0.592773
0 0.134766 0.616211 0.132812 0.618164 0.132812 0.619141 0.128906 0.623047 0.12793 0.623047 0.125977 0.625 0.125977 0.625977 0.124023 0.62793 0.124023 0.630859 0.123047 0.631836 0.123047 0.632812 0.126953 0.636719 0.12793 0.636719 0.128906 0.637695 0.130859 0.637695 0.131836 0.638672 0.140625 0.638672 0.144531 0.634766 0.144531 0.633789 0.147461 0.630859 0.147461 0.624023 0.146484 0.623047 0.146484 0.620117 0.143555 0.617188 0.142578 0.617188 0.141602 0.616211
0 0.19043 0.330078 0.189453 0.331055 0.188477 0.331055 0.1875 0.332031 0.1875 0.333008 0.185547 0.334961 0.185547 0.335938 0.18457 0.336914 0.18457 0.354492 0.185547 0.355469 0.185547 0.356445 0.191406 0.356445 0.194336 0.353516 0.194336 0.352539 0.196289 0.350586 0.196289 0.349609 0.197266 0.348633 0.197266 0.34668 0.198242 0.345703 0.198242 0.344727 0.199219 0.34375 0.199219 0.338867 0.198242 0.337891 0.198242 0.336914 0.197266 0.335938 0.197266 0.332031 0.195312 0.330078
0 0.5625 0.847656 0.561523 0.848633 0.55957 0.848633 0.558594 0.849609 0.558594 0.854492 0.55957 0.854492 0.560547 0.855469 0.560547 0.856445 0.561523 0.856445 0.5625 0.857422 0.563477 0.857422 0.564453 0.858398 0.568359 0.858398 0.568359 0.857422 0.570312 0.855469 0.570312 0.851562 0.568359 0.849609 0.567383 0.849609 0.566406 0.848633 0.56543 0.848633 0.564453 0.847656
0 0.292969 0.477539 0.291992 0.478516 0.289062 0.478516 0.288086 0.479492 0.287109 0.479492 0.286133 0.480469 0.285156 0.480469 0.28418 0.481445 0.283203 0.481445 0.28125 0.483398 0.280273 0.483398 0.27832 0.485352 0.27832 0.486328 0.277344 0.487305 0.277344 0.488281 0.276367 0.489258 0.276367 0.491211 0.275391 0.492188 0.275391 0.494141 0.276367 0.495117 0.276367 0.496094 0.27832 0.496094 0.279297 0.49707 0.283203 0.49707 0.28418 0.496094 0.287109 0.496094 0.288086 0.495117 0.289062 0.495117 0.290039 0.494141 0.291016 0.494141 0.292969 0.492188 0.293945 0.492188 0.295898 0.490234 0.296875 0.490234 0.296875 0.489258 0.297852 0.488281 0.297852 0.487305 0.298828 0.486328 0.298828 0.481445 0.297852 0.480469 0.297852 0.479492 0.296875 0.478516 0.295898 0.478516 0.294922 0.477539
0 0.720703 0.988281 0.719727 0.989258 0.71875 0.989258 0.71582 0.992188 0.714844 0.992188 0.713867 0.993164 0.713867 0.994141 0.712891 0.995117 0.712891 0.996094 0.711914 0.99707 0.711914 0.999023 0.735352 0.999023 0.735352 0.99707 0.734375 0.996094 0.734375 0.995117 0.733398 0.994141 0.733398 0.993164 0.732422 0.993164 0.731445 0.992188 0.731445 0.990234 0.730469 0.990234 0.729492 0.989258 0.724609 0.989258 0.723633 0.988281
0 0.790039 0.600586 0.789062 0.601562 0.789062 0.602539 0.788086 0.603516 0.788086 0.605469 0.787109 0.606445 0.787109 0.613281 0.788086 0.614258 0.788086 0.616211 0.791992 0.620117 0.795898 0.620117 0.796875 0.619141 0.798828 0.619141 0.801758 0.616211 0.801758 0.615234 0.802734 0.614258 0.802734 0.611328 0.800781 0.609375 0.800781 0.608398 0.799805 0.607422 0.799805 0.606445 0.796875 0.603516 0.795898 0.603516 0.794922 0.602539 0.793945 0.602539 0.792969 0.601562 0.791992 0.601562 0.791016 0.600586
0 0.766602 0.328125 0.765625 0.329102 0.761719 0.329102 0.760742 0.330078 0.758789 0.330078 0.756836 0.332031 0.755859 0.332031 0.753906 0.333984 0.753906 0.334961 0.75293 0.335938 0.75293 0.338867 0.753906 0.339844 0.757812 0.339844 0.759766 0.341797 0.759766 0.342773 0.760742 0.34375 0.760742 0.344727 0.761719 0.345703 0.763672 0.345703 0.764648 0.34668 0.765625 0.34668 0.767578 0.348633 0.775391 0.348633 0.776367 0.347656 0.777344 0.347656 0.780273 0.344727 0.78125 0.344727 0.78125 0.335938 0.779297 0.333984 0.779297 0.333008 0.777344 0.331055 0.776367 0.331055 0.775391 0.330078 0.774414 0.330078 0.773438 0.329102 0.770508 0.329102 0.769531 0.328125
0 0.757812 0.648438 0.756836 0.649414 0.755859 0.649414 0.753906 0.651367 0.753906 0.658203 0.754883 0.65918 0.754883 0.661133 0.755859 0.662109 0.755859 0.663086 0.762695 0.669922 0.763672 0.669922 0.764648 0.670898 0.765625 0.670898 0.766602 0.671875 0.775391 0.671875 0.776367 0.670898 0.775391 0.669922 0.775391 0.662109 0.773438 0.660156 0.773438 0.65918 0.768555 0.654297 0.768555 0.65332 0.764648 0.649414 0.763672 0.649414 0.762695 0.648438
0 0.19043 0.791016 0.189453 0.791992 0.186523 0.791992 0.185547 0.792969 0.183594 0.792969 0.182617 0.793945 0.182617 0.794922 0.179688 0.797852 0.179688 0.800781 0.178711 0.801758 0.178711 0.806641 0.179688 0.807617 0.180664 0.807617 0.181641 0.808594 0.182617 0.808594 0.183594 0.80957 0.18457 0.80957 0.186523 0.811523 0.204102 0.811523 0.205078 0.810547 0.207031 0.810547 0.208008 0.80957 0.208984 0.80957 0.209961 0.808594 0.211914 0.808594 0.21582 0.804688 0.21582 0.803711 0.216797 0.802734 0.216797 0.801758 0.217773 0.800781 0.216797 0.799805 0.216797 0.797852 0.21582 0.797852 0.214844 0.796875 0.213867 0.796875 0.212891 0.795898 0.211914 0.795898 0.210938 0.794922 0.209961 0.794922 0.208984 0.793945 0.208008 0.793945 0.207031 0.792969 0.205078 0.792969 0.204102 0.791992 0.201172 0.791992 0.200195 0.791016
0 0.761719 0.729492 0.761719 0.730469 0.760742 0.731445 0.760742 0.735352 0.761719 0.736328 0.764648 0.736328 0.764648 0.731445 0.763672 0.730469 0.763672 0.729492
0 0.774414 0.932617 0.773438 0.933594 0.772461 0.933594 0.769531 0.936523 0.769531 0.9375 0.768555 0.938477 0.768555 0.942383 0.769531 0.943359 0.769531 0.945312 0.771484 0.945312 0.772461 0.946289 0.777344 0.946289 0.779297 0.944336 0.780273 0.944336 0.782227 0.942383 0.782227 0.941406 0.783203 0.94043 0.783203 0.936523 0.782227 0.935547 0.782227 0.93457 0.78125 0.93457 0.780273 0.933594 0.779297 0.933594 0.77832 0.932617
0 0.699219 0.581055 0.699219 0.582031 0.698242 0.583008 0.698242 0.585938 0.699219 0.586914 0.699219 0.587891 0.705078 0.587891 0.707031 0.585938 0.707031 0.582031 0.706055 0.581055
0 0.849609 0.606445 0.848633 0.607422 0.847656 0.607422 0.84668 0.608398 0.84668 0.610352 0.845703 0.611328 0.845703 0.613281 0.84668 0.614258 0.84668 0.616211 0.847656 0.617188 0.847656 0.619141 0.848633 0.620117 0.848633 0.621094 0.849609 0.621094 0.851562 0.623047 0.852539 0.623047 0.854492 0.625 0.861328 0.625 0.862305 0.624023 0.863281 0.624023 0.864258 0.623047 0.865234 0.623047 0.865234 0.62207 0.866211 0.621094 0.866211 0.620117 0.867188 0.619141 0.867188 0.614258 0.866211 0.613281 0.866211 0.612305 0.864258 0.610352 0.864258 0.609375 0.862305 0.607422 0.861328 0.607422 0.860352 0.606445
0 0.203125 0.583984 0.201172 0.585938 0.200195 0.585938 0.200195 0.586914 0.199219 0.587891 0.199219 0.588867 0.198242 0.589844 0.198242 0.591797 0.197266 0.592773 0.197266 0.595703 0.198242 0.59668 0.198242 0.598633 0.199219 0.599609 0.199219 0.600586 0.202148 0.603516 0.205078 0.603516 0.206055 0.604492 0.214844 0.604492 0.21582 0.605469 0.217773 0.603516 0.21875 0.603516 0.219727 0.602539 0.219727 0.600586 0.220703 0.599609 0.220703 0.597656 0.22168 0.59668 0.22168 0.591797 0.219727 0.589844 0.219727 0.588867 0.217773 0.586914 0.216797 0.586914 0.214844 0.584961 0.213867 0.584961 0.212891 0.583984
0 0.737305 0.820312 0.735352 0.822266 0.734375 0.822266 0.731445 0.825195 0.731445 0.832031 0.732422 0.833008 0.732422 0.836914 0.736328 0.84082 0.737305 0.84082 0.738281 0.841797 0.739258 0.841797 0.740234 0.842773 0.746094 0.842773 0.74707 0.84375 0.748047 0.842773 0.75293 0.842773 0.753906 0.841797 0.753906 0.84082 0.754883 0.839844 0.754883 0.833008 0.753906 0.832031 0.753906 0.830078 0.75293 0.829102 0.75293 0.827148 0.750977 0.825195 0.75 0.825195 0.749023 0.824219 0.748047 0.824219 0.74707 0.823242 0.745117 0.823242 0.744141 0.822266 0.742188 0.822266 0.741211 0.821289 0.739258 0.821289 0.738281 0.820312
0 0.450195 0.681641 0.450195 0.688477 0.456055 0.688477 0.457031 0.6875 0.457031 0.68457 0.455078 0.682617 0.454102 0.682617 0.453125 0.681641
0 0.828125 0.498047 0.825195 0.500977 0.825195 0.501953 0.824219 0.50293 0.824219 0.507812 0.825195 0.508789 0.825195 0.511719 0.826172 0.512695 0.826172 0.513672 0.827148 0.514648 0.827148 0.516602 0.828125 0.517578 0.828125 0.518555 0.833008 0.523438 0.833984 0.523438 0.834961 0.524414 0.837891 0.524414 0.838867 0.523438 0.842773 0.523438 0.84375 0.522461 0.844727 0.522461 0.844727 0.510742 0.84375 0.509766 0.84375 0.506836 0.842773 0.505859 0.842773 0.503906 0.841797 0.50293 0.841797 0.501953 0.839844 0.501953 0.838867 0.500977 0.837891 0.500977 0.836914 0.5 0.834961 0.5 0.833984 0.499023 0.832031 0.499023 0.831055 0.498047
0 0.910156 0.399414 0.90918 0.400391 0.908203 0.400391 0.907227 0.401367 0.90625 0.401367 0.905273 0.402344 0.904297 0.402344 0.90332 0.40332 0.902344 0.40332 0.900391 0.405273 0.899414 0.405273 0.898438 0.40625 0.897461 0.40625 0.896484 0.407227 0.896484 0.40918 0.895508 0.410156 0.895508 0.411133 0.894531 0.412109 0.894531 0.416016 0.897461 0.418945 0.898438 0.418945 0.899414 0.419922 0.901367 0.419922 0.902344 0.420898 0.908203 0.420898 0.90918 0.419922 0.911133 0.419922 0.912109 0.418945 0.913086 0.418945 0.915039 0.416992 0.915039 0.416016 0.917969 0.413086 0.917969 0.411133 0.918945 0.410156 0.918945 0.40918 0.919922 0.408203 0.919922 0.401367 0.918945 0.400391 0.916992 0.400391 0.916016 0.399414
0 0.833008 0.337891 0.832031 0.338867 0.832031 0.339844 0.831055 0.34082 0.831055 0.341797 0.830078 0.342773 0.830078 0.344727 0.829102 0.345703 0.829102 0.361328 0.830078 0.362305 0.830078 0.363281 0.832031 0.365234 0.839844 0.365234 0.84082 0.364258 0.84082 0.363281 0.842773 0.361328 0.842773 0.360352 0.844727 0.358398 0.844727 0.353516 0.84375 0.352539 0.84375 0.34668 0.842773 0.345703 0.842773 0.34375 0.84082 0.341797 0.839844 0.341797 0.836914 0.338867 0.835938 0.338867 0.834961 0.337891
0 0.960938 0.422852 0.956055 0.427734 0.955078 0.427734 0.955078 0.429688 0.953125 0.431641 0.953125 0.432617 0.952148 0.433594 0.952148 0.438477 0.954102 0.44043 0.956055 0.44043 0.958008 0.442383 0.964844 0.442383 0.967773 0.439453 0.96875 0.439453 0.969727 0.438477 0.970703 0.438477 0.970703 0.4375 0.974609 0.433594 0.974609 0.426758 0.973633 0.426758 0.970703 0.423828 0.967773 0.423828 0.966797 0.422852
0 0.823242 0.337891 0.823242 0.342773 0.825195 0.342773 0.826172 0.34375 0.828125 0.34375 0.829102 0.342773 0.829102 0.338867 0.828125 0.338867 0.827148 0.337891
0 0.764648 0.806641 0.763672 0.807617 0.760742 0.807617 0.759766 0.808594 0.758789 0.808594 0.757812 0.80957 0.757812 0.811523 0.756836 0.8125 0.756836 0.822266 0.757812 0.823242 0.757812 0.824219 0.758789 0.825195 0.758789 0.827148 0.759766 0.828125 0.760742 0.828125 0.761719 0.829102 0.762695 0.829102 0.763672 0.830078 0.764648 0.830078 0.765625 0.829102 0.766602 0.829102 0.768555 0.827148 0.768555 0.826172 0.770508 0.824219 0.770508 0.810547 0.768555 0.808594 0.768555 0.807617 0.767578 0.806641
0 0.543945 0.0283203 0.541992 0.0302734 0.541016 0.0302734 0.541016 0.0332031 0.542969 0.0332031 0.543945 0.0341797 0.544922 0.0341797 0.545898 0.0351562 0.546875 0.0351562 0.547852 0.0361328 0.550781 0.0361328 0.550781 0.0332031 0.548828 0.03125 0.548828 0.0302734 0.547852 0.0302734 0.546875 0.0292969 0.546875 0.0283203
0 0.0175781 0.646484 0.0166016 0.647461 0.015625 0.647461 0.0136719 0.649414 0.0126953 0.649414 0.0107422 0.651367 0.0107422 0.655273 0.0117188 0.65625 0.0117188 0.658203 0.0126953 0.65918 0.0126953 0.660156 0.0136719 0.661133 0.0136719 0.662109 0.0185547 0.666992 0.0195312 0.666992 0.0205078 0.666016 0.0224609 0.666016 0.0234375 0.665039 0.0302734 0.665039 0.03125 0.664062 0.0332031 0.664062 0.0332031 0.657227 0.0273438 0.651367 0.0244141 0.651367 0.0234375 0.650391 0.0234375 0.648438 0.0224609 0.647461 0.0214844 0.647461 0.0205078 0.646484
0 0.722656 0.614258 0.72168 0.615234 0.720703 0.615234 0.720703 0.618164 0.72168 0.619141 0.720703 0.620117 0.720703 0.624023 0.72168 0.625 0.72168 0.625977 0.724609 0.625977 0.724609 0.625 0.725586 0.624023 0.725586 0.623047 0.726562 0.62207 0.726562 0.618164 0.725586 0.617188 0.725586 0.614258
0 0.181641 0.269531 0.178711 0.272461 0.178711 0.273438 0.175781 0.276367 0.175781 0.280273 0.176758 0.28125 0.176758 0.282227 0.177734 0.283203 0.177734 0.285156 0.178711 0.286133 0.178711 0.289062 0.179688 0.290039 0.180664 0.290039 0.181641 0.291016 0.18457 0.291016 0.185547 0.290039 0.1875 0.290039 0.188477 0.289062 0.189453 0.289062 0.19043 0.288086 0.19043 0.287109 0.192383 0.285156 0.192383 0.283203 0.193359 0.282227 0.193359 0.27832 0.194336 0.277344 0.194336 0.273438 0.195312 0.272461 0.194336 0.272461 0.193359 0.271484 0.191406 0.271484 0.19043 0.270508 0.188477 0.270508 0.1875 0.269531
0 0.775391 0.851562 0.770508 0.856445 0.770508 0.857422 0.768555 0.859375 0.768555 0.860352 0.767578 0.861328 0.767578 0.865234 0.766602 0.866211 0.766602 0.87207 0.767578 0.873047 0.767578 0.875 0.772461 0.879883 0.77832 0.879883 0.779297 0.878906 0.780273 0.878906 0.78125 0.87793 0.783203 0.87793 0.78418 0.876953 0.785156 0.876953 0.786133 0.875977 0.786133 0.875 0.788086 0.873047 0.788086 0.87207 0.790039 0.870117 0.790039 0.864258 0.791016 0.863281 0.790039 0.862305 0.790039 0.860352 0.789062 0.859375 0.789062 0.857422 0.788086 0.856445 0.788086 0.855469 0.787109 0.854492 0.787109 0.853516 0.786133 0.852539 0.785156 0.852539 0.78418 0.851562
0 0.607422 0.618164 0.604492 0.621094 0.604492 0.625 0.611328 0.625 0.612305 0.624023 0.612305 0.620117 0.611328 0.619141 0.611328 0.618164
0 0.163086 0.283203 0.162109 0.28418 0.160156 0.28418 0.15625 0.288086 0.15625 0.289062 0.155273 0.290039 0.155273 0.291992 0.154297 0.292969 0.154297 0.304688 0.155273 0.305664 0.155273 0.306641 0.15625 0.307617 0.15625 0.308594 0.15918 0.311523 0.162109 0.311523 0.166992 0.306641 0.166992 0.305664 0.167969 0.304688 0.167969 0.302734 0.168945 0.301758 0.168945 0.296875 0.169922 0.295898 0.169922 0.291016 0.168945 0.290039 0.168945 0.289062 0.167969 0.288086 0.167969 0.287109 0.166992 0.286133 0.166992 0.285156 0.166016 0.28418 0.166016 0.283203
0 0.268555 0.602539 0.267578 0.603516 0.267578 0.604492 0.265625 0.606445 0.265625 0.611328 0.267578 0.613281 0.271484 0.613281 0.272461 0.612305 0.272461 0.603516 0.271484 0.602539
0 0.831055 0.84082 0.828125 0.84375 0.828125 0.856445 0.833984 0.862305 0.837891 0.862305 0.838867 0.863281 0.84082 0.863281 0.841797 0.862305 0.842773 0.862305 0.84375 0.861328 0.844727 0.861328 0.845703 0.860352 0.84668 0.860352 0.848633 0.858398 0.848633 0.851562 0.847656 0.850586 0.847656 0.849609 0.84668 0.848633 0.84668 0.847656 0.84082 0.841797 0.84082 0.84082
0 0.675781 0.610352 0.674805 0.611328 0.673828 0.611328 0.671875 0.613281 0.671875 0.614258 0.670898 0.615234 0.670898 0.616211 0.669922 0.617188 0.669922 0.619141 0.668945 0.620117 0.668945 0.623047 0.669922 0.624023 0.669922 0.62793 0.670898 0.628906 0.670898 0.629883 0.671875 0.630859 0.671875 0.632812 0.672852 0.633789 0.673828 0.633789 0.674805 0.632812 0.677734 0.632812 0.678711 0.631836 0.679688 0.631836 0.680664 0.630859 0.680664 0.629883 0.682617 0.62793 0.682617 0.626953 0.683594 0.625977 0.683594 0.625 0.68457 0.624023 0.68457 0.619141 0.683594 0.618164 0.683594 0.616211 0.682617 0.615234 0.682617 0.614258 0.681641 0.613281 0.681641 0.612305 0.679688 0.610352
0 0.674805 0.557617 0.672852 0.55957 0.672852 0.561523 0.673828 0.5625 0.673828 0.563477 0.674805 0.563477 0.675781 0.564453 0.679688 0.564453 0.680664 0.563477 0.680664 0.560547 0.679688 0.55957 0.678711 0.55957 0.677734 0.558594 0.677734 0.557617
0 0.820312 0.290039 0.819336 0.291016 0.817383 0.291016 0.81543 0.292969 0.81543 0.293945 0.814453 0.294922 0.814453 0.299805 0.81543 0.300781 0.81543 0.301758 0.817383 0.303711 0.817383 0.304688 0.818359 0.304688 0.819336 0.305664 0.820312 0.305664 0.821289 0.306641 0.822266 0.306641 0.823242 0.307617 0.828125 0.307617 0.829102 0.308594 0.830078 0.308594 0.831055 0.30957 0.835938 0.30957 0.838867 0.306641 0.838867 0.302734 0.837891 0.301758 0.837891 0.299805 0.835938 0.297852 0.835938 0.296875 0.831055 0.291992 0.829102 0.291992 0.828125 0.291016 0.827148 0.291016 0.826172 0.290039
0 0.753906 0.774414 0.75293 0.775391 0.750977 0.775391 0.750977 0.777344 0.75 0.77832 0.75 0.787109 0.751953 0.789062 0.75293 0.789062 0.755859 0.791992 0.758789 0.791992 0.759766 0.792969 0.770508 0.792969 0.771484 0.791992 0.772461 0.791992 0.773438 0.791016 0.775391 0.791016 0.775391 0.78418 0.774414 0.783203 0.774414 0.78125 0.772461 0.779297 0.771484 0.779297 0.770508 0.77832 0.769531 0.77832 0.768555 0.777344 0.764648 0.777344 0.763672 0.776367 0.762695 0.776367 0.761719 0.775391 0.760742 0.775391 0.759766 0.774414
0 0.131836 0.00292969 0.130859 0.00390625 0.129883 0.00390625 0.128906 0.00488281 0.128906 0.00585938 0.12793 0.00683594 0.12793 0.0078125 0.126953 0.00878906 0.126953 0.0117188 0.12793 0.0126953 0.12793 0.0136719 0.131836 0.0175781 0.132812 0.0175781 0.133789 0.0185547 0.138672 0.0185547 0.139648 0.0195312 0.141602 0.0195312 0.142578 0.0205078 0.144531 0.0205078 0.145508 0.0195312 0.146484 0.0195312 0.147461 0.0185547 0.147461 0.0175781 0.148438 0.0166016 0.148438 0.0126953 0.145508 0.00976562 0.144531 0.00976562 0.141602 0.00683594 0.140625 0.00683594 0.138672 0.00488281 0.137695 0.00488281 0.136719 0.00390625 0.134766 0.00390625 0.133789 0.00292969
0 0.446289 0.563477 0.445312 0.564453 0.442383 0.564453 0.441406 0.56543 0.439453 0.56543 0.438477 0.566406 0.4375 0.566406 0.435547 0.568359 0.43457 0.568359 0.431641 0.571289 0.431641 0.578125 0.432617 0.579102 0.432617 0.580078 0.436523 0.583984 0.4375 0.583984 0.438477 0.584961 0.44043 0.584961 0.441406 0.585938 0.447266 0.585938 0.448242 0.584961 0.452148 0.584961 0.458008 0.579102 0.458008 0.578125 0.458984 0.577148 0.458984 0.576172 0.459961 0.575195 0.459961 0.572266 0.458984 0.571289 0.458984 0.570312 0.455078 0.566406 0.454102 0.566406 0.453125 0.56543 0.452148 0.56543 0.451172 0.564453 0.450195 0.564453 0.449219 0.563477
0 0.533203 0.0263672 0.533203 0.0273438 0.532227 0.0283203 0.532227 0.0332031 0.533203 0.0341797 0.533203 0.0351562 0.537109 0.0351562 0.538086 0.0341797 0.539062 0.0341797 0.539062 0.0332031 0.540039 0.0322266 0.540039 0.0302734 0.541016 0.0292969 0.541016 0.0273438 0.540039 0.0263672
0 0.589844 0.259766 0.588867 0.260742 0.588867 0.261719 0.586914 0.263672 0.586914 0.264648 0.585938 0.265625 0.585938 0.266602 0.584961 0.267578 0.584961 0.271484 0.585938 0.272461 0.585938 0.274414 0.586914 0.275391 0.587891 0.275391 0.589844 0.277344 0.591797 0.277344 0.592773 0.27832 0.594727 0.27832 0.595703 0.279297 0.59668 0.279297 0.597656 0.280273 0.601562 0.280273 0.602539 0.279297 0.603516 0.279297 0.604492 0.27832 0.604492 0.275391 0.605469 0.274414 0.605469 0.269531 0.604492 0.268555 0.604492 0.267578 0.603516 0.266602 0.603516 0.265625 0.599609 0.261719 0.598633 0.261719 0.597656 0.260742 0.595703 0.260742 0.594727 0.259766
0 0.665039 0.494141 0.664062 0.495117 0.663086 0.495117 0.663086 0.498047 0.662109 0.499023 0.662109 0.500977 0.661133 0.501953 0.661133 0.504883 0.662109 0.505859 0.662109 0.509766 0.663086 0.510742 0.663086 0.511719 0.664062 0.512695 0.664062 0.513672 0.666992 0.516602 0.669922 0.516602 0.671875 0.514648 0.672852 0.514648 0.676758 0.510742 0.676758 0.507812 0.677734 0.506836 0.677734 0.49707 0.676758 0.49707 0.673828 0.494141
0 0.144531 0.254883 0.143555 0.255859 0.139648 0.255859 0.139648 0.257812 0.140625 0.258789 0.147461 0.258789 0.147461 0.255859 0.146484 0.254883
0 0.600586 0.608398 0.59668 0.612305 0.59668 0.614258 0.595703 0.615234 0.595703 0.618164 0.59668 0.618164 0.597656 0.619141 0.597656 0.620117 0.599609 0.62207 0.602539 0.62207 0.605469 0.619141 0.605469 0.618164 0.607422 0.616211 0.607422 0.611328 0.604492 0.608398
0 0.142578 0.338867 0.141602 0.339844 0.139648 0.339844 0.136719 0.342773 0.136719 0.344727 0.135742 0.345703 0.135742 0.347656 0.134766 0.348633 0.134766 0.359375 0.135742 0.359375 0.137695 0.361328 0.141602 0.361328 0.142578 0.360352 0.143555 0.360352 0.144531 0.359375 0.145508 0.359375 0.149414 0.355469 0.149414 0.354492 0.150391 0.353516 0.150391 0.351562 0.151367 0.350586 0.151367 0.342773 0.152344 0.341797 0.152344 0.34082 0.151367 0.339844 0.151367 0.338867
0 0.641602 0.62793 0.641602 0.630859 0.642578 0.630859 0.644531 0.632812 0.644531 0.633789 0.647461 0.633789 0.648438 0.634766 0.651367 0.634766 0.65332 0.632812 0.65332 0.628906 0.652344 0.62793
0 0.741211 0.758789 0.740234 0.759766 0.738281 0.759766 0.738281 0.760742 0.737305 0.761719 0.737305 0.763672 0.738281 0.764648 0.738281 0.766602 0.740234 0.766602 0.742188 0.764648 0.743164 0.764648 0.743164 0.763672 0.745117 0.761719 0.745117 0.758789
0 0.167969 0.589844 0.166992 0.59082 0.165039 0.59082 0.164062 0.591797 0.163086 0.591797 0.162109 0.592773 0.161133 0.592773 0.160156 0.59375 0.15918 0.59375 0.158203 0.594727 0.157227 0.594727 0.154297 0.597656 0.154297 0.599609 0.15332 0.600586 0.154297 0.601562 0.154297 0.602539 0.157227 0.605469 0.157227 0.606445 0.15918 0.608398 0.163086 0.608398 0.164062 0.609375 0.173828 0.609375 0.176758 0.606445 0.177734 0.606445 0.179688 0.604492 0.181641 0.604492 0.182617 0.603516 0.182617 0.602539 0.183594 0.601562 0.183594 0.600586 0.18457 0.599609 0.183594 0.598633 0.183594 0.595703 0.182617 0.594727 0.182617 0.59375 0.181641 0.592773 0.181641 0.591797 0.180664 0.59082 0.179688 0.59082 0.178711 0.589844
0 0.967773 0.634766 0.966797 0.635742 0.963867 0.635742 0.962891 0.636719 0.962891 0.637695 0.960938 0.639648 0.960938 0.641602 0.959961 0.642578 0.959961 0.645508 0.958984 0.646484 0.958984 0.65332 0.959961 0.654297 0.959961 0.655273 0.963867 0.65918 0.964844 0.65918 0.96582 0.660156 0.967773 0.660156 0.96875 0.661133 0.973633 0.661133 0.974609 0.660156 0.977539 0.660156 0.978516 0.65918 0.978516 0.658203 0.980469 0.65625 0.980469 0.655273 0.981445 0.654297 0.981445 0.652344 0.982422 0.651367 0.982422 0.640625 0.976562 0.634766
0 0.288086 0.537109 0.287109 0.538086 0.28418 0.538086 0.283203 0.539062 0.282227 0.539062 0.282227 0.546875 0.283203 0.547852 0.283203 0.549805 0.28418 0.550781 0.28418 0.552734 0.288086 0.556641 0.289062 0.556641 0.290039 0.557617 0.291992 0.557617 0.292969 0.558594 0.293945 0.558594 0.294922 0.557617 0.299805 0.557617 0.300781 0.556641 0.301758 0.556641 0.302734 0.555664 0.302734 0.554688 0.303711 0.553711 0.303711 0.552734 0.304688 0.551758 0.304688 0.548828 0.305664 0.547852 0.304688 0.546875 0.304688 0.545898 0.303711 0.544922 0.303711 0.543945 0.296875 0.537109
0 0.864258 0.40918 0.863281 0.410156 0.863281 0.414062 0.864258 0.414062 0.865234 0.415039 0.868164 0.415039 0.868164 0.412109 0.867188 0.411133 0.867188 0.40918
0 0.426758 0.638672 0.425781 0.639648 0.423828 0.639648 0.422852 0.640625 0.421875 0.640625 0.420898 0.641602 0.419922 0.641602 0.416016 0.645508 0.416016 0.648438 0.415039 0.649414 0.415039 0.651367 0.416016 0.652344 0.416016 0.65332 0.416992 0.654297 0.416992 0.655273 0.419922 0.658203 0.420898 0.657227 0.425781 0.657227 0.431641 0.651367 0.431641 0.650391 0.433594 0.648438 0.433594 0.647461 0.43457 0.646484 0.43457 0.642578 0.430664 0.638672
0 0.879883 0.40625 0.878906 0.407227 0.878906 0.408203 0.87793 0.40918 0.87793 0.416016 0.878906 0.416992 0.878906 0.417969 0.879883 0.418945 0.879883 0.419922 0.880859 0.419922 0.881836 0.420898 0.885742 0.420898 0.887695 0.418945 0.888672 0.418945 0.889648 0.417969 0.889648 0.416016 0.890625 0.415039 0.890625 0.407227 0.889648 0.40625
0 0.712891 0.175781 0.711914 0.176758 0.710938 0.176758 0.709961 0.177734 0.708984 0.177734 0.708008 0.178711 0.707031 0.178711 0.703125 0.182617 0.703125 0.183594 0.701172 0.185547 0.701172 0.186523 0.700195 0.1875 0.700195 0.188477 0.701172 0.189453 0.701172 0.193359 0.702148 0.194336 0.702148 0.197266 0.704102 0.199219 0.708984 0.199219 0.709961 0.200195 0.712891 0.200195 0.712891 0.199219 0.717773 0.194336 0.717773 0.193359 0.720703 0.19043 0.720703 0.189453 0.72168 0.188477 0.72168 0.1875 0.722656 0.186523 0.722656 0.182617 0.72168 0.181641 0.72168 0.180664 0.719727 0.178711 0.719727 0.177734 0.71875 0.177734 0.716797 0.175781
0 0.857422 0.40625 0.856445 0.407227 0.856445 0.408203 0.855469 0.40918 0.855469 0.413086 0.860352 0.413086 0.861328 0.412109 0.861328 0.407227 0.860352 0.40625
0 0.141602 0.530273 0.139648 0.532227 0.138672 0.532227 0.137695 0.533203 0.137695 0.539062 0.139648 0.539062 0.140625 0.538086 0.142578 0.538086 0.143555 0.537109 0.144531 0.537109 0.144531 0.53125 0.143555 0.530273
0 0.265625 0.46582 0.265625 0.469727 0.269531 0.469727 0.269531 0.466797 0.268555 0.46582
0 0.813477 0.594727 0.80957 0.598633 0.80957 0.599609 0.808594 0.600586 0.808594 0.602539 0.807617 0.603516 0.807617 0.607422 0.808594 0.608398 0.80957 0.608398 0.810547 0.609375 0.819336 0.609375 0.820312 0.608398 0.821289 0.608398 0.822266 0.607422 0.823242 0.607422 0.828125 0.602539 0.828125 0.598633 0.829102 0.597656 0.828125 0.59668 0.828125 0.595703 0.827148 0.595703 0.826172 0.594727
0 0.662109 0.609375 0.661133 0.610352 0.661133 0.611328 0.660156 0.612305 0.660156 0.614258 0.65918 0.615234 0.65918 0.617188 0.665039 0.617188 0.667969 0.614258 0.667969 0.611328 0.666016 0.609375
0 0.761719 0.741211 0.760742 0.742188 0.760742 0.74707 0.761719 0.74707 0.762695 0.748047 0.765625 0.748047 0.766602 0.749023 0.770508 0.749023 0.770508 0.74707 0.769531 0.746094 0.769531 0.745117 0.768555 0.745117 0.767578 0.744141 0.767578 0.743164 0.765625 0.741211
0 0.973633 0.412109 0.972656 0.413086 0.97168 0.413086 0.970703 0.414062 0.969727 0.414062 0.96875 0.415039 0.966797 0.415039 0.96582 0.416016 0.964844 0.416016 0.964844 0.416992 0.962891 0.418945 0.962891 0.421875 0.966797 0.421875 0.967773 0.422852 0.970703 0.422852 0.973633 0.425781 0.974609 0.425781 0.975586 0.426758 0.975586 0.432617 0.976562 0.432617 0.977539 0.431641 0.981445 0.431641 0.982422 0.430664 0.983398 0.430664 0.984375 0.429688 0.985352 0.429688 0.986328 0.428711 0.986328 0.427734 0.987305 0.426758 0.987305 0.420898 0.986328 0.419922 0.986328 0.418945 0.982422 0.415039 0.982422 0.414062 0.981445 0.413086 0.977539 0.413086 0.976562 0.412109
0 0.366211 0.665039 0.366211 0.666992 0.365234 0.667969 0.365234 0.673828 0.366211 0.674805 0.366211 0.676758 0.370117 0.676758 0.370117 0.675781 0.371094 0.674805 0.371094 0.665039
0 0.336914 0.613281 0.334961 0.615234 0.333984 0.615234 0.331055 0.618164 0.331055 0.62207 0.332031 0.623047 0.332031 0.628906 0.333008 0.629883 0.330078 0.632812 0.330078 0.633789 0.329102 0.634766 0.329102 0.636719 0.328125 0.637695 0.328125 0.646484 0.329102 0.647461 0.330078 0.647461 0.331055 0.648438 0.332031 0.648438 0.333008 0.649414 0.339844 0.649414 0.342773 0.646484 0.34375 0.646484 0.345703 0.644531 0.345703 0.643555 0.347656 0.641602 0.347656 0.631836 0.348633 0.630859 0.348633 0.625 0.347656 0.624023 0.347656 0.623047 0.34668 0.62207 0.34668 0.620117 0.345703 0.619141 0.345703 0.618164 0.341797 0.614258 0.339844 0.614258 0.338867 0.613281
0 0.796875 0.207031 0.795898 0.208008 0.794922 0.208008 0.793945 0.208984 0.792969 0.208984 0.792969 0.209961 0.791992 0.210938 0.791992 0.211914 0.791016 0.212891 0.791016 0.213867 0.791992 0.214844 0.791992 0.216797 0.792969 0.216797 0.793945 0.217773 0.794922 0.217773 0.795898 0.21875 0.797852 0.21875 0.798828 0.219727 0.801758 0.219727 0.802734 0.21875 0.804688 0.21875 0.807617 0.21582 0.807617 0.210938 0.804688 0.208008 0.802734 0.208008 0.801758 0.207031
0 0.174805 0.15332 0.170898 0.157227 0.170898 0.158203 0.169922 0.15918 0.169922 0.166992 0.170898 0.167969 0.170898 0.168945 0.171875 0.169922 0.171875 0.170898 0.175781 0.174805 0.176758 0.174805 0.177734 0.175781 0.178711 0.175781 0.179688 0.176758 0.182617 0.176758 0.183594 0.177734 0.185547 0.177734 0.186523 0.176758 0.1875 0.176758 0.19043 0.173828 0.19043 0.166992 0.189453 0.166016 0.189453 0.163086 0.186523 0.160156 0.186523 0.15918 0.185547 0.158203 0.185547 0.157227 0.18457 0.157227 0.182617 0.155273 0.181641 0.155273 0.180664 0.154297 0.179688 0.154297 0.178711 0.15332
0 0.717773 0.330078 0.716797 0.331055 0.716797 0.335938 0.717773 0.336914 0.71875 0.336914 0.719727 0.337891 0.719727 0.342773 0.716797 0.345703 0.71582 0.345703 0.71582 0.347656 0.714844 0.348633 0.714844 0.350586 0.713867 0.351562 0.713867 0.353516 0.716797 0.356445 0.723633 0.356445 0.725586 0.354492 0.727539 0.354492 0.728516 0.353516 0.729492 0.353516 0.730469 0.352539 0.731445 0.352539 0.731445 0.351562 0.734375 0.348633 0.734375 0.347656 0.735352 0.34668 0.735352 0.345703 0.736328 0.344727 0.736328 0.34375 0.737305 0.342773 0.737305 0.338867 0.736328 0.337891 0.736328 0.333984 0.735352 0.333984 0.734375 0.333008 0.731445 0.333008 0.730469 0.332031 0.729492 0.332031 0.728516 0.331055 0.726562 0.331055 0.725586 0.330078
