0 0.996094 0.699219 0.988281 0.707031 0.988281 0.742188 0.996094 0.75
0 0.566406 0.976562 0.5625 0.980469 0.5625 0.996094 0.613281 0.996094 0.613281 0.992188 0.609375 0.988281 0.605469 0.988281 0.597656 0.980469 0.59375 0.980469 0.589844 0.976562
0 0.234375 0.929688 0.230469 0.933594 0.230469 0.953125 0.234375 0.957031 0.234375 0.960938 0.246094 0.972656 0.257812 0.972656 0.265625 0.964844 0.265625 0.949219 0.261719 0.945312 0.261719 0.941406 0.25 0.929688
0 0.226562 0.359375 0.222656 0.363281 0.222656 0.367188 0.21875 0.371094 0.21875 0.410156 0.230469 0.421875 0.242188 0.421875 0.25 0.414062 0.25 0.367188 0.242188 0.359375
0 0.140625 0.0390625 0.105469 0.0742188 0.105469 0.078125 0.101562 0.0820312 0.101562 0.0859375 0.0976562 0.0898438 0.0976562 0.09375 0.09375 0.0976562 0.09375 0.105469 0.0898438 0.109375 0.0898438 0.132812 0.09375 0.136719 0.09375 0.144531 0.0976562 0.148438 0.101562 0.148438 0.105469 0.152344 0.125 0.152344 0.128906 0.148438 0.132812 0.148438 0.152344 0.128906 0.152344 0.125 0.160156 0.117188 0.160156 0.109375 0.164062 0.105469 0.164062 0.101562 0.167969 0.0976562 0.167969 0.09375 0.175781 0.0859375 0.175781 0.0625 0.164062 0.0507812 0.164062 0.046875 0.15625 0.0390625
0 0.855469 0.421875 0.851562 0.425781 0.839844 0.425781 0.832031 0.433594 0.832031 0.449219 0.839844 0.457031 0.867188 0.457031 0.871094 0.453125 0.875 0.453125 0.878906 0.449219 0.878906 0.429688 0.875 0.425781 0.871094 0.425781 0.867188 0.421875
0 0.941406 0.988281 0.9375 0.992188 0.929688 0.992188 0.925781 0.996094 0.976562 0.996094 0.96875 0.988281
0 0.925781 0.253906 0.917969 0.261719 0.917969 0.285156 0.921875 0.289062 0.921875 0.292969 0.925781 0.296875 0.929688 0.296875 0.933594 0.300781 0.949219 0.300781 0.953125 0.296875 0.953125 0.273438 0.949219 0.269531 0.949219 0.265625 0.9375 0.253906
0 0.894531 0.53125 0.886719 0.539062 0.886719 0.546875 0.898438 0.558594 0.90625 0.558594 0.910156 0.5625 0.925781 0.5625 0.933594 0.554688 0.933594 0.546875 0.929688 0.542969 0.929688 0.539062 0.925781 0.535156 0.921875 0.535156 0.917969 0.53125
0 0.0234375 0.621094 0.0195312 0.625 0.015625 0.625 0.0117188 0.628906 0.0117188 0.636719 0.0078125 0.640625 0.0078125 0.648438 0.0117188 0.652344 0.0117188 0.664062 0.015625 0.667969 0.015625 0.671875 0.0234375 0.679688 0.0351562 0.679688 0.046875 0.667969 0.046875 0.644531 0.0429688 0.640625 0.0429688 0.636719 0.0390625 0.632812 0.0390625 0.628906 0.0351562 0.625 0.03125 0.625 0.0273438 0.621094
0 0.355469 0.828125 0.34375 0.839844 0.34375 0.867188 0.347656 0.871094 0.347656 0.875 0.359375 0.886719 0.378906 0.886719 0.382812 0.882812 0.382812 0.878906 0.386719 0.875 0.386719 0.855469 0.382812 0.851562 0.382812 0.847656 0.378906 0.84375 0.378906 0.839844 0.367188 0.828125
0 0.144531 0.628906 0.136719 0.636719 0.136719 0.660156 0.148438 0.671875 0.152344 0.671875 0.15625 0.675781 0.164062 0.675781 0.171875 0.667969 0.171875 0.644531 0.167969 0.640625 0.167969 0.636719 0.160156 0.628906
0 0.449219 0.046875 0.445312 0.0507812 0.433594 0.0507812 0.429688 0.0546875 0.421875 0.0546875 0.414062 0.0625 0.410156 0.0625 0.40625 0.0664062 0.40625 0.0703125 0.402344 0.0742188 0.402344 0.0898438 0.40625 0.09375 0.414062 0.09375 0.417969 0.0976562 0.4375 0.0976562 0.441406 0.09375 0.449219 0.09375 0.464844 0.078125 0.464844 0.0742188 0.46875 0.0703125 0.46875 0.0625 0.464844 0.0585938 0.464844 0.0546875 0.460938 0.0507812 0.457031 0.0507812 0.453125 0.046875
0 0.570312 0.382812 0.5625 0.390625 0.5625 0.398438 0.558594 0.402344 0.558594 0.40625 0.5625 0.410156 0.5625 0.417969 0.566406 0.421875 0.566406 0.425781 0.582031 0.441406 0.585938 0.441406 0.589844 0.445312 0.609375 0.445312 0.617188 0.4375 0.617188 0.433594 0.621094 0.429688 0.621094 0.421875 0.617188 0.417969 0.617188 0.414062 0.613281 0.410156 0.613281 0.40625 0.59375 0.386719 0.582031 0.386719 0.578125 0.382812
0 0.160156 0.4375 0.152344 0.445312 0.152344 0.449219 0.148438 0.453125 0.148438 0.460938 0.144531 0.464844 0.144531 0.480469 0.148438 0.484375 0.148438 0.492188 0.152344 0.496094 0.167969 0.496094 0.171875 0.492188 0.171875 0.488281 0.175781 0.484375 0.175781 0.460938 0.171875 0.457031 0.171875 0.449219 0.167969 0.445312 0.167969 0.441406 0.164062 0.4375
0 0.015625 0.726562 0.0078125 0.734375 0.0078125 0.761719 0.0117188 0.765625 0.0117188 0.769531 0.015625 0.773438 0.0351562 0.773438 0.0429688 0.765625 0.0429688 0.734375 0.0351562 0.726562
0 0.195312 0.542969 0.1875 0.550781 0.1875 0.578125 0.191406 0.582031 0.195312 0.582031 0.199219 0.585938 0.207031 0.585938 0.21875 0.574219 0.21875 0.550781 0.210938 0.542969
0 0.429688 0.429688 0.425781 0.433594 0.425781 0.476562 0.429688 0.480469 0.429688 0.484375 0.433594 0.488281 0.441406 0.488281 0.449219 0.480469 0.449219 0.476562 0.453125 0.472656 0.453125 0.453125 0.449219 0.449219 0.449219 0.445312 0.445312 0.441406 0.445312 0.4375 0.4375 0.429688
0 0.65625 0.933594 0.652344 0.9375 0.652344 0.957031 0.664062 0.96875 0.671875 0.96875 0.675781 0.972656 0.679688 0.972656 0.683594 0.976562 0.6875 0.976562 0.695312 0.96875 0.695312 0.964844 0.699219 0.960938 0.699219 0.957031 0.695312 0.953125 0.695312 0.949219 0.679688 0.933594
0 0.277344 0.410156 0.273438 0.414062 0.273438 0.417969 0.269531 0.421875 0.269531 0.449219 0.273438 0.453125 0.273438 0.457031 0.28125 0.464844 0.289062 0.464844 0.292969 0.46875 0.296875 0.46875 0.304688 0.460938 0.304688 0.457031 0.308594 0.453125 0.308594 0.421875 0.304688 0.417969 0.304688 0.414062 0.300781 0.410156
0 0.109375 0.742188 0.105469 0.746094 0.105469 0.753906 0.101562 0.757812 0.101562 0.777344 0.105469 0.78125 0.105469 0.785156 0.109375 0.789062 0.109375 0.792969 0.121094 0.804688 0.136719 0.804688 0.140625 0.800781 0.144531 0.800781 0.148438 0.796875 0.148438 0.765625 0.144531 0.761719 0.144531 0.757812 0.140625 0.753906 0.140625 0.75 0.132812 0.742188
0 0.640625 0.726562 0.636719 0.730469 0.632812 0.730469 0.625 0.738281 0.625 0.753906 0.632812 0.761719 0.65625 0.761719 0.660156 0.765625 0.675781 0.765625 0.679688 0.761719 0.6875 0.761719 0.695312 0.753906 0.695312 0.742188 0.691406 0.738281 0.691406 0.734375 0.6875 0.730469 0.675781 0.730469 0.671875 0.726562
0 0.734375 0.667969 0.726562 0.675781 0.726562 0.691406 0.734375 0.699219 0.765625 0.699219 0.777344 0.6875 0.777344 0.675781 0.773438 0.671875 0.769531 0.671875 0.765625 0.667969
0 0.496094 0.566406 0.484375 0.578125 0.484375 0.589844 0.488281 0.59375 0.492188 0.59375 0.496094 0.597656 0.519531 0.597656 0.523438 0.59375 0.527344 0.59375 0.53125 0.589844 0.53125 0.585938 0.535156 0.582031 0.535156 0.578125 0.527344 0.570312 0.519531 0.570312 0.515625 0.566406
0 0.40625 0.222656 0.402344 0.226562 0.398438 0.226562 0.390625 0.234375 0.390625 0.25 0.394531 0.253906 0.398438 0.253906 0.40625 0.261719 0.414062 0.261719 0.417969 0.265625 0.433594 0.265625 0.4375 0.261719 0.445312 0.261719 0.457031 0.25 0.457031 0.238281 0.445312 0.226562 0.4375 0.226562 0.433594 0.222656
0 0.253906 0.6875 0.25 0.691406 0.25 0.695312 0.246094 0.699219 0.246094 0.703125 0.242188 0.707031 0.242188 0.710938 0.246094 0.714844 0.246094 0.730469 0.25 0.734375 0.253906 0.734375 0.257812 0.738281 0.265625 0.738281 0.277344 0.726562 0.277344 0.722656 0.28125 0.71875 0.28125 0.707031 0.277344 0.703125 0.277344 0.695312 0.269531 0.6875
0 0.773438 0.894531 0.765625 0.902344 0.765625 0.90625 0.761719 0.910156 0.761719 0.921875 0.773438 0.933594 0.785156 0.933594 0.789062 0.9375 0.800781 0.9375 0.804688 0.933594 0.8125 0.933594 0.824219 0.921875 0.824219 0.917969 0.820312 0.914062 0.820312 0.910156 0.808594 0.898438 0.804688 0.898438 0.800781 0.894531
0 0.496094 0.101562 0.492188 0.105469 0.488281 0.105469 0.484375 0.109375 0.484375 0.125 0.488281 0.128906 0.488281 0.132812 0.492188 0.136719 0.5 0.136719 0.503906 0.140625 0.515625 0.140625 0.519531 0.136719 0.523438 0.136719 0.527344 0.132812 0.53125 0.132812 0.539062 0.125 0.539062 0.109375 0.53125 0.101562
0 0.335938 0.402344 0.328125 0.410156 0.328125 0.414062 0.324219 0.417969 0.324219 0.441406 0.339844 0.457031 0.34375 0.457031 0.347656 0.460938 0.351562 0.460938 0.363281 0.449219 0.363281 0.433594 0.359375 0.429688 0.359375 0.425781 0.351562 0.417969 0.351562 0.410156 0.34375 0.402344
0 0.753906 0.222656 0.738281 0.238281 0.738281 0.242188 0.734375 0.246094 0.734375 0.253906 0.730469 0.257812 0.730469 0.269531 0.738281 0.277344 0.753906 0.277344 0.757812 0.273438 0.761719 0.273438 0.769531 0.265625 0.769531 0.261719 0.773438 0.257812 0.773438 0.246094 0.777344 0.242188 0.777344 0.234375 0.765625 0.222656
0 0.636719 0.0390625 0.632812 0.0429688 0.621094 0.0429688 0.609375 0.0546875 0.609375 0.0664062 0.617188 0.0742188 0.632812 0.0742188 0.636719 0.0703125 0.640625 0.0703125 0.644531 0.0664062 0.648438 0.0664062 0.660156 0.0546875 0.660156 0.046875 0.652344 0.0390625
0 0.71875 0.382812 0.710938 0.390625 0.710938 0.402344 0.722656 0.414062 0.730469 0.414062 0.734375 0.417969 0.753906 0.417969 0.757812 0.414062 0.757812 0.410156 0.761719 0.40625 0.761719 0.402344 0.75 0.390625 0.746094 0.390625 0.742188 0.386719 0.738281 0.386719 0.734375 0.382812
0 0.503906 0.9375 0.496094 0.945312 0.496094 0.960938 0.507812 0.972656 0.511719 0.972656 0.515625 0.976562 0.53125 0.976562 0.539062 0.96875 0.539062 0.964844 0.542969 0.960938 0.542969 0.953125 0.539062 0.949219 0.539062 0.945312 0.535156 0.941406 0.53125 0.941406 0.527344 0.9375
