0 0.265625 0.449219 0.265625 0.472656 0.269531 0.476562 0.292969 0.476562 0.296875 0.472656 0.3125 0.472656 0.320312 0.464844 0.324219 0.464844 0.324219 0.457031 0.320312 0.457031 0.3125 0.449219 0.289062 0.449219 0.285156 0.453125 0.28125 0.449219
0 0.847656 0.808594 0.824219 0.832031 0.824219 0.859375 0.828125 0.863281 0.828125 0.867188 0.835938 0.875 0.84375 0.875 0.847656 0.878906 0.855469 0.878906 0.859375 0.882812 0.867188 0.882812 0.871094 0.878906 0.875 0.878906 0.882812 0.871094 0.882812 0.863281 0.886719 0.859375 0.886719 0.839844 0.882812 0.835938 0.882812 0.828125 0.878906 0.824219 0.878906 0.820312 0.871094 0.8125 0.863281 0.8125 0.859375 0.808594
0 0.488281 0.574219 0.480469 0.582031 0.476562 0.582031 0.472656 0.585938 0.472656 0.589844 0.46875 0.59375 0.46875 0.621094 0.480469 0.632812 0.496094 0.632812 0.507812 0.621094 0.507812 0.609375 0.511719 0.605469 0.511719 0.589844 0.507812 0.585938 0.507812 0.578125 0.503906 0.578125 0.5 0.574219
0 0.492188 0.359375 0.488281 0.363281 0.484375 0.363281 0.480469 0.367188 0.480469 0.371094 0.476562 0.375 0.476562 0.394531 0.472656 0.398438 0.476562 0.402344 0.476562 0.414062 0.484375 0.421875 0.484375 0.425781 0.5 0.441406 0.503906 0.441406 0.507812 0.445312 0.523438 0.445312 0.527344 0.441406 0.53125 0.441406 0.539062 0.433594 0.539062 0.429688 0.542969 0.425781 0.542969 0.390625 0.539062 0.386719 0.539062 0.382812 0.519531 0.363281 0.515625 0.363281 0.511719 0.359375
0 0.1875 0.300781 0.183594 0.304688 0.175781 0.304688 0.171875 0.308594 0.167969 0.308594 0.164062 0.3125 0.164062 0.316406 0.160156 0.320312 0.160156 0.335938 0.15625 0.339844 0.160156 0.34375 0.160156 0.355469 0.164062 0.359375 0.164062 0.367188 0.167969 0.371094 0.171875 0.371094 0.175781 0.375 0.203125 0.375 0.207031 0.371094 0.222656 0.371094 0.222656 0.367188 0.226562 0.363281 0.226562 0.355469 0.230469 0.351562 0.230469 0.328125 0.226562 0.324219 0.226562 0.320312 0.214844 0.308594 0.210938 0.308594 0.207031 0.304688 0.191406 0.304688
0 0.351562 0.730469 0.320312 0.761719 0.320312 0.773438 0.324219 0.777344 0.324219 0.785156 0.328125 0.789062 0.332031 0.789062 0.335938 0.792969 0.355469 0.792969 0.363281 0.785156 0.367188 0.785156 0.371094 0.78125 0.375 0.78125 0.382812 0.773438 0.382812 0.769531 0.386719 0.765625 0.386719 0.753906 0.382812 0.75 0.382812 0.746094 0.378906 0.742188 0.378906 0.738281 0.375 0.734375 0.371094 0.734375 0.367188 0.730469
0 0.398438 0.4375 0.394531 0.441406 0.394531 0.46875 0.398438 0.472656 0.398438 0.476562 0.410156 0.488281 0.417969 0.488281 0.421875 0.492188 0.4375 0.492188 0.4375 0.488281 0.441406 0.484375 0.441406 0.480469 0.445312 0.476562 0.445312 0.46875 0.441406 0.464844 0.441406 0.460938 0.433594 0.453125 0.433594 0.449219 0.429688 0.449219 0.421875 0.441406 0.417969 0.441406 0.414062 0.4375
0 0.0351562 0.394531 0.0273438 0.402344 0.0273438 0.40625 0.0234375 0.410156 0.0234375 0.445312 0.03125 0.453125 0.0351562 0.453125 0.0390625 0.457031 0.046875 0.457031 0.0507812 0.460938 0.0703125 0.460938 0.0742188 0.457031 0.0742188 0.4375 0.078125 0.433594 0.078125 0.417969 0.0742188 0.417969 0.0625 0.40625 0.0625 0.398438 0.0664062 0.394531
0 0.953125 0.121094 0.949219 0.125 0.945312 0.125 0.941406 0.128906 0.941406 0.132812 0.9375 0.136719 0.9375 0.140625 0.933594 0.144531 0.933594 0.152344 0.9375 0.15625 0.933594 0.160156 0.9375 0.164062 0.9375 0.175781 0.957031 0.195312 0.960938 0.195312 0.964844 0.199219 0.984375 0.199219 0.996094 0.1875 0.996094 0.132812 0.992188 0.128906 0.988281 0.128906 0.984375 0.125 0.976562 0.125 0.972656 0.121094
0 0.0898438 0.410156 0.0820312 0.417969 0.0820312 0.445312 0.09375 0.457031 0.117188 0.457031 0.121094 0.453125 0.121094 0.445312 0.117188 0.441406 0.117188 0.429688 0.109375 0.421875 0.109375 0.414062 0.105469 0.410156
0 0.0703125 0.378906 0.0664062 0.382812 0.0664062 0.390625 0.0703125 0.394531 0.0664062 0.398438 0.0664062 0.40625 0.0742188 0.414062 0.0820312 0.414062 0.0898438 0.40625 0.105469 0.40625 0.105469 0.390625 0.101562 0.386719 0.101562 0.382812 0.0976562 0.378906
