0 0.933594 0.492188 0.929688 0.496094 0.925781 0.496094 0.917969 0.503906 0.914062 0.503906 0.914062 0.507812 0.910156 0.511719 0.910156 0.515625 0.914062 0.519531 0.914062 0.523438 0.917969 0.523438 0.921875 0.527344 0.925781 0.523438 0.933594 0.523438 0.941406 0.515625 0.945312 0.515625 0.945312 0.511719 0.949219 0.507812 0.949219 0.5 0.941406 0.492188
0 0.359375 0.0351562 0.355469 0.0390625 0.34375 0.0390625 0.332031 0.0507812 0.332031 0.0664062 0.335938 0.0703125 0.335938 0.0859375 0.34375 0.09375 0.347656 0.09375 0.351562 0.0976562 0.351562 0.101562 0.355469 0.105469 0.359375 0.105469 0.367188 0.113281 0.390625 0.113281 0.390625 0.109375 0.398438 0.101562 0.398438 0.0742188 0.394531 0.0703125 0.394531 0.0664062 0.390625 0.0625 0.390625 0.0585938 0.375 0.0429688 0.371094 0.0429688 0.367188 0.0390625 0.363281 0.0390625
0 0.152344 0.226562 0.144531 0.234375 0.144531 0.25 0.148438 0.253906 0.152344 0.253906 0.15625 0.257812 0.167969 0.257812 0.167969 0.253906 0.175781 0.246094 0.175781 0.238281 0.171875 0.234375 0.171875 0.230469 0.167969 0.226562
0 0.90625 0.777344 0.902344 0.78125 0.902344 0.785156 0.898438 0.789062 0.902344 0.792969 0.902344 0.796875 0.921875 0.816406 0.925781 0.816406 0.929688 0.820312 0.945312 0.820312 0.953125 0.8125 0.953125 0.796875 0.941406 0.785156 0.9375 0.785156 0.933594 0.78125 0.929688 0.78125 0.925781 0.777344
0 0.714844 0.421875 0.710938 0.425781 0.703125 0.425781 0.699219 0.429688 0.695312 0.429688 0.6875 0.4375 0.6875 0.453125 0.695312 0.460938 0.703125 0.460938 0.707031 0.464844 0.730469 0.464844 0.734375 0.460938 0.738281 0.460938 0.75 0.449219 0.75 0.433594 0.738281 0.421875
0 0.519531 0.816406 0.515625 0.820312 0.515625 0.824219 0.511719 0.828125 0.511719 0.851562 0.515625 0.855469 0.515625 0.863281 0.523438 0.871094 0.523438 0.875 0.53125 0.882812 0.535156 0.882812 0.542969 0.890625 0.566406 0.890625 0.570312 0.886719 0.570312 0.882812 0.574219 0.878906 0.574219 0.867188 0.570312 0.863281 0.570312 0.851562 0.566406 0.847656 0.566406 0.84375 0.554688 0.832031 0.554688 0.828125 0.550781 0.824219 0.546875 0.824219 0.542969 0.820312 0.539062 0.820312 0.535156 0.816406
0 0.144531 0.0390625 0.140625 0.0429688 0.136719 0.0429688 0.136719 0.046875 0.132812 0.0507812 0.132812 0.0585938 0.136719 0.0625 0.136719 0.0664062 0.148438 0.078125 0.15625 0.078125 0.160156 0.0742188 0.164062 0.0742188 0.167969 0.0703125 0.167969 0.0507812 0.160156 0.0429688 0.15625 0.0429688 0.152344 0.0390625
0 0.445312 0.925781 0.441406 0.929688 0.4375 0.929688 0.429688 0.9375 0.429688 0.960938 0.4375 0.96875 0.453125 0.96875 0.457031 0.964844 0.460938 0.964844 0.464844 0.960938 0.464844 0.957031 0.46875 0.953125 0.46875 0.949219 0.472656 0.945312 0.472656 0.941406 0.46875 0.9375 0.46875 0.933594 0.460938 0.925781
0 0.101562 0.457031 0.0976562 0.460938 0.09375 0.460938 0.0898438 0.464844 0.0898438 0.46875 0.0859375 0.472656 0.0859375 0.484375 0.0898438 0.488281 0.0898438 0.492188 0.101562 0.503906 0.105469 0.503906 0.109375 0.507812 0.117188 0.507812 0.121094 0.511719 0.125 0.511719 0.128906 0.515625 0.15625 0.515625 0.164062 0.507812 0.164062 0.492188 0.160156 0.488281 0.160156 0.484375 0.144531 0.46875 0.140625 0.46875 0.128906 0.457031
0 0.757812 0.175781 0.753906 0.179688 0.75 0.179688 0.75 0.1875 0.746094 0.191406 0.746094 0.210938 0.75 0.214844 0.75 0.21875 0.753906 0.222656 0.761719 0.222656 0.765625 0.226562 0.777344 0.226562 0.777344 0.222656 0.785156 0.214844 0.785156 0.179688 0.777344 0.179688 0.773438 0.175781
0 0.445312 0.15625 0.441406 0.160156 0.429688 0.160156 0.425781 0.164062 0.421875 0.164062 0.410156 0.175781 0.40625 0.175781 0.40625 0.179688 0.402344 0.183594 0.402344 0.203125 0.410156 0.210938 0.414062 0.210938 0.417969 0.214844 0.460938 0.214844 0.464844 0.210938 0.46875 0.210938 0.472656 0.207031 0.476562 0.207031 0.484375 0.199219 0.484375 0.171875 0.472656 0.160156 0.464844 0.160156 0.460938 0.15625
0 0.878906 0.421875 0.875 0.425781 0.871094 0.425781 0.867188 0.429688 0.863281 0.429688 0.859375 0.433594 0.859375 0.4375 0.867188 0.445312 0.890625 0.445312 0.890625 0.441406 0.894531 0.4375 0.894531 0.429688 0.886719 0.421875
0 0.886719 0.335938 0.882812 0.339844 0.867188 0.339844 0.867188 0.359375 0.871094 0.363281 0.871094 0.367188 0.875 0.371094 0.878906 0.371094 0.882812 0.375 0.886719 0.375 0.890625 0.378906 0.890625 0.375 0.898438 0.367188 0.898438 0.363281 0.902344 0.359375 0.902344 0.347656 0.894531 0.339844 0.890625 0.339844
0 0.75 0.144531 0.746094 0.148438 0.742188 0.148438 0.738281 0.152344 0.734375 0.152344 0.734375 0.171875 0.777344 0.171875 0.777344 0.167969 0.78125 0.164062 0.78125 0.148438 0.777344 0.144531
0 0.238281 0.261719 0.234375 0.265625 0.230469 0.265625 0.230469 0.269531 0.226562 0.273438 0.226562 0.277344 0.230469 0.28125 0.230469 0.285156 0.242188 0.296875 0.25 0.296875 0.253906 0.300781 0.261719 0.300781 0.269531 0.292969 0.269531 0.28125 0.265625 0.277344 0.265625 0.273438 0.253906 0.261719
0 0.347656 0.378906 0.328125 0.398438 0.328125 0.402344 0.324219 0.40625 0.324219 0.410156 0.320312 0.414062 0.320312 0.425781 0.324219 0.429688 0.324219 0.4375 0.328125 0.441406 0.328125 0.445312 0.332031 0.445312 0.335938 0.449219 0.351562 0.449219 0.363281 0.4375 0.363281 0.433594 0.367188 0.429688 0.367188 0.425781 0.371094 0.421875 0.371094 0.414062 0.375 0.410156 0.375 0.398438 0.371094 0.394531 0.371094 0.386719 0.367188 0.382812 0.367188 0.378906
