0 0.359375 0.0820312 0.347656 0.09375 0.347656 0.101562 0.34375 0.105469 0.34375 0.113281 0.359375 0.128906 0.363281 0.128906 0.367188 0.132812 0.371094 0.132812 0.375 0.136719 0.382812 0.136719 0.386719 0.140625 0.40625 0.140625 0.417969 0.128906 0.417969 0.109375 0.40625 0.0976562 0.402344 0.0976562 0.398438 0.09375 0.390625 0.09375 0.386719 0.0898438 0.382812 0.0898438 0.378906 0.0859375 0.375 0.0859375 0.371094 0.0820312
0 0.765625 0.273438 0.761719 0.277344 0.757812 0.277344 0.753906 0.28125 0.75 0.28125 0.738281 0.292969 0.738281 0.308594 0.742188 0.3125 0.746094 0.3125 0.75 0.316406 0.765625 0.316406 0.769531 0.3125 0.773438 0.3125 0.78125 0.304688 0.78125 0.300781 0.785156 0.296875 0.785156 0.28125 0.78125 0.277344 0.773438 0.277344 0.769531 0.273438
0 0.78125 0.453125 0.777344 0.457031 0.773438 0.457031 0.761719 0.46875 0.761719 0.472656 0.757812 0.476562 0.757812 0.496094 0.769531 0.507812 0.777344 0.507812 0.78125 0.503906 0.785156 0.503906 0.804688 0.484375 0.804688 0.457031 0.800781 0.453125
0 0.15625 0.109375 0.152344 0.113281 0.144531 0.113281 0.140625 0.117188 0.140625 0.140625 0.144531 0.144531 0.152344 0.144531 0.15625 0.148438 0.183594 0.148438 0.191406 0.140625 0.191406 0.121094 0.179688 0.109375
0 0.628906 0.695312 0.621094 0.703125 0.621094 0.714844 0.628906 0.722656 0.640625 0.710938 0.640625 0.699219 0.636719 0.695312
0 0.8125 0.3125 0.800781 0.324219 0.796875 0.324219 0.773438 0.347656 0.773438 0.363281 0.78125 0.371094 0.792969 0.371094 0.796875 0.367188 0.800781 0.367188 0.832031 0.335938 0.832031 0.332031 0.835938 0.328125 0.835938 0.324219 0.832031 0.320312 0.832031 0.316406 0.828125 0.3125
0 0.972656 0.859375 0.957031 0.875 0.957031 0.882812 0.953125 0.886719 0.953125 0.898438 0.957031 0.902344 0.980469 0.902344 0.988281 0.894531 0.988281 0.890625 0.992188 0.886719 0.992188 0.863281 0.988281 0.859375
0 0.566406 0.179688 0.5625 0.183594 0.550781 0.183594 0.546875 0.1875 0.542969 0.1875 0.535156 0.195312 0.535156 0.214844 0.539062 0.21875 0.574219 0.21875 0.578125 0.214844 0.582031 0.214844 0.585938 0.210938 0.585938 0.1875 0.578125 0.179688
0 0.351562 0.550781 0.347656 0.554688 0.34375 0.554688 0.335938 0.5625 0.335938 0.566406 0.332031 0.570312 0.332031 0.589844 0.339844 0.597656 0.355469 0.597656 0.367188 0.585938 0.367188 0.582031 0.371094 0.578125 0.371094 0.570312 0.363281 0.5625 0.363281 0.558594 0.355469 0.550781
0 0.222656 0.925781 0.21875 0.929688 0.214844 0.929688 0.203125 0.941406 0.203125 0.949219 0.199219 0.953125 0.199219 0.96875 0.203125 0.972656 0.21875 0.972656 0.222656 0.96875 0.226562 0.96875 0.238281 0.957031 0.238281 0.953125 0.242188 0.949219 0.242188 0.933594 0.234375 0.925781
0 0.363281 0.890625 0.359375 0.894531 0.355469 0.894531 0.351562 0.898438 0.351562 0.902344 0.347656 0.90625 0.347656 0.917969 0.355469 0.925781 0.359375 0.925781 0.363281 0.929688 0.375 0.929688 0.390625 0.914062 0.390625 0.902344 0.378906 0.890625
0 0.0898438 0.558594 0.0859375 0.5625 0.0820312 0.5625 0.078125 0.566406 0.0742188 0.566406 0.0585938 0.582031 0.0585938 0.597656 0.0664062 0.605469 0.078125 0.605469 0.0820312 0.601562 0.0859375 0.601562 0.09375 0.59375 0.0976562 0.59375 0.109375 0.582031 0.109375 0.566406 0.105469 0.5625 0.101562 0.5625 0.0976562 0.558594
0 0.789062 0.984375 0.78125 0.992188 0.78125 0.996094 0.8125 0.996094 0.8125 0.988281 0.808594 0.984375
0 0.648438 0 0.648438 0.0078125 0.65625 0.015625 0.675781 0.015625 0.691406 0
0 0.546875 0.417969 0.542969 0.421875 0.539062 0.421875 0.535156 0.425781 0.53125 0.425781 0.519531 0.4375 0.519531 0.453125 0.527344 0.460938 0.539062 0.460938 0.542969 0.457031 0.550781 0.457031 0.558594 0.449219 0.558594 0.445312 0.5625 0.441406 0.5625 0.421875 0.558594 0.417969
0 0.386719 0.984375 0.378906 0.992188 0.378906 0.996094 0.414062 0.996094 0.414062 0.992188 0.410156 0.988281 0.40625 0.988281 0.402344 0.984375
0 0 0.367188 0 0.410156 0.0078125 0.410156 0.0234375 0.394531 0.0234375 0.382812 0.0195312 0.378906 0.0195312 0.375 0.015625 0.371094 0.0117188 0.371094 0.0078125 0.367188
0 0.859375 0.925781 0.855469 0.929688 0.851562 0.929688 0.835938 0.945312 0.835938 0.96875 0.839844 0.972656 0.84375 0.972656 0.847656 0.976562 0.859375 0.976562 0.863281 0.972656 0.867188 0.972656 0.878906 0.960938 0.878906 0.957031 0.882812 0.953125 0.882812 0.933594 0.875 0.925781
0 0.078125 0.0351562 0.0703125 0.0429688 0.0703125 0.0625 0.0742188 0.0664062 0.0742188 0.0703125 0.0820312 0.078125 0.113281 0.078125 0.121094 0.0703125 0.121094 0.0546875 0.109375 0.0429688 0.105469 0.0429688 0.0976562 0.0351562
0 0.910156 0.0664062 0.90625 0.0703125 0.898438 0.0703125 0.894531 0.0742188 0.890625 0.0742188 0.886719 0.078125 0.886719 0.101562 0.894531 0.109375 0.90625 0.109375 0.910156 0.105469 0.914062 0.105469 0.917969 0.101562 0.921875 0.101562 0.925781 0.0976562 0.925781 0.09375 0.929688 0.0898438 0.929688 0.0742188 0.921875 0.0664062
0 0.699219 0.390625 0.695312 0.394531 0.691406 0.394531 0.6875 0.398438 0.683594 0.398438 0.671875 0.410156 0.671875 0.421875 0.679688 0.429688 0.683594 0.429688 0.6875 0.433594 0.695312 0.433594 0.699219 0.429688 0.703125 0.429688 0.710938 0.421875 0.710938 0.414062 0.714844 0.410156 0.714844 0.398438 0.707031 0.390625
0 0.128906 0.1875 0.125 0.191406 0.121094 0.191406 0.109375 0.203125 0.109375 0.222656 0.117188 0.230469 0.148438 0.230469 0.15625 0.222656 0.15625 0.199219 0.148438 0.191406 0.144531 0.191406 0.140625 0.1875
0 0.394531 0.691406 0.390625 0.695312 0.386719 0.695312 0.359375 0.722656 0.359375 0.734375 0.367188 0.742188 0.382812 0.742188 0.386719 0.738281 0.390625 0.738281 0.402344 0.726562 0.402344 0.722656 0.410156 0.714844 0.410156 0.695312 0.40625 0.691406
0 0.742188 0.390625 0.734375 0.398438 0.730469 0.398438 0.714844 0.414062 0.714844 0.429688 0.71875 0.433594 0.71875 0.4375 0.726562 0.445312 0.746094 0.445312 0.75 0.441406 0.753906 0.441406 0.761719 0.433594 0.761719 0.429688 0.765625 0.425781 0.765625 0.421875 0.769531 0.417969 0.769531 0.394531 0.765625 0.390625
0 0.269531 0.199219 0.265625 0.203125 0.261719 0.203125 0.242188 0.222656 0.242188 0.238281 0.25 0.246094 0.253906 0.246094 0.257812 0.242188 0.269531 0.242188 0.273438 0.238281 0.277344 0.238281 0.28125 0.234375 0.285156 0.234375 0.296875 0.222656 0.296875 0.207031 0.289062 0.199219
0 0.28125 0.238281 0.277344 0.242188 0.273438 0.242188 0.265625 0.25 0.265625 0.265625 0.273438 0.273438 0.300781 0.273438 0.304688 0.269531 0.304688 0.265625 0.308594 0.261719 0.308594 0.253906 0.304688 0.25 0.304688 0.246094 0.296875 0.238281
0 0.195312 0.886719 0.191406 0.890625 0.1875 0.890625 0.167969 0.910156 0.167969 0.925781 0.175781 0.933594 0.1875 0.933594 0.191406 0.929688 0.195312 0.929688 0.199219 0.925781 0.203125 0.925781 0.210938 0.917969 0.210938 0.914062 0.214844 0.910156 0.214844 0.894531 0.210938 0.890625 0.207031 0.890625 0.203125 0.886719
0 0.320312 0.878906 0.3125 0.886719 0.308594 0.886719 0.296875 0.898438 0.296875 0.902344 0.292969 0.90625 0.292969 0.914062 0.296875 0.917969 0.300781 0.917969 0.304688 0.921875 0.316406 0.921875 0.320312 0.917969 0.324219 0.917969 0.335938 0.90625 0.335938 0.902344 0.339844 0.898438 0.339844 0.882812 0.335938 0.878906
0 0.722656 0.144531 0.71875 0.148438 0.714844 0.148438 0.710938 0.152344 0.707031 0.152344 0.703125 0.15625 0.703125 0.167969 0.710938 0.175781 0.730469 0.175781 0.742188 0.164062 0.742188 0.148438 0.738281 0.144531
0 0.859375 0.339844 0.851562 0.347656 0.847656 0.347656 0.828125 0.367188 0.828125 0.375 0.820312 0.382812 0.824219 0.386719 0.824219 0.390625 0.832031 0.390625 0.839844 0.382812 0.84375 0.382812 0.847656 0.378906 0.855469 0.378906 0.859375 0.375 0.863281 0.375 0.871094 0.367188 0.871094 0.359375 0.875 0.355469 0.875 0.351562 0.871094 0.347656 0.871094 0.34375 0.867188 0.339844
0 0.9375 0.386719 0.925781 0.398438 0.921875 0.398438 0.898438 0.421875 0.898438 0.425781 0.894531 0.429688 0.894531 0.449219 0.898438 0.453125 0.917969 0.453125 0.921875 0.449219 0.925781 0.449219 0.933594 0.441406 0.9375 0.441406 0.945312 0.433594 0.945312 0.429688 0.953125 0.421875 0.953125 0.417969 0.957031 0.414062 0.957031 0.40625 0.960938 0.402344 0.960938 0.390625 0.957031 0.386719
0 0.53125 0.800781 0.527344 0.804688 0.523438 0.804688 0.515625 0.8125 0.515625 0.816406 0.507812 0.824219 0.507812 0.84375 0.515625 0.851562 0.535156 0.851562 0.546875 0.839844 0.546875 0.835938 0.550781 0.832031 0.550781 0.828125 0.554688 0.824219 0.554688 0.804688 0.550781 0.800781
0 0.558594 0.636719 0.554688 0.640625 0.550781 0.640625 0.539062 0.652344 0.539062 0.65625 0.53125 0.664062 0.53125 0.675781 0.539062 0.683594 0.550781 0.683594 0.554688 0.679688 0.558594 0.679688 0.574219 0.664062 0.574219 0.65625 0.578125 0.652344 0.578125 0.644531 0.570312 0.636719
0 0.757812 0.765625 0.753906 0.769531 0.75 0.769531 0.726562 0.792969 0.726562 0.796875 0.722656 0.800781 0.722656 0.816406 0.726562 0.820312 0.730469 0.820312 0.734375 0.824219 0.75 0.824219 0.753906 0.820312 0.757812 0.820312 0.761719 0.816406 0.761719 0.8125 0.765625 0.808594 0.765625 0.804688 0.773438 0.796875 0.773438 0.789062 0.777344 0.785156 0.777344 0.773438 0.769531 0.765625
0 0.441406 0.519531 0.4375 0.523438 0.429688 0.523438 0.425781 0.527344 0.421875 0.527344 0.40625 0.542969 0.40625 0.546875 0.402344 0.550781 0.402344 0.5625 0.40625 0.566406 0.410156 0.566406 0.414062 0.5625 0.429688 0.5625 0.445312 0.546875 0.449219 0.546875 0.453125 0.542969 0.453125 0.527344 0.445312 0.519531
0 0.53125 0.546875 0.511719 0.566406 0.511719 0.570312 0.507812 0.574219 0.507812 0.589844 0.511719 0.59375 0.511719 0.597656 0.515625 0.601562 0.523438 0.601562 0.535156 0.589844 0.539062 0.589844 0.546875 0.582031 0.546875 0.574219 0.550781 0.570312 0.550781 0.558594 0.546875 0.554688 0.546875 0.550781 0.542969 0.546875
0 0.992188 0.0664062 0.984375 0.0742188 0.980469 0.0742188 0.976562 0.078125 0.976562 0.0976562 0.980469 0.101562 0.984375 0.101562 0.988281 0.105469 0.996094 0.105469 0.996094 0.0664062
0 0 0.511719 0 0.542969 0.00390625 0.542969 0.0117188 0.535156 0.0117188 0.519531 0.00390625 0.511719
0 0.625 0.0507812 0.621094 0.0546875 0.617188 0.0546875 0.605469 0.0664062 0.605469 0.0820312 0.609375 0.0859375 0.617188 0.0859375 0.621094 0.0898438 0.625 0.0898438 0.628906 0.0859375 0.636719 0.0859375 0.648438 0.0742188 0.648438 0.0625 0.636719 0.0507812
0 0.390625 0.0546875 0.386719 0.0585938 0.386719 0.0742188 0.390625 0.078125 0.390625 0.0820312 0.402344 0.09375 0.40625 0.09375 0.414062 0.101562 0.433594 0.101562 0.445312 0.0898438 0.445312 0.078125 0.441406 0.0742188 0.441406 0.0703125 0.4375 0.0664062 0.433594 0.0664062 0.425781 0.0585938 0.421875 0.0585938 0.417969 0.0546875
0 0.0117188 0.636719 0.0078125 0.640625 0 0.640625 0 0.671875 0.00390625 0.675781 0.0234375 0.675781 0.0351562 0.664062 0.0351562 0.644531 0.03125 0.640625 0.0273438 0.640625 0.0234375 0.636719
0 0.644531 0.742188 0.640625 0.746094 0.640625 0.753906 0.644531 0.757812 0.65625 0.757812 0.660156 0.753906 0.660156 0.746094 0.65625 0.742188
0 0.0234375 0.699219 0.0195312 0.703125 0.015625 0.703125 0.0117188 0.707031 0.0078125 0.707031 0.00390625 0.710938 0 0.710938 0 0.734375 0.0195312 0.734375 0.0234375 0.730469 0.0273438 0.730469 0.03125 0.726562 0.0351562 0.726562 0.0390625 0.722656 0.0390625 0.71875 0.0429688 0.714844 0.0429688 0.707031 0.0351562 0.699219
0 0.167969 0.628906 0.15625 0.640625 0.15625 0.644531 0.152344 0.648438 0.152344 0.652344 0.144531 0.660156 0.144531 0.667969 0.148438 0.671875 0.164062 0.671875 0.175781 0.660156 0.179688 0.660156 0.191406 0.648438 0.191406 0.636719 0.183594 0.628906
0 0.976562 0.261719 0.972656 0.265625 0.96875 0.265625 0.960938 0.273438 0.960938 0.277344 0.957031 0.28125 0.957031 0.285156 0.953125 0.289062 0.953125 0.304688 0.960938 0.3125 0.980469 0.3125 0.992188 0.300781 0.992188 0.296875 0.996094 0.292969 0.996094 0.269531 0.988281 0.261719
0 0.421875 0.242188 0.414062 0.25 0.410156 0.25 0.398438 0.261719 0.398438 0.28125 0.402344 0.285156 0.40625 0.285156 0.410156 0.289062 0.425781 0.289062 0.429688 0.285156 0.4375 0.285156 0.445312 0.277344 0.445312 0.273438 0.453125 0.265625 0.453125 0.253906 0.441406 0.242188
0 0 0.117188 0 0.167969 0.0117188 0.167969 0.0234375 0.15625 0.0234375 0.140625 0.0195312 0.136719 0.0195312 0.128906 0.0078125 0.117188
0 0.0703125 0.515625 0.0664062 0.519531 0.0625 0.519531 0.0585938 0.523438 0.0546875 0.523438 0.0507812 0.527344 0.046875 0.527344 0.0429688 0.53125 0.0429688 0.550781 0.046875 0.554688 0.0546875 0.554688 0.0585938 0.558594 0.0664062 0.558594 0.0703125 0.554688 0.078125 0.554688 0.0820312 0.550781 0.0859375 0.550781 0.0976562 0.539062 0.0976562 0.527344 0.09375 0.523438 0.09375 0.519531 0.0898438 0.515625
0 0.449219 0.332031 0.445312 0.335938 0.441406 0.335938 0.4375 0.339844 0.433594 0.339844 0.429688 0.34375 0.429688 0.359375 0.4375 0.367188 0.472656 0.367188 0.476562 0.363281 0.476562 0.355469 0.480469 0.351562 0.480469 0.34375 0.472656 0.335938 0.46875 0.335938 0.464844 0.332031
0 0.128906 0.578125 0.125 0.582031 0.117188 0.582031 0.113281 0.585938 0.109375 0.585938 0.0976562 0.597656 0.09375 0.597656 0.09375 0.621094 0.0976562 0.625 0.117188 0.625 0.121094 0.621094 0.125 0.621094 0.136719 0.609375 0.140625 0.609375 0.152344 0.597656 0.152344 0.582031 0.148438 0.578125
0 0.839844 0.769531 0.828125 0.78125 0.828125 0.785156 0.824219 0.789062 0.824219 0.808594 0.828125 0.8125 0.847656 0.8125 0.863281 0.796875 0.863281 0.792969 0.867188 0.789062 0.867188 0.773438 0.863281 0.769531
0 0.128906 0 0.121094 0.0078125 0.121094 0.03125 0.128906 0.0390625 0.132812 0.0390625 0.136719 0.0429688 0.140625 0.0429688 0.144531 0.046875 0.171875 0.046875 0.179688 0.0390625 0.179688 0.0234375 0.175781 0.0195312 0.171875 0.0195312 0.160156 0.0078125 0.15625 0.0078125 0.152344 0.00390625 0.148438 0.00390625 0.144531 0
0 0.714844 0.734375 0.703125 0.746094 0.703125 0.75 0.699219 0.753906 0.699219 0.777344 0.703125 0.78125 0.707031 0.78125 0.710938 0.785156 0.714844 0.785156 0.71875 0.78125 0.722656 0.78125 0.726562 0.777344 0.726562 0.773438 0.730469 0.769531 0.730469 0.765625 0.738281 0.757812 0.738281 0.742188 0.730469 0.734375
0 0.753906 0.664062 0.75 0.667969 0.75 0.675781 0.753906 0.679688 0.761719 0.679688 0.765625 0.675781 0.765625 0.667969 0.761719 0.664062
0 0.894531 0.476562 0.890625 0.480469 0.890625 0.484375 0.886719 0.488281 0.886719 0.496094 0.882812 0.5 0.882812 0.511719 0.894531 0.523438 0.902344 0.523438 0.914062 0.511719 0.914062 0.503906 0.917969 0.5 0.917969 0.488281 0.914062 0.484375 0.914062 0.480469 0.910156 0.476562
0 0 0.949219 0 0.980469 0.0078125 0.972656 0.0078125 0.953125 0.00390625 0.949219
0 0.152344 0.441406 0.148438 0.445312 0.132812 0.445312 0.128906 0.449219 0.125 0.449219 0.121094 0.453125 0.121094 0.457031 0.117188 0.460938 0.117188 0.476562 0.121094 0.480469 0.128906 0.480469 0.132812 0.484375 0.175781 0.484375 0.179688 0.480469 0.183594 0.480469 0.191406 0.472656 0.191406 0.457031 0.1875 0.453125 0.1875 0.449219 0.183594 0.445312 0.179688 0.445312 0.175781 0.441406
0 0.136719 0.757812 0.132812 0.761719 0.128906 0.761719 0.125 0.765625 0.121094 0.765625 0.113281 0.773438 0.113281 0.777344 0.109375 0.78125 0.109375 0.796875 0.117188 0.804688 0.128906 0.804688 0.132812 0.800781 0.136719 0.800781 0.152344 0.785156 0.152344 0.78125 0.15625 0.777344 0.15625 0.765625 0.148438 0.757812
0 0.335938 0.941406 0.332031 0.945312 0.328125 0.945312 0.324219 0.949219 0.320312 0.949219 0.308594 0.960938 0.308594 0.964844 0.304688 0.96875 0.304688 0.984375 0.308594 0.988281 0.332031 0.988281 0.335938 0.984375 0.339844 0.984375 0.347656 0.976562 0.347656 0.96875 0.351562 0.964844 0.351562 0.949219 0.347656 0.945312 0.34375 0.945312 0.339844 0.941406
0 0.894531 0.816406 0.890625 0.820312 0.886719 0.820312 0.871094 0.835938 0.871094 0.84375 0.867188 0.847656 0.867188 0.851562 0.871094 0.855469 0.871094 0.859375 0.875 0.863281 0.898438 0.863281 0.90625 0.855469 0.90625 0.851562 0.910156 0.847656 0.910156 0.820312 0.90625 0.816406
0 0.136719 0.628906 0.121094 0.644531 0.121094 0.648438 0.113281 0.65625 0.113281 0.667969 0.117188 0.671875 0.136719 0.671875 0.140625 0.667969 0.140625 0.660156 0.148438 0.652344 0.148438 0.648438 0.152344 0.644531 0.152344 0.632812 0.148438 0.628906
0 0.8125 0.808594 0.808594 0.8125 0.804688 0.8125 0.800781 0.816406 0.800781 0.820312 0.796875 0.824219 0.796875 0.828125 0.792969 0.832031 0.792969 0.84375 0.804688 0.855469 0.808594 0.855469 0.8125 0.859375 0.816406 0.859375 0.835938 0.839844 0.835938 0.835938 0.832031 0.832031 0.832031 0.820312 0.820312 0.808594
0 0.742188 0.167969 0.730469 0.179688 0.730469 0.191406 0.734375 0.195312 0.734375 0.199219 0.746094 0.210938 0.757812 0.210938 0.765625 0.203125 0.769531 0.203125 0.777344 0.195312 0.777344 0.191406 0.78125 0.1875 0.78125 0.183594 0.777344 0.179688 0.777344 0.175781 0.769531 0.167969
0 0.339844 0.0507812 0.335938 0.0546875 0.335938 0.0703125 0.339844 0.0742188 0.34375 0.0742188 0.347656 0.078125 0.371094 0.078125 0.378906 0.0703125 0.378906 0.0585938 0.371094 0.0507812
0 0.8125 0.359375 0.808594 0.363281 0.808594 0.375 0.8125 0.378906 0.820312 0.378906 0.824219 0.375 0.824219 0.363281 0.820312 0.359375
0 0.578125 0.300781 0.570312 0.308594 0.566406 0.308594 0.558594 0.316406 0.558594 0.335938 0.5625 0.339844 0.589844 0.339844 0.59375 0.335938 0.597656 0.335938 0.605469 0.328125 0.605469 0.320312 0.609375 0.316406 0.609375 0.3125 0.597656 0.300781
0 0.597656 0.960938 0.59375 0.964844 0.589844 0.964844 0.578125 0.976562 0.578125 0.980469 0.570312 0.988281 0.570312 0.996094 0.613281 0.996094 0.613281 0.96875 0.605469 0.960938
0 0.375 0.945312 0.371094 0.949219 0.367188 0.949219 0.355469 0.960938 0.355469 0.964844 0.351562 0.96875 0.351562 0.980469 0.359375 0.988281 0.378906 0.988281 0.386719 0.980469 0.386719 0.976562 0.390625 0.972656 0.390625 0.949219 0.386719 0.945312
0 0.378906 0.523438 0.367188 0.535156 0.367188 0.539062 0.363281 0.542969 0.363281 0.554688 0.367188 0.558594 0.367188 0.5625 0.371094 0.566406 0.386719 0.566406 0.398438 0.554688 0.398438 0.550781 0.402344 0.546875 0.402344 0.53125 0.394531 0.523438
0 0.800781 0.214844 0.796875 0.21875 0.789062 0.21875 0.785156 0.222656 0.78125 0.222656 0.777344 0.226562 0.773438 0.226562 0.765625 0.234375 0.761719 0.234375 0.757812 0.238281 0.757812 0.25 0.765625 0.257812 0.789062 0.257812 0.792969 0.253906 0.800781 0.253906 0.804688 0.25 0.808594 0.25 0.820312 0.238281 0.820312 0.222656 0.8125 0.214844
0 0.253906 0.742188 0.246094 0.75 0.242188 0.75 0.238281 0.753906 0.238281 0.757812 0.230469 0.765625 0.230469 0.773438 0.238281 0.78125 0.257812 0.78125 0.261719 0.777344 0.265625 0.777344 0.277344 0.765625 0.277344 0.761719 0.28125 0.757812 0.28125 0.75 0.273438 0.742188
0 0.695312 0 0.683594 0.0117188 0.683594 0.0273438 0.691406 0.0351562 0.710938 0.0351562 0.71875 0.0273438 0.722656 0.0273438 0.730469 0.0195312 0.730469 0.015625 0.734375 0.0117188 0.734375 0
0 0 0.566406 0 0.601562 0.00390625 0.597656 0.0078125 0.597656 0.015625 0.589844 0.015625 0.578125 0.00390625 0.566406
0 0.148438 0.335938 0.144531 0.339844 0.140625 0.339844 0.136719 0.34375 0.132812 0.34375 0.128906 0.347656 0.128906 0.371094 0.132812 0.375 0.132812 0.378906 0.136719 0.382812 0.140625 0.382812 0.144531 0.386719 0.152344 0.386719 0.15625 0.390625 0.1875 0.390625 0.203125 0.375 0.203125 0.355469 0.199219 0.351562 0.199219 0.347656 0.191406 0.339844 0.1875 0.339844 0.183594 0.335938
