0 0.678711 0.754883 0.677734 0.755859 0.677734 0.759766 0.678711 0.760742 0.679688 0.760742 0.680664 0.761719 0.683594 0.761719 0.683594 0.759766 0.68457 0.758789 0.68457 0.756836 0.682617 0.754883
0 0.476562 0.508789 0.475586 0.509766 0.475586 0.510742 0.474609 0.511719 0.474609 0.514648 0.475586 0.515625 0.475586 0.518555 0.478516 0.518555 0.479492 0.517578 0.480469 0.517578 0.480469 0.508789
0 0.910156 0.640625 0.90918 0.641602 0.908203 0.641602 0.908203 0.647461 0.90918 0.648438 0.90918 0.649414 0.911133 0.651367 0.915039 0.651367 0.916016 0.650391 0.916016 0.649414 0.917969 0.647461 0.917969 0.641602 0.916992 0.641602 0.916016 0.640625
0 0.783203 0.274414 0.782227 0.275391 0.782227 0.280273 0.783203 0.28125 0.787109 0.28125 0.788086 0.280273 0.789062 0.280273 0.789062 0.276367 0.787109 0.274414
0 0.68457 0.751953 0.683594 0.75293 0.683594 0.754883 0.685547 0.756836 0.685547 0.758789 0.689453 0.758789 0.689453 0.753906 0.6875 0.751953
0 0.167969 0.556641 0.166992 0.557617 0.166016 0.557617 0.164062 0.55957 0.164062 0.564453 0.167969 0.564453 0.168945 0.56543 0.168945 0.566406 0.171875 0.566406 0.172852 0.56543 0.173828 0.56543 0.173828 0.563477 0.172852 0.5625 0.172852 0.560547 0.170898 0.558594 0.170898 0.557617 0.169922 0.556641
0 0.777344 0.275391 0.777344 0.279297 0.77832 0.280273 0.780273 0.280273 0.78125 0.279297 0.78125 0.276367 0.780273 0.276367 0.779297 0.275391
0 0.90918 0.619141 0.908203 0.620117 0.908203 0.623047 0.90918 0.624023 0.90918 0.625 0.912109 0.62793 0.912109 0.629883 0.916992 0.629883 0.916992 0.62793 0.916016 0.626953 0.916016 0.625977 0.915039 0.625 0.915039 0.623047 0.914062 0.62207 0.914062 0.621094 0.912109 0.619141
0 0.982422 0.189453 0.981445 0.19043 0.980469 0.19043 0.979492 0.191406 0.979492 0.192383 0.978516 0.193359 0.978516 0.194336 0.977539 0.195312 0.977539 0.198242 0.976562 0.199219 0.976562 0.204102 0.975586 0.205078 0.975586 0.208008 0.974609 0.208984 0.976562 0.210938 0.976562 0.211914 0.977539 0.212891 0.977539 0.213867 0.978516 0.214844 0.978516 0.216797 0.979492 0.217773 0.979492 0.21875 0.983398 0.21875 0.985352 0.216797 0.986328 0.216797 0.988281 0.214844 0.989258 0.214844 0.993164 0.210938 0.993164 0.209961 0.994141 0.208984 0.994141 0.205078 0.993164 0.204102 0.993164 0.196289 0.992188 0.195312 0.992188 0.192383 0.990234 0.19043 0.990234 0.189453
0 0.469727 0.848633 0.46875 0.849609 0.466797 0.849609 0.46582 0.850586 0.464844 0.850586 0.462891 0.852539 0.462891 0.853516 0.461914 0.854492 0.461914 0.855469 0.459961 0.857422 0.459961 0.858398 0.458984 0.859375 0.458984 0.875 0.459961 0.875 0.460938 0.875977 0.464844 0.875977 0.46582 0.875 0.467773 0.875 0.470703 0.87207 0.470703 0.871094 0.473633 0.868164 0.473633 0.867188 0.474609 0.866211 0.474609 0.854492 0.473633 0.853516 0.473633 0.852539 0.47168 0.850586 0.47168 0.849609 0.470703 0.848633
0 0.746094 0.27832 0.745117 0.279297 0.744141 0.279297 0.744141 0.283203 0.745117 0.283203 0.746094 0.28418 0.75 0.28418 0.75 0.27832
0 0.209961 0.973633 0.208984 0.974609 0.208984 0.976562 0.209961 0.976562 0.211914 0.978516 0.213867 0.978516 0.214844 0.977539 0.21582 0.977539 0.21582 0.975586 0.214844 0.974609 0.214844 0.973633
0 0.743164 0.302734 0.743164 0.305664 0.744141 0.306641 0.744141 0.307617 0.746094 0.307617 0.74707 0.306641 0.748047 0.306641 0.748047 0.303711 0.74707 0.302734
0 0.614258 0.37207 0.611328 0.375 0.610352 0.375 0.608398 0.376953 0.608398 0.37793 0.607422 0.378906 0.607422 0.380859 0.606445 0.381836 0.606445 0.384766 0.605469 0.385742 0.605469 0.390625 0.607422 0.392578 0.607422 0.393555 0.611328 0.397461 0.615234 0.397461 0.616211 0.398438 0.623047 0.398438 0.624023 0.397461 0.625 0.397461 0.626953 0.395508 0.62793 0.395508 0.631836 0.391602 0.631836 0.388672 0.632812 0.387695 0.632812 0.382812 0.631836 0.381836 0.631836 0.380859 0.630859 0.379883 0.630859 0.378906 0.629883 0.37793 0.629883 0.376953 0.626953 0.374023 0.625977 0.374023 0.625 0.373047 0.623047 0.373047 0.62207 0.37207
0 0.175781 0.564453 0.173828 0.566406 0.172852 0.566406 0.171875 0.567383 0.170898 0.567383 0.169922 0.568359 0.167969 0.566406 0.167969 0.56543 0.163086 0.56543 0.163086 0.567383 0.162109 0.568359 0.162109 0.572266 0.163086 0.573242 0.165039 0.573242 0.166016 0.574219 0.166992 0.574219 0.167969 0.575195 0.167969 0.576172 0.166992 0.577148 0.166992 0.579102 0.166016 0.580078 0.166016 0.581055 0.166992 0.582031 0.166992 0.587891 0.168945 0.589844 0.168945 0.59082 0.169922 0.591797 0.175781 0.591797 0.176758 0.59082 0.177734 0.59082 0.179688 0.588867 0.180664 0.588867 0.181641 0.587891 0.181641 0.586914 0.183594 0.584961 0.183594 0.583984 0.18457 0.583008 0.18457 0.582031 0.185547 0.581055 0.185547 0.579102 0.186523 0.578125 0.186523 0.572266 0.185547 0.571289 0.185547 0.569336 0.183594 0.567383 0.183594 0.566406 0.182617 0.56543 0.181641 0.56543 0.180664 0.564453
0 0.285156 0.988281 0.28418 0.989258 0.283203 0.989258 0.28125 0.991211 0.280273 0.991211 0.280273 0.99707 0.28125 0.998047 0.28125 0.999023 0.291992 0.999023 0.291992 0.992188 0.290039 0.990234 0.290039 0.989258 0.289062 0.989258 0.288086 0.988281
0 0.737305 0.288086 0.737305 0.291992 0.738281 0.292969 0.742188 0.292969 0.742188 0.290039 0.741211 0.289062 0.741211 0.288086
0 0.941406 0.973633 0.94043 0.974609 0.939453 0.974609 0.9375 0.976562 0.9375 0.978516 0.939453 0.980469 0.939453 0.982422 0.944336 0.982422 0.945312 0.981445 0.945312 0.980469 0.946289 0.979492 0.947266 0.979492 0.947266 0.974609 0.946289 0.973633
0 0.652344 0.451172 0.651367 0.452148 0.647461 0.452148 0.646484 0.453125 0.646484 0.461914 0.648438 0.461914 0.651367 0.464844 0.655273 0.464844 0.65625 0.463867 0.65625 0.458984 0.657227 0.458008 0.658203 0.458008 0.65918 0.457031 0.65918 0.452148 0.658203 0.451172
0 0.613281 0.457031 0.613281 0.459961 0.614258 0.460938 0.614258 0.461914 0.615234 0.462891 0.615234 0.463867 0.619141 0.463867 0.619141 0.458008 0.618164 0.457031
0 0.751953 0.27832 0.751953 0.280273 0.750977 0.28125 0.750977 0.286133 0.751953 0.287109 0.753906 0.287109 0.754883 0.286133 0.755859 0.286133 0.756836 0.285156 0.756836 0.279297 0.754883 0.279297 0.753906 0.27832
0 0.358398 0.761719 0.357422 0.762695 0.357422 0.763672 0.354492 0.766602 0.354492 0.767578 0.353516 0.768555 0.353516 0.782227 0.354492 0.783203 0.354492 0.78418 0.356445 0.78418 0.357422 0.785156 0.362305 0.785156 0.363281 0.78418 0.365234 0.78418 0.368164 0.78125 0.368164 0.779297 0.369141 0.77832 0.369141 0.774414 0.370117 0.773438 0.370117 0.766602 0.365234 0.761719
0 0.745117 0.285156 0.745117 0.286133 0.744141 0.287109 0.744141 0.290039 0.745117 0.291016 0.745117 0.291992 0.75 0.291992 0.75 0.291016 0.750977 0.290039 0.750977 0.287109 0.75 0.286133 0.75 0.285156
0 0.655273 0.355469 0.654297 0.356445 0.65332 0.356445 0.649414 0.360352 0.649414 0.361328 0.647461 0.363281 0.647461 0.365234 0.646484 0.366211 0.646484 0.367188 0.647461 0.368164 0.647461 0.369141 0.649414 0.371094 0.650391 0.371094 0.652344 0.373047 0.65332 0.373047 0.654297 0.374023 0.655273 0.374023 0.65625 0.375 0.65918 0.375 0.660156 0.374023 0.663086 0.374023 0.666992 0.370117 0.667969 0.370117 0.668945 0.369141 0.669922 0.369141 0.670898 0.368164 0.671875 0.368164 0.671875 0.367188 0.673828 0.365234 0.673828 0.359375 0.672852 0.358398 0.672852 0.357422 0.670898 0.355469
0 0.639648 0.427734 0.638672 0.428711 0.637695 0.428711 0.633789 0.432617 0.629883 0.432617 0.628906 0.431641 0.625 0.431641 0.624023 0.432617 0.62207 0.432617 0.621094 0.433594 0.620117 0.433594 0.619141 0.43457 0.617188 0.43457 0.617188 0.435547 0.615234 0.4375 0.615234 0.438477 0.614258 0.439453 0.614258 0.446289 0.617188 0.449219 0.618164 0.449219 0.619141 0.448242 0.62207 0.448242 0.624023 0.450195 0.624023 0.451172 0.632812 0.451172 0.633789 0.450195 0.638672 0.450195 0.639648 0.449219 0.641602 0.449219 0.642578 0.448242 0.643555 0.448242 0.644531 0.447266 0.646484 0.447266 0.647461 0.446289 0.650391 0.446289 0.651367 0.445312 0.652344 0.445312 0.654297 0.443359 0.654297 0.442383 0.655273 0.441406 0.654297 0.44043 0.654297 0.4375 0.65332 0.436523 0.65332 0.435547 0.651367 0.433594 0.651367 0.432617 0.649414 0.430664 0.648438 0.430664 0.646484 0.428711 0.643555 0.428711 0.642578 0.427734
0 0.0966797 0.856445 0.09375 0.859375 0.09375 0.860352 0.0869141 0.867188 0.0869141 0.871094 0.0888672 0.873047 0.0888672 0.874023 0.0898438 0.875 0.0898438 0.875977 0.0908203 0.876953 0.0908203 0.878906 0.0927734 0.880859 0.0927734 0.881836 0.09375 0.882812 0.0947266 0.882812 0.0966797 0.884766 0.100586 0.884766 0.101562 0.885742 0.104492 0.885742 0.105469 0.884766 0.110352 0.884766 0.111328 0.883789 0.112305 0.883789 0.113281 0.882812 0.114258 0.882812 0.115234 0.881836 0.115234 0.880859 0.116211 0.879883 0.116211 0.87793 0.117188 0.876953 0.117188 0.871094 0.111328 0.865234 0.110352 0.865234 0.103516 0.858398 0.102539 0.858398 0.101562 0.857422 0.100586 0.857422 0.0996094 0.856445
0 0.921875 0.619141 0.920898 0.620117 0.919922 0.620117 0.919922 0.625 0.920898 0.625 0.921875 0.625977 0.923828 0.625977 0.925781 0.624023 0.925781 0.619141
0 0.157227 0.336914 0.15625 0.337891 0.155273 0.337891 0.152344 0.34082 0.152344 0.341797 0.150391 0.34375 0.150391 0.345703 0.149414 0.34668 0.149414 0.348633 0.150391 0.349609 0.150391 0.352539 0.152344 0.354492 0.15332 0.354492 0.154297 0.355469 0.155273 0.355469 0.157227 0.357422 0.160156 0.357422 0.161133 0.358398 0.171875 0.358398 0.172852 0.357422 0.174805 0.357422 0.177734 0.354492 0.177734 0.353516 0.178711 0.352539 0.178711 0.34668 0.177734 0.345703 0.177734 0.344727 0.175781 0.342773 0.175781 0.341797 0.174805 0.34082 0.173828 0.34082 0.172852 0.339844 0.169922 0.339844 0.168945 0.338867 0.167969 0.338867 0.166992 0.337891 0.166016 0.337891 0.165039 0.336914
0 0.304688 0.514648 0.304688 0.515625 0.303711 0.516602 0.303711 0.517578 0.302734 0.518555 0.301758 0.518555 0.299805 0.520508 0.299805 0.521484 0.298828 0.522461 0.298828 0.525391 0.299805 0.526367 0.299805 0.52832 0.303711 0.52832 0.304688 0.529297 0.305664 0.529297 0.306641 0.52832 0.310547 0.52832 0.311523 0.527344 0.3125 0.527344 0.313477 0.526367 0.314453 0.526367 0.319336 0.521484 0.319336 0.520508 0.320312 0.519531 0.320312 0.516602 0.319336 0.515625 0.318359 0.515625 0.317383 0.514648
0 0.280273 0.649414 0.279297 0.650391 0.277344 0.650391 0.273438 0.654297 0.273438 0.655273 0.271484 0.657227 0.271484 0.658203 0.270508 0.65918 0.270508 0.660156 0.269531 0.661133 0.269531 0.667969 0.270508 0.668945 0.270508 0.669922 0.275391 0.674805 0.279297 0.674805 0.280273 0.675781 0.28125 0.675781 0.282227 0.674805 0.285156 0.674805 0.286133 0.673828 0.288086 0.673828 0.291992 0.669922 0.291992 0.668945 0.292969 0.667969 0.292969 0.666992 0.293945 0.666016 0.293945 0.664062 0.294922 0.663086 0.294922 0.655273 0.293945 0.654297 0.293945 0.65332 0.291992 0.651367 0.291016 0.651367 0.289062 0.649414
0 0.643555 0.376953 0.642578 0.37793 0.641602 0.37793 0.640625 0.378906 0.640625 0.380859 0.641602 0.381836 0.646484 0.381836 0.647461 0.380859 0.647461 0.376953
0 0.142578 0.9375 0.141602 0.938477 0.138672 0.938477 0.137695 0.939453 0.136719 0.939453 0.135742 0.94043 0.134766 0.94043 0.133789 0.941406 0.132812 0.941406 0.131836 0.942383 0.131836 0.943359 0.129883 0.945312 0.129883 0.950195 0.132812 0.953125 0.132812 0.954102 0.134766 0.956055 0.134766 0.957031 0.135742 0.958008 0.138672 0.958008 0.139648 0.958984 0.149414 0.958984 0.151367 0.957031 0.152344 0.957031 0.15332 0.956055 0.154297 0.956055 0.15625 0.954102 0.15625 0.952148 0.155273 0.951172 0.155273 0.948242 0.154297 0.947266 0.154297 0.945312 0.15332 0.944336 0.15332 0.943359 0.151367 0.941406 0.150391 0.941406 0.149414 0.94043 0.148438 0.94043 0.147461 0.939453 0.146484 0.939453 0.145508 0.938477 0.143555 0.938477
0 0.484375 0.511719 0.484375 0.512695 0.483398 0.513672 0.481445 0.513672 0.481445 0.516602 0.482422 0.517578 0.486328 0.517578 0.486328 0.511719
0 0.583008 0.555664 0.578125 0.560547 0.578125 0.5625 0.577148 0.563477 0.577148 0.566406 0.576172 0.567383 0.576172 0.569336 0.575195 0.570312 0.575195 0.576172 0.576172 0.577148 0.576172 0.578125 0.578125 0.576172 0.579102 0.576172 0.580078 0.575195 0.583984 0.575195 0.584961 0.574219 0.585938 0.574219 0.586914 0.573242 0.587891 0.573242 0.587891 0.572266 0.589844 0.570312 0.589844 0.569336 0.59082 0.568359 0.59082 0.567383 0.591797 0.566406 0.591797 0.557617 0.589844 0.555664
0 0.697266 0.149414 0.696289 0.150391 0.694336 0.150391 0.693359 0.151367 0.692383 0.151367 0.69043 0.15332 0.69043 0.154297 0.689453 0.155273 0.689453 0.160156 0.69043 0.161133 0.69043 0.162109 0.691406 0.163086 0.693359 0.163086 0.694336 0.164062 0.704102 0.164062 0.705078 0.163086 0.707031 0.163086 0.708008 0.162109 0.708984 0.162109 0.711914 0.15918 0.711914 0.157227 0.712891 0.15625 0.712891 0.154297 0.711914 0.15332 0.711914 0.152344 0.709961 0.150391 0.708984 0.150391 0.708008 0.149414
0 0.640625 0.385742 0.639648 0.386719 0.639648 0.390625 0.640625 0.391602 0.640625 0.393555 0.643555 0.393555 0.643555 0.392578 0.646484 0.389648 0.646484 0.386719 0.645508 0.386719 0.644531 0.385742
0 0.457031 0.375977 0.453125 0.379883 0.453125 0.380859 0.452148 0.381836 0.452148 0.384766 0.451172 0.385742 0.451172 0.386719 0.452148 0.387695 0.452148 0.391602 0.454102 0.393555 0.454102 0.394531 0.458984 0.399414 0.460938 0.399414 0.461914 0.400391 0.46582 0.400391 0.466797 0.399414 0.467773 0.399414 0.46875 0.398438 0.469727 0.398438 0.470703 0.397461 0.47168 0.397461 0.47168 0.396484 0.472656 0.395508 0.472656 0.383789 0.47168 0.382812 0.47168 0.381836 0.467773 0.37793 0.466797 0.37793 0.46582 0.376953 0.464844 0.376953 0.463867 0.375977
0 0.407227 0.814453 0.40625 0.81543 0.405273 0.81543 0.404297 0.816406 0.40332 0.816406 0.401367 0.818359 0.401367 0.822266 0.402344 0.823242 0.402344 0.824219 0.40332 0.825195 0.40332 0.826172 0.404297 0.827148 0.404297 0.828125 0.405273 0.829102 0.405273 0.830078 0.40625 0.831055 0.40625 0.832031 0.407227 0.833008 0.407227 0.834961 0.410156 0.837891 0.412109 0.837891 0.421875 0.828125 0.421875 0.823242 0.420898 0.822266 0.420898 0.820312 0.419922 0.819336 0.419922 0.818359 0.417969 0.816406 0.415039 0.816406 0.414062 0.81543 0.411133 0.81543 0.410156 0.814453
0 0.958008 0.323242 0.956055 0.325195 0.955078 0.325195 0.953125 0.327148 0.953125 0.328125 0.952148 0.329102 0.952148 0.331055 0.951172 0.332031 0.951172 0.336914 0.952148 0.337891 0.952148 0.34082 0.953125 0.341797 0.953125 0.34375 0.954102 0.344727 0.954102 0.34668 0.955078 0.347656 0.955078 0.348633 0.956055 0.349609 0.958008 0.349609 0.958984 0.350586 0.959961 0.350586 0.960938 0.351562 0.962891 0.351562 0.963867 0.352539 0.964844 0.352539 0.96582 0.353516 0.966797 0.352539 0.96875 0.352539 0.969727 0.351562 0.97168 0.351562 0.972656 0.350586 0.973633 0.350586 0.974609 0.349609 0.975586 0.349609 0.975586 0.347656 0.976562 0.34668 0.976562 0.336914 0.975586 0.335938 0.975586 0.334961 0.974609 0.333984 0.974609 0.332031 0.973633 0.331055 0.973633 0.330078 0.96875 0.325195 0.967773 0.325195 0.96582 0.323242
0 0.585938 0.364258 0.584961 0.365234 0.583984 0.365234 0.582031 0.367188 0.582031 0.368164 0.581055 0.369141 0.581055 0.376953 0.582031 0.37793 0.582031 0.379883 0.583984 0.381836 0.583984 0.382812 0.584961 0.382812 0.587891 0.385742 0.588867 0.385742 0.589844 0.386719 0.600586 0.386719 0.601562 0.385742 0.601562 0.384766 0.603516 0.382812 0.603516 0.378906 0.604492 0.37793 0.604492 0.374023 0.603516 0.373047 0.603516 0.371094 0.601562 0.369141 0.601562 0.368164 0.599609 0.366211 0.598633 0.366211 0.59668 0.364258
0 0.333008 0.681641 0.331055 0.683594 0.331055 0.68457 0.330078 0.685547 0.330078 0.692383 0.331055 0.693359 0.331055 0.694336 0.333984 0.697266 0.334961 0.697266 0.335938 0.698242 0.342773 0.698242 0.34375 0.697266 0.34375 0.696289 0.345703 0.694336 0.345703 0.692383 0.34668 0.691406 0.34668 0.685547 0.345703 0.68457 0.345703 0.683594 0.34375 0.681641
0 0.211914 0.923828 0.210938 0.924805 0.209961 0.924805 0.207031 0.927734 0.207031 0.928711 0.203125 0.932617 0.203125 0.935547 0.204102 0.936523 0.204102 0.9375 0.208008 0.941406 0.208984 0.941406 0.209961 0.942383 0.211914 0.942383 0.212891 0.943359 0.21582 0.943359 0.216797 0.944336 0.21875 0.944336 0.219727 0.943359 0.224609 0.943359 0.226562 0.941406 0.227539 0.941406 0.228516 0.94043 0.228516 0.939453 0.229492 0.938477 0.229492 0.936523 0.230469 0.935547 0.230469 0.93457 0.229492 0.933594 0.229492 0.930664 0.228516 0.929688 0.228516 0.928711 0.226562 0.926758 0.225586 0.926758 0.224609 0.925781 0.223633 0.925781 0.222656 0.924805 0.22168 0.924805 0.220703 0.923828
0 0.743164 0.297852 0.742188 0.298828 0.742188 0.300781 0.743164 0.301758 0.750977 0.301758 0.750977 0.298828 0.75 0.297852
0 0.741211 0.300781 0.740234 0.301758 0.737305 0.301758 0.737305 0.302734 0.736328 0.303711 0.736328 0.305664 0.737305 0.305664 0.738281 0.306641 0.740234 0.306641 0.741211 0.305664 0.742188 0.305664 0.742188 0.301758
0 0.667969 0.414062 0.667969 0.415039 0.666992 0.416016 0.666992 0.417969 0.666016 0.418945 0.666016 0.423828 0.667969 0.425781 0.667969 0.426758 0.673828 0.426758 0.673828 0.423828 0.671875 0.421875 0.671875 0.416016 0.670898 0.415039 0.670898 0.414062
0 0.210938 0.306641 0.208984 0.308594 0.208984 0.310547 0.208008 0.311523 0.208008 0.317383 0.208984 0.318359 0.208984 0.319336 0.209961 0.320312 0.217773 0.320312 0.220703 0.317383 0.220703 0.3125 0.21582 0.307617 0.213867 0.307617 0.212891 0.306641
0 0.380859 0.613281 0.379883 0.614258 0.376953 0.614258 0.376953 0.615234 0.375 0.617188 0.375 0.620117 0.375977 0.621094 0.375977 0.624023 0.376953 0.625 0.376953 0.625977 0.37793 0.626953 0.37793 0.628906 0.379883 0.628906 0.380859 0.629883 0.381836 0.629883 0.382812 0.630859 0.385742 0.630859 0.386719 0.631836 0.389648 0.631836 0.390625 0.630859 0.391602 0.630859 0.395508 0.626953 0.395508 0.624023 0.394531 0.623047 0.394531 0.621094 0.393555 0.620117 0.393555 0.619141 0.390625 0.616211 0.389648 0.616211 0.387695 0.614258 0.383789 0.614258 0.382812 0.613281
0 0.904297 0.624023 0.90332 0.625 0.90332 0.62793 0.904297 0.628906 0.904297 0.629883 0.905273 0.630859 0.905273 0.631836 0.907227 0.631836 0.908203 0.632812 0.910156 0.632812 0.910156 0.631836 0.911133 0.630859 0.911133 0.62793 0.908203 0.625 0.908203 0.624023
0 0.0449219 0.478516 0.0429688 0.480469 0.0429688 0.484375 0.0439453 0.485352 0.0439453 0.486328 0.0449219 0.487305 0.0488281 0.487305 0.0498047 0.486328 0.0498047 0.480469 0.0488281 0.480469 0.0478516 0.479492 0.0478516 0.478516
0 0.0517578 0.474609 0.0507812 0.475586 0.0498047 0.475586 0.0498047 0.476562 0.0488281 0.477539 0.0488281 0.479492 0.0498047 0.479492 0.0507812 0.480469 0.0507812 0.483398 0.0576172 0.483398 0.0576172 0.482422 0.0585938 0.481445 0.0595703 0.481445 0.0595703 0.475586 0.0585938 0.474609
0 0.976562 0.974609 0.975586 0.975586 0.973633 0.975586 0.972656 0.976562 0.97168 0.976562 0.970703 0.977539 0.96875 0.977539 0.966797 0.979492 0.966797 0.980469 0.964844 0.982422 0.964844 0.990234 0.96582 0.991211 0.96582 0.992188 0.967773 0.994141 0.967773 0.995117 0.970703 0.998047 0.97168 0.998047 0.972656 0.999023 0.986328 0.999023 0.987305 0.998047 0.989258 0.998047 0.993164 0.994141 0.993164 0.993164 0.994141 0.992188 0.994141 0.983398 0.993164 0.982422 0.993164 0.981445 0.992188 0.980469 0.992188 0.979492 0.988281 0.975586 0.987305 0.975586 0.986328 0.974609
0 0.311523 0.480469 0.310547 0.481445 0.30957 0.481445 0.30957 0.482422 0.308594 0.483398 0.308594 0.485352 0.307617 0.486328 0.307617 0.487305 0.305664 0.489258 0.305664 0.491211 0.30957 0.495117 0.311523 0.495117 0.3125 0.496094 0.318359 0.496094 0.320312 0.494141 0.320312 0.493164 0.321289 0.492188 0.321289 0.486328 0.320312 0.485352 0.320312 0.484375 0.316406 0.480469
0 0.619141 0.449219 0.618164 0.450195 0.617188 0.450195 0.617188 0.453125 0.618164 0.454102 0.623047 0.454102 0.623047 0.450195 0.62207 0.449219
0 0.485352 0.75 0.484375 0.750977 0.482422 0.750977 0.482422 0.756836 0.483398 0.757812 0.483398 0.758789 0.485352 0.760742 0.486328 0.760742 0.488281 0.762695 0.489258 0.762695 0.490234 0.763672 0.491211 0.763672 0.492188 0.764648 0.496094 0.764648 0.49707 0.763672 0.499023 0.763672 0.499023 0.758789 0.498047 0.757812 0.498047 0.756836 0.493164 0.751953 0.492188 0.751953 0.491211 0.750977 0.489258 0.750977 0.488281 0.75
0 0.486328 0.510742 0.487305 0.511719 0.487305 0.518555 0.493164 0.518555 0.493164 0.513672 0.492188 0.512695 0.492188 0.511719 0.491211 0.510742
0 0.918945 0.647461 0.917969 0.648438 0.917969 0.652344 0.919922 0.654297 0.922852 0.654297 0.923828 0.65332 0.923828 0.649414 0.922852 0.649414 0.921875 0.648438 0.921875 0.647461
0 0.117188 0.892578 0.116211 0.893555 0.116211 0.896484 0.115234 0.897461 0.113281 0.897461 0.112305 0.898438 0.112305 0.899414 0.111328 0.900391 0.110352 0.900391 0.110352 0.901367 0.109375 0.902344 0.109375 0.90332 0.108398 0.904297 0.107422 0.904297 0.107422 0.905273 0.106445 0.90625 0.103516 0.90625 0.103516 0.907227 0.102539 0.908203 0.0966797 0.908203 0.0957031 0.90918 0.09375 0.90918 0.0927734 0.910156 0.0888672 0.910156 0.0888672 0.911133 0.0908203 0.911133 0.0917969 0.912109 0.0957031 0.912109 0.0966797 0.913086 0.0996094 0.913086 0.100586 0.914062 0.107422 0.914062 0.110352 0.911133 0.113281 0.911133 0.115234 0.90918 0.117188 0.911133 0.117188 0.912109 0.118164 0.912109 0.120117 0.914062 0.12207 0.914062 0.123047 0.915039 0.125977 0.915039 0.126953 0.916016 0.12793 0.916016 0.128906 0.916992 0.140625 0.916992 0.142578 0.915039 0.143555 0.915039 0.144531 0.914062 0.145508 0.914062 0.147461 0.912109 0.148438 0.912109 0.149414 0.911133 0.149414 0.90625 0.148438 0.90625 0.147461 0.905273 0.146484 0.905273 0.144531 0.90332 0.143555 0.90332 0.142578 0.902344 0.141602 0.902344 0.139648 0.900391 0.138672 0.900391 0.137695 0.899414 0.136719 0.899414 0.135742 0.898438 0.134766 0.898438 0.133789 0.897461 0.132812 0.897461 0.131836 0.896484 0.131836 0.895508 0.130859 0.895508 0.128906 0.893555 0.124023 0.893555 0.123047 0.892578
0 0.683594 0.71582 0.682617 0.716797 0.681641 0.716797 0.680664 0.717773 0.680664 0.71875 0.679688 0.719727 0.679688 0.722656 0.680664 0.723633 0.680664 0.726562 0.679688 0.727539 0.679688 0.729492 0.678711 0.730469 0.678711 0.731445 0.677734 0.732422 0.677734 0.733398 0.676758 0.734375 0.676758 0.737305 0.677734 0.738281 0.677734 0.739258 0.678711 0.740234 0.682617 0.740234 0.683594 0.739258 0.68457 0.739258 0.689453 0.734375 0.689453 0.733398 0.69043 0.732422 0.69043 0.731445 0.691406 0.730469 0.691406 0.727539 0.692383 0.726562 0.692383 0.71875 0.691406 0.717773 0.69043 0.717773 0.689453 0.716797 0.688477 0.716797 0.6875 0.71582
0 0.625 0.460938 0.625 0.467773 0.628906 0.467773 0.628906 0.466797 0.629883 0.46582 0.629883 0.461914 0.628906 0.461914 0.62793 0.460938
0 0.305664 0.786133 0.304688 0.787109 0.301758 0.787109 0.300781 0.788086 0.298828 0.788086 0.297852 0.789062 0.297852 0.790039 0.296875 0.791016 0.297852 0.791992 0.297852 0.798828 0.296875 0.799805 0.297852 0.800781 0.297852 0.801758 0.299805 0.801758 0.300781 0.802734 0.310547 0.802734 0.311523 0.801758 0.3125 0.801758 0.314453 0.799805 0.314453 0.791016 0.30957 0.786133
0 0.827148 0.03125 0.826172 0.0322266 0.823242 0.0322266 0.819336 0.0361328 0.819336 0.0371094 0.818359 0.0380859 0.818359 0.0390625 0.817383 0.0400391 0.817383 0.0410156 0.816406 0.0419922 0.816406 0.0429688 0.81543 0.0439453 0.81543 0.0458984 0.814453 0.046875 0.81543 0.0478516 0.81543 0.0507812 0.816406 0.0507812 0.817383 0.0517578 0.823242 0.0517578 0.824219 0.0507812 0.825195 0.0507812 0.833008 0.0429688 0.833008 0.0351562 0.832031 0.0341797 0.832031 0.03125
0 0.734375 0.292969 0.733398 0.293945 0.732422 0.293945 0.732422 0.294922 0.731445 0.295898 0.731445 0.298828 0.730469 0.299805 0.730469 0.303711 0.735352 0.303711 0.736328 0.302734 0.736328 0.301758 0.737305 0.300781 0.740234 0.300781 0.741211 0.299805 0.741211 0.293945 0.738281 0.293945 0.737305 0.292969
0 0.955078 0 0.954102 0.000976562 0.954102 0.00195312 0.953125 0.00292969 0.953125 0.00390625 0.952148 0.00488281 0.951172 0.00488281 0.951172 0.00585938 0.950195 0.00683594 0.950195 0.00878906 0.949219 0.00976562 0.949219 0.0126953 0.951172 0.0146484 0.955078 0.0146484 0.957031 0.0126953 0.957031 0.0117188 0.961914 0.00683594 0.961914 0.00585938 0.962891 0.00488281 0.962891 0
0 0.454102 0.422852 0.454102 0.425781 0.455078 0.426758 0.456055 0.426758 0.457031 0.427734 0.458008 0.427734 0.458984 0.428711 0.460938 0.428711 0.460938 0.424805 0.459961 0.423828 0.458984 0.423828 0.458008 0.422852
0 0.216797 0.977539 0.21582 0.978516 0.214844 0.978516 0.213867 0.979492 0.213867 0.980469 0.214844 0.981445 0.214844 0.982422 0.219727 0.982422 0.220703 0.981445 0.220703 0.978516 0.219727 0.977539
0 0.915039 0.606445 0.913086 0.608398 0.913086 0.617188 0.914062 0.618164 0.918945 0.618164 0.919922 0.617188 0.921875 0.617188 0.921875 0.616211 0.922852 0.615234 0.923828 0.615234 0.923828 0.613281 0.922852 0.612305 0.922852 0.611328 0.921875 0.610352 0.921875 0.608398 0.920898 0.608398 0.919922 0.607422 0.918945 0.607422 0.917969 0.606445
0 0.344727 0.0351562 0.34375 0.0361328 0.342773 0.0361328 0.341797 0.0371094 0.34082 0.0371094 0.338867 0.0390625 0.338867 0.0400391 0.337891 0.0410156 0.337891 0.0419922 0.336914 0.0429688 0.336914 0.046875 0.335938 0.0478516 0.335938 0.0537109 0.336914 0.0546875 0.336914 0.0566406 0.337891 0.0566406 0.338867 0.0576172 0.339844 0.0576172 0.34082 0.0585938 0.342773 0.0585938 0.34375 0.0595703 0.344727 0.0595703 0.345703 0.0605469 0.34668 0.0605469 0.347656 0.0615234 0.349609 0.0615234 0.351562 0.0595703 0.352539 0.0595703 0.353516 0.0585938 0.353516 0.0576172 0.355469 0.0556641 0.355469 0.0488281 0.356445 0.0478516 0.356445 0.0439453 0.355469 0.0429688 0.355469 0.0400391 0.351562 0.0361328 0.350586 0.0361328 0.349609 0.0351562
0 0.0556641 0.332031 0.0546875 0.333008 0.0537109 0.333008 0.0517578 0.334961 0.0517578 0.335938 0.0507812 0.336914 0.0507812 0.338867 0.0498047 0.339844 0.0498047 0.344727 0.0507812 0.345703 0.0507812 0.347656 0.0517578 0.348633 0.0517578 0.349609 0.0576172 0.355469 0.0595703 0.355469 0.0605469 0.356445 0.0625 0.356445 0.0634766 0.357422 0.0654297 0.357422 0.0664062 0.356445 0.0693359 0.356445 0.0722656 0.353516 0.0732422 0.353516 0.0742188 0.352539 0.0742188 0.348633 0.0751953 0.347656 0.0751953 0.345703 0.0742188 0.344727 0.0742188 0.341797 0.0732422 0.34082 0.0732422 0.339844 0.0683594 0.334961 0.0683594 0.333984 0.0673828 0.334961 0.0644531 0.332031
0 0.207031 0.977539 0.206055 0.978516 0.205078 0.978516 0.205078 0.982422 0.206055 0.983398 0.206055 0.984375 0.207031 0.984375 0.208008 0.985352 0.211914 0.985352 0.213867 0.983398 0.213867 0.981445 0.212891 0.980469 0.212891 0.979492 0.211914 0.979492 0.209961 0.977539
0 0.675781 0.760742 0.674805 0.761719 0.673828 0.761719 0.673828 0.765625 0.674805 0.766602 0.679688 0.766602 0.680664 0.765625 0.681641 0.765625 0.681641 0.762695 0.679688 0.762695 0.677734 0.760742
0 0.683594 0.140625 0.683594 0.141602 0.682617 0.142578 0.682617 0.146484 0.683594 0.147461 0.693359 0.147461 0.693359 0.146484 0.694336 0.145508 0.694336 0.142578 0.693359 0.142578 0.692383 0.141602 0.691406 0.141602 0.69043 0.140625
0 0.818359 0.00488281 0.817383 0.00585938 0.81543 0.00585938 0.814453 0.00683594 0.813477 0.00683594 0.810547 0.00976562 0.810547 0.0107422 0.80957 0.0117188 0.80957 0.0244141 0.810547 0.0253906 0.810547 0.0273438 0.811523 0.0283203 0.811523 0.0292969 0.8125 0.0302734 0.81543 0.0302734 0.81543 0.0292969 0.816406 0.0283203 0.816406 0.0273438 0.817383 0.0263672 0.818359 0.0263672 0.821289 0.0234375 0.821289 0.0224609 0.823242 0.0205078 0.823242 0.0185547 0.824219 0.0175781 0.824219 0.015625 0.825195 0.0146484 0.825195 0.0126953 0.826172 0.0117188 0.826172 0.00878906 0.822266 0.00488281
0 0.603516 0.510742 0.602539 0.511719 0.600586 0.511719 0.595703 0.516602 0.595703 0.517578 0.594727 0.518555 0.594727 0.520508 0.59375 0.521484 0.59375 0.530273 0.594727 0.53125 0.594727 0.532227 0.59668 0.532227 0.597656 0.533203 0.601562 0.533203 0.602539 0.532227 0.603516 0.532227 0.605469 0.530273 0.605469 0.529297 0.607422 0.527344 0.607422 0.526367 0.608398 0.525391 0.608398 0.524414 0.610352 0.522461 0.610352 0.514648 0.609375 0.513672 0.609375 0.512695 0.607422 0.510742
0 0.912109 0.630859 0.911133 0.631836 0.911133 0.633789 0.915039 0.633789 0.916016 0.632812 0.916992 0.632812 0.916992 0.630859
0 0.648438 0.378906 0.648438 0.380859 0.647461 0.381836 0.647461 0.389648 0.644531 0.392578 0.644531 0.395508 0.646484 0.395508 0.648438 0.393555 0.649414 0.393555 0.652344 0.390625 0.652344 0.381836 0.651367 0.380859 0.651367 0.378906
