0 0.820312 0.578125 0.816406 0.582031 0.808594 0.582031 0.792969 0.597656 0.792969 0.632812 0.808594 0.648438 0.816406 0.648438 0.820312 0.652344 0.828125 0.652344 0.832031 0.65625 0.84375 0.65625 0.847656 0.652344 0.863281 0.652344 0.871094 0.644531 0.871094 0.632812 0.875 0.628906 0.875 0.609375 0.871094 0.605469 0.871094 0.601562 0.867188 0.597656 0.867188 0.59375 0.859375 0.585938 0.855469 0.585938 0.851562 0.582031 0.839844 0.582031 0.835938 0.578125
0 0.9375 0.144531 0.933594 0.148438 0.929688 0.148438 0.925781 0.152344 0.925781 0.15625 0.921875 0.160156 0.921875 0.167969 0.914062 0.175781 0.914062 0.183594 0.917969 0.1875 0.917969 0.195312 0.921875 0.199219 0.921875 0.203125 0.925781 0.207031 0.925781 0.210938 0.929688 0.214844 0.933594 0.214844 0.9375 0.21875 0.945312 0.21875 0.957031 0.230469 0.988281 0.230469 0.996094 0.222656 0.996094 0.171875 0.988281 0.171875 0.976562 0.160156 0.976562 0.15625 0.972656 0.152344 0.96875 0.152344 0.964844 0.148438 0.953125 0.148438 0.949219 0.144531
0 0.105469 0.183594 0.101562 0.1875 0.09375 0.1875 0.0820312 0.199219 0.0820312 0.203125 0.0703125 0.214844 0.0703125 0.21875 0.078125 0.226562 0.078125 0.261719 0.0820312 0.265625 0.0820312 0.269531 0.0859375 0.273438 0.128906 0.273438 0.132812 0.269531 0.136719 0.269531 0.152344 0.253906 0.152344 0.234375 0.148438 0.230469 0.148438 0.226562 0.152344 0.222656 0.152344 0.21875 0.148438 0.214844 0.148438 0.203125 0.140625 0.195312 0.136719 0.195312 0.132812 0.191406 0.128906 0.191406 0.125 0.1875 0.121094 0.1875 0.117188 0.183594
0 0.144531 0.324219 0.136719 0.332031 0.136719 0.335938 0.132812 0.339844 0.132812 0.359375 0.148438 0.375 0.164062 0.375 0.179688 0.359375 0.179688 0.355469 0.183594 0.351562 0.183594 0.332031 0.179688 0.328125 0.175781 0.328125 0.171875 0.324219
0 0.90625 0.375 0.902344 0.378906 0.898438 0.378906 0.890625 0.386719 0.890625 0.390625 0.886719 0.394531 0.886719 0.425781 0.902344 0.441406 0.917969 0.441406 0.921875 0.445312 0.929688 0.445312 0.945312 0.429688 0.945312 0.421875 0.949219 0.417969 0.949219 0.402344 0.945312 0.398438 0.945312 0.390625 0.941406 0.386719 0.941406 0.382812 0.9375 0.378906 0.933594 0.378906 0.929688 0.375
0 0.878906 0 0.878906 0.0117188 0.875 0.015625 0.875 0.0195312 0.910156 0.0546875 0.933594 0.0546875 0.9375 0.0507812 0.941406 0.0507812 0.945312 0.0546875 0.949219 0.0546875 0.964844 0.0390625 0.964844 0.0351562 0.96875 0.03125 0.96875 0.0234375 0.972656 0.0195312 0.972656 0.0117188 0.964844 0.00390625 0.964844 0
0 0.890625 0.472656 0.886719 0.476562 0.882812 0.476562 0.878906 0.480469 0.875 0.480469 0.863281 0.492188 0.863281 0.515625 0.875 0.527344 0.875 0.53125 0.878906 0.535156 0.886719 0.535156 0.890625 0.539062 0.898438 0.539062 0.902344 0.535156 0.90625 0.535156 0.910156 0.53125 0.917969 0.53125 0.929688 0.519531 0.929688 0.511719 0.933594 0.507812 0.933594 0.492188 0.917969 0.476562 0.90625 0.476562 0.902344 0.472656
0 0.738281 0.335938 0.734375 0.339844 0.726562 0.339844 0.722656 0.34375 0.71875 0.34375 0.710938 0.351562 0.710938 0.355469 0.707031 0.359375 0.707031 0.371094 0.710938 0.375 0.710938 0.382812 0.71875 0.390625 0.726562 0.390625 0.730469 0.394531 0.746094 0.394531 0.75 0.398438 0.765625 0.398438 0.769531 0.394531 0.773438 0.394531 0.78125 0.386719 0.78125 0.378906 0.785156 0.375 0.785156 0.359375 0.78125 0.355469 0.78125 0.351562 0.777344 0.347656 0.777344 0.34375 0.769531 0.335938
0 0.425781 0 0.425781 0.00390625 0.4375 0.015625 0.441406 0.015625 0.449219 0.0234375 0.457031 0.0234375 0.460938 0.0195312 0.472656 0.0195312 0.480469 0.0117188 0.480469 0
0 0.507812 0.0351562 0.503906 0.0390625 0.5 0.0390625 0.496094 0.0429688 0.488281 0.0429688 0.484375 0.046875 0.480469 0.046875 0.464844 0.0625 0.464844 0.078125 0.46875 0.0820312 0.46875 0.0859375 0.480469 0.0976562 0.515625 0.0976562 0.53125 0.0820312 0.53125 0.078125 0.535156 0.0742188 0.535156 0.0703125 0.539062 0.0664062 0.539062 0.0625 0.542969 0.0585938 0.542969 0.046875 0.539062 0.0429688 0.53125 0.0429688 0.527344 0.0390625 0.519531 0.0390625 0.515625 0.0351562
0 0.800781 0.492188 0.785156 0.507812 0.785156 0.515625 0.78125 0.519531 0.78125 0.535156 0.792969 0.546875 0.796875 0.546875 0.800781 0.550781 0.804688 0.550781 0.808594 0.554688 0.828125 0.554688 0.839844 0.542969 0.839844 0.539062 0.84375 0.535156 0.84375 0.527344 0.847656 0.523438 0.847656 0.507812 0.835938 0.496094 0.828125 0.496094 0.824219 0.492188
0 0.453125 0.851562 0.445312 0.859375 0.4375 0.859375 0.433594 0.863281 0.429688 0.863281 0.421875 0.871094 0.421875 0.898438 0.425781 0.902344 0.425781 0.90625 0.4375 0.917969 0.441406 0.917969 0.445312 0.921875 0.46875 0.921875 0.484375 0.90625 0.484375 0.894531 0.488281 0.890625 0.488281 0.886719 0.484375 0.882812 0.484375 0.875 0.464844 0.855469 0.460938 0.855469 0.457031 0.851562
0 0.1875 0.238281 0.179688 0.246094 0.175781 0.246094 0.160156 0.261719 0.160156 0.265625 0.15625 0.269531 0.15625 0.277344 0.160156 0.28125 0.167969 0.28125 0.1875 0.300781 0.195312 0.300781 0.199219 0.304688 0.21875 0.304688 0.222656 0.308594 0.242188 0.308594 0.246094 0.304688 0.253906 0.304688 0.261719 0.296875 0.261719 0.292969 0.265625 0.289062 0.265625 0.277344 0.246094 0.257812 0.238281 0.257812 0.222656 0.242188 0.214844 0.242188 0.210938 0.238281
0 0.316406 0 0.316406 0.0117188 0.320312 0.015625 0.320312 0.0195312 0.324219 0.0234375 0.339844 0.0234375 0.34375 0.0195312 0.347656 0.0195312 0.351562 0.0234375 0.363281 0.0234375 0.382812 0.00390625 0.382812 0
0 0.90625 0.929688 0.902344 0.933594 0.894531 0.933594 0.890625 0.9375 0.886719 0.9375 0.882812 0.941406 0.882812 0.945312 0.878906 0.949219 0.878906 0.960938 0.882812 0.964844 0.882812 0.96875 0.878906 0.972656 0.878906 0.980469 0.894531 0.996094 0.949219 0.996094 0.960938 0.984375 0.960938 0.972656 0.957031 0.96875 0.957031 0.964844 0.949219 0.957031 0.949219 0.953125 0.945312 0.949219 0.945312 0.941406 0.941406 0.9375 0.9375 0.9375 0.933594 0.933594 0.914062 0.933594 0.910156 0.929688
0 0.941406 0.648438 0.9375 0.652344 0.9375 0.65625 0.929688 0.664062 0.929688 0.671875 0.925781 0.675781 0.925781 0.691406 0.929688 0.695312 0.929688 0.699219 0.933594 0.703125 0.933594 0.707031 0.9375 0.710938 0.9375 0.714844 0.945312 0.722656 0.953125 0.722656 0.957031 0.726562 0.996094 0.726562 0.996094 0.675781 0.984375 0.664062 0.980469 0.664062 0.976562 0.660156 0.972656 0.660156 0.96875 0.65625 0.960938 0.65625 0.953125 0.648438
0 0.679688 0.464844 0.675781 0.46875 0.671875 0.46875 0.65625 0.484375 0.65625 0.492188 0.652344 0.496094 0.652344 0.515625 0.65625 0.519531 0.65625 0.523438 0.660156 0.527344 0.660156 0.53125 0.675781 0.546875 0.683594 0.546875 0.6875 0.550781 0.710938 0.550781 0.714844 0.546875 0.71875 0.546875 0.734375 0.53125 0.734375 0.527344 0.738281 0.523438 0.738281 0.496094 0.734375 0.492188 0.734375 0.488281 0.730469 0.484375 0.730469 0.480469 0.722656 0.472656 0.71875 0.472656 0.714844 0.46875 0.703125 0.46875 0.699219 0.464844
0 0.574219 0.144531 0.570312 0.148438 0.566406 0.148438 0.558594 0.15625 0.558594 0.160156 0.554688 0.164062 0.554688 0.175781 0.550781 0.179688 0.550781 0.183594 0.558594 0.191406 0.558594 0.199219 0.5625 0.203125 0.5625 0.207031 0.570312 0.214844 0.578125 0.214844 0.582031 0.21875 0.601562 0.21875 0.621094 0.199219 0.621094 0.1875 0.625 0.183594 0.625 0.15625 0.617188 0.148438 0.613281 0.148438 0.609375 0.144531
0 0 0 0 0.046875 0.00390625 0.046875 0.0078125 0.0507812 0.0117188 0.0507812 0.015625 0.046875 0.0195312 0.046875 0.0273438 0.0390625 0.0273438 0.03125 0.03125 0.0273438 0.03125 0.00390625 0.0273438 0
0 0.617188 0.0390625 0.605469 0.0507812 0.601562 0.0507812 0.59375 0.0585938 0.59375 0.0625 0.589844 0.0664062 0.589844 0.0703125 0.59375 0.0742188 0.59375 0.0898438 0.605469 0.101562 0.605469 0.105469 0.613281 0.113281 0.628906 0.113281 0.636719 0.105469 0.640625 0.105469 0.660156 0.0859375 0.660156 0.0625 0.65625 0.0585938 0.65625 0.0546875 0.648438 0.046875 0.648438 0.0429688 0.644531 0.0390625
0 0.628906 0.960938 0.625 0.964844 0.621094 0.964844 0.617188 0.96875 0.613281 0.96875 0.609375 0.972656 0.605469 0.972656 0.601562 0.976562 0.601562 0.980469 0.589844 0.992188 0.589844 0.996094 0.664062 0.996094 0.664062 0.992188 0.660156 0.988281 0.660156 0.984375 0.65625 0.980469 0.65625 0.976562 0.644531 0.964844 0.640625 0.964844 0.636719 0.960938
0 0.824219 0.257812 0.820312 0.261719 0.816406 0.261719 0.808594 0.269531 0.808594 0.273438 0.8125 0.277344 0.8125 0.289062 0.820312 0.296875 0.820312 0.300781 0.828125 0.308594 0.828125 0.3125 0.839844 0.324219 0.863281 0.324219 0.871094 0.316406 0.871094 0.308594 0.875 0.304688 0.875 0.296875 0.867188 0.289062 0.867188 0.285156 0.851562 0.269531 0.847656 0.269531 0.839844 0.261719 0.835938 0.261719 0.832031 0.257812
0 0.1875 0.0976562 0.175781 0.109375 0.175781 0.113281 0.171875 0.117188 0.171875 0.148438 0.175781 0.152344 0.175781 0.15625 0.195312 0.175781 0.234375 0.175781 0.238281 0.171875 0.242188 0.171875 0.25 0.164062 0.25 0.136719 0.246094 0.132812 0.246094 0.128906 0.238281 0.121094 0.234375 0.121094 0.230469 0.117188 0.226562 0.117188 0.21875 0.109375 0.214844 0.109375 0.203125 0.0976562
0 0.253906 0.015625 0.25 0.0195312 0.25 0.0234375 0.226562 0.046875 0.226562 0.0507812 0.222656 0.0546875 0.222656 0.0664062 0.226562 0.0703125 0.226562 0.0742188 0.230469 0.078125 0.230469 0.0820312 0.234375 0.0859375 0.234375 0.0898438 0.242188 0.0976562 0.246094 0.0976562 0.253906 0.105469 0.269531 0.105469 0.273438 0.101562 0.277344 0.101562 0.292969 0.0859375 0.292969 0.0820312 0.296875 0.078125 0.296875 0.0703125 0.300781 0.0664062 0.300781 0.0507812 0.296875 0.046875 0.296875 0.0429688 0.285156 0.03125 0.285156 0.0234375 0.28125 0.0195312 0.269531 0.0195312 0.265625 0.015625
0 0.75 0.160156 0.742188 0.167969 0.738281 0.167969 0.734375 0.171875 0.734375 0.183594 0.730469 0.1875 0.730469 0.191406 0.734375 0.195312 0.734375 0.203125 0.738281 0.207031 0.746094 0.207031 0.753906 0.214844 0.773438 0.214844 0.777344 0.210938 0.78125 0.210938 0.789062 0.203125 0.789062 0.191406 0.777344 0.179688 0.777344 0.167969 0.769531 0.160156
0 0.976562 0.589844 0.972656 0.59375 0.960938 0.59375 0.957031 0.597656 0.957031 0.601562 0.949219 0.609375 0.949219 0.640625 0.960938 0.652344 0.96875 0.652344 0.972656 0.65625 0.976562 0.65625 0.980469 0.660156 0.984375 0.660156 0.996094 0.671875 0.996094 0.601562 0.988281 0.59375 0.984375 0.59375 0.980469 0.589844
0 0.738281 0.757812 0.734375 0.761719 0.726562 0.761719 0.714844 0.773438 0.714844 0.78125 0.710938 0.785156 0.710938 0.789062 0.707031 0.792969 0.707031 0.796875 0.703125 0.800781 0.703125 0.820312 0.707031 0.824219 0.707031 0.828125 0.71875 0.839844 0.722656 0.839844 0.726562 0.84375 0.734375 0.84375 0.738281 0.847656 0.742188 0.847656 0.746094 0.84375 0.753906 0.84375 0.761719 0.835938 0.761719 0.832031 0.773438 0.820312 0.777344 0.820312 0.78125 0.816406 0.777344 0.8125 0.777344 0.789062 0.785156 0.78125 0.785156 0.777344 0.78125 0.773438 0.777344 0.773438 0.769531 0.765625 0.765625 0.765625 0.761719 0.761719 0.757812 0.761719 0.753906 0.757812
0 0.105469 0.0546875 0.101562 0.0585938 0.0859375 0.0585938 0.0820312 0.0625 0.0703125 0.0625 0.0664062 0.0664062 0.0664062 0.0703125 0.0625 0.0742188 0.0625 0.078125 0.0585938 0.0820312 0.0585938 0.0859375 0.0625 0.0898438 0.0625 0.109375 0.0664062 0.113281 0.0664062 0.117188 0.0820312 0.132812 0.0859375 0.132812 0.0898438 0.136719 0.109375 0.136719 0.113281 0.132812 0.121094 0.132812 0.128906 0.125 0.128906 0.121094 0.136719 0.113281 0.136719 0.109375 0.144531 0.101562 0.144531 0.0859375 0.140625 0.0820312 0.140625 0.078125 0.136719 0.0742188 0.136719 0.0703125 0.132812 0.0664062 0.128906 0.0664062 0.125 0.0625 0.121094 0.0625 0.113281 0.0546875
0 0 0.144531 0 0.214844 0.0234375 0.214844 0.0351562 0.203125 0.0351562 0.195312 0.0390625 0.191406 0.0390625 0.171875 0.0273438 0.160156 0.0234375 0.160156 0.015625 0.152344 0.0117188 0.152344 0.0078125 0.148438 0.00390625 0.148438
0 0.753906 0.0273438 0.75 0.03125 0.738281 0.03125 0.734375 0.0351562 0.730469 0.0351562 0.726562 0.0390625 0.722656 0.0390625 0.714844 0.046875 0.714844 0.0507812 0.710938 0.0546875 0.710938 0.078125 0.714844 0.0820312 0.714844 0.0859375 0.722656 0.09375 0.726562 0.09375 0.730469 0.0976562 0.742188 0.0976562 0.746094 0.101562 0.777344 0.101562 0.78125 0.0976562 0.78125 0.0820312 0.789062 0.0742188 0.789062 0.0625 0.785156 0.0585938 0.785156 0.0429688 0.78125 0.0390625 0.777344 0.0390625 0.773438 0.0351562 0.769531 0.0351562 0.765625 0.03125 0.761719 0.03125 0.757812 0.0273438
0 0.808594 0.390625 0.78125 0.417969 0.78125 0.421875 0.777344 0.425781 0.777344 0.433594 0.792969 0.449219 0.796875 0.449219 0.800781 0.453125 0.824219 0.453125 0.828125 0.449219 0.832031 0.449219 0.839844 0.441406 0.839844 0.4375 0.84375 0.433594 0.84375 0.417969 0.839844 0.414062 0.839844 0.398438 0.832031 0.390625
0 0.675781 0.261719 0.671875 0.265625 0.664062 0.265625 0.648438 0.28125 0.648438 0.285156 0.644531 0.289062 0.644531 0.304688 0.648438 0.308594 0.648438 0.316406 0.660156 0.328125 0.664062 0.328125 0.667969 0.332031 0.671875 0.332031 0.679688 0.339844 0.691406 0.339844 0.707031 0.324219 0.710938 0.324219 0.714844 0.320312 0.71875 0.320312 0.722656 0.316406 0.722656 0.300781 0.71875 0.296875 0.71875 0.289062 0.710938 0.28125 0.710938 0.277344 0.699219 0.265625 0.695312 0.265625 0.691406 0.261719
0 0.882812 0.738281 0.878906 0.742188 0.867188 0.742188 0.863281 0.746094 0.859375 0.746094 0.851562 0.753906 0.851562 0.757812 0.84375 0.765625 0.84375 0.777344 0.839844 0.78125 0.839844 0.789062 0.847656 0.796875 0.847656 0.800781 0.871094 0.824219 0.898438 0.824219 0.910156 0.8125 0.910156 0.808594 0.917969 0.800781 0.917969 0.785156 0.929688 0.773438 0.929688 0.769531 0.914062 0.753906 0.914062 0.75 0.902344 0.738281
0 0.328125 0.191406 0.3125 0.207031 0.296875 0.207031 0.289062 0.214844 0.289062 0.230469 0.292969 0.234375 0.292969 0.238281 0.304688 0.25 0.328125 0.25 0.332031 0.246094 0.34375 0.246094 0.347656 0.242188 0.347656 0.238281 0.355469 0.230469 0.355469 0.222656 0.351562 0.21875 0.351562 0.207031 0.347656 0.203125 0.347656 0.199219 0.339844 0.191406
0 0.988281 0.4375 0.984375 0.441406 0.980469 0.441406 0.972656 0.449219 0.972656 0.460938 0.984375 0.472656 0.984375 0.480469 0.992188 0.488281 0.996094 0.488281 0.996094 0.4375
0 0.789062 0.78125 0.78125 0.789062 0.78125 0.8125 0.789062 0.820312 0.816406 0.820312 0.820312 0.816406 0.820312 0.789062 0.8125 0.78125
