0 0.222656 0.601562 0.21875 0.605469 0.21875 0.632812 0.222656 0.636719 0.226562 0.636719 0.230469 0.640625 0.265625 0.640625 0.269531 0.636719 0.269531 0.613281 0.257812 0.601562
0 0 0.0117188 0 0.101562 0.00390625 0.0976562 0.0078125 0.0976562 0.015625 0.0898438 0.015625 0.0859375 0.0195312 0.0820312 0.0195312 0.078125 0.0234375 0.0742188 0.0234375 0.0351562 0.0195312 0.03125 0.0195312 0.0273438 0.0078125 0.015625 0.00390625 0.015625
0 0.128906 0.558594 0.125 0.5625 0.121094 0.5625 0.121094 0.601562 0.128906 0.609375 0.136719 0.609375 0.144531 0.617188 0.160156 0.617188 0.164062 0.613281 0.167969 0.613281 0.183594 0.597656 0.183594 0.589844 0.1875 0.585938 0.183594 0.582031 0.183594 0.578125 0.167969 0.5625 0.164062 0.5625 0.160156 0.558594
0 0.03125 0.625 0.0195312 0.636719 0.0195312 0.660156 0.0273438 0.667969 0.0273438 0.671875 0.0351562 0.679688 0.0546875 0.679688 0.0585938 0.675781 0.0625 0.675781 0.0703125 0.667969 0.0742188 0.667969 0.078125 0.664062 0.078125 0.660156 0.0820312 0.65625 0.0820312 0.644531 0.078125 0.640625 0.078125 0.628906 0.0742188 0.625
0 0.308594 0.554688 0.296875 0.566406 0.296875 0.570312 0.28125 0.585938 0.285156 0.589844 0.285156 0.597656 0.289062 0.601562 0.289062 0.605469 0.292969 0.609375 0.292969 0.621094 0.300781 0.621094 0.3125 0.632812 0.3125 0.636719 0.316406 0.636719 0.320312 0.640625 0.324219 0.636719 0.328125 0.636719 0.332031 0.632812 0.339844 0.632812 0.347656 0.625 0.355469 0.625 0.371094 0.609375 0.371094 0.59375 0.363281 0.585938 0.363281 0.574219 0.351562 0.5625 0.351562 0.558594 0.347656 0.558594 0.34375 0.554688
0 0.363281 0.296875 0.359375 0.300781 0.351562 0.300781 0.34375 0.308594 0.34375 0.3125 0.339844 0.316406 0.339844 0.320312 0.335938 0.324219 0.335938 0.328125 0.332031 0.332031 0.332031 0.355469 0.335938 0.359375 0.335938 0.363281 0.339844 0.367188 0.339844 0.371094 0.359375 0.390625 0.359375 0.394531 0.371094 0.40625 0.375 0.40625 0.378906 0.410156 0.410156 0.410156 0.414062 0.40625 0.417969 0.40625 0.421875 0.402344 0.421875 0.398438 0.429688 0.390625 0.429688 0.386719 0.433594 0.382812 0.433594 0.375 0.4375 0.371094 0.4375 0.351562 0.433594 0.347656 0.433594 0.335938 0.429688 0.332031 0.429688 0.324219 0.425781 0.320312 0.425781 0.316406 0.421875 0.3125 0.417969 0.3125 0.410156 0.304688 0.402344 0.304688 0.398438 0.300781 0.386719 0.300781 0.382812 0.296875
0 0.460938 0.433594 0.457031 0.4375 0.453125 0.4375 0.445312 0.445312 0.445312 0.449219 0.4375 0.457031 0.4375 0.480469 0.441406 0.484375 0.441406 0.492188 0.449219 0.492188 0.457031 0.5 0.457031 0.503906 0.460938 0.507812 0.460938 0.511719 0.484375 0.511719 0.492188 0.503906 0.496094 0.503906 0.5 0.5 0.5 0.476562 0.496094 0.472656 0.496094 0.464844 0.492188 0.460938 0.492188 0.449219 0.480469 0.4375 0.476562 0.4375 0.472656 0.433594
0 0.40625 0.488281 0.40625 0.492188 0.402344 0.496094 0.402344 0.5 0.390625 0.511719 0.390625 0.515625 0.386719 0.519531 0.386719 0.53125 0.375 0.542969 0.375 0.570312 0.382812 0.578125 0.386719 0.578125 0.394531 0.585938 0.394531 0.59375 0.402344 0.59375 0.40625 0.589844 0.410156 0.589844 0.414062 0.585938 0.417969 0.585938 0.449219 0.554688 0.453125 0.554688 0.457031 0.550781 0.464844 0.550781 0.46875 0.546875 0.472656 0.546875 0.449219 0.546875 0.445312 0.542969 0.445312 0.550781 0.4375 0.558594 0.425781 0.558594 0.417969 0.550781 0.414062 0.550781 0.40625 0.542969 0.402344 0.542969 0.394531 0.535156 0.394531 0.507812 0.410156 0.492188 0.414062 0.492188 0.410156 0.488281
0 0.0546875 0 0.0585938 0.00390625 0.0585938 0.0078125 0.078125 0.0273438 0.0820312 0.0273438 0.0859375 0.03125 0.0898438 0.03125 0.09375 0.0351562 0.117188 0.0351562 0.121094 0.03125 0.132812 0.03125 0.136719 0.0273438 0.144531 0.0273438 0.167969 0.00390625 0.167969 0
0 0.246094 0.890625 0.230469 0.90625 0.226562 0.90625 0.222656 0.910156 0.222656 0.941406 0.226562 0.945312 0.226562 0.949219 0.230469 0.953125 0.230469 0.957031 0.234375 0.960938 0.238281 0.960938 0.246094 0.96875 0.25 0.96875 0.253906 0.972656 0.277344 0.972656 0.28125 0.96875 0.285156 0.96875 0.292969 0.960938 0.296875 0.960938 0.292969 0.957031 0.292969 0.925781 0.289062 0.921875 0.289062 0.914062 0.285156 0.910156 0.285156 0.902344 0.277344 0.894531 0.273438 0.894531 0.269531 0.890625
0 0.246094 0.1875 0.242188 0.191406 0.238281 0.191406 0.234375 0.195312 0.234375 0.226562 0.238281 0.230469 0.238281 0.238281 0.242188 0.242188 0.246094 0.242188 0.25 0.246094 0.265625 0.246094 0.269531 0.25 0.292969 0.25 0.304688 0.238281 0.304688 0.214844 0.300781 0.210938 0.300781 0.207031 0.296875 0.203125 0.296875 0.199219 0.292969 0.195312 0.289062 0.195312 0.285156 0.191406 0.277344 0.191406 0.273438 0.1875
0 0.113281 0.0664062 0.109375 0.0703125 0.101562 0.0703125 0.0976562 0.0742188 0.09375 0.0742188 0.0898438 0.078125 0.0859375 0.078125 0.0703125 0.09375 0.0703125 0.0976562 0.0625 0.105469 0.0625 0.117188 0.0585938 0.121094 0.0585938 0.136719 0.0625 0.140625 0.0625 0.152344 0.0664062 0.15625 0.0664062 0.160156 0.0820312 0.175781 0.0859375 0.175781 0.0898438 0.179688 0.09375 0.179688 0.0976562 0.183594 0.101562 0.183594 0.105469 0.1875 0.128906 0.1875 0.132812 0.183594 0.136719 0.183594 0.140625 0.179688 0.144531 0.179688 0.148438 0.175781 0.152344 0.175781 0.164062 0.164062 0.164062 0.15625 0.167969 0.152344 0.167969 0.113281 0.164062 0.109375 0.164062 0.101562 0.160156 0.0976562 0.160156 0.09375 0.140625 0.0742188 0.136719 0.0742188 0.132812 0.0703125 0.125 0.0703125 0.121094 0.0664062
0 0.476562 0.433594 0.480469 0.433594 0.496094 0.449219 0.496094 0.460938 0.5 0.464844 0.5 0.472656 0.503906 0.476562 0.503906 0.5 0.496094 0.507812 0.492188 0.507812 0.484375 0.515625 0.488281 0.515625 0.496094 0.523438 0.496094 0.527344 0.496094 0.523438 0.5 0.519531 0.5 0.515625 0.503906 0.511719 0.503906 0.507812 0.507812 0.503906 0.507812 0.480469 0.503906 0.476562 0.503906 0.460938 0.5 0.457031 0.5 0.449219 0.488281 0.4375 0.484375 0.4375 0.480469 0.433594
0 0.34375 0.878906 0.339844 0.882812 0.332031 0.882812 0.324219 0.890625 0.320312 0.890625 0.316406 0.894531 0.308594 0.894531 0.308594 0.90625 0.304688 0.910156 0.304688 0.921875 0.308594 0.925781 0.308594 0.933594 0.316406 0.941406 0.316406 0.945312 0.320312 0.949219 0.351562 0.949219 0.355469 0.945312 0.367188 0.945312 0.371094 0.941406 0.378906 0.941406 0.378906 0.9375 0.382812 0.933594 0.382812 0.90625 0.378906 0.902344 0.378906 0.890625 0.371094 0.890625 0.359375 0.878906
0 0.457031 0.890625 0.453125 0.894531 0.441406 0.894531 0.4375 0.898438 0.433594 0.898438 0.421875 0.910156 0.421875 0.914062 0.417969 0.917969 0.417969 0.921875 0.414062 0.925781 0.414062 0.941406 0.417969 0.945312 0.417969 0.949219 0.421875 0.953125 0.421875 0.957031 0.441406 0.976562 0.457031 0.976562 0.460938 0.972656 0.46875 0.972656 0.472656 0.96875 0.476562 0.96875 0.484375 0.960938 0.488281 0.960938 0.488281 0.957031 0.492188 0.953125 0.492188 0.949219 0.496094 0.945312 0.496094 0.921875 0.492188 0.917969 0.492188 0.914062 0.488281 0.910156 0.488281 0.90625 0.480469 0.898438 0.476562 0.898438 0.472656 0.894531 0.460938 0.894531
0 0.371094 0.683594 0.367188 0.6875 0.367188 0.695312 0.371094 0.699219 0.378906 0.699219 0.382812 0.695312 0.382812 0.6875 0.378906 0.683594
0 0.320312 0.679688 0.316406 0.683594 0.308594 0.683594 0.304688 0.6875 0.304688 0.691406 0.300781 0.695312 0.300781 0.71875 0.308594 0.726562 0.308594 0.730469 0.3125 0.734375 0.320312 0.734375 0.324219 0.738281 0.335938 0.738281 0.339844 0.734375 0.34375 0.734375 0.347656 0.730469 0.351562 0.730469 0.359375 0.722656 0.359375 0.710938 0.355469 0.707031 0.355469 0.699219 0.34375 0.6875 0.339844 0.6875 0.335938 0.683594 0.332031 0.683594 0.328125 0.679688
0 0.125 0.640625 0.109375 0.65625 0.109375 0.679688 0.113281 0.683594 0.113281 0.6875 0.117188 0.691406 0.117188 0.695312 0.121094 0.699219 0.121094 0.703125 0.125 0.703125 0.140625 0.71875 0.160156 0.71875 0.167969 0.710938 0.171875 0.710938 0.171875 0.703125 0.183594 0.691406 0.183594 0.683594 0.1875 0.679688 0.1875 0.675781 0.183594 0.671875 0.183594 0.664062 0.175781 0.65625 0.175781 0.652344 0.167969 0.644531 0.15625 0.644531 0.152344 0.640625
0 0.441406 0.4375 0.433594 0.445312 0.429688 0.445312 0.429688 0.464844 0.433594 0.46875 0.433594 0.476562 0.433594 0.457031 0.441406 0.449219 0.441406 0.445312 0.449219 0.4375
0 0.269531 0.835938 0.265625 0.839844 0.265625 0.847656 0.269531 0.851562 0.277344 0.851562 0.28125 0.847656 0.28125 0.839844 0.277344 0.835938
0 0.195312 0.511719 0.195312 0.515625 0.191406 0.519531 0.191406 0.523438 0.1875 0.527344 0.1875 0.539062 0.183594 0.542969 0.207031 0.566406 0.210938 0.566406 0.214844 0.570312 0.222656 0.570312 0.226562 0.566406 0.234375 0.566406 0.238281 0.5625 0.238281 0.523438 0.230469 0.515625 0.226562 0.515625 0.222656 0.511719
0 0.328125 0.285156 0.324219 0.289062 0.324219 0.296875 0.328125 0.300781 0.335938 0.300781 0.339844 0.296875 0.339844 0.289062 0.335938 0.285156
0 0.222656 0.742188 0.210938 0.753906 0.210938 0.757812 0.207031 0.761719 0.207031 0.765625 0.203125 0.769531 0.203125 0.792969 0.207031 0.796875 0.207031 0.800781 0.210938 0.804688 0.210938 0.808594 0.21875 0.816406 0.21875 0.820312 0.222656 0.824219 0.234375 0.824219 0.238281 0.828125 0.25 0.828125 0.253906 0.832031 0.257812 0.832031 0.261719 0.835938 0.261719 0.828125 0.269531 0.820312 0.269531 0.816406 0.273438 0.8125 0.273438 0.808594 0.277344 0.804688 0.277344 0.800781 0.285156 0.792969 0.289062 0.792969 0.296875 0.785156 0.296875 0.777344 0.300781 0.773438 0.292969 0.765625 0.292969 0.761719 0.277344 0.746094 0.269531 0.746094 0.265625 0.742188 0.261719 0.746094 0.25 0.746094 0.246094 0.742188
0 0.207031 0.210938 0.199219 0.21875 0.199219 0.242188 0.207031 0.25 0.222656 0.25 0.226562 0.246094 0.226562 0.238281 0.230469 0.234375 0.230469 0.21875 0.222656 0.210938
0 0.273438 0.636719 0.265625 0.644531 0.238281 0.644531 0.238281 0.648438 0.230469 0.65625 0.222656 0.65625 0.222656 0.660156 0.214844 0.667969 0.214844 0.695312 0.21875 0.699219 0.21875 0.703125 0.222656 0.707031 0.226562 0.707031 0.230469 0.710938 0.261719 0.710938 0.273438 0.699219 0.277344 0.699219 0.277344 0.695312 0.28125 0.691406 0.28125 0.6875 0.285156 0.683594 0.285156 0.679688 0.292969 0.671875 0.292969 0.664062 0.289062 0.664062 0.277344 0.652344 0.277344 0.644531 0.273438 0.640625
0 0.226562 0.378906 0.214844 0.390625 0.210938 0.390625 0.203125 0.398438 0.203125 0.402344 0.199219 0.40625 0.199219 0.453125 0.214844 0.46875 0.226562 0.46875 0.230469 0.472656 0.242188 0.472656 0.246094 0.46875 0.25 0.46875 0.253906 0.464844 0.257812 0.464844 0.265625 0.457031 0.265625 0.453125 0.273438 0.445312 0.273438 0.4375 0.28125 0.429688 0.28125 0.40625 0.277344 0.402344 0.277344 0.398438 0.273438 0.394531 0.273438 0.390625 0.261719 0.378906
0 0.339844 0.460938 0.335938 0.464844 0.324219 0.464844 0.308594 0.480469 0.308594 0.484375 0.304688 0.488281 0.304688 0.511719 0.308594 0.515625 0.308594 0.523438 0.316406 0.53125 0.347656 0.53125 0.355469 0.523438 0.359375 0.523438 0.359375 0.515625 0.363281 0.511719 0.363281 0.507812 0.367188 0.503906 0.367188 0.5 0.371094 0.496094 0.371094 0.476562 0.367188 0.472656 0.367188 0.46875 0.363281 0.46875 0.359375 0.464844 0.355469 0.464844 0.351562 0.460938
0 0.308594 0.796875 0.304688 0.800781 0.296875 0.800781 0.285156 0.8125 0.285156 0.835938 0.289062 0.839844 0.289062 0.84375 0.292969 0.847656 0.296875 0.847656 0.300781 0.851562 0.304688 0.851562 0.308594 0.855469 0.328125 0.855469 0.335938 0.847656 0.335938 0.84375 0.339844 0.839844 0.339844 0.804688 0.332031 0.796875
0 0.410156 0.496094 0.398438 0.507812 0.398438 0.535156 0.402344 0.539062 0.40625 0.539062 0.414062 0.546875 0.417969 0.546875 0.425781 0.554688 0.4375 0.554688 0.441406 0.550781 0.441406 0.539062 0.429688 0.527344 0.429688 0.503906 0.425781 0.5 0.421875 0.5 0.417969 0.496094
0 0.351562 0.28125 0.347656 0.285156 0.347656 0.292969 0.351562 0.296875 0.359375 0.296875 0.363281 0.292969 0.363281 0.285156 0.359375 0.28125
0 0.296875 0.195312 0.300781 0.199219 0.300781 0.203125 0.304688 0.207031 0.304688 0.210938 0.308594 0.214844 0.308594 0.238281 0.292969 0.253906 0.269531 0.253906 0.265625 0.25 0.25 0.25 0.246094 0.246094 0.242188 0.246094 0.234375 0.238281 0.234375 0.230469 0.234375 0.234375 0.230469 0.238281 0.230469 0.246094 0.222656 0.253906 0.207031 0.253906 0.199219 0.246094 0.199219 0.25 0.203125 0.25 0.210938 0.257812 0.210938 0.285156 0.207031 0.289062 0.207031 0.292969 0.21875 0.304688 0.21875 0.308594 0.222656 0.3125 0.222656 0.316406 0.226562 0.316406 0.230469 0.320312 0.238281 0.320312 0.242188 0.324219 0.257812 0.324219 0.261719 0.320312 0.273438 0.320312 0.277344 0.316406 0.28125 0.316406 0.285156 0.3125 0.289062 0.3125 0.289062 0.304688 0.296875 0.296875 0.296875 0.277344 0.289062 0.269531 0.289062 0.261719 0.296875 0.253906 0.300781 0.253906 0.300781 0.25 0.308594 0.242188 0.308594 0.214844 0.304688 0.210938 0.304688 0.207031 0.300781 0.203125 0.300781 0.199219
0 0.441406 0.496094 0.433594 0.503906 0.433594 0.527344 0.449219 0.542969 0.488281 0.542969 0.492188 0.539062 0.492188 0.523438 0.488281 0.519531 0.484375 0.519531 0.480469 0.515625 0.460938 0.515625 0.457031 0.511719 0.457031 0.507812 0.453125 0.503906 0.453125 0.5 0.449219 0.496094
0 0.0078125 0.550781 0 0.558594 0 0.601562 0.00390625 0.605469 0.00390625 0.609375 0.0390625 0.609375 0.046875 0.601562 0.0507812 0.601562 0.0507812 0.570312 0.0351562 0.554688 0.03125 0.554688 0.0273438 0.550781
0 0.394531 0.792969 0.390625 0.796875 0.382812 0.796875 0.378906 0.800781 0.375 0.800781 0.371094 0.804688 0.371094 0.808594 0.363281 0.816406 0.359375 0.816406 0.347656 0.828125 0.347656 0.84375 0.351562 0.847656 0.359375 0.847656 0.363281 0.851562 0.367188 0.851562 0.371094 0.855469 0.375 0.855469 0.378906 0.859375 0.402344 0.859375 0.40625 0.863281 0.417969 0.863281 0.429688 0.851562 0.429688 0.847656 0.433594 0.84375 0.433594 0.832031 0.429688 0.828125 0.429688 0.820312 0.425781 0.816406 0.425781 0.8125 0.421875 0.808594 0.421875 0.804688 0.410156 0.792969
0 0.105469 0.355469 0.09375 0.367188 0.09375 0.378906 0.0898438 0.382812 0.0898438 0.417969 0.09375 0.421875 0.105469 0.421875 0.109375 0.425781 0.132812 0.425781 0.136719 0.421875 0.148438 0.421875 0.148438 0.417969 0.15625 0.410156 0.15625 0.382812 0.152344 0.378906 0.152344 0.375 0.136719 0.359375 0.132812 0.359375 0.128906 0.355469
0 0.496094 0.332031 0.492188 0.335938 0.488281 0.335938 0.484375 0.339844 0.484375 0.34375 0.480469 0.347656 0.480469 0.355469 0.484375 0.359375 0.484375 0.363281 0.488281 0.367188 0.492188 0.367188 0.496094 0.371094 0.511719 0.371094 0.515625 0.367188 0.519531 0.367188 0.519531 0.363281 0.523438 0.359375 0.523438 0.355469 0.527344 0.351562 0.527344 0.34375 0.523438 0.339844 0.523438 0.335938 0.519531 0.335938 0.515625 0.332031
