0 0.621094 0.722656 0.621094 0.726562 0.617188 0.730469 0.609375 0.730469 0.605469 0.734375 0.605469 0.738281 0.597656 0.746094 0.597656 0.769531 0.613281 0.785156 0.617188 0.785156 0.621094 0.789062 0.644531 0.789062 0.648438 0.785156 0.652344 0.785156 0.65625 0.78125 0.660156 0.78125 0.667969 0.773438 0.667969 0.765625 0.671875 0.761719 0.671875 0.75 0.667969 0.746094 0.667969 0.738281 0.65625 0.726562 0.652344 0.726562 0.648438 0.722656
0 0.425781 0.890625 0.425781 0.902344 0.40625 0.921875 0.402344 0.921875 0.394531 0.929688 0.398438 0.933594 0.433594 0.933594 0.441406 0.925781 0.441406 0.894531 0.4375 0.890625
0 0.25 0.703125 0.25 0.707031 0.246094 0.710938 0.238281 0.710938 0.234375 0.714844 0.230469 0.714844 0.222656 0.722656 0.21875 0.722656 0.214844 0.726562 0.214844 0.75 0.21875 0.753906 0.21875 0.757812 0.222656 0.761719 0.234375 0.761719 0.238281 0.757812 0.242188 0.757812 0.246094 0.753906 0.25 0.753906 0.253906 0.75 0.257812 0.75 0.261719 0.746094 0.265625 0.746094 0.265625 0.742188 0.269531 0.738281 0.273438 0.738281 0.277344 0.734375 0.28125 0.734375 0.285156 0.730469 0.285156 0.726562 0.289062 0.722656 0.289062 0.71875 0.285156 0.714844 0.285156 0.710938 0.277344 0.703125
0 0.148438 0.0820312 0.144531 0.0859375 0.136719 0.0859375 0.121094 0.101562 0.121094 0.105469 0.117188 0.109375 0.117188 0.117188 0.121094 0.121094 0.121094 0.132812 0.136719 0.148438 0.140625 0.148438 0.144531 0.152344 0.15625 0.152344 0.160156 0.15625 0.164062 0.15625 0.167969 0.152344 0.175781 0.152344 0.179688 0.148438 0.183594 0.148438 0.191406 0.140625 0.191406 0.136719 0.195312 0.132812 0.195312 0.109375 0.175781 0.0898438 0.171875 0.0898438 0.167969 0.0859375 0.164062 0.0859375 0.160156 0.0820312 0.15625 0.0859375 0.152344 0.0859375
0 0.488281 0.667969 0.484375 0.671875 0.480469 0.671875 0.46875 0.683594 0.46875 0.707031 0.484375 0.722656 0.492188 0.722656 0.496094 0.726562 0.503906 0.726562 0.507812 0.722656 0.511719 0.722656 0.515625 0.71875 0.523438 0.71875 0.527344 0.714844 0.527344 0.699219 0.523438 0.695312 0.523438 0.691406 0.519531 0.6875 0.519531 0.683594 0.507812 0.671875 0.503906 0.671875 0.5 0.667969
0 0.164062 0.28125 0.160156 0.285156 0.160156 0.292969 0.164062 0.296875 0.171875 0.296875 0.175781 0.292969 0.175781 0.285156 0.171875 0.28125
0 0.378906 0.320312 0.375 0.324219 0.375 0.332031 0.378906 0.335938 0.386719 0.335938 0.390625 0.332031 0.390625 0.324219 0.386719 0.320312
0 0.808594 0.910156 0.804688 0.914062 0.796875 0.914062 0.789062 0.921875 0.789062 0.929688 0.785156 0.933594 0.785156 0.9375 0.78125 0.941406 0.78125 0.949219 0.777344 0.953125 0.777344 0.972656 0.78125 0.976562 0.78125 0.980469 0.785156 0.984375 0.789062 0.984375 0.792969 0.988281 0.8125 0.988281 0.816406 0.984375 0.820312 0.984375 0.828125 0.976562 0.828125 0.972656 0.832031 0.96875 0.832031 0.964844 0.835938 0.960938 0.835938 0.929688 0.820312 0.914062 0.8125 0.914062
0 0.382812 0.875 0.378906 0.878906 0.378906 0.882812 0.363281 0.898438 0.363281 0.917969 0.367188 0.921875 0.382812 0.921875 0.386719 0.925781 0.394531 0.925781 0.402344 0.917969 0.40625 0.917969 0.421875 0.902344 0.421875 0.882812 0.414062 0.875
0 0.589844 0.101562 0.589844 0.105469 0.585938 0.109375 0.578125 0.109375 0.570312 0.117188 0.570312 0.121094 0.566406 0.125 0.566406 0.148438 0.570312 0.152344 0.570312 0.15625 0.574219 0.160156 0.574219 0.164062 0.585938 0.175781 0.589844 0.175781 0.59375 0.179688 0.613281 0.179688 0.617188 0.175781 0.621094 0.175781 0.621094 0.171875 0.632812 0.160156 0.632812 0.15625 0.636719 0.152344 0.636719 0.148438 0.644531 0.140625 0.644531 0.128906 0.636719 0.121094 0.628906 0.121094 0.621094 0.113281 0.617188 0.113281 0.613281 0.109375 0.613281 0.105469 0.605469 0.105469 0.601562 0.101562 0.597656 0.105469 0.59375 0.105469
0 0.984375 0.71875 0.980469 0.722656 0.980469 0.753906 0.984375 0.757812 0.984375 0.78125 0.992188 0.789062 0.996094 0.789062 0.996094 0.71875
0 0.164062 0.542969 0.164062 0.546875 0.160156 0.550781 0.160156 0.558594 0.15625 0.5625 0.152344 0.558594 0.152344 0.554688 0.148438 0.554688 0.140625 0.5625 0.140625 0.570312 0.136719 0.574219 0.136719 0.582031 0.140625 0.585938 0.140625 0.589844 0.144531 0.59375 0.144531 0.597656 0.152344 0.605469 0.15625 0.605469 0.160156 0.609375 0.160156 0.613281 0.183594 0.613281 0.1875 0.609375 0.1875 0.605469 0.191406 0.601562 0.195312 0.601562 0.207031 0.589844 0.207031 0.585938 0.210938 0.582031 0.210938 0.574219 0.207031 0.570312 0.207031 0.5625 0.203125 0.558594 0.203125 0.554688 0.199219 0.550781 0.191406 0.550781 0.1875 0.546875 0.179688 0.546875 0.175781 0.542969
