0 0.89375 0.929688 0.890625 0.933594 0.890625 0.941406 0.8875 0.945312 0.8875 0.953125 0.884375 0.957031 0.884375 0.96875 0.88125 0.972656 0.88125 0.984375 0.884375 0.988281 0.884375 0.992188 0.8875 0.996094 0.940625 0.996094 0.953125 0.980469 0.953125 0.964844 0.94375 0.953125 0.94375 0.941406 0.9375 0.933594 0.925 0.933594 0.91875 0.941406 0.9125 0.941406 0.909375 0.9375 0.90625 0.9375 0.9 0.929688
0 0.890625 0.546875 0.8875 0.550781 0.884375 0.550781 0.88125 0.554688 0.878125 0.554688 0.83125 0.613281 0.828125 0.613281 0.81875 0.625 0.815625 0.625 0.8 0.644531 0.8 0.648438 0.79375 0.65625 0.79375 0.667969 0.796875 0.671875 0.803125 0.671875 0.80625 0.675781 0.815625 0.675781 0.81875 0.671875 0.821875 0.671875 0.825 0.667969 0.828125 0.667969 0.834375 0.660156 0.834375 0.65625 0.846875 0.640625 0.846875 0.636719 0.865625 0.613281 0.871875 0.613281 0.878125 0.605469 0.878125 0.601562 0.88125 0.597656 0.88125 0.59375 0.896875 0.574219 0.896875 0.570312 0.9 0.566406 0.9 0.550781 0.896875 0.546875
0 0.990625 0.480469 0.9875 0.484375 0.984375 0.484375 0.975 0.496094 0.975 0.507812 0.978125 0.511719 0.978125 0.515625 0.98125 0.519531 0.98125 0.527344 0.984375 0.53125 0.984375 0.535156 0.990625 0.542969 0.99375 0.542969 0.996875 0.546875 0.996875 0.480469
0 0.75625 0.796875 0.753125 0.800781 0.75 0.800781 0.746875 0.804688 0.74375 0.804688 0.740625 0.808594 0.73125 0.808594 0.728125 0.8125 0.728125 0.816406 0.71875 0.828125 0.71875 0.832031 0.7125 0.839844 0.7125 0.84375 0.70625 0.851562 0.70625 0.859375 0.703125 0.863281 0.703125 0.867188 0.696875 0.875 0.696875 0.882812 0.69375 0.886719 0.69375 0.914062 0.696875 0.917969 0.7 0.917969 0.703125 0.921875 0.709375 0.921875 0.721875 0.90625 0.725 0.90625 0.73125 0.898438 0.73125 0.890625 0.74375 0.875 0.74375 0.871094 0.75625 0.855469 0.75625 0.847656 0.759375 0.84375 0.759375 0.839844 0.765625 0.832031 0.765625 0.824219 0.76875 0.820312 0.76875 0.816406 0.771875 0.8125 0.771875 0.808594 0.76875 0.804688 0.76875 0.800781 0.765625 0.796875
0 0.971875 0.734375 0.96875 0.738281 0.965625 0.738281 0.9625 0.742188 0.959375 0.742188 0.95625 0.746094 0.953125 0.746094 0.95 0.75 0.946875 0.75 0.928125 0.773438 0.928125 0.78125 0.925 0.785156 0.925 0.800781 0.928125 0.804688 0.93125 0.804688 0.9375 0.8125 0.940625 0.8125 0.95 0.824219 0.978125 0.824219 0.996875 0.800781 0.996875 0.738281 0.99375 0.738281 0.990625 0.734375
0 0.9125 0.679688 0.909375 0.683594 0.903125 0.683594 0.896875 0.691406 0.89375 0.691406 0.878125 0.710938 0.878125 0.726562 0.88125 0.730469 0.8875 0.730469 0.890625 0.726562 0.896875 0.726562 0.9 0.722656 0.903125 0.722656 0.90625 0.71875 0.909375 0.71875 0.921875 0.703125 0.921875 0.699219 0.925 0.695312 0.925 0.683594 0.921875 0.679688
0 0.8875 0.859375 0.884375 0.863281 0.884375 0.871094 0.88125 0.875 0.88125 0.878906 0.878125 0.882812 0.878125 0.886719 0.875 0.890625 0.875 0.902344 0.86875 0.910156 0.86875 0.914062 0.865625 0.917969 0.865625 0.925781 0.8625 0.929688 0.8625 0.933594 0.859375 0.9375 0.859375 0.941406 0.85625 0.945312 0.85625 0.949219 0.853125 0.953125 0.853125 0.960938 0.85 0.964844 0.85 0.976562 0.853125 0.980469 0.859375 0.980469 0.8625 0.976562 0.8625 0.972656 0.865625 0.96875 0.865625 0.960938 0.871875 0.953125 0.871875 0.949219 0.875 0.945312 0.875 0.941406 0.884375 0.929688 0.8875 0.929688 0.9 0.914062 0.903125 0.914062 0.909375 0.90625 0.9125 0.90625 0.915625 0.902344 0.915625 0.890625 0.909375 0.882812 0.909375 0.878906 0.90625 0.875 0.90625 0.871094 0.903125 0.867188 0.903125 0.863281 0.9 0.859375
0 0.934375 0.664062 0.93125 0.667969 0.93125 0.679688 0.928125 0.683594 0.928125 0.695312 0.925 0.699219 0.925 0.703125 0.9125 0.71875 0.9125 0.726562 0.90625 0.734375 0.90625 0.738281 0.909375 0.742188 0.91875 0.742188 0.928125 0.730469 0.93125 0.730469 0.940625 0.71875 0.940625 0.714844 0.946875 0.707031 0.946875 0.703125 0.95 0.699219 0.95 0.671875 0.94375 0.664062
0 0.996875 0.644531 0.990625 0.652344 0.990625 0.691406 0.9875 0.695312 0.9875 0.703125 0.99375 0.710938 0.996875 0.710938
0 0.99375 0.222656 0.959375 0.265625 0.959375 0.269531 0.965625 0.277344 0.975 0.277344 0.978125 0.273438 0.984375 0.273438 0.9875 0.269531 0.996875 0.269531 0.996875 0.222656
