0 0.0234375 0.523438 0.0078125 0.539062 0.0078125 0.546875 0 0.554688 0 0.578125 0.00390625 0.582031 0.0117188 0.582031 0.0195312 0.574219 0.0195312 0.570312 0.0234375 0.566406 0.0234375 0.554688 0.0273438 0.550781 0.0273438 0.539062 0.03125 0.535156 0.03125 0.527344 0.0273438 0.523438
0 0.0859375 0.433594 0.078125 0.441406 0.078125 0.460938 0.0859375 0.46875 0.101562 0.46875 0.105469 0.464844 0.105469 0.449219 0.101562 0.445312 0.101562 0.4375 0.0976562 0.433594
0 0.0742188 0.539062 0.0703125 0.542969 0.0664062 0.542969 0.0625 0.546875 0.0625 0.566406 0.0664062 0.570312 0.0664062 0.574219 0.0703125 0.578125 0.0703125 0.582031 0.0742188 0.585938 0.0898438 0.585938 0.0976562 0.578125 0.0976562 0.558594 0.101562 0.554688 0.101562 0.550781 0.09375 0.542969 0.0898438 0.542969 0.0859375 0.539062
0 0.433594 0.0625 0.417969 0.078125 0.417969 0.0898438 0.421875 0.09375 0.429688 0.09375 0.449219 0.0742188 0.449219 0.0664062 0.445312 0.0625
0 0.703125 0.351562 0.695312 0.359375 0.695312 0.378906 0.703125 0.386719 0.707031 0.386719 0.714844 0.378906 0.714844 0.375 0.71875 0.371094 0.71875 0.363281 0.714844 0.359375 0.714844 0.355469 0.710938 0.351562
0 0.183594 0.417969 0.175781 0.425781 0.175781 0.433594 0.179688 0.4375 0.183594 0.4375 0.199219 0.453125 0.199219 0.460938 0.207031 0.46875 0.230469 0.46875 0.234375 0.464844 0.234375 0.457031 0.230469 0.453125 0.230469 0.449219 0.207031 0.425781 0.203125 0.425781 0.199219 0.421875 0.195312 0.421875 0.191406 0.417969
0 0.195312 0.558594 0.1875 0.566406 0.183594 0.566406 0.179688 0.570312 0.179688 0.574219 0.183594 0.578125 0.183594 0.582031 0.191406 0.589844 0.199219 0.589844 0.207031 0.597656 0.214844 0.597656 0.21875 0.601562 0.226562 0.601562 0.226562 0.59375 0.238281 0.582031 0.238281 0.574219 0.242188 0.570312 0.242188 0.566406 0.238281 0.5625 0.207031 0.5625 0.203125 0.558594
0 0.433594 0.578125 0.429688 0.582031 0.429688 0.597656 0.433594 0.601562 0.433594 0.636719 0.4375 0.640625 0.445312 0.640625 0.453125 0.632812 0.453125 0.597656 0.449219 0.59375 0.449219 0.589844 0.4375 0.578125
0 0.511719 0.515625 0.507812 0.519531 0.503906 0.519531 0.5 0.523438 0.5 0.527344 0.492188 0.535156 0.492188 0.542969 0.488281 0.546875 0.488281 0.554688 0.492188 0.558594 0.496094 0.558594 0.5 0.554688 0.503906 0.554688 0.507812 0.550781 0.511719 0.550781 0.515625 0.546875 0.519531 0.546875 0.523438 0.542969 0.535156 0.542969 0.539062 0.539062 0.539062 0.53125 0.523438 0.515625
0 0.734375 0.03125 0.730469 0.0351562 0.722656 0.0351562 0.71875 0.0390625 0.71875 0.0664062 0.726562 0.0742188 0.730469 0.0742188 0.734375 0.078125 0.746094 0.078125 0.753906 0.0703125 0.753906 0.0429688 0.746094 0.0351562 0.742188 0.0351562 0.738281 0.03125
0 0.257812 0.714844 0.25 0.722656 0.25 0.730469 0.246094 0.734375 0.246094 0.75 0.253906 0.757812 0.257812 0.757812 0.261719 0.753906 0.269531 0.753906 0.28125 0.742188 0.28125 0.738281 0.277344 0.734375 0.277344 0.722656 0.273438 0.71875 0.269531 0.71875 0.265625 0.714844
0 0.0078125 0.699219 0.00390625 0.703125 0 0.703125 0 0.738281 0.00390625 0.738281 0.0078125 0.734375 0.0117188 0.734375 0.015625 0.730469 0.015625 0.726562 0.0195312 0.722656 0.0195312 0.71875 0.0234375 0.714844 0.0234375 0.703125 0.0195312 0.699219
0 0.324219 0.589844 0.316406 0.597656 0.316406 0.601562 0.3125 0.605469 0.3125 0.613281 0.328125 0.628906 0.339844 0.628906 0.34375 0.625 0.34375 0.597656 0.335938 0.589844
0 0.617188 0.414062 0.613281 0.417969 0.605469 0.417969 0.605469 0.425781 0.601562 0.429688 0.609375 0.4375 0.609375 0.441406 0.617188 0.449219 0.628906 0.449219 0.632812 0.445312 0.640625 0.445312 0.648438 0.4375 0.648438 0.425781 0.636719 0.414062
0 0.675781 0.980469 0.667969 0.988281 0.667969 0.996094 0.707031 0.996094 0.707031 0.988281 0.699219 0.980469
0 0.289062 0.648438 0.28125 0.65625 0.28125 0.664062 0.285156 0.667969 0.285156 0.675781 0.296875 0.6875 0.3125 0.6875 0.320312 0.679688 0.324219 0.679688 0.332031 0.671875 0.332031 0.65625 0.328125 0.652344 0.324219 0.652344 0.320312 0.648438 0.316406 0.648438 0.3125 0.652344 0.304688 0.652344 0.300781 0.648438
0 0.0546875 0.382812 0.0507812 0.386719 0.0507812 0.390625 0.046875 0.394531 0.046875 0.421875 0.0429688 0.425781 0.0429688 0.441406 0.0390625 0.445312 0.0390625 0.449219 0.0429688 0.453125 0.0429688 0.457031 0.0507812 0.464844 0.0625 0.464844 0.0703125 0.457031 0.0742188 0.457031 0.0742188 0.441406 0.0820312 0.433594 0.078125 0.429688 0.078125 0.421875 0.0820312 0.417969 0.0820312 0.390625 0.078125 0.386719 0.0742188 0.386719 0.0703125 0.382812
0 0.53125 0.90625 0.519531 0.917969 0.515625 0.917969 0.507812 0.925781 0.507812 0.929688 0.511719 0.933594 0.515625 0.933594 0.523438 0.941406 0.539062 0.941406 0.550781 0.929688 0.550781 0.917969 0.546875 0.914062 0.546875 0.910156 0.542969 0.90625
0 0.152344 0.3125 0.148438 0.316406 0.144531 0.316406 0.140625 0.320312 0.140625 0.324219 0.132812 0.332031 0.132812 0.347656 0.136719 0.351562 0.140625 0.351562 0.144531 0.347656 0.152344 0.347656 0.15625 0.34375 0.15625 0.339844 0.160156 0.335938 0.160156 0.332031 0.164062 0.328125 0.164062 0.324219 0.167969 0.320312 0.167969 0.316406 0.164062 0.3125
0 0.660156 0.703125 0.65625 0.707031 0.65625 0.714844 0.660156 0.71875 0.660156 0.722656 0.664062 0.726562 0.664062 0.734375 0.660156 0.738281 0.660156 0.746094 0.65625 0.75 0.65625 0.753906 0.660156 0.757812 0.664062 0.757812 0.671875 0.75 0.671875 0.746094 0.679688 0.738281 0.679688 0.71875 0.664062 0.703125
0 0.59375 0.238281 0.578125 0.253906 0.578125 0.265625 0.574219 0.269531 0.574219 0.277344 0.578125 0.28125 0.578125 0.285156 0.582031 0.289062 0.59375 0.289062 0.597656 0.285156 0.597656 0.261719 0.601562 0.257812 0.601562 0.25 0.605469 0.246094 0.605469 0.242188 0.601562 0.238281
0 0.410156 0.765625 0.402344 0.773438 0.402344 0.777344 0.398438 0.78125 0.398438 0.785156 0.402344 0.789062 0.402344 0.792969 0.40625 0.796875 0.417969 0.796875 0.421875 0.792969 0.425781 0.792969 0.429688 0.789062 0.429688 0.777344 0.417969 0.765625
0 0.582031 0.402344 0.578125 0.40625 0.578125 0.410156 0.574219 0.414062 0.574219 0.425781 0.582031 0.433594 0.59375 0.433594 0.601562 0.425781 0.601562 0.40625 0.597656 0.402344
0 0.171875 0.738281 0.164062 0.746094 0.164062 0.75 0.15625 0.757812 0.15625 0.765625 0.160156 0.769531 0.1875 0.769531 0.191406 0.765625 0.191406 0.742188 0.1875 0.738281
0 0.792969 0.375 0.785156 0.382812 0.785156 0.386719 0.78125 0.390625 0.78125 0.394531 0.773438 0.402344 0.773438 0.40625 0.78125 0.414062 0.796875 0.414062 0.804688 0.40625 0.804688 0.402344 0.808594 0.398438 0.808594 0.390625 0.800781 0.382812 0.800781 0.378906 0.796875 0.375
0 0.117188 0.625 0.113281 0.628906 0.101562 0.628906 0.0976562 0.632812 0.09375 0.632812 0.0859375 0.640625 0.0859375 0.644531 0.0898438 0.648438 0.0898438 0.652344 0.09375 0.65625 0.0976562 0.65625 0.101562 0.660156 0.117188 0.660156 0.121094 0.65625 0.121094 0.644531 0.125 0.640625 0.125 0.628906 0.121094 0.625
0 0.203125 0.601562 0.199219 0.605469 0.199219 0.613281 0.207031 0.621094 0.210938 0.621094 0.214844 0.625 0.222656 0.625 0.238281 0.640625 0.246094 0.640625 0.25 0.636719 0.25 0.625 0.234375 0.609375 0.230469 0.609375 0.226562 0.605469 0.21875 0.605469 0.214844 0.601562
0 0.613281 0.015625 0.601562 0.0273438 0.601562 0.0429688 0.605469 0.046875 0.605469 0.0507812 0.613281 0.0585938 0.617188 0.0585938 0.621094 0.0546875 0.621094 0.046875 0.625 0.0429688 0.625 0.0390625 0.632812 0.03125 0.632812 0.0273438 0.636719 0.0234375 0.636719 0.0195312 0.632812 0.015625
0 0.25 0.367188 0.230469 0.386719 0.226562 0.386719 0.222656 0.390625 0.222656 0.394531 0.226562 0.398438 0.246094 0.398438 0.25 0.394531 0.257812 0.394531 0.261719 0.390625 0.261719 0.378906 0.257812 0.375 0.257812 0.371094 0.253906 0.367188
0 0.722656 0.796875 0.714844 0.804688 0.714844 0.808594 0.710938 0.8125 0.710938 0.816406 0.707031 0.820312 0.707031 0.828125 0.714844 0.835938 0.730469 0.835938 0.734375 0.832031 0.738281 0.832031 0.746094 0.824219 0.75 0.824219 0.761719 0.8125 0.761719 0.808594 0.757812 0.804688 0.746094 0.804688 0.742188 0.800781 0.738281 0.800781 0.734375 0.796875
0 0.425781 0.894531 0.421875 0.898438 0.421875 0.902344 0.417969 0.90625 0.417969 0.910156 0.421875 0.914062 0.421875 0.917969 0.429688 0.925781 0.441406 0.925781 0.445312 0.921875 0.453125 0.921875 0.460938 0.914062 0.460938 0.910156 0.457031 0.90625 0.457031 0.902344 0.449219 0.894531
0 0.449219 0.664062 0.441406 0.671875 0.441406 0.675781 0.449219 0.683594 0.457031 0.683594 0.460938 0.6875 0.464844 0.6875 0.476562 0.699219 0.480469 0.699219 0.488281 0.707031 0.496094 0.707031 0.5 0.703125 0.5 0.683594 0.480469 0.664062
0 0.484375 0.808594 0.476562 0.816406 0.476562 0.824219 0.484375 0.832031 0.492188 0.832031 0.496094 0.828125 0.496094 0.816406 0.488281 0.808594
0 0.742188 0.109375 0.726562 0.125 0.726562 0.136719 0.730469 0.140625 0.734375 0.140625 0.738281 0.144531 0.765625 0.144531 0.777344 0.132812 0.777344 0.117188 0.773438 0.113281 0.761719 0.113281 0.757812 0.109375
0 0.378906 0.0820312 0.375 0.0859375 0.375 0.09375 0.382812 0.101562 0.40625 0.101562 0.410156 0.0976562 0.410156 0.0898438 0.40625 0.0859375 0.394531 0.0859375 0.390625 0.0820312
0 0.539062 0.078125 0.535156 0.0820312 0.53125 0.0820312 0.523438 0.0898438 0.523438 0.09375 0.519531 0.0976562 0.519531 0.109375 0.523438 0.113281 0.523438 0.128906 0.53125 0.136719 0.542969 0.136719 0.550781 0.128906 0.550781 0.117188 0.554688 0.113281 0.554688 0.0859375 0.546875 0.078125
0 0.746094 0.675781 0.742188 0.679688 0.742188 0.6875 0.738281 0.691406 0.738281 0.695312 0.734375 0.699219 0.734375 0.703125 0.738281 0.707031 0.738281 0.710938 0.746094 0.71875 0.761719 0.71875 0.765625 0.714844 0.765625 0.703125 0.761719 0.699219 0.761719 0.6875 0.757812 0.683594 0.757812 0.679688 0.753906 0.675781
0 0.28125 0.40625 0.277344 0.410156 0.273438 0.410156 0.269531 0.414062 0.269531 0.417969 0.257812 0.429688 0.257812 0.449219 0.253906 0.453125 0.253906 0.464844 0.257812 0.46875 0.257812 0.472656 0.265625 0.480469 0.273438 0.480469 0.277344 0.476562 0.277344 0.472656 0.28125 0.46875 0.28125 0.464844 0.285156 0.460938 0.285156 0.453125 0.289062 0.449219 0.289062 0.441406 0.292969 0.4375 0.292969 0.429688 0.296875 0.425781 0.296875 0.421875 0.300781 0.417969 0.300781 0.410156 0.296875 0.40625
0 0.765625 0.28125 0.761719 0.285156 0.757812 0.285156 0.746094 0.296875 0.746094 0.328125 0.742188 0.332031 0.742188 0.339844 0.75 0.347656 0.765625 0.347656 0.785156 0.328125 0.785156 0.316406 0.789062 0.3125 0.789062 0.292969 0.78125 0.285156 0.773438 0.285156 0.769531 0.28125
0 0.339844 0.910156 0.335938 0.914062 0.332031 0.914062 0.328125 0.917969 0.328125 0.921875 0.324219 0.925781 0.324219 0.929688 0.328125 0.933594 0.328125 0.9375 0.332031 0.941406 0.351562 0.941406 0.359375 0.933594 0.359375 0.929688 0.363281 0.925781 0.363281 0.914062 0.359375 0.910156
0 0.640625 0.578125 0.632812 0.585938 0.628906 0.585938 0.625 0.589844 0.613281 0.589844 0.609375 0.59375 0.609375 0.597656 0.621094 0.609375 0.625 0.609375 0.632812 0.617188 0.660156 0.617188 0.664062 0.613281 0.667969 0.613281 0.671875 0.609375 0.671875 0.601562 0.667969 0.597656 0.664062 0.597656 0.644531 0.578125
