0 0.289062 0.378906 0.28125 0.386719 0.269531 0.386719 0.253906 0.402344 0.253906 0.421875 0.269531 0.4375 0.273438 0.4375 0.277344 0.441406 0.285156 0.441406 0.289062 0.445312 0.296875 0.445312 0.300781 0.441406 0.3125 0.441406 0.328125 0.425781 0.328125 0.414062 0.332031 0.410156 0.332031 0.402344 0.328125 0.398438 0.328125 0.394531 0.3125 0.378906
0 0.375 0.335938 0.371094 0.339844 0.371094 0.355469 0.375 0.359375 0.382812 0.359375 0.390625 0.351562 0.390625 0.347656 0.386719 0.34375 0.386719 0.339844 0.382812 0.335938
0 0.453125 0 0.445312 0.0078125 0.445312 0.0195312 0.449219 0.0234375 0.449219 0.03125 0.464844 0.046875 0.46875 0.046875 0.472656 0.0507812 0.492188 0.0507812 0.496094 0.046875 0.5 0.046875 0.507812 0.0390625 0.507812 0.0078125 0.5 0
0 0.691406 0.015625 0.683594 0.0234375 0.683594 0.0273438 0.671875 0.0390625 0.671875 0.078125 0.675781 0.0820312 0.679688 0.0820312 0.683594 0.0859375 0.730469 0.0859375 0.734375 0.0820312 0.738281 0.0820312 0.742188 0.078125 0.742188 0.0429688 0.722656 0.0234375 0.71875 0.0234375 0.714844 0.0195312 0.699219 0.0195312 0.695312 0.015625
0 0.441406 0.367188 0.4375 0.371094 0.433594 0.371094 0.421875 0.382812 0.421875 0.390625 0.417969 0.394531 0.417969 0.402344 0.421875 0.40625 0.421875 0.414062 0.433594 0.425781 0.441406 0.425781 0.445312 0.429688 0.46875 0.429688 0.480469 0.417969 0.480469 0.410156 0.476562 0.40625 0.476562 0.402344 0.46875 0.394531 0.46875 0.390625 0.472656 0.386719 0.472656 0.382812 0.460938 0.371094 0.457031 0.371094 0.453125 0.367188
0 0.75 0.332031 0.746094 0.335938 0.742188 0.335938 0.738281 0.339844 0.738281 0.34375 0.734375 0.347656 0.734375 0.355469 0.730469 0.359375 0.730469 0.375 0.75 0.394531 0.753906 0.394531 0.761719 0.402344 0.769531 0.402344 0.78125 0.390625 0.78125 0.386719 0.785156 0.382812 0.785156 0.351562 0.777344 0.34375 0.769531 0.34375 0.765625 0.339844 0.761719 0.339844 0.753906 0.332031
0 0.3125 0.753906 0.304688 0.761719 0.300781 0.761719 0.296875 0.765625 0.296875 0.769531 0.292969 0.773438 0.292969 0.777344 0.289062 0.78125 0.289062 0.804688 0.292969 0.808594 0.292969 0.8125 0.308594 0.828125 0.3125 0.828125 0.316406 0.832031 0.34375 0.832031 0.347656 0.828125 0.351562 0.828125 0.367188 0.8125 0.367188 0.785156 0.363281 0.78125 0.363281 0.777344 0.34375 0.757812 0.335938 0.757812 0.332031 0.753906
0 0.757812 0.472656 0.753906 0.476562 0.746094 0.476562 0.742188 0.480469 0.742188 0.519531 0.753906 0.53125 0.773438 0.53125 0.796875 0.507812 0.796875 0.5 0.789062 0.492188 0.789062 0.484375 0.785156 0.480469 0.78125 0.480469 0.777344 0.476562 0.773438 0.476562 0.769531 0.472656
0 0.570312 0 0.570312 0.00390625 0.582031 0.015625 0.585938 0.015625 0.589844 0.0195312 0.621094 0.0195312 0.628906 0.0117188 0.632812 0.0117188 0.636719 0.0078125 0.636719 0.00390625 0.640625 0
0 0.285156 0.636719 0.28125 0.640625 0.265625 0.640625 0.25 0.65625 0.25 0.667969 0.242188 0.675781 0.242188 0.683594 0.246094 0.6875 0.246094 0.691406 0.25 0.695312 0.25 0.699219 0.265625 0.714844 0.277344 0.714844 0.28125 0.71875 0.289062 0.71875 0.292969 0.714844 0.296875 0.714844 0.3125 0.699219 0.3125 0.691406 0.316406 0.6875 0.316406 0.675781 0.3125 0.671875 0.3125 0.664062 0.308594 0.660156 0.308594 0.652344 0.300781 0.644531 0.300781 0.640625 0.296875 0.636719
0 0.554688 0.046875 0.550781 0.0507812 0.542969 0.0507812 0.539062 0.0546875 0.535156 0.0546875 0.523438 0.0664062 0.523438 0.0859375 0.527344 0.0898438 0.527344 0.09375 0.535156 0.101562 0.535156 0.105469 0.542969 0.113281 0.566406 0.113281 0.570312 0.109375 0.578125 0.109375 0.582031 0.105469 0.582031 0.101562 0.597656 0.0859375 0.597656 0.0664062 0.59375 0.0625 0.59375 0.0585938 0.582031 0.046875
0 0.246094 0.976562 0.238281 0.984375 0.238281 0.992188 0.242188 0.996094 0.289062 0.996094 0.289062 0.992188 0.273438 0.976562
0 0.578125 0.945312 0.574219 0.949219 0.570312 0.949219 0.566406 0.953125 0.5625 0.953125 0.558594 0.957031 0.554688 0.957031 0.550781 0.960938 0.546875 0.960938 0.535156 0.972656 0.53125 0.972656 0.523438 0.980469 0.523438 0.996094 0.605469 0.996094 0.617188 0.984375 0.617188 0.980469 0.621094 0.976562 0.621094 0.957031 0.613281 0.949219 0.609375 0.949219 0.605469 0.945312
0 0.996094 0.0742188 0.988281 0.0820312 0.988281 0.0859375 0.984375 0.0898438 0.984375 0.0976562 0.976562 0.105469 0.976562 0.125 0.984375 0.132812 0.996094 0.132812
0 0.175781 0.515625 0.171875 0.519531 0.144531 0.519531 0.140625 0.523438 0.136719 0.523438 0.132812 0.527344 0.132812 0.53125 0.128906 0.535156 0.128906 0.539062 0.132812 0.542969 0.132812 0.546875 0.140625 0.554688 0.140625 0.566406 0.144531 0.570312 0.144531 0.574219 0.148438 0.578125 0.152344 0.578125 0.160156 0.585938 0.164062 0.585938 0.167969 0.589844 0.1875 0.589844 0.195312 0.582031 0.195312 0.574219 0.199219 0.570312 0.199219 0.5625 0.195312 0.558594 0.195312 0.527344 0.183594 0.515625
0 0.367188 0.457031 0.347656 0.476562 0.347656 0.480469 0.335938 0.492188 0.335938 0.5 0.347656 0.511719 0.351562 0.511719 0.355469 0.515625 0.359375 0.515625 0.363281 0.519531 0.367188 0.519531 0.371094 0.515625 0.375 0.515625 0.378906 0.511719 0.386719 0.511719 0.394531 0.503906 0.394531 0.5 0.398438 0.496094 0.398438 0.492188 0.402344 0.488281 0.402344 0.480469 0.382812 0.460938 0.378906 0.460938 0.375 0.457031
0 0.871094 0.304688 0.867188 0.308594 0.863281 0.308594 0.855469 0.316406 0.855469 0.320312 0.847656 0.328125 0.847656 0.34375 0.855469 0.351562 0.855469 0.359375 0.859375 0.363281 0.863281 0.363281 0.867188 0.367188 0.875 0.367188 0.878906 0.363281 0.886719 0.363281 0.890625 0.359375 0.898438 0.359375 0.90625 0.351562 0.910156 0.351562 0.914062 0.347656 0.914062 0.324219 0.910156 0.320312 0.910156 0.316406 0.90625 0.3125 0.902344 0.3125 0.898438 0.308594 0.890625 0.308594 0.886719 0.304688
0 0.144531 0.90625 0.140625 0.910156 0.132812 0.910156 0.125 0.917969 0.125 0.933594 0.136719 0.945312 0.148438 0.945312 0.152344 0.949219 0.15625 0.949219 0.164062 0.941406 0.167969 0.941406 0.175781 0.933594 0.175781 0.921875 0.167969 0.914062 0.164062 0.914062 0.160156 0.910156 0.15625 0.910156 0.152344 0.90625
0 0.0195312 0.90625 0.0078125 0.917969 0.00390625 0.917969 0 0.921875 0 0.960938 0.00390625 0.964844 0.0117188 0.964844 0.0195312 0.972656 0.0234375 0.972656 0.0273438 0.976562 0.0429688 0.976562 0.0507812 0.96875 0.0507812 0.964844 0.0585938 0.957031 0.0585938 0.949219 0.0625 0.945312 0.0625 0.9375 0.0390625 0.914062 0.0390625 0.910156 0.0351562 0.90625
0 0.15625 0.980469 0.144531 0.992188 0.144531 0.996094 0.183594 0.996094 0.183594 0.992188 0.175781 0.984375 0.171875 0.984375 0.167969 0.980469
0 0.1875 0.265625 0.183594 0.269531 0.183594 0.273438 0.179688 0.277344 0.179688 0.289062 0.183594 0.292969 0.183594 0.300781 0.1875 0.304688 0.191406 0.304688 0.195312 0.308594 0.210938 0.308594 0.214844 0.304688 0.21875 0.304688 0.226562 0.296875 0.226562 0.277344 0.214844 0.265625
0 0.164062 0.222656 0.160156 0.226562 0.144531 0.226562 0.136719 0.234375 0.136719 0.238281 0.132812 0.242188 0.132812 0.25 0.136719 0.253906 0.136719 0.269531 0.144531 0.277344 0.152344 0.277344 0.15625 0.28125 0.171875 0.28125 0.179688 0.273438 0.179688 0.261719 0.1875 0.253906 0.1875 0.25 0.183594 0.246094 0.183594 0.230469 0.175781 0.222656
0 0.882812 0.0351562 0.875 0.0429688 0.871094 0.0429688 0.867188 0.046875 0.867188 0.0507812 0.863281 0.0546875 0.863281 0.0664062 0.871094 0.0742188 0.871094 0.0976562 0.878906 0.105469 0.898438 0.105469 0.910156 0.09375 0.914062 0.09375 0.921875 0.0859375 0.921875 0.0820312 0.925781 0.078125 0.925781 0.0703125 0.921875 0.0664062 0.921875 0.0585938 0.917969 0.0546875 0.917969 0.0507812 0.910156 0.0429688 0.90625 0.0429688 0.898438 0.0351562
0 0.527344 0.695312 0.519531 0.703125 0.519531 0.710938 0.515625 0.714844 0.515625 0.71875 0.519531 0.722656 0.519531 0.746094 0.527344 0.753906 0.53125 0.753906 0.535156 0.757812 0.554688 0.757812 0.5625 0.75 0.5625 0.742188 0.558594 0.738281 0.558594 0.734375 0.5625 0.730469 0.5625 0.722656 0.558594 0.71875 0.558594 0.714844 0.550781 0.707031 0.550781 0.703125 0.546875 0.699219 0.542969 0.699219 0.539062 0.695312
0 0.4375 0.546875 0.433594 0.550781 0.429688 0.550781 0.421875 0.558594 0.421875 0.566406 0.414062 0.574219 0.410156 0.574219 0.40625 0.578125 0.40625 0.585938 0.414062 0.59375 0.414062 0.597656 0.417969 0.601562 0.417969 0.605469 0.425781 0.613281 0.429688 0.613281 0.4375 0.621094 0.441406 0.621094 0.445312 0.617188 0.464844 0.617188 0.476562 0.605469 0.476562 0.601562 0.484375 0.59375 0.484375 0.589844 0.488281 0.585938 0.488281 0.574219 0.484375 0.570312 0.484375 0.566406 0.46875 0.550781 0.464844 0.550781 0.460938 0.546875
0 0.433594 0.683594 0.429688 0.6875 0.417969 0.6875 0.414062 0.691406 0.410156 0.691406 0.40625 0.695312 0.40625 0.699219 0.398438 0.707031 0.398438 0.714844 0.402344 0.71875 0.402344 0.722656 0.414062 0.734375 0.445312 0.734375 0.453125 0.726562 0.464844 0.726562 0.472656 0.71875 0.472656 0.710938 0.46875 0.707031 0.46875 0.703125 0.460938 0.695312 0.457031 0.695312 0.453125 0.691406 0.445312 0.691406 0.4375 0.683594
0 0.660156 0.40625 0.65625 0.410156 0.652344 0.410156 0.648438 0.414062 0.644531 0.414062 0.625 0.433594 0.625 0.449219 0.628906 0.453125 0.628906 0.46875 0.636719 0.476562 0.644531 0.476562 0.648438 0.472656 0.671875 0.472656 0.679688 0.464844 0.683594 0.464844 0.691406 0.457031 0.691406 0.445312 0.6875 0.441406 0.6875 0.414062 0.683594 0.410156 0.679688 0.410156 0.675781 0.40625
0 0.863281 0.140625 0.847656 0.15625 0.847656 0.179688 0.851562 0.183594 0.851562 0.1875 0.859375 0.195312 0.859375 0.199219 0.863281 0.203125 0.875 0.203125 0.878906 0.199219 0.898438 0.199219 0.902344 0.195312 0.902344 0.191406 0.90625 0.1875 0.90625 0.164062 0.890625 0.148438 0.886719 0.148438 0.882812 0.144531 0.875 0.144531 0.871094 0.140625
0 0.90625 0.433594 0.902344 0.4375 0.898438 0.4375 0.894531 0.441406 0.890625 0.441406 0.886719 0.445312 0.875 0.445312 0.867188 0.453125 0.863281 0.453125 0.855469 0.460938 0.855469 0.472656 0.867188 0.484375 0.867188 0.488281 0.871094 0.492188 0.871094 0.5 0.875 0.503906 0.878906 0.503906 0.882812 0.507812 0.886719 0.507812 0.890625 0.511719 0.917969 0.511719 0.929688 0.5 0.929688 0.496094 0.933594 0.492188 0.933594 0.484375 0.9375 0.480469 0.9375 0.476562 0.941406 0.472656 0.941406 0.460938 0.9375 0.457031 0.9375 0.449219 0.929688 0.441406 0.925781 0.441406 0.921875 0.4375 0.917969 0.4375 0.914062 0.433594
0 0.289062 0.277344 0.28125 0.285156 0.28125 0.289062 0.277344 0.292969 0.277344 0.304688 0.28125 0.308594 0.28125 0.3125 0.304688 0.335938 0.316406 0.335938 0.320312 0.339844 0.328125 0.339844 0.332031 0.34375 0.339844 0.34375 0.34375 0.339844 0.351562 0.339844 0.359375 0.332031 0.359375 0.328125 0.363281 0.324219 0.363281 0.300781 0.34375 0.28125 0.308594 0.28125 0.304688 0.277344
0 0.179688 0.796875 0.175781 0.800781 0.171875 0.800781 0.164062 0.808594 0.164062 0.8125 0.15625 0.820312 0.152344 0.820312 0.144531 0.828125 0.144531 0.847656 0.160156 0.863281 0.164062 0.863281 0.171875 0.871094 0.183594 0.871094 0.1875 0.875 0.203125 0.875 0.207031 0.871094 0.210938 0.871094 0.214844 0.867188 0.21875 0.867188 0.222656 0.863281 0.222656 0.851562 0.226562 0.847656 0.226562 0.832031 0.222656 0.828125 0.222656 0.820312 0.203125 0.800781 0.191406 0.800781 0.1875 0.796875
0 0.425781 0.0664062 0.421875 0.0703125 0.417969 0.0703125 0.414062 0.0742188 0.410156 0.0742188 0.40625 0.078125 0.402344 0.078125 0.394531 0.0859375 0.394531 0.101562 0.402344 0.109375 0.402344 0.113281 0.410156 0.121094 0.414062 0.121094 0.417969 0.125 0.4375 0.125 0.441406 0.121094 0.445312 0.121094 0.449219 0.117188 0.453125 0.117188 0.457031 0.113281 0.457031 0.105469 0.460938 0.101562 0.460938 0.078125 0.449219 0.0664062
0 0.886719 0.949219 0.878906 0.957031 0.875 0.957031 0.859375 0.972656 0.859375 0.996094 0.921875 0.996094 0.921875 0.976562 0.917969 0.972656 0.917969 0.96875 0.910156 0.960938 0.90625 0.960938 0.898438 0.953125 0.894531 0.953125 0.890625 0.949219
0 0.128906 0.0390625 0.121094 0.046875 0.117188 0.046875 0.113281 0.0507812 0.113281 0.0585938 0.128906 0.0742188 0.132812 0.0742188 0.136719 0.078125 0.164062 0.078125 0.171875 0.0703125 0.171875 0.0546875 0.167969 0.0507812 0.164062 0.0507812 0.160156 0.046875 0.152344 0.046875 0.148438 0.0429688 0.144531 0.0429688 0.140625 0.0390625
0 0.464844 0.828125 0.460938 0.832031 0.453125 0.832031 0.449219 0.835938 0.445312 0.835938 0.433594 0.847656 0.433594 0.875 0.425781 0.882812 0.425781 0.902344 0.429688 0.90625 0.429688 0.910156 0.4375 0.917969 0.445312 0.917969 0.453125 0.925781 0.484375 0.925781 0.507812 0.902344 0.507812 0.878906 0.503906 0.875 0.503906 0.871094 0.496094 0.863281 0.496094 0.855469 0.492188 0.851562 0.492188 0.839844 0.488281 0.835938 0.484375 0.835938 0.480469 0.832031 0.476562 0.832031 0.472656 0.828125
0 0.703125 0.574219 0.699219 0.578125 0.695312 0.578125 0.683594 0.589844 0.683594 0.597656 0.679688 0.601562 0.679688 0.605469 0.683594 0.609375 0.683594 0.621094 0.699219 0.636719 0.703125 0.636719 0.710938 0.644531 0.722656 0.644531 0.726562 0.640625 0.730469 0.640625 0.734375 0.636719 0.738281 0.636719 0.742188 0.632812 0.746094 0.632812 0.75 0.628906 0.75 0.625 0.753906 0.621094 0.753906 0.609375 0.75 0.605469 0.75 0.597656 0.746094 0.59375 0.746094 0.589844 0.734375 0.578125 0.726562 0.578125 0.722656 0.574219
0 0.207031 0.199219 0.203125 0.203125 0.199219 0.203125 0.195312 0.207031 0.195312 0.230469 0.203125 0.238281 0.203125 0.242188 0.210938 0.25 0.226562 0.25 0.230469 0.246094 0.234375 0.246094 0.242188 0.238281 0.242188 0.226562 0.238281 0.222656 0.238281 0.214844 0.226562 0.203125 0.222656 0.203125 0.21875 0.199219
0 0.773438 0.222656 0.769531 0.226562 0.765625 0.226562 0.761719 0.230469 0.761719 0.269531 0.78125 0.289062 0.804688 0.289062 0.808594 0.285156 0.8125 0.285156 0.816406 0.28125 0.820312 0.28125 0.832031 0.269531 0.832031 0.25 0.828125 0.246094 0.828125 0.238281 0.820312 0.230469 0.816406 0.230469 0.8125 0.226562 0.804688 0.226562 0.800781 0.222656
0 0.0507812 0.722656 0.046875 0.726562 0.0429688 0.726562 0.0390625 0.730469 0.0390625 0.734375 0.0273438 0.746094 0.0273438 0.75 0.0234375 0.753906 0.0234375 0.761719 0.0273438 0.765625 0.0273438 0.773438 0.0390625 0.785156 0.0742188 0.785156 0.078125 0.78125 0.0820312 0.78125 0.0976562 0.765625 0.0976562 0.742188 0.0820312 0.726562 0.078125 0.726562 0.0742188 0.722656
0 0.757812 0.113281 0.753906 0.117188 0.753906 0.121094 0.742188 0.132812 0.742188 0.140625 0.734375 0.148438 0.734375 0.160156 0.738281 0.164062 0.738281 0.175781 0.742188 0.179688 0.78125 0.179688 0.785156 0.175781 0.789062 0.175781 0.792969 0.171875 0.796875 0.171875 0.804688 0.164062 0.804688 0.15625 0.808594 0.152344 0.808594 0.148438 0.804688 0.144531 0.804688 0.140625 0.800781 0.136719 0.800781 0.128906 0.792969 0.121094 0.789062 0.121094 0.785156 0.117188 0.78125 0.117188 0.777344 0.113281
0 0.015625 0.136719 0.0117188 0.140625 0.0078125 0.140625 0 0.148438 0 0.1875 0.00390625 0.1875 0.0078125 0.191406 0.03125 0.191406 0.046875 0.175781 0.046875 0.160156 0.0429688 0.15625 0.0429688 0.148438 0.0351562 0.140625 0.03125 0.140625 0.0273438 0.136719
0 0.972656 0.582031 0.964844 0.589844 0.964844 0.597656 0.960938 0.601562 0.960938 0.609375 0.980469 0.628906 0.984375 0.628906 0.988281 0.625 0.996094 0.625 0.996094 0.582031
0 0.101562 0.421875 0.0976562 0.425781 0.09375 0.425781 0.0898438 0.429688 0.0898438 0.453125 0.105469 0.46875 0.128906 0.46875 0.140625 0.457031 0.140625 0.449219 0.144531 0.445312 0.144531 0.4375 0.128906 0.421875
0 0.925781 0.894531 0.921875 0.898438 0.917969 0.898438 0.914062 0.902344 0.910156 0.902344 0.902344 0.910156 0.902344 0.914062 0.898438 0.917969 0.898438 0.921875 0.902344 0.925781 0.902344 0.9375 0.917969 0.953125 0.921875 0.953125 0.925781 0.949219 0.933594 0.949219 0.945312 0.960938 0.957031 0.960938 0.960938 0.957031 0.960938 0.953125 0.96875 0.945312 0.96875 0.929688 0.964844 0.925781 0.964844 0.921875 0.960938 0.917969 0.960938 0.914062 0.945312 0.898438 0.933594 0.898438 0.929688 0.894531
0 0.582031 0.613281 0.578125 0.617188 0.574219 0.617188 0.566406 0.625 0.566406 0.628906 0.5625 0.632812 0.5625 0.644531 0.566406 0.648438 0.566406 0.652344 0.578125 0.664062 0.582031 0.664062 0.585938 0.667969 0.589844 0.667969 0.59375 0.671875 0.609375 0.671875 0.613281 0.667969 0.617188 0.667969 0.628906 0.65625 0.628906 0.640625 0.625 0.636719 0.625 0.628906 0.617188 0.621094 0.613281 0.621094 0.609375 0.617188 0.601562 0.617188 0.597656 0.613281
0 0 0.484375 0 0.542969 0.00390625 0.546875 0.0117188 0.546875 0.03125 0.527344 0.03125 0.507812 0.0273438 0.503906 0.0273438 0.496094 0.0234375 0.492188 0.0234375 0.488281 0.0195312 0.484375
0 0.324219 0.207031 0.320312 0.210938 0.316406 0.210938 0.308594 0.21875 0.308594 0.222656 0.304688 0.226562 0.304688 0.242188 0.308594 0.246094 0.308594 0.25 0.324219 0.265625 0.328125 0.265625 0.332031 0.269531 0.335938 0.269531 0.34375 0.261719 0.347656 0.261719 0.355469 0.253906 0.355469 0.25 0.359375 0.246094 0.359375 0.222656 0.347656 0.210938 0.335938 0.210938 0.332031 0.207031
0 0.988281 0.210938 0.984375 0.214844 0.964844 0.214844 0.960938 0.21875 0.957031 0.21875 0.953125 0.222656 0.945312 0.222656 0.9375 0.230469 0.9375 0.234375 0.933594 0.238281 0.933594 0.25 0.945312 0.261719 0.964844 0.261719 0.96875 0.265625 0.972656 0.265625 0.976562 0.269531 0.980469 0.269531 0.984375 0.265625 0.988281 0.265625 0.996094 0.257812 0.996094 0.214844 0.992188 0.210938
0 0.632812 0.289062 0.625 0.296875 0.617188 0.296875 0.605469 0.308594 0.605469 0.324219 0.609375 0.328125 0.609375 0.332031 0.625 0.347656 0.644531 0.347656 0.65625 0.335938 0.65625 0.332031 0.660156 0.328125 0.660156 0.304688 0.644531 0.289062
0 0.308594 0.90625 0.292969 0.921875 0.292969 0.929688 0.289062 0.933594 0.289062 0.949219 0.292969 0.953125 0.292969 0.957031 0.296875 0.960938 0.296875 0.964844 0.300781 0.96875 0.300781 0.972656 0.3125 0.984375 0.335938 0.984375 0.339844 0.980469 0.347656 0.980469 0.359375 0.96875 0.359375 0.964844 0.371094 0.953125 0.371094 0.9375 0.367188 0.933594 0.367188 0.929688 0.351562 0.914062 0.335938 0.914062 0.328125 0.90625
0 0.539062 0.175781 0.535156 0.179688 0.527344 0.179688 0.519531 0.1875 0.519531 0.203125 0.535156 0.21875 0.542969 0.21875 0.546875 0.222656 0.570312 0.222656 0.578125 0.214844 0.578125 0.203125 0.582031 0.199219 0.582031 0.195312 0.578125 0.191406 0.578125 0.183594 0.574219 0.179688 0.570312 0.179688 0.566406 0.175781
