0 0.3875 0.40625 0.38125 0.414062 0.378125 0.414062 0.378125 0.421875 0.375 0.425781 0.371875 0.425781 0.371875 0.433594 0.38125 0.433594 0.384375 0.4375 0.384375 0.441406 0.3875 0.441406 0.390625 0.445312 0.39375 0.441406 0.396875 0.441406 0.4 0.4375 0.40625 0.4375 0.40625 0.429688 0.403125 0.425781 0.403125 0.421875 0.40625 0.417969 0.40625 0.410156 0.390625 0.410156
0 0.7 0.402344 0.69375 0.410156 0.684375 0.410156 0.68125 0.40625 0.671875 0.40625 0.6625 0.417969 0.6625 0.421875 0.665625 0.425781 0.665625 0.445312 0.66875 0.449219 0.6875 0.449219 0.690625 0.445312 0.69375 0.445312 0.7 0.4375 0.703125 0.4375 0.70625 0.433594 0.70625 0.429688 0.703125 0.425781 0.703125 0.421875 0.70625 0.417969 0.70625 0.410156
0 0.590625 0.628906 0.5875 0.632812 0.571875 0.632812 0.56875 0.636719 0.56875 0.652344 0.565625 0.65625 0.565625 0.675781 0.56875 0.679688 0.56875 0.683594 0.571875 0.6875 0.571875 0.691406 0.58125 0.703125 0.6 0.703125 0.603125 0.707031 0.60625 0.707031 0.60625 0.703125 0.6125 0.695312 0.6125 0.691406 0.61875 0.683594 0.621875 0.683594 0.621875 0.679688 0.628125 0.671875 0.628125 0.667969 0.63125 0.664062 0.63125 0.648438 0.628125 0.648438 0.621875 0.640625 0.615625 0.640625 0.6125 0.636719 0.609375 0.640625 0.603125 0.632812 0.6 0.632812 0.596875 0.628906
0 0.15 0.871094 0.146875 0.875 0.14375 0.875 0.140625 0.878906 0.140625 0.890625 0.14375 0.894531 0.159375 0.894531 0.1625 0.890625 0.1625 0.875 0.159375 0.871094
0 0.775 0.15625 0.76875 0.164062 0.765625 0.164062 0.7625 0.167969 0.7625 0.179688 0.765625 0.183594 0.76875 0.183594 0.775 0.175781 0.775 0.171875 0.778125 0.167969 0.7875 0.167969 0.790625 0.171875 0.790625 0.179688 0.79375 0.183594 0.79375 0.199219 0.79375 0.175781 0.7875 0.167969 0.7875 0.160156 0.778125 0.160156
0 0.884375 0.378906 0.88125 0.382812 0.865625 0.382812 0.865625 0.386719 0.8625 0.390625 0.85625 0.390625 0.853125 0.394531 0.84375 0.394531 0.840625 0.398438 0.834375 0.398438 0.83125 0.402344 0.83125 0.414062 0.828125 0.417969 0.828125 0.449219 0.83125 0.453125 0.83125 0.457031 0.834375 0.457031 0.84375 0.445312 0.846875 0.445312 0.85 0.449219 0.853125 0.449219 0.85625 0.453125 0.865625 0.453125 0.871875 0.460938 0.871875 0.472656 0.88125 0.472656 0.884375 0.46875 0.8875 0.46875 0.8875 0.464844 0.890625 0.460938 0.890625 0.457031 0.89375 0.453125 0.89375 0.4375 0.903125 0.425781 0.903125 0.421875 0.90625 0.417969 0.903125 0.414062 0.903125 0.40625 0.9 0.402344 0.896875 0.402344 0.89375 0.398438 0.89375 0.394531 0.896875 0.390625 0.896875 0.386719 0.890625 0.378906
0 0.975 0.136719 0.975 0.140625 0.971875 0.144531 0.96875 0.140625 0.959375 0.140625 0.95625 0.144531 0.95 0.144531 0.946875 0.148438 0.9375 0.148438 0.934375 0.152344 0.93125 0.152344 0.925 0.160156 0.925 0.164062 0.921875 0.167969 0.925 0.171875 0.925 0.175781 0.93125 0.183594 0.93125 0.1875 0.95 0.210938 0.953125 0.210938 0.95625 0.214844 0.965625 0.214844 0.96875 0.210938 0.971875 0.210938 0.996875 0.179688 0.996875 0.136719
0 0.45625 0.863281 0.446875 0.875 0.459375 0.875 0.4625 0.878906 0.4625 0.890625 0.465625 0.890625 0.46875 0.894531 0.465625 0.898438 0.465625 0.902344 0.4625 0.90625 0.465625 0.910156 0.465625 0.914062 0.46875 0.914062 0.471875 0.910156 0.471875 0.90625 0.475 0.902344 0.475 0.898438 0.478125 0.894531 0.478125 0.878906 0.465625 0.863281
0 0.965625 0.585938 0.9625 0.589844 0.940625 0.589844 0.93125 0.601562 0.93125 0.605469 0.921875 0.617188 0.921875 0.679688 0.953125 0.679688 0.95625 0.675781 0.959375 0.675781 0.959375 0.671875 0.965625 0.664062 0.96875 0.664062 0.978125 0.652344 0.98125 0.652344 0.9875 0.644531 0.9875 0.636719 0.990625 0.632812 0.990625 0.628906 0.99375 0.625 0.990625 0.621094 0.990625 0.617188 0.9875 0.613281 0.9875 0.601562 0.98125 0.59375 0.98125 0.589844 0.978125 0.589844 0.975 0.585938
0 0.65 0.714844 0.640625 0.726562 0.6375 0.726562 0.6375 0.730469 0.628125 0.742188 0.628125 0.75 0.63125 0.753906 0.63125 0.757812 0.634375 0.757812 0.6375 0.761719 0.6375 0.765625 0.640625 0.765625 0.64375 0.761719 0.646875 0.761719 0.65 0.765625 0.653125 0.765625 0.653125 0.761719 0.659375 0.753906 0.659375 0.75 0.6625 0.746094 0.6625 0.742188 0.665625 0.738281 0.665625 0.71875 0.6625 0.714844
0 0.125 0.878906 0.121875 0.882812 0.109375 0.882812 0.115625 0.890625 0.10625 0.902344 0.10625 0.910156 0.109375 0.910156 0.109375 0.902344 0.115625 0.894531 0.11875 0.894531 0.121875 0.898438 0.121875 0.902344 0.128125 0.902344 0.134375 0.894531 0.140625 0.894531 0.1375 0.890625 0.1375 0.878906
0 0.93125 0.882812 0.928125 0.886719 0.925 0.886719 0.921875 0.890625 0.91875 0.890625 0.915625 0.894531 0.9125 0.894531 0.909375 0.890625 0.90625 0.890625 0.903125 0.894531 0.903125 0.929688 0.909375 0.9375 0.909375 0.941406 0.9125 0.941406 0.915625 0.945312 0.91875 0.945312 0.921875 0.949219 0.93125 0.949219 0.93125 0.941406 0.934375 0.9375 0.9375 0.9375 0.940625 0.941406 0.940625 0.945312 0.946875 0.945312 0.95 0.941406 0.953125 0.941406 0.95625 0.9375 0.95625 0.929688 0.953125 0.925781 0.953125 0.894531 0.946875 0.894531 0.94375 0.890625 0.940625 0.890625 0.934375 0.882812
0 0.603125 0.910156 0.603125 0.929688 0.609375 0.9375 0.6125 0.933594 0.61875 0.933594 0.625 0.925781 0.628125 0.929688 0.634375 0.929688 0.63125 0.929688 0.625 0.921875 0.625 0.910156 0.621875 0.914062 0.61875 0.914062 0.615625 0.910156
0 0.75625 0.753906 0.753125 0.757812 0.753125 0.761719 0.75 0.765625 0.75 0.78125 0.746875 0.785156 0.746875 0.796875 0.753125 0.804688 0.75625 0.804688 0.759375 0.808594 0.7625 0.808594 0.765625 0.8125 0.775 0.8125 0.778125 0.808594 0.78125 0.808594 0.78125 0.804688 0.784375 0.800781 0.784375 0.796875 0.7875 0.792969 0.790625 0.792969 0.790625 0.785156 0.7875 0.78125 0.7875 0.777344 0.784375 0.773438 0.784375 0.765625 0.78125 0.761719 0.775 0.761719 0.76875 0.753906
0 0.959375 0.292969 0.953125 0.300781 0.953125 0.304688 0.95 0.308594 0.95 0.320312 0.94375 0.328125 0.940625 0.328125 0.940625 0.332031 0.946875 0.332031 0.95 0.335938 0.95625 0.335938 0.95625 0.332031 0.9625 0.324219 0.9625 0.3125 0.965625 0.308594 0.965625 0.296875 0.9625 0.292969
0 0.15625 0.265625 0.153125 0.269531 0.15 0.269531 0.15 0.285156 0.153125 0.289062 0.15625 0.289062 0.159375 0.292969 0.159375 0.296875 0.159375 0.289062 0.1625 0.285156 0.165625 0.285156 0.165625 0.28125 0.16875 0.277344 0.16875 0.273438 0.165625 0.269531 0.1625 0.269531 0.159375 0.265625
0 0.028125 0.554688 0.025 0.558594 0.01875 0.558594 0.015625 0.5625 0.009375 0.5625 0.00625 0.566406 0.003125 0.566406 0 0.570312 0 0.628906 0.003125 0.632812 0.003125 0.636719 0.009375 0.636719 0.0125 0.640625 0.01875 0.640625 0.021875 0.644531 0.021875 0.640625 0.025 0.636719 0.025 0.628906 0.028125 0.625 0.028125 0.617188 0.034375 0.609375 0.034375 0.601562 0.0375 0.597656 0.0375 0.582031 0.040625 0.578125 0.040625 0.566406 0.034375 0.558594 0.03125 0.558594
0 0.034375 0.339844 0.03125 0.34375 0.028125 0.34375 0.028125 0.367188 0.025 0.371094 0.025 0.378906 0.021875 0.382812 0.021875 0.402344 0.025 0.40625 0.025 0.429688 0.03125 0.429688 0.034375 0.425781 0.04375 0.425781 0.046875 0.429688 0.05 0.429688 0.053125 0.433594 0.05625 0.433594 0.059375 0.429688 0.065625 0.429688 0.06875 0.425781 0.071875 0.425781 0.071875 0.382812 0.059375 0.367188 0.059375 0.363281 0.05625 0.359375 0.05625 0.355469 0.053125 0.355469 0.05 0.351562 0.05 0.347656 0.046875 0.34375 0.04375 0.34375 0.040625 0.339844
0 0.778125 0.363281 0.76875 0.375 0.76875 0.386719 0.771875 0.390625 0.771875 0.394531 0.775 0.394531 0.784375 0.40625 0.784375 0.410156 0.79375 0.410156 0.796875 0.40625 0.8 0.40625 0.803125 0.402344 0.80625 0.402344 0.809375 0.398438 0.809375 0.390625 0.8 0.378906 0.796875 0.378906 0.790625 0.371094 0.7875 0.371094 0.784375 0.367188 0.78125 0.367188
0 0.571875 0.75 0.5625 0.761719 0.55625 0.761719 0.559375 0.765625 0.5625 0.765625 0.56875 0.773438 0.565625 0.777344 0.565625 0.78125 0.5625 0.785156 0.565625 0.789062 0.56875 0.789062 0.571875 0.792969 0.571875 0.796875 0.575 0.800781 0.584375 0.800781 0.5875 0.804688 0.590625 0.800781 0.59375 0.804688 0.6 0.804688 0.6 0.800781 0.603125 0.796875 0.603125 0.792969 0.596875 0.785156 0.596875 0.773438 0.59375 0.769531 0.5875 0.769531 0.584375 0.765625 0.58125 0.769531 0.578125 0.769531 0.571875 0.761719 0.571875 0.757812 0.575 0.753906 0.575 0.75
0 0.334375 0.984375 0.33125 0.988281 0.33125 0.996094 0.35 0.996094 0.35 0.988281 0.34375 0.988281 0.340625 0.984375
0 0.09375 0.871094 0.090625 0.875 0.08125 0.875 0.078125 0.878906 0.078125 0.886719 0.075 0.890625 0.075 0.902344 0.071875 0.90625 0.0625 0.90625 0.059375 0.910156 0.05625 0.910156 0.05 0.917969 0.05 0.921875 0.053125 0.925781 0.059375 0.925781 0.0625 0.929688 0.0625 0.933594 0.065625 0.933594 0.06875 0.9375 0.071875 0.9375 0.075 0.933594 0.078125 0.933594 0.08125 0.929688 0.084375 0.929688 0.0875 0.925781 0.090625 0.925781 0.09375 0.921875 0.096875 0.921875 0.1 0.925781 0.096875 0.929688 0.096875 0.933594 0.1 0.929688 0.1 0.921875 0.103125 0.917969 0.103125 0.902344 0.1125 0.890625 0.109375 0.886719 0.10625 0.886719 0.103125 0.882812 0.1 0.882812 0.09375 0.875
0 0.6125 0.460938 0.6125 0.464844 0.6 0.480469 0.590625 0.480469 0.584375 0.488281 0.584375 0.5 0.5875 0.503906 0.58125 0.511719 0.578125 0.507812 0.575 0.507812 0.578125 0.511719 0.578125 0.515625 0.575 0.519531 0.571875 0.519531 0.56875 0.515625 0.56875 0.511719 0.565625 0.507812 0.565625 0.515625 0.56875 0.519531 0.575 0.519531 0.578125 0.523438 0.584375 0.523438 0.584375 0.519531 0.5875 0.515625 0.590625 0.519531 0.590625 0.523438 0.59375 0.527344 0.584375 0.539062 0.58125 0.539062 0.578125 0.542969 0.5875 0.542969 0.590625 0.539062 0.59375 0.539062 0.59375 0.53125 0.596875 0.527344 0.596875 0.523438 0.6 0.519531 0.6 0.515625 0.60625 0.507812 0.609375 0.507812 0.609375 0.503906 0.621875 0.488281 0.625 0.488281 0.628125 0.484375 0.625 0.480469 0.625 0.472656 0.621875 0.46875 0.621875 0.464844 0.61875 0.464844 0.615625 0.460938
0 0.66875 0.914062 0.66875 0.921875 0.665625 0.925781 0.6625 0.925781 0.65625 0.933594 0.63125 0.933594 0.6375 0.933594 0.64375 0.941406 0.640625 0.945312 0.640625 0.957031 0.64375 0.960938 0.65625 0.960938 0.653125 0.957031 0.653125 0.953125 0.65625 0.949219 0.659375 0.949219 0.659375 0.945312 0.665625 0.9375 0.665625 0.933594 0.66875 0.929688
0 0.14375 0.625 0.140625 0.628906 0.1375 0.628906 0.128125 0.640625 0.128125 0.652344 0.125 0.65625 0.128125 0.660156 0.125 0.664062 0.128125 0.667969 0.128125 0.675781 0.13125 0.679688 0.13125 0.683594 0.134375 0.6875 0.140625 0.6875 0.14375 0.691406 0.14375 0.695312 0.15625 0.710938 0.159375 0.710938 0.165625 0.703125 0.165625 0.667969 0.16875 0.664062 0.16875 0.644531 0.165625 0.644531 0.159375 0.636719 0.15625 0.636719 0.146875 0.625
0 0.759375 0.363281 0.753125 0.371094 0.75 0.371094 0.746875 0.375 0.746875 0.382812 0.740625 0.390625 0.734375 0.390625 0.728125 0.398438 0.721875 0.398438 0.71875 0.402344 0.71875 0.410156 0.721875 0.414062 0.721875 0.425781 0.725 0.425781 0.728125 0.421875 0.734375 0.421875 0.7375 0.425781 0.746875 0.425781 0.75 0.429688 0.75 0.433594 0.753125 0.433594 0.75 0.429688 0.753125 0.425781 0.76875 0.425781 0.76875 0.414062 0.765625 0.410156 0.765625 0.40625 0.7625 0.402344 0.765625 0.398438 0.775 0.398438 0.771875 0.398438 0.76875 0.394531 0.76875 0.390625 0.765625 0.386719 0.765625 0.375 0.775 0.363281
0 0.846875 0.316406 0.84375 0.320312 0.8375 0.320312 0.828125 0.332031 0.828125 0.335938 0.83125 0.339844 0.83125 0.34375 0.834375 0.34375 0.8375 0.347656 0.846875 0.347656 0.85 0.351562 0.865625 0.351562 0.86875 0.355469 0.86875 0.359375 0.875 0.367188 0.875 0.371094 0.871875 0.375 0.86875 0.375 0.875 0.375 0.878125 0.371094 0.88125 0.375 0.884375 0.371094 0.890625 0.371094 0.9 0.382812 0.9 0.394531 0.903125 0.394531 0.90625 0.398438 0.90625 0.40625 0.909375 0.40625 0.9125 0.402344 0.915625 0.402344 0.91875 0.398438 0.91875 0.386719 0.915625 0.382812 0.915625 0.355469 0.90625 0.34375 0.903125 0.34375 0.9 0.339844 0.89375 0.339844 0.8875 0.332031 0.8875 0.328125 0.884375 0.324219 0.88125 0.324219 0.878125 0.320312 0.86875 0.320312 0.865625 0.316406
0 0.75 0.292969 0.746875 0.296875 0.746875 0.300781 0.740625 0.308594 0.734375 0.308594 0.734375 0.316406 0.740625 0.316406 0.74375 0.320312 0.746875 0.316406 0.753125 0.316406 0.75625 0.320312 0.75625 0.328125 0.7625 0.328125 0.76875 0.335938 0.771875 0.332031 0.771875 0.324219 0.76875 0.320312 0.771875 0.316406 0.771875 0.308594 0.76875 0.3125 0.75625 0.296875 0.753125 0.296875
0 0.996875 0.691406 0.99375 0.695312 0.9625 0.695312 0.959375 0.699219 0.95625 0.699219 0.95 0.707031 0.95 0.71875 0.946875 0.722656 0.946875 0.734375 0.95 0.738281 0.95625 0.738281 0.959375 0.742188 0.9625 0.742188 0.965625 0.746094 0.96875 0.746094 0.971875 0.75 0.98125 0.75 0.984375 0.746094 0.990625 0.746094 0.99375 0.742188 0.996875 0.742188
0 0.6375 0.882812 0.6375 0.890625 0.634375 0.894531 0.634375 0.90625 0.63125 0.910156 0.628125 0.910156 0.628125 0.921875 0.63125 0.925781 0.634375 0.925781 0.6375 0.929688 0.65625 0.929688 0.6625 0.921875 0.665625 0.921875 0.665625 0.90625 0.66875 0.902344 0.671875 0.902344 0.671875 0.898438 0.66875 0.894531 0.66875 0.890625 0.665625 0.890625 0.6625 0.886719 0.659375 0.886719 0.65625 0.882812
0 0.965625 0.3125 0.965625 0.324219 0.959375 0.332031 0.959375 0.335938 0.95625 0.339844 0.953125 0.339844 0.95625 0.34375 0.959375 0.339844 0.959375 0.335938 0.9625 0.332031 0.965625 0.332031 0.96875 0.335938 0.96875 0.34375 0.965625 0.347656 0.9625 0.347656 0.9625 0.359375 0.971875 0.359375 0.975 0.363281 0.978125 0.363281 0.98125 0.359375 0.98125 0.351562 0.984375 0.347656 0.984375 0.324219 0.98125 0.324219 0.978125 0.328125 0.971875 0.328125 0.965625 0.320312
0 0.25625 0.917969 0.253125 0.921875 0.25 0.921875 0.25 0.925781 0.24375 0.933594 0.246875 0.9375 0.246875 0.945312 0.25 0.949219 0.25 0.976562 0.25625 0.984375 0.25625 0.988281 0.259375 0.988281 0.2625 0.992188 0.2625 0.996094 0.303125 0.996094 0.303125 0.953125 0.3 0.953125 0.296875 0.949219 0.296875 0.945312 0.284375 0.929688 0.278125 0.929688 0.275 0.925781 0.26875 0.925781 0.265625 0.921875 0.259375 0.921875
0 0.0125 0.238281 0.009375 0.242188 0.00625 0.242188 0.003125 0.246094 0.003125 0.261719 0 0.265625 0 0.300781 0.003125 0.304688 0.00625 0.304688 0.009375 0.308594 0.0125 0.308594 0.01875 0.316406 0.0375 0.316406 0.040625 0.320312 0.040625 0.328125 0.04375 0.324219 0.04375 0.316406 0.046875 0.3125 0.046875 0.308594 0.053125 0.300781 0.053125 0.277344 0.05 0.273438 0.053125 0.269531 0.053125 0.25 0.05 0.253906 0.046875 0.25 0.046875 0.246094 0.046875 0.253906 0.04375 0.257812 0.0375 0.25 0.03125 0.25 0.025 0.242188 0.021875 0.242188 0.01875 0.238281
0 0.86875 0.0546875 0.86875 0.0585938 0.859375 0.0703125 0.859375 0.0742188 0.85625 0.078125 0.85625 0.0820312 0.859375 0.0859375 0.859375 0.0898438 0.8625 0.09375 0.8875 0.09375 0.884375 0.0898438 0.884375 0.0859375 0.8875 0.0820312 0.896875 0.0820312 0.896875 0.078125 0.89375 0.0742188 0.89375 0.0664062 0.890625 0.0625 0.890625 0.0585938 0.8875 0.0546875
0 0.39375 0.371094 0.390625 0.375 0.3875 0.375 0.384375 0.378906 0.375 0.378906 0.371875 0.382812 0.36875 0.382812 0.365625 0.386719 0.365625 0.390625 0.36875 0.394531 0.375 0.394531 0.378125 0.398438 0.378125 0.410156 0.38125 0.410156 0.3875 0.402344 0.4 0.402344 0.4 0.390625 0.39375 0.390625 0.390625 0.386719 0.39375 0.382812 0.39375 0.375 0.396875 0.371094 0.4 0.371094
0 0.39375 0.390625 0.396875 0.390625 0.4 0.394531 0.4 0.398438 0.396875 0.402344 0.390625 0.402344 0.3875 0.398438
0 0.16875 0.363281 0.16875 0.367188 0.1625 0.375 0.1625 0.378906 0.159375 0.382812 0.159375 0.390625 0.1625 0.390625 0.165625 0.386719 0.16875 0.386719 0.171875 0.390625 0.171875 0.402344 0.16875 0.40625 0.1625 0.40625 0.175 0.40625 0.175 0.402344 0.18125 0.394531 0.18125 0.378906 0.178125 0.375 0.175 0.375 0.171875 0.378906 0.16875 0.375
0 0.925 0.457031 0.909375 0.476562 0.90625 0.476562 0.903125 0.480469 0.896875 0.480469 0.89375 0.484375 0.890625 0.484375 0.8875 0.488281 0.8875 0.492188 0.884375 0.496094 0.884375 0.503906 0.88125 0.507812 0.88125 0.519531 0.871875 0.53125 0.86875 0.53125 0.865625 0.535156 0.865625 0.539062 0.86875 0.542969 0.86875 0.570312 0.878125 0.582031 0.9 0.582031 0.903125 0.585938 0.928125 0.585938 0.93125 0.582031 0.934375 0.582031 0.9375 0.578125 0.9375 0.574219 0.940625 0.570312 0.940625 0.566406 0.94375 0.5625 0.94375 0.550781 0.946875 0.546875 0.946875 0.542969 0.95 0.539062 0.95 0.519531 0.953125 0.515625 0.9625 0.515625 0.953125 0.503906 0.95 0.507812 0.95 0.535156 0.946875 0.539062 0.9375 0.539062 0.934375 0.535156 0.934375 0.523438 0.9375 0.519531 0.934375 0.515625 0.9375 0.511719 0.940625 0.511719 0.940625 0.503906 0.94375 0.5 0.940625 0.496094 0.940625 0.492188 0.915625 0.492188 0.9125 0.488281 0.909375 0.492188 0.90625 0.488281 0.90625 0.480469 0.909375 0.476562 0.9125 0.476562 0.915625 0.472656 0.91875 0.472656 0.91875 0.46875 0.928125 0.457031
0 0.503125 0.761719 0.496875 0.769531 0.475 0.769531 0.471875 0.773438 0.471875 0.777344 0.46875 0.78125 0.465625 0.78125 0.4625 0.785156 0.4625 0.792969 0.465625 0.796875 0.465625 0.800781 0.46875 0.804688 0.46875 0.800781 0.471875 0.796875 0.48125 0.796875 0.484375 0.792969 0.4875 0.792969 0.490625 0.796875 0.49375 0.792969 0.5 0.792969 0.503125 0.796875 0.50625 0.792969 0.509375 0.792969 0.509375 0.789062 0.5125 0.785156 0.51875 0.785156 0.521875 0.789062 0.521875 0.785156 0.528125 0.777344 0.528125 0.765625 0.53125 0.761719 0.528125 0.761719 0.525 0.765625 0.521875 0.765625 0.51875 0.761719 0.5125 0.761719 0.509375 0.765625 0.50625 0.761719
0 0.446875 0.878906 0.446875 0.882812 0.44375 0.886719 0.434375 0.886719 0.434375 0.890625 0.43125 0.894531 0.428125 0.894531 0.425 0.898438 0.41875 0.898438 0.41875 0.90625 0.425 0.90625 0.440625 0.925781 0.440625 0.933594 0.453125 0.933594 0.453125 0.929688 0.4625 0.917969 0.465625 0.917969 0.4625 0.914062 0.4625 0.910156 0.459375 0.90625 0.4625 0.902344 0.4625 0.898438 0.465625 0.894531 0.4625 0.894531 0.459375 0.890625 0.459375 0.878906
0 0.496875 0.617188 0.49375 0.621094 0.4625 0.621094 0.4625 0.625 0.459375 0.628906 0.459375 0.632812 0.4625 0.636719 0.4625 0.644531 0.45625 0.652344 0.459375 0.65625 0.459375 0.660156 0.4625 0.660156 0.471875 0.671875 0.478125 0.671875 0.48125 0.675781 0.490625 0.675781 0.49375 0.671875 0.496875 0.671875 0.5 0.675781 0.50625 0.667969 0.5125 0.667969 0.515625 0.671875 0.51875 0.671875 0.521875 0.675781 0.525 0.675781 0.53125 0.667969 0.534375 0.667969 0.534375 0.640625 0.53125 0.636719 0.528125 0.636719 0.51875 0.625 0.51875 0.621094 0.515625 0.621094 0.5125 0.617188 0.50625 0.617188 0.503125 0.621094 0.5 0.621094
0 0.103125 0.5 0.103125 0.519531 0.1 0.523438 0.0875 0.523438 0.0875 0.535156 0.090625 0.539062 0.1 0.539062 0.103125 0.542969 0.10625 0.542969 0.109375 0.546875 0.125 0.546875 0.125 0.511719 0.121875 0.507812 0.121875 0.503906 0.11875 0.5
0 0.965625 0.414062 0.9625 0.417969 0.95625 0.417969 0.953125 0.421875 0.953125 0.425781 0.95 0.429688 0.95 0.433594 0.946875 0.4375 0.946875 0.441406 0.9375 0.453125 0.928125 0.453125 0.93125 0.457031 0.921875 0.46875 0.921875 0.472656 0.91875 0.476562 0.915625 0.476562 0.9125 0.480469 0.909375 0.480469 0.909375 0.488281 0.9125 0.484375 0.915625 0.488281 0.940625 0.488281 0.94375 0.492188 0.94375 0.496094 0.946875 0.5 0.94375 0.503906 0.94375 0.511719 0.940625 0.515625 0.9375 0.515625 0.940625 0.519531 0.9375 0.523438 0.9375 0.535156 0.946875 0.535156 0.946875 0.507812 0.953125 0.5 0.96875 0.519531 0.971875 0.515625 0.99375 0.515625 0.996875 0.511719 0.996875 0.425781 0.99375 0.421875 0.990625 0.421875 0.9875 0.417969 0.984375 0.417969 0.98125 0.414062
0 0.946875 0.472656 0.95 0.46875 0.959375 0.480469 0.9625 0.480469 0.965625 0.484375 0.965625 0.492188 0.9625 0.496094 0.959375 0.492188 0.95625 0.492188 0.946875 0.480469
0 0.13125 0.296875 0.128125 0.300781 0.13125 0.304688 0.13125 0.3125 0.1375 0.320312 0.134375 0.324219 0.134375 0.328125 0.140625 0.328125 0.140625 0.324219 0.14375 0.320312 0.14375 0.316406 0.146875 0.3125 0.15 0.316406 0.153125 0.316406 0.15 0.3125 0.14375 0.3125 0.1375 0.304688 0.140625 0.300781 0.140625 0.296875
0 0.803125 0.46875 0.8 0.472656 0.796875 0.472656 0.79375 0.476562 0.7875 0.476562 0.784375 0.480469 0.784375 0.484375 0.78125 0.488281 0.775 0.488281 0.76875 0.496094 0.775 0.496094 0.778125 0.5 0.778125 0.503906 0.7875 0.503906 0.790625 0.507812 0.7875 0.511719 0.784375 0.511719 0.784375 0.515625 0.7875 0.515625 0.79375 0.523438 0.8 0.523438 0.8 0.519531 0.796875 0.515625 0.796875 0.511719 0.8 0.507812 0.80625 0.507812 0.809375 0.511719 0.809375 0.519531 0.83125 0.519531 0.83125 0.515625 0.8375 0.507812 0.8375 0.503906 0.840625 0.5 0.840625 0.488281 0.8375 0.488281 0.834375 0.484375 0.834375 0.480469 0.83125 0.480469 0.825 0.472656 0.825 0.46875
0 0.690625 0.535156 0.6875 0.539062 0.68125 0.539062 0.678125 0.542969 0.675 0.542969 0.671875 0.546875 0.65625 0.546875 0.65 0.554688 0.646875 0.554688 0.64375 0.558594 0.64375 0.5625 0.6375 0.570312 0.6375 0.585938 0.640625 0.589844 0.640625 0.597656 0.64375 0.601562 0.64375 0.609375 0.653125 0.621094 0.653125 0.625 0.6625 0.636719 0.665625 0.636719 0.66875 0.632812 0.671875 0.632812 0.675 0.628906 0.678125 0.628906 0.68125 0.625 0.690625 0.625 0.69375 0.621094 0.7 0.621094 0.703125 0.617188 0.70625 0.617188 0.7125 0.609375 0.7125 0.601562 0.71875 0.59375 0.71875 0.589844 0.728125 0.578125 0.728125 0.550781 0.721875 0.542969 0.71875 0.542969 0.715625 0.539062 0.70625 0.539062 0.703125 0.535156
0 0.6625 0.75 0.6625 0.757812 0.659375 0.761719 0.659375 0.765625 0.65625 0.769531 0.65625 0.777344 0.65 0.785156 0.64375 0.785156 0.640625 0.78125 0.640625 0.773438 0.634375 0.765625 0.634375 0.761719 0.634375 0.777344 0.640625 0.785156 0.640625 0.789062 0.646875 0.789062 0.65 0.792969 0.653125 0.792969 0.65625 0.796875 0.659375 0.796875 0.659375 0.792969 0.6625 0.789062 0.66875 0.789062 0.66875 0.785156 0.671875 0.78125 0.678125 0.789062 0.678125 0.792969 0.684375 0.792969 0.684375 0.789062 0.690625 0.78125 0.690625 0.769531 0.684375 0.761719 0.66875 0.761719 0.665625 0.765625 0.6625 0.761719
0 0.534375 0.859375 0.53125 0.863281 0.525 0.863281 0.51875 0.871094 0.521875 0.871094 0.540625 0.894531 0.540625 0.898438 0.546875 0.898438 0.55 0.902344 0.553125 0.898438 0.559375 0.898438 0.571875 0.882812 0.571875 0.878906 0.56875 0.875 0.56875 0.867188 0.565625 0.863281 0.55 0.863281 0.546875 0.859375
0 0.35 0.398438 0.35 0.414062 0.353125 0.417969 0.353125 0.421875 0.35625 0.425781 0.36875 0.425781 0.371875 0.421875 0.375 0.421875 0.375 0.398438
0 0.359375 0.410156 0.3625 0.40625 0.365625 0.40625 0.36875 0.410156 0.365625 0.414062 0.3625 0.414062
0 0 0.433594 0 0.523438 0.015625 0.523438 0.015625 0.519531 0.01875 0.515625 0.021875 0.515625 0.021875 0.5 0.025 0.496094 0.025 0.480469 0.021875 0.476562 0.021875 0.472656 0.015625 0.464844 0.015625 0.457031 0.0125 0.453125 0.0125 0.449219 0.009375 0.445312 0.009375 0.441406 0.00625 0.441406
0 0.146875 0.316406 0.146875 0.320312 0.14375 0.324219 0.14375 0.328125 0.140625 0.332031 0.1375 0.332031 0.140625 0.335938 0.140625 0.355469 0.14375 0.359375 0.14375 0.367188 0.146875 0.371094 0.146875 0.375 0.15 0.375 0.153125 0.378906 0.15 0.382812 0.153125 0.382812 0.153125 0.378906 0.159375 0.371094 0.1625 0.371094 0.165625 0.367188 0.165625 0.363281 0.16875 0.359375 0.16875 0.34375 0.171875 0.339844 0.171875 0.332031 0.16875 0.328125 0.165625 0.328125 0.1625 0.324219 0.15625 0.324219 0.153125 0.320312 0.15 0.320312
0 0.840625 0.75 0.8375 0.753906 0.8375 0.765625 0.85 0.765625 0.853125 0.761719 0.85625 0.761719 0.8625 0.769531 0.871875 0.769531 0.871875 0.757812 0.8625 0.757812 0.859375 0.753906 0.85 0.753906 0.846875 0.75
0 0.415625 0.347656 0.409375 0.355469 0.409375 0.363281 0.40625 0.367188 0.403125 0.367188 0.403125 0.371094 0.4 0.375 0.396875 0.375 0.396875 0.382812 0.39375 0.386719 0.403125 0.386719 0.40625 0.390625 0.40625 0.394531 0.409375 0.398438 0.4125 0.398438 0.4125 0.390625 0.415625 0.386719 0.425 0.386719 0.428125 0.382812 0.43125 0.382812 0.434375 0.378906 0.434375 0.359375 0.43125 0.355469 0.425 0.355469 0.41875 0.347656
0 0.884375 0.929688 0.88125 0.933594 0.875 0.933594 0.871875 0.9375 0.86875 0.933594 0.859375 0.933594 0.85625 0.9375 0.85625 0.964844 0.859375 0.96875 0.859375 0.972656 0.865625 0.980469 0.86875 0.980469 0.871875 0.984375 0.884375 0.984375 0.8875 0.988281 0.896875 0.976562 0.896875 0.972656 0.9 0.96875 0.9 0.957031 0.896875 0.953125 0.896875 0.949219 0.89375 0.945312 0.89375 0.941406
0 0.790625 0.605469 0.79375 0.605469 0.796875 0.609375 0.8 0.609375 0.803125 0.613281 0.803125 0.617188 0.8 0.621094 0.796875 0.621094 0.790625 0.628906 0.7875 0.625 0.778125 0.625 0.778125 0.628906 0.775 0.632812 0.778125 0.636719 0.771875 0.644531 0.765625 0.644531 0.765625 0.65625 0.76875 0.660156 0.76875 0.664062 0.7875 0.664062 0.7875 0.644531 0.790625 0.640625 0.796875 0.640625 0.8 0.644531 0.803125 0.640625 0.80625 0.640625 0.809375 0.644531 0.815625 0.644531 0.81875 0.648438 0.840625 0.648438 0.84375 0.652344 0.853125 0.652344 0.85625 0.648438 0.859375 0.648438 0.8625 0.644531 0.8625 0.632812 0.85625 0.625 0.853125 0.625 0.85 0.621094 0.846875 0.621094 0.84375 0.617188 0.840625 0.617188 0.8375 0.613281 0.828125 0.613281 0.825 0.617188 0.80625 0.617188 0.803125 0.613281 0.803125 0.609375 0.8 0.605469
0 0.403125 0.808594 0.403125 0.8125 0.4 0.816406 0.4 0.824219 0.403125 0.828125 0.4125 0.828125 0.415625 0.824219 0.41875 0.824219 0.421875 0.828125 0.425 0.824219 0.421875 0.820312 0.421875 0.816406 0.41875 0.8125 0.415625 0.8125 0.4125 0.808594
0 0.13125 0.464844 0.13125 0.46875 0.128125 0.472656 0.125 0.472656 0.125 0.507812 0.13125 0.507812 0.1375 0.515625 0.15625 0.515625 0.15625 0.503906 0.159375 0.5 0.159375 0.476562 0.15625 0.472656 0.15625 0.46875 0.15 0.46875 0.146875 0.464844
0 0.1375 0.480469 0.140625 0.476562 0.14375 0.480469 0.14375 0.492188 0.140625 0.496094 0.1375 0.492188
0 0.146875 0.757812 0.14375 0.761719 0.140625 0.761719 0.1375 0.765625 0.128125 0.765625 0.125 0.769531 0.121875 0.769531 0.1125 0.78125 0.1125 0.785156 0.10625 0.792969 0.10625 0.800781 0.1125 0.808594 0.1125 0.8125 0.115625 0.816406 0.125 0.816406 0.128125 0.8125 0.13125 0.8125 0.134375 0.808594 0.1375 0.808594 0.140625 0.804688 0.153125 0.804688 0.15625 0.808594 0.1625 0.808594 0.165625 0.804688 0.165625 0.789062 0.1625 0.785156 0.1625 0.78125 0.159375 0.777344 0.159375 0.769531 0.15625 0.765625 0.15625 0.761719 0.153125 0.757812
0 0.821875 0.195312 0.821875 0.199219 0.81875 0.203125 0.815625 0.203125 0.8125 0.199219 0.809375 0.199219 0.803125 0.207031 0.8 0.207031 0.80625 0.214844 0.80625 0.230469 0.803125 0.234375 0.784375 0.234375 0.784375 0.242188 0.7875 0.246094 0.7875 0.253906 0.790625 0.253906 0.79375 0.257812 0.809375 0.257812 0.825 0.238281 0.825 0.226562 0.821875 0.222656 0.821875 0.21875 0.825 0.214844 0.825 0.207031 0.828125 0.203125
0 0.80625 0.148438 0.803125 0.152344 0.8 0.152344 0.8 0.15625 0.796875 0.160156 0.790625 0.160156 0.790625 0.167969 0.796875 0.175781 0.796875 0.203125 0.803125 0.203125 0.809375 0.195312 0.8125 0.195312 0.815625 0.199219 0.81875 0.199219 0.81875 0.195312 0.821875 0.191406 0.828125 0.199219 0.828125 0.195312 0.834375 0.1875 0.834375 0.179688 0.8375 0.175781 0.834375 0.171875 0.834375 0.167969 0.828125 0.160156 0.821875 0.160156 0.81875 0.15625 0.81875 0.152344 0.809375 0.152344
0 0.846875 0.0859375 0.84375 0.0898438 0.8375 0.0898438 0.834375 0.09375 0.834375 0.101562 0.83125 0.105469 0.83125 0.113281 0.834375 0.117188 0.834375 0.121094 0.8375 0.125 0.840625 0.125 0.846875 0.132812 0.846875 0.140625 0.85 0.144531 0.85625 0.144531 0.859375 0.140625 0.8625 0.140625 0.865625 0.136719 0.878125 0.136719 0.878125 0.125 0.88125 0.121094 0.884375 0.121094 0.884375 0.117188 0.89375 0.105469 0.89375 0.0976562 0.9 0.0898438 0.9 0.0859375 0.8875 0.0859375 0.8875 0.0898438 0.890625 0.09375 0.8875 0.0976562 0.8625 0.0976562 0.85625 0.0898438 0.85625 0.0859375
0 0.88125 0.695312 0.871875 0.707031 0.86875 0.707031 0.86875 0.710938 0.865625 0.714844 0.865625 0.71875 0.859375 0.726562 0.859375 0.730469 0.85625 0.734375 0.859375 0.738281 0.871875 0.738281 0.875 0.734375 0.88125 0.734375 0.88125 0.730469 0.884375 0.726562 0.8875 0.726562 0.896875 0.738281 0.896875 0.742188 0.9 0.738281 0.9125 0.738281 0.9125 0.734375 0.915625 0.730469 0.915625 0.722656 0.9125 0.71875 0.89375 0.71875 0.890625 0.714844 0.890625 0.710938 0.8875 0.707031 0.8875 0.703125
0 0.540625 0.488281 0.5375 0.492188 0.534375 0.492188 0.53125 0.496094 0.53125 0.5 0.528125 0.503906 0.525 0.503906 0.509375 0.523438 0.509375 0.539062 0.5125 0.542969 0.5125 0.566406 0.515625 0.570312 0.515625 0.574219 0.515625 0.570312 0.51875 0.566406 0.521875 0.570312 0.521875 0.589844 0.525 0.59375 0.528125 0.59375 0.53125 0.597656 0.534375 0.597656 0.534375 0.59375 0.5375 0.589844 0.540625 0.589844 0.540625 0.585938 0.55 0.574219 0.553125 0.578125 0.553125 0.589844 0.553125 0.585938 0.559375 0.578125 0.559375 0.558594 0.5625 0.554688 0.5625 0.539062 0.559375 0.535156 0.559375 0.527344 0.55625 0.523438 0.559375 0.519531 0.565625 0.519531 0.5625 0.515625 0.5625 0.507812 0.553125 0.496094 0.553125 0.492188 0.55 0.488281
0 0.778125 0.480469 0.775 0.484375 0.7625 0.484375 0.759375 0.488281 0.753125 0.488281 0.753125 0.492188 0.75 0.496094 0.721875 0.496094 0.709375 0.511719 0.715625 0.519531 0.734375 0.519531 0.7375 0.523438 0.7375 0.53125 0.740625 0.527344 0.740625 0.523438 0.74375 0.519531 0.75 0.519531 0.753125 0.515625 0.765625 0.515625 0.771875 0.523438 0.78125 0.523438 0.784375 0.527344 0.790625 0.527344 0.790625 0.523438 0.7875 0.519531 0.784375 0.519531 0.78125 0.515625 0.78125 0.511719 0.784375 0.507812 0.7875 0.507812 0.778125 0.507812 0.775 0.503906 0.775 0.5 0.76875 0.5 0.765625 0.496094 0.775 0.484375 0.78125 0.484375 0.78125 0.480469
0 0 0.6875 0 0.773438 0.003125 0.777344 0.003125 0.78125 0.009375 0.78125 0.0125 0.785156 0.015625 0.785156 0.021875 0.777344 0.03125 0.777344 0.0375 0.769531 0.0375 0.730469 0.034375 0.730469 0.03125 0.726562 0.03125 0.722656 0.01875 0.707031 0.01875 0.699219 0.015625 0.695312 0.015625 0.691406 0.009375 0.691406 0.00625 0.6875
