0 0.371094 0.878906 0.359375 0.890625 0.359375 0.921875 0.363281 0.925781 0.378906 0.925781 0.382812 0.921875 0.382812 0.914062 0.386719 0.910156 0.386719 0.890625 0.375 0.878906
0 0.933594 0.597656 0.929688 0.601562 0.929688 0.609375 0.9375 0.617188 0.9375 0.625 0.949219 0.636719 0.953125 0.636719 0.960938 0.644531 0.972656 0.644531 0.976562 0.640625 0.976562 0.621094 0.972656 0.617188 0.96875 0.617188 0.964844 0.613281 0.960938 0.613281 0.957031 0.609375 0.953125 0.609375 0.941406 0.597656
0 0.296875 0.414062 0.292969 0.417969 0.289062 0.417969 0.285156 0.421875 0.285156 0.425781 0.28125 0.429688 0.28125 0.449219 0.285156 0.453125 0.292969 0.453125 0.300781 0.445312 0.300781 0.441406 0.304688 0.4375 0.304688 0.433594 0.308594 0.429688 0.308594 0.425781 0.304688 0.421875 0.304688 0.417969 0.300781 0.414062
0 0.230469 0.332031 0.222656 0.339844 0.222656 0.34375 0.21875 0.347656 0.21875 0.355469 0.230469 0.367188 0.25 0.367188 0.257812 0.359375 0.257812 0.34375 0.246094 0.332031
0 0.582031 0.824219 0.574219 0.832031 0.574219 0.835938 0.570312 0.839844 0.570312 0.859375 0.574219 0.863281 0.585938 0.863281 0.59375 0.855469 0.59375 0.851562 0.597656 0.847656 0.597656 0.835938 0.59375 0.832031 0.59375 0.828125 0.589844 0.824219
0 0.992188 0.234375 0.984375 0.242188 0.984375 0.246094 0.980469 0.25 0.980469 0.253906 0.988281 0.261719 0.996094 0.261719 0.996094 0.234375
0 0.109375 0.558594 0.0976562 0.570312 0.0976562 0.585938 0.109375 0.597656 0.117188 0.597656 0.121094 0.59375 0.121094 0.589844 0.125 0.585938 0.125 0.5625 0.121094 0.558594
0 0.140625 0.0585938 0.132812 0.0664062 0.132812 0.078125 0.140625 0.0859375 0.148438 0.0859375 0.152344 0.0898438 0.164062 0.0898438 0.167969 0.0859375 0.167969 0.0742188 0.152344 0.0585938
0 0.933594 0 0.921875 0.0117188 0.921875 0.0273438 0.925781 0.03125 0.929688 0.03125 0.933594 0.0351562 0.9375 0.0351562 0.949219 0.0234375 0.949219 0.0195312 0.953125 0.015625 0.953125 0
0 0.109375 0.125 0.105469 0.128906 0.105469 0.132812 0.101562 0.136719 0.101562 0.140625 0.0976562 0.144531 0.101562 0.148438 0.101562 0.152344 0.105469 0.15625 0.113281 0.15625 0.117188 0.152344 0.117188 0.148438 0.121094 0.144531 0.121094 0.140625 0.125 0.136719 0.125 0.128906 0.121094 0.125
0 0.28125 0.691406 0.277344 0.695312 0.273438 0.695312 0.265625 0.703125 0.265625 0.714844 0.269531 0.71875 0.269531 0.722656 0.273438 0.726562 0.277344 0.726562 0.28125 0.730469 0.308594 0.730469 0.3125 0.726562 0.3125 0.710938 0.308594 0.707031 0.308594 0.699219 0.300781 0.691406
0 0.296875 0.539062 0.289062 0.546875 0.289062 0.558594 0.292969 0.5625 0.304688 0.5625 0.308594 0.558594 0.308594 0.542969 0.304688 0.539062
0 0.945312 0.511719 0.941406 0.515625 0.9375 0.515625 0.929688 0.523438 0.929688 0.527344 0.925781 0.53125 0.925781 0.546875 0.929688 0.550781 0.929688 0.558594 0.9375 0.566406 0.953125 0.566406 0.960938 0.558594 0.960938 0.550781 0.964844 0.546875 0.964844 0.542969 0.960938 0.539062 0.960938 0.527344 0.957031 0.523438 0.957031 0.515625 0.953125 0.511719
0 0.800781 0.898438 0.796875 0.902344 0.796875 0.914062 0.8125 0.929688 0.828125 0.929688 0.835938 0.921875 0.835938 0.910156 0.828125 0.902344 0.824219 0.902344 0.820312 0.898438
0 0.449219 0.386719 0.441406 0.394531 0.441406 0.402344 0.4375 0.40625 0.4375 0.414062 0.445312 0.421875 0.453125 0.421875 0.457031 0.417969 0.460938 0.417969 0.464844 0.414062 0.464844 0.410156 0.472656 0.402344 0.472656 0.398438 0.46875 0.394531 0.46875 0.390625 0.464844 0.386719
0 0.308594 0.339844 0.300781 0.347656 0.300781 0.359375 0.304688 0.363281 0.316406 0.363281 0.324219 0.355469 0.324219 0.34375 0.320312 0.339844
0 0.785156 0.679688 0.777344 0.6875 0.777344 0.691406 0.769531 0.699219 0.769531 0.707031 0.773438 0.710938 0.773438 0.71875 0.777344 0.722656 0.777344 0.726562 0.78125 0.730469 0.78125 0.734375 0.785156 0.738281 0.785156 0.742188 0.789062 0.746094 0.804688 0.746094 0.816406 0.734375 0.816406 0.71875 0.8125 0.714844 0.8125 0.703125 0.804688 0.695312 0.804688 0.691406 0.796875 0.683594 0.792969 0.683594 0.789062 0.679688
0 0.441406 0.871094 0.425781 0.886719 0.425781 0.910156 0.433594 0.910156 0.4375 0.914062 0.457031 0.914062 0.460938 0.917969 0.464844 0.917969 0.472656 0.910156 0.472656 0.90625 0.480469 0.898438 0.480469 0.890625 0.476562 0.886719 0.476562 0.882812 0.46875 0.875 0.464844 0.875 0.460938 0.871094
0 0.628906 0.582031 0.621094 0.589844 0.613281 0.589844 0.605469 0.597656 0.605469 0.617188 0.609375 0.621094 0.613281 0.621094 0.617188 0.625 0.628906 0.625 0.644531 0.609375 0.648438 0.609375 0.65625 0.601562 0.65625 0.589844 0.652344 0.585938 0.648438 0.585938 0.644531 0.582031
0 0.609375 0.863281 0.605469 0.867188 0.601562 0.867188 0.582031 0.886719 0.582031 0.898438 0.585938 0.902344 0.589844 0.902344 0.59375 0.898438 0.597656 0.898438 0.601562 0.894531 0.605469 0.894531 0.621094 0.878906 0.621094 0.867188 0.617188 0.863281
0 0.855469 0.410156 0.851562 0.414062 0.851562 0.417969 0.847656 0.421875 0.847656 0.425781 0.851562 0.429688 0.851562 0.433594 0.855469 0.4375 0.863281 0.4375 0.867188 0.441406 0.871094 0.441406 0.882812 0.429688 0.882812 0.417969 0.875 0.410156
0 0.5 0.964844 0.496094 0.96875 0.492188 0.96875 0.488281 0.972656 0.484375 0.972656 0.472656 0.984375 0.472656 0.996094 0.515625 0.996094 0.523438 0.988281 0.523438 0.972656 0.515625 0.964844
0 0 0.867188 0 0.910156 0.00390625 0.90625 0.00390625 0.886719 0.0078125 0.882812 0.0078125 0.871094 0.00390625 0.867188
0 0.808594 0.980469 0.804688 0.984375 0.804688 0.992188 0.808594 0.996094 0.835938 0.996094 0.839844 0.992188 0.839844 0.984375 0.835938 0.980469
0 0.488281 0.5625 0.480469 0.570312 0.480469 0.582031 0.5 0.601562 0.515625 0.601562 0.523438 0.59375 0.523438 0.578125 0.507812 0.5625
0 0.371094 0.605469 0.367188 0.609375 0.363281 0.609375 0.351562 0.621094 0.347656 0.621094 0.34375 0.625 0.34375 0.628906 0.359375 0.644531 0.367188 0.644531 0.371094 0.648438 0.398438 0.648438 0.402344 0.644531 0.40625 0.644531 0.414062 0.636719 0.414062 0.625 0.410156 0.621094 0.410156 0.613281 0.402344 0.605469
0 0.332031 0.316406 0.328125 0.320312 0.328125 0.332031 0.324219 0.335938 0.324219 0.339844 0.328125 0.34375 0.328125 0.355469 0.332031 0.355469 0.34375 0.367188 0.355469 0.367188 0.359375 0.363281 0.359375 0.359375 0.363281 0.355469 0.363281 0.339844 0.359375 0.335938 0.359375 0.332031 0.355469 0.328125 0.355469 0.324219 0.351562 0.320312 0.347656 0.320312 0.34375 0.316406
0 0.679688 0.308594 0.679688 0.3125 0.675781 0.316406 0.675781 0.328125 0.679688 0.332031 0.707031 0.332031 0.707031 0.316406 0.699219 0.308594
0 0.0664062 0.234375 0.0625 0.238281 0.0585938 0.238281 0.0507812 0.246094 0.0507812 0.257812 0.0546875 0.261719 0.0585938 0.261719 0.0625 0.265625 0.0664062 0.265625 0.0703125 0.269531 0.078125 0.269531 0.0820312 0.265625 0.0859375 0.265625 0.0898438 0.261719 0.0898438 0.242188 0.0859375 0.238281 0.0820312 0.238281 0.078125 0.234375
0 0.65625 0.675781 0.652344 0.679688 0.648438 0.679688 0.640625 0.6875 0.640625 0.691406 0.628906 0.703125 0.628906 0.710938 0.632812 0.714844 0.640625 0.714844 0.644531 0.710938 0.648438 0.710938 0.652344 0.707031 0.65625 0.707031 0.660156 0.703125 0.664062 0.703125 0.671875 0.695312 0.671875 0.679688 0.667969 0.675781
0 0.695312 0.902344 0.683594 0.914062 0.683594 0.917969 0.679688 0.921875 0.679688 0.929688 0.675781 0.933594 0.675781 0.9375 0.679688 0.941406 0.679688 0.945312 0.6875 0.953125 0.703125 0.953125 0.714844 0.941406 0.714844 0.929688 0.71875 0.925781 0.71875 0.914062 0.707031 0.902344
0 0.367188 0.972656 0.355469 0.984375 0.355469 0.988281 0.363281 0.996094 0.378906 0.996094 0.386719 0.988281 0.386719 0.980469 0.378906 0.972656
0 0.417969 0.769531 0.414062 0.773438 0.410156 0.773438 0.40625 0.777344 0.394531 0.777344 0.386719 0.785156 0.386719 0.789062 0.382812 0.792969 0.382812 0.800781 0.386719 0.804688 0.386719 0.808594 0.390625 0.8125 0.394531 0.8125 0.398438 0.816406 0.421875 0.816406 0.433594 0.804688 0.433594 0.785156 0.429688 0.78125 0.429688 0.777344 0.421875 0.769531
0 0.683594 0.605469 0.679688 0.609375 0.679688 0.613281 0.675781 0.617188 0.675781 0.621094 0.671875 0.625 0.671875 0.628906 0.664062 0.636719 0.664062 0.65625 0.671875 0.664062 0.679688 0.664062 0.691406 0.652344 0.691406 0.648438 0.699219 0.640625 0.699219 0.613281 0.691406 0.605469
0 0.0742188 0.390625 0.0703125 0.394531 0.0664062 0.394531 0.0625 0.398438 0.0625 0.402344 0.0507812 0.414062 0.0507812 0.429688 0.0546875 0.433594 0.078125 0.433594 0.0820312 0.429688 0.0859375 0.429688 0.0976562 0.417969 0.0976562 0.402344 0.09375 0.398438 0.0898438 0.398438 0.0820312 0.390625
0 0.132812 0.316406 0.128906 0.320312 0.125 0.320312 0.117188 0.328125 0.117188 0.339844 0.121094 0.34375 0.148438 0.34375 0.15625 0.335938 0.15625 0.324219 0.148438 0.316406
0 0.757812 0.546875 0.753906 0.550781 0.75 0.550781 0.746094 0.554688 0.746094 0.5625 0.742188 0.566406 0.742188 0.574219 0.753906 0.585938 0.761719 0.585938 0.765625 0.589844 0.789062 0.589844 0.792969 0.585938 0.796875 0.585938 0.800781 0.582031 0.800781 0.566406 0.792969 0.558594 0.789062 0.558594 0.78125 0.550781 0.773438 0.550781 0.769531 0.546875
0 0.136719 0.457031 0.132812 0.460938 0.128906 0.460938 0.121094 0.46875 0.121094 0.484375 0.125 0.488281 0.152344 0.488281 0.15625 0.484375 0.15625 0.464844 0.148438 0.457031
0 0.0859375 0.617188 0.078125 0.625 0.078125 0.628906 0.0742188 0.632812 0.0742188 0.636719 0.078125 0.640625 0.078125 0.644531 0.0820312 0.648438 0.0859375 0.648438 0.09375 0.65625 0.101562 0.65625 0.105469 0.652344 0.105469 0.632812 0.0898438 0.617188
0 0.175781 0.4375 0.164062 0.449219 0.160156 0.449219 0.15625 0.453125 0.15625 0.460938 0.160156 0.464844 0.160156 0.46875 0.167969 0.46875 0.175781 0.476562 0.179688 0.476562 0.1875 0.484375 0.207031 0.484375 0.214844 0.476562 0.214844 0.464844 0.191406 0.441406 0.191406 0.4375
0 0.925781 0.417969 0.917969 0.425781 0.917969 0.441406 0.929688 0.453125 0.941406 0.453125 0.949219 0.445312 0.949219 0.425781 0.941406 0.417969
0 0.0859375 0.117188 0.0820312 0.121094 0.0820312 0.140625 0.0859375 0.144531 0.09375 0.144531 0.0976562 0.140625 0.0976562 0.136719 0.101562 0.132812 0.101562 0.128906 0.105469 0.125 0.105469 0.117188
0 0.246094 0.921875 0.242188 0.925781 0.242188 0.929688 0.238281 0.933594 0.238281 0.945312 0.242188 0.949219 0.261719 0.949219 0.269531 0.941406 0.269531 0.9375 0.273438 0.933594 0.273438 0.929688 0.265625 0.921875
0 0.910156 0.78125 0.902344 0.789062 0.902344 0.792969 0.898438 0.796875 0.898438 0.8125 0.902344 0.816406 0.902344 0.820312 0.910156 0.828125 0.917969 0.828125 0.929688 0.816406 0.929688 0.792969 0.925781 0.789062 0.925781 0.785156 0.921875 0.78125
0 0.5625 0 0.554688 0.0078125 0.554688 0.015625 0.550781 0.0195312 0.550781 0.0234375 0.558594 0.03125 0.5625 0.03125 0.574219 0.0195312 0.574219 0.00390625 0.570312 0
0 0.546875 0.574219 0.535156 0.585938 0.535156 0.597656 0.53125 0.601562 0.53125 0.613281 0.542969 0.625 0.550781 0.625 0.5625 0.613281 0.5625 0.609375 0.570312 0.601562 0.570312 0.597656 0.574219 0.59375 0.574219 0.589844 0.558594 0.574219
0 0.0117188 0.871094 0.0117188 0.882812 0.0078125 0.886719 0.0078125 0.90625 0.0195312 0.90625 0.0273438 0.898438 0.0273438 0.886719 0.0234375 0.882812 0.0234375 0.878906 0.015625 0.871094
0 0.21875 0.222656 0.214844 0.226562 0.210938 0.226562 0.207031 0.230469 0.203125 0.230469 0.199219 0.234375 0.199219 0.238281 0.191406 0.246094 0.191406 0.265625 0.199219 0.273438 0.214844 0.273438 0.21875 0.269531 0.226562 0.269531 0.230469 0.265625 0.234375 0.265625 0.238281 0.261719 0.238281 0.257812 0.242188 0.253906 0.242188 0.238281 0.238281 0.234375 0.238281 0.230469 0.234375 0.226562 0.230469 0.226562 0.226562 0.222656
0 0.992188 0.753906 0.984375 0.761719 0.984375 0.769531 0.980469 0.773438 0.980469 0.789062 0.992188 0.800781 0.996094 0.800781 0.996094 0.753906
0 0.421875 0.914062 0.417969 0.917969 0.417969 0.921875 0.410156 0.929688 0.410156 0.949219 0.421875 0.960938 0.433594 0.960938 0.4375 0.957031 0.445312 0.957031 0.449219 0.953125 0.449219 0.949219 0.453125 0.945312 0.453125 0.9375 0.460938 0.929688 0.460938 0.921875 0.457031 0.917969 0.4375 0.917969 0.433594 0.914062
0 0.398438 0.664062 0.390625 0.671875 0.390625 0.691406 0.398438 0.699219 0.414062 0.699219 0.425781 0.6875 0.425781 0.683594 0.421875 0.679688 0.421875 0.675781 0.410156 0.664062
0 0 0.457031 0 0.507812 0.0117188 0.507812 0.015625 0.503906 0.015625 0.5 0.0195312 0.496094 0.0195312 0.472656 0.015625 0.46875 0.015625 0.460938 0.0117188 0.457031
0 0.394531 0.3125 0.386719 0.320312 0.386719 0.335938 0.390625 0.339844 0.390625 0.347656 0.394531 0.351562 0.40625 0.351562 0.414062 0.34375 0.414062 0.339844 0.417969 0.335938 0.417969 0.328125 0.402344 0.3125
0 0.609375 0.0078125 0.601562 0.015625 0.597656 0.015625 0.59375 0.0195312 0.59375 0.03125 0.597656 0.0351562 0.617188 0.0351562 0.621094 0.03125 0.621094 0.0273438 0.625 0.0234375 0.625 0.015625 0.617188 0.0078125
0 0.125 0.101562 0.121094 0.105469 0.117188 0.105469 0.109375 0.113281 0.109375 0.121094 0.121094 0.121094 0.128906 0.128906 0.128906 0.136719 0.152344 0.136719 0.15625 0.140625 0.160156 0.140625 0.171875 0.128906 0.171875 0.117188 0.167969 0.113281 0.164062 0.113281 0.15625 0.105469 0.152344 0.105469 0.148438 0.101562
0 0.820312 0.757812 0.816406 0.761719 0.8125 0.761719 0.808594 0.765625 0.808594 0.769531 0.804688 0.773438 0.804688 0.777344 0.800781 0.78125 0.800781 0.8125 0.804688 0.816406 0.808594 0.816406 0.8125 0.820312 0.816406 0.820312 0.828125 0.808594 0.828125 0.804688 0.832031 0.800781 0.832031 0.785156 0.835938 0.78125 0.835938 0.765625 0.828125 0.757812
0 0.859375 0.980469 0.847656 0.992188 0.847656 0.996094 0.878906 0.996094 0.878906 0.992188 0.875 0.988281 0.875 0.984375 0.871094 0.980469
0 0.363281 0.394531 0.359375 0.398438 0.359375 0.414062 0.363281 0.417969 0.390625 0.417969 0.394531 0.414062 0.394531 0.398438 0.390625 0.394531
0 0 0.933594 0 0.976562 0.0117188 0.988281 0.015625 0.988281 0.0273438 0.976562 0.0273438 0.972656 0.03125 0.96875 0.03125 0.960938 0.0273438 0.957031 0.0273438 0.953125 0.0078125 0.933594
0 0.441406 0.332031 0.421875 0.351562 0.421875 0.367188 0.429688 0.375 0.449219 0.375 0.460938 0.363281 0.460938 0.34375 0.449219 0.332031
0 0.683594 0.335938 0.683594 0.339844 0.679688 0.34375 0.679688 0.351562 0.6875 0.359375 0.699219 0.359375 0.703125 0.355469 0.710938 0.355469 0.714844 0.351562 0.714844 0.34375 0.707031 0.335938
0 0.078125 0.484375 0.0742188 0.488281 0.0703125 0.488281 0.0664062 0.492188 0.0664062 0.496094 0.0585938 0.503906 0.0585938 0.511719 0.0507812 0.519531 0.0507812 0.535156 0.0546875 0.539062 0.0546875 0.542969 0.0625 0.550781 0.0820312 0.550781 0.09375 0.539062 0.09375 0.503906 0.0898438 0.5 0.0898438 0.488281 0.0859375 0.484375
0 0.585938 0 0.585938 0.00390625 0.589844 0.0078125 0.59375 0.0078125 0.597656 0.0117188 0.601562 0.0117188 0.609375 0.00390625 0.609375 0
0 0.972656 0.0898438 0.964844 0.0976562 0.964844 0.109375 0.96875 0.113281 0.96875 0.117188 0.976562 0.125 0.984375 0.125 0.992188 0.117188 0.992188 0.113281 0.988281 0.109375 0.988281 0.101562 0.976562 0.0898438
0 0.183594 0.394531 0.175781 0.402344 0.175781 0.40625 0.171875 0.410156 0.171875 0.429688 0.175781 0.433594 0.195312 0.433594 0.210938 0.417969 0.210938 0.398438 0.207031 0.394531
0 0.09375 0.0078125 0.078125 0.0234375 0.078125 0.03125 0.0820312 0.03125 0.0898438 0.0390625 0.109375 0.0390625 0.113281 0.0351562 0.117188 0.0351562 0.121094 0.03125 0.121094 0.0195312 0.117188 0.015625 0.117188 0.0117188 0.113281 0.0078125
0 0.8125 0.515625 0.808594 0.519531 0.796875 0.519531 0.785156 0.53125 0.785156 0.535156 0.796875 0.546875 0.816406 0.546875 0.820312 0.542969 0.820312 0.539062 0.824219 0.535156 0.824219 0.523438 0.816406 0.515625
0 0.511719 0.914062 0.507812 0.917969 0.507812 0.929688 0.511719 0.933594 0.511719 0.9375 0.515625 0.941406 0.53125 0.941406 0.535156 0.9375 0.539062 0.9375 0.542969 0.933594 0.542969 0.925781 0.539062 0.921875 0.535156 0.921875 0.53125 0.917969 0.527344 0.917969 0.523438 0.914062
0 0.550781 0.800781 0.546875 0.804688 0.535156 0.804688 0.523438 0.816406 0.523438 0.820312 0.527344 0.824219 0.527344 0.835938 0.535156 0.84375 0.542969 0.84375 0.546875 0.839844 0.550781 0.839844 0.5625 0.828125 0.5625 0.816406 0.566406 0.8125 0.566406 0.808594 0.558594 0.800781
0 0.03125 0.777344 0.0234375 0.785156 0.0234375 0.789062 0.03125 0.796875 0.0351562 0.796875 0.0390625 0.800781 0.0429688 0.800781 0.046875 0.804688 0.0625 0.804688 0.0664062 0.800781 0.0664062 0.785156 0.0585938 0.777344
0 0.273438 0.539062 0.269531 0.542969 0.269531 0.546875 0.273438 0.550781 0.273438 0.554688 0.277344 0.558594 0.285156 0.558594 0.285156 0.546875 0.289062 0.542969 0.285156 0.539062
0 0.746094 0.90625 0.738281 0.914062 0.738281 0.917969 0.734375 0.921875 0.734375 0.933594 0.742188 0.941406 0.75 0.941406 0.753906 0.9375 0.757812 0.9375 0.765625 0.929688 0.765625 0.914062 0.757812 0.90625
0 0.632812 0.625 0.628906 0.628906 0.628906 0.640625 0.632812 0.644531 0.632812 0.652344 0.636719 0.65625 0.640625 0.65625 0.644531 0.660156 0.65625 0.660156 0.660156 0.65625 0.660156 0.628906 0.65625 0.625
0 0.839844 0.273438 0.835938 0.277344 0.835938 0.28125 0.828125 0.289062 0.828125 0.304688 0.832031 0.308594 0.832031 0.3125 0.835938 0.316406 0.839844 0.316406 0.84375 0.3125 0.847656 0.3125 0.855469 0.304688 0.855469 0.300781 0.859375 0.296875 0.859375 0.292969 0.863281 0.289062 0.863281 0.28125 0.859375 0.277344 0.855469 0.277344 0.851562 0.273438
0 0.648438 0.945312 0.644531 0.949219 0.644531 0.957031 0.648438 0.960938 0.648438 0.964844 0.652344 0.96875 0.652344 0.972656 0.660156 0.980469 0.667969 0.980469 0.671875 0.984375 0.679688 0.984375 0.6875 0.976562 0.6875 0.964844 0.671875 0.949219 0.667969 0.949219 0.664062 0.945312
0 0.492188 0.757812 0.488281 0.761719 0.488281 0.765625 0.484375 0.769531 0.484375 0.78125 0.488281 0.785156 0.488281 0.804688 0.492188 0.808594 0.5 0.808594 0.507812 0.800781 0.507812 0.78125 0.503906 0.777344 0.503906 0.761719 0.5 0.757812
0 0.652344 0.308594 0.648438 0.3125 0.644531 0.3125 0.640625 0.316406 0.640625 0.328125 0.644531 0.332031 0.652344 0.332031 0.65625 0.328125 0.660156 0.328125 0.667969 0.320312 0.667969 0.316406 0.664062 0.3125 0.660156 0.3125 0.65625 0.308594
0 0.21875 0.589844 0.214844 0.59375 0.210938 0.59375 0.207031 0.597656 0.203125 0.597656 0.191406 0.609375 0.191406 0.636719 0.195312 0.640625 0.199219 0.640625 0.203125 0.644531 0.214844 0.644531 0.21875 0.640625 0.222656 0.640625 0.230469 0.632812 0.242188 0.632812 0.246094 0.628906 0.246094 0.597656 0.242188 0.59375 0.238281 0.59375 0.234375 0.589844
0 0.855469 0.566406 0.847656 0.574219 0.847656 0.589844 0.867188 0.609375 0.875 0.609375 0.878906 0.613281 0.882812 0.613281 0.894531 0.601562 0.894531 0.597656 0.890625 0.59375 0.890625 0.589844 0.886719 0.585938 0.886719 0.582031 0.878906 0.574219 0.875 0.574219 0.867188 0.566406
0 0.742188 0.59375 0.738281 0.597656 0.738281 0.621094 0.746094 0.628906 0.75 0.628906 0.757812 0.636719 0.769531 0.636719 0.777344 0.628906 0.777344 0.613281 0.761719 0.597656 0.757812 0.597656 0.753906 0.59375
0 0.664062 0.269531 0.660156 0.273438 0.660156 0.277344 0.664062 0.28125 0.664062 0.285156 0.667969 0.289062 0.667969 0.296875 0.671875 0.300781 0.675781 0.300781 0.679688 0.304688 0.695312 0.304688 0.695312 0.285156 0.6875 0.277344 0.683594 0.277344 0.675781 0.269531
0 0.84375 0.855469 0.839844 0.859375 0.839844 0.863281 0.835938 0.867188 0.835938 0.882812 0.84375 0.890625 0.847656 0.890625 0.851562 0.894531 0.867188 0.894531 0.878906 0.882812 0.878906 0.859375 0.875 0.855469
0 0.601562 0.507812 0.597656 0.511719 0.597656 0.53125 0.605469 0.539062 0.617188 0.539062 0.632812 0.523438 0.632812 0.515625 0.628906 0.511719 0.625 0.511719 0.621094 0.507812
0 0.0859375 0.980469 0.078125 0.988281 0.078125 0.992188 0.0820312 0.996094 0.109375 0.996094 0.0976562 0.984375 0.09375 0.984375 0.0898438 0.980469
0 0.132812 0.558594 0.128906 0.5625 0.128906 0.585938 0.125 0.589844 0.125 0.59375 0.128906 0.59375 0.132812 0.597656 0.15625 0.597656 0.160156 0.59375 0.160156 0.589844 0.164062 0.585938 0.164062 0.570312 0.152344 0.558594
0 0.304688 0.953125 0.296875 0.960938 0.296875 0.976562 0.300781 0.980469 0.3125 0.980469 0.320312 0.972656 0.320312 0.957031 0.316406 0.953125
0 0.59375 0.457031 0.585938 0.464844 0.585938 0.46875 0.582031 0.472656 0.582031 0.480469 0.589844 0.488281 0.601562 0.488281 0.605469 0.484375 0.613281 0.484375 0.617188 0.480469 0.617188 0.46875 0.613281 0.464844 0.613281 0.460938 0.609375 0.457031
0 0.617188 0.410156 0.609375 0.417969 0.609375 0.429688 0.613281 0.433594 0.613281 0.4375 0.617188 0.441406 0.617188 0.449219 0.625 0.457031 0.632812 0.457031 0.636719 0.453125 0.636719 0.429688 0.632812 0.425781 0.632812 0.421875 0.628906 0.417969 0.628906 0.414062 0.625 0.410156
0 0.1875 0.8125 0.171875 0.828125 0.171875 0.851562 0.175781 0.855469 0.179688 0.855469 0.183594 0.859375 0.191406 0.859375 0.195312 0.855469 0.199219 0.855469 0.210938 0.84375 0.210938 0.820312 0.203125 0.8125
0 0.628906 0.269531 0.621094 0.277344 0.617188 0.277344 0.613281 0.28125 0.613281 0.296875 0.617188 0.300781 0.640625 0.300781 0.644531 0.296875 0.644531 0.292969 0.648438 0.289062 0.648438 0.277344 0.640625 0.269531
0 0.164062 0.210938 0.15625 0.21875 0.15625 0.238281 0.160156 0.242188 0.160156 0.246094 0.164062 0.25 0.175781 0.25 0.179688 0.246094 0.179688 0.242188 0.183594 0.238281 0.183594 0.222656 0.171875 0.210938
0 0.292969 0.761719 0.289062 0.765625 0.28125 0.765625 0.277344 0.769531 0.277344 0.777344 0.28125 0.78125 0.28125 0.789062 0.285156 0.792969 0.285156 0.796875 0.289062 0.800781 0.289062 0.808594 0.292969 0.808594 0.300781 0.816406 0.3125 0.816406 0.316406 0.8125 0.316406 0.800781 0.3125 0.796875 0.3125 0.765625 0.308594 0.761719
0 0.15625 0.488281 0.152344 0.492188 0.125 0.492188 0.125 0.507812 0.128906 0.511719 0.128906 0.519531 0.132812 0.523438 0.136719 0.523438 0.140625 0.527344 0.148438 0.527344 0.152344 0.523438 0.15625 0.523438 0.160156 0.519531 0.164062 0.519531 0.171875 0.511719 0.171875 0.5 0.160156 0.488281
0 0.511719 0.140625 0.507812 0.144531 0.507812 0.15625 0.496094 0.167969 0.496094 0.175781 0.503906 0.183594 0.507812 0.183594 0.515625 0.175781 0.523438 0.175781 0.527344 0.171875 0.527344 0.164062 0.53125 0.160156 0.53125 0.152344 0.519531 0.140625
0 0.625 0.210938 0.617188 0.21875 0.617188 0.234375 0.625 0.242188 0.628906 0.242188 0.636719 0.25 0.640625 0.25 0.644531 0.253906 0.65625 0.253906 0.664062 0.246094 0.664062 0.242188 0.660156 0.238281 0.660156 0.234375 0.65625 0.230469 0.65625 0.226562 0.640625 0.210938
0 0.261719 0.773438 0.257812 0.777344 0.25 0.777344 0.246094 0.78125 0.246094 0.808594 0.25 0.8125 0.25 0.824219 0.253906 0.828125 0.277344 0.828125 0.28125 0.824219 0.28125 0.820312 0.285156 0.816406 0.285156 0.800781 0.28125 0.796875 0.28125 0.792969 0.277344 0.789062 0.277344 0.78125 0.273438 0.777344 0.273438 0.773438
0 0.0546875 0.0117188 0.046875 0.0195312 0.046875 0.0273438 0.0507812 0.03125 0.0507812 0.0351562 0.0585938 0.0429688 0.0664062 0.0429688 0.0703125 0.0390625 0.0703125 0.0351562 0.0742188 0.03125 0.0742188 0.0195312 0.0664062 0.0117188
0 0.324219 0.691406 0.320312 0.695312 0.316406 0.695312 0.3125 0.699219 0.3125 0.707031 0.316406 0.710938 0.316406 0.726562 0.3125 0.730469 0.316406 0.734375 0.34375 0.734375 0.355469 0.722656 0.355469 0.71875 0.351562 0.714844 0.351562 0.707031 0.347656 0.703125 0.347656 0.699219 0.339844 0.691406
0 0.0429688 0.90625 0.0390625 0.910156 0.03125 0.910156 0.0273438 0.914062 0.0234375 0.914062 0.0195312 0.917969 0.0195312 0.929688 0.0234375 0.933594 0.0273438 0.933594 0.03125 0.9375 0.078125 0.9375 0.0820312 0.933594 0.0820312 0.921875 0.0703125 0.910156 0.0585938 0.910156 0.0546875 0.90625
