0 0.729885 0.588462 0.728448 0.590385 0.725575 0.590385 0.724138 0.592308 0.722701 0.592308 0.721264 0.594231 0.719828 0.594231 0.716954 0.598077 0.715517 0.598077 0.71408 0.6 0.711207 0.6 0.704023 0.609615 0.704023 0.611538 0.701149 0.615385 0.701149 0.617308 0.699713 0.619231 0.699713 0.634615 0.701149 0.636538 0.70977 0.636538 0.712644 0.632692 0.716954 0.632692 0.718391 0.630769 0.719828 0.630769 0.721264 0.628846 0.722701 0.628846 0.724138 0.626923 0.725575 0.626923 0.728448 0.623077 0.729885 0.623077 0.732759 0.619231 0.734195 0.619231 0.737069 0.615385 0.738506 0.615385 0.74569 0.605769 0.74569 0.603846 0.747126 0.601923 0.747126 0.596154 0.74569 0.594231 0.744253 0.594231 0.741379 0.590385 0.738506 0.590385 0.737069 0.588462
0 0.784483 0.451923 0.783046 0.453846 0.781609 0.453846 0.778736 0.457692 0.778736 0.459615 0.777299 0.461538 0.777299 0.465385 0.775862 0.467308 0.775862 0.471154 0.774425 0.473077 0.774425 0.476923 0.772989 0.478846 0.772989 0.488462 0.775862 0.492308 0.775862 0.494231 0.777299 0.496154 0.777299 0.498077 0.778736 0.5 0.780172 0.5 0.784483 0.505769 0.78592 0.505769 0.787356 0.507692 0.797414 0.507692 0.800287 0.503846 0.800287 0.501923 0.801724 0.5 0.801724 0.496154 0.803161 0.494231 0.803161 0.482692 0.801724 0.480769 0.801724 0.471154 0.800287 0.469231 0.800287 0.465385 0.798851 0.463462 0.798851 0.461538 0.797414 0.459615 0.797414 0.457692 0.79454 0.453846 0.793103 0.453846 0.791667 0.451923
0 0.474138 0.0461538 0.472701 0.0480769 0.471264 0.0480769 0.469828 0.05 0.468391 0.05 0.466954 0.0519231 0.465517 0.0519231 0.462644 0.0557692 0.462644 0.0596154 0.461207 0.0615385 0.461207 0.0634615 0.45977 0.0653846 0.45977 0.0673077 0.458333 0.0692308 0.458333 0.0846154 0.45977 0.0865385 0.45977 0.0884615 0.462644 0.0923077 0.465517 0.0923077 0.468391 0.0961538 0.478448 0.0961538 0.479885 0.0942308 0.479885 0.0923077 0.481322 0.0903846 0.481322 0.0865385 0.482759 0.0846154 0.482759 0.0826923 0.484195 0.0807692 0.484195 0.0769231 0.488506 0.0711538 0.488506 0.0673077 0.487069 0.0653846 0.487069 0.0576923 0.485632 0.0557692 0.485632 0.0519231 0.482759 0.0480769 0.481322 0.0480769 0.479885 0.0461538
0 0.323276 0.582692 0.321839 0.584615 0.320402 0.584615 0.318966 0.586538 0.317529 0.586538 0.314655 0.590385 0.314655 0.601923 0.316092 0.603846 0.316092 0.605769 0.317529 0.607692 0.317529 0.609615 0.318966 0.611538 0.318966 0.613462 0.329023 0.626923 0.33046 0.626923 0.33477 0.632692 0.33908 0.632692 0.340517 0.630769 0.341954 0.630769 0.343391 0.628846 0.344828 0.628846 0.346264 0.626923 0.346264 0.625 0.347701 0.623077 0.347701 0.619231 0.349138 0.617308 0.349138 0.609615 0.347701 0.607692 0.347701 0.603846 0.346264 0.601923 0.346264 0.6 0.344828 0.598077 0.344828 0.594231 0.337644 0.584615 0.33477 0.584615 0.333333 0.582692
0 0.663793 0.419231 0.662356 0.421154 0.66092 0.421154 0.655172 0.428846 0.655172 0.444231 0.656609 0.446154 0.656609 0.448077 0.659483 0.451923 0.659483 0.453846 0.663793 0.459615 0.663793 0.463462 0.66523 0.465385 0.666667 0.465385 0.673851 0.475 0.676724 0.475 0.678161 0.476923 0.683908 0.476923 0.686782 0.473077 0.686782 0.459615 0.685345 0.457692 0.685345 0.451923 0.683908 0.45 0.683908 0.448077 0.682471 0.446154 0.682471 0.444231 0.679598 0.440385 0.679598 0.434615 0.673851 0.426923 0.673851 0.425 0.670977 0.421154 0.66954 0.421154 0.668103 0.419231
0 0.33477 0.25 0.333333 0.251923 0.331897 0.251923 0.33046 0.253846 0.329023 0.253846 0.324713 0.259615 0.324713 0.261538 0.321839 0.265385 0.321839 0.267308 0.320402 0.269231 0.320402 0.271154 0.316092 0.276923 0.316092 0.278846 0.314655 0.280769 0.314655 0.282692 0.313218 0.284615 0.313218 0.298077 0.314655 0.3 0.314655 0.301923 0.316092 0.303846 0.317529 0.303846 0.318966 0.305769 0.327586 0.305769 0.329023 0.303846 0.33046 0.303846 0.331897 0.301923 0.333333 0.301923 0.336207 0.298077 0.337644 0.298077 0.33908 0.296154 0.33908 0.294231 0.340517 0.292308 0.340517 0.290385 0.344828 0.284615 0.344828 0.282692 0.346264 0.280769 0.346264 0.278846 0.349138 0.275 0.349138 0.259615 0.347701 0.257692 0.347701 0.255769 0.344828 0.251923 0.343391 0.251923 0.341954 0.25
0 0.732759 0.205769 0.731322 0.207692 0.728448 0.207692 0.725575 0.211538 0.725575 0.213462 0.724138 0.215385 0.724138 0.225 0.725575 0.226923 0.725575 0.246154 0.727011 0.248077 0.735632 0.248077 0.741379 0.240385 0.741379 0.215385 0.739943 0.213462 0.739943 0.211538 0.737069 0.207692 0.735632 0.207692 0.734195 0.205769
0 0.252874 0.336538 0.251437 0.338462 0.25 0.338462 0.244253 0.346154 0.244253 0.363462 0.248563 0.369231 0.248563 0.373077 0.25 0.375 0.257184 0.375 0.260057 0.371154 0.261494 0.371154 0.262931 0.369231 0.262931 0.365385 0.264368 0.363462 0.264368 0.357692 0.265805 0.355769 0.265805 0.346154 0.264368 0.344231 0.264368 0.342308 0.261494 0.338462 0.260057 0.338462 0.258621 0.336538
0 0.395115 0.25 0.393678 0.251923 0.392241 0.251923 0.390805 0.253846 0.389368 0.253846 0.386494 0.257692 0.386494 0.259615 0.385057 0.261538 0.385057 0.273077 0.386494 0.275 0.386494 0.276923 0.390805 0.282692 0.392241 0.282692 0.395115 0.286538 0.396552 0.286538 0.397989 0.288462 0.400862 0.288462 0.402299 0.290385 0.409483 0.290385 0.41092 0.292308 0.41523 0.292308 0.416667 0.290385 0.41954 0.290385 0.420977 0.288462 0.422414 0.288462 0.428161 0.280769 0.428161 0.271154 0.426724 0.269231 0.426724 0.267308 0.418103 0.255769 0.416667 0.255769 0.41523 0.253846 0.413793 0.253846 0.412356 0.251923 0.408046 0.251923 0.406609 0.25
0 0.265805 0.390385 0.264368 0.392308 0.262931 0.392308 0.258621 0.398077 0.258621 0.4 0.257184 0.401923 0.257184 0.403846 0.255747 0.405769 0.255747 0.409615 0.25431 0.411538 0.25431 0.415385 0.255747 0.417308 0.255747 0.419231 0.258621 0.423077 0.261494 0.423077 0.262931 0.425 0.272989 0.425 0.277299 0.419231 0.278736 0.419231 0.28592 0.409615 0.28592 0.403846 0.284483 0.401923 0.284483 0.398077 0.283046 0.396154 0.283046 0.394231 0.281609 0.392308 0.277299 0.392308 0.275862 0.390385
0 0.58046 0.853846 0.579023 0.855769 0.579023 0.857692 0.576149 0.861538 0.576149 0.865385 0.574713 0.867308 0.574713 0.871154 0.573276 0.873077 0.573276 0.880769 0.571839 0.882692 0.571839 0.894231 0.573276 0.896154 0.573276 0.898077 0.576149 0.901923 0.579023 0.901923 0.58046 0.903846 0.583333 0.903846 0.58477 0.905769 0.597701 0.905769 0.600575 0.901923 0.600575 0.880769 0.599138 0.878846 0.599138 0.875 0.597701 0.873077 0.597701 0.871154 0.596264 0.869231 0.596264 0.867308 0.594828 0.865385 0.594828 0.863462 0.593391 0.861538 0.593391 0.859615 0.590517 0.855769 0.587644 0.855769 0.586207 0.853846
0 0.718391 0 0.715517 0.00384615 0.715517 0.0153846 0.716954 0.0173077 0.716954 0.0192308 0.718391 0.0211538 0.719828 0.0211538 0.721264 0.0230769 0.729885 0.0230769 0.731322 0.0211538 0.737069 0.0211538 0.738506 0.0192308 0.741379 0.0192308 0.742816 0.0173077 0.744253 0.0173077 0.74569 0.0153846 0.747126 0.0153846 0.748563 0.0134615 0.75 0.0134615 0.751437 0.0115385 0.752874 0.0115385 0.758621 0.00384615 0.758621 0
0 0.557471 0.126923 0.556034 0.128846 0.553161 0.128846 0.550287 0.132692 0.550287 0.134615 0.548851 0.136538 0.548851 0.151923 0.550287 0.153846 0.550287 0.157692 0.556034 0.165385 0.556034 0.167308 0.560345 0.173077 0.560345 0.175 0.563218 0.178846 0.564655 0.178846 0.566092 0.180769 0.571839 0.180769 0.573276 0.178846 0.574713 0.178846 0.583333 0.167308 0.583333 0.165385 0.58477 0.163462 0.58477 0.151923 0.583333 0.15 0.583333 0.144231 0.581897 0.142308 0.581897 0.140385 0.58046 0.138462 0.58046 0.136538 0.579023 0.134615 0.579023 0.130769 0.577586 0.128846 0.576149 0.128846 0.574713 0.126923
0 0.512931 0.332692 0.511494 0.334615 0.510057 0.334615 0.507184 0.338462 0.50431 0.338462 0.498563 0.346154 0.497126 0.346154 0.49569 0.348077 0.494253 0.348077 0.491379 0.351923 0.489943 0.351923 0.485632 0.357692 0.485632 0.359615 0.482759 0.363462 0.482759 0.365385 0.481322 0.367308 0.481322 0.376923 0.484195 0.380769 0.489943 0.380769 0.491379 0.378846 0.492816 0.378846 0.49569 0.375 0.498563 0.375 0.5 0.373077 0.502874 0.373077 0.50431 0.371154 0.505747 0.371154 0.507184 0.369231 0.508621 0.369231 0.510057 0.367308 0.511494 0.367308 0.521552 0.353846 0.521552 0.35 0.522989 0.348077 0.522989 0.346154 0.524425 0.344231 0.524425 0.336538 0.521552 0.332692
0 0.122126 0.0230769 0.117816 0.0288462 0.117816 0.0403846 0.119253 0.0423077 0.119253 0.05 0.12069 0.0519231 0.12069 0.0653846 0.122126 0.0673077 0.122126 0.0692308 0.123563 0.0711538 0.123563 0.0730769 0.126437 0.0769231 0.126437 0.0788462 0.133621 0.0884615 0.143678 0.0884615 0.147989 0.0826923 0.147989 0.0673077 0.146552 0.0653846 0.146552 0.0615385 0.145115 0.0596154 0.145115 0.0538462 0.143678 0.0519231 0.143678 0.0480769 0.142241 0.0461538 0.142241 0.0442308 0.130747 0.0288462 0.130747 0.0269231 0.127874 0.0230769
0 0.678161 0.886538 0.676724 0.888462 0.666667 0.888462 0.663793 0.892308 0.663793 0.896154 0.662356 0.898077 0.662356 0.911538 0.663793 0.913462 0.663793 0.917308 0.66523 0.919231 0.66523 0.921154 0.666667 0.923077 0.666667 0.928846 0.670977 0.934615 0.672414 0.934615 0.673851 0.936538 0.676724 0.936538 0.678161 0.938462 0.688218 0.938462 0.691092 0.934615 0.691092 0.917308 0.689655 0.915385 0.689655 0.911538 0.688218 0.909615 0.688218 0.907692 0.686782 0.905769 0.686782 0.903846 0.685345 0.901923 0.685345 0.9 0.683908 0.898077 0.683908 0.896154 0.682471 0.894231 0.682471 0.890385 0.679598 0.886538
0 0.136494 0.269231 0.135057 0.271154 0.133621 0.271154 0.132184 0.273077 0.132184 0.275 0.12931 0.278846 0.12931 0.282692 0.126437 0.286538 0.126437 0.290385 0.125 0.292308 0.125 0.296154 0.126437 0.298077 0.126437 0.3 0.130747 0.305769 0.132184 0.305769 0.133621 0.307692 0.136494 0.307692 0.137931 0.309615 0.139368 0.309615 0.142241 0.313462 0.145115 0.313462 0.147989 0.309615 0.149425 0.309615 0.150862 0.307692 0.150862 0.303846 0.152299 0.301923 0.152299 0.3 0.153736 0.298077 0.153736 0.296154 0.155172 0.294231 0.155172 0.282692 0.147989 0.273077 0.146552 0.273077 0.145115 0.271154 0.143678 0.271154 0.142241 0.269231
0 0.701149 0.186538 0.696839 0.192308 0.696839 0.198077 0.698276 0.2 0.698276 0.207692 0.699713 0.209615 0.699713 0.211538 0.701149 0.213462 0.701149 0.215385 0.704023 0.219231 0.704023 0.221154 0.70546 0.223077 0.706897 0.223077 0.708333 0.225 0.70977 0.225 0.711207 0.223077 0.712644 0.223077 0.71408 0.221154 0.71408 0.219231 0.715517 0.217308 0.715517 0.203846 0.71408 0.201923 0.71408 0.196154 0.711207 0.192308 0.711207 0.190385 0.708333 0.186538
0 0.670977 0.6 0.66954 0.601923 0.668103 0.601923 0.66092 0.611538 0.66092 0.613462 0.655172 0.621154 0.655172 0.623077 0.653736 0.625 0.653736 0.626923 0.652299 0.628846 0.652299 0.634615 0.653736 0.636538 0.655172 0.636538 0.656609 0.638462 0.666667 0.638462 0.668103 0.640385 0.66954 0.640385 0.670977 0.638462 0.682471 0.638462 0.683908 0.636538 0.686782 0.636538 0.688218 0.634615 0.688218 0.632692 0.689655 0.630769 0.689655 0.628846 0.692529 0.625 0.692529 0.623077 0.693966 0.621154 0.693966 0.607692 0.689655 0.601923 0.688218 0.601923 0.686782 0.6
0 0.228448 0.953846 0.221264 0.963462 0.221264 0.971154 0.222701 0.971154 0.225575 0.975 0.227011 0.975 0.229885 0.978846 0.239943 0.978846 0.242816 0.975 0.242816 0.963462 0.241379 0.961538 0.241379 0.959615 0.237069 0.953846
0 0.768678 0.234615 0.767241 0.236538 0.765805 0.236538 0.764368 0.238462 0.761494 0.238462 0.760057 0.240385 0.758621 0.240385 0.757184 0.242308 0.755747 0.242308 0.75431 0.244231 0.752874 0.244231 0.74569 0.253846 0.74569 0.255769 0.744253 0.257692 0.744253 0.269231 0.75 0.276923 0.752874 0.276923 0.75431 0.278846 0.762931 0.278846 0.764368 0.276923 0.768678 0.276923 0.770115 0.275 0.772989 0.275 0.774425 0.273077 0.775862 0.273077 0.778736 0.269231 0.780172 0.269231 0.783046 0.265385 0.783046 0.263462 0.784483 0.261538 0.784483 0.259615 0.78592 0.257692 0.78592 0.242308 0.783046 0.238462 0.781609 0.238462 0.780172 0.236538 0.778736 0.236538 0.777299 0.234615
0 0.95546 0.459615 0.954023 0.461538 0.952586 0.461538 0.951149 0.463462 0.949713 0.463462 0.945402 0.469231 0.945402 0.471154 0.943966 0.473077 0.943966 0.488462 0.948276 0.494231 0.949713 0.494231 0.952586 0.498077 0.954023 0.498077 0.956897 0.501923 0.969828 0.501923 0.974138 0.496154 0.974138 0.486538 0.968391 0.478846 0.968391 0.476923 0.96408 0.471154 0.96408 0.469231 0.95977 0.463462 0.95977 0.461538 0.958333 0.459615
0 0.933908 0.946154 0.932471 0.948077 0.931034 0.948077 0.926724 0.953846 0.925287 0.953846 0.913793 0.969231 0.913793 0.975 0.916667 0.978846 0.91954 0.978846 0.920977 0.980769 0.925287 0.980769 0.926724 0.978846 0.928161 0.978846 0.936782 0.967308 0.936782 0.965385 0.939655 0.961538 0.939655 0.959615 0.938218 0.957692 0.938218 0.95 0.935345 0.946154
0 0.380747 0.626923 0.37931 0.628846 0.375 0.628846 0.37069 0.634615 0.37069 0.636538 0.369253 0.638462 0.369253 0.644231 0.37069 0.646154 0.37069 0.651923 0.372126 0.653846 0.372126 0.655769 0.376437 0.661538 0.376437 0.663462 0.380747 0.669231 0.382184 0.669231 0.383621 0.671154 0.385057 0.671154 0.386494 0.673077 0.390805 0.673077 0.392241 0.671154 0.396552 0.671154 0.397989 0.669231 0.399425 0.669231 0.400862 0.667308 0.402299 0.667308 0.409483 0.657692 0.409483 0.644231 0.406609 0.640385 0.405172 0.640385 0.402299 0.636538 0.400862 0.636538 0.397989 0.632692 0.396552 0.632692 0.395115 0.630769 0.393678 0.630769 0.392241 0.628846 0.385057 0.628846 0.383621 0.626923
0 0.765805 0.365385 0.762931 0.369231 0.760057 0.369231 0.758621 0.371154 0.757184 0.371154 0.755747 0.373077 0.752874 0.373077 0.747126 0.380769 0.747126 0.382692 0.74569 0.384615 0.74569 0.386538 0.744253 0.388462 0.744253 0.392308 0.742816 0.394231 0.742816 0.405769 0.74569 0.409615 0.74569 0.415385 0.747126 0.417308 0.747126 0.419231 0.75 0.423077 0.752874 0.423077 0.75431 0.421154 0.755747 0.421154 0.757184 0.419231 0.757184 0.415385 0.767241 0.401923 0.768678 0.401923 0.777299 0.390385 0.777299 0.388462 0.778736 0.386538 0.778736 0.380769 0.777299 0.378846 0.777299 0.371154 0.774425 0.367308 0.770115 0.367308 0.768678 0.365385
0 0.681034 0.836538 0.679598 0.838462 0.678161 0.838462 0.675287 0.842308 0.675287 0.855769 0.676724 0.857692 0.676724 0.859615 0.681034 0.865385 0.682471 0.865385 0.683908 0.867308 0.685345 0.867308 0.686782 0.869231 0.689655 0.869231 0.691092 0.871154 0.706897 0.871154 0.70977 0.867308 0.70977 0.865385 0.711207 0.863462 0.711207 0.857692 0.70977 0.855769 0.70977 0.853846 0.706897 0.85 0.70546 0.85 0.702586 0.846154 0.701149 0.846154 0.696839 0.840385 0.695402 0.840385 0.693966 0.838462 0.685345 0.838462 0.683908 0.836538
0 0.198276 0.217308 0.196839 0.219231 0.195402 0.219231 0.192529 0.223077 0.192529 0.225 0.191092 0.226923 0.191092 0.240385 0.198276 0.25 0.198276 0.251923 0.201149 0.255769 0.202586 0.255769 0.204023 0.257692 0.20546 0.257692 0.206897 0.259615 0.218391 0.259615 0.222701 0.253846 0.222701 0.25 0.224138 0.248077 0.224138 0.234615 0.222701 0.232692 0.222701 0.228846 0.218391 0.223077 0.216954 0.223077 0.21408 0.219231 0.211207 0.219231 0.20977 0.217308
0 0.192529 0.401923 0.191092 0.403846 0.189655 0.403846 0.183908 0.411538 0.182471 0.411538 0.179598 0.415385 0.179598 0.417308 0.176724 0.421154 0.176724 0.426923 0.175287 0.428846 0.175287 0.448077 0.178161 0.451923 0.178161 0.453846 0.189655 0.469231 0.191092 0.469231 0.192529 0.471154 0.196839 0.471154 0.198276 0.469231 0.199713 0.469231 0.204023 0.463462 0.204023 0.461538 0.20546 0.459615 0.20546 0.455769 0.206897 0.453846 0.206897 0.451923 0.208333 0.45 0.208333 0.434615 0.20977 0.432692 0.20977 0.421154 0.208333 0.419231 0.208333 0.411538 0.20546 0.407692 0.204023 0.407692 0.201149 0.403846 0.199713 0.403846 0.198276 0.401923
0 0.420977 0.461538 0.41954 0.463462 0.41523 0.463462 0.413793 0.465385 0.412356 0.465385 0.41092 0.467308 0.409483 0.467308 0.408046 0.469231 0.406609 0.469231 0.403736 0.473077 0.403736 0.475 0.402299 0.476923 0.402299 0.478846 0.400862 0.480769 0.400862 0.484615 0.402299 0.486538 0.402299 0.488462 0.403736 0.490385 0.403736 0.492308 0.405172 0.494231 0.405172 0.496154 0.409483 0.501923 0.41092 0.501923 0.412356 0.503846 0.413793 0.503846 0.41523 0.505769 0.428161 0.505769 0.429598 0.503846 0.431034 0.503846 0.432471 0.501923 0.433908 0.501923 0.442529 0.490385 0.442529 0.475 0.441092 0.473077 0.441092 0.471154 0.438218 0.467308 0.436782 0.467308 0.435345 0.465385 0.433908 0.465385 0.432471 0.463462 0.426724 0.463462 0.425287 0.461538
0 0.972701 0.144231 0.971264 0.146154 0.968391 0.146154 0.965517 0.15 0.965517 0.151923 0.96408 0.153846 0.96408 0.159615 0.965517 0.161538 0.965517 0.163462 0.969828 0.169231 0.971264 0.169231 0.972701 0.171154 0.974138 0.171154 0.975575 0.173077 0.977011 0.173077 0.978448 0.175 0.984195 0.175 0.985632 0.176923 0.998563 0.176923 0.998563 0.155769 0.997126 0.155769 0.991379 0.148077 0.989943 0.148077 0.988506 0.146154 0.987069 0.146154 0.985632 0.144231
0 0.604885 0.342308 0.603448 0.344231 0.602011 0.344231 0.600575 0.346154 0.599138 0.346154 0.594828 0.351923 0.594828 0.361538 0.597701 0.365385 0.597701 0.369231 0.599138 0.371154 0.599138 0.378846 0.597701 0.380769 0.597701 0.394231 0.599138 0.396154 0.600575 0.396154 0.602011 0.394231 0.609195 0.394231 0.613506 0.388462 0.614943 0.388462 0.62069 0.380769 0.62069 0.378846 0.626437 0.371154 0.626437 0.355769 0.625 0.353846 0.625 0.351923 0.619253 0.344231 0.617816 0.344231 0.616379 0.342308
0 0.642241 0.165385 0.640805 0.167308 0.639368 0.167308 0.636494 0.171154 0.636494 0.173077 0.635057 0.175 0.635057 0.182692 0.636494 0.184615 0.636494 0.188462 0.639368 0.192308 0.640805 0.192308 0.642241 0.194231 0.643678 0.194231 0.645115 0.196154 0.646552 0.196154 0.647989 0.198077 0.650862 0.198077 0.652299 0.2 0.675287 0.2 0.676724 0.198077 0.678161 0.198077 0.681034 0.194231 0.681034 0.192308 0.682471 0.190385 0.682471 0.176923 0.679598 0.173077 0.678161 0.173077 0.675287 0.169231 0.673851 0.169231 0.672414 0.167308 0.670977 0.167308 0.66954 0.165385
0 0.386494 0.136538 0.385057 0.138462 0.382184 0.138462 0.380747 0.140385 0.37931 0.140385 0.377874 0.142308 0.376437 0.142308 0.375 0.144231 0.373563 0.144231 0.369253 0.15 0.369253 0.157692 0.367816 0.159615 0.367816 0.171154 0.369253 0.173077 0.369253 0.175 0.373563 0.180769 0.375 0.180769 0.376437 0.182692 0.37931 0.182692 0.380747 0.184615 0.390805 0.184615 0.392241 0.182692 0.396552 0.182692 0.397989 0.180769 0.399425 0.180769 0.400862 0.178846 0.402299 0.178846 0.405172 0.175 0.406609 0.175 0.409483 0.171154 0.409483 0.169231 0.41092 0.167308 0.41092 0.165385 0.412356 0.163462 0.412356 0.153846 0.41092 0.151923 0.41092 0.15 0.402299 0.138462 0.400862 0.138462 0.399425 0.136538
0 0.875 0.667308 0.873563 0.669231 0.869253 0.669231 0.867816 0.671154 0.867816 0.682692 0.869253 0.684615 0.869253 0.686538 0.872126 0.690385 0.872126 0.692308 0.873563 0.694231 0.873563 0.696154 0.875 0.698077 0.876437 0.698077 0.882184 0.705769 0.883621 0.705769 0.885057 0.707692 0.887931 0.707692 0.889368 0.709615 0.897989 0.709615 0.899425 0.711538 0.903736 0.711538 0.905172 0.709615 0.912356 0.709615 0.913793 0.707692 0.913793 0.703846 0.91523 0.701923 0.91523 0.692308 0.913793 0.690385 0.913793 0.688462 0.903736 0.675 0.902299 0.675 0.900862 0.673077 0.897989 0.673077 0.896552 0.671154 0.895115 0.671154 0.893678 0.669231 0.889368 0.669231 0.887931 0.667308
0 0.807471 0.640385 0.806034 0.642308 0.803161 0.642308 0.801724 0.644231 0.795977 0.644231 0.79454 0.646154 0.793103 0.646154 0.791667 0.648077 0.79023 0.648077 0.787356 0.651923 0.78592 0.651923 0.784483 0.653846 0.783046 0.653846 0.780172 0.657692 0.778736 0.657692 0.775862 0.661538 0.774425 0.661538 0.772989 0.663462 0.771552 0.663462 0.770115 0.665385 0.768678 0.665385 0.767241 0.667308 0.767241 0.669231 0.764368 0.673077 0.764368 0.682692 0.765805 0.684615 0.770115 0.684615 0.771552 0.686538 0.781609 0.686538 0.783046 0.684615 0.784483 0.684615 0.787356 0.680769 0.788793 0.680769 0.79023 0.678846 0.791667 0.678846 0.793103 0.676923 0.795977 0.676923 0.797414 0.675 0.798851 0.675 0.800287 0.673077 0.803161 0.673077 0.806034 0.669231 0.807471 0.669231 0.810345 0.665385 0.811782 0.665385 0.813218 0.663462 0.814655 0.663462 0.818966 0.657692 0.818966 0.655769 0.820402 0.653846 0.820402 0.65 0.818966 0.648077 0.818966 0.644231 0.816092 0.640385
0 0.892241 0.0576923 0.890805 0.0596154 0.883621 0.0596154 0.882184 0.0615385 0.880747 0.0615385 0.877874 0.0653846 0.877874 0.0673077 0.876437 0.0692308 0.876437 0.0711538 0.875 0.0730769 0.875 0.075 0.873563 0.0769231 0.873563 0.0807692 0.877874 0.0865385 0.887931 0.0865385 0.889368 0.0884615 0.892241 0.0884615 0.893678 0.0903846 0.896552 0.0903846 0.897989 0.0923077 0.900862 0.0923077 0.902299 0.0942308 0.909483 0.0942308 0.91523 0.0865385 0.91523 0.0846154 0.916667 0.0826923 0.916667 0.0769231 0.91523 0.075 0.91523 0.0730769 0.912356 0.0692308 0.91092 0.0692308 0.909483 0.0673077 0.908046 0.0673077 0.905172 0.0634615 0.903736 0.0634615 0.900862 0.0596154 0.899425 0.0596154 0.897989 0.0576923
0 0.132184 0.942308 0.12931 0.946154 0.127874 0.946154 0.125 0.95 0.125 0.951923 0.123563 0.953846 0.123563 0.955769 0.122126 0.957692 0.122126 0.959615 0.12069 0.961538 0.12069 0.965385 0.119253 0.967308 0.119253 0.971154 0.117816 0.973077 0.117816 0.988462 0.12069 0.992308 0.130747 0.992308 0.130747 0.988462 0.139368 0.976923 0.139368 0.971154 0.140805 0.969231 0.140805 0.963462 0.142241 0.961538 0.142241 0.944231 0.140805 0.942308
0 0.0962644 0.292308 0.0948276 0.294231 0.0933908 0.294231 0.091954 0.296154 0.091954 0.298077 0.0905172 0.3 0.0905172 0.301923 0.0890805 0.303846 0.0890805 0.313462 0.0905172 0.315385 0.0905172 0.323077 0.0977011 0.332692 0.100575 0.332692 0.102011 0.334615 0.112069 0.334615 0.113506 0.332692 0.114943 0.332692 0.116379 0.330769 0.116379 0.328846 0.117816 0.326923 0.117816 0.313462 0.116379 0.311538 0.116379 0.307692 0.114943 0.305769 0.114943 0.303846 0.107759 0.294231 0.106322 0.294231 0.104885 0.292308
0 0.984195 0.957692 0.982759 0.959615 0.981322 0.959615 0.974138 0.969231 0.974138 0.971154 0.972701 0.973077 0.972701 0.980769 0.974138 0.982692 0.974138 0.986538 0.982759 0.998077 0.998563 0.998077 0.998563 0.957692
0 0.229885 0.923077 0.224138 0.930769 0.224138 0.932692 0.222701 0.934615 0.222701 0.95 0.225575 0.953846 0.227011 0.953846 0.228448 0.951923 0.237069 0.951923 0.238506 0.953846 0.241379 0.953846 0.244253 0.95 0.244253 0.946154 0.24569 0.944231 0.24569 0.925 0.244253 0.923077
0 0.859195 0.561538 0.857759 0.563462 0.857759 0.565385 0.856322 0.567308 0.856322 0.573077 0.854885 0.575 0.854885 0.580769 0.856322 0.582692 0.856322 0.584615 0.862069 0.592308 0.863506 0.592308 0.866379 0.596154 0.867816 0.596154 0.869253 0.598077 0.87069 0.598077 0.872126 0.6 0.876437 0.6 0.877874 0.601923 0.895115 0.601923 0.896552 0.6 0.899425 0.6 0.903736 0.594231 0.903736 0.584615 0.902299 0.582692 0.902299 0.580769 0.900862 0.578846 0.900862 0.576923 0.897989 0.573077 0.896552 0.573077 0.893678 0.569231 0.889368 0.569231 0.887931 0.567308 0.880747 0.567308 0.87931 0.565385 0.877874 0.565385 0.876437 0.563462 0.87069 0.563462 0.869253 0.561538
0 0.139368 0.171154 0.137931 0.173077 0.137931 0.175 0.136494 0.176923 0.136494 0.178846 0.135057 0.180769 0.135057 0.196154 0.136494 0.198077 0.136494 0.201923 0.137931 0.203846 0.137931 0.205769 0.145115 0.215385 0.146552 0.215385 0.156609 0.228846 0.158046 0.228846 0.159483 0.230769 0.16092 0.230769 0.162356 0.232692 0.166667 0.232692 0.16954 0.228846 0.16954 0.226923 0.170977 0.225 0.170977 0.223077 0.175287 0.217308 0.175287 0.207692 0.172414 0.203846 0.172414 0.201923 0.168103 0.196154 0.168103 0.194231 0.16092 0.184615 0.16092 0.182692 0.159483 0.180769 0.159483 0.178846 0.158046 0.176923 0.156609 0.176923 0.155172 0.175 0.153736 0.175 0.152299 0.173077 0.146552 0.173077 0.145115 0.171154
0 0.475575 0.915385 0.472701 0.919231 0.471264 0.919231 0.469828 0.921154 0.468391 0.921154 0.465517 0.925 0.465517 0.926923 0.46408 0.928846 0.46408 0.930769 0.462644 0.932692 0.462644 0.938462 0.46408 0.940385 0.46408 0.942308 0.471264 0.951923 0.472701 0.951923 0.474138 0.953846 0.477011 0.953846 0.478448 0.955769 0.487069 0.955769 0.488506 0.957692 0.49569 0.957692 0.497126 0.955769 0.498563 0.955769 0.502874 0.95 0.502874 0.948077 0.50431 0.946154 0.50431 0.930769 0.502874 0.928846 0.502874 0.926923 0.501437 0.925 0.498563 0.925 0.497126 0.923077 0.494253 0.923077 0.492816 0.921154 0.491379 0.921154 0.489943 0.919231 0.487069 0.919231 0.484195 0.915385
0 0.0387931 0.284615 0.0373563 0.286538 0.0359195 0.286538 0.0316092 0.292308 0.0316092 0.294231 0.0301724 0.296154 0.0301724 0.3 0.0258621 0.305769 0.0258621 0.309615 0.0244253 0.311538 0.0244253 0.319231 0.0287356 0.325 0.033046 0.325 0.0344828 0.326923 0.0373563 0.326923 0.0402299 0.323077 0.0431034 0.323077 0.0445402 0.321154 0.045977 0.321154 0.0517241 0.313462 0.0517241 0.311538 0.0531609 0.309615 0.0531609 0.301923 0.0517241 0.3 0.0517241 0.298077 0.0502874 0.296154 0.0502874 0.294231 0.0488506 0.292308 0.0474138 0.292308 0.0445402 0.288462 0.0431034 0.288462 0.0402299 0.284615
0 0.956897 0.326923 0.95546 0.328846 0.952586 0.328846 0.946839 0.336538 0.946839 0.338462 0.945402 0.340385 0.945402 0.353846 0.949713 0.359615 0.951149 0.359615 0.952586 0.361538 0.954023 0.361538 0.95546 0.363462 0.958333 0.363462 0.95977 0.365385 0.965517 0.365385 0.966954 0.367308 0.981322 0.367308 0.982759 0.365385 0.987069 0.365385 0.992816 0.357692 0.992816 0.353846 0.994253 0.351923 0.994253 0.348077 0.992816 0.346154 0.992816 0.342308 0.991379 0.340385 0.991379 0.338462 0.989943 0.336538 0.988506 0.336538 0.985632 0.332692 0.982759 0.332692 0.981322 0.330769 0.978448 0.330769 0.977011 0.328846 0.974138 0.328846 0.972701 0.326923
0 0.971264 0 0.969828 0.00192308 0.969828 0.00961538 0.968391 0.0115385 0.968391 0.0153846 0.969828 0.0173077 0.969828 0.0211538 0.971264 0.0230769 0.971264 0.025 0.979885 0.0365385 0.981322 0.0365385 0.982759 0.0384615 0.984195 0.0384615 0.985632 0.0403846 0.99569 0.0403846 0.997126 0.0384615 0.998563 0.0384615 0.998563 0.00192308 0.997126 0
0 0.349138 0.7 0.347701 0.701923 0.346264 0.701923 0.344828 0.703846 0.343391 0.703846 0.340517 0.707692 0.340517 0.709615 0.33908 0.711538 0.33908 0.715385 0.337644 0.717308 0.337644 0.732692 0.33908 0.734615 0.340517 0.734615 0.341954 0.736538 0.343391 0.736538 0.344828 0.738462 0.349138 0.738462 0.350575 0.740385 0.353448 0.740385 0.354885 0.738462 0.356322 0.738462 0.359195 0.734615 0.359195 0.732692 0.360632 0.730769 0.360632 0.728846 0.362069 0.726923 0.362069 0.719231 0.363506 0.717308 0.363506 0.713462 0.362069 0.711538 0.362069 0.707692 0.360632 0.705769 0.359195 0.705769 0.357759 0.703846 0.356322 0.703846 0.354885 0.701923 0.352011 0.701923 0.350575 0.7
0 0.886494 0.630769 0.883621 0.634615 0.880747 0.634615 0.87931 0.636538 0.877874 0.636538 0.873563 0.642308 0.873563 0.653846 0.875 0.655769 0.875 0.657692 0.876437 0.659615 0.877874 0.659615 0.87931 0.661538 0.880747 0.661538 0.882184 0.663462 0.91092 0.663462 0.912356 0.661538 0.913793 0.661538 0.91523 0.659615 0.916667 0.659615 0.918103 0.657692 0.918103 0.638462 0.916667 0.636538 0.91523 0.636538 0.912356 0.632692 0.91092 0.632692 0.909483 0.630769
0 0.602011 0.823077 0.600575 0.825 0.600575 0.826923 0.599138 0.828846 0.599138 0.834615 0.597701 0.836538 0.597701 0.851923 0.599138 0.853846 0.599138 0.857692 0.600575 0.859615 0.600575 0.861538 0.602011 0.863462 0.602011 0.865385 0.607759 0.873077 0.609195 0.873077 0.610632 0.875 0.625 0.875 0.626437 0.873077 0.626437 0.859615 0.627874 0.857692 0.627874 0.855769 0.626437 0.853846 0.626437 0.85 0.625 0.848077 0.625 0.842308 0.623563 0.840385 0.623563 0.838462 0.622126 0.836538 0.622126 0.834615 0.619253 0.830769 0.617816 0.830769 0.614943 0.826923 0.613506 0.826923 0.612069 0.825 0.610632 0.825 0.609195 0.823077
0 0.685345 0.290385 0.683908 0.292308 0.679598 0.292308 0.676724 0.296154 0.675287 0.296154 0.672414 0.3 0.672414 0.301923 0.670977 0.303846 0.670977 0.307692 0.66954 0.309615 0.66954 0.326923 0.672414 0.330769 0.672414 0.332692 0.675287 0.336538 0.675287 0.340385 0.678161 0.344231 0.679598 0.344231 0.681034 0.346154 0.683908 0.346154 0.685345 0.348077 0.692529 0.348077 0.696839 0.342308 0.696839 0.340385 0.699713 0.336538 0.699713 0.323077 0.701149 0.321154 0.701149 0.309615 0.699713 0.307692 0.699713 0.303846 0.695402 0.298077 0.695402 0.294231 0.693966 0.292308 0.692529 0.292308 0.691092 0.290385
0 0.432471 0.192308 0.431034 0.194231 0.429598 0.194231 0.428161 0.196154 0.426724 0.196154 0.422414 0.201923 0.422414 0.205769 0.423851 0.207692 0.423851 0.211538 0.431034 0.221154 0.432471 0.221154 0.433908 0.223077 0.435345 0.223077 0.436782 0.225 0.438218 0.225 0.441092 0.228846 0.443966 0.228846 0.445402 0.230769 0.449713 0.230769 0.451149 0.232692 0.452586 0.232692 0.454023 0.230769 0.458333 0.230769 0.461207 0.226923 0.462644 0.226923 0.46408 0.225 0.46408 0.223077 0.465517 0.221154 0.465517 0.219231 0.466954 0.217308 0.466954 0.215385 0.465517 0.213462 0.465517 0.207692 0.45977 0.2 0.458333 0.2 0.45546 0.196154 0.452586 0.196154 0.451149 0.194231 0.446839 0.194231 0.445402 0.192308
0 0.675287 0.503846 0.673851 0.505769 0.66954 0.505769 0.663793 0.513462 0.663793 0.517308 0.662356 0.519231 0.662356 0.521154 0.663793 0.523077 0.663793 0.526923 0.66523 0.528846 0.66523 0.530769 0.666667 0.532692 0.666667 0.536538 0.66954 0.540385 0.66954 0.544231 0.672414 0.548077 0.673851 0.548077 0.675287 0.55 0.676724 0.55 0.678161 0.551923 0.679598 0.551923 0.681034 0.55 0.686782 0.55 0.691092 0.544231 0.691092 0.540385 0.692529 0.538462 0.692529 0.536538 0.693966 0.534615 0.693966 0.526923 0.695402 0.525 0.695402 0.521154 0.693966 0.519231 0.693966 0.517308 0.692529 0.515385 0.692529 0.513462 0.691092 0.511538 0.691092 0.509615 0.688218 0.505769 0.686782 0.505769 0.685345 0.503846
0 0.813218 0.965385 0.811782 0.967308 0.810345 0.967308 0.807471 0.971154 0.806034 0.971154 0.803161 0.975 0.803161 0.976923 0.801724 0.978846 0.801724 0.982692 0.800287 0.984615 0.800287 0.986538 0.798851 0.988462 0.798851 0.992308 0.797414 0.994231 0.797414 0.998077 0.827586 0.998077 0.829023 0.996154 0.829023 0.978846 0.827586 0.976923 0.827586 0.975 0.826149 0.973077 0.826149 0.971154 0.824713 0.969231 0.823276 0.969231 0.821839 0.967308 0.817529 0.967308 0.816092 0.965385
0 0.772989 0.698077 0.771552 0.7 0.767241 0.7 0.765805 0.701923 0.764368 0.701923 0.762931 0.703846 0.761494 0.703846 0.755747 0.711538 0.755747 0.715385 0.75431 0.717308 0.75431 0.726923 0.755747 0.728846 0.755747 0.730769 0.757184 0.732692 0.757184 0.734615 0.760057 0.738462 0.761494 0.738462 0.762931 0.740385 0.764368 0.740385 0.765805 0.742308 0.775862 0.742308 0.777299 0.740385 0.778736 0.740385 0.780172 0.738462 0.781609 0.738462 0.78592 0.732692 0.78592 0.730769 0.787356 0.728846 0.787356 0.723077 0.788793 0.721154 0.788793 0.719231 0.787356 0.717308 0.787356 0.713462 0.78592 0.711538 0.78592 0.709615 0.784483 0.707692 0.784483 0.705769 0.780172 0.7 0.777299 0.7 0.775862 0.698077
0 0.317529 0.0615385 0.316092 0.0634615 0.313218 0.0634615 0.311782 0.0653846 0.306034 0.0653846 0.304598 0.0673077 0.303161 0.0673077 0.301724 0.0692308 0.300287 0.0692308 0.295977 0.075 0.295977 0.0769231 0.293103 0.0807692 0.293103 0.0903846 0.291667 0.0923077 0.291667 0.0942308 0.293103 0.0961538 0.293103 0.101923 0.295977 0.105769 0.314655 0.105769 0.316092 0.103846 0.317529 0.103846 0.326149 0.0923077 0.326149 0.0903846 0.329023 0.0865385 0.329023 0.0846154 0.33046 0.0826923 0.33046 0.0673077 0.327586 0.0634615 0.326149 0.0634615 0.324713 0.0615385
0 0.896552 0.128846 0.895115 0.130769 0.87931 0.130769 0.877874 0.132692 0.877874 0.134615 0.876437 0.136538 0.876437 0.138462 0.873563 0.142308 0.872126 0.142308 0.867816 0.148077 0.867816 0.153846 0.869253 0.155769 0.869253 0.157692 0.87069 0.159615 0.890805 0.159615 0.892241 0.157692 0.896552 0.157692 0.897989 0.155769 0.899425 0.155769 0.902299 0.151923 0.902299 0.15 0.903736 0.148077 0.903736 0.146154 0.905172 0.144231 0.905172 0.140385 0.906609 0.138462 0.906609 0.136538 0.905172 0.134615 0.905172 0.130769 0.903736 0.128846
0 0.0560345 0.940385 0.0545977 0.942308 0.0531609 0.942308 0.0502874 0.946154 0.0502874 0.948077 0.0488506 0.95 0.0488506 0.957692 0.0474138 0.959615 0.0474138 0.967308 0.045977 0.969231 0.045977 0.996154 0.0560345 0.996154 0.0574713 0.998077 0.0718391 0.998077 0.0747126 0.994231 0.0747126 0.975 0.0732759 0.973077 0.0732759 0.967308 0.0718391 0.965385 0.0718391 0.946154 0.0704023 0.946154 0.0675287 0.942308 0.0617816 0.942308 0.0603448 0.940385
0 0.755747 0.282692 0.75431 0.284615 0.75 0.284615 0.748563 0.286538 0.744253 0.286538 0.742816 0.288462 0.741379 0.288462 0.738506 0.292308 0.737069 0.292308 0.735632 0.294231 0.735632 0.296154 0.734195 0.298077 0.734195 0.303846 0.732759 0.305769 0.732759 0.311538 0.734195 0.313462 0.734195 0.315385 0.738506 0.321154 0.742816 0.321154 0.744253 0.323077 0.752874 0.323077 0.75431 0.321154 0.761494 0.321154 0.762931 0.319231 0.765805 0.319231 0.768678 0.315385 0.768678 0.313462 0.772989 0.307692 0.772989 0.305769 0.774425 0.303846 0.774425 0.292308 0.771552 0.288462 0.770115 0.288462 0.767241 0.284615 0.765805 0.284615 0.764368 0.282692
0 0.303161 0.367308 0.300287 0.371154 0.298851 0.371154 0.295977 0.375 0.295977 0.376923 0.29454 0.378846 0.29454 0.398077 0.295977 0.4 0.295977 0.401923 0.298851 0.405769 0.300287 0.405769 0.303161 0.409615 0.316092 0.409615 0.317529 0.407692 0.318966 0.407692 0.320402 0.405769 0.321839 0.405769 0.323276 0.403846 0.323276 0.401923 0.324713 0.4 0.324713 0.398077 0.326149 0.396154 0.326149 0.392308 0.324713 0.390385 0.324713 0.386538 0.323276 0.384615 0.323276 0.382692 0.316092 0.373077 0.314655 0.373077 0.313218 0.371154 0.311782 0.371154 0.310345 0.369231 0.308908 0.369231 0.307471 0.367308
0 0.0373563 0.896154 0.0359195 0.898077 0.0344828 0.898077 0.0316092 0.901923 0.0316092 0.903846 0.0301724 0.905769 0.0301724 0.907692 0.0287356 0.909615 0.0287356 0.913462 0.0272989 0.915385 0.0272989 0.919231 0.0258621 0.921154 0.0258621 0.930769 0.0272989 0.932692 0.0272989 0.934615 0.0316092 0.940385 0.0316092 0.948077 0.033046 0.95 0.033046 0.951923 0.0373563 0.957692 0.0387931 0.957692 0.0402299 0.955769 0.0416667 0.955769 0.0431034 0.953846 0.0445402 0.953846 0.0474138 0.957692 0.0474138 0.95 0.0488506 0.948077 0.0488506 0.946154 0.0517241 0.942308 0.0517241 0.936538 0.0531609 0.934615 0.0531609 0.926923 0.0517241 0.925 0.0517241 0.913462 0.0502874 0.911538 0.0502874 0.907692 0.0488506 0.905769 0.0488506 0.901923 0.0445402 0.896154
0 0.25 0 0.25 0.00192308 0.247126 0.00576923 0.247126 0.0115385 0.24569 0.0134615 0.24569 0.0423077 0.252874 0.0519231 0.257184 0.0519231 0.258621 0.0538462 0.265805 0.0538462 0.267241 0.0519231 0.268678 0.0519231 0.272989 0.0461538 0.272989 0.0326923 0.270115 0.0288462 0.270115 0.0269231 0.268678 0.025 0.268678 0.0230769 0.267241 0.0211538 0.267241 0.0153846 0.265805 0.0134615 0.265805 0
0 0.534483 0.471154 0.533046 0.473077 0.528736 0.473077 0.527299 0.475 0.525862 0.475 0.524425 0.476923 0.522989 0.476923 0.521552 0.478846 0.520115 0.478846 0.510057 0.492308 0.510057 0.494231 0.508621 0.496154 0.508621 0.503846 0.510057 0.505769 0.510057 0.509615 0.512931 0.513462 0.517241 0.513462 0.518678 0.515385 0.521552 0.515385 0.522989 0.517308 0.524425 0.517308 0.525862 0.519231 0.527299 0.519231 0.528736 0.517308 0.530172 0.517308 0.531609 0.515385 0.537356 0.515385 0.538793 0.513462 0.541667 0.513462 0.543103 0.511538 0.545977 0.511538 0.547414 0.509615 0.550287 0.509615 0.553161 0.505769 0.553161 0.501923 0.556034 0.498077 0.556034 0.494231 0.557471 0.492308 0.557471 0.482692 0.556034 0.480769 0.556034 0.478846 0.554598 0.476923 0.554598 0.475 0.553161 0.473077 0.551724 0.473077 0.550287 0.471154
0 0.91523 0.813462 0.913793 0.815385 0.91092 0.815385 0.909483 0.817308 0.908046 0.817308 0.905172 0.821154 0.903736 0.821154 0.899425 0.826923 0.899425 0.828846 0.892241 0.838462 0.892241 0.842308 0.890805 0.844231 0.890805 0.848077 0.889368 0.85 0.889368 0.853846 0.890805 0.855769 0.890805 0.859615 0.892241 0.861538 0.892241 0.863462 0.895115 0.867308 0.896552 0.867308 0.897989 0.869231 0.905172 0.869231 0.906609 0.867308 0.908046 0.867308 0.909483 0.865385 0.91092 0.865385 0.91523 0.859615 0.91523 0.857692 0.918103 0.853846 0.91954 0.853846 0.922414 0.85 0.922414 0.848077 0.923851 0.846154 0.923851 0.844231 0.925287 0.842308 0.925287 0.834615 0.926724 0.832692 0.926724 0.825 0.925287 0.823077 0.925287 0.821154 0.923851 0.819231 0.923851 0.817308 0.922414 0.815385 0.920977 0.815385 0.91954 0.813462
0 0.508621 0.305769 0.507184 0.307692 0.5 0.307692 0.498563 0.309615 0.491379 0.309615 0.489943 0.311538 0.487069 0.311538 0.485632 0.313462 0.484195 0.313462 0.482759 0.315385 0.481322 0.315385 0.477011 0.321154 0.477011 0.336538 0.479885 0.340385 0.498563 0.340385 0.5 0.338462 0.502874 0.338462 0.50431 0.336538 0.507184 0.336538 0.510057 0.332692 0.511494 0.332692 0.518678 0.323077 0.518678 0.321154 0.520115 0.319231 0.520115 0.309615 0.517241 0.305769
0 0.816092 0.736538 0.814655 0.738462 0.810345 0.738462 0.808908 0.740385 0.808908 0.742308 0.806034 0.746154 0.806034 0.75 0.801724 0.755769 0.801724 0.757692 0.800287 0.759615 0.800287 0.761538 0.798851 0.763462 0.798851 0.776923 0.800287 0.778846 0.800287 0.780769 0.804598 0.786538 0.814655 0.786538 0.816092 0.784615 0.817529 0.784615 0.820402 0.780769 0.821839 0.780769 0.823276 0.778846 0.823276 0.776923 0.824713 0.775 0.824713 0.767308 0.826149 0.765385 0.826149 0.744231 0.824713 0.742308 0.824713 0.740385 0.821839 0.736538
0 0.872126 0.123077 0.87069 0.125 0.867816 0.125 0.866379 0.126923 0.864943 0.126923 0.863506 0.128846 0.862069 0.128846 0.860632 0.130769 0.859195 0.130769 0.856322 0.134615 0.854885 0.134615 0.853448 0.136538 0.852011 0.136538 0.849138 0.140385 0.849138 0.142308 0.847701 0.144231 0.847701 0.155769 0.849138 0.157692 0.850575 0.157692 0.852011 0.159615 0.857759 0.159615 0.859195 0.157692 0.860632 0.157692 0.866379 0.15 0.866379 0.148077 0.872126 0.140385 0.873563 0.140385 0.875 0.138462 0.875 0.136538 0.876437 0.134615 0.876437 0.132692 0.877874 0.130769 0.877874 0.125 0.876437 0.123077
0 0.698276 0.351923 0.695402 0.355769 0.695402 0.373077 0.696839 0.375 0.696839 0.376923 0.701149 0.382692 0.70977 0.382692 0.711207 0.380769 0.712644 0.380769 0.71408 0.378846 0.71408 0.376923 0.715517 0.375 0.715517 0.373077 0.716954 0.371154 0.716954 0.363462 0.70977 0.353846 0.708333 0.353846 0.706897 0.351923
0 0.524425 0.184615 0.517241 0.194231 0.517241 0.211538 0.518678 0.213462 0.518678 0.215385 0.520115 0.217308 0.520115 0.223077 0.521552 0.225 0.521552 0.226923 0.522989 0.228846 0.522989 0.230769 0.524425 0.232692 0.524425 0.234615 0.530172 0.242308 0.533046 0.242308 0.534483 0.244231 0.541667 0.244231 0.543103 0.242308 0.54454 0.242308 0.548851 0.236538 0.548851 0.234615 0.550287 0.232692 0.550287 0.209615 0.548851 0.207692 0.548851 0.205769 0.547414 0.203846 0.547414 0.201923 0.545977 0.2 0.545977 0.198077 0.54454 0.196154 0.54454 0.194231 0.538793 0.186538 0.537356 0.186538 0.53592 0.184615
0 0.997126 0.769231 0.994253 0.773077 0.994253 0.775 0.991379 0.778846 0.991379 0.780769 0.989943 0.782692 0.989943 0.794231 0.991379 0.796154 0.991379 0.8 0.994253 0.803846 0.99569 0.803846 0.997126 0.805769 0.998563 0.805769 0.998563 0.769231
0 0.433908 0.792308 0.432471 0.794231 0.429598 0.794231 0.428161 0.796154 0.426724 0.796154 0.425287 0.798077 0.423851 0.798077 0.420977 0.801923 0.420977 0.811538 0.422414 0.813462 0.422414 0.815385 0.425287 0.819231 0.426724 0.819231 0.428161 0.821154 0.433908 0.821154 0.436782 0.825 0.46408 0.825 0.465517 0.823077 0.465517 0.821154 0.466954 0.819231 0.466954 0.811538 0.465517 0.809615 0.465517 0.805769 0.462644 0.801923 0.45977 0.801923 0.458333 0.8 0.45546 0.8 0.454023 0.798077 0.452586 0.798077 0.451149 0.796154 0.448276 0.796154 0.446839 0.794231 0.443966 0.794231 0.442529 0.792308
0 0.893678 0.207692 0.892241 0.209615 0.887931 0.209615 0.882184 0.217308 0.882184 0.219231 0.87931 0.223077 0.87931 0.225 0.877874 0.226923 0.877874 0.228846 0.876437 0.230769 0.876437 0.251923 0.877874 0.253846 0.877874 0.255769 0.883621 0.263462 0.896552 0.263462 0.900862 0.257692 0.900862 0.255769 0.902299 0.253846 0.902299 0.25 0.903736 0.248077 0.903736 0.244231 0.905172 0.242308 0.905172 0.234615 0.906609 0.232692 0.906609 0.209615 0.905172 0.207692
0 0.432471 0.830769 0.431034 0.832692 0.420977 0.832692 0.41954 0.834615 0.41092 0.834615 0.409483 0.836538 0.406609 0.836538 0.405172 0.838462 0.405172 0.840385 0.403736 0.842308 0.403736 0.846154 0.402299 0.848077 0.402299 0.853846 0.406609 0.859615 0.408046 0.859615 0.409483 0.861538 0.412356 0.861538 0.413793 0.863462 0.41523 0.863462 0.416667 0.865385 0.435345 0.865385 0.436782 0.863462 0.441092 0.863462 0.443966 0.859615 0.445402 0.859615 0.449713 0.853846 0.449713 0.851923 0.451149 0.85 0.451149 0.838462 0.448276 0.834615 0.445402 0.834615 0.443966 0.832692 0.442529 0.832692 0.441092 0.830769
0 0.551724 0.365385 0.550287 0.367308 0.545977 0.367308 0.537356 0.378846 0.53592 0.378846 0.531609 0.384615 0.530172 0.384615 0.521552 0.396154 0.521552 0.398077 0.520115 0.4 0.520115 0.403846 0.518678 0.405769 0.518678 0.407692 0.520115 0.409615 0.520115 0.413462 0.522989 0.417308 0.530172 0.417308 0.531609 0.415385 0.533046 0.415385 0.534483 0.413462 0.53592 0.413462 0.54454 0.401923 0.54454 0.4 0.545977 0.398077 0.545977 0.396154 0.548851 0.392308 0.548851 0.390385 0.551724 0.386538 0.551724 0.384615 0.553161 0.382692 0.553161 0.380769 0.554598 0.378846 0.554598 0.376923 0.556034 0.375 0.556034 0.371154 0.554598 0.369231 0.554598 0.367308 0.553161 0.365385
0 0.596264 0.907692 0.593391 0.911538 0.593391 0.913462 0.591954 0.915385 0.591954 0.940385 0.599138 0.95 0.600575 0.95 0.602011 0.951923 0.613506 0.951923 0.614943 0.95 0.616379 0.95 0.619253 0.946154 0.619253 0.944231 0.62069 0.942308 0.62069 0.940385 0.622126 0.938462 0.622126 0.936538 0.623563 0.934615 0.623563 0.926923 0.622126 0.925 0.622126 0.923077 0.619253 0.919231 0.619253 0.917308 0.612069 0.907692 0.610632 0.907692 0.609195 0.909615 0.607759 0.909615 0.606322 0.907692
0 0.25431 0.613462 0.252874 0.615385 0.25 0.615385 0.248563 0.617308 0.247126 0.617308 0.242816 0.623077 0.242816 0.625 0.241379 0.626923 0.241379 0.628846 0.239943 0.630769 0.239943 0.636538 0.238506 0.638462 0.238506 0.653846 0.239943 0.655769 0.239943 0.659615 0.241379 0.661538 0.241379 0.663462 0.25 0.675 0.251437 0.675 0.252874 0.676923 0.25431 0.676923 0.255747 0.678846 0.258621 0.678846 0.260057 0.680769 0.275862 0.680769 0.277299 0.678846 0.280172 0.678846 0.287356 0.669231 0.287356 0.667308 0.288793 0.665385 0.288793 0.663462 0.29023 0.661538 0.29023 0.659615 0.291667 0.657692 0.291667 0.646154 0.29023 0.644231 0.29023 0.640385 0.288793 0.638462 0.288793 0.636538 0.287356 0.634615 0.287356 0.632692 0.280172 0.623077 0.278736 0.623077 0.275862 0.619231 0.274425 0.619231 0.271552 0.615385 0.270115 0.615385 0.268678 0.613462
0 0.801724 0.405769 0.800287 0.407692 0.798851 0.407692 0.797414 0.409615 0.79454 0.409615 0.793103 0.411538 0.79023 0.411538 0.788793 0.413462 0.788793 0.425 0.787356 0.426923 0.787356 0.436538 0.788793 0.438462 0.788793 0.440385 0.79023 0.442308 0.79023 0.444231 0.795977 0.451923 0.797414 0.451923 0.800287 0.455769 0.801724 0.455769 0.804598 0.459615 0.806034 0.459615 0.807471 0.461538 0.808908 0.461538 0.810345 0.463462 0.813218 0.463462 0.814655 0.465385 0.821839 0.465385 0.823276 0.463462 0.824713 0.463462 0.826149 0.461538 0.826149 0.457692 0.827586 0.455769 0.827586 0.444231 0.826149 0.442308 0.826149 0.436538 0.824713 0.434615 0.824713 0.432692 0.823276 0.430769 0.823276 0.426923 0.810345 0.409615 0.808908 0.409615 0.807471 0.407692 0.804598 0.407692 0.803161 0.405769
0 0.188218 0.0519231 0.186782 0.0538462 0.182471 0.0538462 0.181034 0.0557692 0.181034 0.0730769 0.182471 0.075 0.182471 0.0769231 0.183908 0.0788462 0.183908 0.0807692 0.186782 0.0846154 0.186782 0.0865385 0.191092 0.0923077 0.193966 0.0923077 0.195402 0.0942308 0.196839 0.0942308 0.198276 0.0961538 0.199713 0.0961538 0.201149 0.0980769 0.202586 0.0980769 0.204023 0.1 0.206897 0.1 0.208333 0.101923 0.212644 0.101923 0.21408 0.1 0.21408 0.0903846 0.212644 0.0884615 0.212644 0.0807692 0.211207 0.0788462 0.211207 0.0711538 0.20977 0.0692308 0.20977 0.0673077 0.202586 0.0576923 0.201149 0.0576923 0.198276 0.0538462 0.193966 0.0538462 0.192529 0.0519231
0 0.637931 0.0903846 0.636494 0.0923077 0.632184 0.0923077 0.630747 0.0942308 0.627874 0.0942308 0.623563 0.1 0.623563 0.107692 0.622126 0.109615 0.622126 0.123077 0.623563 0.125 0.646552 0.125 0.647989 0.126923 0.655172 0.126923 0.655172 0.125 0.658046 0.121154 0.658046 0.109615 0.656609 0.107692 0.656609 0.103846 0.653736 0.1 0.652299 0.1 0.649425 0.0961538 0.647989 0.0961538 0.646552 0.0942308 0.645115 0.0942308 0.643678 0.0923077 0.640805 0.0923077 0.639368 0.0903846
0 0.462644 0.876923 0.461207 0.878846 0.451149 0.878846 0.449713 0.880769 0.446839 0.880769 0.445402 0.882692 0.443966 0.882692 0.439655 0.888462 0.439655 0.898077 0.441092 0.9 0.441092 0.903846 0.443966 0.907692 0.448276 0.907692 0.449713 0.909615 0.458333 0.909615 0.45977 0.911538 0.46408 0.911538 0.465517 0.913462 0.484195 0.913462 0.487069 0.909615 0.487069 0.907692 0.488506 0.905769 0.488506 0.898077 0.487069 0.896154 0.487069 0.892308 0.479885 0.882692 0.478448 0.882692 0.475575 0.878846 0.472701 0.878846 0.471264 0.876923
0 0.844828 0.713462 0.843391 0.715385 0.841954 0.715385 0.836207 0.723077 0.836207 0.732692 0.837644 0.734615 0.837644 0.740385 0.846264 0.751923 0.849138 0.751923 0.850575 0.753846 0.853448 0.753846 0.854885 0.751923 0.857759 0.751923 0.859195 0.75 0.862069 0.75 0.869253 0.740385 0.869253 0.736538 0.867816 0.734615 0.867816 0.726923 0.864943 0.723077 0.864943 0.721154 0.862069 0.717308 0.860632 0.717308 0.859195 0.715385 0.852011 0.715385 0.850575 0.713462
0 0.83477 0.282692 0.833333 0.284615 0.83046 0.284615 0.824713 0.292308 0.824713 0.317308 0.826149 0.319231 0.826149 0.321154 0.831897 0.328846 0.850575 0.328846 0.853448 0.325 0.853448 0.307692 0.852011 0.305769 0.852011 0.3 0.850575 0.298077 0.850575 0.296154 0.849138 0.294231 0.849138 0.292308 0.846264 0.288462 0.846264 0.286538 0.844828 0.284615 0.843391 0.284615 0.841954 0.282692
0 0.622126 0.446154 0.62069 0.448077 0.617816 0.448077 0.613506 0.453846 0.613506 0.455769 0.612069 0.457692 0.612069 0.459615 0.610632 0.461538 0.610632 0.465385 0.609195 0.467308 0.609195 0.469231 0.607759 0.471154 0.607759 0.473077 0.606322 0.475 0.606322 0.478846 0.604885 0.480769 0.604885 0.490385 0.606322 0.492308 0.606322 0.494231 0.609195 0.498077 0.610632 0.498077 0.612069 0.5 0.614943 0.5 0.616379 0.501923 0.617816 0.501923 0.619253 0.5 0.62069 0.5 0.622126 0.498077 0.623563 0.498077 0.625 0.496154 0.627874 0.496154 0.630747 0.492308 0.630747 0.490385 0.633621 0.486538 0.633621 0.484615 0.637931 0.478846 0.637931 0.475 0.639368 0.473077 0.639368 0.459615 0.637931 0.457692 0.637931 0.455769 0.632184 0.448077 0.630747 0.448077 0.62931 0.446154
0 0.711207 0.467308 0.708333 0.471154 0.706897 0.471154 0.70546 0.473077 0.70546 0.476923 0.704023 0.478846 0.704023 0.492308 0.708333 0.498077 0.708333 0.5 0.711207 0.503846 0.711207 0.507692 0.712644 0.509615 0.712644 0.511538 0.722701 0.525 0.725575 0.525 0.727011 0.526923 0.734195 0.526923 0.739943 0.519231 0.739943 0.517308 0.741379 0.515385 0.741379 0.509615 0.739943 0.507692 0.739943 0.501923 0.738506 0.5 0.738506 0.496154 0.737069 0.494231 0.737069 0.492308 0.735632 0.490385 0.735632 0.488462 0.731322 0.482692 0.731322 0.478846 0.725575 0.471154 0.724138 0.471154 0.722701 0.469231 0.719828 0.469231 0.718391 0.467308
0 0.0718391 0.601923 0.0689655 0.605769 0.0689655 0.628846 0.0718391 0.632692 0.0718391 0.634615 0.0747126 0.638462 0.0747126 0.640385 0.0761494 0.642308 0.0775862 0.642308 0.0847701 0.651923 0.0862069 0.651923 0.0876437 0.653846 0.0948276 0.653846 0.0962644 0.651923 0.0962644 0.65 0.0977011 0.648077 0.0977011 0.644231 0.0991379 0.642308 0.0991379 0.634615 0.0977011 0.632692 0.0977011 0.630769 0.0962644 0.628846 0.0962644 0.625 0.0833333 0.607692 0.0818966 0.607692 0.079023 0.603846 0.0747126 0.603846 0.0732759 0.601923
0 0.83046 0.361538 0.827586 0.365385 0.827586 0.367308 0.826149 0.369231 0.826149 0.396154 0.827586 0.398077 0.827586 0.4 0.829023 0.401923 0.829023 0.405769 0.83046 0.407692 0.83046 0.411538 0.831897 0.413462 0.831897 0.415385 0.836207 0.421154 0.837644 0.421154 0.83908 0.423077 0.841954 0.423077 0.843391 0.425 0.846264 0.425 0.847701 0.423077 0.849138 0.423077 0.852011 0.419231 0.852011 0.417308 0.853448 0.415385 0.853448 0.409615 0.854885 0.407692 0.854885 0.401923 0.853448 0.4 0.853448 0.386538 0.852011 0.384615 0.852011 0.380769 0.849138 0.376923 0.849138 0.375 0.844828 0.369231 0.844828 0.367308 0.841954 0.363462 0.840517 0.363462 0.83908 0.361538
0 0.179598 0.821154 0.178161 0.823077 0.175287 0.823077 0.172414 0.826923 0.172414 0.828846 0.170977 0.830769 0.170977 0.832692 0.168103 0.836538 0.166667 0.836538 0.166667 0.838462 0.16523 0.840385 0.16523 0.844231 0.163793 0.846154 0.163793 0.855769 0.16523 0.857692 0.16523 0.865385 0.168103 0.869231 0.16954 0.869231 0.170977 0.871154 0.176724 0.871154 0.178161 0.873077 0.179598 0.873077 0.181034 0.871154 0.182471 0.871154 0.183908 0.869231 0.185345 0.869231 0.191092 0.861538 0.191092 0.859615 0.192529 0.857692 0.192529 0.855769 0.193966 0.853846 0.193966 0.848077 0.195402 0.846154 0.195402 0.840385 0.193966 0.838462 0.193966 0.826923 0.192529 0.825 0.192529 0.823077 0.189655 0.823077 0.188218 0.821154
0 0.603448 0.273077 0.602011 0.275 0.597701 0.275 0.596264 0.276923 0.594828 0.276923 0.593391 0.278846 0.591954 0.278846 0.586207 0.286538 0.586207 0.294231 0.590517 0.3 0.591954 0.3 0.593391 0.301923 0.596264 0.301923 0.597701 0.303846 0.610632 0.303846 0.612069 0.301923 0.619253 0.301923 0.62069 0.3 0.623563 0.3 0.625 0.298077 0.626437 0.298077 0.627874 0.296154 0.630747 0.296154 0.636494 0.288462 0.636494 0.286538 0.637931 0.284615 0.637931 0.282692 0.636494 0.280769 0.636494 0.278846 0.633621 0.275 0.632184 0.275 0.630747 0.273077
0 0.443966 0.707692 0.442529 0.709615 0.439655 0.709615 0.438218 0.711538 0.436782 0.711538 0.435345 0.713462 0.433908 0.713462 0.432471 0.715385 0.432471 0.717308 0.431034 0.719231 0.431034 0.728846 0.433908 0.732692 0.433908 0.734615 0.435345 0.736538 0.436782 0.736538 0.439655 0.740385 0.441092 0.740385 0.442529 0.742308 0.445402 0.742308 0.446839 0.744231 0.449713 0.744231 0.451149 0.746154 0.468391 0.746154 0.469828 0.744231 0.471264 0.744231 0.475575 0.738462 0.475575 0.726923 0.469828 0.719231 0.468391 0.719231 0.465517 0.715385 0.46408 0.715385 0.462644 0.713462 0.45977 0.713462 0.458333 0.711538 0.456897 0.711538 0.45546 0.709615 0.454023 0.709615 0.452586 0.707692
0 0.505747 0.982692 0.50431 0.984615 0.501437 0.984615 0.5 0.986538 0.498563 0.986538 0.494253 0.992308 0.492816 0.992308 0.491379 0.994231 0.491379 0.998077 0.534483 0.998077 0.534483 0.996154 0.533046 0.994231 0.533046 0.992308 0.528736 0.986538 0.525862 0.986538 0.524425 0.984615 0.522989 0.984615 0.521552 0.982692
0 0.771552 0.411538 0.770115 0.413462 0.768678 0.413462 0.762931 0.421154 0.762931 0.426923 0.764368 0.428846 0.764368 0.430769 0.767241 0.434615 0.777299 0.434615 0.778736 0.432692 0.780172 0.432692 0.781609 0.430769 0.781609 0.426923 0.783046 0.425 0.783046 0.421154 0.781609 0.419231 0.781609 0.415385 0.778736 0.411538
0 0.344828 0.955769 0.343391 0.957692 0.340517 0.957692 0.336207 0.963462 0.336207 0.965385 0.33477 0.967308 0.33477 0.969231 0.333333 0.971154 0.333333 0.976923 0.33477 0.978846 0.33477 0.980769 0.341954 0.990385 0.344828 0.990385 0.346264 0.992308 0.350575 0.992308 0.352011 0.994231 0.375 0.994231 0.376437 0.992308 0.377874 0.992308 0.37931 0.990385 0.380747 0.990385 0.382184 0.988462 0.382184 0.986538 0.383621 0.984615 0.383621 0.975 0.380747 0.971154 0.380747 0.969231 0.376437 0.963462 0.375 0.963462 0.373563 0.961538 0.37069 0.961538 0.369253 0.959615 0.362069 0.959615 0.360632 0.957692 0.356322 0.957692 0.354885 0.955769
0 0.435345 0.417308 0.433908 0.419231 0.432471 0.419231 0.431034 0.421154 0.416667 0.421154 0.41523 0.423077 0.406609 0.423077 0.400862 0.430769 0.400862 0.434615 0.399425 0.436538 0.399425 0.438462 0.400862 0.440385 0.400862 0.442308 0.405172 0.448077 0.408046 0.448077 0.409483 0.45 0.413793 0.45 0.41523 0.448077 0.41954 0.448077 0.420977 0.446154 0.425287 0.446154 0.426724 0.444231 0.429598 0.444231 0.431034 0.442308 0.432471 0.442308 0.436782 0.436538 0.445402 0.436538 0.449713 0.430769 0.449713 0.423077 0.446839 0.419231 0.445402 0.419231 0.443966 0.417308
0 0.840517 0.798077 0.83908 0.8 0.831897 0.8 0.83046 0.801923 0.829023 0.801923 0.823276 0.809615 0.823276 0.811538 0.821839 0.813462 0.821839 0.825 0.823276 0.826923 0.823276 0.828846 0.824713 0.830769 0.826149 0.830769 0.827586 0.832692 0.841954 0.832692 0.843391 0.830769 0.847701 0.830769 0.849138 0.828846 0.853448 0.828846 0.860632 0.819231 0.860632 0.817308 0.862069 0.815385 0.862069 0.809615 0.860632 0.807692 0.860632 0.805769 0.857759 0.801923 0.856322 0.801923 0.854885 0.8 0.852011 0.8 0.850575 0.798077
0 0.0977011 0.353846 0.091954 0.361538 0.091954 0.376923 0.0933908 0.378846 0.0933908 0.380769 0.0962644 0.384615 0.0962644 0.386538 0.104885 0.398077 0.106322 0.398077 0.107759 0.4 0.117816 0.4 0.119253 0.398077 0.119253 0.396154 0.122126 0.392308 0.122126 0.390385 0.123563 0.388462 0.123563 0.376923 0.117816 0.369231 0.117816 0.367308 0.109195 0.355769 0.107759 0.355769 0.106322 0.353846
0 0.143678 0.330769 0.137931 0.338462 0.137931 0.340385 0.136494 0.342308 0.136494 0.344231 0.135057 0.346154 0.135057 0.351923 0.136494 0.353846 0.136494 0.359615 0.137931 0.361538 0.137931 0.363462 0.139368 0.365385 0.139368 0.367308 0.143678 0.373077 0.153736 0.373077 0.156609 0.369231 0.156609 0.367308 0.158046 0.365385 0.158046 0.353846 0.159483 0.351923 0.159483 0.340385 0.156609 0.336538 0.156609 0.334615 0.155172 0.332692 0.153736 0.332692 0.152299 0.330769
0 0.949713 0.523077 0.948276 0.525 0.946839 0.525 0.945402 0.526923 0.942529 0.526923 0.938218 0.532692 0.938218 0.534615 0.936782 0.536538 0.936782 0.544231 0.938218 0.546154 0.962644 0.546154 0.96408 0.548077 0.969828 0.548077 0.971264 0.546154 0.971264 0.532692 0.972701 0.530769 0.972701 0.528846 0.971264 0.526923 0.969828 0.526923 0.968391 0.525 0.966954 0.525 0.965517 0.523077
0 0.728448 0.836538 0.727011 0.838462 0.727011 0.842308 0.729885 0.846154 0.729885 0.848077 0.732759 0.851923 0.732759 0.853846 0.735632 0.857692 0.735632 0.859615 0.738506 0.863462 0.738506 0.865385 0.742816 0.871154 0.744253 0.871154 0.747126 0.875 0.751437 0.875 0.752874 0.876923 0.767241 0.876923 0.770115 0.873077 0.770115 0.861538 0.758621 0.846154 0.757184 0.846154 0.75431 0.842308 0.752874 0.842308 0.751437 0.840385 0.748563 0.840385 0.747126 0.838462 0.737069 0.838462 0.735632 0.836538
0 0.965517 0.448077 0.96408 0.45 0.962644 0.45 0.961207 0.451923 0.961207 0.453846 0.95977 0.455769 0.95977 0.459615 0.961207 0.461538 0.961207 0.463462 0.965517 0.469231 0.965517 0.471154 0.969828 0.476923 0.969828 0.478846 0.975575 0.486538 0.975575 0.488462 0.978448 0.492308 0.979885 0.492308 0.982759 0.496154 0.992816 0.496154 0.994253 0.494231 0.99569 0.494231 0.997126 0.492308 0.997126 0.478846 0.99569 0.476923 0.99569 0.473077 0.994253 0.471154 0.994253 0.469231 0.992816 0.467308 0.992816 0.465385 0.991379 0.463462 0.991379 0.461538 0.987069 0.455769 0.985632 0.455769 0.982759 0.451923 0.981322 0.451923 0.979885 0.45 0.978448 0.45 0.977011 0.448077
0 0.362069 0.496154 0.360632 0.498077 0.359195 0.498077 0.357759 0.5 0.356322 0.5 0.354885 0.501923 0.354885 0.503846 0.353448 0.505769 0.353448 0.521154 0.354885 0.523077 0.354885 0.525 0.362069 0.534615 0.363506 0.534615 0.364943 0.536538 0.366379 0.536538 0.367816 0.538462 0.372126 0.538462 0.373563 0.540385 0.385057 0.540385 0.386494 0.538462 0.389368 0.538462 0.390805 0.536538 0.392241 0.536538 0.397989 0.528846 0.397989 0.525 0.399425 0.523077 0.399425 0.515385 0.397989 0.513462 0.397989 0.511538 0.393678 0.505769 0.392241 0.505769 0.389368 0.501923 0.386494 0.501923 0.385057 0.5 0.383621 0.5 0.382184 0.498077 0.377874 0.498077 0.376437 0.496154
0 0.813218 0.157692 0.810345 0.161538 0.804598 0.161538 0.797414 0.171154 0.797414 0.186538 0.801724 0.192308 0.803161 0.192308 0.804598 0.194231 0.807471 0.194231 0.808908 0.196154 0.821839 0.196154 0.823276 0.194231 0.824713 0.194231 0.827586 0.190385 0.83046 0.190385 0.831897 0.188462 0.833333 0.188462 0.836207 0.184615 0.836207 0.180769 0.837644 0.178846 0.837644 0.169231 0.833333 0.163462 0.83046 0.163462 0.829023 0.161538 0.826149 0.161538 0.823276 0.157692
0 0.704023 0.705769 0.702586 0.707692 0.698276 0.707692 0.696839 0.709615 0.695402 0.709615 0.692529 0.713462 0.691092 0.713462 0.685345 0.721154 0.685345 0.723077 0.683908 0.725 0.683908 0.744231 0.685345 0.746154 0.686782 0.746154 0.688218 0.748077 0.689655 0.748077 0.691092 0.75 0.704023 0.75 0.70546 0.748077 0.711207 0.748077 0.712644 0.746154 0.71408 0.746154 0.715517 0.744231 0.716954 0.744231 0.722701 0.736538 0.722701 0.732692 0.724138 0.730769 0.724138 0.728846 0.725575 0.726923 0.725575 0.711538 0.724138 0.709615 0.724138 0.707692 0.722701 0.705769
0 0.886494 0.978846 0.880747 0.986538 0.880747 0.988462 0.87931 0.990385 0.87931 0.992308 0.877874 0.994231 0.877874 0.998077 0.906609 0.998077 0.906609 0.990385 0.905172 0.988462 0.905172 0.984615 0.903736 0.982692 0.900862 0.982692 0.899425 0.980769 0.895115 0.980769 0.893678 0.978846
0 0.238506 0.832692 0.234195 0.838462 0.234195 0.840385 0.232759 0.842308 0.232759 0.848077 0.234195 0.85 0.234195 0.855769 0.235632 0.857692 0.235632 0.863462 0.237069 0.865385 0.237069 0.867308 0.239943 0.871154 0.239943 0.873077 0.247126 0.882692 0.248563 0.882692 0.25 0.884615 0.251437 0.884615 0.25431 0.888462 0.260057 0.888462 0.265805 0.880769 0.265805 0.871154 0.264368 0.869231 0.264368 0.863462 0.262931 0.861538 0.262931 0.859615 0.261494 0.857692 0.261494 0.855769 0.260057 0.853846 0.260057 0.85 0.258621 0.848077 0.258621 0.846154 0.25 0.834615 0.248563 0.834615 0.247126 0.832692
0 0.0502874 0.505769 0.0488506 0.507692 0.0416667 0.507692 0.0387931 0.511538 0.0373563 0.511538 0.0344828 0.515385 0.0301724 0.515385 0.0287356 0.517308 0.0258621 0.517308 0.0215517 0.523077 0.0201149 0.523077 0.0186782 0.525 0.0186782 0.526923 0.0172414 0.528846 0.0172414 0.538462 0.0215517 0.544231 0.0258621 0.544231 0.0272989 0.546154 0.0474138 0.546154 0.0488506 0.544231 0.0545977 0.544231 0.0560345 0.542308 0.0574713 0.542308 0.0646552 0.532692 0.0646552 0.530769 0.066092 0.528846 0.066092 0.519231 0.0646552 0.517308 0.0646552 0.515385 0.058908 0.507692 0.0545977 0.507692 0.0531609 0.505769
0 0.224138 0.00576923 0.222701 0.00769231 0.221264 0.00769231 0.219828 0.00961538 0.219828 0.0192308 0.218391 0.0211538 0.218391 0.0403846 0.219828 0.0423077 0.219828 0.0480769 0.221264 0.05 0.221264 0.0538462 0.227011 0.0615385 0.228448 0.0615385 0.229885 0.0634615 0.237069 0.0634615 0.238506 0.0615385 0.239943 0.0615385 0.241379 0.0596154 0.241379 0.0576923 0.242816 0.0557692 0.242816 0.0461538 0.244253 0.0442308 0.244253 0.0230769 0.241379 0.0192308 0.241379 0.0173077 0.238506 0.0134615 0.237069 0.0134615 0.235632 0.0115385 0.234195 0.0115385 0.231322 0.00769231 0.229885 0.00769231 0.228448 0.00576923
0 0.21408 0.973077 0.212644 0.975 0.212644 0.976923 0.211207 0.978846 0.211207 0.988462 0.212644 0.990385 0.21408 0.990385 0.215517 0.992308 0.222701 0.992308 0.224138 0.990385 0.225575 0.990385 0.227011 0.988462 0.227011 0.976923 0.225575 0.976923 0.222701 0.973077
0 0.201149 0.721154 0.199713 0.723077 0.198276 0.723077 0.196839 0.725 0.196839 0.726923 0.195402 0.728846 0.195402 0.730769 0.193966 0.732692 0.193966 0.748077 0.195402 0.75 0.195402 0.751923 0.196839 0.753846 0.196839 0.755769 0.201149 0.761538 0.201149 0.763462 0.202586 0.765385 0.20546 0.765385 0.206897 0.767308 0.21408 0.767308 0.215517 0.765385 0.219828 0.765385 0.221264 0.763462 0.222701 0.763462 0.224138 0.761538 0.224138 0.759615 0.225575 0.757692 0.225575 0.744231 0.224138 0.742308 0.224138 0.738462 0.222701 0.736538 0.222701 0.734615 0.221264 0.732692 0.221264 0.730769 0.219828 0.728846 0.219828 0.726923 0.215517 0.721154
0 0.958333 0.925 0.95546 0.928846 0.954023 0.928846 0.951149 0.932692 0.949713 0.932692 0.948276 0.934615 0.948276 0.946154 0.946839 0.948077 0.946839 0.955769 0.948276 0.957692 0.948276 0.959615 0.949713 0.961538 0.952586 0.961538 0.954023 0.963462 0.95977 0.963462 0.961207 0.961538 0.962644 0.961538 0.966954 0.955769 0.968391 0.955769 0.971264 0.951923 0.971264 0.946154 0.972701 0.944231 0.972701 0.938462 0.971264 0.936538 0.971264 0.934615 0.968391 0.930769 0.968391 0.928846 0.965517 0.925
0 0.534483 0.519231 0.533046 0.521154 0.530172 0.521154 0.528736 0.523077 0.527299 0.523077 0.525862 0.525 0.524425 0.525 0.522989 0.526923 0.522989 0.528846 0.520115 0.532692 0.520115 0.534615 0.518678 0.536538 0.518678 0.553846 0.522989 0.559615 0.554598 0.559615 0.556034 0.557692 0.557471 0.557692 0.561782 0.551923 0.561782 0.55 0.563218 0.548077 0.563218 0.530769 0.561782 0.528846 0.561782 0.526923 0.557471 0.521154 0.548851 0.521154 0.547414 0.519231
0 0 0.671154 0 0.725 0.00287356 0.721154 0.00287356 0.719231 0.00431034 0.717308 0.00431034 0.680769 0.00287356 0.678846 0.00287356 0.676923 0 0.673077
0 0.666667 0.696154 0.66523 0.698077 0.662356 0.698077 0.659483 0.701923 0.659483 0.703846 0.649425 0.717308 0.649425 0.719231 0.646552 0.723077 0.646552 0.725 0.645115 0.726923 0.645115 0.730769 0.643678 0.732692 0.643678 0.742308 0.645115 0.744231 0.645115 0.746154 0.646552 0.748077 0.649425 0.748077 0.650862 0.75 0.663793 0.75 0.66523 0.748077 0.668103 0.748077 0.676724 0.736538 0.676724 0.734615 0.678161 0.732692 0.678161 0.730769 0.679598 0.728846 0.679598 0.723077 0.681034 0.721154 0.681034 0.705769 0.679598 0.703846 0.679598 0.701923 0.676724 0.698077 0.675287 0.698077 0.673851 0.696154
0 0.95977 0.228846 0.958333 0.230769 0.956897 0.230769 0.951149 0.238462 0.951149 0.259615 0.952586 0.261538 0.952586 0.263462 0.954023 0.265385 0.954023 0.267308 0.956897 0.271154 0.958333 0.271154 0.95977 0.273077 0.961207 0.273077 0.962644 0.275 0.96408 0.275 0.965517 0.276923 0.972701 0.276923 0.974138 0.275 0.975575 0.275 0.977011 0.273077 0.978448 0.273077 0.981322 0.269231 0.981322 0.261538 0.979885 0.259615 0.979885 0.255769 0.978448 0.253846 0.978448 0.251923 0.975575 0.248077 0.975575 0.246154 0.974138 0.244231 0.974138 0.242308 0.972701 0.240385 0.972701 0.238462 0.966954 0.230769 0.965517 0.230769 0.96408 0.228846
0 0.765805 0.0769231 0.764368 0.0788462 0.761494 0.0788462 0.760057 0.0807692 0.758621 0.0807692 0.757184 0.0826923 0.757184 0.0846154 0.755747 0.0865385 0.755747 0.0980769 0.757184 0.1 0.757184 0.101923 0.758621 0.103846 0.758621 0.107692 0.762931 0.113462 0.764368 0.113462 0.767241 0.117308 0.768678 0.117308 0.770115 0.119231 0.771552 0.119231 0.772989 0.121154 0.79023 0.121154 0.791667 0.119231 0.793103 0.119231 0.797414 0.113462 0.797414 0.109615 0.798851 0.107692 0.798851 0.1 0.797414 0.0980769 0.797414 0.0942308 0.795977 0.0923077 0.795977 0.0903846 0.788793 0.0807692 0.78592 0.0807692 0.784483 0.0788462 0.783046 0.0788462 0.781609 0.0769231
0 0.29454 0.417308 0.293103 0.419231 0.291667 0.419231 0.288793 0.423077 0.288793 0.430769 0.29023 0.432692 0.29023 0.444231 0.291667 0.446154 0.291667 0.451923 0.293103 0.453846 0.293103 0.455769 0.297414 0.461538 0.298851 0.461538 0.300287 0.463462 0.307471 0.463462 0.310345 0.459615 0.311782 0.459615 0.314655 0.455769 0.314655 0.453846 0.316092 0.451923 0.316092 0.446154 0.314655 0.444231 0.314655 0.440385 0.313218 0.438462 0.313218 0.434615 0.311782 0.432692 0.311782 0.430769 0.310345 0.428846 0.310345 0.426923 0.308908 0.425 0.308908 0.423077 0.307471 0.421154 0.306034 0.421154 0.304598 0.419231 0.300287 0.419231 0.298851 0.417308
0 0.931034 0.305769 0.929598 0.307692 0.926724 0.307692 0.923851 0.311538 0.922414 0.311538 0.918103 0.317308 0.916667 0.317308 0.908046 0.328846 0.908046 0.330769 0.905172 0.334615 0.905172 0.342308 0.908046 0.346154 0.91092 0.346154 0.912356 0.348077 0.922414 0.348077 0.923851 0.346154 0.926724 0.346154 0.928161 0.344231 0.929598 0.344231 0.931034 0.342308 0.932471 0.342308 0.939655 0.332692 0.939655 0.330769 0.941092 0.328846 0.941092 0.323077 0.942529 0.321154 0.942529 0.315385 0.943966 0.313462 0.943966 0.309615 0.941092 0.305769
0 0.478448 0.646154 0.477011 0.648077 0.474138 0.648077 0.468391 0.655769 0.468391 0.671154 0.469828 0.673077 0.469828 0.675 0.471264 0.676923 0.471264 0.680769 0.474138 0.684615 0.474138 0.686538 0.475575 0.688462 0.475575 0.690385 0.477011 0.692308 0.477011 0.694231 0.485632 0.705769 0.487069 0.705769 0.489943 0.709615 0.49569 0.709615 0.497126 0.707692 0.498563 0.707692 0.5 0.705769 0.5 0.703846 0.501437 0.701923 0.501437 0.7 0.502874 0.698077 0.502874 0.694231 0.50431 0.692308 0.50431 0.688462 0.502874 0.686538 0.502874 0.682692 0.501437 0.680769 0.501437 0.675 0.497126 0.669231 0.497126 0.663462 0.49569 0.661538 0.49569 0.659615 0.488506 0.65 0.487069 0.65 0.485632 0.648077 0.484195 0.648077 0.482759 0.646154
0 0.847701 0.988462 0.846264 0.990385 0.846264 0.992308 0.844828 0.994231 0.844828 0.998077 0.857759 0.998077 0.857759 0.994231 0.853448 0.988462
0 0.83908 0 0.83908 0.00384615 0.841954 0.00769231 0.843391 0.00769231 0.847701 0.0134615 0.849138 0.0134615 0.850575 0.0153846 0.852011 0.0153846 0.853448 0.0173077 0.854885 0.0173077 0.856322 0.0192308 0.857759 0.0192308 0.859195 0.0211538 0.862069 0.0211538 0.863506 0.0230769 0.864943 0.0230769 0.866379 0.025 0.876437 0.025 0.877874 0.0230769 0.877874 0.0211538 0.87931 0.0192308 0.87931 0.00384615 0.877874 0.00192308 0.877874 0
0 0.317529 0.832692 0.316092 0.834615 0.314655 0.834615 0.313218 0.836538 0.310345 0.836538 0.308908 0.838462 0.307471 0.838462 0.304598 0.842308 0.303161 0.842308 0.297414 0.85 0.297414 0.851923 0.29454 0.855769 0.29454 0.869231 0.295977 0.871154 0.295977 0.875 0.297414 0.876923 0.298851 0.876923 0.300287 0.878846 0.301724 0.878846 0.303161 0.880769 0.313218 0.880769 0.314655 0.878846 0.317529 0.878846 0.329023 0.863462 0.329023 0.861538 0.333333 0.855769 0.333333 0.844231 0.331897 0.842308 0.331897 0.838462 0.329023 0.834615 0.327586 0.834615 0.326149 0.832692
0 0.152299 0.553846 0.150862 0.555769 0.149425 0.555769 0.147989 0.557692 0.147989 0.559615 0.146552 0.561538 0.146552 0.563462 0.145115 0.565385 0.145115 0.567308 0.143678 0.569231 0.143678 0.575 0.142241 0.576923 0.142241 0.596154 0.143678 0.598077 0.143678 0.605769 0.145115 0.607692 0.145115 0.609615 0.146552 0.611538 0.146552 0.613462 0.147989 0.615385 0.149425 0.615385 0.152299 0.619231 0.156609 0.619231 0.158046 0.617308 0.159483 0.617308 0.162356 0.613462 0.162356 0.611538 0.163793 0.609615 0.163793 0.605769 0.16523 0.603846 0.16523 0.588462 0.162356 0.584615 0.162356 0.565385 0.16092 0.563462 0.16092 0.561538 0.159483 0.559615 0.159483 0.557692 0.156609 0.553846
0 0.0675287 0.436538 0.066092 0.438462 0.0632184 0.438462 0.058908 0.444231 0.0574713 0.444231 0.0502874 0.453846 0.0502874 0.457692 0.0488506 0.459615 0.0488506 0.469231 0.0531609 0.475 0.0545977 0.475 0.0560345 0.476923 0.058908 0.476923 0.0603448 0.478846 0.0675287 0.478846 0.0689655 0.480769 0.0747126 0.480769 0.0833333 0.469231 0.0833333 0.467308 0.0847701 0.465385 0.0847701 0.463462 0.0862069 0.461538 0.0862069 0.459615 0.0876437 0.457692 0.0876437 0.455769 0.0862069 0.453846 0.0862069 0.45 0.0775862 0.438462 0.0761494 0.438462 0.0747126 0.436538
0 0.0287356 0.0346154 0.0244253 0.0403846 0.0244253 0.0461538 0.0229885 0.0480769 0.0229885 0.0538462 0.0244253 0.0557692 0.0244253 0.0673077 0.0258621 0.0692308 0.0258621 0.0730769 0.0272989 0.075 0.0272989 0.0788462 0.0287356 0.0807692 0.0287356 0.0846154 0.0316092 0.0884615 0.0316092 0.0903846 0.0359195 0.0961538 0.0373563 0.0961538 0.0387931 0.0980769 0.0474138 0.0980769 0.0488506 0.0961538 0.0502874 0.0961538 0.0517241 0.0942308 0.0517241 0.0923077 0.0531609 0.0903846 0.0531609 0.0653846 0.0502874 0.0615385 0.0502874 0.0557692 0.0488506 0.0538462 0.0488506 0.0519231 0.0373563 0.0365385 0.0359195 0.0365385 0.0344828 0.0346154
0 0.498563 0.0865385 0.497126 0.0884615 0.49569 0.0884615 0.494253 0.0903846 0.492816 0.0903846 0.482759 0.103846 0.482759 0.105769 0.479885 0.109615 0.479885 0.113462 0.478448 0.115385 0.478448 0.125 0.479885 0.126923 0.479885 0.130769 0.481322 0.132692 0.482759 0.132692 0.484195 0.134615 0.485632 0.134615 0.487069 0.136538 0.491379 0.136538 0.492816 0.134615 0.498563 0.134615 0.508621 0.121154 0.508621 0.119231 0.510057 0.117308 0.510057 0.115385 0.511494 0.113462 0.511494 0.109615 0.512931 0.107692 0.512931 0.1 0.511494 0.0980769 0.511494 0.0923077 0.507184 0.0865385
0 0.140805 0.976923 0.132184 0.988462 0.132184 0.994231 0.133621 0.996154 0.155172 0.996154 0.156609 0.994231 0.156609 0.990385 0.153736 0.986538 0.153736 0.984615 0.149425 0.978846 0.147989 0.978846 0.146552 0.976923
0 0.196839 0.907692 0.195402 0.909615 0.192529 0.909615 0.189655 0.913462 0.189655 0.915385 0.185345 0.921154 0.185345 0.923077 0.183908 0.925 0.183908 0.926923 0.182471 0.928846 0.182471 0.932692 0.181034 0.934615 0.181034 0.946154 0.182471 0.948077 0.182471 0.951923 0.186782 0.957692 0.195402 0.957692 0.196839 0.955769 0.198276 0.955769 0.199713 0.953846 0.202586 0.953846 0.20546 0.95 0.206897 0.95 0.211207 0.944231 0.211207 0.942308 0.212644 0.940385 0.212644 0.932692 0.21408 0.930769 0.21408 0.923077 0.212644 0.921154 0.212644 0.919231 0.206897 0.911538 0.20546 0.911538 0.202586 0.907692
0 0.389368 0.923077 0.387931 0.925 0.377874 0.925 0.376437 0.926923 0.373563 0.926923 0.37069 0.930769 0.37069 0.942308 0.372126 0.944231 0.372126 0.948077 0.373563 0.95 0.373563 0.951923 0.375 0.953846 0.376437 0.953846 0.377874 0.955769 0.387931 0.955769 0.389368 0.957692 0.403736 0.957692 0.405172 0.955769 0.408046 0.955769 0.41092 0.951923 0.41092 0.946154 0.412356 0.944231 0.412356 0.932692 0.408046 0.926923 0.405172 0.926923 0.403736 0.925 0.400862 0.925 0.399425 0.923077
0 0.971264 0.548077 0.969828 0.55 0.96408 0.55 0.962644 0.551923 0.961207 0.551923 0.95977 0.553846 0.95977 0.555769 0.958333 0.557692 0.958333 0.561538 0.95977 0.563462 0.95977 0.565385 0.962644 0.569231 0.962644 0.571154 0.966954 0.576923 0.966954 0.578846 0.968391 0.580769 0.969828 0.580769 0.972701 0.584615 0.974138 0.584615 0.977011 0.588462 0.978448 0.588462 0.979885 0.590385 0.985632 0.590385 0.988506 0.586538 0.988506 0.584615 0.987069 0.582692 0.987069 0.578846 0.984195 0.575 0.984195 0.573077 0.982759 0.571154 0.982759 0.567308 0.981322 0.565385 0.981322 0.561538 0.979885 0.559615 0.979885 0.555769 0.978448 0.553846 0.978448 0.551923 0.975575 0.548077
0 0.711207 0.259615 0.706897 0.265385 0.706897 0.271154 0.70546 0.273077 0.70546 0.278846 0.706897 0.280769 0.706897 0.290385 0.708333 0.292308 0.708333 0.296154 0.711207 0.3 0.719828 0.3 0.721264 0.298077 0.722701 0.298077 0.727011 0.292308 0.727011 0.284615 0.728448 0.282692 0.728448 0.275 0.727011 0.273077 0.727011 0.267308 0.724138 0.263462 0.722701 0.263462 0.719828 0.259615
0 0.948276 0.876923 0.938218 0.890385 0.936782 0.890385 0.933908 0.894231 0.933908 0.896154 0.932471 0.898077 0.932471 0.9 0.931034 0.901923 0.931034 0.903846 0.929598 0.905769 0.929598 0.915385 0.928161 0.917308 0.928161 0.925 0.929598 0.926923 0.929598 0.928846 0.932471 0.932692 0.933908 0.932692 0.935345 0.934615 0.938218 0.934615 0.939655 0.932692 0.942529 0.932692 0.945402 0.928846 0.945402 0.926923 0.948276 0.923077 0.948276 0.917308 0.949713 0.915385 0.949713 0.913462 0.951149 0.911538 0.951149 0.909615 0.952586 0.907692 0.952586 0.905769 0.954023 0.903846 0.954023 0.9 0.95546 0.898077 0.95546 0.896154 0.956897 0.894231 0.956897 0.890385 0.958333 0.888462 0.958333 0.880769 0.95546 0.876923
0 0 0.298077 0 0.336538 0.00718391 0.336538 0.0114943 0.330769 0.0114943 0.326923 0.012931 0.325 0.012931 0.311538 0.00574713 0.301923 0.00431034 0.301923 0.00143678 0.298077
0 0.0359195 0.128846 0.0316092 0.134615 0.0316092 0.136538 0.0301724 0.138462 0.0301724 0.163462 0.033046 0.167308 0.033046 0.169231 0.0344828 0.171154 0.0344828 0.173077 0.0359195 0.175 0.0359195 0.176923 0.0431034 0.186538 0.045977 0.186538 0.0474138 0.188462 0.0488506 0.188462 0.0502874 0.186538 0.0517241 0.186538 0.0545977 0.182692 0.0545977 0.180769 0.0560345 0.178846 0.0560345 0.157692 0.0545977 0.155769 0.0545977 0.151923 0.0531609 0.15 0.0531609 0.146154 0.0502874 0.142308 0.0502874 0.140385 0.0445402 0.132692 0.0431034 0.132692 0.0416667 0.130769 0.0402299 0.130769 0.0387931 0.128846
0 0.83908 0.236538 0.837644 0.238462 0.83477 0.238462 0.833333 0.240385 0.831897 0.240385 0.829023 0.244231 0.829023 0.248077 0.827586 0.25 0.827586 0.263462 0.829023 0.265385 0.829023 0.269231 0.83046 0.271154 0.83046 0.273077 0.831897 0.275 0.833333 0.275 0.83477 0.276923 0.836207 0.276923 0.837644 0.278846 0.853448 0.278846 0.856322 0.275 0.856322 0.273077 0.857759 0.271154 0.857759 0.265385 0.859195 0.263462 0.859195 0.248077 0.857759 0.246154 0.857759 0.242308 0.854885 0.238462 0.852011 0.238462 0.850575 0.236538
0 0 0.188462 0 0.217308 0.00431034 0.217308 0.00574713 0.215385 0.00862069 0.215385 0.0100575 0.213462 0.0114943 0.213462 0.0172414 0.205769 0.0172414 0.2 0.0143678 0.196154 0.012931 0.196154 0.0100575 0.192308 0.00718391 0.192308 0.00574713 0.190385 0.00143678 0.190385
0 0.886494 0.469231 0.885057 0.471154 0.883621 0.471154 0.880747 0.475 0.880747 0.476923 0.87931 0.478846 0.87931 0.482692 0.877874 0.484615 0.877874 0.490385 0.87931 0.492308 0.87931 0.496154 0.880747 0.498077 0.880747 0.5 0.895115 0.519231 0.896552 0.519231 0.899425 0.523077 0.900862 0.523077 0.902299 0.525 0.913793 0.525 0.920977 0.515385 0.920977 0.513462 0.923851 0.509615 0.923851 0.503846 0.922414 0.501923 0.922414 0.498077 0.920977 0.496154 0.920977 0.492308 0.918103 0.488462 0.918103 0.486538 0.91092 0.476923 0.909483 0.476923 0.908046 0.475 0.906609 0.475 0.905172 0.473077 0.903736 0.473077 0.902299 0.471154 0.900862 0.471154 0.899425 0.469231
0 0.985632 0.519231 0.984195 0.521154 0.978448 0.521154 0.975575 0.525 0.975575 0.526923 0.974138 0.528846 0.974138 0.530769 0.972701 0.532692 0.972701 0.546154 0.985632 0.546154 0.987069 0.544231 0.991379 0.544231 0.99569 0.538462 0.99569 0.525 0.992816 0.521154 0.988506 0.521154 0.987069 0.519231
0 0.0215517 0.644231 0.0201149 0.646154 0.0186782 0.646154 0.0172414 0.648077 0.0172414 0.65 0.0143678 0.653846 0.0143678 0.655769 0.012931 0.657692 0.012931 0.659615 0.0100575 0.663462 0.0100575 0.665385 0.00862069 0.667308 0.00862069 0.673077 0.00718391 0.675 0.00718391 0.684615 0.00862069 0.686538 0.00862069 0.688462 0.0100575 0.690385 0.0215517 0.690385 0.0229885 0.688462 0.0244253 0.688462 0.0272989 0.684615 0.0272989 0.680769 0.0287356 0.678846 0.0287356 0.671154 0.0301724 0.669231 0.0301724 0.655769 0.0287356 0.653846 0.0287356 0.65 0.0244253 0.644231
0 0.058908 0.05 0.0545977 0.0557692 0.0545977 0.0807692 0.0574713 0.0846154 0.0574713 0.0884615 0.058908 0.0903846 0.058908 0.0942308 0.0603448 0.0961538 0.0603448 0.1 0.0632184 0.103846 0.0632184 0.105769 0.0689655 0.113462 0.0732759 0.113462 0.0747126 0.115385 0.0847701 0.115385 0.0862069 0.113462 0.0876437 0.113462 0.0905172 0.109615 0.0905172 0.105769 0.091954 0.103846 0.091954 0.0923077 0.0905172 0.0903846 0.0905172 0.0884615 0.0890805 0.0865385 0.0890805 0.0846154 0.0876437 0.0826923 0.0876437 0.0807692 0.0862069 0.0788462 0.0862069 0.0769231 0.0847701 0.075 0.0847701 0.0711538 0.0833333 0.0692308 0.0833333 0.0653846 0.0804598 0.0615385 0.079023 0.0615385 0.0732759 0.0538462 0.0704023 0.0538462 0.0689655 0.0519231 0.0675287 0.0519231 0.066092 0.05
0 0.104885 0.842308 0.0991379 0.85 0.0991379 0.851923 0.0977011 0.853846 0.0977011 0.857692 0.0962644 0.859615 0.0962644 0.863462 0.0948276 0.865385 0.0948276 0.873077 0.0933908 0.875 0.0933908 0.880769 0.091954 0.882692 0.091954 0.892308 0.0933908 0.894231 0.0933908 0.898077 0.0977011 0.903846 0.0977011 0.905769 0.0991379 0.907692 0.100575 0.907692 0.102011 0.909615 0.104885 0.909615 0.106322 0.911538 0.109195 0.911538 0.110632 0.909615 0.113506 0.909615 0.12069 0.9 0.12069 0.898077 0.122126 0.896154 0.122126 0.888462 0.123563 0.886538 0.123563 0.869231 0.122126 0.867308 0.122126 0.863462 0.12069 0.861538 0.12069 0.857692 0.119253 0.855769 0.119253 0.851923 0.117816 0.85 0.117816 0.848077 0.113506 0.842308
0 0.109195 0.717308 0.107759 0.719231 0.106322 0.719231 0.104885 0.721154 0.102011 0.721154 0.0991379 0.725 0.0977011 0.725 0.0962644 0.726923 0.0933908 0.726923 0.0905172 0.730769 0.0905172 0.738462 0.0890805 0.740385 0.0890805 0.765385 0.0905172 0.767308 0.0905172 0.769231 0.0962644 0.776923 0.102011 0.776923 0.103448 0.775 0.106322 0.775 0.107759 0.773077 0.109195 0.773077 0.110632 0.771154 0.112069 0.771154 0.119253 0.761538 0.119253 0.757692 0.12069 0.755769 0.12069 0.734615 0.119253 0.732692 0.119253 0.726923 0.114943 0.721154 0.113506 0.721154 0.110632 0.717308
0 0.166667 0.0846154 0.16523 0.0865385 0.163793 0.0865385 0.162356 0.0884615 0.159483 0.0884615 0.158046 0.0903846 0.158046 0.0923077 0.156609 0.0942308 0.156609 0.1 0.158046 0.101923 0.158046 0.111538 0.159483 0.113462 0.159483 0.115385 0.16092 0.117308 0.16092 0.119231 0.16523 0.125 0.166667 0.125 0.16954 0.128846 0.170977 0.128846 0.172414 0.130769 0.173851 0.130769 0.175287 0.132692 0.179598 0.132692 0.181034 0.134615 0.183908 0.134615 0.185345 0.132692 0.189655 0.132692 0.191092 0.130769 0.192529 0.130769 0.193966 0.128846 0.193966 0.125 0.195402 0.123077 0.195402 0.107692 0.193966 0.105769 0.193966 0.101923 0.191092 0.0980769 0.191092 0.0942308 0.186782 0.0884615 0.182471 0.0884615 0.179598 0.0846154
0 0.573276 0.642308 0.571839 0.644231 0.570402 0.644231 0.567529 0.648077 0.566092 0.648077 0.563218 0.651923 0.563218 0.653846 0.561782 0.655769 0.561782 0.667308 0.563218 0.669231 0.563218 0.671154 0.566092 0.675 0.567529 0.675 0.568966 0.676923 0.570402 0.676923 0.571839 0.678846 0.586207 0.678846 0.587644 0.676923 0.590517 0.676923 0.597701 0.667308 0.597701 0.665385 0.599138 0.663462 0.599138 0.655769 0.597701 0.653846 0.597701 0.65 0.593391 0.644231 0.591954 0.644231 0.590517 0.642308
0 0.357759 0.392308 0.356322 0.394231 0.353448 0.394231 0.349138 0.4 0.349138 0.401923 0.343391 0.409615 0.343391 0.411538 0.33908 0.417308 0.33908 0.423077 0.341954 0.426923 0.343391 0.426923 0.346264 0.430769 0.353448 0.430769 0.356322 0.426923 0.357759 0.426923 0.359195 0.425 0.360632 0.425 0.362069 0.423077 0.364943 0.423077 0.367816 0.419231 0.367816 0.417308 0.372126 0.411538 0.372126 0.401923 0.369253 0.398077 0.369253 0.396154 0.367816 0.394231 0.366379 0.394231 0.364943 0.392308
0 0.41092 0.00384615 0.409483 0.00576923 0.408046 0.00576923 0.405172 0.00961538 0.403736 0.00961538 0.399425 0.0153846 0.399425 0.0173077 0.397989 0.0192308 0.397989 0.0211538 0.396552 0.0230769 0.396552 0.0403846 0.399425 0.0442308 0.402299 0.0442308 0.403736 0.0461538 0.41523 0.0461538 0.418103 0.0423077 0.418103 0.0384615 0.422414 0.0326923 0.423851 0.0326923 0.425287 0.0307692 0.426724 0.0307692 0.431034 0.025 0.431034 0.0230769 0.433908 0.0192308 0.433908 0.0134615 0.435345 0.0115385 0.435345 0.00961538 0.431034 0.00384615
0 0.41092 0.05 0.409483 0.0519231 0.408046 0.0519231 0.395115 0.0692308 0.395115 0.0711538 0.393678 0.0730769 0.393678 0.0769231 0.392241 0.0788462 0.392241 0.0884615 0.393678 0.0903846 0.393678 0.0923077 0.395115 0.0942308 0.396552 0.0942308 0.397989 0.0961538 0.412356 0.0961538 0.413793 0.0942308 0.41954 0.0942308 0.423851 0.0884615 0.423851 0.0865385 0.426724 0.0826923 0.426724 0.0807692 0.428161 0.0788462 0.428161 0.075 0.429598 0.0730769 0.429598 0.0634615 0.426724 0.0596154 0.426724 0.0576923 0.422414 0.0519231 0.41954 0.0519231 0.418103 0.05
0 0.376437 0.898077 0.375 0.9 0.352011 0.9 0.350575 0.901923 0.350575 0.905769 0.349138 0.907692 0.349138 0.915385 0.353448 0.921154 0.354885 0.921154 0.356322 0.923077 0.360632 0.923077 0.362069 0.925 0.376437 0.925 0.377874 0.923077 0.387931 0.923077 0.389368 0.921154 0.392241 0.921154 0.395115 0.917308 0.395115 0.907692 0.389368 0.9 0.387931 0.9 0.386494 0.898077
0 0.380747 0.730769 0.373563 0.740385 0.373563 0.742308 0.372126 0.744231 0.372126 0.746154 0.37069 0.748077 0.37069 0.753846 0.369253 0.755769 0.369253 0.757692 0.367816 0.759615 0.367816 0.769231 0.369253 0.771154 0.369253 0.776923 0.37069 0.778846 0.373563 0.778846 0.375 0.780769 0.376437 0.780769 0.377874 0.778846 0.380747 0.778846 0.383621 0.775 0.383621 0.773077 0.386494 0.769231 0.386494 0.767308 0.389368 0.763462 0.389368 0.761538 0.390805 0.759615 0.390805 0.755769 0.392241 0.753846 0.392241 0.746154 0.393678 0.744231 0.393678 0.738462 0.392241 0.736538 0.392241 0.734615 0.389368 0.730769
0 0.170977 0.753846 0.168103 0.757692 0.168103 0.759615 0.16523 0.763462 0.16523 0.767308 0.163793 0.769231 0.163793 0.773077 0.162356 0.775 0.162356 0.790385 0.163793 0.792308 0.163793 0.8 0.166667 0.803846 0.166667 0.807692 0.168103 0.809615 0.168103 0.811538 0.181034 0.811538 0.186782 0.803846 0.186782 0.801923 0.188218 0.8 0.188218 0.796154 0.191092 0.792308 0.191092 0.790385 0.192529 0.788462 0.192529 0.775 0.191092 0.773077 0.191092 0.769231 0.186782 0.763462 0.186782 0.761538 0.183908 0.757692 0.182471 0.757692 0.181034 0.755769 0.178161 0.755769 0.176724 0.753846
0 0.647989 0.128846 0.646552 0.130769 0.637931 0.130769 0.636494 0.132692 0.633621 0.132692 0.632184 0.134615 0.630747 0.134615 0.627874 0.138462 0.627874 0.146154 0.62931 0.148077 0.62931 0.15 0.630747 0.151923 0.632184 0.151923 0.633621 0.153846 0.635057 0.153846 0.636494 0.155769 0.639368 0.155769 0.640805 0.157692 0.643678 0.157692 0.645115 0.159615 0.659483 0.159615 0.66092 0.157692 0.66523 0.157692 0.668103 0.153846 0.668103 0.15 0.66954 0.148077 0.66954 0.136538 0.668103 0.134615 0.668103 0.132692 0.666667 0.130769 0.66523 0.130769 0.663793 0.128846
0 0.109195 0.6 0.107759 0.601923 0.103448 0.601923 0.0991379 0.607692 0.0991379 0.623077 0.100575 0.625 0.100575 0.628846 0.102011 0.630769 0.102011 0.636538 0.103448 0.638462 0.103448 0.642308 0.104885 0.644231 0.104885 0.648077 0.106322 0.65 0.106322 0.651923 0.110632 0.657692 0.116379 0.657692 0.117816 0.655769 0.119253 0.655769 0.123563 0.65 0.123563 0.646154 0.125 0.644231 0.125 0.619231 0.110632 0.6
0 0.0646552 0.676923 0.0632184 0.678846 0.0632184 0.680769 0.0617816 0.682692 0.0617816 0.692308 0.0603448 0.694231 0.0603448 0.705769 0.0632184 0.709615 0.0632184 0.719231 0.0646552 0.721154 0.0646552 0.725 0.066092 0.726923 0.066092 0.728846 0.0704023 0.734615 0.0747126 0.734615 0.079023 0.728846 0.079023 0.726923 0.0804598 0.725 0.0804598 0.698077 0.079023 0.696154 0.079023 0.690385 0.0775862 0.688462 0.0775862 0.684615 0.0747126 0.680769 0.0747126 0.678846 0.0732759 0.676923
0 0.435345 0.630769 0.432471 0.634615 0.431034 0.634615 0.426724 0.640385 0.426724 0.642308 0.425287 0.644231 0.425287 0.646154 0.423851 0.648077 0.423851 0.665385 0.425287 0.667308 0.425287 0.669231 0.426724 0.671154 0.426724 0.673077 0.428161 0.675 0.428161 0.676923 0.429598 0.678846 0.429598 0.680769 0.432471 0.684615 0.441092 0.684615 0.442529 0.682692 0.443966 0.682692 0.448276 0.676923 0.448276 0.669231 0.449713 0.667308 0.449713 0.661538 0.451149 0.659615 0.451149 0.657692 0.452586 0.655769 0.452586 0.638462 0.448276 0.632692 0.446839 0.632692 0.445402 0.630769
0 0.045977 0.694231 0.0445402 0.696154 0.0431034 0.696154 0.0387931 0.701923 0.0387931 0.703846 0.0373563 0.705769 0.0373563 0.707692 0.0359195 0.709615 0.0359195 0.75 0.0387931 0.753846 0.0402299 0.753846 0.0416667 0.755769 0.0502874 0.755769 0.0517241 0.753846 0.0531609 0.753846 0.0560345 0.75 0.0560345 0.748077 0.0574713 0.746154 0.0574713 0.742308 0.058908 0.740385 0.058908 0.694231 0.0574713 0.694231 0.0560345 0.696154 0.0517241 0.696154 0.0502874 0.694231
0 0.00143678 0.476923 0 0.478846 0 0.505769 0.00574713 0.505769 0.00718391 0.503846 0.012931 0.503846 0.0143678 0.501923 0.0172414 0.501923 0.0229885 0.494231 0.0229885 0.482692 0.0186782 0.476923
0 0.281609 0.0442308 0.280172 0.0461538 0.278736 0.0461538 0.272989 0.0538462 0.272989 0.0557692 0.271552 0.0576923 0.271552 0.0615385 0.270115 0.0634615 0.270115 0.0673077 0.268678 0.0692308 0.268678 0.0730769 0.267241 0.075 0.267241 0.0826923 0.265805 0.0846154 0.265805 0.0884615 0.267241 0.0903846 0.267241 0.0942308 0.271552 0.1 0.280172 0.1 0.281609 0.0980769 0.283046 0.0980769 0.288793 0.0903846 0.288793 0.0884615 0.291667 0.0846154 0.291667 0.0769231 0.293103 0.075 0.293103 0.0519231 0.291667 0.05 0.291667 0.0480769 0.29023 0.0461538 0.288793 0.0461538 0.287356 0.0442308
0 0.614943 0.0326923 0.613506 0.0346154 0.610632 0.0346154 0.607759 0.0384615 0.607759 0.0403846 0.606322 0.0423077 0.606322 0.0538462 0.607759 0.0557692 0.607759 0.0576923 0.609195 0.0596154 0.610632 0.0596154 0.612069 0.0615385 0.613506 0.0615385 0.617816 0.0673077 0.619253 0.0673077 0.62069 0.0692308 0.622126 0.0692308 0.623563 0.0711538 0.62931 0.0711538 0.630747 0.0730769 0.640805 0.0730769 0.642241 0.0711538 0.645115 0.0711538 0.646552 0.0692308 0.646552 0.0576923 0.645115 0.0557692 0.645115 0.0538462 0.639368 0.0461538 0.637931 0.0461538 0.633621 0.0403846 0.632184 0.0403846 0.630747 0.0384615 0.62931 0.0384615 0.627874 0.0365385 0.626437 0.0365385 0.625 0.0346154 0.622126 0.0346154 0.62069 0.0326923
0 0 0.126923 0 0.176923 0.00574713 0.176923 0.00862069 0.173077 0.00862069 0.169231 0.0100575 0.167308 0.0100575 0.140385 0.00862069 0.138462 0.00862069 0.136538 0.00143678 0.126923
0 0.557471 0.567308 0.556034 0.569231 0.553161 0.569231 0.547414 0.576923 0.547414 0.586538 0.545977 0.588462 0.545977 0.592308 0.547414 0.594231 0.547414 0.598077 0.550287 0.601923 0.553161 0.601923 0.556034 0.605769 0.561782 0.605769 0.563218 0.607692 0.568966 0.607692 0.570402 0.605769 0.577586 0.605769 0.579023 0.603846 0.581897 0.603846 0.586207 0.598077 0.586207 0.596154 0.587644 0.594231 0.587644 0.582692 0.586207 0.580769 0.586207 0.578846 0.58477 0.576923 0.58477 0.575 0.581897 0.571154 0.58046 0.571154 0.579023 0.569231 0.577586 0.569231 0.576149 0.567308
0 0.0948276 0.0307692 0.0933908 0.0326923 0.0933908 0.0346154 0.091954 0.0365385 0.091954 0.0384615 0.0876437 0.0442308 0.0862069 0.0442308 0.0804598 0.0519231 0.0804598 0.0557692 0.0818966 0.0576923 0.0818966 0.0615385 0.0847701 0.0653846 0.0933908 0.0653846 0.0962644 0.0615385 0.0962644 0.0538462 0.0977011 0.0519231 0.0977011 0.0480769 0.0991379 0.0461538 0.0991379 0.0442308 0.102011 0.0403846 0.103448 0.0403846 0.104885 0.0384615 0.104885 0.0365385 0.106322 0.0346154 0.106322 0.0326923 0.104885 0.0307692
0 0.333333 0 0.33477 0 0.336207 0.00192308 0.337644 0.00192308 0.33908 0.00384615 0.340517 0.00384615 0.341954 0.00576923 0.344828 0.00576923 0.346264 0.00769231 0.349138 0.00769231 0.350575 0.00961538 0.352011 0.00961538 0.353448 0.0115385 0.364943 0.0115385 0.37069 0.00384615 0.37069 0
0 0.497126 0.582692 0.491379 0.590385 0.491379 0.603846 0.498563 0.613462 0.5 0.613462 0.501437 0.615385 0.50431 0.615385 0.505747 0.617308 0.508621 0.617308 0.510057 0.619231 0.511494 0.619231 0.512931 0.621154 0.517241 0.621154 0.518678 0.623077 0.522989 0.623077 0.524425 0.621154 0.527299 0.621154 0.531609 0.615385 0.531609 0.613462 0.533046 0.611538 0.533046 0.605769 0.531609 0.603846 0.531609 0.598077 0.530172 0.596154 0.530172 0.594231 0.524425 0.586538 0.522989 0.586538 0.521552 0.584615 0.517241 0.584615 0.515805 0.582692
0 0.247126 0.180769 0.24569 0.182692 0.241379 0.182692 0.239943 0.184615 0.238506 0.184615 0.235632 0.188462 0.235632 0.196154 0.234195 0.198077 0.234195 0.201923 0.235632 0.203846 0.235632 0.205769 0.238506 0.209615 0.238506 0.211538 0.241379 0.215385 0.242816 0.215385 0.244253 0.217308 0.24569 0.217308 0.247126 0.219231 0.248563 0.219231 0.25 0.221154 0.252874 0.221154 0.25431 0.223077 0.260057 0.223077 0.261494 0.225 0.264368 0.225 0.265805 0.223077 0.270115 0.223077 0.274425 0.217308 0.275862 0.217308 0.277299 0.215385 0.277299 0.211538 0.278736 0.209615 0.278736 0.201923 0.270115 0.190385 0.268678 0.190385 0.264368 0.184615 0.262931 0.184615 0.261494 0.182692 0.255747 0.182692 0.25431 0.180769
0 0.5 0.444231 0.498563 0.446154 0.49569 0.446154 0.494253 0.448077 0.491379 0.448077 0.489943 0.45 0.488506 0.45 0.487069 0.451923 0.485632 0.451923 0.484195 0.453846 0.482759 0.453846 0.478448 0.459615 0.478448 0.461538 0.474138 0.467308 0.474138 0.469231 0.472701 0.471154 0.472701 0.473077 0.471264 0.475 0.471264 0.484615 0.474138 0.488462 0.475575 0.488462 0.477011 0.490385 0.481322 0.490385 0.482759 0.488462 0.487069 0.488462 0.488506 0.486538 0.491379 0.486538 0.494253 0.482692 0.49569 0.482692 0.497126 0.480769 0.5 0.480769 0.501437 0.478846 0.502874 0.478846 0.508621 0.471154 0.508621 0.469231 0.510057 0.467308 0.510057 0.457692 0.511494 0.455769 0.511494 0.453846 0.510057 0.451923 0.510057 0.45 0.507184 0.446154 0.505747 0.446154 0.50431 0.444231
0 0.363506 0.342308 0.362069 0.344231 0.359195 0.344231 0.357759 0.346154 0.356322 0.346154 0.354885 0.348077 0.354885 0.35 0.353448 0.351923 0.353448 0.353846 0.352011 0.355769 0.352011 0.365385 0.363506 0.380769 0.364943 0.380769 0.366379 0.382692 0.369253 0.382692 0.37069 0.384615 0.386494 0.384615 0.392241 0.376923 0.392241 0.375 0.393678 0.373077 0.393678 0.365385 0.392241 0.363462 0.392241 0.359615 0.389368 0.355769 0.389368 0.353846 0.385057 0.348077 0.383621 0.348077 0.382184 0.346154 0.380747 0.346154 0.37931 0.344231 0.376437 0.344231 0.375 0.342308
0 0.742816 0.776923 0.741379 0.778846 0.739943 0.778846 0.737069 0.782692 0.737069 0.792308 0.742816 0.8 0.744253 0.8 0.748563 0.805769 0.75 0.805769 0.751437 0.807692 0.752874 0.807692 0.755747 0.811538 0.758621 0.811538 0.760057 0.813462 0.771552 0.813462 0.772989 0.815385 0.778736 0.815385 0.780172 0.813462 0.781609 0.813462 0.784483 0.809615 0.784483 0.807692 0.78592 0.805769 0.78592 0.794231 0.784483 0.792308 0.784483 0.790385 0.777299 0.780769 0.775862 0.780769 0.774425 0.778846 0.770115 0.778846 0.768678 0.776923
0 0.321839 0.159615 0.320402 0.161538 0.316092 0.161538 0.311782 0.167308 0.311782 0.176923 0.321839 0.190385 0.324713 0.190385 0.326149 0.192308 0.329023 0.192308 0.33046 0.194231 0.343391 0.194231 0.350575 0.184615 0.350575 0.182692 0.352011 0.180769 0.352011 0.175 0.350575 0.173077 0.350575 0.171154 0.346264 0.165385 0.344828 0.165385 0.341954 0.161538 0.33908 0.161538 0.337644 0.159615
0 0.58908 0.0557692 0.587644 0.0576923 0.586207 0.0576923 0.583333 0.0615385 0.583333 0.0711538 0.58477 0.0730769 0.58477 0.0769231 0.587644 0.0807692 0.587644 0.0826923 0.58908 0.0846154 0.58908 0.0884615 0.590517 0.0903846 0.590517 0.0923077 0.593391 0.0961538 0.593391 0.0980769 0.596264 0.101923 0.599138 0.101923 0.600575 0.103846 0.609195 0.103846 0.610632 0.101923 0.612069 0.101923 0.616379 0.0961538 0.616379 0.0942308 0.617816 0.0923077 0.617816 0.0730769 0.616379 0.0711538 0.616379 0.0673077 0.613506 0.0634615 0.612069 0.0634615 0.610632 0.0615385 0.606322 0.0615385 0.604885 0.0596154 0.602011 0.0596154 0.600575 0.0576923 0.597701 0.0576923 0.596264 0.0557692
0 0.997126 0.244231 0.99569 0.246154 0.992816 0.246154 0.987069 0.253846 0.987069 0.255769 0.985632 0.257692 0.985632 0.263462 0.988506 0.267308 0.988506 0.271154 0.989943 0.273077 0.989943 0.275 0.994253 0.280769 0.994253 0.282692 0.99569 0.284615 0.998563 0.284615 0.998563 0.244231
0 0.908046 0.00192308 0.906609 0.00384615 0.905172 0.00384615 0.903736 0.00576923 0.903736 0.00961538 0.902299 0.0115385 0.902299 0.0211538 0.903736 0.0230769 0.903736 0.0288462 0.906609 0.0326923 0.906609 0.0346154 0.908046 0.0365385 0.908046 0.0384615 0.912356 0.0442308 0.913793 0.0442308 0.916667 0.0480769 0.923851 0.0480769 0.925287 0.0461538 0.926724 0.0461538 0.928161 0.0442308 0.929598 0.0442308 0.931034 0.0423077 0.931034 0.0403846 0.932471 0.0384615 0.932471 0.0230769 0.931034 0.0211538 0.931034 0.0192308 0.929598 0.0173077 0.929598 0.0153846 0.920977 0.00384615 0.91954 0.00384615 0.918103 0.00192308
