0 0.566406 0.65625 0.5625 0.660156 0.558594 0.660156 0.550781 0.667969 0.550781 0.671875 0.542969 0.679688 0.542969 0.699219 0.554688 0.710938 0.574219 0.710938 0.578125 0.707031 0.578125 0.703125 0.582031 0.699219 0.582031 0.691406 0.585938 0.6875 0.585938 0.664062 0.578125 0.65625
0 0.878906 0.519531 0.875 0.523438 0.859375 0.523438 0.855469 0.527344 0.851562 0.527344 0.84375 0.535156 0.839844 0.535156 0.835938 0.539062 0.835938 0.554688 0.839844 0.558594 0.839844 0.5625 0.855469 0.578125 0.867188 0.578125 0.878906 0.566406 0.882812 0.566406 0.882812 0.5625 0.890625 0.554688 0.890625 0.550781 0.894531 0.546875 0.894531 0.53125 0.890625 0.527344 0.890625 0.523438 0.886719 0.523438 0.882812 0.519531
0 0.660156 0.015625 0.660156 0.0273438 0.664062 0.03125 0.671875 0.03125 0.675781 0.0273438 0.675781 0.0195312 0.671875 0.015625
0 0.324219 0.246094 0.316406 0.253906 0.316406 0.273438 0.324219 0.28125 0.328125 0.28125 0.332031 0.285156 0.335938 0.285156 0.339844 0.28125 0.34375 0.28125 0.347656 0.277344 0.347656 0.269531 0.351562 0.265625 0.351562 0.257812 0.347656 0.253906 0.347656 0.25 0.34375 0.246094
0 0.179688 0.417969 0.171875 0.425781 0.171875 0.429688 0.167969 0.433594 0.167969 0.441406 0.175781 0.449219 0.179688 0.449219 0.183594 0.453125 0.199219 0.453125 0.203125 0.449219 0.207031 0.449219 0.210938 0.445312 0.210938 0.425781 0.207031 0.421875 0.203125 0.421875 0.199219 0.417969
0 0.59375 0.101562 0.589844 0.105469 0.585938 0.105469 0.582031 0.109375 0.574219 0.109375 0.570312 0.113281 0.570312 0.136719 0.578125 0.144531 0.597656 0.144531 0.601562 0.140625 0.605469 0.140625 0.609375 0.136719 0.609375 0.117188 0.613281 0.113281 0.613281 0.105469 0.609375 0.101562
0 0.992188 0.371094 0.988281 0.375 0.988281 0.378906 0.980469 0.386719 0.980469 0.390625 0.976562 0.394531 0.980469 0.398438 0.976562 0.402344 0.976562 0.40625 0.972656 0.410156 0.976562 0.414062 0.976562 0.417969 0.980469 0.421875 0.980469 0.429688 0.984375 0.429688 0.992188 0.4375 0.996094 0.4375 0.996094 0.371094
0 0.148438 0.632812 0.144531 0.636719 0.144531 0.648438 0.148438 0.652344 0.148438 0.65625 0.152344 0.65625 0.15625 0.660156 0.164062 0.660156 0.171875 0.652344 0.171875 0.636719 0.167969 0.632812
0 0.6875 0.582031 0.683594 0.585938 0.675781 0.585938 0.671875 0.589844 0.667969 0.589844 0.664062 0.59375 0.65625 0.59375 0.648438 0.601562 0.648438 0.617188 0.652344 0.621094 0.675781 0.621094 0.679688 0.617188 0.6875 0.617188 0.691406 0.613281 0.695312 0.613281 0.703125 0.605469 0.703125 0.597656 0.707031 0.59375 0.707031 0.585938 0.703125 0.582031
0 0.773438 0.171875 0.769531 0.175781 0.765625 0.175781 0.75 0.191406 0.753906 0.195312 0.753906 0.199219 0.761719 0.207031 0.785156 0.207031 0.792969 0.199219 0.792969 0.179688 0.785156 0.171875
0 0.632812 0.492188 0.625 0.5 0.621094 0.5 0.621094 0.515625 0.625 0.519531 0.625 0.523438 0.628906 0.527344 0.628906 0.53125 0.632812 0.535156 0.632812 0.550781 0.636719 0.554688 0.652344 0.554688 0.65625 0.550781 0.65625 0.546875 0.660156 0.542969 0.660156 0.519531 0.65625 0.515625 0.65625 0.507812 0.652344 0.503906 0.652344 0.496094 0.648438 0.492188
0 0.671875 0.539062 0.667969 0.542969 0.667969 0.546875 0.65625 0.558594 0.652344 0.558594 0.652344 0.5625 0.648438 0.566406 0.644531 0.566406 0.640625 0.570312 0.640625 0.582031 0.644531 0.585938 0.648438 0.585938 0.652344 0.589844 0.664062 0.589844 0.667969 0.585938 0.671875 0.585938 0.675781 0.582031 0.679688 0.582031 0.6875 0.574219 0.691406 0.574219 0.695312 0.570312 0.695312 0.566406 0.699219 0.5625 0.699219 0.550781 0.695312 0.546875 0.695312 0.542969 0.691406 0.539062
0 0.582031 0.0625 0.578125 0.0664062 0.574219 0.0664062 0.570312 0.0703125 0.570312 0.0742188 0.566406 0.078125 0.566406 0.0820312 0.5625 0.0859375 0.5625 0.101562 0.566406 0.105469 0.582031 0.105469 0.585938 0.101562 0.589844 0.101562 0.601562 0.0898438 0.601562 0.078125 0.605469 0.0742188 0.597656 0.0664062 0.59375 0.0664062 0.589844 0.0625
0 0.761719 0.828125 0.757812 0.832031 0.753906 0.832031 0.753906 0.835938 0.75 0.839844 0.75 0.851562 0.757812 0.859375 0.765625 0.859375 0.769531 0.855469 0.773438 0.855469 0.777344 0.851562 0.777344 0.839844 0.773438 0.835938 0.773438 0.832031 0.769531 0.828125
0 0.347656 0.359375 0.34375 0.363281 0.339844 0.363281 0.335938 0.367188 0.332031 0.367188 0.324219 0.375 0.324219 0.378906 0.320312 0.382812 0.320312 0.394531 0.324219 0.398438 0.328125 0.398438 0.332031 0.402344 0.335938 0.398438 0.363281 0.398438 0.367188 0.394531 0.371094 0.394531 0.375 0.390625 0.375 0.386719 0.378906 0.382812 0.378906 0.367188 0.371094 0.359375
