0 0.832031 0.484375 0.824219 0.492188 0.824219 0.5 0.828125 0.503906 0.839844 0.503906 0.847656 0.496094 0.847656 0.488281 0.84375 0.484375
0 0.90625 0.453125 0.894531 0.464844 0.894531 0.480469 0.898438 0.484375 0.902344 0.484375 0.90625 0.488281 0.917969 0.488281 0.925781 0.480469 0.925781 0.460938 0.917969 0.453125
0 0.871094 0.375 0.867188 0.378906 0.867188 0.382812 0.863281 0.386719 0.863281 0.390625 0.867188 0.394531 0.875 0.394531 0.878906 0.398438 0.898438 0.398438 0.902344 0.394531 0.902344 0.390625 0.886719 0.375
0 0.460938 0.910156 0.453125 0.917969 0.453125 0.9375 0.460938 0.945312 0.476562 0.945312 0.480469 0.941406 0.480469 0.933594 0.472656 0.925781 0.472656 0.914062 0.46875 0.910156
0 0.765625 0.960938 0.761719 0.964844 0.761719 0.96875 0.757812 0.972656 0.757812 0.980469 0.765625 0.988281 0.777344 0.988281 0.78125 0.984375 0.78125 0.964844 0.777344 0.960938
0 0.890625 0.417969 0.882812 0.425781 0.882812 0.429688 0.878906 0.433594 0.878906 0.4375 0.886719 0.445312 0.890625 0.445312 0.898438 0.453125 0.902344 0.453125 0.90625 0.449219 0.914062 0.449219 0.914062 0.429688 0.910156 0.425781 0.90625 0.425781 0.898438 0.417969
0 0.0078125 0.546875 0 0.554688 0 0.582031 0.00390625 0.585938 0.0078125 0.585938 0.015625 0.578125 0.015625 0.574219 0.0234375 0.566406 0.0234375 0.558594 0.0195312 0.554688 0.0195312 0.550781 0.015625 0.546875
0 0.910156 0.984375 0.90625 0.988281 0.90625 0.996094 0.945312 0.996094 0.945312 0.988281 0.941406 0.984375
0 0.132812 0.914062 0.128906 0.917969 0.125 0.917969 0.113281 0.929688 0.113281 0.945312 0.117188 0.949219 0.136719 0.949219 0.148438 0.9375 0.148438 0.917969 0.144531 0.914062
0 0.0859375 0.765625 0.078125 0.773438 0.078125 0.78125 0.0898438 0.792969 0.105469 0.792969 0.113281 0.785156 0.113281 0.78125 0.109375 0.777344 0.109375 0.773438 0.105469 0.769531 0.101562 0.769531 0.0976562 0.765625
0 0.988281 0.605469 0.984375 0.609375 0.984375 0.613281 0.980469 0.617188 0.980469 0.625 0.976562 0.628906 0.976562 0.640625 0.980469 0.644531 0.984375 0.644531 0.992188 0.652344 0.996094 0.652344 0.996094 0.605469
0 0.832031 0.425781 0.828125 0.429688 0.820312 0.429688 0.816406 0.433594 0.816406 0.441406 0.824219 0.449219 0.828125 0.449219 0.832031 0.445312 0.84375 0.445312 0.847656 0.441406 0.847656 0.429688 0.84375 0.425781
0 0.484375 0.90625 0.476562 0.914062 0.476562 0.925781 0.484375 0.933594 0.484375 0.941406 0.5 0.941406 0.507812 0.933594 0.507812 0.914062 0.5 0.90625
0 0.941406 0.421875 0.9375 0.425781 0.9375 0.433594 0.941406 0.4375 0.945312 0.4375 0.949219 0.441406 0.964844 0.441406 0.96875 0.4375 0.96875 0.429688 0.960938 0.421875
