0 0.113281 0.394531 0.113281 0.40625 0.105469 0.414062 0.105469 0.421875 0.101562 0.425781 0.101562 0.429688 0.0976562 0.433594 0.0976562 0.445312 0.09375 0.449219 0.09375 0.464844 0.0976562 0.46875 0.105469 0.46875 0.109375 0.472656 0.121094 0.472656 0.125 0.476562 0.128906 0.476562 0.132812 0.480469 0.148438 0.480469 0.152344 0.476562 0.15625 0.476562 0.167969 0.464844 0.167969 0.460938 0.175781 0.453125 0.175781 0.417969 0.167969 0.410156 0.167969 0.40625 0.160156 0.398438 0.144531 0.398438 0.140625 0.394531 0.136719 0.398438 0.121094 0.398438 0.117188 0.394531
0 0.109375 0.316406 0.105469 0.320312 0.101562 0.320312 0.0820312 0.339844 0.0820312 0.371094 0.0859375 0.375 0.0898438 0.375 0.0976562 0.382812 0.101562 0.382812 0.109375 0.390625 0.117188 0.390625 0.121094 0.394531 0.136719 0.394531 0.167969 0.363281 0.167969 0.355469 0.160156 0.347656 0.160156 0.339844 0.152344 0.332031 0.152344 0.324219 0.148438 0.320312 0.144531 0.320312 0.140625 0.316406
0 0.296875 0.339844 0.292969 0.34375 0.285156 0.34375 0.28125 0.347656 0.277344 0.347656 0.273438 0.351562 0.269531 0.351562 0.25 0.371094 0.25 0.375 0.246094 0.378906 0.246094 0.390625 0.25 0.394531 0.25 0.398438 0.257812 0.40625 0.257812 0.410156 0.269531 0.421875 0.277344 0.421875 0.28125 0.417969 0.300781 0.417969 0.304688 0.414062 0.3125 0.414062 0.316406 0.410156 0.320312 0.410156 0.332031 0.398438 0.332031 0.394531 0.335938 0.390625 0.335938 0.375 0.339844 0.371094 0.339844 0.347656 0.335938 0.347656 0.332031 0.34375 0.324219 0.34375 0.320312 0.339844
0 0.496094 0.78125 0.492188 0.785156 0.488281 0.785156 0.484375 0.789062 0.480469 0.789062 0.46875 0.800781 0.46875 0.804688 0.464844 0.808594 0.464844 0.8125 0.460938 0.816406 0.460938 0.855469 0.464844 0.859375 0.464844 0.863281 0.46875 0.867188 0.46875 0.871094 0.480469 0.882812 0.484375 0.882812 0.488281 0.886719 0.496094 0.886719 0.5 0.890625 0.535156 0.890625 0.542969 0.882812 0.546875 0.882812 0.558594 0.871094 0.558594 0.867188 0.566406 0.859375 0.566406 0.855469 0.570312 0.851562 0.570312 0.820312 0.566406 0.816406 0.566406 0.8125 0.5625 0.808594 0.5625 0.804688 0.550781 0.792969 0.546875 0.792969 0.539062 0.785156 0.53125 0.785156 0.527344 0.78125
0 0.140625 0.109375 0.136719 0.113281 0.132812 0.113281 0.121094 0.125 0.121094 0.128906 0.117188 0.132812 0.117188 0.136719 0.113281 0.140625 0.113281 0.148438 0.109375 0.152344 0.109375 0.167969 0.113281 0.171875 0.113281 0.179688 0.121094 0.1875 0.121094 0.191406 0.125 0.195312 0.128906 0.195312 0.132812 0.199219 0.136719 0.199219 0.140625 0.203125 0.179688 0.203125 0.183594 0.199219 0.1875 0.199219 0.199219 0.1875 0.199219 0.183594 0.203125 0.179688 0.203125 0.171875 0.207031 0.167969 0.207031 0.148438 0.203125 0.144531 0.203125 0.136719 0.199219 0.132812 0.199219 0.128906 0.195312 0.128906 0.183594 0.117188 0.179688 0.117188 0.175781 0.113281 0.171875 0.113281 0.167969 0.109375
0 0.707031 0 0.707031 0.00390625 0.714844 0.0117188 0.714844 0.0195312 0.71875 0.0234375 0.734375 0.0234375 0.742188 0.03125 0.746094 0.03125 0.75 0.0351562 0.769531 0.0351562 0.777344 0.0273438 0.789062 0.0273438 0.792969 0.0234375 0.792969 0.0195312 0.800781 0.0117188 0.800781 0.00390625 0.796875 0
0 0.136719 0.507812 0.132812 0.511719 0.128906 0.511719 0.117188 0.523438 0.117188 0.527344 0.113281 0.53125 0.113281 0.535156 0.109375 0.539062 0.109375 0.546875 0.105469 0.550781 0.105469 0.597656 0.109375 0.601562 0.109375 0.605469 0.117188 0.613281 0.121094 0.613281 0.125 0.617188 0.160156 0.617188 0.164062 0.613281 0.167969 0.613281 0.191406 0.589844 0.191406 0.585938 0.195312 0.582031 0.195312 0.558594 0.191406 0.554688 0.191406 0.546875 0.1875 0.542969 0.1875 0.539062 0.179688 0.53125 0.179688 0.527344 0.164062 0.511719 0.160156 0.511719 0.15625 0.507812
0 0.308594 0.0976562 0.304688 0.101562 0.292969 0.101562 0.289062 0.105469 0.285156 0.105469 0.269531 0.121094 0.269531 0.125 0.265625 0.128906 0.265625 0.160156 0.269531 0.164062 0.269531 0.167969 0.277344 0.175781 0.277344 0.179688 0.289062 0.191406 0.292969 0.191406 0.296875 0.195312 0.324219 0.195312 0.328125 0.191406 0.332031 0.191406 0.339844 0.183594 0.34375 0.183594 0.351562 0.175781 0.351562 0.171875 0.355469 0.167969 0.355469 0.164062 0.359375 0.160156 0.359375 0.132812 0.355469 0.128906 0.355469 0.125 0.351562 0.121094 0.351562 0.117188 0.339844 0.105469 0.335938 0.105469 0.332031 0.101562 0.328125 0.101562 0.324219 0.0976562
0 0.65625 0.503906 0.652344 0.507812 0.648438 0.507812 0.644531 0.511719 0.640625 0.511719 0.636719 0.515625 0.636719 0.519531 0.632812 0.523438 0.632812 0.527344 0.628906 0.53125 0.628906 0.558594 0.632812 0.5625 0.632812 0.566406 0.640625 0.574219 0.640625 0.578125 0.644531 0.578125 0.652344 0.585938 0.65625 0.585938 0.660156 0.589844 0.6875 0.589844 0.691406 0.585938 0.699219 0.585938 0.710938 0.574219 0.710938 0.570312 0.714844 0.566406 0.714844 0.554688 0.710938 0.550781 0.710938 0.539062 0.707031 0.535156 0.707031 0.53125 0.699219 0.523438 0.699219 0.519531 0.691406 0.511719 0.6875 0.511719 0.683594 0.507812 0.679688 0.507812 0.675781 0.503906
0 0.015625 0.164062 0.0117188 0.167969 0 0.167969 0 0.226562 0.00390625 0.230469 0.0078125 0.230469 0.0117188 0.234375 0.015625 0.234375 0.0195312 0.238281 0.0234375 0.238281 0.03125 0.230469 0.0351562 0.230469 0.0390625 0.226562 0.0429688 0.226562 0.046875 0.222656 0.0546875 0.222656 0.0585938 0.21875 0.0625 0.21875 0.0703125 0.210938 0.0742188 0.210938 0.078125 0.207031 0.078125 0.203125 0.0742188 0.199219 0.0742188 0.195312 0.0703125 0.191406 0.0703125 0.1875 0.0546875 0.171875 0.0507812 0.171875 0.046875 0.167969 0.0351562 0.167969 0.03125 0.164062
0 0.257812 0.4375 0.25 0.445312 0.242188 0.445312 0.230469 0.457031 0.230469 0.472656 0.234375 0.476562 0.234375 0.480469 0.238281 0.484375 0.238281 0.488281 0.246094 0.496094 0.246094 0.5 0.25 0.503906 0.253906 0.503906 0.261719 0.511719 0.265625 0.511719 0.269531 0.515625 0.277344 0.515625 0.28125 0.519531 0.285156 0.519531 0.289062 0.523438 0.292969 0.523438 0.296875 0.527344 0.300781 0.527344 0.304688 0.53125 0.351562 0.53125 0.359375 0.523438 0.363281 0.523438 0.371094 0.515625 0.371094 0.484375 0.367188 0.480469 0.367188 0.472656 0.363281 0.46875 0.363281 0.464844 0.359375 0.460938 0.359375 0.457031 0.347656 0.445312 0.347656 0.441406 0.34375 0.4375
0 0.328125 0.511719 0.332031 0.507812 0.335938 0.511719 0.332031 0.515625
0 0.0429688 0.851562 0.0390625 0.855469 0.03125 0.855469 0.0234375 0.863281 0.0234375 0.867188 0 0.890625 0 0.964844 0.00390625 0.96875 0.00390625 0.972656 0.0078125 0.976562 0.0078125 0.980469 0.0117188 0.980469 0.015625 0.976562 0.0195312 0.980469 0.0195312 0.996094 0.101562 0.996094 0.0742188 0.96875 0.0664062 0.96875 0.0625 0.964844 0.0507812 0.964844 0.046875 0.96875 0.0390625 0.96875 0.0351562 0.964844 0.046875 0.953125 0.0507812 0.953125 0.0546875 0.949219 0.0546875 0.945312 0.0625 0.9375 0.0625 0.933594 0.0703125 0.925781 0.0703125 0.921875 0.0742188 0.917969 0.0742188 0.90625 0.0703125 0.902344 0.0703125 0.894531 0.0429688 0.867188
0 0.015625 0.976562 0.0195312 0.972656 0.0234375 0.976562 0.0195312 0.980469
0 0.0195312 0.972656 0.0234375 0.96875 0.0273438 0.96875 0.03125 0.972656 0.0273438 0.976562 0.0234375 0.976562
0 0.03125 0.96875 0.0351562 0.964844 0.0390625 0.96875 0.0351562 0.972656
0 0.261719 0 0.261719 0.00390625 0.257812 0.0078125 0.257812 0.015625 0.253906 0.0195312 0.253906 0.0234375 0.257812 0.0273438 0.257812 0.0390625 0.277344 0.0585938 0.285156 0.0585938 0.289062 0.0625 0.3125 0.0625 0.316406 0.0585938 0.320312 0.0585938 0.328125 0.0507812 0.328125 0.046875 0.332031 0.0429688 0.332031 0.0195312 0.328125 0.015625 0.328125 0.0117188 0.324219 0.0078125 0.324219 0.00390625 0.320312 0
0 0.640625 0 0.640625 0.00390625 0.609375 0.0351562 0.609375 0.0429688 0.605469 0.046875 0.609375 0.0507812 0.609375 0.0585938 0.613281 0.0625 0.617188 0.0625 0.644531 0.0898438 0.648438 0.0898438 0.65625 0.0976562 0.691406 0.0976562 0.695312 0.09375 0.699219 0.09375 0.703125 0.0898438 0.726562 0.0898438 0.726562 0.0859375 0.742188 0.0703125 0.742188 0.0546875 0.746094 0.0507812 0.746094 0.046875 0.742188 0.0429688 0.742188 0.0390625 0.738281 0.0351562 0.726562 0.0351562 0.722656 0.03125 0.71875 0.03125 0.714844 0.0273438 0.710938 0.0273438 0.707031 0.0234375 0.703125 0.0234375 0.699219 0.0195312 0.6875 0.0195312 0.683594 0.015625 0.675781 0.015625 0.671875 0.0117188 0.664062 0.0117188 0.65625 0.00390625 0.65625 0
0 0.0351562 0.398438 0.0078125 0.425781 0.0078125 0.433594 0.0117188 0.4375 0.0117188 0.453125 0.015625 0.457031 0.015625 0.460938 0.0195312 0.464844 0.0195312 0.46875 0.0273438 0.476562 0.03125 0.476562 0.0351562 0.480469 0.0390625 0.480469 0.0429688 0.484375 0.0703125 0.484375 0.0742188 0.480469 0.078125 0.480469 0.078125 0.460938 0.0859375 0.453125 0.0859375 0.414062 0.078125 0.40625 0.0546875 0.40625 0.0507812 0.402344 0.0429688 0.402344 0.0390625 0.398438
0 0.375 0.226562 0.371094 0.230469 0.359375 0.230469 0.355469 0.234375 0.351562 0.234375 0.347656 0.238281 0.34375 0.238281 0.328125 0.253906 0.328125 0.257812 0.324219 0.261719 0.324219 0.289062 0.328125 0.292969 0.328125 0.300781 0.335938 0.308594 0.335938 0.3125 0.34375 0.320312 0.34375 0.324219 0.347656 0.328125 0.355469 0.328125 0.363281 0.335938 0.367188 0.335938 0.371094 0.339844 0.398438 0.339844 0.40625 0.332031 0.410156 0.332031 0.421875 0.320312 0.421875 0.316406 0.433594 0.304688 0.433594 0.269531 0.429688 0.265625 0.429688 0.261719 0.425781 0.257812 0.425781 0.253906 0.410156 0.238281 0.40625 0.238281 0.402344 0.234375 0.398438 0.234375 0.394531 0.230469 0.382812 0.230469 0.378906 0.226562
0 0.203125 0.0390625 0.199219 0.0429688 0.195312 0.0429688 0.191406 0.046875 0.1875 0.046875 0.179688 0.0546875 0.179688 0.0585938 0.175781 0.0625 0.175781 0.0664062 0.171875 0.0703125 0.171875 0.078125 0.175781 0.0820312 0.175781 0.0859375 0.179688 0.0859375 0.183594 0.0898438 0.1875 0.0898438 0.191406 0.09375 0.195312 0.09375 0.199219 0.0976562 0.203125 0.0976562 0.21875 0.113281 0.222656 0.109375 0.230469 0.109375 0.246094 0.09375 0.246094 0.0898438 0.25 0.0859375 0.25 0.0585938 0.246094 0.0546875 0.246094 0.0507812 0.242188 0.046875 0.238281 0.046875 0.234375 0.0429688 0.230469 0.0429688 0.226562 0.0390625
0 0 0.335938 0 0.40625 0.00390625 0.402344 0.00390625 0.390625 0.0078125 0.386719 0.0078125 0.382812 0.0117188 0.378906 0.0117188 0.375 0.015625 0.371094 0.015625 0.351562 0.0117188 0.347656 0.0117188 0.34375 0.0078125 0.339844 0.00390625 0.339844
0 0.382812 0.597656 0.378906 0.601562 0.375 0.601562 0.371094 0.605469 0.367188 0.605469 0.355469 0.617188 0.359375 0.621094 0.359375 0.628906 0.351562 0.636719 0.351562 0.65625 0.367188 0.671875 0.371094 0.671875 0.375 0.675781 0.382812 0.675781 0.386719 0.679688 0.394531 0.679688 0.398438 0.683594 0.421875 0.683594 0.425781 0.679688 0.429688 0.679688 0.4375 0.671875 0.4375 0.667969 0.441406 0.664062 0.441406 0.660156 0.445312 0.65625 0.445312 0.628906 0.441406 0.625 0.441406 0.621094 0.421875 0.601562 0.414062 0.601562 0.410156 0.597656
0 0.132812 0.871094 0.128906 0.875 0.125 0.875 0.121094 0.878906 0.117188 0.878906 0.113281 0.882812 0.113281 0.886719 0.0976562 0.902344 0.0976562 0.957031 0.105469 0.964844 0.105469 0.96875 0.113281 0.976562 0.113281 0.980469 0.117188 0.984375 0.121094 0.984375 0.125 0.988281 0.148438 0.988281 0.152344 0.984375 0.15625 0.984375 0.167969 0.972656 0.167969 0.953125 0.175781 0.945312 0.175781 0.894531 0.152344 0.871094
0 0.539062 0.914062 0.535156 0.917969 0.53125 0.917969 0.527344 0.921875 0.527344 0.925781 0.519531 0.933594 0.519531 0.996094 0.605469 0.996094 0.609375 0.992188 0.609375 0.96875 0.605469 0.964844 0.605469 0.957031 0.5625 0.914062
0 0.574219 0.34375 0.570312 0.347656 0.5625 0.347656 0.558594 0.351562 0.554688 0.351562 0.539062 0.367188 0.539062 0.371094 0.535156 0.375 0.535156 0.382812 0.53125 0.386719 0.53125 0.390625 0.535156 0.394531 0.535156 0.410156 0.539062 0.414062 0.539062 0.417969 0.558594 0.4375 0.5625 0.4375 0.566406 0.441406 0.570312 0.441406 0.574219 0.445312 0.601562 0.445312 0.605469 0.441406 0.609375 0.441406 0.625 0.425781 0.625 0.417969 0.628906 0.414062 0.628906 0.386719 0.625 0.382812 0.625 0.375 0.621094 0.371094 0.621094 0.367188 0.605469 0.351562 0.601562 0.351562 0.597656 0.347656 0.589844 0.347656 0.585938 0.34375
0 0.0898438 0.230469 0.0859375 0.234375 0.0820312 0.234375 0.078125 0.238281 0.0742188 0.238281 0.0664062 0.246094 0.0585938 0.246094 0.0546875 0.25 0.0507812 0.25 0.03125 0.269531 0.03125 0.273438 0.0234375 0.28125 0.0234375 0.285156 0.015625 0.292969 0.015625 0.300781 0.0117188 0.304688 0.0117188 0.3125 0.015625 0.316406 0.015625 0.332031 0.0195312 0.335938 0.0234375 0.335938 0.0273438 0.339844 0.0546875 0.339844 0.0703125 0.324219 0.0742188 0.324219 0.078125 0.320312 0.09375 0.320312 0.0976562 0.316406 0.101562 0.316406 0.121094 0.296875 0.121094 0.28125 0.125 0.277344 0.121094 0.273438 0.121094 0.257812 0.117188 0.253906 0.117188 0.25 0.113281 0.246094 0.113281 0.242188 0.105469 0.234375 0.101562 0.234375 0.0976562 0.230469
0 0.191406 0.929688 0.179688 0.941406 0.179688 0.953125 0.175781 0.957031 0.179688 0.960938 0.179688 0.976562 0.171875 0.984375 0.171875 0.992188 0.167969 0.996094 0.25 0.996094 0.25 0.976562 0.246094 0.972656 0.246094 0.96875 0.242188 0.964844 0.242188 0.960938 0.230469 0.949219 0.226562 0.949219 0.222656 0.945312 0.21875 0.945312 0.210938 0.9375 0.210938 0.933594 0.207031 0.929688
0 0.617188 0.722656 0.613281 0.726562 0.609375 0.726562 0.605469 0.730469 0.601562 0.730469 0.597656 0.734375 0.597656 0.738281 0.589844 0.746094 0.589844 0.75 0.585938 0.753906 0.585938 0.789062 0.589844 0.792969 0.589844 0.800781 0.597656 0.808594 0.597656 0.8125 0.605469 0.820312 0.609375 0.820312 0.613281 0.824219 0.621094 0.824219 0.625 0.828125 0.652344 0.828125 0.65625 0.824219 0.664062 0.824219 0.675781 0.8125 0.675781 0.808594 0.679688 0.804688 0.679688 0.785156 0.675781 0.78125 0.675781 0.757812 0.671875 0.753906 0.671875 0.75 0.652344 0.730469 0.648438 0.730469 0.644531 0.726562 0.640625 0.726562 0.636719 0.722656
0 0 0 0 0.0507812 0.00390625 0.0507812 0.015625 0.0390625 0.0195312 0.0390625 0.0234375 0.0351562 0.0273438 0.0351562 0.03125 0.03125 0.03125 0.0273438 0.0351562 0.0234375 0.0351562 0.00390625 0.03125 0
0 0.601562 0.886719 0.589844 0.898438 0.589844 0.933594 0.601562 0.945312 0.601562 0.949219 0.609375 0.957031 0.609375 0.960938 0.613281 0.960938 0.617188 0.964844 0.648438 0.964844 0.652344 0.960938 0.652344 0.953125 0.660156 0.945312 0.660156 0.929688 0.667969 0.921875 0.667969 0.914062 0.652344 0.898438 0.652344 0.894531 0.648438 0.890625 0.636719 0.890625 0.632812 0.886719
0 0 0.773438 0 0.867188 0.00390625 0.863281 0.0078125 0.863281 0.0117188 0.859375 0.0234375 0.859375 0.03125 0.851562 0.0390625 0.851562 0.0507812 0.839844 0.0546875 0.839844 0.0585938 0.835938 0.0585938 0.808594 0.0390625 0.789062 0.0351562 0.789062 0.03125 0.785156 0.0273438 0.785156 0.0234375 0.78125 0.0195312 0.78125 0.0117188 0.773438
