0 0.0585938 0.984375 0.0546875 0.988281 0.046875 0.988281 0.0429688 0.992188 0.0390625 0.992188 0.0351562 0.996094 0.0820312 0.996094 0.0742188 0.988281 0.0703125 0.988281 0.0664062 0.984375
0 0.503906 0.0898438 0.5 0.09375 0.496094 0.09375 0.488281 0.101562 0.488281 0.105469 0.484375 0.109375 0.484375 0.132812 0.488281 0.136719 0.5 0.136719 0.503906 0.140625 0.527344 0.140625 0.53125 0.136719 0.535156 0.136719 0.539062 0.132812 0.542969 0.132812 0.542969 0.125 0.546875 0.121094 0.546875 0.109375 0.542969 0.105469 0.542969 0.101562 0.53125 0.0898438 0.527344 0.09375 0.523438 0.0898438
0 0.257812 0.53125 0.253906 0.535156 0.25 0.535156 0.246094 0.539062 0.246094 0.542969 0.242188 0.546875 0.242188 0.550781 0.246094 0.554688 0.246094 0.5625 0.253906 0.570312 0.257812 0.570312 0.261719 0.574219 0.28125 0.574219 0.292969 0.5625 0.292969 0.550781 0.289062 0.546875 0.289062 0.542969 0.28125 0.535156 0.277344 0.535156 0.273438 0.53125
0 0.867188 0.582031 0.863281 0.585938 0.855469 0.585938 0.851562 0.589844 0.851562 0.59375 0.847656 0.597656 0.847656 0.605469 0.851562 0.609375 0.851562 0.613281 0.855469 0.617188 0.855469 0.621094 0.859375 0.621094 0.867188 0.628906 0.871094 0.628906 0.878906 0.636719 0.882812 0.636719 0.886719 0.640625 0.898438 0.640625 0.902344 0.644531 0.921875 0.644531 0.929688 0.636719 0.929688 0.621094 0.925781 0.617188 0.925781 0.613281 0.910156 0.597656 0.90625 0.597656 0.902344 0.59375 0.898438 0.59375 0.894531 0.589844 0.886719 0.589844 0.882812 0.585938 0.878906 0.585938 0.875 0.582031
0 0.0351562 0.410156 0.03125 0.414062 0.0273438 0.414062 0.0234375 0.417969 0.0234375 0.4375 0.03125 0.445312 0.03125 0.449219 0.0429688 0.460938 0.0507812 0.460938 0.0546875 0.464844 0.0703125 0.464844 0.0742188 0.460938 0.078125 0.460938 0.078125 0.457031 0.0820312 0.453125 0.0820312 0.445312 0.078125 0.441406 0.078125 0.4375 0.0742188 0.433594 0.0742188 0.429688 0.0625 0.417969 0.0585938 0.417969 0.0546875 0.414062 0.046875 0.414062 0.0429688 0.410156
0 0.109375 0.445312 0.109375 0.453125 0.101562 0.460938 0.0898438 0.460938 0.0898438 0.472656 0.109375 0.472656 0.117188 0.464844 0.117188 0.460938 0.121094 0.457031 0.121094 0.449219 0.117188 0.445312
0 0.5 0.675781 0.496094 0.679688 0.488281 0.679688 0.484375 0.683594 0.457031 0.683594 0.449219 0.691406 0.445312 0.691406 0.441406 0.695312 0.4375 0.695312 0.429688 0.703125 0.429688 0.707031 0.425781 0.710938 0.425781 0.730469 0.429688 0.734375 0.429688 0.738281 0.4375 0.746094 0.464844 0.746094 0.46875 0.742188 0.476562 0.742188 0.480469 0.738281 0.484375 0.738281 0.488281 0.734375 0.492188 0.734375 0.503906 0.722656 0.507812 0.722656 0.507812 0.71875 0.515625 0.710938 0.515625 0.707031 0.523438 0.699219 0.523438 0.691406 0.519531 0.6875 0.519531 0.683594 0.511719 0.675781
0 0.859375 0.816406 0.851562 0.824219 0.851562 0.832031 0.847656 0.835938 0.851562 0.839844 0.851562 0.84375 0.855469 0.847656 0.855469 0.851562 0.867188 0.863281 0.871094 0.863281 0.875 0.867188 0.882812 0.867188 0.886719 0.871094 0.917969 0.871094 0.917969 0.867188 0.925781 0.859375 0.925781 0.851562 0.921875 0.847656 0.921875 0.839844 0.90625 0.824219 0.902344 0.824219 0.898438 0.820312 0.890625 0.820312 0.886719 0.816406
0 0.269531 0.660156 0.265625 0.664062 0.257812 0.664062 0.25 0.671875 0.246094 0.671875 0.234375 0.683594 0.230469 0.683594 0.222656 0.691406 0.222656 0.703125 0.226562 0.707031 0.257812 0.707031 0.261719 0.703125 0.273438 0.703125 0.277344 0.699219 0.28125 0.699219 0.296875 0.683594 0.296875 0.679688 0.300781 0.675781 0.300781 0.671875 0.296875 0.667969 0.296875 0.664062 0.292969 0.664062 0.289062 0.660156
0 0.609375 0.171875 0.59375 0.1875 0.59375 0.191406 0.589844 0.195312 0.589844 0.21875 0.59375 0.21875 0.597656 0.222656 0.597656 0.226562 0.601562 0.230469 0.605469 0.230469 0.609375 0.234375 0.625 0.234375 0.628906 0.230469 0.632812 0.230469 0.636719 0.226562 0.640625 0.226562 0.652344 0.214844 0.652344 0.210938 0.65625 0.207031 0.65625 0.191406 0.640625 0.175781 0.621094 0.175781 0.617188 0.171875
