0 0.688761 0.461538 0.685879 0.465385 0.682997 0.465385 0.677233 0.473077 0.677233 0.488462 0.680115 0.492308 0.680115 0.503846 0.682997 0.507692 0.694524 0.507692 0.700288 0.5 0.700288 0.492308 0.706052 0.484615 0.706052 0.473077 0.700288 0.465385 0.697406 0.465385 0.694524 0.461538
0 0.965418 0.257692 0.959654 0.265385 0.959654 0.276923 0.965418 0.284615 0.979827 0.284615 0.988473 0.273077 0.991354 0.273077 0.991354 0.269231 0.982709 0.257692
0 0.827089 0 0.821326 0.00769231 0.818444 0.00769231 0.815562 0.0115385 0.815562 0.0153846 0.81268 0.0192308 0.81268 0.0346154 0.818444 0.0423077 0.818444 0.0461538 0.824207 0.0538462 0.824207 0.0576923 0.838617 0.0769231 0.841499 0.0769231 0.84438 0.0807692 0.85879 0.0807692 0.861671 0.0769231 0.861671 0.0615385 0.85879 0.0576923 0.85879 0.0538462 0.855908 0.05 0.850144 0.05 0.84438 0.0423077 0.850144 0.0346154 0.850144 0.0230769 0.847262 0.0192308 0.847262 0.00769231 0.84438 0.00384615 0.84438 0
0 0.651297 0.873077 0.648415 0.876923 0.645533 0.876923 0.634006 0.892308 0.634006 0.896154 0.631124 0.9 0.631124 0.903846 0.628242 0.907692 0.628242 0.926923 0.631124 0.930769 0.631124 0.934615 0.634006 0.938462 0.642651 0.938462 0.645533 0.934615 0.648415 0.934615 0.654179 0.926923 0.657061 0.926923 0.659942 0.923077 0.662824 0.923077 0.674352 0.907692 0.674352 0.903846 0.677233 0.9 0.677233 0.876923 0.674352 0.873077
0 0.0979827 0.0692308 0.0864553 0.0846154 0.0864553 0.0884615 0.0835735 0.0923077 0.0835735 0.103846 0.0893372 0.111538 0.103746 0.111538 0.106628 0.107692 0.112392 0.107692 0.115274 0.103846 0.115274 0.0884615 0.100865 0.0692308
0 0.605187 0.292308 0.585014 0.319231 0.585014 0.323077 0.579251 0.330769 0.579251 0.353846 0.587896 0.365385 0.596542 0.365385 0.599424 0.361538 0.602305 0.361538 0.622478 0.334615 0.622478 0.330769 0.62536 0.326923 0.62536 0.323077 0.628242 0.319231 0.628242 0.311538 0.62536 0.307692 0.62536 0.3 0.619597 0.292308
0 0.440922 0.253846 0.43804 0.257692 0.43804 0.276923 0.440922 0.280769 0.449568 0.280769 0.45245 0.284615 0.466859 0.284615 0.469741 0.280769 0.469741 0.269231 0.461095 0.257692 0.458213 0.257692 0.455331 0.253846
0 0.0317003 0.246154 0.0288184 0.25 0.0230548 0.25 0.0201729 0.253846 0.0144092 0.253846 0.0115274 0.257692 0.0115274 0.261538 0.00576369 0.269231 0.00576369 0.273077 0.00288184 0.276923 0.00288184 0.292308 0.0115274 0.303846 0.0144092 0.303846 0.0172911 0.307692 0.0230548 0.307692 0.0259366 0.303846 0.037464 0.303846 0.0403458 0.3 0.0432277 0.3 0.0489914 0.292308 0.0518732 0.292308 0.054755 0.288462 0.054755 0.284615 0.0605187 0.276923 0.0605187 0.257692 0.0518732 0.246154
0 0.308357 0.134615 0.305476 0.138462 0.302594 0.138462 0.299712 0.142308 0.293948 0.142308 0.285303 0.153846 0.285303 0.157692 0.282421 0.161538 0.282421 0.169231 0.291066 0.180769 0.293948 0.180769 0.29683 0.184615 0.32853 0.184615 0.334294 0.176923 0.334294 0.15 0.331412 0.146154 0.331412 0.142308 0.32853 0.138462 0.325648 0.138462 0.322767 0.134615
0 0.613833 0.734615 0.610951 0.738462 0.608069 0.738462 0.605187 0.742308 0.605187 0.746154 0.602305 0.75 0.602305 0.765385 0.605187 0.769231 0.605187 0.773077 0.616715 0.788462 0.616715 0.792308 0.628242 0.807692 0.631124 0.807692 0.634006 0.803846 0.636888 0.803846 0.639769 0.8 0.639769 0.796154 0.642651 0.792308 0.642651 0.765385 0.639769 0.761538 0.639769 0.75 0.634006 0.742308 0.631124 0.742308 0.62536 0.734615
0 0.43804 0.326923 0.435159 0.330769 0.429395 0.330769 0.414986 0.35 0.414986 0.353846 0.409222 0.361538 0.409222 0.380769 0.412104 0.384615 0.412104 0.388462 0.414986 0.392308 0.435159 0.392308 0.43804 0.388462 0.440922 0.388462 0.458213 0.365385 0.458213 0.361538 0.461095 0.357692 0.461095 0.334615 0.455331 0.326923
0 0.74928 0.242308 0.74928 0.246154 0.743516 0.253846 0.740634 0.253846 0.73487 0.261538 0.73487 0.276923 0.737752 0.280769 0.737752 0.284615 0.743516 0.292308 0.757925 0.292308 0.760807 0.288462 0.760807 0.280769 0.766571 0.273077 0.766571 0.265385 0.769452 0.261538 0.769452 0.25 0.763689 0.242308
0 0.801153 0.696154 0.792507 0.707692 0.792507 0.723077 0.789625 0.726923 0.789625 0.730769 0.792507 0.734615 0.81268 0.734615 0.815562 0.730769 0.821326 0.730769 0.824207 0.726923 0.827089 0.726923 0.829971 0.723077 0.829971 0.711538 0.824207 0.703846 0.821326 0.703846 0.818444 0.7 0.815562 0.7 0.81268 0.696154
0 0.512968 0.773077 0.510086 0.776923 0.510086 0.784615 0.507205 0.788462 0.507205 0.796154 0.510086 0.8 0.51585 0.8 0.518732 0.796154 0.518732 0.776923 0.51585 0.773077
0 0.56196 0.803846 0.559078 0.807692 0.559078 0.819231 0.567723 0.830769 0.573487 0.830769 0.576369 0.826923 0.576369 0.807692 0.573487 0.803846
0 0.619597 0.0230769 0.616715 0.0269231 0.616715 0.0307692 0.610951 0.0384615 0.610951 0.0423077 0.608069 0.0461538 0.608069 0.0769231 0.613833 0.0846154 0.62536 0.0846154 0.639769 0.0653846 0.639769 0.0538462 0.634006 0.0461538 0.634006 0.0423077 0.631124 0.0384615 0.631124 0.0346154 0.628242 0.0307692 0.628242 0.0269231 0.62536 0.0230769
0 0.556196 0 0.556196 0.00384615 0.559078 0.00769231 0.559078 0.0115385 0.56196 0.0115385 0.564841 0.0153846 0.567723 0.0153846 0.570605 0.0192308 0.590778 0.0192308 0.59366 0.0153846 0.596542 0.0153846 0.605187 0.00384615 0.605187 0
0 0.233429 0.473077 0.224784 0.484615 0.224784 0.515385 0.227666 0.519231 0.242075 0.519231 0.25072 0.507692 0.25072 0.503846 0.253602 0.5 0.253602 0.492308 0.25072 0.488462 0.25072 0.480769 0.247839 0.480769 0.242075 0.473077
0 0.45245 0.630769 0.449568 0.634615 0.446686 0.634615 0.435159 0.65 0.435159 0.669231 0.43804 0.673077 0.449568 0.673077 0.461095 0.657692 0.461095 0.653846 0.466859 0.646154 0.466859 0.634615 0.463977 0.630769
0 0.414986 0.726923 0.400576 0.746154 0.400576 0.753846 0.412104 0.769231 0.414986 0.769231 0.417867 0.773077 0.429395 0.773077 0.432277 0.769231 0.435159 0.769231 0.440922 0.761538 0.440922 0.746154 0.43804 0.742308 0.43804 0.738462 0.429395 0.726923
0 0.0576369 0.142308 0.054755 0.146154 0.0518732 0.146154 0.0432277 0.157692 0.0432277 0.161538 0.0345821 0.173077 0.0345821 0.180769 0.0317003 0.184615 0.0317003 0.188462 0.037464 0.196154 0.0461095 0.196154 0.0489914 0.192308 0.0518732 0.192308 0.0662824 0.173077 0.0662824 0.146154 0.0634006 0.142308
0 0.919308 0.473077 0.916427 0.476923 0.913545 0.476923 0.904899 0.488462 0.904899 0.507692 0.910663 0.515385 0.927954 0.515385 0.933718 0.507692 0.933718 0.492308 0.930836 0.488462 0.930836 0.484615 0.927954 0.480769 0.927954 0.476923 0.925072 0.473077
0 0.867435 0.619231 0.864553 0.623077 0.861671 0.623077 0.85879 0.626923 0.85879 0.646154 0.864553 0.653846 0.878963 0.653846 0.881844 0.65 0.887608 0.65 0.89049 0.646154 0.89049 0.630769 0.887608 0.626923 0.881844 0.626923 0.878963 0.623077 0.876081 0.623077 0.873199 0.619231
0 0.00288184 0.584615 0 0.588462 0 0.638462 0.00288184 0.642308 0.0172911 0.642308 0.0201729 0.638462 0.0259366 0.638462 0.0288184 0.634615 0.0317003 0.634615 0.037464 0.626923 0.037464 0.607692 0.0345821 0.603846 0.0345821 0.6 0.0317003 0.596154 0.0317003 0.592308 0.0259366 0.584615
0 0.527378 0.0384615 0.524496 0.0423077 0.518732 0.0423077 0.510086 0.0538462 0.510086 0.0576923 0.507205 0.0615385 0.507205 0.0653846 0.504323 0.0692308 0.504323 0.1 0.507205 0.103846 0.507205 0.107692 0.510086 0.111538 0.518732 0.111538 0.521614 0.107692 0.524496 0.107692 0.530259 0.1 0.530259 0.0961538 0.544669 0.0769231 0.54755 0.0769231 0.550432 0.0730769 0.550432 0.0461538 0.544669 0.0384615
0 0.512968 0.723077 0.498559 0.742308 0.498559 0.746154 0.495677 0.75 0.495677 0.780769 0.498559 0.780769 0.501441 0.776923 0.507205 0.784615 0.501441 0.792308 0.501441 0.8 0.504323 0.8 0.507205 0.803846 0.51585 0.803846 0.518732 0.8 0.521614 0.8 0.530259 0.788462 0.530259 0.765385 0.533141 0.761538 0.533141 0.757692 0.536023 0.753846 0.536023 0.738462 0.533141 0.734615 0.533141 0.730769 0.527378 0.723077
0 0.512968 0.769231 0.51585 0.769231 0.521614 0.776923 0.521614 0.796154 0.51585 0.803846 0.510086 0.803846 0.504323 0.796154 0.504323 0.788462 0.507205 0.784615 0.507205 0.776923
0 0.380403 0.907692 0.377522 0.911538 0.37464 0.911538 0.365994 0.923077 0.365994 0.926923 0.363112 0.930769 0.363112 0.942308 0.365994 0.946154 0.368876 0.946154 0.371758 0.95 0.386167 0.95 0.389049 0.946154 0.389049 0.942308 0.391931 0.938462 0.391931 0.934615 0.394813 0.930769 0.394813 0.911538 0.391931 0.907692
0 0.864553 0.392308 0.861671 0.396154 0.855908 0.396154 0.853026 0.4 0.853026 0.403846 0.850144 0.407692 0.850144 0.415385 0.847262 0.419231 0.847262 0.423077 0.84438 0.426923 0.84438 0.430769 0.841499 0.434615 0.841499 0.453846 0.84438 0.457692 0.855908 0.457692 0.85879 0.453846 0.861671 0.453846 0.870317 0.442308 0.873199 0.442308 0.878963 0.434615 0.881844 0.434615 0.884726 0.430769 0.884726 0.423077 0.887608 0.419231 0.887608 0.396154 0.884726 0.392308
0 0.45245 0.853846 0.446686 0.861538 0.446686 0.888462 0.45245 0.896154 0.455331 0.896154 0.458213 0.892308 0.461095 0.892308 0.469741 0.880769 0.469741 0.857692 0.466859 0.853846
0 0.657061 0.261538 0.654179 0.265385 0.648415 0.265385 0.642651 0.273077 0.642651 0.3 0.654179 0.315385 0.662824 0.315385 0.665706 0.311538 0.674352 0.311538 0.677233 0.307692 0.680115 0.307692 0.682997 0.303846 0.685879 0.303846 0.688761 0.3 0.691643 0.3 0.697406 0.292308 0.697406 0.280769 0.688761 0.269231 0.685879 0.269231 0.682997 0.265385 0.677233 0.265385 0.674352 0.261538
0 0.172911 0.0153846 0.170029 0.0192308 0.167147 0.0192308 0.158501 0.0307692 0.158501 0.0384615 0.15562 0.0423077 0.15562 0.0769231 0.158501 0.0807692 0.158501 0.0884615 0.167147 0.1 0.175793 0.1 0.178674 0.0961538 0.181556 0.0961538 0.184438 0.0923077 0.18732 0.0923077 0.193084 0.0846154 0.193084 0.0769231 0.195965 0.0730769 0.195965 0.0653846 0.198847 0.0615385 0.198847 0.0576923 0.195965 0.0538462 0.195965 0.0346154 0.193084 0.0307692 0.193084 0.0269231 0.18732 0.0192308 0.184438 0.0192308 0.181556 0.0153846
0 0.896254 0.157692 0.896254 0.173077 0.902017 0.173077 0.904899 0.176923 0.907781 0.176923 0.910663 0.173077 0.910663 0.161538 0.907781 0.157692
0 0.319885 0.0269231 0.314121 0.0346154 0.314121 0.0384615 0.305476 0.05 0.302594 0.05 0.293948 0.0615385 0.293948 0.0692308 0.299712 0.0692308 0.302594 0.0730769 0.311239 0.0730769 0.314121 0.0692308 0.317003 0.0692308 0.325648 0.0576923 0.325648 0.0538462 0.32853 0.05 0.32853 0.0307692 0.325648 0.0269231
0 0.074928 0.634615 0.0720461 0.638462 0.0720461 0.642308 0.0691643 0.646154 0.0691643 0.661538 0.0720461 0.665385 0.0720461 0.669231 0.0835735 0.684615 0.0864553 0.684615 0.0893372 0.688462 0.0979827 0.688462 0.0979827 0.684615 0.100865 0.680769 0.103746 0.680769 0.106628 0.676923 0.106628 0.665385 0.0979827 0.653846 0.0979827 0.65 0.0893372 0.638462 0.0864553 0.638462 0.0835735 0.634615
0 0.184438 0.492308 0.181556 0.496154 0.181556 0.526923 0.18732 0.534615 0.210375 0.534615 0.210375 0.523077 0.213256 0.519231 0.213256 0.5 0.207493 0.492308
0 0.985591 0 0.985591 0.0115385 0.991354 0.0192308 0.991354 0.0230769 0.994236 0.0269231 0.997118 0.0269231 0.997118 0
0 0.783862 0.55 0.78098 0.553846 0.778098 0.553846 0.775216 0.557692 0.772334 0.557692 0.763689 0.569231 0.760807 0.569231 0.755043 0.576923 0.752161 0.576923 0.743516 0.588462 0.743516 0.592308 0.740634 0.596154 0.740634 0.6 0.743516 0.603846 0.743516 0.607692 0.746398 0.611538 0.746398 0.615385 0.74928 0.619231 0.752161 0.619231 0.755043 0.623077 0.769452 0.623077 0.772334 0.619231 0.775216 0.619231 0.778098 0.615385 0.78098 0.615385 0.801153 0.588462 0.801153 0.580769 0.804035 0.576923 0.804035 0.561538 0.795389 0.55
0 0.570605 0.111538 0.567723 0.115385 0.567723 0.123077 0.570605 0.126923 0.576369 0.126923 0.579251 0.123077 0.579251 0.115385 0.576369 0.111538
0 0.455331 0.288462 0.455331 0.303846 0.463977 0.303846 0.466859 0.3 0.466859 0.288462
0 0.18732 0.276923 0.184438 0.280769 0.181556 0.280769 0.175793 0.288462 0.175793 0.303846 0.178674 0.307692 0.178674 0.315385 0.181556 0.319231 0.181556 0.323077 0.190202 0.334615 0.195965 0.334615 0.198847 0.338462 0.204611 0.338462 0.207493 0.334615 0.210375 0.334615 0.213256 0.330769 0.216138 0.330769 0.21902 0.326923 0.21902 0.323077 0.221902 0.319231 0.221902 0.3 0.21902 0.296154 0.21902 0.292308 0.213256 0.284615 0.210375 0.284615 0.204611 0.276923
0 0.9683 0.488462 0.965418 0.492308 0.959654 0.492308 0.951009 0.503846 0.951009 0.546154 0.95389 0.55 0.95389 0.565385 0.956772 0.569231 0.956772 0.573077 0.959654 0.576923 0.974063 0.576923 0.976945 0.573077 0.976945 0.565385 0.974063 0.561538 0.974063 0.557692 0.971182 0.553846 0.971182 0.526923 0.974063 0.523077 0.974063 0.492308 0.971182 0.488462
0 0.988473 0.276923 0.979827 0.288462 0.979827 0.296154 0.982709 0.3 0.997118 0.3 0.997118 0.280769 0.994236 0.276923
0 0.645533 0.988462 0.642651 0.992308 0.642651 0.996154 0.668588 0.996154 0.665706 0.992308 0.657061 0.992308 0.654179 0.988462
0 0.325648 0.403846 0.317003 0.415385 0.317003 0.423077 0.308357 0.434615 0.308357 0.438462 0.305476 0.442308 0.305476 0.465385 0.314121 0.476923 0.317003 0.476923 0.319885 0.480769 0.337176 0.480769 0.345821 0.469231 0.345821 0.461538 0.354467 0.45 0.354467 0.446154 0.357349 0.442308 0.357349 0.411538 0.354467 0.407692 0.351585 0.407692 0.348703 0.403846
0 0.216138 0.761538 0.213256 0.765385 0.207493 0.765385 0.204611 0.769231 0.201729 0.769231 0.198847 0.773077 0.195965 0.773077 0.193084 0.776923 0.190202 0.776923 0.18732 0.780769 0.18732 0.8 0.193084 0.807692 0.221902 0.807692 0.224784 0.803846 0.230548 0.803846 0.233429 0.8 0.236311 0.8 0.242075 0.792308 0.244957 0.792308 0.25072 0.784615 0.25072 0.776923 0.242075 0.765385 0.236311 0.765385 0.233429 0.761538
0 0.706052 0.219231 0.700288 0.226923 0.700288 0.246154 0.70317 0.25 0.706052 0.25 0.708934 0.253846 0.717579 0.253846 0.720461 0.257692 0.726225 0.257692 0.729107 0.261538 0.731988 0.261538 0.737752 0.253846 0.726225 0.253846 0.720461 0.246154 0.720461 0.234615 0.723343 0.230769 0.723343 0.226923 0.726225 0.223077 0.726225 0.219231
0 0.0778098 0.45 0.0778098 0.457692 0.074928 0.461538 0.074928 0.465385 0.0691643 0.473077 0.0691643 0.476923 0.0662824 0.480769 0.0662824 0.496154 0.0691643 0.5 0.0806916 0.5 0.0893372 0.488462 0.0893372 0.457692 0.0835735 0.45
0 0.619597 0.55 0.613833 0.557692 0.610951 0.557692 0.608069 0.561538 0.605187 0.561538 0.602305 0.565385 0.599424 0.565385 0.596542 0.569231 0.587896 0.569231 0.585014 0.573077 0.585014 0.580769 0.59366 0.592308 0.596542 0.592308 0.599424 0.596154 0.602305 0.596154 0.605187 0.6 0.619597 0.6 0.634006 0.580769 0.634006 0.557692 0.628242 0.55
0 0.461095 0.392308 0.458213 0.396154 0.455331 0.396154 0.43804 0.419231 0.43804 0.430769 0.440922 0.434615 0.443804 0.434615 0.449568 0.442308 0.455331 0.442308 0.458213 0.446154 0.472622 0.446154 0.481268 0.434615 0.481268 0.430769 0.48415 0.426923 0.48415 0.4 0.481268 0.396154 0.478386 0.396154 0.475504 0.392308
0 0.639769 0.215385 0.634006 0.223077 0.634006 0.226923 0.636888 0.230769 0.636888 0.234615 0.642651 0.242308 0.648415 0.242308 0.657061 0.230769 0.657061 0.226923 0.654179 0.223077 0.654179 0.219231 0.651297 0.215385
0 0.864553 0.184615 0.855908 0.196154 0.855908 0.2 0.861671 0.207692 0.870317 0.207692 0.873199 0.203846 0.873199 0.192308 0.870317 0.188462 0.867435 0.188462
0 0.40634 0.230769 0.397695 0.242308 0.397695 0.246154 0.394813 0.25 0.394813 0.276923 0.397695 0.280769 0.397695 0.288462 0.403458 0.296154 0.420749 0.296154 0.420749 0.288462 0.429395 0.276923 0.432277 0.276923 0.435159 0.273077 0.435159 0.257692 0.440922 0.25 0.440922 0.242308 0.432277 0.230769
0 0.804035 0.211538 0.801153 0.215385 0.792507 0.215385 0.789625 0.219231 0.786744 0.219231 0.783862 0.223077 0.783862 0.234615 0.789625 0.242308 0.801153 0.242308 0.806916 0.234615 0.806916 0.223077 0.809798 0.219231 0.809798 0.211538
0 0.106628 0.680769 0.103746 0.684615 0.100865 0.684615 0.100865 0.7 0.103746 0.703846 0.103746 0.707692 0.106628 0.707692 0.10951 0.711538 0.118156 0.711538 0.121037 0.707692 0.121037 0.696154 0.118156 0.692308 0.118156 0.688462 0.112392 0.680769
0 0.73487 0.211538 0.729107 0.219231 0.729107 0.223077 0.726225 0.226923 0.726225 0.230769 0.723343 0.234615 0.723343 0.246154 0.726225 0.25 0.743516 0.25 0.746398 0.246154 0.746398 0.242308 0.74928 0.238462 0.74928 0.226923 0.746398 0.223077 0.746398 0.219231 0.740634 0.211538
0 0.181556 0.830769 0.178674 0.834615 0.175793 0.834615 0.172911 0.838462 0.172911 0.842308 0.170029 0.846154 0.170029 0.85 0.164265 0.857692 0.164265 0.865385 0.161383 0.869231 0.161383 0.896154 0.164265 0.9 0.164265 0.907692 0.175793 0.923077 0.181556 0.923077 0.184438 0.919231 0.18732 0.919231 0.204611 0.896154 0.204611 0.853846 0.201729 0.85 0.201729 0.842308 0.193084 0.830769
0 0.40634 0.496154 0.403458 0.5 0.403458 0.507692 0.40634 0.511538 0.40634 0.519231 0.409222 0.523077 0.409222 0.526923 0.417867 0.538462 0.429395 0.538462 0.432277 0.534615 0.432277 0.515385 0.420749 0.5 0.414986 0.5 0.412104 0.496154
0 0.518732 0.126923 0.512968 0.134615 0.512968 0.146154 0.521614 0.157692 0.527378 0.157692 0.530259 0.161538 0.541787 0.161538 0.544669 0.165385 0.544669 0.196154 0.54755 0.2 0.556196 0.2 0.564841 0.188462 0.570605 0.188462 0.590778 0.161538 0.590778 0.146154 0.585014 0.138462 0.576369 0.138462 0.573487 0.142308 0.564841 0.142308 0.550432 0.161538 0.54755 0.157692 0.54755 0.15 0.538905 0.138462 0.538905 0.130769 0.536023 0.126923
0 0.0403458 0.507692 0.037464 0.511538 0.0345821 0.511538 0.0317003 0.515385 0.0317003 0.519231 0.0172911 0.538462 0.0172911 0.55 0.0230548 0.557692 0.0259366 0.557692 0.0288184 0.553846 0.0317003 0.553846 0.0345821 0.55 0.037464 0.55 0.0432277 0.542308 0.0432277 0.538462 0.0461095 0.534615 0.0461095 0.530769 0.0489914 0.526923 0.0489914 0.511538 0.0461095 0.507692
0 0.389049 0.35 0.386167 0.353846 0.383285 0.353846 0.380403 0.357692 0.380403 0.4 0.377522 0.403846 0.377522 0.426923 0.389049 0.442308 0.40634 0.442308 0.414986 0.430769 0.414986 0.426923 0.417867 0.423077 0.417867 0.4 0.409222 0.388462 0.409222 0.384615 0.40634 0.380769 0.40634 0.357692 0.400576 0.35
0 0.688761 0.146154 0.685879 0.15 0.685879 0.165385 0.688761 0.169231 0.691643 0.169231 0.694524 0.165385 0.694524 0.146154
0 0.639769 0.0115385 0.636888 0.0153846 0.634006 0.0153846 0.631124 0.0192308 0.631124 0.0307692 0.634006 0.0346154 0.634006 0.0384615 0.636888 0.0423077 0.636888 0.0461538 0.642651 0.0538462 0.654179 0.0538462 0.657061 0.05 0.657061 0.0307692 0.654179 0.0269231 0.654179 0.0192308 0.648415 0.0115385
0 0.893372 0.134615 0.893372 0.153846 0.904899 0.153846 0.904899 0.138462 0.902017 0.134615
0 0.919308 0.75 0.916427 0.753846 0.916427 0.776923 0.919308 0.780769 0.936599 0.780769 0.951009 0.761538 0.951009 0.753846 0.948127 0.753846 0.945245 0.75
0 0.677233 0.973077 0.67147 0.980769 0.67147 0.996154 0.720461 0.996154 0.717579 0.992308 0.717579 0.988462 0.708934 0.976923 0.706052 0.976923 0.70317 0.973077
0 0.489914 0.638462 0.48415 0.646154 0.48415 0.680769 0.487032 0.684615 0.492795 0.684615 0.495677 0.680769 0.501441 0.680769 0.507205 0.673077 0.507205 0.669231 0.510086 0.665385 0.510086 0.646154 0.504323 0.638462
0 0.723343 0 0.723343 0.0230769 0.731988 0.0346154 0.737752 0.0346154 0.740634 0.0384615 0.752161 0.0384615 0.755043 0.0346154 0.755043 0.0115385 0.74928 0.00384615 0.74928 0
0 0.149856 0.95 0.144092 0.957692 0.144092 0.980769 0.146974 0.984615 0.146974 0.988462 0.152738 0.996154 0.167147 0.996154 0.167147 0.992308 0.170029 0.988462 0.170029 0.961538 0.167147 0.957692 0.167147 0.953846 0.164265 0.95
0 0.521614 0.35 0.51585 0.357692 0.51585 0.361538 0.512968 0.365385 0.512968 0.376923 0.51585 0.380769 0.51585 0.4 0.518732 0.403846 0.518732 0.411538 0.521614 0.415385 0.521614 0.423077 0.524496 0.426923 0.524496 0.430769 0.527378 0.434615 0.541787 0.434615 0.550432 0.423077 0.550432 0.415385 0.553314 0.411538 0.553314 0.384615 0.550432 0.380769 0.550432 0.373077 0.533141 0.35
0 0.167147 0.6 0.161383 0.607692 0.161383 0.611538 0.158501 0.615385 0.158501 0.619231 0.15562 0.623077 0.15562 0.626923 0.152738 0.630769 0.152738 0.638462 0.15562 0.642308 0.158501 0.642308 0.161383 0.646154 0.167147 0.646154 0.170029 0.642308 0.172911 0.642308 0.175793 0.638462 0.175793 0.634615 0.181556 0.626923 0.184438 0.626923 0.190202 0.619231 0.190202 0.611538 0.181556 0.6
0 0.806916 0.161538 0.795389 0.176923 0.795389 0.184615 0.792507 0.188462 0.792507 0.192308 0.789625 0.196154 0.789625 0.203846 0.795389 0.211538 0.801153 0.211538 0.804035 0.207692 0.806916 0.207692 0.806916 0.2 0.809798 0.196154 0.809798 0.192308 0.815562 0.184615 0.815562 0.180769 0.818444 0.176923 0.818444 0.165385 0.815562 0.161538
0 0.801153 0.115385 0.798271 0.119231 0.798271 0.123077 0.792507 0.130769 0.792507 0.157692 0.795389 0.161538 0.804035 0.161538 0.806916 0.157692 0.815562 0.157692 0.821326 0.165385 0.824207 0.165385 0.824207 0.15 0.832853 0.138462 0.835735 0.138462 0.838617 0.134615 0.841499 0.134615 0.841499 0.130769 0.838617 0.126923 0.835735 0.126923 0.827089 0.115385
0 0.14121 0.376923 0.138329 0.380769 0.135447 0.380769 0.132565 0.384615 0.132565 0.4 0.138329 0.407692 0.149856 0.407692 0.158501 0.419231 0.158501 0.426923 0.164265 0.419231 0.164265 0.411538 0.167147 0.407692 0.167147 0.384615 0.161383 0.376923
0 0.85879 0.103846 0.855908 0.107692 0.850144 0.107692 0.847262 0.111538 0.847262 0.115385 0.841499 0.123077 0.841499 0.126923 0.84438 0.130769 0.84438 0.134615 0.850144 0.142308 0.853026 0.142308 0.85879 0.15 0.85879 0.161538 0.84438 0.180769 0.847262 0.184615 0.847262 0.188462 0.850144 0.188462 0.853026 0.192308 0.855908 0.192308 0.864553 0.180769 0.867435 0.184615 0.870317 0.184615 0.876081 0.192308 0.881844 0.192308 0.884726 0.188462 0.887608 0.188462 0.89049 0.184615 0.893372 0.184615 0.893372 0.157692 0.89049 0.153846 0.89049 0.134615 0.867435 0.103846
0 0.801153 0.819231 0.795389 0.826923 0.795389 0.846154 0.798271 0.85 0.801153 0.85 0.804035 0.853846 0.81268 0.853846 0.821326 0.842308 0.821326 0.826923 0.818444 0.823077 0.815562 0.823077 0.81268 0.819231
0 0.945245 0.0653846 0.942363 0.0692308 0.939481 0.0692308 0.933718 0.0769231 0.930836 0.0769231 0.927954 0.0807692 0.927954 0.0846154 0.92219 0.0923077 0.92219 0.1 0.927954 0.107692 0.927954 0.111538 0.919308 0.123077 0.919308 0.130769 0.92219 0.134615 0.965418 0.134615 0.9683 0.130769 0.976945 0.130769 0.979827 0.126923 0.982709 0.126923 0.988473 0.119231 0.988473 0.0884615 0.985591 0.0846154 0.985591 0.0807692 0.976945 0.0692308 0.971182 0.0692308 0.9683 0.0653846
0 0.458213 0.946154 0.449568 0.957692 0.449568 0.961538 0.446686 0.965385 0.446686 0.973077 0.45245 0.980769 0.455331 0.980769 0.458213 0.984615 0.463977 0.984615 0.475504 0.969231 0.475504 0.953846 0.469741 0.946154
0 0.991354 0.434615 0.985591 0.442308 0.985591 0.457692 0.988473 0.461538 0.997118 0.461538 0.997118 0.434615
0 0.0778098 0 0.0778098 0.00384615 0.0806916 0.00384615 0.092219 0.0192308 0.0951009 0.0192308 0.0979827 0.0230769 0.100865 0.0230769 0.103746 0.0192308 0.10951 0.0192308 0.112392 0.0153846 0.115274 0.0153846 0.121037 0.00769231 0.121037 0
0 0.680115 0.392308 0.677233 0.396154 0.67147 0.396154 0.668588 0.4 0.668588 0.403846 0.665706 0.407692 0.665706 0.430769 0.668588 0.434615 0.67147 0.434615 0.674352 0.438462 0.708934 0.438462 0.714697 0.430769 0.714697 0.415385 0.711816 0.411538 0.708934 0.411538 0.70317 0.403846 0.70317 0.4 0.700288 0.4 0.697406 0.396154 0.691643 0.396154 0.688761 0.392308
0 0.642651 0.607692 0.634006 0.619231 0.631124 0.619231 0.622478 0.630769 0.622478 0.638462 0.62536 0.642308 0.639769 0.642308 0.642651 0.638462 0.645533 0.638462 0.654179 0.626923 0.654179 0.611538 0.651297 0.611538 0.648415 0.607692
0 0.582133 0.0230769 0.579251 0.0269231 0.579251 0.0307692 0.573487 0.0384615 0.573487 0.0461538 0.570605 0.05 0.570605 0.0653846 0.573487 0.0692308 0.579251 0.0692308 0.582133 0.0653846 0.585014 0.0653846 0.587896 0.0615385 0.587896 0.0576923 0.590778 0.0538462 0.590778 0.05 0.59366 0.0461538 0.59366 0.0307692 0.590778 0.0269231 0.590778 0.0230769
0 0.73487 0.411538 0.729107 0.419231 0.729107 0.423077 0.720461 0.434615 0.720461 0.438462 0.717579 0.442308 0.717579 0.446154 0.711816 0.453846 0.711816 0.461538 0.708934 0.465385 0.708934 0.484615 0.711816 0.488462 0.731988 0.488462 0.73487 0.484615 0.737752 0.484615 0.743516 0.476923 0.743516 0.473077 0.746398 0.469231 0.746398 0.461538 0.752161 0.453846 0.752161 0.45 0.760807 0.438462 0.760807 0.426923 0.74928 0.426923 0.743516 0.419231 0.743516 0.411538
0 0.899135 0.326923 0.896254 0.330769 0.893372 0.330769 0.887608 0.338462 0.887608 0.369231 0.89049 0.373077 0.89049 0.376923 0.893372 0.380769 0.893372 0.384615 0.896254 0.388462 0.896254 0.392308 0.902017 0.4 0.913545 0.4 0.919308 0.392308 0.919308 0.388462 0.92219 0.384615 0.92219 0.346154 0.916427 0.338462 0.916427 0.334615 0.910663 0.326923
0 0.636888 0.561538 0.636888 0.580769 0.619597 0.603846 0.605187 0.603846 0.602305 0.6 0.599424 0.6 0.596542 0.596154 0.590778 0.596154 0.590778 0.6 0.59366 0.603846 0.59366 0.607692 0.596542 0.611538 0.596542 0.619231 0.605187 0.630769 0.619597 0.630769 0.631124 0.615385 0.634006 0.615385 0.642651 0.603846 0.648415 0.603846 0.651297 0.607692 0.657061 0.607692 0.659942 0.603846 0.659942 0.584615 0.654179 0.576923 0.651297 0.576923 0.639769 0.561538
0 0.311239 0.2 0.308357 0.203846 0.308357 0.211538 0.305476 0.215385 0.305476 0.25 0.311239 0.257692 0.314121 0.257692 0.317003 0.261538 0.319885 0.261538 0.322767 0.265385 0.334294 0.265385 0.337176 0.261538 0.340058 0.261538 0.348703 0.25 0.348703 0.226923 0.331412 0.203846 0.325648 0.203846 0.322767 0.2
0 0.54755 0.930769 0.541787 0.938462 0.541787 0.942308 0.536023 0.95 0.536023 0.953846 0.533141 0.957692 0.533141 0.961538 0.530259 0.965385 0.530259 0.976923 0.527378 0.980769 0.527378 0.996154 0.564841 0.996154 0.564841 0.992308 0.567723 0.988462 0.567723 0.973077 0.570605 0.969231 0.570605 0.946154 0.567723 0.942308 0.567723 0.938462 0.56196 0.930769
0 0.988473 0.642308 0.985591 0.646154 0.988473 0.65 0.988473 0.657692 0.985591 0.661538 0.985591 0.984615 0.982709 0.988462 0.982709 0.996154 0.988473 0.996154 0.991354 0.992308 0.991354 0.661538 0.988473 0.657692 0.988473 0.65 0.991354 0.646154
0 0.645533 0.35 0.642651 0.353846 0.639769 0.353846 0.636888 0.357692 0.636888 0.380769 0.639769 0.384615 0.657061 0.384615 0.662824 0.376923 0.662824 0.357692 0.657061 0.35
0 0.242075 0.576923 0.236311 0.584615 0.230548 0.584615 0.230548 0.588462 0.221902 0.6 0.216138 0.6 0.216138 0.603846 0.213256 0.607692 0.213256 0.634615 0.216138 0.638462 0.21902 0.638462 0.221902 0.642308 0.236311 0.642308 0.239193 0.638462 0.247839 0.638462 0.268012 0.611538 0.268012 0.596154 0.26513 0.592308 0.26513 0.584615 0.262248 0.580769 0.259366 0.580769 0.256484 0.576923
0 0.838617 0.138462 0.835735 0.142308 0.832853 0.142308 0.827089 0.15 0.827089 0.165385 0.829971 0.169231 0.829971 0.173077 0.832853 0.176923 0.84438 0.176923 0.855908 0.161538 0.855908 0.15 0.853026 0.146154 0.850144 0.146154 0.84438 0.138462
0 0.221902 0.684615 0.21902 0.688462 0.216138 0.688462 0.193084 0.719231 0.193084 0.726923 0.190202 0.730769 0.190202 0.753846 0.195965 0.761538 0.198847 0.761538 0.201729 0.765385 0.204611 0.765385 0.207493 0.761538 0.213256 0.761538 0.216138 0.757692 0.230548 0.757692 0.236311 0.75 0.236311 0.746154 0.239193 0.742308 0.239193 0.738462 0.242075 0.734615 0.242075 0.726923 0.244957 0.723077 0.244957 0.696154 0.239193 0.688462 0.236311 0.688462 0.233429 0.684615
0 0.988473 0.476923 0.976945 0.492308 0.976945 0.523077 0.974063 0.526923 0.974063 0.553846 0.976945 0.557692 0.976945 0.561538 0.979827 0.565385 0.997118 0.565385 0.997118 0.476923
0 0.0979827 0.2 0.0951009 0.203846 0.092219 0.203846 0.0893372 0.207692 0.0864553 0.207692 0.0778098 0.219231 0.0778098 0.223077 0.0720461 0.230769 0.0720461 0.234615 0.0691643 0.238462 0.0691643 0.257692 0.0778098 0.269231 0.092219 0.269231 0.0951009 0.265385 0.100865 0.265385 0.103746 0.261538 0.106628 0.261538 0.10951 0.257692 0.112392 0.257692 0.118156 0.25 0.121037 0.25 0.123919 0.246154 0.123919 0.219231 0.10951 0.2
0 0.778098 0.0192308 0.772334 0.0269231 0.772334 0.05 0.778098 0.0576923 0.78098 0.0576923 0.783862 0.0615385 0.798271 0.0615385 0.806916 0.05 0.806916 0.0269231 0.801153 0.0192308
0 0.435159 0.276923 0.432277 0.280769 0.429395 0.280769 0.423631 0.288462 0.423631 0.307692 0.426513 0.311538 0.429395 0.311538 0.432277 0.315385 0.43804 0.315385 0.440922 0.311538 0.440922 0.303846 0.443804 0.3 0.443804 0.284615 0.440922 0.284615
0 0.861671 0.803846 0.855908 0.811538 0.855908 0.815385 0.853026 0.819231 0.853026 0.846154 0.855908 0.846154 0.85879 0.842308 0.861671 0.842308 0.870317 0.830769 0.873199 0.830769 0.878963 0.823077 0.878963 0.807692 0.876081 0.803846
0 0.18732 0.173077 0.184438 0.176923 0.181556 0.176923 0.175793 0.184615 0.175793 0.188462 0.172911 0.192308 0.172911 0.219231 0.175793 0.223077 0.18732 0.223077 0.195965 0.211538 0.195965 0.207692 0.201729 0.2 0.201729 0.192308 0.204611 0.188462 0.204611 0.180769 0.198847 0.173077
0 0.576369 0.523077 0.573487 0.526923 0.570605 0.526923 0.567723 0.530769 0.567723 0.538462 0.564841 0.542308 0.564841 0.55 0.56196 0.553846 0.56196 0.573077 0.564841 0.576923 0.570605 0.576923 0.573487 0.580769 0.582133 0.580769 0.582133 0.573077 0.587896 0.565385 0.596542 0.565385 0.596542 0.530769 0.590778 0.523077 0.582133 0.523077 0.587896 0.530769 0.587896 0.542308 0.582133 0.55 0.579251 0.55 0.573487 0.542308 0.573487 0.530769 0.576369 0.526923
0 0.674352 0.0346154 0.668588 0.0423077 0.668588 0.0730769 0.67147 0.0769231 0.677233 0.0769231 0.682997 0.0692308 0.682997 0.0653846 0.688761 0.0576923 0.688761 0.0384615 0.685879 0.0346154
0 0.414986 0.492308 0.414986 0.496154 0.420749 0.496154 0.435159 0.515385 0.435159 0.534615 0.429395 0.542308 0.417867 0.542308 0.40634 0.526923 0.40634 0.523077 0.403458 0.519231 0.403458 0.511538 0.400576 0.507692 0.400576 0.503846 0.397695 0.507692 0.397695 0.515385 0.394813 0.519231 0.394813 0.542308 0.400576 0.55 0.40634 0.55 0.409222 0.553846 0.420749 0.553846 0.423631 0.55 0.435159 0.55 0.43804 0.546154 0.443804 0.546154 0.446686 0.542308 0.449568 0.542308 0.458213 0.530769 0.458213 0.507692 0.446686 0.492308
0 0.783862 0.342308 0.772334 0.357692 0.772334 0.361538 0.763689 0.373077 0.763689 0.376923 0.757925 0.384615 0.757925 0.388462 0.755043 0.392308 0.755043 0.396154 0.752161 0.4 0.752161 0.403846 0.746398 0.411538 0.746398 0.419231 0.74928 0.423077 0.760807 0.423077 0.763689 0.419231 0.769452 0.419231 0.778098 0.407692 0.78098 0.407692 0.792507 0.392308 0.792507 0.346154 0.789625 0.342308
0 0.00576369 0.0461538 0.00288184 0.05 0 0.05 0 0.103846 0.00576369 0.103846 0.00864553 0.107692 0.0144092 0.107692 0.0172911 0.111538 0.0288184 0.111538 0.0345821 0.103846 0.037464 0.103846 0.0461095 0.0923077 0.0461095 0.0769231 0.0403458 0.0692308 0.037464 0.0692308 0.0345821 0.0653846 0.0317003 0.0653846 0.0172911 0.0461538
0 0.25072 0.426923 0.247839 0.430769 0.242075 0.430769 0.236311 0.438462 0.236311 0.446154 0.239193 0.45 0.239193 0.469231 0.242075 0.469231 0.247839 0.476923 0.259366 0.476923 0.262248 0.473077 0.262248 0.461538 0.26513 0.457692 0.26513 0.453846 0.268012 0.45 0.268012 0.434615 0.26513 0.430769 0.262248 0.430769 0.259366 0.426923
0 0.887608 0.226923 0.878963 0.238462 0.878963 0.261538 0.881844 0.265385 0.89049 0.265385 0.899135 0.276923 0.904899 0.276923 0.907781 0.273077 0.907781 0.269231 0.913545 0.261538 0.913545 0.246154 0.910663 0.242308 0.910663 0.238462 0.904899 0.230769 0.902017 0.230769 0.899135 0.226923
0 0.838617 0.603846 0.835735 0.607692 0.832853 0.607692 0.827089 0.615385 0.827089 0.619231 0.81268 0.638462 0.81268 0.642308 0.809798 0.646154 0.809798 0.657692 0.81268 0.661538 0.827089 0.661538 0.847262 0.634615 0.847262 0.630769 0.850144 0.626923 0.850144 0.607692 0.847262 0.603846
0 0.0518732 0.426923 0.0432277 0.438462 0.0432277 0.442308 0.0403458 0.446154 0.0403458 0.465385 0.0518732 0.480769 0.054755 0.480769 0.0634006 0.492308 0.0634006 0.480769 0.0662824 0.476923 0.0662824 0.473077 0.0720461 0.465385 0.0720461 0.461538 0.074928 0.457692 0.074928 0.45 0.0778098 0.446154 0.0835735 0.446154 0.0893372 0.453846 0.0835735 0.446154 0.0806916 0.446154 0.0691643 0.430769 0.0662824 0.430769 0.0634006 0.426923
0 0.112392 0.923077 0.10951 0.926923 0.106628 0.926923 0.103746 0.930769 0.103746 0.934615 0.100865 0.938462 0.100865 0.957692 0.103746 0.961538 0.112392 0.961538 0.115274 0.965385 0.123919 0.965385 0.132565 0.953846 0.132565 0.930769 0.126801 0.923077
0 0.706052 0.05 0.700288 0.0576923 0.697406 0.0576923 0.685879 0.0730769 0.685879 0.0769231 0.682997 0.0807692 0.682997 0.0923077 0.688761 0.1 0.697406 0.1 0.700288 0.103846 0.70317 0.103846 0.706052 0.107692 0.714697 0.107692 0.717579 0.103846 0.717579 0.1 0.726225 0.0884615 0.726225 0.0692308 0.723343 0.0653846 0.723343 0.0615385 0.714697 0.05
0 0.648415 0.0692308 0.642651 0.0769231 0.642651 0.0807692 0.639769 0.0846154 0.639769 0.0923077 0.636888 0.0961538 0.636888 0.115385 0.639769 0.119231 0.639769 0.126923 0.645533 0.134615 0.648415 0.134615 0.654179 0.126923 0.654179 0.115385 0.657061 0.111538 0.657061 0.107692 0.662824 0.1 0.662824 0.0961538 0.665706 0.0923077 0.665706 0.0807692 0.659942 0.0730769 0.657061 0.0730769 0.654179 0.0692308
0 0.711816 0.384615 0.706052 0.392308 0.706052 0.403846 0.708934 0.407692 0.711816 0.407692 0.717579 0.415385 0.729107 0.415385 0.73487 0.407692 0.73487 0.392308 0.729107 0.384615
0 0.930836 0.703846 0.927954 0.707692 0.925072 0.707692 0.913545 0.723077 0.913545 0.726923 0.910663 0.730769 0.910663 0.738462 0.907781 0.742308 0.907781 0.761538 0.910663 0.765385 0.910663 0.769231 0.913545 0.769231 0.913545 0.753846 0.919308 0.746154 0.945245 0.746154 0.948127 0.75 0.95389 0.75 0.95389 0.711538 0.951009 0.707692 0.948127 0.707692 0.945245 0.703846
0 0.861671 0.915385 0.853026 0.926923 0.850144 0.926923 0.841499 0.938462 0.838617 0.938462 0.824207 0.957692 0.824207 0.961538 0.821326 0.965385 0.821326 0.980769 0.824207 0.984615 0.84438 0.984615 0.850144 0.976923 0.853026 0.976923 0.855908 0.973077 0.85879 0.973077 0.876081 0.95 0.876081 0.946154 0.878963 0.942308 0.878963 0.938462 0.881844 0.934615 0.881844 0.926923 0.873199 0.915385
0 0.201729 0.55 0.198847 0.553846 0.198847 0.569231 0.201729 0.573077 0.201729 0.580769 0.213256 0.596154 0.221902 0.596154 0.227666 0.588462 0.227666 0.584615 0.230548 0.580769 0.230548 0.553846 0.227666 0.55
0 0.458213 0.846154 0.455331 0.85 0.466859 0.85 0.472622 0.857692 0.472622 0.880769 0.461095 0.896154 0.458213 0.896154 0.455331 0.9 0.45245 0.9 0.443804 0.888462 0.443804 0.865385 0.440922 0.869231 0.440922 0.888462 0.43804 0.892308 0.43804 0.907692 0.440922 0.911538 0.455331 0.911538 0.458213 0.907692 0.461095 0.907692 0.463977 0.903846 0.466859 0.903846 0.481268 0.884615 0.481268 0.880769 0.48415 0.876923 0.48415 0.861538 0.475504 0.85 0.472622 0.85 0.469741 0.846154
0 0.89049 0.55 0.881844 0.561538 0.881844 0.565385 0.873199 0.576923 0.873199 0.584615 0.876081 0.588462 0.876081 0.592308 0.878963 0.596154 0.89049 0.596154 0.902017 0.580769 0.902017 0.576923 0.904899 0.573077 0.904899 0.569231 0.907781 0.565385 0.907781 0.557692 0.902017 0.55
0 0.380403 0.0423077 0.377522 0.0461538 0.37464 0.0461538 0.371758 0.05 0.368876 0.05 0.357349 0.0653846 0.357349 0.0846154 0.360231 0.0884615 0.371758 0.0884615 0.377522 0.0807692 0.394813 0.0807692 0.400576 0.0730769 0.400576 0.0576923 0.394813 0.05 0.391931 0.05 0.386167 0.0423077
0 0.763689 0.438462 0.755043 0.45 0.755043 0.453846 0.74928 0.461538 0.74928 0.469231 0.746398 0.473077 0.74928 0.476923 0.766571 0.476923 0.78098 0.457692 0.78098 0.446154 0.775216 0.438462
0 0.216138 0.515385 0.216138 0.519231 0.213256 0.523077 0.213256 0.542308 0.216138 0.546154 0.227666 0.546154 0.236311 0.534615 0.236311 0.523077 0.227666 0.523077 0.221902 0.515385
0 0.175793 0.461538 0.172911 0.465385 0.170029 0.465385 0.15562 0.484615 0.152738 0.484615 0.14121 0.5 0.14121 0.503846 0.132565 0.515385 0.132565 0.519231 0.129683 0.523077 0.129683 0.526923 0.126801 0.530769 0.126801 0.538462 0.129683 0.542308 0.135447 0.542308 0.14121 0.534615 0.144092 0.534615 0.161383 0.511538 0.164265 0.511538 0.170029 0.503846 0.172911 0.503846 0.178674 0.496154 0.178674 0.484615 0.181556 0.480769 0.181556 0.465385 0.178674 0.461538
0 0.829971 0.838462 0.827089 0.842308 0.824207 0.842308 0.81268 0.857692 0.809798 0.857692 0.801153 0.869231 0.809798 0.880769 0.809798 0.884615 0.81268 0.888462 0.81268 0.896154 0.818444 0.896154 0.821326 0.892308 0.824207 0.892308 0.827089 0.888462 0.829971 0.888462 0.850144 0.861538 0.850144 0.842308 0.847262 0.838462
0 0.870317 0 0.870317 0.00384615 0.878963 0.0153846 0.884726 0.0153846 0.89049 0.00769231 0.89049 0
0 0.121037 0.892308 0.112392 0.903846 0.112392 0.919231 0.123919 0.919231 0.126801 0.915385 0.132565 0.915385 0.135447 0.911538 0.135447 0.907692 0.132565 0.903846 0.132565 0.9 0.126801 0.892308
0 0.420749 0.465385 0.417867 0.469231 0.417867 0.484615 0.420749 0.488462 0.429395 0.488462 0.435159 0.480769 0.435159 0.469231 0.432277 0.465385
0 0.256484 0.826923 0.253602 0.830769 0.25072 0.830769 0.239193 0.846154 0.239193 0.85 0.230548 0.861538 0.230548 0.865385 0.224784 0.873077 0.224784 0.876923 0.21902 0.884615 0.21902 0.903846 0.221902 0.907692 0.239193 0.907692 0.244957 0.9 0.247839 0.9 0.25072 0.896154 0.253602 0.896154 0.259366 0.888462 0.26513 0.888462 0.270893 0.880769 0.270893 0.873077 0.273775 0.869231 0.273775 0.865385 0.276657 0.861538 0.276657 0.846154 0.273775 0.842308 0.273775 0.834615 0.268012 0.826923
0 0.746398 0.130769 0.743516 0.134615 0.740634 0.134615 0.73487 0.142308 0.729107 0.142308 0.720461 0.153846 0.720461 0.157692 0.717579 0.161538 0.717579 0.165385 0.714697 0.169231 0.714697 0.180769 0.717579 0.184615 0.717579 0.192308 0.720461 0.196154 0.723343 0.196154 0.726225 0.2 0.752161 0.2 0.769452 0.176923 0.769452 0.173077 0.772334 0.169231 0.772334 0.138462 0.766571 0.130769
0 0.536023 0.842308 0.530259 0.85 0.530259 0.853846 0.527378 0.857692 0.527378 0.861538 0.524496 0.865385 0.524496 0.876923 0.521614 0.880769 0.521614 0.888462 0.518732 0.892308 0.518732 0.9 0.521614 0.903846 0.538905 0.903846 0.541787 0.9 0.54755 0.9 0.553314 0.892308 0.553314 0.884615 0.556196 0.880769 0.556196 0.869231 0.553314 0.865385 0.553314 0.861538 0.538905 0.842308
0 0.688761 0.103846 0.682997 0.111538 0.682997 0.115385 0.674352 0.126923 0.674352 0.142308 0.677233 0.146154 0.685879 0.146154 0.688761 0.142308 0.697406 0.142308 0.70317 0.134615 0.70317 0.123077 0.706052 0.119231 0.706052 0.111538 0.70317 0.107692 0.700288 0.107692 0.697406 0.103846
0 0.982709 0.303846 0.982709 0.307692 0.974063 0.319231 0.974063 0.323077 0.971182 0.326923 0.971182 0.346154 0.974063 0.35 0.974063 0.353846 0.979827 0.361538 0.997118 0.361538 0.997118 0.303846
0 0.783862 0.176923 0.78098 0.180769 0.775216 0.180769 0.766571 0.192308 0.766571 0.203846 0.769452 0.207692 0.769452 0.211538 0.772334 0.215385 0.789625 0.215385 0.792507 0.211538 0.786744 0.203846 0.786744 0.196154 0.789625 0.192308 0.789625 0.188462 0.792507 0.184615 0.792507 0.176923
0 0.118156 0.392308 0.115274 0.396154 0.115274 0.403846 0.112392 0.407692 0.112392 0.415385 0.10951 0.419231 0.10951 0.453846 0.112392 0.457692 0.115274 0.457692 0.118156 0.461538 0.129683 0.461538 0.132565 0.457692 0.138329 0.457692 0.14121 0.453846 0.144092 0.453846 0.15562 0.438462 0.15562 0.419231 0.149856 0.411538 0.138329 0.411538 0.129683 0.4 0.129683 0.392308
0 0.795389 0.873077 0.792507 0.876923 0.789625 0.876923 0.786744 0.880769 0.786744 0.884615 0.783862 0.888462 0.783862 0.903846 0.789625 0.911538 0.801153 0.911538 0.804035 0.907692 0.806916 0.907692 0.809798 0.903846 0.809798 0.888462 0.806916 0.884615 0.806916 0.880769 0.801153 0.873077
