0 0.0117188 0.90625 0.0078125 0.910156 0.0078125 0.929688 0.0195312 0.941406 0.0273438 0.941406 0.0351562 0.933594 0.0351562 0.929688 0.0390625 0.925781 0.0390625 0.910156 0.0351562 0.90625
0 0.136719 0.875 0.132812 0.878906 0.132812 0.902344 0.136719 0.90625 0.136719 0.910156 0.140625 0.914062 0.140625 0.917969 0.144531 0.921875 0.144531 0.925781 0.148438 0.929688 0.160156 0.929688 0.164062 0.925781 0.164062 0.914062 0.160156 0.910156 0.160156 0.894531 0.148438 0.882812 0.148438 0.878906 0.144531 0.875
0 0.0234375 0.21875 0.015625 0.226562 0.015625 0.242188 0.0234375 0.25 0.0273438 0.25 0.0390625 0.261719 0.0585938 0.261719 0.0625 0.257812 0.0625 0.242188 0.0585938 0.238281 0.0585938 0.234375 0.046875 0.222656 0.0390625 0.222656 0.0351562 0.21875
0 0.277344 0.53125 0.265625 0.542969 0.265625 0.558594 0.269531 0.5625 0.28125 0.5625 0.285156 0.558594 0.296875 0.558594 0.300781 0.554688 0.300781 0.535156 0.296875 0.53125
0 0.25 0.132812 0.246094 0.136719 0.246094 0.160156 0.25 0.164062 0.257812 0.164062 0.261719 0.160156 0.261719 0.136719 0.257812 0.132812
0 0.378906 0.417969 0.375 0.421875 0.375 0.445312 0.378906 0.449219 0.390625 0.449219 0.398438 0.441406 0.398438 0.425781 0.394531 0.421875 0.390625 0.421875 0.386719 0.417969
0 0.984375 0.496094 0.980469 0.5 0.976562 0.5 0.96875 0.507812 0.96875 0.515625 0.972656 0.519531 0.972656 0.523438 0.984375 0.535156 0.996094 0.535156 0.996094 0.5 0.992188 0.5 0.988281 0.496094
0 0.175781 0.0820312 0.171875 0.0859375 0.171875 0.0976562 0.179688 0.105469 0.1875 0.105469 0.191406 0.101562 0.191406 0.0898438 0.183594 0.0820312
0 0.585938 0.972656 0.578125 0.980469 0.578125 0.988281 0.574219 0.992188 0.574219 0.996094 0.601562 0.996094 0.601562 0.992188 0.597656 0.988281 0.597656 0.984375 0.59375 0.980469 0.59375 0.976562 0.589844 0.972656
0 0.4375 0.625 0.429688 0.632812 0.429688 0.636719 0.433594 0.640625 0.4375 0.640625 0.445312 0.648438 0.464844 0.648438 0.472656 0.65625 0.480469 0.65625 0.488281 0.648438 0.488281 0.644531 0.484375 0.640625 0.484375 0.636719 0.476562 0.628906 0.472656 0.628906 0.46875 0.625
0 0.410156 0.433594 0.394531 0.449219 0.394531 0.476562 0.402344 0.484375 0.421875 0.484375 0.425781 0.480469 0.425781 0.4375 0.421875 0.433594
0 0.15625 0.402344 0.152344 0.40625 0.148438 0.40625 0.144531 0.410156 0.140625 0.410156 0.140625 0.417969 0.136719 0.421875 0.144531 0.429688 0.144531 0.4375 0.148438 0.441406 0.15625 0.441406 0.160156 0.4375 0.167969 0.4375 0.175781 0.445312 0.179688 0.445312 0.1875 0.4375 0.1875 0.433594 0.183594 0.429688 0.183594 0.421875 0.171875 0.410156 0.167969 0.410156 0.160156 0.402344
0 0.339844 0 0.339844 0.0117188 0.34375 0.015625 0.351562 0.015625 0.355469 0.0117188 0.355469 0
0 0.46875 0.191406 0.464844 0.195312 0.464844 0.203125 0.46875 0.207031 0.476562 0.207031 0.480469 0.203125 0.480469 0.195312 0.476562 0.191406
0 0.820312 0.910156 0.816406 0.914062 0.816406 0.921875 0.8125 0.925781 0.8125 0.9375 0.824219 0.949219 0.835938 0.949219 0.839844 0.945312 0.839844 0.941406 0.847656 0.933594 0.847656 0.929688 0.84375 0.925781 0.84375 0.921875 0.832031 0.910156
0 0.226562 0.441406 0.222656 0.445312 0.222656 0.453125 0.226562 0.457031 0.226562 0.464844 0.230469 0.46875 0.230469 0.472656 0.234375 0.476562 0.253906 0.476562 0.261719 0.46875 0.261719 0.464844 0.253906 0.457031 0.25 0.457031 0.234375 0.441406
0 0.425781 0.3125 0.417969 0.320312 0.417969 0.332031 0.425781 0.339844 0.429688 0.339844 0.433594 0.34375 0.445312 0.34375 0.449219 0.347656 0.460938 0.347656 0.464844 0.34375 0.464844 0.339844 0.46875 0.335938 0.46875 0.328125 0.460938 0.320312 0.441406 0.320312 0.433594 0.3125
0 0.191406 0.078125 0.1875 0.0820312 0.195312 0.0898438 0.195312 0.101562 0.191406 0.105469 0.195312 0.109375 0.199219 0.109375 0.203125 0.105469 0.207031 0.105469 0.214844 0.0976562 0.214844 0.0898438 0.210938 0.0859375 0.210938 0.0820312 0.207031 0.078125
0 0.515625 0.441406 0.507812 0.449219 0.507812 0.457031 0.503906 0.460938 0.503906 0.480469 0.507812 0.484375 0.519531 0.484375 0.523438 0.488281 0.535156 0.488281 0.539062 0.484375 0.539062 0.449219 0.53125 0.441406
0 0.46875 0.6875 0.464844 0.691406 0.464844 0.699219 0.460938 0.703125 0.460938 0.710938 0.449219 0.722656 0.449219 0.726562 0.445312 0.730469 0.445312 0.738281 0.449219 0.742188 0.453125 0.742188 0.457031 0.746094 0.460938 0.746094 0.464844 0.75 0.46875 0.75 0.472656 0.746094 0.476562 0.746094 0.488281 0.734375 0.488281 0.726562 0.492188 0.722656 0.492188 0.703125 0.488281 0.699219 0.488281 0.695312 0.480469 0.6875
0 0.859375 0.113281 0.84375 0.128906 0.84375 0.144531 0.847656 0.148438 0.859375 0.148438 0.863281 0.144531 0.867188 0.144531 0.875 0.136719 0.875 0.117188 0.871094 0.113281
0 0.273438 0.140625 0.265625 0.148438 0.265625 0.160156 0.269531 0.164062 0.277344 0.164062 0.285156 0.15625 0.289062 0.15625 0.292969 0.152344 0.292969 0.144531 0.289062 0.140625
0 0.355469 0.453125 0.351562 0.457031 0.351562 0.472656 0.355469 0.476562 0.363281 0.476562 0.367188 0.472656 0.367188 0.457031 0.363281 0.453125
0 0.324219 0.175781 0.320312 0.179688 0.320312 0.183594 0.316406 0.1875 0.316406 0.191406 0.3125 0.195312 0.3125 0.214844 0.316406 0.21875 0.328125 0.21875 0.347656 0.199219 0.351562 0.199219 0.355469 0.195312 0.355469 0.1875 0.351562 0.183594 0.347656 0.183594 0.34375 0.179688 0.335938 0.179688 0.332031 0.175781
0 0.117188 0.917969 0.109375 0.925781 0.105469 0.925781 0.0976562 0.933594 0.0976562 0.941406 0.101562 0.945312 0.101562 0.949219 0.113281 0.960938 0.117188 0.960938 0.132812 0.945312 0.132812 0.9375 0.128906 0.933594 0.128906 0.921875 0.125 0.917969
0 0.671875 0 0.679688 0.0078125 0.703125 0.0078125 0.707031 0.00390625 0.707031 0
0 0.96875 0.707031 0.957031 0.71875 0.957031 0.726562 0.960938 0.730469 0.960938 0.734375 0.964844 0.738281 0.976562 0.738281 0.996094 0.757812 0.996094 0.710938 0.992188 0.707031
0 0.523438 0.15625 0.519531 0.160156 0.511719 0.160156 0.507812 0.164062 0.511719 0.167969 0.511719 0.183594 0.515625 0.183594 0.523438 0.191406 0.539062 0.191406 0.542969 0.1875 0.542969 0.175781 0.539062 0.171875 0.539062 0.160156 0.535156 0.15625
0 0.0195312 0.964844 0.0117188 0.972656 0.0117188 0.984375 0.015625 0.988281 0.0390625 0.988281 0.0429688 0.984375 0.0429688 0.96875 0.0390625 0.964844
0 0.210938 0.515625 0.207031 0.519531 0.203125 0.519531 0.191406 0.53125 0.191406 0.542969 0.195312 0.546875 0.199219 0.546875 0.203125 0.542969 0.207031 0.542969 0.214844 0.535156 0.226562 0.535156 0.230469 0.53125 0.230469 0.523438 0.222656 0.515625
0 0.324219 0.289062 0.320312 0.292969 0.304688 0.292969 0.296875 0.300781 0.285156 0.300781 0.28125 0.304688 0.277344 0.304688 0.273438 0.308594 0.273438 0.328125 0.277344 0.332031 0.316406 0.332031 0.320312 0.328125 0.320312 0.324219 0.332031 0.3125 0.332031 0.292969 0.328125 0.289062
0 0.0859375 0.980469 0.0820312 0.984375 0.078125 0.984375 0.0742188 0.988281 0.0664062 0.988281 0.0625 0.992188 0.0625 0.996094 0.105469 0.996094 0.109375 0.992188 0.109375 0.984375 0.105469 0.980469
0 0.125 0.402344 0.113281 0.414062 0.109375 0.414062 0.105469 0.417969 0.105469 0.4375 0.109375 0.441406 0.117188 0.441406 0.132812 0.425781 0.132812 0.421875 0.136719 0.417969 0.136719 0.40625 0.132812 0.402344
0 0.128906 0.714844 0.125 0.71875 0.117188 0.71875 0.113281 0.722656 0.109375 0.722656 0.105469 0.726562 0.105469 0.738281 0.113281 0.746094 0.117188 0.746094 0.121094 0.75 0.132812 0.75 0.136719 0.753906 0.148438 0.753906 0.152344 0.75 0.164062 0.75 0.167969 0.746094 0.167969 0.730469 0.15625 0.71875 0.148438 0.71875 0.144531 0.714844
0 0.0976562 0.445312 0.09375 0.449219 0.09375 0.457031 0.0976562 0.460938 0.105469 0.460938 0.109375 0.457031 0.109375 0.449219 0.105469 0.445312
0 0.527344 0.679688 0.523438 0.683594 0.523438 0.6875 0.519531 0.691406 0.519531 0.710938 0.523438 0.714844 0.542969 0.714844 0.554688 0.703125 0.558594 0.703125 0.5625 0.699219 0.5625 0.691406 0.554688 0.683594 0.539062 0.683594 0.535156 0.679688
0 0.542969 0.492188 0.539062 0.496094 0.539062 0.5 0.535156 0.503906 0.535156 0.53125 0.53125 0.535156 0.53125 0.539062 0.535156 0.542969 0.535156 0.546875 0.542969 0.554688 0.558594 0.554688 0.5625 0.550781 0.5625 0.546875 0.566406 0.542969 0.566406 0.539062 0.570312 0.535156 0.570312 0.511719 0.550781 0.492188
0 0.1875 0.675781 0.183594 0.679688 0.183594 0.707031 0.191406 0.714844 0.195312 0.714844 0.199219 0.710938 0.207031 0.710938 0.210938 0.707031 0.226562 0.707031 0.234375 0.699219 0.234375 0.691406 0.230469 0.6875 0.207031 0.6875 0.203125 0.683594 0.199219 0.683594 0.191406 0.675781
0 0.0351562 0.167969 0.03125 0.171875 0.0273438 0.171875 0.0195312 0.179688 0.0195312 0.183594 0.0273438 0.191406 0.0429688 0.191406 0.0507812 0.183594 0.0507812 0.171875 0.046875 0.167969
0 0.921875 0.226562 0.917969 0.230469 0.917969 0.234375 0.914062 0.238281 0.914062 0.253906 0.917969 0.257812 0.929688 0.257812 0.933594 0.253906 0.933594 0.230469 0.929688 0.226562
0 0.929688 0.03125 0.921875 0.0390625 0.921875 0.0507812 0.929688 0.0585938 0.941406 0.0585938 0.945312 0.0546875 0.953125 0.0546875 0.960938 0.046875 0.960938 0.0390625 0.953125 0.03125
0 0.304688 0.144531 0.300781 0.148438 0.300781 0.164062 0.304688 0.167969 0.308594 0.167969 0.3125 0.164062 0.3125 0.148438 0.308594 0.144531
0 0.359375 0 0.359375 0.015625 0.363281 0.0195312 0.371094 0.0195312 0.378906 0.0117188 0.378906 0
0 0.941406 0.191406 0.933594 0.199219 0.933594 0.210938 0.9375 0.214844 0.941406 0.214844 0.945312 0.21875 0.964844 0.21875 0.96875 0.214844 0.96875 0.203125 0.957031 0.191406
0 0.503906 0.199219 0.496094 0.207031 0.496094 0.222656 0.503906 0.230469 0.519531 0.230469 0.523438 0.226562 0.523438 0.222656 0.53125 0.214844 0.53125 0.207031 0.523438 0.199219
0 0.347656 0.675781 0.34375 0.679688 0.34375 0.6875 0.320312 0.710938 0.320312 0.730469 0.328125 0.738281 0.339844 0.738281 0.347656 0.730469 0.347656 0.726562 0.359375 0.714844 0.359375 0.710938 0.363281 0.707031 0.363281 0.699219 0.367188 0.695312 0.367188 0.683594 0.359375 0.675781
0 0.496094 0.164062 0.492188 0.167969 0.492188 0.171875 0.488281 0.175781 0.488281 0.179688 0.484375 0.183594 0.484375 0.199219 0.488281 0.203125 0.496094 0.203125 0.503906 0.195312 0.503906 0.1875 0.507812 0.183594 0.507812 0.167969 0.503906 0.164062
0 0.402344 0.488281 0.394531 0.496094 0.394531 0.503906 0.398438 0.507812 0.410156 0.507812 0.421875 0.519531 0.421875 0.523438 0.425781 0.527344 0.425781 0.53125 0.429688 0.535156 0.445312 0.535156 0.449219 0.53125 0.449219 0.527344 0.453125 0.523438 0.453125 0.503906 0.4375 0.488281
0 0 0.710938 0 0.746094 0.0117188 0.746094 0.0234375 0.734375 0.0234375 0.730469 0.0273438 0.726562 0.0273438 0.722656 0.0234375 0.71875 0.0195312 0.71875 0.015625 0.714844 0.0117188 0.714844 0.0078125 0.710938
0 0.359375 0.417969 0.355469 0.421875 0.355469 0.445312 0.359375 0.449219 0.363281 0.449219 0.371094 0.457031 0.371094 0.472656 0.367188 0.476562 0.371094 0.480469 0.382812 0.480469 0.390625 0.472656 0.390625 0.460938 0.386719 0.457031 0.371094 0.457031 0.367188 0.453125 0.367188 0.449219 0.371094 0.445312 0.371094 0.421875 0.367188 0.417969
0 0.140625 0.078125 0.136719 0.0820312 0.136719 0.0859375 0.128906 0.09375 0.128906 0.105469 0.136719 0.113281 0.140625 0.113281 0.144531 0.109375 0.148438 0.109375 0.152344 0.105469 0.152344 0.0859375 0.144531 0.078125
0 0.382812 0 0.382812 0.0117188 0.378906 0.015625 0.382812 0.0195312 0.394531 0.0195312 0.398438 0.015625 0.398438 0.0078125 0.394531 0.00390625 0.394531 0
0 0.285156 0.609375 0.28125 0.613281 0.28125 0.621094 0.277344 0.625 0.277344 0.628906 0.289062 0.640625 0.292969 0.640625 0.3125 0.621094 0.3125 0.617188 0.304688 0.609375
0 0.265625 0.824219 0.257812 0.832031 0.257812 0.835938 0.242188 0.851562 0.230469 0.851562 0.222656 0.859375 0.222656 0.863281 0.234375 0.875 0.242188 0.875 0.246094 0.878906 0.257812 0.878906 0.261719 0.875 0.269531 0.875 0.277344 0.867188 0.277344 0.832031 0.269531 0.824219
0 0.273438 0.738281 0.269531 0.742188 0.265625 0.742188 0.261719 0.746094 0.261719 0.765625 0.269531 0.773438 0.285156 0.773438 0.289062 0.769531 0.289062 0.765625 0.292969 0.761719 0.292969 0.746094 0.285156 0.738281
0 0.046875 0.609375 0.0390625 0.617188 0.0390625 0.640625 0.0429688 0.644531 0.0429688 0.648438 0.0507812 0.65625 0.0625 0.65625 0.0664062 0.652344 0.0664062 0.628906 0.0703125 0.625 0.0703125 0.613281 0.0664062 0.609375
0 0.859375 0.164062 0.855469 0.167969 0.84375 0.167969 0.839844 0.171875 0.835938 0.171875 0.828125 0.179688 0.828125 0.183594 0.835938 0.191406 0.859375 0.191406 0.871094 0.179688 0.871094 0.171875 0.863281 0.164062
0 0.300781 0.816406 0.292969 0.824219 0.292969 0.847656 0.296875 0.851562 0.3125 0.851562 0.316406 0.847656 0.324219 0.847656 0.328125 0.84375 0.328125 0.835938 0.324219 0.832031 0.324219 0.828125 0.3125 0.816406
0 0.363281 0.0507812 0.351562 0.0625 0.351562 0.0742188 0.355469 0.078125 0.375 0.078125 0.382812 0.0703125 0.382812 0.0585938 0.375 0.0507812
