0 0.0351562 0.675781 0.03125 0.679688 0.03125 0.691406 0.0273438 0.695312 0.0273438 0.722656 0.03125 0.726562 0.0507812 0.726562 0.0546875 0.722656 0.0546875 0.714844 0.0585938 0.710938 0.0585938 0.695312 0.0625 0.691406 0.0625 0.679688 0.0585938 0.675781
0 0.917969 0.492188 0.910156 0.5 0.910156 0.503906 0.90625 0.507812 0.90625 0.527344 0.910156 0.527344 0.925781 0.511719 0.925781 0.5
0 0.433594 0.628906 0.425781 0.636719 0.425781 0.648438 0.433594 0.65625 0.433594 0.660156 0.4375 0.664062 0.445312 0.664062 0.453125 0.65625 0.453125 0.652344 0.457031 0.648438 0.457031 0.636719 0.453125 0.632812 0.449219 0.632812 0.445312 0.628906
0 0.496094 0.941406 0.496094 0.953125 0.5 0.957031 0.5 0.960938 0.519531 0.960938 0.523438 0.957031 0.523438 0.953125 0.519531 0.949219 0.519531 0.945312 0.507812 0.945312 0.503906 0.941406
0 0.527344 0.0117188 0.523438 0.015625 0.523438 0.0234375 0.527344 0.0273438 0.535156 0.0273438 0.539062 0.0234375 0.539062 0.015625 0.535156 0.0117188
0 0.546875 0.00390625 0.542969 0.0078125 0.542969 0.015625 0.546875 0.0195312 0.554688 0.0195312 0.558594 0.015625 0.558594 0.0078125 0.554688 0.00390625
0 0.402344 0.957031 0.398438 0.960938 0.398438 0.96875 0.402344 0.972656 0.410156 0.972656 0.414062 0.96875 0.414062 0.960938 0.410156 0.957031
0 0.0625 0.695312 0.0625 0.714844 0.0703125 0.714844 0.0742188 0.710938 0.0742188 0.699219 0.0703125 0.695312
0 0.503906 0.621094 0.5 0.625 0.488281 0.625 0.480469 0.632812 0.480469 0.652344 0.484375 0.65625 0.484375 0.660156 0.488281 0.664062 0.496094 0.664062 0.5 0.660156 0.542969 0.660156 0.546875 0.65625 0.546875 0.632812 0.535156 0.621094
0 0.40625 0.886719 0.402344 0.890625 0.394531 0.890625 0.382812 0.902344 0.382812 0.925781 0.390625 0.933594 0.410156 0.933594 0.414062 0.9375 0.417969 0.9375 0.421875 0.933594 0.429688 0.933594 0.433594 0.929688 0.4375 0.929688 0.441406 0.925781 0.441406 0.90625 0.4375 0.902344 0.4375 0.898438 0.433594 0.894531 0.429688 0.894531 0.425781 0.890625 0.417969 0.890625 0.414062 0.886719
0 0.40625 0.636719 0.402344 0.640625 0.402344 0.648438 0.40625 0.652344 0.414062 0.652344 0.417969 0.648438 0.417969 0.640625 0.414062 0.636719
0 0.703125 0 0.703125 0.0078125 0.707031 0.0117188 0.734375 0.0117188 0.738281 0.0078125 0.738281 0
0 0.386719 0.582031 0.382812 0.585938 0.382812 0.59375 0.394531 0.605469 0.394531 0.609375 0.398438 0.613281 0.398438 0.621094 0.402344 0.625 0.414062 0.625 0.417969 0.621094 0.417969 0.605469 0.414062 0.601562 0.414062 0.59375 0.40625 0.585938 0.402344 0.585938 0.398438 0.582031
0 0.371094 0.601562 0.367188 0.605469 0.367188 0.613281 0.378906 0.625 0.390625 0.625 0.394531 0.621094 0.394531 0.613281 0.390625 0.609375 0.390625 0.605469 0.386719 0.601562
0 0.875 0.484375 0.871094 0.488281 0.867188 0.488281 0.863281 0.492188 0.863281 0.5 0.859375 0.503906 0.859375 0.507812 0.863281 0.511719 0.863281 0.515625 0.871094 0.523438 0.882812 0.523438 0.890625 0.515625 0.890625 0.507812 0.894531 0.503906 0.890625 0.5 0.890625 0.484375
0 0.441406 0.964844 0.441406 0.96875 0.4375 0.972656 0.433594 0.972656 0.429688 0.976562 0.4375 0.984375 0.441406 0.984375 0.445312 0.988281 0.449219 0.984375 0.453125 0.984375 0.457031 0.980469 0.457031 0.972656 0.449219 0.964844
0 0.542969 0.0234375 0.539062 0.0273438 0.539062 0.0351562 0.542969 0.0390625 0.550781 0.0390625 0.554688 0.0351562 0.554688 0.0273438 0.550781 0.0234375
0 0.453125 0.59375 0.449219 0.597656 0.449219 0.617188 0.453125 0.621094 0.472656 0.621094 0.476562 0.617188 0.476562 0.605469 0.472656 0.601562 0.472656 0.597656 0.46875 0.59375
0 0.5 0.664062 0.496094 0.667969 0.484375 0.667969 0.480469 0.671875 0.480469 0.679688 0.484375 0.683594 0.503906 0.683594 0.507812 0.679688 0.53125 0.679688 0.535156 0.683594 0.546875 0.683594 0.550781 0.679688 0.550781 0.671875 0.542969 0.664062
0 0.464844 0.660156 0.460938 0.664062 0.460938 0.671875 0.464844 0.675781 0.472656 0.675781 0.476562 0.671875 0.476562 0.664062 0.472656 0.660156
