0 0.898438 0.953125 0.894531 0.957031 0.886719 0.957031 0.878906 0.964844 0.878906 0.972656 0.886719 0.980469 0.886719 0.984375 0.890625 0.988281 0.890625 0.996094 0.9375 0.996094 0.941406 0.992188 0.941406 0.980469 0.945312 0.976562 0.945312 0.964844 0.933594 0.953125
0 0.992188 0.75 0.988281 0.753906 0.984375 0.753906 0.976562 0.761719 0.976562 0.769531 0.972656 0.773438 0.972656 0.789062 0.976562 0.792969 0.976562 0.796875 0.984375 0.804688 0.988281 0.804688 0.996094 0.8125 0.996094 0.75
0 0.886719 0 0.898438 0.0117188 0.902344 0.0117188 0.90625 0.015625 0.910156 0.015625 0.914062 0.0195312 0.929688 0.0195312 0.933594 0.0234375 0.945312 0.0234375 0.949219 0.0195312 0.957031 0.0195312 0.960938 0.015625 0.960938 0.0117188 0.964844 0.0078125 0.964844 0.00390625 0.96875 0
0 0 0.632812 0 0.695312 0.00390625 0.699219 0.0078125 0.699219 0.0273438 0.679688 0.0273438 0.652344 0.0234375 0.648438 0.0234375 0.644531 0.015625 0.636719 0.0117188 0.636719 0.0078125 0.632812
0 0.613281 0.0546875 0.609375 0.0585938 0.601562 0.0585938 0.597656 0.0625 0.59375 0.0625 0.582031 0.0742188 0.582031 0.078125 0.578125 0.0820312 0.578125 0.0898438 0.582031 0.09375 0.582031 0.0976562 0.589844 0.105469 0.59375 0.105469 0.597656 0.109375 0.601562 0.109375 0.617188 0.125 0.632812 0.125 0.652344 0.105469 0.652344 0.0976562 0.65625 0.09375 0.65625 0.078125 0.636719 0.0585938 0.632812 0.0585938 0.628906 0.0546875
0 0.621094 0.863281 0.617188 0.867188 0.613281 0.867188 0.601562 0.878906 0.597656 0.878906 0.582031 0.894531 0.582031 0.898438 0.578125 0.902344 0.578125 0.90625 0.582031 0.910156 0.582031 0.914062 0.589844 0.921875 0.644531 0.921875 0.648438 0.917969 0.648438 0.914062 0.65625 0.90625 0.65625 0.890625 0.652344 0.886719 0.652344 0.882812 0.636719 0.867188 0.632812 0.867188 0.628906 0.863281
0 0.433594 0.699219 0.425781 0.707031 0.421875 0.707031 0.414062 0.714844 0.410156 0.714844 0.402344 0.722656 0.402344 0.726562 0.394531 0.734375 0.394531 0.746094 0.398438 0.75 0.402344 0.75 0.410156 0.757812 0.410156 0.769531 0.414062 0.773438 0.457031 0.773438 0.460938 0.769531 0.460938 0.757812 0.453125 0.75 0.453125 0.746094 0.457031 0.742188 0.457031 0.726562 0.453125 0.722656 0.453125 0.714844 0.449219 0.710938 0.449219 0.707031 0.441406 0.699219
0 0.0976562 0.691406 0.09375 0.695312 0.0898438 0.695312 0.078125 0.707031 0.078125 0.714844 0.0703125 0.722656 0.0703125 0.734375 0.0664062 0.738281 0.0664062 0.746094 0.0703125 0.75 0.0703125 0.753906 0.0742188 0.757812 0.078125 0.757812 0.0820312 0.761719 0.101562 0.761719 0.117188 0.746094 0.117188 0.742188 0.121094 0.738281 0.121094 0.734375 0.125 0.730469 0.125 0.722656 0.117188 0.714844 0.117188 0.699219 0.109375 0.691406
0 0.8125 0.496094 0.804688 0.503906 0.804688 0.507812 0.800781 0.511719 0.800781 0.515625 0.792969 0.523438 0.792969 0.550781 0.804688 0.5625 0.828125 0.5625 0.835938 0.554688 0.835938 0.550781 0.84375 0.542969 0.84375 0.527344 0.847656 0.523438 0.847656 0.507812 0.839844 0.5 0.824219 0.5 0.820312 0.496094
0 0.355469 0.160156 0.347656 0.167969 0.347656 0.171875 0.34375 0.175781 0.34375 0.183594 0.339844 0.1875 0.339844 0.203125 0.34375 0.207031 0.34375 0.210938 0.355469 0.222656 0.367188 0.222656 0.371094 0.21875 0.378906 0.21875 0.382812 0.214844 0.382812 0.210938 0.390625 0.203125 0.390625 0.191406 0.394531 0.1875 0.394531 0.179688 0.390625 0.175781 0.390625 0.171875 0.386719 0.167969 0.386719 0.164062 0.382812 0.160156
0 0.335938 0.664062 0.320312 0.679688 0.320312 0.703125 0.328125 0.710938 0.328125 0.714844 0.335938 0.722656 0.339844 0.722656 0.34375 0.726562 0.375 0.726562 0.378906 0.722656 0.390625 0.722656 0.398438 0.714844 0.398438 0.691406 0.386719 0.679688 0.382812 0.679688 0.367188 0.664062
0 0.0429688 0.96875 0.0351562 0.976562 0.03125 0.976562 0.0273438 0.980469 0.0234375 0.980469 0.0195312 0.984375 0.0195312 0.996094 0.078125 0.996094 0.078125 0.988281 0.0703125 0.980469 0.0703125 0.972656 0.0664062 0.96875
0 0.519531 0.1875 0.511719 0.195312 0.5 0.195312 0.496094 0.199219 0.492188 0.199219 0.484375 0.207031 0.480469 0.207031 0.476562 0.210938 0.476562 0.222656 0.480469 0.226562 0.480469 0.234375 0.484375 0.238281 0.5 0.238281 0.507812 0.246094 0.542969 0.246094 0.546875 0.242188 0.546875 0.238281 0.554688 0.230469 0.554688 0.21875 0.558594 0.214844 0.558594 0.210938 0.5625 0.207031 0.5625 0.199219 0.550781 0.1875
0 0.113281 0.597656 0.105469 0.605469 0.105469 0.625 0.109375 0.628906 0.109375 0.632812 0.117188 0.640625 0.121094 0.640625 0.125 0.644531 0.136719 0.644531 0.140625 0.648438 0.148438 0.648438 0.15625 0.640625 0.15625 0.636719 0.160156 0.632812 0.160156 0.621094 0.15625 0.617188 0.15625 0.613281 0.152344 0.609375 0.152344 0.605469 0.148438 0.601562 0.144531 0.601562 0.140625 0.597656
0 0.777344 0.398438 0.765625 0.410156 0.765625 0.421875 0.769531 0.425781 0.769531 0.429688 0.777344 0.4375 0.785156 0.4375 0.789062 0.433594 0.804688 0.433594 0.808594 0.4375 0.8125 0.4375 0.820312 0.429688 0.820312 0.421875 0.816406 0.417969 0.816406 0.414062 0.8125 0.410156 0.8125 0.40625 0.804688 0.398438
0 0.746094 0.828125 0.742188 0.832031 0.742188 0.839844 0.738281 0.84375 0.738281 0.847656 0.730469 0.855469 0.730469 0.859375 0.738281 0.867188 0.738281 0.871094 0.746094 0.878906 0.75 0.878906 0.753906 0.882812 0.765625 0.882812 0.769531 0.878906 0.777344 0.878906 0.78125 0.875 0.78125 0.871094 0.785156 0.867188 0.785156 0.847656 0.78125 0.84375 0.777344 0.84375 0.773438 0.839844 0.769531 0.839844 0.757812 0.828125
0 0.472656 0.695312 0.46875 0.699219 0.46875 0.761719 0.476562 0.769531 0.484375 0.769531 0.488281 0.773438 0.503906 0.773438 0.511719 0.78125 0.53125 0.78125 0.535156 0.777344 0.542969 0.777344 0.546875 0.773438 0.546875 0.765625 0.550781 0.761719 0.550781 0.757812 0.554688 0.753906 0.554688 0.734375 0.542969 0.722656 0.519531 0.722656 0.507812 0.710938 0.492188 0.710938 0.484375 0.703125 0.484375 0.699219 0.480469 0.695312
0 0.398438 0.90625 0.390625 0.914062 0.390625 0.925781 0.386719 0.929688 0.386719 0.941406 0.390625 0.945312 0.390625 0.980469 0.402344 0.992188 0.410156 0.992188 0.414062 0.996094 0.441406 0.996094 0.445312 0.992188 0.460938 0.992188 0.464844 0.988281 0.464844 0.984375 0.472656 0.976562 0.472656 0.9375 0.460938 0.925781 0.457031 0.925781 0.453125 0.921875 0.449219 0.921875 0.445312 0.917969 0.4375 0.917969 0.433594 0.914062 0.429688 0.914062 0.425781 0.910156 0.417969 0.910156 0.414062 0.90625
0 0.6875 0.148438 0.683594 0.152344 0.679688 0.152344 0.660156 0.171875 0.660156 0.183594 0.664062 0.1875 0.664062 0.191406 0.667969 0.195312 0.667969 0.199219 0.675781 0.207031 0.683594 0.207031 0.6875 0.210938 0.691406 0.210938 0.695312 0.207031 0.703125 0.207031 0.707031 0.203125 0.714844 0.203125 0.71875 0.199219 0.722656 0.199219 0.726562 0.195312 0.726562 0.1875 0.730469 0.183594 0.730469 0.171875 0.726562 0.167969 0.726562 0.164062 0.714844 0.152344 0.710938 0.152344 0.707031 0.148438
0 0.257812 0 0.261719 0.00390625 0.265625 0.00390625 0.269531 0.0078125 0.285156 0.0078125 0.292969 0 0.300781 0
0 0.0507812 0.792969 0.0429688 0.800781 0.0390625 0.800781 0.0351562 0.804688 0.0273438 0.804688 0.0117188 0.820312 0.0117188 0.847656 0.03125 0.867188 0.0351562 0.867188 0.0390625 0.871094 0.046875 0.871094 0.0507812 0.867188 0.0664062 0.867188 0.078125 0.855469 0.078125 0.851562 0.0859375 0.84375 0.0859375 0.839844 0.0898438 0.835938 0.0898438 0.820312 0.0859375 0.816406 0.0859375 0.804688 0.078125 0.796875 0.0742188 0.796875 0.0703125 0.792969
0 0.175781 0.0585938 0.15625 0.078125 0.15625 0.0859375 0.152344 0.0898438 0.152344 0.0976562 0.15625 0.101562 0.15625 0.105469 0.164062 0.113281 0.179688 0.113281 0.183594 0.117188 0.1875 0.117188 0.195312 0.109375 0.199219 0.109375 0.210938 0.0976562 0.210938 0.0898438 0.214844 0.0859375 0.214844 0.0742188 0.210938 0.0703125 0.210938 0.0664062 0.203125 0.0585938
0 0.828125 0.679688 0.808594 0.699219 0.808594 0.703125 0.800781 0.710938 0.800781 0.734375 0.804688 0.738281 0.804688 0.742188 0.820312 0.757812 0.820312 0.761719 0.824219 0.765625 0.851562 0.765625 0.855469 0.761719 0.859375 0.761719 0.878906 0.742188 0.878906 0.738281 0.882812 0.734375 0.882812 0.71875 0.878906 0.714844 0.878906 0.710938 0.875 0.707031 0.875 0.703125 0.867188 0.695312 0.867188 0.691406 0.863281 0.6875 0.859375 0.6875 0.855469 0.683594 0.847656 0.683594 0.84375 0.679688
0 0.0117188 0.0507812 0.00390625 0.0585938 0 0.0585938 0 0.078125 0.00390625 0.0820312 0.0195312 0.0820312 0.0234375 0.078125 0.0273438 0.078125 0.03125 0.0742188 0.03125 0.0546875 0.0273438 0.0507812
0 0.5 0.925781 0.488281 0.9375 0.488281 0.960938 0.492188 0.964844 0.496094 0.964844 0.5 0.96875 0.523438 0.96875 0.527344 0.964844 0.539062 0.964844 0.546875 0.957031 0.546875 0.953125 0.550781 0.949219 0.550781 0.941406 0.546875 0.9375 0.546875 0.933594 0.542969 0.929688 0.539062 0.929688 0.535156 0.925781
0 0.496094 0.851562 0.488281 0.859375 0.488281 0.863281 0.484375 0.867188 0.484375 0.878906 0.492188 0.886719 0.492188 0.890625 0.503906 0.902344 0.507812 0.902344 0.511719 0.898438 0.515625 0.898438 0.523438 0.890625 0.523438 0.886719 0.535156 0.875 0.535156 0.867188 0.523438 0.855469 0.519531 0.855469 0.515625 0.851562
0 0.09375 0 0.0859375 0.0078125 0.0859375 0.015625 0.0820312 0.0195312 0.0820312 0.03125 0.0976562 0.046875 0.101562 0.046875 0.105469 0.0507812 0.125 0.0507812 0.136719 0.0390625 0.136719 0.0351562 0.140625 0.03125 0.140625 0.0234375 0.136719 0.0195312 0.136719 0.00390625 0.132812 0
0 0.703125 0.480469 0.699219 0.484375 0.699219 0.488281 0.6875 0.5 0.683594 0.5 0.679688 0.496094 0.675781 0.496094 0.671875 0.5 0.671875 0.507812 0.667969 0.511719 0.667969 0.523438 0.671875 0.527344 0.671875 0.539062 0.679688 0.546875 0.683594 0.546875 0.6875 0.550781 0.691406 0.550781 0.699219 0.558594 0.707031 0.558594 0.710938 0.554688 0.714844 0.554688 0.71875 0.550781 0.722656 0.550781 0.742188 0.53125 0.742188 0.519531 0.746094 0.515625 0.746094 0.503906 0.738281 0.496094 0.738281 0.492188 0.726562 0.480469
0 0.492188 0.121094 0.488281 0.125 0.484375 0.125 0.46875 0.140625 0.46875 0.160156 0.5 0.191406 0.511719 0.191406 0.519531 0.183594 0.550781 0.183594 0.554688 0.179688 0.554688 0.171875 0.558594 0.167969 0.558594 0.160156 0.554688 0.15625 0.554688 0.144531 0.546875 0.136719 0.542969 0.136719 0.539062 0.132812 0.535156 0.132812 0.523438 0.121094
0 0.246094 0.957031 0.242188 0.960938 0.230469 0.960938 0.222656 0.96875 0.222656 0.972656 0.21875 0.976562 0.21875 0.980469 0.214844 0.984375 0.214844 0.996094 0.289062 0.996094 0.289062 0.988281 0.285156 0.984375 0.28125 0.984375 0.277344 0.980469 0.273438 0.980469 0.265625 0.972656 0.265625 0.960938 0.261719 0.957031
0 0.71875 0.71875 0.703125 0.734375 0.703125 0.777344 0.707031 0.78125 0.707031 0.785156 0.71875 0.796875 0.726562 0.796875 0.734375 0.804688 0.75 0.804688 0.769531 0.785156 0.769531 0.78125 0.773438 0.777344 0.773438 0.765625 0.769531 0.761719 0.769531 0.753906 0.765625 0.75 0.765625 0.742188 0.742188 0.71875
0 0.191406 0.710938 0.183594 0.71875 0.179688 0.71875 0.171875 0.726562 0.171875 0.753906 0.191406 0.773438 0.214844 0.773438 0.21875 0.769531 0.21875 0.765625 0.222656 0.761719 0.222656 0.722656 0.21875 0.71875 0.21875 0.714844 0.214844 0.710938
0 0.980469 0.59375 0.976562 0.597656 0.972656 0.597656 0.96875 0.601562 0.96875 0.605469 0.964844 0.609375 0.964844 0.617188 0.960938 0.621094 0.960938 0.644531 0.96875 0.652344 0.972656 0.652344 0.976562 0.648438 0.980469 0.648438 0.984375 0.652344 0.992188 0.652344 0.996094 0.648438 0.996094 0.59375
0 0.621094 0.949219 0.617188 0.953125 0.613281 0.953125 0.609375 0.957031 0.609375 0.96875 0.621094 0.980469 0.628906 0.980469 0.632812 0.976562 0.636719 0.976562 0.640625 0.972656 0.640625 0.964844 0.636719 0.960938 0.636719 0.953125 0.632812 0.949219
0 0.363281 0.03125 0.355469 0.0390625 0.355469 0.0507812 0.351562 0.0546875 0.351562 0.0664062 0.375 0.0898438 0.375 0.09375 0.378906 0.0976562 0.398438 0.0976562 0.414062 0.0820312 0.414062 0.078125 0.417969 0.0742188 0.417969 0.0546875 0.414062 0.0507812 0.414062 0.0429688 0.410156 0.0390625 0.394531 0.0390625 0.390625 0.0351562 0.382812 0.0351562 0.378906 0.03125
0 0.894531 0.496094 0.890625 0.5 0.886719 0.5 0.875 0.511719 0.875 0.523438 0.878906 0.527344 0.886719 0.527344 0.902344 0.542969 0.914062 0.542969 0.921875 0.535156 0.925781 0.535156 0.933594 0.527344 0.933594 0.515625 0.929688 0.511719 0.929688 0.507812 0.921875 0.5 0.917969 0.5 0.914062 0.496094
0 0.160156 0.816406 0.144531 0.832031 0.144531 0.839844 0.148438 0.84375 0.148438 0.863281 0.152344 0.867188 0.152344 0.871094 0.160156 0.878906 0.167969 0.878906 0.171875 0.882812 0.179688 0.882812 0.183594 0.886719 0.1875 0.886719 0.191406 0.890625 0.214844 0.890625 0.21875 0.886719 0.222656 0.886719 0.230469 0.878906 0.230469 0.875 0.234375 0.871094 0.234375 0.84375 0.214844 0.824219 0.203125 0.824219 0.199219 0.820312 0.191406 0.820312 0.1875 0.816406
0 0.648438 0.699219 0.644531 0.703125 0.632812 0.703125 0.625 0.710938 0.625 0.714844 0.621094 0.71875 0.621094 0.722656 0.617188 0.726562 0.617188 0.757812 0.621094 0.761719 0.632812 0.761719 0.636719 0.765625 0.640625 0.765625 0.648438 0.773438 0.679688 0.773438 0.683594 0.769531 0.683594 0.765625 0.691406 0.757812 0.691406 0.730469 0.6875 0.726562 0.683594 0.726562 0.671875 0.714844 0.671875 0.710938 0.667969 0.707031 0.664062 0.707031 0.65625 0.699219
0 0.546875 0.609375 0.539062 0.617188 0.535156 0.617188 0.53125 0.621094 0.53125 0.625 0.527344 0.628906 0.527344 0.640625 0.53125 0.644531 0.53125 0.652344 0.539062 0.660156 0.542969 0.660156 0.546875 0.65625 0.550781 0.65625 0.554688 0.652344 0.5625 0.652344 0.566406 0.648438 0.570312 0.648438 0.582031 0.636719 0.582031 0.625 0.566406 0.609375
0 0.398438 0.621094 0.394531 0.625 0.390625 0.625 0.386719 0.628906 0.386719 0.652344 0.394531 0.660156 0.398438 0.660156 0.40625 0.667969 0.410156 0.667969 0.414062 0.671875 0.421875 0.671875 0.433594 0.660156 0.433594 0.632812 0.429688 0.628906 0.417969 0.628906 0.410156 0.621094
0 0.125 0.957031 0.121094 0.960938 0.113281 0.960938 0.105469 0.96875 0.105469 0.988281 0.109375 0.992188 0.109375 0.996094 0.148438 0.996094 0.152344 0.992188 0.152344 0.964844 0.148438 0.960938 0.144531 0.960938 0.140625 0.957031
0 0 0.902344 0 0.941406 0.00390625 0.945312 0.0117188 0.945312 0.015625 0.941406 0.015625 0.925781 0.0117188 0.921875 0.0117188 0.90625 0.0078125 0.902344
0 0.136719 0.878906 0.132812 0.882812 0.121094 0.882812 0.109375 0.894531 0.109375 0.917969 0.113281 0.921875 0.113281 0.925781 0.121094 0.933594 0.128906 0.933594 0.136719 0.941406 0.152344 0.941406 0.15625 0.9375 0.160156 0.9375 0.164062 0.933594 0.164062 0.921875 0.167969 0.917969 0.167969 0.914062 0.164062 0.910156 0.164062 0.902344 0.152344 0.890625 0.152344 0.886719 0.148438 0.882812 0.144531 0.882812 0.140625 0.878906
0 0.046875 0.0351562 0.0429688 0.0390625 0.0429688 0.046875 0.046875 0.0507812 0.0625 0.0507812 0.0664062 0.046875 0.0664062 0.0390625 0.0625 0.0351562
