0 0.0078125 0.425781 0.00390625 0.429688 0 0.429688 0 0.488281 0.00390625 0.488281 0.015625 0.476562 0.0195312 0.476562 0.0351562 0.460938 0.0351562 0.4375 0.0273438 0.429688 0.0234375 0.429688 0.0195312 0.425781
0 0.402344 0.363281 0.390625 0.375 0.390625 0.382812 0.394531 0.386719 0.394531 0.390625 0.398438 0.394531 0.398438 0.398438 0.40625 0.40625 0.414062 0.40625 0.417969 0.410156 0.429688 0.410156 0.429688 0.40625 0.433594 0.402344 0.433594 0.398438 0.4375 0.394531 0.433594 0.390625 0.433594 0.382812 0.429688 0.378906 0.429688 0.375 0.421875 0.367188 0.417969 0.367188 0.414062 0.363281
0 0.730469 0.878906 0.722656 0.886719 0.722656 0.902344 0.730469 0.910156 0.730469 0.914062 0.734375 0.917969 0.738281 0.917969 0.746094 0.925781 0.765625 0.925781 0.769531 0.921875 0.773438 0.921875 0.773438 0.917969 0.777344 0.914062 0.777344 0.90625 0.773438 0.902344 0.773438 0.898438 0.757812 0.882812 0.753906 0.882812 0.75 0.878906
0 0.457031 0.601562 0.449219 0.609375 0.449219 0.632812 0.457031 0.640625 0.457031 0.644531 0.460938 0.644531 0.464844 0.648438 0.472656 0.648438 0.476562 0.652344 0.488281 0.652344 0.492188 0.648438 0.492188 0.644531 0.496094 0.640625 0.496094 0.632812 0.5 0.628906 0.496094 0.625 0.496094 0.617188 0.484375 0.605469 0.476562 0.605469 0.472656 0.601562
0 0.324219 0.0273438 0.320312 0.03125 0.316406 0.03125 0.316406 0.0351562 0.3125 0.0390625 0.3125 0.0625 0.316406 0.0664062 0.316406 0.0703125 0.320312 0.0742188 0.320312 0.078125 0.328125 0.0859375 0.332031 0.0859375 0.335938 0.0898438 0.355469 0.0898438 0.359375 0.0859375 0.359375 0.0820312 0.363281 0.078125 0.363281 0.0507812 0.359375 0.046875 0.359375 0.0429688 0.351562 0.0351562 0.351562 0.03125 0.347656 0.03125 0.34375 0.0273438
0 0.859375 0.210938 0.855469 0.214844 0.855469 0.21875 0.847656 0.226562 0.847656 0.25 0.851562 0.253906 0.855469 0.253906 0.859375 0.257812 0.871094 0.257812 0.878906 0.25 0.878906 0.226562 0.875 0.222656 0.875 0.21875 0.867188 0.210938
0 0.703125 0.457031 0.699219 0.460938 0.691406 0.460938 0.683594 0.46875 0.683594 0.472656 0.679688 0.476562 0.679688 0.488281 0.6875 0.496094 0.6875 0.5 0.691406 0.5 0.695312 0.503906 0.699219 0.503906 0.703125 0.507812 0.707031 0.507812 0.710938 0.511719 0.726562 0.511719 0.730469 0.507812 0.734375 0.507812 0.738281 0.503906 0.742188 0.503906 0.742188 0.5 0.746094 0.496094 0.746094 0.492188 0.75 0.488281 0.746094 0.484375 0.746094 0.476562 0.730469 0.460938 0.726562 0.460938 0.722656 0.457031
0 0.667969 0.183594 0.65625 0.195312 0.636719 0.195312 0.632812 0.199219 0.628906 0.199219 0.628906 0.238281 0.632812 0.242188 0.632812 0.246094 0.644531 0.257812 0.660156 0.257812 0.667969 0.25 0.671875 0.25 0.671875 0.242188 0.675781 0.238281 0.675781 0.230469 0.679688 0.226562 0.679688 0.21875 0.683594 0.214844 0.683594 0.195312 0.671875 0.183594
0 0.925781 0 0.914062 0.0117188 0.914062 0.0351562 0.921875 0.0429688 0.929688 0.0429688 0.9375 0.0351562 0.9375 0.0273438 0.941406 0.0234375 0.941406 0
0 0.0195312 0.753906 0.0117188 0.761719 0.0117188 0.78125 0.0234375 0.792969 0.0273438 0.792969 0.03125 0.796875 0.0351562 0.796875 0.0390625 0.800781 0.0429688 0.796875 0.0546875 0.796875 0.0585938 0.792969 0.0585938 0.789062 0.0625 0.785156 0.0625 0.777344 0.0585938 0.773438 0.0585938 0.769531 0.046875 0.757812 0.0429688 0.757812 0.0390625 0.753906
