0 0.722656 0.914062 0.714844 0.921875 0.714844 0.945312 0.71875 0.945312 0.722656 0.949219 0.726562 0.949219 0.734375 0.957031 0.746094 0.957031 0.75 0.953125 0.753906 0.953125 0.753906 0.929688 0.742188 0.917969 0.738281 0.917969 0.734375 0.914062
0 0.761719 0.4375 0.757812 0.441406 0.757812 0.445312 0.753906 0.449219 0.753906 0.464844 0.761719 0.472656 0.777344 0.472656 0.78125 0.46875 0.78125 0.457031 0.785156 0.453125 0.785156 0.445312 0.777344 0.4375
0 0.550781 0.347656 0.539062 0.359375 0.539062 0.363281 0.535156 0.367188 0.535156 0.386719 0.542969 0.386719 0.546875 0.390625 0.554688 0.390625 0.558594 0.386719 0.566406 0.386719 0.570312 0.382812 0.570312 0.351562 0.566406 0.347656
0 0.328125 0.578125 0.320312 0.585938 0.320312 0.601562 0.328125 0.609375 0.367188 0.609375 0.371094 0.605469 0.371094 0.589844 0.363281 0.582031 0.359375 0.582031 0.355469 0.578125
0 0.328125 0.269531 0.316406 0.28125 0.316406 0.292969 0.320312 0.296875 0.320312 0.300781 0.328125 0.308594 0.339844 0.308594 0.34375 0.3125 0.351562 0.3125 0.359375 0.304688 0.359375 0.285156 0.34375 0.269531
0 0.570312 0.609375 0.566406 0.613281 0.558594 0.613281 0.550781 0.621094 0.550781 0.640625 0.554688 0.644531 0.574219 0.644531 0.578125 0.640625 0.585938 0.640625 0.589844 0.636719 0.59375 0.636719 0.59375 0.632812 0.597656 0.628906 0.597656 0.617188 0.589844 0.609375
0 0.574219 0.863281 0.570312 0.867188 0.570312 0.890625 0.582031 0.902344 0.59375 0.902344 0.601562 0.894531 0.601562 0.878906 0.589844 0.867188 0.589844 0.863281
0 0.863281 0.300781 0.855469 0.308594 0.855469 0.328125 0.859375 0.332031 0.863281 0.332031 0.871094 0.339844 0.886719 0.339844 0.894531 0.332031 0.894531 0.328125 0.898438 0.324219 0.898438 0.308594 0.894531 0.304688 0.890625 0.304688 0.886719 0.300781
0 0.917969 0.875 0.914062 0.878906 0.90625 0.878906 0.90625 0.882812 0.902344 0.886719 0.902344 0.898438 0.90625 0.902344 0.921875 0.902344 0.925781 0.898438 0.925781 0.882812
0 0.335938 0.6875 0.332031 0.691406 0.332031 0.699219 0.335938 0.703125 0.34375 0.703125 0.347656 0.699219 0.347656 0.691406 0.34375 0.6875
0 0.992188 0.929688 0.992188 0.933594 0.984375 0.941406 0.984375 0.960938 0.988281 0.964844 0.996094 0.964844 0.996094 0.929688
0 0.0195312 0.929688 0.015625 0.933594 0.0117188 0.933594 0.0078125 0.9375 0.0078125 0.949219 0.0117188 0.953125 0.0117188 0.960938 0.015625 0.964844 0.03125 0.964844 0.0390625 0.957031 0.0390625 0.949219 0.0351562 0.945312 0.0351562 0.941406 0.03125 0.9375 0.03125 0.933594 0.0273438 0.929688
0 0.714844 0.128906 0.707031 0.136719 0.703125 0.136719 0.699219 0.140625 0.699219 0.144531 0.691406 0.152344 0.691406 0.164062 0.695312 0.164062 0.699219 0.167969 0.71875 0.167969 0.730469 0.15625 0.730469 0.148438 0.734375 0.144531 0.734375 0.140625 0.730469 0.136719 0.730469 0.132812 0.726562 0.128906
0 0.695312 0.378906 0.691406 0.382812 0.6875 0.382812 0.6875 0.386719 0.679688 0.394531 0.679688 0.398438 0.675781 0.402344 0.675781 0.417969 0.679688 0.421875 0.691406 0.421875 0.695312 0.417969 0.699219 0.417969 0.714844 0.402344 0.714844 0.394531 0.710938 0.390625 0.710938 0.382812 0.707031 0.378906
0 0.953125 0.0507812 0.945312 0.0585938 0.945312 0.0625 0.941406 0.0664062 0.941406 0.0742188 0.945312 0.078125 0.953125 0.078125 0.953125 0.0742188 0.960938 0.0664062 0.964844 0.0664062 0.96875 0.0625 0.96875 0.0546875 0.964844 0.0507812
0 0.960938 0.0703125 0.957031 0.0742188 0.957031 0.0898438 0.960938 0.09375 0.960938 0.0976562 0.964844 0.101562 0.96875 0.101562 0.972656 0.105469 0.984375 0.105469 0.992188 0.0976562 0.992188 0.0898438 0.988281 0.0859375 0.988281 0.0820312 0.976562 0.0703125
0 0.378906 0.445312 0.375 0.449219 0.375 0.453125 0.371094 0.457031 0.371094 0.464844 0.378906 0.472656 0.382812 0.472656 0.386719 0.476562 0.398438 0.476562 0.402344 0.472656 0.402344 0.453125 0.394531 0.445312
0 0.769531 0.785156 0.765625 0.789062 0.765625 0.796875 0.769531 0.800781 0.777344 0.800781 0.78125 0.796875 0.78125 0.789062 0.777344 0.785156
0 0.0429688 0.0507812 0.0351562 0.0585938 0.0351562 0.0703125 0.046875 0.0820312 0.0507812 0.0820312 0.0546875 0.0859375 0.0585938 0.0859375 0.0625 0.0820312 0.0625 0.0585938 0.0546875 0.0507812
0 0 0.15625 0 0.183594 0.0078125 0.183594 0.0117188 0.179688 0.0117188 0.160156 0.0078125 0.15625
0 0.996094 0.828125 0.988281 0.835938 0.988281 0.855469 0.992188 0.859375 0.996094 0.859375
0 0.417969 0.257812 0.410156 0.265625 0.410156 0.269531 0.414062 0.273438 0.414062 0.285156 0.425781 0.296875 0.441406 0.296875 0.449219 0.289062 0.449219 0.273438 0.433594 0.257812
0 0.839844 0.0976562 0.835938 0.101562 0.835938 0.121094 0.84375 0.128906 0.867188 0.128906 0.871094 0.125 0.878906 0.125 0.878906 0.117188 0.875 0.113281 0.875 0.105469 0.867188 0.0976562
0 0.347656 0.746094 0.34375 0.75 0.339844 0.75 0.335938 0.753906 0.335938 0.769531 0.339844 0.773438 0.359375 0.773438 0.367188 0.765625 0.367188 0.753906 0.359375 0.746094
0 0.441406 0.914062 0.433594 0.921875 0.433594 0.945312 0.441406 0.953125 0.453125 0.953125 0.457031 0.949219 0.457031 0.925781 0.453125 0.921875 0.453125 0.917969 0.449219 0.914062
0 0.863281 0.835938 0.855469 0.84375 0.855469 0.851562 0.859375 0.855469 0.859375 0.859375 0.878906 0.859375 0.878906 0.84375 0.871094 0.835938
0 0.421875 0.667969 0.417969 0.671875 0.417969 0.679688 0.421875 0.683594 0.429688 0.683594 0.433594 0.679688 0.433594 0.671875 0.429688 0.667969
0 0.078125 0.730469 0.0664062 0.742188 0.0664062 0.753906 0.0703125 0.757812 0.0898438 0.757812 0.09375 0.753906 0.09375 0.738281 0.0898438 0.734375 0.0859375 0.734375 0.0820312 0.730469
0 0.464844 0.398438 0.460938 0.402344 0.460938 0.410156 0.464844 0.414062 0.472656 0.414062 0.476562 0.410156 0.476562 0.402344 0.472656 0.398438
0 0.0898438 0.929688 0.0859375 0.933594 0.0859375 0.941406 0.0898438 0.945312 0.0976562 0.945312 0.101562 0.941406 0.101562 0.933594 0.0976562 0.929688
0 0.769531 0.171875 0.765625 0.175781 0.757812 0.175781 0.753906 0.179688 0.753906 0.183594 0.75 0.1875 0.75 0.191406 0.746094 0.195312 0.746094 0.203125 0.75 0.207031 0.78125 0.207031 0.789062 0.199219 0.789062 0.179688 0.785156 0.179688 0.78125 0.175781 0.777344 0.175781 0.773438 0.171875
0 0.15625 0.679688 0.152344 0.683594 0.152344 0.695312 0.164062 0.707031 0.171875 0.707031 0.179688 0.699219 0.179688 0.683594 0.175781 0.679688
0 0.996094 0.730469 0.988281 0.738281 0.984375 0.738281 0.984375 0.742188 0.988281 0.746094 0.988281 0.757812 0.996094 0.765625
0 0.734375 0.0117188 0.726562 0.0195312 0.726562 0.0429688 0.730469 0.046875 0.734375 0.046875 0.738281 0.0507812 0.746094 0.0507812 0.75 0.046875 0.753906 0.046875 0.753906 0.0195312 0.746094 0.0117188
0 0.753906 0.472656 0.75 0.476562 0.75 0.496094 0.753906 0.5 0.761719 0.5 0.765625 0.496094 0.769531 0.496094 0.773438 0.492188 0.773438 0.476562 0.761719 0.476562 0.757812 0.472656
0 0.753906 0.675781 0.75 0.679688 0.746094 0.679688 0.746094 0.683594 0.742188 0.6875 0.742188 0.691406 0.738281 0.695312 0.738281 0.710938 0.742188 0.710938 0.746094 0.714844 0.765625 0.714844 0.769531 0.710938 0.773438 0.710938 0.78125 0.703125 0.78125 0.683594 0.773438 0.675781
0 0.417969 0.632812 0.410156 0.640625 0.410156 0.664062 0.414062 0.667969 0.417969 0.667969 0.421875 0.664062 0.429688 0.664062 0.429688 0.640625 0.421875 0.632812
0 0 0.847656 0 0.882812 0.00390625 0.882812 0.0078125 0.878906 0.0078125 0.871094 0.0117188 0.867188 0.0117188 0.859375 0.0078125 0.855469 0.0078125 0.851562 0.00390625 0.847656
0 0.464844 0.550781 0.457031 0.558594 0.457031 0.5625 0.453125 0.566406 0.453125 0.578125 0.457031 0.582031 0.457031 0.585938 0.46875 0.597656 0.476562 0.597656 0.484375 0.589844 0.484375 0.585938 0.488281 0.582031 0.488281 0.574219 0.484375 0.570312 0.484375 0.558594 0.476562 0.550781
0 0.972656 0.355469 0.96875 0.359375 0.964844 0.359375 0.960938 0.363281 0.957031 0.363281 0.957031 0.367188 0.953125 0.371094 0.953125 0.382812 0.957031 0.382812 0.960938 0.378906 0.972656 0.378906 0.976562 0.375 0.984375 0.375 0.984375 0.359375 0.980469 0.355469
0 0.625 0.964844 0.621094 0.96875 0.617188 0.96875 0.617188 0.972656 0.613281 0.976562 0.613281 0.992188 0.617188 0.996094 0.648438 0.996094 0.652344 0.992188 0.652344 0.976562 0.640625 0.964844
0 0.949219 0.246094 0.945312 0.25 0.941406 0.25 0.9375 0.253906 0.9375 0.257812 0.933594 0.261719 0.933594 0.269531 0.941406 0.277344 0.953125 0.277344 0.957031 0.28125 0.960938 0.28125 0.960938 0.257812 0.957031 0.253906 0.957031 0.25 0.953125 0.25
0 0.425781 0.875 0.421875 0.878906 0.421875 0.886719 0.425781 0.890625 0.433594 0.890625 0.4375 0.886719 0.4375 0.878906 0.433594 0.875
0 0.996094 0.621094 0.992188 0.625 0.988281 0.625 0.988281 0.628906 0.984375 0.632812 0.984375 0.652344 0.992188 0.660156 0.996094 0.660156
0 0.992188 0.402344 0.976562 0.417969 0.976562 0.421875 0.972656 0.425781 0.972656 0.4375 0.980469 0.445312 0.996094 0.445312 0.996094 0.402344
0 0.128906 0.644531 0.125 0.648438 0.121094 0.648438 0.117188 0.652344 0.117188 0.664062 0.121094 0.667969 0.136719 0.667969 0.144531 0.660156 0.144531 0.648438 0.140625 0.644531
0 0.0117188 0.140625 0.00390625 0.148438 0.00390625 0.152344 0.0078125 0.152344 0.0117188 0.15625 0.0195312 0.15625 0.0234375 0.152344 0.0234375 0.144531 0.0195312 0.140625
0 0.25 0.433594 0.246094 0.4375 0.246094 0.445312 0.25 0.449219 0.257812 0.449219 0.261719 0.445312 0.261719 0.4375 0.257812 0.433594
0 0.566406 0.285156 0.5625 0.289062 0.5625 0.296875 0.566406 0.300781 0.574219 0.300781 0.578125 0.296875 0.578125 0.289062 0.574219 0.285156
0 0.738281 0.777344 0.730469 0.785156 0.722656 0.785156 0.722656 0.808594 0.726562 0.8125 0.746094 0.8125 0.75 0.808594 0.753906 0.808594 0.761719 0.800781 0.761719 0.785156 0.757812 0.785156 0.75 0.777344
0 0.890625 0.339844 0.886719 0.34375 0.875 0.34375 0.875 0.367188 0.878906 0.371094 0.878906 0.375 0.882812 0.378906 0.886719 0.378906 0.890625 0.382812 0.898438 0.382812 0.902344 0.378906 0.90625 0.378906 0.910156 0.375 0.910156 0.359375 0.90625 0.355469 0.90625 0.347656 0.902344 0.34375 0.898438 0.34375 0.894531 0.339844
0 0.542969 0.46875 0.535156 0.476562 0.535156 0.496094 0.542969 0.503906 0.546875 0.503906 0.550781 0.507812 0.554688 0.507812 0.558594 0.511719 0.574219 0.511719 0.582031 0.503906 0.582031 0.484375 0.578125 0.480469 0.578125 0.476562 0.574219 0.476562 0.566406 0.46875
0 0.128906 0.835938 0.125 0.839844 0.125 0.847656 0.128906 0.851562 0.136719 0.851562 0.140625 0.847656 0.140625 0.839844 0.136719 0.835938
