0 0.984375 0.113281 0.98125 0.117188 0.96875 0.117188 0.959375 0.128906 0.95625 0.128906 0.946875 0.140625 0.946875 0.144531 0.940625 0.152344 0.940625 0.183594 0.94375 0.1875 0.94375 0.191406 0.946875 0.195312 0.946875 0.203125 0.959375 0.21875 0.959375 0.222656 0.96875 0.234375 0.975 0.234375 0.978125 0.238281 0.984375 0.238281 0.9875 0.234375 0.990625 0.238281 0.996875 0.238281 0.996875 0.121094 0.990625 0.113281
0 0.896875 0.488281 0.89375 0.492188 0.890625 0.492188 0.8875 0.496094 0.884375 0.496094 0.871875 0.511719 0.871875 0.519531 0.8625 0.53125 0.8625 0.535156 0.85625 0.542969 0.85625 0.546875 0.853125 0.550781 0.853125 0.554688 0.85 0.558594 0.85 0.5625 0.846875 0.566406 0.846875 0.59375 0.85 0.597656 0.85 0.601562 0.859375 0.613281 0.86875 0.613281 0.871875 0.617188 0.890625 0.617188 0.896875 0.609375 0.90625 0.609375 0.909375 0.605469 0.9125 0.605469 0.921875 0.59375 0.928125 0.59375 0.9375 0.582031 0.9375 0.574219 0.940625 0.570312 0.940625 0.566406 0.94375 0.5625 0.94375 0.558594 0.946875 0.554688 0.946875 0.550781 0.95 0.546875 0.95 0.527344 0.946875 0.523438 0.946875 0.519531 0.93125 0.5 0.928125 0.5 0.921875 0.492188 0.91875 0.492188 0.915625 0.488281
0 0.0625 0.496094 0.05 0.511719 0.05 0.519531 0.04375 0.527344 0.04375 0.53125 0.040625 0.535156 0.040625 0.542969 0.0375 0.546875 0.0375 0.558594 0.034375 0.5625 0.034375 0.566406 0.028125 0.574219 0.028125 0.59375 0.034375 0.601562 0.034375 0.609375 0.0375 0.613281 0.040625 0.613281 0.04375 0.617188 0.046875 0.617188 0.05 0.621094 0.053125 0.621094 0.059375 0.628906 0.06875 0.628906 0.071875 0.632812 0.08125 0.632812 0.084375 0.628906 0.0875 0.628906 0.090625 0.625 0.096875 0.625 0.1 0.621094 0.10625 0.621094 0.109375 0.617188 0.109375 0.613281 0.1125 0.609375 0.1125 0.605469 0.115625 0.601562 0.115625 0.566406 0.1125 0.5625 0.1125 0.554688 0.109375 0.550781 0.109375 0.527344 0.10625 0.523438 0.10625 0.519531 0.1 0.511719 0.1 0.507812 0.096875 0.503906 0.096875 0.5 0.09375 0.496094
0 0.66875 0.382812 0.665625 0.386719 0.6625 0.386719 0.653125 0.398438 0.65 0.398438 0.64375 0.40625 0.64375 0.410156 0.640625 0.414062 0.6375 0.414062 0.6375 0.417969 0.634375 0.421875 0.634375 0.441406 0.64375 0.453125 0.6625 0.453125 0.665625 0.449219 0.66875 0.449219 0.678125 0.4375 0.68125 0.4375 0.6875 0.429688 0.6875 0.410156 0.678125 0.398438 0.678125 0.394531
0 0.728125 0.160156 0.725 0.164062 0.721875 0.164062 0.71875 0.167969 0.715625 0.167969 0.7125 0.171875 0.70625 0.171875 0.703125 0.175781 0.7 0.175781 0.684375 0.195312 0.684375 0.199219 0.675 0.210938 0.675 0.214844 0.678125 0.21875 0.68125 0.21875 0.684375 0.222656 0.684375 0.226562 0.690625 0.226562 0.69375 0.230469 0.696875 0.226562 0.7 0.226562 0.709375 0.238281 0.709375 0.242188 0.7125 0.246094 0.721875 0.246094 0.725 0.242188 0.728125 0.242188 0.73125 0.238281 0.734375 0.238281 0.7375 0.234375 0.75 0.234375 0.765625 0.214844 0.76875 0.214844 0.775 0.207031 0.775 0.203125 0.778125 0.199219 0.778125 0.195312 0.771875 0.1875 0.759375 0.1875 0.75625 0.183594 0.753125 0.183594 0.734375 0.160156
0 0.7375 0.964844 0.73125 0.972656 0.725 0.972656 0.71875 0.980469 0.715625 0.980469 0.7125 0.984375 0.709375 0.984375 0.70625 0.988281 0.70625 0.996094 0.7625 0.996094 0.765625 0.992188 0.765625 0.972656 0.759375 0.964844
0 0.725 0.433594 0.721875 0.4375 0.709375 0.4375 0.70625 0.441406 0.703125 0.441406 0.6875 0.460938 0.6875 0.464844 0.684375 0.46875 0.684375 0.472656 0.678125 0.480469 0.678125 0.507812 0.68125 0.511719 0.684375 0.511719 0.690625 0.519531 0.690625 0.523438 0.69375 0.527344 0.715625 0.527344 0.71875 0.523438 0.721875 0.523438 0.725 0.519531 0.728125 0.519531 0.728125 0.515625 0.734375 0.507812 0.7375 0.507812 0.740625 0.503906 0.740625 0.5 0.74375 0.496094 0.74375 0.492188 0.759375 0.472656 0.759375 0.457031 0.753125 0.449219 0.753125 0.445312 0.746875 0.4375 0.740625 0.4375 0.7375 0.433594
0 0.48125 0.738281 0.48125 0.742188 0.478125 0.746094 0.46875 0.746094 0.453125 0.765625 0.453125 0.769531 0.446875 0.777344 0.446875 0.785156 0.440625 0.792969 0.440625 0.800781 0.4375 0.804688 0.4375 0.808594 0.434375 0.8125 0.434375 0.835938 0.43125 0.839844 0.43125 0.886719 0.434375 0.890625 0.434375 0.894531 0.4375 0.898438 0.4375 0.902344 0.44375 0.910156 0.45 0.910156 0.453125 0.914062 0.453125 0.917969 0.45625 0.921875 0.4625 0.921875 0.465625 0.917969 0.471875 0.917969 0.478125 0.910156 0.490625 0.910156 0.496875 0.902344 0.5 0.902344 0.5125 0.886719 0.515625 0.886719 0.51875 0.882812 0.51875 0.878906 0.528125 0.867188 0.528125 0.863281 0.5375 0.851562 0.5375 0.847656 0.540625 0.84375 0.540625 0.839844 0.546875 0.832031 0.546875 0.828125 0.553125 0.820312 0.553125 0.808594 0.55625 0.804688 0.55625 0.789062 0.553125 0.789062 0.55 0.785156 0.55 0.777344 0.54375 0.769531 0.54375 0.765625 0.53125 0.75 0.528125 0.75 0.51875 0.738281
0 0.015625 0.863281 0.0125 0.867188 0.00625 0.867188 0.003125 0.871094 0 0.871094 0 0.996094 0.05625 0.996094 0.065625 0.984375 0.065625 0.980469 0.06875 0.976562 0.06875 0.953125 0.065625 0.949219 0.065625 0.941406 0.0625 0.9375 0.0625 0.929688 0.059375 0.925781 0.059375 0.921875 0.05625 0.917969 0.0625 0.910156 0.059375 0.910156 0.034375 0.878906 0.034375 0.871094 0.03125 0.867188 0.025 0.867188 0.021875 0.863281
0 0.934375 0.722656 0.928125 0.730469 0.921875 0.730469 0.9125 0.742188 0.909375 0.742188 0.909375 0.746094 0.90625 0.75 0.90625 0.753906 0.903125 0.757812 0.903125 0.761719 0.90625 0.765625 0.90625 0.789062 0.909375 0.792969 0.909375 0.796875 0.915625 0.804688 0.91875 0.804688 0.925 0.8125 0.928125 0.8125 0.9375 0.824219 0.940625 0.824219 0.94375 0.828125 0.959375 0.828125 0.9625 0.824219 0.971875 0.824219 0.98125 0.8125 0.98125 0.804688 0.984375 0.800781 0.984375 0.796875 0.9875 0.792969 0.9875 0.78125 0.990625 0.777344 0.990625 0.761719 0.9875 0.757812 0.9875 0.746094 0.984375 0.742188 0.984375 0.738281 0.98125 0.734375 0.98125 0.730469 0.975 0.722656
0 0.25 0.855469 0.225 0.886719 0.225 0.890625 0.21875 0.898438 0.21875 0.941406 0.221875 0.945312 0.221875 0.953125 0.234375 0.96875 0.2375 0.96875 0.240625 0.972656 0.275 0.972656 0.28125 0.964844 0.28125 0.960938 0.2875 0.953125 0.2875 0.945312 0.290625 0.941406 0.290625 0.933594 0.29375 0.929688 0.29375 0.917969 0.296875 0.914062 0.296875 0.890625 0.29375 0.886719 0.29375 0.882812 0.290625 0.878906 0.290625 0.875 0.2875 0.871094 0.2875 0.867188 0.284375 0.863281 0.28125 0.863281 0.278125 0.859375 0.275 0.859375 0.271875 0.855469
0 0.959375 0.234375 0.95625 0.238281 0.95 0.238281 0.946875 0.242188 0.94375 0.242188 0.940625 0.246094 0.940625 0.257812 0.9375 0.261719 0.9375 0.304688 0.940625 0.308594 0.946875 0.308594 0.953125 0.300781 0.984375 0.300781 0.9875 0.296875 0.9875 0.285156 0.990625 0.28125 0.990625 0.242188 0.9875 0.238281 0.984375 0.242188 0.978125 0.242188 0.975 0.238281 0.96875 0.238281 0.965625 0.234375
0 0.871875 0.175781 0.86875 0.179688 0.8625 0.179688 0.8625 0.1875 0.859375 0.191406 0.859375 0.195312 0.85625 0.199219 0.85625 0.203125 0.859375 0.207031 0.859375 0.210938 0.85625 0.214844 0.859375 0.21875 0.865625 0.21875 0.86875 0.222656 0.878125 0.222656 0.88125 0.21875 0.8875 0.21875 0.890625 0.214844 0.89375 0.214844 0.90625 0.199219 0.90625 0.183594 0.903125 0.179688 0.890625 0.179688 0.8875 0.175781
0 0.7625 0.382812 0.759375 0.386719 0.75625 0.386719 0.75 0.394531 0.75 0.410156 0.753125 0.414062 0.753125 0.421875 0.759375 0.429688 0.759375 0.433594 0.7625 0.4375 0.784375 0.4375 0.7875 0.433594 0.790625 0.433594 0.79375 0.429688 0.79375 0.425781 0.8 0.417969 0.8 0.410156 0.796875 0.40625 0.796875 0.398438 0.7875 0.386719 0.784375 0.386719 0.78125 0.382812
0 0.5625 0.445312 0.559375 0.449219 0.546875 0.449219 0.540625 0.457031 0.5375 0.457031 0.528125 0.46875 0.528125 0.476562 0.53125 0.480469 0.528125 0.484375 0.528125 0.488281 0.525 0.492188 0.525 0.5 0.521875 0.503906 0.521875 0.511719 0.515625 0.519531 0.515625 0.554688 0.521875 0.5625 0.521875 0.566406 0.525 0.570312 0.528125 0.570312 0.53125 0.574219 0.5625 0.574219 0.5625 0.570312 0.56875 0.5625 0.575 0.5625 0.58125 0.554688 0.58125 0.550781 0.584375 0.546875 0.5875 0.550781 0.590625 0.546875 0.590625 0.539062 0.59375 0.535156 0.59375 0.53125 0.596875 0.527344 0.596875 0.480469 0.59375 0.476562 0.59375 0.46875 0.584375 0.457031 0.58125 0.457031 0.571875 0.445312
0 0.56875 0.277344 0.565625 0.28125 0.559375 0.28125 0.55625 0.285156 0.546875 0.285156 0.534375 0.300781 0.53125 0.300781 0.528125 0.304688 0.528125 0.308594 0.521875 0.316406 0.521875 0.335938 0.525 0.339844 0.525 0.347656 0.528125 0.351562 0.528125 0.359375 0.540625 0.375 0.540625 0.378906 0.54375 0.382812 0.55625 0.382812 0.5625 0.390625 0.565625 0.390625 0.5875 0.363281 0.5875 0.359375 0.590625 0.355469 0.590625 0.34375 0.5875 0.339844 0.5875 0.335938 0.584375 0.332031 0.584375 0.308594 0.5875 0.304688 0.5875 0.300781 0.590625 0.296875 0.590625 0.285156 0.5875 0.28125 0.571875 0.28125
0 0.053125 0.761719 0.05 0.765625 0.04375 0.765625 0.034375 0.777344 0.03125 0.777344 0.021875 0.789062 0.021875 0.8125 0.025 0.816406 0.025 0.84375 0.028125 0.84375 0.03125 0.847656 0.03125 0.855469 0.028125 0.859375 0.03125 0.859375 0.034375 0.863281 0.034375 0.867188 0.0375 0.871094 0.0375 0.878906 0.059375 0.90625 0.084375 0.90625 0.0875 0.902344 0.090625 0.902344 0.096875 0.894531 0.096875 0.886719 0.1 0.882812 0.1 0.84375 0.096875 0.839844 0.096875 0.828125 0.09375 0.824219 0.09375 0.816406 0.090625 0.8125 0.090625 0.800781 0.0875 0.796875 0.0875 0.789062 0.071875 0.769531 0.06875 0.769531 0.0625 0.761719
0 0.740625 0.828125 0.7375 0.832031 0.734375 0.832031 0.73125 0.835938 0.728125 0.835938 0.725 0.839844 0.721875 0.839844 0.715625 0.847656 0.715625 0.851562 0.7125 0.855469 0.7125 0.863281 0.709375 0.867188 0.709375 0.886719 0.7125 0.890625 0.7125 0.898438 0.715625 0.902344 0.715625 0.90625 0.721875 0.914062 0.728125 0.914062 0.73125 0.917969 0.759375 0.917969 0.765625 0.910156 0.765625 0.90625 0.76875 0.902344 0.76875 0.890625 0.771875 0.886719 0.771875 0.875 0.775 0.871094 0.775 0.855469 0.771875 0.851562 0.771875 0.847656 0.76875 0.84375 0.765625 0.84375 0.7625 0.839844 0.759375 0.839844 0.75625 0.835938 0.753125 0.835938 0.746875 0.828125
0 0.85 0.253906 0.846875 0.257812 0.84375 0.257812 0.840625 0.261719 0.8375 0.261719 0.83125 0.269531 0.828125 0.269531 0.825 0.273438 0.825 0.277344 0.821875 0.28125 0.821875 0.289062 0.815625 0.296875 0.815625 0.308594 0.81875 0.3125 0.81875 0.320312 0.821875 0.324219 0.821875 0.328125 0.825 0.332031 0.825 0.339844 0.83125 0.347656 0.834375 0.347656 0.8375 0.351562 0.84375 0.351562 0.846875 0.355469 0.85 0.355469 0.853125 0.359375 0.85625 0.359375 0.859375 0.355469 0.88125 0.355469 0.89375 0.339844 0.89375 0.335938 0.896875 0.332031 0.896875 0.328125 0.9 0.324219 0.9 0.320312 0.903125 0.316406 0.903125 0.3125 0.90625 0.308594 0.90625 0.285156 0.903125 0.28125 0.903125 0.273438 0.9 0.269531 0.9 0.265625 0.896875 0.261719 0.89375 0.261719 0.890625 0.257812 0.884375 0.257812 0.88125 0.253906 0.871875 0.253906 0.86875 0.257812 0.865625 0.253906
0 0.8875 0.0664062 0.884375 0.0703125 0.88125 0.0703125 0.865625 0.0898438 0.865625 0.132812 0.871875 0.140625 0.875 0.140625 0.878125 0.144531 0.878125 0.148438 0.88125 0.152344 0.884375 0.152344 0.8875 0.15625 0.90625 0.15625 0.909375 0.152344 0.9125 0.152344 0.915625 0.148438 0.91875 0.148438 0.921875 0.144531 0.925 0.144531 0.93125 0.136719 0.93125 0.132812 0.9375 0.125 0.9375 0.117188 0.940625 0.113281 0.940625 0.0976562 0.9375 0.09375 0.9375 0.0898438 0.934375 0.0859375 0.934375 0.0820312 0.93125 0.078125 0.928125 0.078125 0.925 0.0742188 0.921875 0.0742188 0.91875 0.0703125 0.909375 0.0703125 0.90625 0.0664062
0 0.01875 0.433594 0.015625 0.4375 0.009375 0.4375 0.00625 0.441406 0 0.441406 0 0.570312 0.003125 0.574219 0.00625 0.574219 0.009375 0.570312 0.01875 0.570312 0.021875 0.566406 0.025 0.566406 0.034375 0.554688 0.034375 0.546875 0.0375 0.542969 0.0375 0.535156 0.040625 0.53125 0.040625 0.527344 0.046875 0.519531 0.046875 0.511719 0.059375 0.496094 0.059375 0.464844 0.053125 0.457031 0.053125 0.453125 0.040625 0.4375 0.0375 0.4375 0.034375 0.433594
0 0.659375 0.230469 0.65625 0.234375 0.653125 0.234375 0.65 0.238281 0.646875 0.238281 0.64375 0.242188 0.640625 0.242188 0.6375 0.246094 0.634375 0.246094 0.63125 0.25 0.628125 0.25 0.621875 0.257812 0.61875 0.257812 0.615625 0.261719 0.6125 0.261719 0.609375 0.265625 0.60625 0.265625 0.603125 0.269531 0.603125 0.273438 0.596875 0.28125 0.596875 0.292969 0.590625 0.300781 0.590625 0.304688 0.5875 0.308594 0.5875 0.332031 0.590625 0.335938 0.590625 0.339844 0.59375 0.34375 0.59375 0.347656 0.596875 0.351562 0.596875 0.355469 0.603125 0.363281 0.6125 0.363281 0.615625 0.367188 0.63125 0.367188 0.634375 0.363281 0.6375 0.367188 0.640625 0.363281 0.64375 0.363281 0.65 0.355469 0.65625 0.355469 0.665625 0.34375 0.665625 0.339844 0.675 0.328125 0.675 0.324219 0.678125 0.320312 0.68125 0.320312 0.69375 0.304688 0.69375 0.292969 0.690625 0.289062 0.690625 0.28125 0.69375 0.277344 0.69375 0.257812 0.696875 0.253906 0.696875 0.238281 0.690625 0.230469
0 0.6875 0.710938 0.675 0.726562 0.671875 0.726562 0.66875 0.730469 0.66875 0.757812 0.671875 0.761719 0.678125 0.761719 0.68125 0.765625 0.690625 0.765625 0.70625 0.746094 0.70625 0.738281 0.709375 0.734375 0.709375 0.726562 0.70625 0.722656 0.70625 0.71875 0.7 0.710938
0 0.625 0.691406 0.621875 0.695312 0.621875 0.699219 0.615625 0.707031 0.615625 0.714844 0.60625 0.726562 0.60625 0.730469 0.603125 0.734375 0.603125 0.742188 0.6 0.746094 0.6 0.753906 0.596875 0.757812 0.596875 0.769531 0.6 0.773438 0.6 0.78125 0.60625 0.789062 0.609375 0.789062 0.6125 0.792969 0.6375 0.792969 0.640625 0.789062 0.640625 0.785156 0.646875 0.777344 0.65 0.777344 0.653125 0.773438 0.653125 0.769531 0.659375 0.761719 0.659375 0.746094 0.6625 0.742188 0.6625 0.710938 0.659375 0.707031 0.659375 0.703125 0.653125 0.695312 0.646875 0.695312 0.64375 0.691406
0 0.578125 0.386719 0.56875 0.398438 0.5625 0.398438 0.559375 0.402344 0.55625 0.402344 0.553125 0.40625 0.553125 0.410156 0.55 0.414062 0.546875 0.414062 0.534375 0.429688 0.534375 0.441406 0.5375 0.445312 0.559375 0.445312 0.5625 0.441406 0.571875 0.441406 0.58125 0.453125 0.584375 0.453125 0.596875 0.46875 0.596875 0.476562 0.6 0.480469 0.609375 0.480469 0.6125 0.476562 0.6125 0.472656 0.615625 0.46875 0.615625 0.464844 0.625 0.453125 0.625 0.449219 0.628125 0.445312 0.628125 0.425781 0.625 0.421875 0.625 0.417969 0.621875 0.414062 0.621875 0.410156 0.6125 0.398438 0.609375 0.398438 0.60625 0.394531 0.60625 0.390625 0.603125 0.394531 0.6 0.390625 0.596875 0.390625 0.59375 0.386719
0 0.853125 0.921875 0.85 0.925781 0.846875 0.925781 0.84375 0.929688 0.84375 0.933594 0.840625 0.9375 0.840625 0.949219 0.8375 0.953125 0.840625 0.953125 0.853125 0.96875 0.859375 0.96875 0.8625 0.972656 0.865625 0.972656 0.86875 0.976562 0.878125 0.976562 0.884375 0.96875 0.8875 0.96875 0.89375 0.960938 0.89375 0.945312 0.890625 0.941406 0.890625 0.9375 0.884375 0.929688 0.88125 0.929688 0.878125 0.925781 0.86875 0.925781 0.865625 0.921875
0 0.51875 0.574219 0.515625 0.578125 0.5125 0.578125 0.509375 0.582031 0.50625 0.582031 0.49375 0.597656 0.49375 0.601562 0.490625 0.605469 0.490625 0.621094 0.4875 0.625 0.4875 0.644531 0.490625 0.648438 0.490625 0.652344 0.49375 0.65625 0.496875 0.65625 0.503125 0.664062 0.509375 0.664062 0.5125 0.667969 0.51875 0.667969 0.521875 0.671875 0.534375 0.671875 0.540625 0.664062 0.54375 0.664062 0.553125 0.652344 0.553125 0.648438 0.559375 0.640625 0.559375 0.632812 0.55625 0.628906 0.55625 0.621094 0.553125 0.617188 0.55 0.621094 0.546875 0.617188 0.54375 0.617188 0.540625 0.613281 0.54375 0.609375 0.54375 0.605469 0.546875 0.601562 0.55 0.601562 0.55 0.597656 0.546875 0.59375 0.54375 0.59375 0.5375 0.585938 0.534375 0.585938 0.53125 0.582031 0.528125 0.582031 0.521875 0.574219
0 0.575 0.808594 0.565625 0.820312 0.5625 0.820312 0.55 0.835938 0.55 0.839844 0.54375 0.847656 0.54375 0.851562 0.5375 0.859375 0.5375 0.863281 0.528125 0.875 0.528125 0.878906 0.521875 0.886719 0.521875 0.890625 0.51875 0.894531 0.51875 0.898438 0.515625 0.902344 0.515625 0.90625 0.509375 0.914062 0.509375 0.917969 0.50625 0.921875 0.50625 0.925781 0.5 0.933594 0.5 0.941406 0.496875 0.945312 0.496875 0.984375 0.5 0.988281 0.5 0.992188 0.503125 0.996094 0.6 0.996094 0.603125 0.992188 0.603125 0.988281 0.60625 0.984375 0.60625 0.980469 0.609375 0.976562 0.609375 0.972656 0.61875 0.960938 0.61875 0.957031 0.621875 0.953125 0.621875 0.945312 0.628125 0.9375 0.628125 0.929688 0.63125 0.925781 0.63125 0.921875 0.634375 0.917969 0.634375 0.902344 0.6375 0.898438 0.6375 0.871094 0.634375 0.867188 0.634375 0.855469 0.63125 0.851562 0.63125 0.84375 0.628125 0.839844 0.628125 0.835938 0.6125 0.816406 0.609375 0.816406 0.60625 0.8125 0.603125 0.8125 0.6 0.808594
0 0.79375 0.0507812 0.790625 0.0546875 0.7875 0.0546875 0.784375 0.0585938 0.78125 0.0585938 0.778125 0.0625 0.775 0.0625 0.76875 0.0703125 0.765625 0.0703125 0.759375 0.078125 0.75625 0.078125 0.753125 0.0820312 0.753125 0.09375 0.746875 0.101562 0.746875 0.109375 0.74375 0.113281 0.74375 0.148438 0.746875 0.152344 0.746875 0.160156 0.753125 0.167969 0.75625 0.167969 0.7625 0.175781 0.765625 0.175781 0.771875 0.183594 0.784375 0.183594 0.7875 0.179688 0.790625 0.179688 0.79375 0.175781 0.8 0.175781 0.80625 0.167969 0.8125 0.167969 0.821875 0.15625 0.821875 0.152344 0.825 0.148438 0.825 0.140625 0.834375 0.128906 0.834375 0.105469 0.8375 0.101562 0.8375 0.078125 0.834375 0.0742188 0.834375 0.0703125 0.83125 0.0664062 0.828125 0.0664062 0.815625 0.0507812
0 0.6625 0.625 0.665625 0.628906 0.6625 0.632812 0.659375 0.632812 0.65625 0.636719 0.65 0.636719 0.646875 0.640625 0.646875 0.644531 0.6375 0.65625 0.634375 0.652344 0.634375 0.6875 0.64375 0.6875 0.646875 0.691406 0.653125 0.691406 0.659375 0.699219 0.675 0.699219 0.684375 0.6875 0.6875 0.6875 0.696875 0.675781 0.696875 0.667969 0.703125 0.660156 0.703125 0.636719 0.696875 0.628906 0.69375 0.628906 0.690625 0.625
0 0.671875 0.0625 0.66875 0.0664062 0.6625 0.0664062 0.659375 0.0703125 0.65625 0.0703125 0.65 0.078125 0.6375 0.078125 0.63125 0.0859375 0.628125 0.0859375 0.615625 0.101562 0.615625 0.105469 0.609375 0.113281 0.609375 0.117188 0.60625 0.121094 0.60625 0.125 0.6 0.132812 0.6 0.136719 0.596875 0.140625 0.596875 0.175781 0.6 0.179688 0.6 0.183594 0.609375 0.195312 0.6125 0.195312 0.615625 0.199219 0.61875 0.199219 0.621875 0.203125 0.65 0.203125 0.653125 0.199219 0.6625 0.199219 0.665625 0.195312 0.665625 0.191406 0.671875 0.183594 0.675 0.183594 0.6875 0.167969 0.6875 0.164062 0.7 0.148438 0.703125 0.148438 0.70625 0.144531 0.709375 0.144531 0.7125 0.140625 0.715625 0.140625 0.71875 0.136719 0.71875 0.132812 0.725 0.125 0.725 0.121094 0.728125 0.117188 0.728125 0.113281 0.73125 0.109375 0.73125 0.101562 0.7375 0.09375 0.7375 0.0703125 0.73125 0.0625
0 0.796875 0.316406 0.7875 0.328125 0.7875 0.332031 0.784375 0.335938 0.784375 0.339844 0.778125 0.347656 0.778125 0.371094 0.796875 0.394531 0.81875 0.394531 0.821875 0.390625 0.825 0.390625 0.828125 0.386719 0.83125 0.386719 0.834375 0.382812 0.834375 0.378906 0.840625 0.371094 0.84375 0.371094 0.846875 0.367188 0.846875 0.359375 0.84375 0.355469 0.8375 0.355469 0.834375 0.351562 0.83125 0.351562 0.821875 0.339844 0.821875 0.332031 0.81875 0.328125 0.81875 0.324219 0.815625 0.320312 0.8125 0.320312 0.809375 0.316406
0 0.73125 0.300781 0.728125 0.304688 0.71875 0.304688 0.709375 0.316406 0.70625 0.316406 0.703125 0.320312 0.7 0.320312 0.69375 0.328125 0.69375 0.332031 0.684375 0.34375 0.684375 0.371094 0.6875 0.375 0.6875 0.378906 0.690625 0.382812 0.69375 0.382812 0.696875 0.386719 0.7 0.386719 0.703125 0.390625 0.740625 0.390625 0.74375 0.386719 0.75 0.386719 0.753125 0.382812 0.753125 0.378906 0.7625 0.367188 0.7625 0.363281 0.771875 0.351562 0.771875 0.34375 0.775 0.339844 0.775 0.316406 0.76875 0.308594 0.765625 0.308594 0.7625 0.304688 0.759375 0.304688 0.75625 0.300781
0 0.1 0.972656 0.09375 0.980469 0.08125 0.980469 0.078125 0.984375 0.078125 0.996094 0.140625 0.996094 0.14375 0.992188 0.140625 0.988281 0.140625 0.984375 0.1375 0.980469 0.128125 0.980469 0.125 0.976562 0.1125 0.976562 0.109375 0.972656
0 0.865625 0.816406 0.8625 0.820312 0.859375 0.820312 0.853125 0.828125 0.853125 0.871094 0.85625 0.875 0.85625 0.886719 0.859375 0.890625 0.859375 0.894531 0.8625 0.898438 0.865625 0.898438 0.86875 0.902344 0.871875 0.902344 0.878125 0.910156 0.928125 0.910156 0.934375 0.902344 0.940625 0.902344 0.94375 0.898438 0.94375 0.894531 0.946875 0.890625 0.946875 0.859375 0.94375 0.855469 0.94375 0.847656 0.9375 0.839844 0.9375 0.835938 0.928125 0.824219 0.91875 0.824219 0.9125 0.816406
0 0.7875 0.652344 0.784375 0.65625 0.778125 0.65625 0.771875 0.664062 0.76875 0.664062 0.765625 0.667969 0.7625 0.664062 0.753125 0.675781 0.75 0.675781 0.746875 0.679688 0.74375 0.679688 0.734375 0.691406 0.734375 0.707031 0.73125 0.710938 0.73125 0.730469 0.734375 0.734375 0.734375 0.742188 0.740625 0.75 0.740625 0.753906 0.74375 0.757812 0.746875 0.757812 0.75 0.761719 0.75625 0.761719 0.7625 0.769531 0.771875 0.769531 0.778125 0.761719 0.796875 0.761719 0.8 0.757812 0.8125 0.757812 0.815625 0.753906 0.815625 0.75 0.821875 0.742188 0.821875 0.738281 0.828125 0.730469 0.828125 0.726562 0.83125 0.722656 0.83125 0.703125 0.828125 0.699219 0.83125 0.695312 0.83125 0.671875 0.828125 0.667969 0.828125 0.664062 0.825 0.660156 0.821875 0.660156 0.81875 0.65625 0.8125 0.65625 0.809375 0.652344
0 0.859375 0.386719 0.85625 0.390625 0.846875 0.390625 0.84375 0.394531 0.840625 0.394531 0.8375 0.398438 0.834375 0.398438 0.81875 0.417969 0.81875 0.421875 0.8125 0.429688 0.8125 0.433594 0.803125 0.445312 0.803125 0.453125 0.8 0.457031 0.8 0.464844 0.796875 0.46875 0.796875 0.492188 0.8 0.496094 0.8 0.5 0.80625 0.507812 0.809375 0.507812 0.8125 0.511719 0.815625 0.511719 0.81875 0.515625 0.825 0.515625 0.828125 0.511719 0.8375 0.511719 0.840625 0.507812 0.84375 0.507812 0.85625 0.492188 0.859375 0.492188 0.865625 0.484375 0.86875 0.484375 0.871875 0.480469 0.875 0.480469 0.878125 0.476562 0.878125 0.472656 0.88125 0.46875 0.88125 0.464844 0.884375 0.460938 0.884375 0.457031 0.8875 0.453125 0.8875 0.445312 0.890625 0.441406 0.890625 0.417969 0.88125 0.40625 0.88125 0.398438 0.878125 0.398438 0.86875 0.386719
0 0.665625 0.773438 0.653125 0.789062 0.653125 0.792969 0.64375 0.804688 0.64375 0.808594 0.6375 0.816406 0.6375 0.824219 0.63125 0.832031 0.63125 0.839844 0.634375 0.84375 0.634375 0.851562 0.6375 0.855469 0.6375 0.867188 0.640625 0.871094 0.640625 0.878906 0.64375 0.882812 0.659375 0.882812 0.6625 0.878906 0.66875 0.878906 0.675 0.871094 0.678125 0.871094 0.696875 0.847656 0.696875 0.839844 0.703125 0.832031 0.703125 0.828125 0.70625 0.824219 0.70625 0.820312 0.709375 0.816406 0.709375 0.796875 0.70625 0.792969 0.703125 0.792969 0.696875 0.785156 0.696875 0.78125 0.69375 0.777344 0.675 0.777344 0.671875 0.773438
0 0.665625 0.886719 0.659375 0.894531 0.659375 0.898438 0.646875 0.914062 0.64375 0.914062 0.634375 0.925781 0.634375 0.9375 0.628125 0.945312 0.628125 0.960938 0.64375 0.980469 0.659375 0.980469 0.665625 0.988281 0.68125 0.988281 0.684375 0.984375 0.6875 0.984375 0.690625 0.980469 0.69375 0.980469 0.7 0.972656 0.703125 0.972656 0.71875 0.953125 0.71875 0.929688 0.715625 0.925781 0.715625 0.921875 0.7125 0.917969 0.7125 0.914062 0.709375 0.910156 0.709375 0.90625 0.703125 0.898438 0.703125 0.890625 0.7 0.886719
0 0.31875 0.816406 0.30625 0.832031 0.30625 0.835938 0.296875 0.847656 0.296875 0.878906 0.303125 0.886719 0.3 0.890625 0.3 0.914062 0.296875 0.917969 0.296875 0.929688 0.29375 0.933594 0.296875 0.9375 0.296875 0.945312 0.3 0.949219 0.315625 0.949219 0.321875 0.941406 0.325 0.941406 0.328125 0.9375 0.33125 0.9375 0.334375 0.933594 0.334375 0.929688 0.340625 0.921875 0.340625 0.917969 0.34375 0.914062 0.34375 0.910156 0.346875 0.90625 0.346875 0.902344 0.35 0.898438 0.35 0.894531 0.353125 0.890625 0.353125 0.839844 0.35 0.835938 0.35 0.832031 0.3375 0.816406
0 0.271875 0.707031 0.26875 0.710938 0.265625 0.710938 0.259375 0.71875 0.25625 0.71875 0.246875 0.730469 0.246875 0.734375 0.240625 0.742188 0.240625 0.792969 0.2375 0.796875 0.2375 0.800781 0.234375 0.804688 0.234375 0.828125 0.2375 0.832031 0.2375 0.835938 0.24375 0.84375 0.25 0.84375 0.253125 0.847656 0.2625 0.847656 0.265625 0.84375 0.28125 0.84375 0.284375 0.839844 0.2875 0.839844 0.303125 0.820312 0.303125 0.816406 0.309375 0.808594 0.309375 0.804688 0.3125 0.800781 0.3125 0.785156 0.315625 0.78125 0.315625 0.765625 0.3125 0.761719 0.3125 0.742188 0.309375 0.738281 0.309375 0.734375 0.30625 0.730469 0.30625 0.726562 0.3 0.71875 0.296875 0.71875 0.290625 0.710938 0.2875 0.710938 0.284375 0.707031
0 0.546875 0.167969 0.540625 0.175781 0.5375 0.175781 0.534375 0.179688 0.53125 0.179688 0.528125 0.183594 0.528125 0.191406 0.521875 0.199219 0.521875 0.203125 0.515625 0.210938 0.515625 0.214844 0.5125 0.21875 0.5125 0.226562 0.509375 0.230469 0.509375 0.25 0.515625 0.257812 0.515625 0.261719 0.525 0.273438 0.546875 0.273438 0.55 0.269531 0.553125 0.269531 0.55625 0.265625 0.559375 0.265625 0.5625 0.261719 0.5625 0.253906 0.565625 0.25 0.565625 0.242188 0.56875 0.238281 0.56875 0.203125 0.5625 0.195312 0.5625 0.179688 0.55625 0.171875 0.55 0.171875
0 0.771875 0.214844 0.76875 0.21875 0.765625 0.21875 0.75 0.238281 0.740625 0.238281 0.7375 0.242188 0.73125 0.242188 0.728125 0.246094 0.728125 0.277344 0.740625 0.292969 0.74375 0.292969 0.746875 0.296875 0.75625 0.296875 0.759375 0.300781 0.771875 0.300781 0.784375 0.285156 0.7875 0.285156 0.79375 0.277344 0.79375 0.273438 0.8 0.265625 0.8 0.261719 0.80625 0.253906 0.80625 0.25 0.815625 0.238281 0.815625 0.230469 0.803125 0.214844
0 0.734375 0.511719 0.73125 0.515625 0.73125 0.519531 0.728125 0.523438 0.725 0.523438 0.721875 0.527344 0.71875 0.527344 0.715625 0.53125 0.7125 0.53125 0.703125 0.542969 0.69375 0.542969 0.6875 0.550781 0.6875 0.558594 0.684375 0.5625 0.684375 0.578125 0.6875 0.582031 0.6875 0.585938 0.690625 0.589844 0.690625 0.59375 0.69375 0.597656 0.69375 0.601562 0.696875 0.605469 0.696875 0.609375 0.70625 0.621094 0.709375 0.621094 0.7125 0.625 0.740625 0.625 0.74375 0.621094 0.746875 0.621094 0.75 0.617188 0.753125 0.617188 0.759375 0.609375 0.7625 0.609375 0.765625 0.605469 0.76875 0.605469 0.76875 0.601562 0.771875 0.597656 0.775 0.597656 0.778125 0.59375 0.778125 0.589844 0.78125 0.585938 0.78125 0.582031 0.7875 0.574219 0.7875 0.570312 0.790625 0.566406 0.790625 0.527344 0.784375 0.519531 0.78125 0.519531 0.778125 0.515625 0.775 0.515625 0.771875 0.511719
0 0.31875 0.964844 0.3125 0.972656 0.309375 0.972656 0.303125 0.980469 0.296875 0.980469 0.2875 0.992188 0.2875 0.996094 0.3375 0.996094 0.340625 0.992188 0.340625 0.988281 0.328125 0.972656 0.325 0.972656
0 0.625 0.484375 0.615625 0.496094 0.6125 0.496094 0.60625 0.503906 0.60625 0.507812 0.603125 0.511719 0.6 0.511719 0.6 0.527344 0.596875 0.53125 0.596875 0.535156 0.59375 0.539062 0.59375 0.546875 0.590625 0.550781 0.590625 0.570312 0.6 0.582031 0.603125 0.582031 0.609375 0.589844 0.621875 0.589844 0.625 0.585938 0.6375 0.585938 0.6375 0.582031 0.64375 0.574219 0.646875 0.574219 0.646875 0.566406 0.653125 0.558594 0.653125 0.554688 0.65625 0.550781 0.65625 0.535156 0.659375 0.53125 0.659375 0.511719 0.653125 0.503906 0.653125 0.5 0.65 0.496094 0.65 0.492188 0.646875 0.488281 0.64375 0.488281 0.640625 0.484375
0 0.315625 0.507812 0.3125 0.511719 0.309375 0.511719 0.30625 0.515625 0.3 0.515625 0.290625 0.527344 0.2875 0.527344 0.28125 0.535156 0.278125 0.535156 0.26875 0.546875 0.26875 0.550781 0.259375 0.5625 0.259375 0.570312 0.253125 0.578125 0.253125 0.585938 0.246875 0.59375 0.246875 0.597656 0.24375 0.601562 0.24375 0.613281 0.240625 0.617188 0.240625 0.644531 0.253125 0.660156 0.26875 0.660156 0.271875 0.65625 0.275 0.65625 0.278125 0.652344 0.28125 0.652344 0.284375 0.648438 0.2875 0.648438 0.290625 0.644531 0.296875 0.644531 0.3 0.640625 0.303125 0.640625 0.309375 0.632812 0.3125 0.632812 0.31875 0.625 0.31875 0.621094 0.325 0.613281 0.325 0.609375 0.33125 0.601562 0.33125 0.597656 0.334375 0.59375 0.334375 0.585938 0.340625 0.578125 0.340625 0.542969 0.3375 0.539062 0.3375 0.53125 0.334375 0.527344 0.334375 0.515625 0.328125 0.507812
0 0.846875 0.664062 0.84375 0.667969 0.840625 0.667969 0.834375 0.675781 0.834375 0.695312 0.83125 0.699219 0.834375 0.703125 0.834375 0.722656 0.83125 0.726562 0.83125 0.730469 0.825 0.738281 0.825 0.742188 0.81875 0.75 0.81875 0.753906 0.8125 0.761719 0.809375 0.761719 0.821875 0.777344 0.83125 0.777344 0.834375 0.773438 0.84375 0.773438 0.859375 0.753906 0.859375 0.75 0.865625 0.742188 0.865625 0.734375 0.86875 0.730469 0.86875 0.726562 0.871875 0.722656 0.871875 0.675781 0.8625 0.664062
0 0.38125 0.671875 0.378125 0.675781 0.371875 0.675781 0.365625 0.683594 0.365625 0.699219 0.36875 0.703125 0.3875 0.703125 0.39375 0.695312 0.39375 0.6875 0.390625 0.683594 0.390625 0.679688 0.384375 0.671875
0 0.48125 0.390625 0.478125 0.394531 0.475 0.394531 0.465625 0.40625 0.465625 0.410156 0.459375 0.417969 0.459375 0.425781 0.45625 0.429688 0.45625 0.433594 0.453125 0.4375 0.453125 0.472656 0.446875 0.480469 0.446875 0.5 0.45 0.503906 0.45 0.507812 0.465625 0.527344 0.465625 0.539062 0.46875 0.542969 0.478125 0.542969 0.48125 0.546875 0.5 0.546875 0.503125 0.542969 0.503125 0.539062 0.5125 0.527344 0.5125 0.519531 0.51875 0.511719 0.51875 0.503906 0.521875 0.5 0.521875 0.492188 0.525 0.488281 0.525 0.445312 0.521875 0.441406 0.521875 0.425781 0.515625 0.417969 0.515625 0.414062 0.509375 0.40625 0.509375 0.402344 0.50625 0.398438 0.496875 0.398438 0.490625 0.390625
0 0.81875 0.789062 0.815625 0.792969 0.8 0.792969 0.796875 0.796875 0.7875 0.796875 0.784375 0.800781 0.775 0.800781 0.771875 0.804688 0.765625 0.804688 0.759375 0.8125 0.75625 0.8125 0.75 0.820312 0.75 0.828125 0.753125 0.832031 0.75625 0.832031 0.759375 0.835938 0.7625 0.835938 0.765625 0.839844 0.76875 0.839844 0.775 0.847656 0.775 0.851562 0.778125 0.855469 0.778125 0.871094 0.775 0.875 0.775 0.882812 0.78125 0.890625 0.7875 0.890625 0.790625 0.894531 0.8 0.894531 0.8125 0.878906 0.815625 0.878906 0.83125 0.859375 0.83125 0.855469 0.834375 0.851562 0.834375 0.847656 0.8375 0.84375 0.8375 0.835938 0.840625 0.832031 0.840625 0.828125 0.84375 0.824219 0.84375 0.808594 0.83125 0.792969 0.828125 0.792969 0.825 0.789062
0 0.378125 0.355469 0.375 0.359375 0.371875 0.359375 0.36875 0.363281 0.365625 0.363281 0.3625 0.367188 0.359375 0.367188 0.34375 0.386719 0.34375 0.390625 0.340625 0.394531 0.340625 0.40625 0.334375 0.414062 0.334375 0.421875 0.33125 0.425781 0.33125 0.4375 0.334375 0.441406 0.334375 0.457031 0.3375 0.460938 0.3375 0.472656 0.340625 0.476562 0.340625 0.488281 0.353125 0.503906 0.35625 0.503906 0.365625 0.515625 0.371875 0.515625 0.375 0.519531 0.38125 0.519531 0.384375 0.523438 0.415625 0.523438 0.421875 0.515625 0.425 0.515625 0.428125 0.511719 0.43125 0.511719 0.4375 0.503906 0.4375 0.5 0.44375 0.492188 0.44375 0.472656 0.446875 0.46875 0.446875 0.441406 0.44375 0.4375 0.44375 0.429688 0.440625 0.425781 0.440625 0.421875 0.4375 0.417969 0.4375 0.40625 0.434375 0.402344 0.434375 0.398438 0.43125 0.394531 0.43125 0.390625 0.421875 0.378906 0.41875 0.378906 0.415625 0.375 0.4125 0.375 0.40625 0.367188 0.4 0.367188 0.396875 0.363281 0.39375 0.363281 0.390625 0.359375 0.3875 0.359375 0.384375 0.355469
0 0.2125 0.726562 0.20625 0.734375 0.196875 0.734375 0.190625 0.742188 0.1875 0.742188 0.184375 0.746094 0.178125 0.746094 0.175 0.75 0.175 0.753906 0.165625 0.765625 0.165625 0.769531 0.1625 0.773438 0.1625 0.800781 0.165625 0.804688 0.165625 0.820312 0.171875 0.828125 0.171875 0.84375 0.175 0.847656 0.18125 0.847656 0.184375 0.84375 0.190625 0.84375 0.19375 0.839844 0.196875 0.839844 0.20625 0.828125 0.209375 0.828125 0.215625 0.820312 0.21875 0.820312 0.221875 0.816406 0.221875 0.8125 0.225 0.808594 0.225 0.804688 0.23125 0.796875 0.23125 0.792969 0.2375 0.785156 0.2375 0.730469 0.234375 0.726562
0 0.5875 0.617188 0.584375 0.621094 0.575 0.621094 0.565625 0.632812 0.5625 0.632812 0.5625 0.640625 0.55625 0.648438 0.55625 0.652344 0.553125 0.65625 0.553125 0.671875 0.565625 0.6875 0.56875 0.6875 0.571875 0.691406 0.590625 0.691406 0.59375 0.6875 0.6 0.6875 0.603125 0.683594 0.60625 0.683594 0.621875 0.664062 0.621875 0.660156 0.625 0.65625 0.625 0.640625 0.621875 0.636719 0.621875 0.632812 0.609375 0.617188
0 0 0.605469 0 0.71875 0.00625 0.71875 0.009375 0.714844 0.015625 0.714844 0.025 0.703125 0.025 0.699219 0.028125 0.695312 0.028125 0.648438 0.021875 0.640625 0.021875 0.628906 0.0125 0.617188 0.0125 0.613281 0.00625 0.605469
0 0.953125 0.59375 0.95 0.597656 0.94375 0.597656 0.940625 0.601562 0.934375 0.601562 0.93125 0.605469 0.925 0.605469 0.921875 0.609375 0.91875 0.609375 0.915625 0.613281 0.90625 0.613281 0.903125 0.617188 0.903125 0.621094 0.896875 0.628906 0.896875 0.644531 0.884375 0.660156 0.884375 0.679688 0.890625 0.6875 0.890625 0.691406 0.9 0.703125 0.9 0.707031 0.90625 0.714844 0.9125 0.714844 0.91875 0.722656 0.928125 0.722656 0.93125 0.71875 0.934375 0.71875 0.9375 0.714844 0.94375 0.714844 0.946875 0.710938 0.95 0.710938 0.953125 0.707031 0.95625 0.707031 0.971875 0.6875 0.975 0.6875 0.978125 0.683594 0.978125 0.679688 0.984375 0.671875 0.984375 0.640625 0.978125 0.632812 0.978125 0.621094 0.975 0.617188 0.975 0.613281 0.965625 0.601562 0.965625 0.597656 0.9625 0.59375
0 0.959375 0.625 0.9625 0.621094 0.965625 0.625 0.9625 0.628906
0 0.375 0.523438 0.371875 0.527344 0.36875 0.527344 0.359375 0.539062 0.35625 0.539062 0.346875 0.550781 0.346875 0.554688 0.34375 0.558594 0.34375 0.578125 0.340625 0.582031 0.340625 0.601562 0.34375 0.605469 0.346875 0.605469 0.35625 0.617188 0.3625 0.617188 0.365625 0.621094 0.415625 0.621094 0.421875 0.613281 0.425 0.613281 0.428125 0.609375 0.43125 0.609375 0.4375 0.601562 0.4375 0.59375 0.440625 0.589844 0.440625 0.578125 0.44375 0.574219 0.44375 0.558594 0.440625 0.554688 0.440625 0.550781 0.4375 0.546875 0.4375 0.539062 0.434375 0.535156 0.428125 0.535156 0.425 0.53125 0.421875 0.53125 0.41875 0.527344 0.384375 0.527344 0.38125 0.523438
0 0.953125 0.304688 0.946875 0.3125 0.9375 0.3125 0.934375 0.316406 0.928125 0.316406 0.91875 0.328125 0.915625 0.328125 0.909375 0.335938 0.909375 0.339844 0.9 0.351562 0.9 0.355469 0.89375 0.363281 0.89375 0.367188 0.890625 0.371094 0.890625 0.375 0.8875 0.378906 0.8875 0.382812 0.884375 0.386719 0.884375 0.40625 0.89375 0.417969 0.89375 0.421875 0.90625 0.4375 0.928125 0.4375 0.9375 0.425781 0.940625 0.425781 0.946875 0.417969 0.95 0.417969 0.953125 0.414062 0.95625 0.414062 0.959375 0.410156 0.959375 0.40625 0.971875 0.390625 0.975 0.390625 0.98125 0.382812 0.984375 0.382812 0.99375 0.371094 0.99375 0.367188 0.996875 0.363281 0.996875 0.34375 0.99375 0.339844 0.99375 0.335938 0.996875 0.332031 0.996875 0.3125 0.990625 0.3125 0.984375 0.304688
