0 0.832031 0.875 0.828125 0.878906 0.820312 0.878906 0.816406 0.882812 0.816406 0.886719 0.8125 0.890625 0.808594 0.890625 0.804688 0.894531 0.804688 0.898438 0.800781 0.902344 0.800781 0.90625 0.796875 0.910156 0.796875 0.929688 0.804688 0.9375 0.820312 0.9375 0.824219 0.941406 0.832031 0.941406 0.835938 0.9375 0.839844 0.9375 0.84375 0.933594 0.847656 0.933594 0.863281 0.917969 0.863281 0.890625 0.855469 0.882812 0.851562 0.882812 0.847656 0.878906 0.84375 0.878906 0.839844 0.875
0 0.4375 0.859375 0.433594 0.863281 0.433594 0.867188 0.425781 0.875 0.421875 0.875 0.421875 0.894531 0.425781 0.898438 0.425781 0.902344 0.429688 0.90625 0.429688 0.910156 0.433594 0.910156 0.441406 0.917969 0.449219 0.917969 0.453125 0.914062 0.464844 0.914062 0.46875 0.910156 0.46875 0.90625 0.476562 0.898438 0.476562 0.894531 0.480469 0.890625 0.480469 0.878906 0.476562 0.875 0.476562 0.871094 0.464844 0.859375
0 0.636719 0.402344 0.625 0.414062 0.625 0.421875 0.621094 0.425781 0.621094 0.429688 0.617188 0.433594 0.617188 0.441406 0.613281 0.445312 0.613281 0.449219 0.609375 0.453125 0.609375 0.457031 0.605469 0.460938 0.605469 0.464844 0.601562 0.46875 0.601562 0.472656 0.597656 0.476562 0.597656 0.484375 0.59375 0.488281 0.59375 0.496094 0.597656 0.5 0.601562 0.5 0.621094 0.480469 0.621094 0.464844 0.625 0.460938 0.625 0.457031 0.636719 0.445312 0.640625 0.445312 0.640625 0.433594 0.648438 0.425781 0.648438 0.414062 0.652344 0.410156 0.648438 0.40625 0.648438 0.402344
0 0.789062 0.46875 0.785156 0.472656 0.78125 0.472656 0.769531 0.484375 0.769531 0.488281 0.765625 0.492188 0.765625 0.511719 0.769531 0.515625 0.769531 0.523438 0.785156 0.539062 0.808594 0.539062 0.8125 0.535156 0.816406 0.535156 0.824219 0.527344 0.828125 0.527344 0.828125 0.523438 0.832031 0.519531 0.832031 0.503906 0.828125 0.5 0.828125 0.488281 0.820312 0.480469 0.816406 0.480469 0.808594 0.472656 0.804688 0.472656 0.800781 0.46875
0 0.332031 0.589844 0.328125 0.59375 0.324219 0.59375 0.324219 0.597656 0.320312 0.601562 0.320312 0.605469 0.316406 0.609375 0.316406 0.625 0.324219 0.632812 0.324219 0.636719 0.328125 0.640625 0.328125 0.644531 0.332031 0.648438 0.339844 0.648438 0.34375 0.652344 0.347656 0.652344 0.351562 0.65625 0.371094 0.65625 0.375 0.652344 0.386719 0.652344 0.390625 0.648438 0.390625 0.644531 0.394531 0.640625 0.394531 0.625 0.386719 0.617188 0.367188 0.617188 0.347656 0.597656 0.34375 0.597656 0.339844 0.59375 0.339844 0.589844
0 0.386719 0.0898438 0.382812 0.09375 0.375 0.09375 0.363281 0.105469 0.363281 0.164062 0.367188 0.167969 0.367188 0.175781 0.375 0.183594 0.378906 0.183594 0.382812 0.1875 0.398438 0.1875 0.402344 0.183594 0.410156 0.183594 0.421875 0.171875 0.421875 0.148438 0.417969 0.144531 0.417969 0.140625 0.414062 0.136719 0.414062 0.109375 0.410156 0.105469 0.410156 0.101562 0.40625 0.0976562 0.40625 0.09375 0.402344 0.0898438
0 0.0390625 0.738281 0.0390625 0.75 0.0351562 0.753906 0.0351562 0.773438 0.0390625 0.777344 0.0585938 0.777344 0.0625 0.773438 0.0625 0.761719 0.0664062 0.757812 0.0664062 0.75 0.0625 0.746094 0.0585938 0.746094 0.0507812 0.738281
0 0.476562 0.0625 0.472656 0.0664062 0.46875 0.0664062 0.457031 0.078125 0.457031 0.0820312 0.453125 0.0859375 0.453125 0.101562 0.457031 0.105469 0.457031 0.109375 0.460938 0.113281 0.460938 0.121094 0.464844 0.125 0.46875 0.125 0.472656 0.128906 0.503906 0.128906 0.507812 0.125 0.511719 0.125 0.523438 0.113281 0.523438 0.109375 0.527344 0.105469 0.527344 0.0976562 0.523438 0.09375 0.523438 0.078125 0.511719 0.0664062 0.496094 0.0664062 0.492188 0.0625
0 0.398438 0.855469 0.390625 0.863281 0.386719 0.863281 0.375 0.875 0.375 0.882812 0.371094 0.886719 0.371094 0.894531 0.367188 0.898438 0.367188 0.925781 0.371094 0.929688 0.371094 0.9375 0.378906 0.945312 0.378906 0.949219 0.382812 0.949219 0.390625 0.957031 0.421875 0.957031 0.433594 0.945312 0.433594 0.941406 0.4375 0.9375 0.4375 0.917969 0.433594 0.917969 0.425781 0.910156 0.425781 0.90625 0.417969 0.898438 0.417969 0.886719 0.414062 0.882812 0.417969 0.878906 0.417969 0.875 0.421875 0.871094 0.421875 0.863281 0.417969 0.859375 0.410156 0.859375 0.40625 0.855469
0 0.519531 0.257812 0.515625 0.261719 0.511719 0.261719 0.507812 0.265625 0.507812 0.269531 0.5 0.277344 0.5 0.28125 0.492188 0.289062 0.492188 0.300781 0.488281 0.304688 0.488281 0.324219 0.492188 0.328125 0.492188 0.332031 0.5 0.339844 0.503906 0.339844 0.507812 0.34375 0.527344 0.34375 0.527344 0.339844 0.53125 0.335938 0.535156 0.335938 0.539062 0.332031 0.539062 0.328125 0.542969 0.324219 0.546875 0.324219 0.5625 0.308594 0.5625 0.304688 0.566406 0.300781 0.566406 0.277344 0.5625 0.273438 0.5625 0.269531 0.550781 0.257812
0 0.679688 0.566406 0.671875 0.574219 0.671875 0.59375 0.679688 0.601562 0.699219 0.601562 0.707031 0.59375 0.707031 0.578125 0.703125 0.574219 0.699219 0.574219 0.695312 0.570312 0.6875 0.570312 0.683594 0.566406
0 0.0234375 0 0.0234375 0.00390625 0.0273438 0.0078125 0.0273438 0.0117188 0.0351562 0.0195312 0.0390625 0.0195312 0.0429688 0.0234375 0.0664062 0.0234375 0.0703125 0.0195312 0.078125 0.0195312 0.0820312 0.015625 0.0898438 0.015625 0.0898438 0.0117188 0.0976562 0.00390625 0.0976562 0
0 0.953125 0.707031 0.949219 0.710938 0.941406 0.710938 0.9375 0.714844 0.933594 0.714844 0.929688 0.71875 0.929688 0.722656 0.921875 0.730469 0.921875 0.75 0.925781 0.753906 0.925781 0.761719 0.933594 0.769531 0.9375 0.769531 0.941406 0.773438 0.964844 0.773438 0.96875 0.769531 0.972656 0.769531 0.980469 0.761719 0.984375 0.761719 0.992188 0.753906 0.992188 0.734375 0.984375 0.726562 0.984375 0.722656 0.972656 0.710938 0.96875 0.710938 0.964844 0.707031
0 0.65625 0.589844 0.652344 0.59375 0.648438 0.59375 0.644531 0.597656 0.644531 0.617188 0.648438 0.621094 0.652344 0.621094 0.660156 0.628906 0.675781 0.628906 0.679688 0.625 0.679688 0.621094 0.683594 0.617188 0.683594 0.605469 0.679688 0.605469 0.667969 0.59375 0.667969 0.589844
0 0.0195312 0.261719 0.015625 0.265625 0.0117188 0.265625 0 0.277344 0 0.316406 0.00390625 0.320312 0.00390625 0.324219 0.0078125 0.328125 0.015625 0.328125 0.0195312 0.332031 0.046875 0.332031 0.0507812 0.328125 0.0546875 0.328125 0.0664062 0.316406 0.0664062 0.292969 0.0625 0.289062 0.0625 0.285156 0.0546875 0.277344 0.0546875 0.273438 0.0507812 0.273438 0.046875 0.269531 0.0429688 0.269531 0.0390625 0.265625 0.0351562 0.265625 0.03125 0.261719
0 0.304688 0.644531 0.300781 0.648438 0.296875 0.648438 0.296875 0.652344 0.285156 0.664062 0.28125 0.664062 0.277344 0.667969 0.277344 0.671875 0.273438 0.675781 0.277344 0.679688 0.277344 0.691406 0.28125 0.695312 0.28125 0.699219 0.285156 0.699219 0.292969 0.707031 0.300781 0.707031 0.304688 0.710938 0.335938 0.710938 0.339844 0.707031 0.34375 0.707031 0.351562 0.699219 0.351562 0.675781 0.347656 0.671875 0.347656 0.667969 0.339844 0.660156 0.335938 0.660156 0.324219 0.648438 0.320312 0.648438 0.316406 0.644531
0 0.734375 0.84375 0.730469 0.847656 0.726562 0.847656 0.722656 0.851562 0.71875 0.851562 0.71875 0.855469 0.710938 0.863281 0.707031 0.863281 0.699219 0.871094 0.699219 0.878906 0.695312 0.882812 0.695312 0.886719 0.699219 0.890625 0.699219 0.898438 0.703125 0.902344 0.703125 0.90625 0.710938 0.914062 0.714844 0.914062 0.71875 0.917969 0.722656 0.917969 0.726562 0.921875 0.734375 0.921875 0.738281 0.925781 0.742188 0.925781 0.746094 0.929688 0.761719 0.929688 0.761719 0.925781 0.765625 0.921875 0.769531 0.921875 0.769531 0.917969 0.777344 0.910156 0.777344 0.90625 0.78125 0.902344 0.78125 0.875 0.777344 0.871094 0.777344 0.867188 0.773438 0.863281 0.769531 0.863281 0.765625 0.859375 0.757812 0.859375 0.753906 0.855469 0.753906 0.847656 0.75 0.847656 0.746094 0.84375
0 0 0.714844 0 0.753906 0.0273438 0.753906 0.0273438 0.726562 0.0234375 0.722656 0.0234375 0.71875 0.0195312 0.714844 0.015625 0.714844 0.0117188 0.71875 0.0078125 0.71875 0.00390625 0.714844
