0 0.228125 0.355469 0.221875 0.363281 0.221875 0.394531 0.240625 0.417969 0.259375 0.417969 0.2625 0.414062 0.2625 0.390625 0.259375 0.386719 0.259375 0.375 0.25625 0.371094 0.25625 0.367188 0.253125 0.363281 0.25 0.363281 0.246875 0.359375 0.24375 0.359375 0.240625 0.355469
0 0.209375 0.121094 0.20625 0.125 0.203125 0.125 0.1875 0.144531 0.1875 0.164062 0.209375 0.191406 0.2125 0.191406 0.215625 0.195312 0.221875 0.195312 0.225 0.191406 0.23125 0.191406 0.234375 0.1875 0.240625 0.1875 0.24375 0.183594 0.24375 0.179688 0.246875 0.175781 0.246875 0.167969 0.25 0.164062 0.25 0.136719 0.246875 0.132812 0.246875 0.128906 0.240625 0.121094
0 0.6875 0.273438 0.684375 0.277344 0.684375 0.296875 0.690625 0.304688 0.69375 0.304688 0.703125 0.292969 0.703125 0.28125 0.696875 0.273438
0 0.834375 0.765625 0.83125 0.769531 0.83125 0.777344 0.834375 0.78125 0.834375 0.796875 0.8375 0.800781 0.8375 0.804688 0.840625 0.808594 0.85 0.808594 0.853125 0.804688 0.853125 0.789062 0.85 0.785156 0.85 0.773438 0.84375 0.765625
0 0.96875 0.46875 0.965625 0.472656 0.9625 0.472656 0.94375 0.496094 0.94375 0.5 0.959375 0.519531 0.959375 0.523438 0.9625 0.527344 0.9625 0.535156 0.965625 0.539062 0.965625 0.546875 0.9625 0.550781 0.9625 0.574219 0.965625 0.578125 0.971875 0.578125 0.975 0.574219 0.9875 0.574219 0.990625 0.570312 0.99375 0.570312 0.996875 0.566406 0.996875 0.46875
0 0.296875 0.445312 0.29375 0.449219 0.29375 0.453125 0.290625 0.457031 0.290625 0.464844 0.29375 0.46875 0.29375 0.472656 0.296875 0.476562 0.296875 0.480469 0.315625 0.503906 0.321875 0.503906 0.325 0.507812 0.328125 0.507812 0.33125 0.511719 0.359375 0.511719 0.3625 0.507812 0.3625 0.472656 0.35625 0.464844 0.35625 0.460938 0.353125 0.457031 0.35 0.457031 0.340625 0.445312
0 0.178125 0 0.175 0.00390625 0.175 0.0195312 0.178125 0.0234375 0.178125 0.0273438 0.175 0.03125 0.175 0.0390625 0.16875 0.046875 0.159375 0.046875 0.159375 0.0664062 0.1625 0.0703125 0.1625 0.0742188 0.165625 0.078125 0.165625 0.0820312 0.16875 0.0859375 0.178125 0.0859375 0.18125 0.0898438 0.203125 0.0898438 0.20625 0.09375 0.225 0.09375 0.23125 0.0859375 0.23125 0.0351562 0.228125 0.03125 0.228125 0.0195312 0.21875 0.0078125 0.2125 0.0078125 0.209375 0.00390625 0.203125 0.00390625 0.2 0
0 0.228125 0.414062 0.225 0.417969 0.225 0.4375 0.228125 0.441406 0.228125 0.453125 0.234375 0.460938 0.2375 0.460938 0.240625 0.464844 0.246875 0.464844 0.25 0.460938 0.25 0.453125 0.246875 0.449219 0.246875 0.445312 0.24375 0.441406 0.24375 0.429688 0.240625 0.425781 0.240625 0.421875 0.234375 0.414062
0 0.05 0.105469 0.046875 0.109375 0.046875 0.125 0.05 0.128906 0.05 0.132812 0.053125 0.136719 0.053125 0.160156 0.059375 0.167969 0.059375 0.171875 0.071875 0.1875 0.075 0.1875 0.0875 0.203125 0.096875 0.203125 0.1 0.199219 0.1 0.179688 0.096875 0.175781 0.096875 0.164062 0.090625 0.15625 0.090625 0.152344 0.0875 0.148438 0.0875 0.144531 0.08125 0.136719 0.08125 0.132812 0.078125 0.128906 0.078125 0.109375 0.075 0.105469
0 0.521875 0.957031 0.515625 0.964844 0.515625 0.988281 0.51875 0.992188 0.51875 0.996094 0.546875 0.996094 0.546875 0.960938 0.54375 0.957031
0 0.346875 0.640625 0.34375 0.644531 0.34375 0.664062 0.35 0.671875 0.353125 0.671875 0.35625 0.675781 0.359375 0.675781 0.365625 0.683594 0.378125 0.683594 0.38125 0.679688 0.390625 0.679688 0.39375 0.675781 0.396875 0.675781 0.396875 0.664062 0.390625 0.65625 0.3875 0.65625 0.38125 0.648438 0.378125 0.648438 0.375 0.644531 0.365625 0.644531 0.3625 0.640625
0 0.140625 0.203125 0.1375 0.207031 0.1375 0.214844 0.140625 0.21875 0.140625 0.222656 0.14375 0.226562 0.14375 0.230469 0.146875 0.234375 0.146875 0.238281 0.153125 0.246094 0.153125 0.25 0.15625 0.253906 0.1625 0.253906 0.165625 0.25 0.165625 0.246094 0.159375 0.238281 0.159375 0.234375 0.153125 0.226562 0.153125 0.222656 0.15 0.21875 0.15 0.214844 0.146875 0.210938 0.146875 0.207031 0.14375 0.203125
0 0.54375 0.316406 0.5375 0.324219 0.5375 0.339844 0.546875 0.351562 0.55 0.351562 0.553125 0.355469 0.55625 0.355469 0.559375 0.359375 0.575 0.359375 0.578125 0.355469 0.578125 0.339844 0.571875 0.332031 0.56875 0.332031 0.565625 0.328125 0.5625 0.328125 0.559375 0.324219 0.55625 0.324219 0.553125 0.320312 0.55 0.320312 0.546875 0.316406
0 0.153125 0.40625 0.146875 0.414062 0.146875 0.433594 0.14375 0.4375 0.14375 0.441406 0.146875 0.445312 0.146875 0.460938 0.159375 0.476562 0.1625 0.476562 0.165625 0.480469 0.16875 0.480469 0.171875 0.484375 0.175 0.484375 0.178125 0.488281 0.19375 0.488281 0.196875 0.484375 0.20625 0.484375 0.209375 0.480469 0.209375 0.445312 0.20625 0.441406 0.20625 0.4375 0.190625 0.417969 0.1875 0.417969 0.184375 0.414062 0.18125 0.414062 0.178125 0.410156 0.171875 0.410156 0.16875 0.40625
0 0.990625 0.667969 0.9875 0.671875 0.975 0.671875 0.971875 0.675781 0.971875 0.707031 0.975 0.710938 0.975 0.714844 0.978125 0.71875 0.98125 0.71875 0.984375 0.722656 0.996875 0.722656 0.996875 0.667969
0 0.1375 0 0.1375 0.00390625 0.140625 0.0078125 0.140625 0.0117188 0.14375 0.015625 0.14375 0.0234375 0.15 0.03125 0.15 0.0351562 0.153125 0.0390625 0.15625 0.0390625 0.159375 0.0429688 0.16875 0.0429688 0.171875 0.0390625 0.171875 0.03125 0.175 0.0273438 0.175 0.0234375 0.171875 0.0195312 0.171875 0.00390625 0.16875 0
0 0.70625 0.898438 0.703125 0.902344 0.703125 0.910156 0.70625 0.914062 0.715625 0.914062 0.71875 0.917969 0.728125 0.917969 0.73125 0.921875 0.75 0.921875 0.75 0.910156 0.746875 0.90625 0.74375 0.90625 0.740625 0.902344 0.73125 0.902344 0.728125 0.898438
0 0.38125 0.917969 0.378125 0.921875 0.378125 0.925781 0.375 0.929688 0.375 0.949219 0.38125 0.957031 0.38125 0.960938 0.3875 0.96875 0.4 0.96875 0.403125 0.964844 0.40625 0.964844 0.409375 0.960938 0.409375 0.941406 0.40625 0.9375 0.40625 0.933594 0.403125 0.929688 0.403125 0.925781 0.396875 0.917969
0 0.75 0.390625 0.746875 0.394531 0.746875 0.414062 0.75 0.417969 0.75 0.421875 0.753125 0.425781 0.753125 0.429688 0.75625 0.433594 0.75625 0.441406 0.765625 0.453125 0.775 0.453125 0.78125 0.445312 0.7875 0.445312 0.7875 0.417969 0.784375 0.414062 0.784375 0.410156 0.76875 0.390625
0 0.790625 0.0898438 0.784375 0.0976562 0.778125 0.0976562 0.771875 0.105469 0.76875 0.105469 0.753125 0.125 0.753125 0.136719 0.771875 0.136719 0.778125 0.128906 0.78125 0.128906 0.7875 0.121094 0.7875 0.117188 0.796875 0.105469 0.796875 0.0898438
0 0.446875 0.015625 0.44375 0.0195312 0.44375 0.0390625 0.446875 0.0429688 0.446875 0.046875 0.45 0.0507812 0.45 0.0546875 0.453125 0.0585938 0.45625 0.0585938 0.459375 0.0625 0.465625 0.0625 0.46875 0.0664062 0.48125 0.0664062 0.484375 0.0703125 0.49375 0.0703125 0.496875 0.0742188 0.51875 0.0742188 0.521875 0.0703125 0.521875 0.0664062 0.5125 0.0546875 0.509375 0.0546875 0.5 0.0429688 0.496875 0.0429688 0.490625 0.0351562 0.4875 0.0351562 0.471875 0.015625
0 0.296875 0.652344 0.29375 0.65625 0.29375 0.660156 0.3 0.667969 0.3 0.6875 0.315625 0.707031 0.321875 0.707031 0.325 0.703125 0.328125 0.703125 0.33125 0.699219 0.33125 0.683594 0.30625 0.652344
0 0.440625 0.828125 0.43125 0.839844 0.43125 0.875 0.44375 0.890625 0.446875 0.890625 0.45 0.894531 0.453125 0.894531 0.45625 0.898438 0.484375 0.898438 0.4875 0.894531 0.4875 0.855469 0.484375 0.851562 0.484375 0.847656 0.471875 0.832031 0.465625 0.832031 0.4625 0.828125
0 0.2125 0.585938 0.209375 0.589844 0.203125 0.589844 0.196875 0.597656 0.196875 0.625 0.203125 0.632812 0.203125 0.636719 0.21875 0.65625 0.225 0.65625 0.228125 0.660156 0.234375 0.660156 0.2375 0.664062 0.240625 0.664062 0.24375 0.667969 0.259375 0.667969 0.2625 0.664062 0.2625 0.660156 0.265625 0.65625 0.265625 0.640625 0.2625 0.636719 0.2625 0.632812 0.259375 0.628906 0.259375 0.621094 0.25625 0.617188 0.25625 0.613281 0.25 0.605469 0.246875 0.605469 0.234375 0.589844 0.225 0.589844 0.221875 0.585938
0 0.74375 0.511719 0.740625 0.515625 0.740625 0.554688 0.7625 0.582031 0.765625 0.582031 0.771875 0.589844 0.784375 0.589844 0.7875 0.585938 0.7875 0.5625 0.784375 0.558594 0.784375 0.554688 0.76875 0.535156 0.76875 0.527344 0.765625 0.523438 0.765625 0.519531 0.7625 0.515625 0.759375 0.515625 0.75625 0.511719
0 0.928125 0.851562 0.925 0.855469 0.925 0.898438 0.928125 0.902344 0.928125 0.917969 0.93125 0.921875 0.93125 0.925781 0.940625 0.9375 0.940625 0.941406 0.946875 0.949219 0.959375 0.949219 0.959375 0.945312 0.9625 0.941406 0.9625 0.9375 0.965625 0.933594 0.9625 0.929688 0.9625 0.878906 0.959375 0.875 0.959375 0.871094 0.95625 0.867188 0.95625 0.863281 0.95 0.855469 0.94375 0.855469 0.940625 0.851562
0 0.478125 0 0.48125 0 0.484375 0.00390625 0.4875 0.00390625 0.49375 0.0117188 0.503125 0.0117188 0.50625 0.015625 0.525 0.015625 0.528125 0.0117188 0.528125 0
0 0.625 0.00390625 0.621875 0.0078125 0.621875 0.0117188 0.625 0.015625 0.625 0.0195312 0.63125 0.0273438 0.63125 0.0351562 0.634375 0.0390625 0.634375 0.0507812 0.640625 0.0585938 0.65 0.0585938 0.653125 0.0546875 0.653125 0.0429688 0.65 0.0390625 0.65 0.03125 0.646875 0.0273438 0.64375 0.0273438 0.6375 0.0195312 0.6375 0.0117188 0.63125 0.00390625
0 0.91875 0.511719 0.915625 0.515625 0.9125 0.515625 0.909375 0.519531 0.896875 0.519531 0.89375 0.523438 0.89375 0.527344 0.890625 0.53125 0.890625 0.535156 0.8875 0.539062 0.8875 0.5625 0.890625 0.566406 0.890625 0.570312 0.9 0.582031 0.903125 0.582031 0.90625 0.585938 0.946875 0.585938 0.959375 0.570312 0.959375 0.550781 0.9625 0.546875 0.9625 0.539062 0.959375 0.535156 0.959375 0.527344 0.95625 0.523438 0.95625 0.519531 0.95 0.511719
0 0.39375 0.679688 0.390625 0.683594 0.38125 0.683594 0.378125 0.6875 0.378125 0.710938 0.38125 0.714844 0.38125 0.726562 0.384375 0.730469 0.384375 0.734375 0.390625 0.742188 0.403125 0.742188 0.41875 0.722656 0.41875 0.710938 0.415625 0.707031 0.415625 0.703125 0.396875 0.679688
0 0.25625 0.695312 0.25 0.703125 0.25 0.726562 0.265625 0.746094 0.26875 0.746094 0.271875 0.75 0.275 0.75 0.28125 0.757812 0.2875 0.757812 0.290625 0.761719 0.296875 0.761719 0.3 0.765625 0.31875 0.765625 0.321875 0.761719 0.321875 0.746094 0.31875 0.742188 0.31875 0.738281 0.309375 0.726562 0.30625 0.726562 0.28125 0.695312
0 0.65 0.109375 0.646875 0.113281 0.646875 0.125 0.65 0.128906 0.65 0.140625 0.659375 0.152344 0.66875 0.152344 0.671875 0.148438 0.671875 0.140625 0.66875 0.136719 0.66875 0.128906 0.665625 0.125 0.665625 0.117188 0.6625 0.113281 0.659375 0.113281 0.65625 0.109375
0 0.240625 0.269531 0.234375 0.277344 0.234375 0.320312 0.24375 0.332031 0.25 0.332031 0.253125 0.335938 0.271875 0.335938 0.275 0.332031 0.275 0.324219 0.278125 0.320312 0.278125 0.300781 0.275 0.296875 0.275 0.285156 0.2625 0.269531
0 0.96875 0.933594 0.965625 0.9375 0.965625 0.941406 0.9625 0.945312 0.9625 0.949219 0.959375 0.953125 0.959375 0.976562 0.975 0.996094 0.9875 0.996094 0.990625 0.992188 0.990625 0.957031 0.9875 0.953125 0.9875 0.945312 0.984375 0.941406 0.984375 0.9375 0.98125 0.933594
0 0.771875 0.480469 0.76875 0.484375 0.76875 0.523438 0.771875 0.527344 0.771875 0.535156 0.78125 0.546875 0.784375 0.546875 0.7875 0.542969 0.7875 0.535156 0.784375 0.53125 0.784375 0.507812 0.78125 0.503906 0.78125 0.496094 0.778125 0.492188 0.778125 0.484375 0.775 0.480469
0 0.478125 0.972656 0.475 0.976562 0.475 0.992188 0.478125 0.996094 0.5 0.996094 0.5 0.992188 0.484375 0.972656
0 0.265625 0.199219 0.259375 0.207031 0.259375 0.210938 0.25625 0.214844 0.25625 0.238281 0.259375 0.242188 0.259375 0.246094 0.2625 0.25 0.2625 0.253906 0.265625 0.257812 0.26875 0.257812 0.271875 0.261719 0.284375 0.261719 0.2875 0.257812 0.2875 0.210938 0.284375 0.207031 0.284375 0.203125 0.28125 0.199219
0 0.184375 0.195312 0.18125 0.199219 0.18125 0.203125 0.178125 0.207031 0.178125 0.214844 0.175 0.21875 0.175 0.230469 0.178125 0.234375 0.178125 0.242188 0.18125 0.246094 0.196875 0.246094 0.2 0.242188 0.2 0.21875 0.203125 0.214844 0.203125 0.199219 0.2 0.195312
0 0.709375 0.1875 0.696875 0.203125 0.696875 0.214844 0.7 0.21875 0.7 0.222656 0.70625 0.230469 0.70625 0.234375 0.709375 0.238281 0.709375 0.246094 0.715625 0.253906 0.734375 0.253906 0.7375 0.25 0.7375 0.210938 0.734375 0.207031 0.734375 0.203125 0.728125 0.195312 0.728125 0.191406 0.725 0.1875
0 0.325 0.785156 0.321875 0.789062 0.321875 0.796875 0.31875 0.800781 0.31875 0.839844 0.321875 0.84375 0.321875 0.847656 0.325 0.851562 0.328125 0.851562 0.3375 0.863281 0.340625 0.863281 0.34375 0.867188 0.365625 0.867188 0.375 0.855469 0.375 0.820312 0.371875 0.816406 0.371875 0.8125 0.3625 0.800781 0.359375 0.800781 0.35625 0.796875 0.346875 0.796875 0.3375 0.785156
0 0 0.917969 0 0.984375 0.003125 0.988281 0.003125 0.992188 0.00625 0.996094 0.034375 0.996094 0.034375 0.960938 0.028125 0.953125 0.028125 0.945312 0.025 0.941406 0.025 0.9375 0.021875 0.933594 0.021875 0.929688 0.01875 0.925781 0.015625 0.925781 0.0125 0.921875 0.009375 0.921875 0.00625 0.917969
0 0.659375 0.566406 0.65625 0.570312 0.65 0.570312 0.646875 0.574219 0.64375 0.574219 0.640625 0.578125 0.6375 0.578125 0.634375 0.582031 0.634375 0.617188 0.6375 0.621094 0.640625 0.621094 0.65 0.632812 0.653125 0.632812 0.65625 0.636719 0.68125 0.636719 0.684375 0.632812 0.70625 0.632812 0.709375 0.628906 0.7125 0.628906 0.715625 0.625 0.715625 0.589844 0.709375 0.582031 0.70625 0.582031 0.7 0.574219 0.69375 0.574219 0.6875 0.566406
0 0.840625 0.726562 0.8375 0.730469 0.8375 0.742188 0.840625 0.746094 0.840625 0.753906 0.84375 0.757812 0.84375 0.761719 0.853125 0.773438 0.85625 0.773438 0.865625 0.785156 0.878125 0.785156 0.88125 0.78125 0.88125 0.773438 0.878125 0.769531 0.878125 0.765625 0.875 0.761719 0.875 0.757812 0.871875 0.753906 0.871875 0.75 0.8625 0.738281 0.859375 0.738281 0.853125 0.730469 0.846875 0.730469 0.84375 0.726562
0 0.634375 0.671875 0.63125 0.675781 0.63125 0.679688 0.64375 0.695312 0.653125 0.695312 0.65625 0.691406 0.65625 0.6875 0.64375 0.671875
0 0.715625 0.304688 0.715625 0.308594 0.7125 0.3125 0.7125 0.328125 0.71875 0.335938 0.721875 0.335938 0.725 0.339844 0.74375 0.339844 0.746875 0.335938 0.746875 0.316406 0.7375 0.304688
0 0.4125 0.738281 0.40625 0.746094 0.40625 0.75 0.403125 0.753906 0.403125 0.765625 0.409375 0.773438 0.409375 0.777344 0.4125 0.78125 0.4125 0.789062 0.428125 0.808594 0.43125 0.808594 0.434375 0.8125 0.446875 0.8125 0.45 0.808594 0.45 0.789062 0.446875 0.785156 0.446875 0.773438 0.440625 0.765625 0.440625 0.761719 0.425 0.742188 0.421875 0.742188 0.41875 0.738281
0 0.771875 0.789062 0.765625 0.796875 0.765625 0.820312 0.7625 0.824219 0.7625 0.828125 0.759375 0.832031 0.759375 0.835938 0.75 0.847656 0.746875 0.847656 0.740625 0.855469 0.7375 0.855469 0.7375 0.863281 0.74375 0.871094 0.753125 0.871094 0.75625 0.875 0.796875 0.875 0.8 0.871094 0.80625 0.871094 0.821875 0.851562 0.821875 0.824219 0.81875 0.820312 0.8125 0.820312 0.809375 0.816406 0.80625 0.816406 0.796875 0.804688 0.796875 0.800781 0.790625 0.792969 0.7875 0.792969 0.784375 0.789062
0 0.775 0.0078125 0.75625 0.03125 0.75625 0.0351562 0.75 0.0429688 0.75 0.0703125 0.746875 0.0742188 0.746875 0.078125 0.75 0.0820312 0.75 0.0859375 0.753125 0.0898438 0.753125 0.09375 0.759375 0.101562 0.759375 0.109375 0.7625 0.109375 0.76875 0.101562 0.771875 0.101562 0.778125 0.09375 0.784375 0.09375 0.79375 0.0820312 0.79375 0.078125 0.796875 0.0742188 0.796875 0.0703125 0.8 0.0664062 0.8 0.0625 0.803125 0.0585938 0.803125 0.015625 0.796875 0.0078125
0 0.525 0.1875 0.521875 0.191406 0.521875 0.222656 0.534375 0.238281 0.534375 0.242188 0.5375 0.246094 0.54375 0.246094 0.546875 0.25 0.575 0.25 0.578125 0.246094 0.578125 0.234375 0.58125 0.230469 0.58125 0.222656 0.578125 0.21875 0.578125 0.210938 0.565625 0.195312 0.55 0.195312 0.546875 0.191406 0.54375 0.191406 0.540625 0.1875
0 0.825 0.691406 0.821875 0.695312 0.821875 0.699219 0.828125 0.707031 0.828125 0.710938 0.83125 0.714844 0.834375 0.714844 0.840625 0.722656 0.84375 0.722656 0.846875 0.726562 0.859375 0.726562 0.8625 0.722656 0.8625 0.714844 0.85 0.699219 0.85 0.695312 0.846875 0.691406
0 0.34375 0.894531 0.3375 0.902344 0.3375 0.917969 0.340625 0.921875 0.340625 0.925781 0.35625 0.945312 0.36875 0.945312 0.371875 0.941406 0.371875 0.929688 0.375 0.925781 0.375 0.921875 0.38125 0.914062 0.38125 0.902344 0.375 0.894531
0 0 0.0429688 0 0.0976562 0.009375 0.109375 0.0125 0.109375 0.015625 0.113281 0.03125 0.113281 0.034375 0.109375 0.034375 0.0859375 0.03125 0.0820312 0.03125 0.078125 0.028125 0.0742188 0.028125 0.0664062 0.025 0.0625 0.025 0.0585938 0.01875 0.0507812 0.015625 0.0507812 0.0125 0.046875 0.003125 0.046875
0 0.190625 0.503906 0.184375 0.511719 0.184375 0.539062 0.1875 0.542969 0.1875 0.546875 0.196875 0.558594 0.2 0.558594 0.203125 0.5625 0.225 0.5625 0.228125 0.558594 0.228125 0.550781 0.225 0.546875 0.225 0.542969 0.221875 0.539062 0.221875 0.527344 0.21875 0.523438 0.21875 0.519531 0.2125 0.511719 0.2125 0.507812 0.209375 0.503906
0 0.7625 0.585938 0.759375 0.589844 0.759375 0.609375 0.765625 0.617188 0.765625 0.625 0.76875 0.628906 0.76875 0.632812 0.778125 0.644531 0.784375 0.644531 0.7875 0.640625 0.7875 0.628906 0.784375 0.625 0.784375 0.617188 0.778125 0.609375 0.778125 0.605469 0.771875 0.597656 0.771875 0.59375 0.765625 0.585938
0 0.328125 0.527344 0.325 0.53125 0.325 0.550781 0.328125 0.554688 0.328125 0.558594 0.334375 0.558594 0.3375 0.5625 0.34375 0.5625 0.35 0.570312 0.353125 0.570312 0.35625 0.574219 0.3625 0.574219 0.365625 0.570312 0.365625 0.542969 0.3625 0.539062 0.3625 0.53125 0.359375 0.527344
0 0.596875 0.410156 0.59375 0.414062 0.584375 0.414062 0.578125 0.421875 0.575 0.421875 0.571875 0.425781 0.571875 0.429688 0.56875 0.433594 0.56875 0.457031 0.571875 0.460938 0.575 0.460938 0.58125 0.46875 0.590625 0.46875 0.59375 0.472656 0.6375 0.472656 0.640625 0.46875 0.64375 0.46875 0.653125 0.457031 0.653125 0.425781 0.65 0.421875 0.646875 0.421875 0.64375 0.417969 0.63125 0.417969 0.628125 0.414062 0.621875 0.414062 0.61875 0.410156
0 0.49375 0.890625 0.484375 0.902344 0.484375 0.921875 0.4875 0.925781 0.4875 0.929688 0.496875 0.941406 0.496875 0.945312 0.503125 0.953125 0.503125 0.957031 0.50625 0.960938 0.509375 0.960938 0.5125 0.964844 0.521875 0.953125 0.525 0.953125 0.525 0.945312 0.521875 0.941406 0.521875 0.933594 0.51875 0.929688 0.51875 0.921875 0.515625 0.917969 0.515625 0.914062 0.5125 0.910156 0.5125 0.90625 0.5 0.890625
0 0.778125 0.148438 0.76875 0.160156 0.76875 0.167969 0.765625 0.171875 0.765625 0.207031 0.76875 0.210938 0.76875 0.21875 0.771875 0.222656 0.771875 0.230469 0.775 0.234375 0.775 0.238281 0.778125 0.242188 0.78125 0.242188 0.784375 0.246094 0.790625 0.246094 0.796875 0.238281 0.8 0.238281 0.80625 0.230469 0.80625 0.222656 0.809375 0.21875 0.809375 0.214844 0.8125 0.210938 0.8125 0.207031 0.815625 0.203125 0.815625 0.175781 0.8125 0.171875 0.8125 0.167969 0.80625 0.160156 0.8 0.160156 0.796875 0.15625 0.79375 0.15625 0.790625 0.152344 0.7875 0.152344 0.784375 0.148438
0 0.71875 0.496094 0.7125 0.503906 0.7125 0.515625 0.715625 0.519531 0.715625 0.527344 0.71875 0.53125 0.71875 0.539062 0.721875 0.542969 0.721875 0.550781 0.725 0.554688 0.734375 0.554688 0.7375 0.550781 0.7375 0.53125 0.73125 0.523438 0.73125 0.519531 0.728125 0.515625 0.728125 0.511719 0.725 0.507812 0.725 0.5 0.721875 0.496094
0 0.7125 0.0820312 0.70625 0.0898438 0.70625 0.105469 0.709375 0.109375 0.709375 0.113281 0.7125 0.117188 0.715625 0.117188 0.71875 0.121094 0.725 0.121094 0.73125 0.113281 0.73125 0.109375 0.734375 0.105469 0.734375 0.0976562 0.721875 0.0820312
0 0.309375 0.371094 0.30625 0.375 0.3 0.375 0.2875 0.390625 0.2875 0.394531 0.290625 0.398438 0.290625 0.402344 0.29375 0.40625 0.29375 0.414062 0.309375 0.433594 0.315625 0.433594 0.321875 0.441406 0.34375 0.441406 0.35 0.433594 0.35 0.410156 0.346875 0.40625 0.346875 0.398438 0.328125 0.375 0.31875 0.375 0.315625 0.371094
0 0.296875 0.320312 0.29375 0.324219 0.29375 0.339844 0.303125 0.351562 0.3125 0.351562 0.315625 0.347656 0.315625 0.324219 0.3125 0.320312
0 0.28125 0.585938 0.278125 0.589844 0.278125 0.621094 0.2875 0.632812 0.29375 0.632812 0.296875 0.636719 0.3 0.636719 0.30625 0.644531 0.309375 0.644531 0.315625 0.636719 0.315625 0.632812 0.3125 0.628906 0.3125 0.625 0.30625 0.617188 0.30625 0.609375 0.303125 0.605469 0.303125 0.601562 0.29375 0.589844 0.290625 0.589844 0.2875 0.585938
0 0.09375 0.125 0.090625 0.128906 0.090625 0.148438 0.09375 0.152344 0.09375 0.15625 0.096875 0.160156 0.109375 0.160156 0.1125 0.15625 0.1125 0.136719 0.103125 0.125
0 0.328125 0.5625 0.321875 0.570312 0.321875 0.574219 0.325 0.578125 0.325 0.585938 0.328125 0.589844 0.328125 0.59375 0.33125 0.597656 0.33125 0.605469 0.334375 0.609375 0.334375 0.613281 0.346875 0.628906 0.353125 0.628906 0.35625 0.632812 0.36875 0.632812 0.375 0.625 0.375 0.613281 0.371875 0.609375 0.371875 0.605469 0.36875 0.601562 0.36875 0.597656 0.3625 0.589844 0.3625 0.585938 0.353125 0.574219 0.35 0.574219 0.34375 0.566406 0.3375 0.566406 0.334375 0.5625
0 0.99375 0.59375 0.978125 0.613281 0.971875 0.613281 0.96875 0.617188 0.96875 0.640625 0.978125 0.652344 0.98125 0.652344 0.9875 0.660156 0.996875 0.660156 0.996875 0.59375
0 0.834375 0.300781 0.821875 0.316406 0.81875 0.316406 0.815625 0.320312 0.815625 0.335938 0.8125 0.339844 0.8125 0.347656 0.809375 0.351562 0.809375 0.375 0.815625 0.382812 0.815625 0.386719 0.83125 0.40625 0.846875 0.40625 0.853125 0.398438 0.853125 0.394531 0.859375 0.386719 0.8625 0.386719 0.865625 0.382812 0.865625 0.335938 0.8625 0.332031 0.8625 0.324219 0.859375 0.320312 0.859375 0.316406 0.853125 0.308594 0.85 0.308594 0.846875 0.304688 0.84375 0.304688 0.840625 0.300781
0 0.271875 0.0859375 0.26875 0.0898438 0.26875 0.09375 0.2625 0.101562 0.2625 0.113281 0.265625 0.117188 0.265625 0.128906 0.26875 0.132812 0.29375 0.132812 0.296875 0.128906 0.296875 0.113281 0.29375 0.109375 0.29375 0.105469 0.290625 0.101562 0.290625 0.0976562 0.2875 0.09375 0.2875 0.0898438 0.284375 0.0859375
0 0.028125 0.199219 0.01875 0.210938 0.01875 0.214844 0.025 0.222656 0.025 0.25 0.028125 0.253906 0.03125 0.253906 0.034375 0.257812 0.05625 0.257812 0.0625 0.25 0.0625 0.230469 0.059375 0.226562 0.059375 0.222656 0.046875 0.207031 0.046875 0.203125 0.04375 0.199219
0 0.615625 0.0820312 0.6125 0.0859375 0.6125 0.09375 0.615625 0.0976562 0.61875 0.0976562 0.621875 0.101562 0.625 0.101562 0.628125 0.0976562 0.628125 0.0859375 0.625 0.0820312
0 0.2 0.246094 0.196875 0.25 0.19375 0.25 0.190625 0.253906 0.190625 0.261719 0.1875 0.265625 0.1875 0.269531 0.184375 0.273438 0.184375 0.304688 0.190625 0.3125 0.190625 0.316406 0.196875 0.324219 0.196875 0.328125 0.2 0.332031 0.20625 0.332031 0.209375 0.328125 0.209375 0.320312 0.20625 0.316406 0.20625 0.308594 0.215625 0.296875 0.221875 0.296875 0.228125 0.289062 0.23125 0.289062 0.23125 0.265625 0.21875 0.25 0.215625 0.25 0.2125 0.246094
0 0.628125 0.128906 0.625 0.132812 0.625 0.140625 0.628125 0.144531 0.628125 0.152344 0.634375 0.160156 0.640625 0.160156 0.64375 0.15625 0.64375 0.148438 0.6375 0.140625 0.6375 0.136719 0.63125 0.128906
0 0.853125 0.585938 0.846875 0.59375 0.846875 0.605469 0.85 0.609375 0.85 0.617188 0.853125 0.621094 0.85625 0.621094 0.8625 0.628906 0.875 0.628906 0.88125 0.621094 0.88125 0.601562 0.878125 0.597656 0.878125 0.59375 0.875 0.589844 0.86875 0.589844 0.865625 0.585938
0 0.6125 0.5 0.60625 0.507812 0.60625 0.527344 0.609375 0.53125 0.609375 0.539062 0.6125 0.542969 0.615625 0.542969 0.61875 0.546875 0.625 0.546875 0.628125 0.550781 0.63125 0.550781 0.634375 0.554688 0.66875 0.554688 0.671875 0.550781 0.671875 0.535156 0.6625 0.523438 0.659375 0.523438 0.653125 0.515625 0.65 0.515625 0.646875 0.511719 0.64375 0.511719 0.640625 0.507812 0.6375 0.507812 0.63125 0.5
0 0.6875 0.125 0.684375 0.128906 0.684375 0.152344 0.69375 0.164062 0.7 0.164062 0.703125 0.160156 0.703125 0.148438 0.7 0.144531 0.7 0.140625 0.69375 0.132812 0.69375 0.128906 0.690625 0.125
0 0.78125 0.449219 0.778125 0.453125 0.778125 0.46875 0.790625 0.484375 0.790625 0.488281 0.79375 0.492188 0.79375 0.5 0.80625 0.515625 0.825 0.515625 0.828125 0.511719 0.828125 0.484375 0.809375 0.460938 0.803125 0.460938 0.796875 0.453125 0.790625 0.453125 0.7875 0.449219
0 0.709375 0.695312 0.70625 0.699219 0.70625 0.703125 0.703125 0.707031 0.703125 0.730469 0.709375 0.738281 0.7125 0.738281 0.71875 0.746094 0.721875 0.746094 0.725 0.75 0.73125 0.75 0.734375 0.753906 0.771875 0.753906 0.78125 0.742188 0.78125 0.734375 0.778125 0.730469 0.778125 0.726562 0.775 0.722656 0.775 0.71875 0.765625 0.707031 0.759375 0.707031 0.753125 0.699219 0.746875 0.699219 0.74375 0.695312
0 0.7125 0.785156 0.70625 0.792969 0.70625 0.820312 0.703125 0.824219 0.703125 0.839844 0.70625 0.84375 0.709375 0.84375 0.715625 0.851562 0.740625 0.851562 0.746875 0.84375 0.75 0.84375 0.75625 0.835938 0.75625 0.832031 0.759375 0.828125 0.759375 0.824219 0.7625 0.820312 0.7625 0.796875 0.75625 0.789062 0.753125 0.789062 0.75 0.785156
0 0.5875 0.28125 0.584375 0.285156 0.578125 0.285156 0.571875 0.292969 0.571875 0.320312 0.578125 0.328125 0.58125 0.328125 0.584375 0.332031 0.5875 0.332031 0.6 0.347656 0.609375 0.347656 0.6125 0.351562 0.63125 0.351562 0.634375 0.347656 0.6375 0.347656 0.640625 0.34375 0.640625 0.304688 0.634375 0.296875 0.63125 0.296875 0.628125 0.292969 0.625 0.292969 0.621875 0.289062 0.615625 0.289062 0.6125 0.285156 0.609375 0.285156 0.60625 0.28125
0 0.8625 0.40625 0.859375 0.410156 0.85625 0.410156 0.853125 0.414062 0.853125 0.425781 0.85 0.429688 0.85 0.464844 0.846875 0.46875 0.846875 0.480469 0.85 0.484375 0.853125 0.484375 0.85625 0.488281 0.859375 0.488281 0.8625 0.492188 0.86875 0.492188 0.871875 0.496094 0.8875 0.496094 0.890625 0.5 0.9 0.5 0.903125 0.496094 0.90625 0.496094 0.909375 0.492188 0.909375 0.484375 0.9125 0.480469 0.9125 0.476562 0.915625 0.472656 0.915625 0.429688 0.90625 0.417969 0.903125 0.417969 0.896875 0.410156 0.884375 0.410156 0.88125 0.40625
0 0.703125 0.367188 0.7 0.371094 0.7 0.375 0.703125 0.378906 0.703125 0.382812 0.70625 0.386719 0.70625 0.390625 0.709375 0.394531 0.709375 0.402344 0.7125 0.40625 0.7125 0.410156 0.721875 0.421875 0.73125 0.421875 0.734375 0.417969 0.734375 0.398438 0.728125 0.390625 0.725 0.390625 0.70625 0.367188
0 0.803125 0.519531 0.8 0.523438 0.8 0.554688 0.809375 0.566406 0.8125 0.566406 0.828125 0.585938 0.834375 0.585938 0.84375 0.574219 0.84375 0.550781 0.840625 0.546875 0.840625 0.539062 0.83125 0.527344 0.828125 0.527344 0.821875 0.519531
0 0.509375 0.09375 0.503125 0.101562 0.5 0.101562 0.49375 0.109375 0.49375 0.121094 0.496875 0.125 0.496875 0.136719 0.503125 0.144531 0.503125 0.152344 0.50625 0.15625 0.509375 0.15625 0.51875 0.167969 0.525 0.167969 0.528125 0.164062 0.54375 0.164062 0.546875 0.160156 0.55 0.160156 0.553125 0.15625 0.559375 0.15625 0.5625 0.152344 0.5625 0.140625 0.55625 0.132812 0.55625 0.125 0.5375 0.101562 0.534375 0.101562 0.53125 0.0976562 0.528125 0.0976562 0.525 0.09375
0 0.71875 0.625 0.7125 0.632812 0.709375 0.632812 0.70625 0.636719 0.684375 0.636719 0.68125 0.640625 0.675 0.640625 0.675 0.664062 0.678125 0.667969 0.678125 0.671875 0.684375 0.679688 0.6875 0.679688 0.690625 0.683594 0.696875 0.683594 0.7 0.6875 0.734375 0.6875 0.7375 0.683594 0.75 0.683594 0.753125 0.679688 0.753125 0.671875 0.75 0.667969 0.75 0.65625 0.746875 0.652344 0.746875 0.648438 0.728125 0.625
0 0.103125 0.253906 0.09375 0.265625 0.09375 0.28125 0.103125 0.292969 0.109375 0.292969 0.1125 0.296875 0.115625 0.296875 0.125 0.285156 0.125 0.28125 0.128125 0.277344 0.128125 0.261719 0.125 0.257812 0.121875 0.257812 0.11875 0.253906
0 0.546875 0.175781 0.54375 0.179688 0.54375 0.1875 0.546875 0.1875 0.55 0.191406 0.565625 0.191406 0.58125 0.210938 0.58125 0.21875 0.5875 0.226562 0.6 0.226562 0.60625 0.21875 0.60625 0.195312 0.59375 0.179688 0.590625 0.179688 0.5875 0.175781
0 0.753125 0.921875 0.75 0.925781 0.746875 0.925781 0.74375 0.929688 0.74375 0.972656 0.746875 0.976562 0.746875 0.980469 0.759375 0.996094 0.7875 0.996094 0.79375 0.988281 0.79375 0.984375 0.796875 0.980469 0.796875 0.957031 0.79375 0.953125 0.79375 0.949219 0.790625 0.945312 0.790625 0.9375 0.7875 0.933594 0.7875 0.929688 0.784375 0.925781 0.771875 0.925781 0.76875 0.921875
0 0.746875 0 0.74375 0.00390625 0.725 0.00390625 0.721875 0.0078125 0.71875 0.0078125 0.7125 0.015625 0.7125 0.0273438 0.715625 0.03125 0.715625 0.0390625 0.71875 0.0429688 0.746875 0.0429688 0.753125 0.0351562 0.753125 0.03125 0.775 0.00390625 0.775 0
0 0.6125 0 0.609375 0.00390625 0.603125 0.00390625 0.59375 0.015625 0.59375 0.03125 0.6 0.0390625 0.6 0.0429688 0.603125 0.046875 0.603125 0.0507812 0.6125 0.0625 0.63125 0.0625 0.634375 0.0585938 0.634375 0.0546875 0.63125 0.0507812 0.63125 0.0390625 0.628125 0.0351562 0.628125 0.0273438 0.621875 0.0195312 0.621875 0.015625 0.61875 0.0117188 0.61875 0.0078125
