0 0.0603448 0.548077 0.0574713 0.551923 0.0574713 0.559615 0.058908 0.561538 0.058908 0.563462 0.0617816 0.567308 0.0632184 0.567308 0.0646552 0.569231 0.0689655 0.569231 0.0704023 0.567308 0.0732759 0.567308 0.0747126 0.565385 0.0747126 0.557692 0.0732759 0.555769 0.0732759 0.553846 0.0704023 0.55 0.0689655 0.55 0.0675287 0.548077
0 0.91954 0.536538 0.918103 0.538462 0.91092 0.538462 0.906609 0.544231 0.906609 0.546154 0.905172 0.548077 0.905172 0.559615 0.908046 0.563462 0.908046 0.565385 0.909483 0.567308 0.909483 0.571154 0.912356 0.571154 0.91523 0.575 0.918103 0.575 0.91954 0.576923 0.922414 0.576923 0.923851 0.578846 0.928161 0.578846 0.929598 0.580769 0.931034 0.580769 0.932471 0.578846 0.939655 0.578846 0.941092 0.576923 0.942529 0.576923 0.943966 0.575 0.945402 0.575 0.948276 0.571154 0.948276 0.569231 0.949713 0.567308 0.949713 0.565385 0.951149 0.563462 0.951149 0.559615 0.952586 0.557692 0.952586 0.555769 0.951149 0.553846 0.951149 0.551923 0.949713 0.55 0.949713 0.548077 0.948276 0.546154 0.946839 0.546154 0.943966 0.542308 0.942529 0.542308 0.941092 0.540385 0.936782 0.540385 0.935345 0.538462 0.928161 0.538462 0.926724 0.536538
0 0.206897 0.259615 0.20546 0.261538 0.204023 0.261538 0.202586 0.263462 0.201149 0.263462 0.199713 0.265385 0.199713 0.267308 0.198276 0.269231 0.198276 0.290385 0.199713 0.292308 0.199713 0.294231 0.201149 0.296154 0.201149 0.298077 0.208333 0.307692 0.215517 0.307692 0.216954 0.309615 0.222701 0.309615 0.224138 0.307692 0.232759 0.307692 0.238506 0.3 0.238506 0.296154 0.239943 0.294231 0.239943 0.284615 0.238506 0.282692 0.238506 0.280769 0.228448 0.267308 0.227011 0.267308 0.224138 0.263462 0.222701 0.263462 0.221264 0.261538 0.218391 0.261538 0.216954 0.259615
0 0.672414 0.684615 0.670977 0.686538 0.66092 0.686538 0.658046 0.690385 0.656609 0.690385 0.647989 0.701923 0.647989 0.703846 0.646552 0.705769 0.646552 0.709615 0.645115 0.711538 0.645115 0.717308 0.646552 0.719231 0.646552 0.723077 0.647989 0.725 0.647989 0.726923 0.653736 0.734615 0.655172 0.734615 0.658046 0.738462 0.66092 0.738462 0.662356 0.740385 0.670977 0.740385 0.672414 0.738462 0.675287 0.738462 0.676724 0.736538 0.679598 0.736538 0.681034 0.734615 0.683908 0.734615 0.685345 0.732692 0.688218 0.732692 0.689655 0.730769 0.692529 0.730769 0.701149 0.719231 0.701149 0.717308 0.702586 0.715385 0.702586 0.711538 0.704023 0.709615 0.704023 0.701923 0.702586 0.7 0.702586 0.698077 0.701149 0.696154 0.701149 0.694231 0.699713 0.692308 0.698276 0.692308 0.696839 0.690385 0.695402 0.690385 0.693966 0.688462 0.692529 0.688462 0.691092 0.686538 0.688218 0.686538 0.686782 0.684615
0 0.0143678 0.740385 0.0114943 0.744231 0.00862069 0.744231 0.00431034 0.75 0.00431034 0.757692 0.00718391 0.761538 0.00718391 0.763462 0.00862069 0.765385 0.012931 0.765385 0.0143678 0.763462 0.0158046 0.763462 0.0201149 0.757692 0.0201149 0.755769 0.0215517 0.753846 0.0215517 0.748077 0.0201149 0.746154 0.0201149 0.744231 0.0172414 0.740385
0 0.570402 0.0711538 0.568966 0.0730769 0.567529 0.0730769 0.560345 0.0826923 0.560345 0.0865385 0.563218 0.0903846 0.570402 0.0903846 0.571839 0.0884615 0.571839 0.0865385 0.574713 0.0826923 0.574713 0.0711538
0 0.548851 0.555769 0.547414 0.557692 0.54454 0.557692 0.54023 0.563462 0.533046 0.563462 0.528736 0.569231 0.528736 0.571154 0.527299 0.573077 0.527299 0.582692 0.528736 0.584615 0.531609 0.584615 0.534483 0.588462 0.534483 0.590385 0.54023 0.598077 0.54454 0.598077 0.545977 0.596154 0.548851 0.596154 0.550287 0.594231 0.553161 0.594231 0.557471 0.588462 0.557471 0.586538 0.558908 0.584615 0.558908 0.580769 0.560345 0.578846 0.560345 0.567308 0.558908 0.565385 0.558908 0.563462 0.554598 0.557692 0.553161 0.557692 0.551724 0.555769
0 0.172414 0.507692 0.170977 0.509615 0.170977 0.513462 0.172414 0.515385 0.172414 0.519231 0.173851 0.521154 0.173851 0.525 0.181034 0.534615 0.185345 0.534615 0.188218 0.530769 0.188218 0.528846 0.189655 0.526923 0.189655 0.515385 0.188218 0.513462 0.188218 0.511538 0.186782 0.509615 0.183908 0.509615 0.182471 0.507692 0.181034 0.507692 0.179598 0.509615 0.176724 0.509615 0.175287 0.507692
0 0.16954 0.442308 0.166667 0.446154 0.166667 0.453846 0.168103 0.455769 0.168103 0.457692 0.173851 0.465385 0.173851 0.467308 0.176724 0.471154 0.178161 0.471154 0.179598 0.473077 0.183908 0.473077 0.185345 0.471154 0.186782 0.471154 0.189655 0.467308 0.189655 0.459615 0.188218 0.457692 0.188218 0.453846 0.181034 0.444231 0.178161 0.444231 0.176724 0.442308
0 0.0474138 0.342308 0.0445402 0.346154 0.0431034 0.346154 0.0402299 0.35 0.0402299 0.351923 0.0387931 0.353846 0.0387931 0.359615 0.0402299 0.361538 0.0402299 0.365385 0.0431034 0.369231 0.0445402 0.369231 0.045977 0.371154 0.0474138 0.371154 0.0488506 0.373077 0.0531609 0.373077 0.0545977 0.375 0.0574713 0.375 0.058908 0.373077 0.0617816 0.373077 0.066092 0.367308 0.066092 0.355769 0.0574713 0.344231 0.0545977 0.344231 0.0531609 0.342308
0 0.507184 0.05 0.501437 0.0576923 0.501437 0.0596154 0.5 0.0615385 0.5 0.0634615 0.498563 0.0653846 0.498563 0.0711538 0.501437 0.075 0.502874 0.075 0.50431 0.0769231 0.507184 0.0769231 0.510057 0.0807692 0.510057 0.0884615 0.511494 0.0903846 0.511494 0.0923077 0.512931 0.0942308 0.514368 0.0942308 0.515805 0.0961538 0.518678 0.0961538 0.520115 0.0942308 0.521552 0.0942308 0.522989 0.0923077 0.522989 0.0903846 0.524425 0.0884615 0.524425 0.0865385 0.525862 0.0846154 0.525862 0.0788462 0.524425 0.0769231 0.524425 0.0692308 0.522989 0.0673077 0.522989 0.0634615 0.520115 0.0596154 0.520115 0.0576923 0.517241 0.0538462 0.515805 0.0538462 0.514368 0.0519231 0.512931 0.0519231 0.511494 0.05
0 0.53592 0.890385 0.534483 0.892308 0.530172 0.892308 0.528736 0.894231 0.527299 0.894231 0.525862 0.896154 0.524425 0.896154 0.522989 0.898077 0.514368 0.898077 0.512931 0.9 0.510057 0.9 0.507184 0.903846 0.505747 0.903846 0.50431 0.905769 0.50431 0.907692 0.502874 0.909615 0.502874 0.915385 0.50431 0.917308 0.50431 0.919231 0.505747 0.921154 0.508621 0.921154 0.510057 0.923077 0.521552 0.923077 0.522989 0.921154 0.531609 0.921154 0.533046 0.919231 0.537356 0.919231 0.538793 0.917308 0.541667 0.917308 0.543103 0.915385 0.54454 0.915385 0.548851 0.909615 0.548851 0.901923 0.547414 0.9 0.547414 0.898077 0.543103 0.892308 0.54023 0.892308 0.538793 0.890385
0 0.133621 0.165385 0.12931 0.171154 0.12931 0.173077 0.126437 0.176923 0.125 0.176923 0.122126 0.180769 0.122126 0.188462 0.123563 0.190385 0.12931 0.190385 0.130747 0.192308 0.133621 0.192308 0.135057 0.190385 0.136494 0.190385 0.140805 0.184615 0.140805 0.173077 0.137931 0.169231 0.137931 0.167308 0.136494 0.165385
0 0.204023 0.919231 0.202586 0.921154 0.199713 0.921154 0.198276 0.923077 0.195402 0.923077 0.193966 0.925 0.192529 0.925 0.191092 0.926923 0.188218 0.926923 0.186782 0.928846 0.185345 0.928846 0.176724 0.940385 0.176724 0.948077 0.178161 0.95 0.178161 0.957692 0.182471 0.963462 0.183908 0.963462 0.185345 0.965385 0.186782 0.965385 0.188218 0.967308 0.196839 0.967308 0.198276 0.965385 0.206897 0.965385 0.208333 0.963462 0.212644 0.963462 0.21408 0.961538 0.216954 0.961538 0.218391 0.959615 0.219828 0.959615 0.221264 0.957692 0.222701 0.957692 0.224138 0.955769 0.225575 0.955769 0.232759 0.946154 0.232759 0.944231 0.234195 0.942308 0.234195 0.930769 0.232759 0.928846 0.232759 0.926923 0.228448 0.921154 0.225575 0.921154 0.224138 0.919231
0 0.550287 0.0173077 0.548851 0.0192308 0.547414 0.0192308 0.541667 0.0269231 0.533046 0.0269231 0.531609 0.025 0.530172 0.025 0.525862 0.0307692 0.525862 0.0423077 0.527299 0.0442308 0.527299 0.0461538 0.528736 0.0480769 0.528736 0.05 0.533046 0.0557692 0.534483 0.0557692 0.53592 0.0576923 0.538793 0.0576923 0.54023 0.0596154 0.541667 0.0576923 0.54454 0.0576923 0.548851 0.0519231 0.550287 0.0519231 0.553161 0.0480769 0.556034 0.0480769 0.560345 0.0423077 0.560345 0.0403846 0.563218 0.0365385 0.563218 0.0326923 0.564655 0.0307692 0.564655 0.0288462 0.563218 0.0269231 0.563218 0.0230769 0.560345 0.0192308 0.558908 0.0192308 0.557471 0.0173077
0 0.741379 0.332692 0.737069 0.338462 0.737069 0.346154 0.738506 0.348077 0.738506 0.35 0.739943 0.351923 0.741379 0.351923 0.742816 0.353846 0.74569 0.353846 0.747126 0.351923 0.75 0.351923 0.75 0.336538 0.747126 0.332692
0 0.45546 0.288462 0.454023 0.290385 0.452586 0.290385 0.451149 0.292308 0.445402 0.292308 0.443966 0.294231 0.442529 0.294231 0.439655 0.298077 0.439655 0.3 0.435345 0.305769 0.432471 0.305769 0.431034 0.307692 0.429598 0.307692 0.428161 0.309615 0.428161 0.313462 0.429598 0.315385 0.429598 0.317308 0.426724 0.321154 0.426724 0.325 0.428161 0.326923 0.429598 0.326923 0.431034 0.325 0.436782 0.325 0.438218 0.326923 0.439655 0.326923 0.443966 0.321154 0.443966 0.317308 0.446839 0.313462 0.451149 0.313462 0.45546 0.307692 0.45546 0.305769 0.456897 0.303846 0.456897 0.301923 0.461207 0.296154 0.461207 0.290385 0.45977 0.288462
0 0.159483 0.394231 0.158046 0.396154 0.155172 0.396154 0.147989 0.405769 0.147989 0.411538 0.146552 0.413462 0.146552 0.419231 0.147989 0.421154 0.147989 0.425 0.152299 0.430769 0.159483 0.430769 0.16092 0.428846 0.162356 0.428846 0.163793 0.426923 0.166667 0.426923 0.168103 0.425 0.16954 0.425 0.170977 0.423077 0.172414 0.423077 0.178161 0.415385 0.178161 0.413462 0.179598 0.411538 0.179598 0.398077 0.176724 0.394231
0 0.75431 0.0865385 0.752874 0.0884615 0.751437 0.0884615 0.75 0.0903846 0.748563 0.0903846 0.741379 0.1 0.741379 0.101923 0.738506 0.105769 0.738506 0.109615 0.737069 0.111538 0.737069 0.119231 0.738506 0.121154 0.738506 0.125 0.741379 0.128846 0.742816 0.128846 0.744253 0.130769 0.75431 0.130769 0.755747 0.128846 0.757184 0.128846 0.758621 0.126923 0.760057 0.126923 0.761494 0.125 0.762931 0.125 0.765805 0.121154 0.765805 0.119231 0.767241 0.117308 0.767241 0.115385 0.770115 0.111538 0.770115 0.107692 0.771552 0.105769 0.771552 0.0980769 0.770115 0.0961538 0.770115 0.0942308 0.765805 0.0884615 0.762931 0.0884615 0.761494 0.0865385
0 0.143678 0.498077 0.142241 0.5 0.139368 0.5 0.137931 0.501923 0.135057 0.501923 0.133621 0.503846 0.130747 0.503846 0.12931 0.505769 0.127874 0.505769 0.122126 0.513462 0.122126 0.517308 0.12069 0.519231 0.12069 0.536538 0.122126 0.538462 0.122126 0.542308 0.123563 0.544231 0.123563 0.546154 0.12931 0.553846 0.130747 0.553846 0.132184 0.555769 0.136494 0.555769 0.137931 0.557692 0.139368 0.557692 0.142241 0.553846 0.143678 0.553846 0.156609 0.536538 0.156609 0.530769 0.158046 0.528846 0.158046 0.521154 0.159483 0.519231 0.159483 0.511538 0.158046 0.509615 0.158046 0.507692 0.156609 0.505769 0.156609 0.503846 0.153736 0.5 0.152299 0.5 0.150862 0.498077
0 0.153736 0.0807692 0.149425 0.0865385 0.149425 0.0884615 0.146552 0.0923077 0.146552 0.0961538 0.145115 0.0980769 0.145115 0.119231 0.146552 0.121154 0.146552 0.126923 0.147989 0.128846 0.147989 0.132692 0.149425 0.134615 0.149425 0.136538 0.150862 0.138462 0.150862 0.142308 0.155172 0.148077 0.155172 0.15 0.156609 0.151923 0.158046 0.151923 0.159483 0.153846 0.16092 0.153846 0.162356 0.155769 0.168103 0.155769 0.16954 0.153846 0.172414 0.153846 0.178161 0.146154 0.178161 0.144231 0.179598 0.142308 0.179598 0.138462 0.181034 0.136538 0.181034 0.117308 0.179598 0.115385 0.179598 0.111538 0.178161 0.109615 0.178161 0.105769 0.176724 0.103846 0.176724 0.0980769 0.172414 0.0923077 0.172414 0.0903846 0.16954 0.0865385 0.168103 0.0865385 0.16523 0.0826923 0.162356 0.0826923 0.16092 0.0807692
0 0.613506 0.596154 0.609195 0.601923 0.609195 0.603846 0.607759 0.605769 0.607759 0.613462 0.610632 0.617308 0.612069 0.617308 0.613506 0.619231 0.617816 0.619231 0.619253 0.617308 0.62069 0.617308 0.623563 0.613462 0.623563 0.605769 0.617816 0.598077 0.617816 0.596154
0 0.0488506 0.563462 0.0474138 0.565385 0.0445402 0.565385 0.0431034 0.567308 0.0431034 0.573077 0.0474138 0.578846 0.0574713 0.578846 0.058908 0.576923 0.0603448 0.576923 0.0617816 0.575 0.0617816 0.573077 0.0632184 0.571154 0.0632184 0.569231 0.0617816 0.569231 0.058908 0.565385 0.0545977 0.565385 0.0531609 0.563462
0 0.525862 0.723077 0.524425 0.725 0.520115 0.725 0.517241 0.728846 0.517241 0.732692 0.515805 0.734615 0.515805 0.744231 0.517241 0.746154 0.517241 0.748077 0.518678 0.75 0.518678 0.751923 0.524425 0.759615 0.524425 0.761538 0.530172 0.769231 0.531609 0.769231 0.534483 0.773077 0.53592 0.773077 0.543103 0.782692 0.54454 0.782692 0.545977 0.784615 0.548851 0.784615 0.554598 0.776923 0.554598 0.775 0.556034 0.773077 0.556034 0.771154 0.557471 0.769231 0.557471 0.767308 0.558908 0.765385 0.558908 0.761538 0.560345 0.759615 0.560345 0.748077 0.558908 0.746154 0.558908 0.744231 0.557471 0.742308 0.557471 0.740385 0.550287 0.730769 0.548851 0.730769 0.545977 0.726923 0.54454 0.726923 0.543103 0.725 0.537356 0.725 0.53592 0.723077
0 0.125 0.265385 0.123563 0.267308 0.123563 0.269231 0.122126 0.271154 0.122126 0.278846 0.12069 0.280769 0.12069 0.282692 0.119253 0.284615 0.119253 0.288462 0.117816 0.290385 0.117816 0.296154 0.116379 0.298077 0.116379 0.313462 0.117816 0.315385 0.117816 0.317308 0.116379 0.319231 0.116379 0.323077 0.117816 0.325 0.117816 0.334615 0.119253 0.336538 0.119253 0.338462 0.122126 0.342308 0.130747 0.342308 0.140805 0.328846 0.140805 0.326923 0.142241 0.325 0.142241 0.323077 0.143678 0.321154 0.143678 0.319231 0.145115 0.317308 0.145115 0.301923 0.143678 0.3 0.143678 0.294231 0.142241 0.292308 0.142241 0.290385 0.140805 0.288462 0.140805 0.286538 0.139368 0.284615 0.139368 0.282692 0.130747 0.271154 0.130747 0.267308 0.12931 0.265385
0 0.863506 0.0365385 0.862069 0.0384615 0.860632 0.0384615 0.859195 0.0403846 0.857759 0.0403846 0.853448 0.0461538 0.852011 0.0461538 0.846264 0.0538462 0.846264 0.0557692 0.843391 0.0596154 0.843391 0.0615385 0.841954 0.0634615 0.841954 0.0730769 0.840517 0.075 0.840517 0.0788462 0.841954 0.0807692 0.841954 0.0826923 0.843391 0.0846154 0.843391 0.0865385 0.846264 0.0903846 0.847701 0.0903846 0.849138 0.0923077 0.853448 0.0923077 0.854885 0.0903846 0.856322 0.0903846 0.857759 0.0884615 0.859195 0.0884615 0.864943 0.0807692 0.864943 0.0788462 0.867816 0.075 0.867816 0.0730769 0.872126 0.0673077 0.872126 0.0653846 0.875 0.0615385 0.875 0.0596154 0.876437 0.0576923 0.876437 0.0461538 0.875 0.0442308 0.875 0.0423077 0.873563 0.0403846 0.872126 0.0403846 0.87069 0.0384615 0.869253 0.0384615 0.867816 0.0365385
0 0.816092 0.373077 0.814655 0.375 0.813218 0.375 0.811782 0.376923 0.811782 0.378846 0.810345 0.380769 0.810345 0.384615 0.808908 0.386538 0.808908 0.405769 0.810345 0.407692 0.810345 0.413462 0.811782 0.415385 0.811782 0.419231 0.813218 0.421154 0.813218 0.423077 0.814655 0.425 0.814655 0.426923 0.823276 0.438462 0.829023 0.438462 0.83046 0.436538 0.831897 0.436538 0.833333 0.434615 0.833333 0.432692 0.83477 0.430769 0.83477 0.428846 0.836207 0.426923 0.836207 0.390385 0.83477 0.388462 0.83477 0.386538 0.831897 0.382692 0.831897 0.380769 0.829023 0.376923 0.827586 0.376923 0.826149 0.375 0.824713 0.375 0.823276 0.373077
0 0.646552 0.367308 0.645115 0.369231 0.642241 0.369231 0.639368 0.373077 0.637931 0.373077 0.630747 0.382692 0.630747 0.384615 0.62931 0.386538 0.62931 0.390385 0.627874 0.392308 0.627874 0.396154 0.626437 0.398077 0.626437 0.407692 0.627874 0.409615 0.627874 0.411538 0.62931 0.413462 0.630747 0.413462 0.632184 0.415385 0.633621 0.415385 0.635057 0.417308 0.636494 0.417308 0.637931 0.415385 0.640805 0.415385 0.642241 0.413462 0.645115 0.413462 0.647989 0.409615 0.649425 0.409615 0.652299 0.405769 0.653736 0.405769 0.66092 0.396154 0.66092 0.394231 0.662356 0.392308 0.662356 0.376923 0.66092 0.375 0.66092 0.373077 0.658046 0.369231 0.656609 0.369231 0.655172 0.367308
0 0.0991379 0.455769 0.0977011 0.457692 0.0948276 0.457692 0.0933908 0.459615 0.091954 0.459615 0.0890805 0.463462 0.0862069 0.463462 0.0833333 0.467308 0.0818966 0.467308 0.0804598 0.469231 0.0804598 0.471154 0.0761494 0.476923 0.0761494 0.478846 0.0732759 0.482692 0.0732759 0.486538 0.066092 0.496154 0.066092 0.498077 0.058908 0.507692 0.058908 0.513462 0.0617816 0.517308 0.0689655 0.517308 0.0704023 0.515385 0.0718391 0.515385 0.0747126 0.511538 0.0761494 0.511538 0.0775862 0.509615 0.079023 0.509615 0.0818966 0.505769 0.0833333 0.505769 0.0847701 0.503846 0.0862069 0.503846 0.0876437 0.501923 0.0890805 0.501923 0.0905172 0.5 0.091954 0.5 0.102011 0.486538 0.102011 0.484615 0.104885 0.480769 0.104885 0.478846 0.106322 0.476923 0.106322 0.475 0.107759 0.473077 0.107759 0.469231 0.109195 0.467308 0.109195 0.465385 0.102011 0.455769
0 0.79454 0.519231 0.787356 0.528846 0.787356 0.530769 0.78592 0.532692 0.78592 0.534615 0.784483 0.536538 0.784483 0.542308 0.783046 0.544231 0.783046 0.548077 0.781609 0.55 0.781609 0.557692 0.780172 0.559615 0.780172 0.563462 0.781609 0.565385 0.798851 0.565385 0.800287 0.563462 0.803161 0.563462 0.806034 0.559615 0.807471 0.559615 0.810345 0.555769 0.810345 0.553846 0.811782 0.551923 0.811782 0.55 0.813218 0.548077 0.813218 0.546154 0.814655 0.544231 0.814655 0.542308 0.813218 0.540385 0.813218 0.536538 0.811782 0.534615 0.811782 0.530769 0.810345 0.528846 0.810345 0.526923 0.804598 0.519231
0 0.597701 0.628846 0.596264 0.630769 0.593391 0.630769 0.590517 0.634615 0.590517 0.636538 0.58477 0.644231 0.583333 0.644231 0.581897 0.646154 0.58046 0.646154 0.579023 0.644231 0.577586 0.644231 0.576149 0.646154 0.576149 0.65 0.577586 0.651923 0.577586 0.653846 0.579023 0.655769 0.579023 0.657692 0.574713 0.663462 0.574713 0.665385 0.577586 0.669231 0.577586 0.675 0.579023 0.676923 0.58046 0.676923 0.581897 0.678846 0.586207 0.678846 0.587644 0.676923 0.603448 0.676923 0.606322 0.673077 0.606322 0.671154 0.607759 0.669231 0.607759 0.663462 0.609195 0.661538 0.609195 0.653846 0.610632 0.651923 0.610632 0.644231 0.612069 0.642308 0.612069 0.636538 0.607759 0.630769 0.604885 0.630769 0.603448 0.628846
0 0.507184 0.144231 0.505747 0.146154 0.50431 0.146154 0.502874 0.148077 0.502874 0.151923 0.501437 0.153846 0.501437 0.155769 0.505747 0.161538 0.505747 0.163462 0.50431 0.165385 0.50431 0.169231 0.505747 0.171154 0.508621 0.171154 0.511494 0.175 0.511494 0.176923 0.514368 0.180769 0.515805 0.180769 0.518678 0.184615 0.518678 0.186538 0.520115 0.188462 0.520115 0.190385 0.54023 0.217308 0.541667 0.217308 0.54454 0.221154 0.547414 0.221154 0.548851 0.223077 0.554598 0.223077 0.556034 0.221154 0.557471 0.221154 0.561782 0.215385 0.561782 0.213462 0.563218 0.211538 0.563218 0.2 0.561782 0.198077 0.561782 0.196154 0.560345 0.194231 0.560345 0.192308 0.556034 0.186538 0.554598 0.186538 0.551724 0.182692 0.550287 0.182692 0.547414 0.178846 0.541667 0.178846 0.538793 0.175 0.538793 0.171154 0.537356 0.169231 0.537356 0.167308 0.534483 0.163462 0.533046 0.163462 0.530172 0.159615 0.530172 0.155769 0.527299 0.151923 0.525862 0.151923 0.522989 0.148077 0.511494 0.148077 0.508621 0.144231
0 0.681034 0.486538 0.679598 0.488462 0.678161 0.488462 0.673851 0.494231 0.673851 0.496154 0.672414 0.498077 0.672414 0.501923 0.66954 0.505769 0.66954 0.507692 0.668103 0.509615 0.668103 0.511538 0.666667 0.513462 0.666667 0.515385 0.66523 0.517308 0.66523 0.532692 0.666667 0.534615 0.666667 0.536538 0.673851 0.546154 0.679598 0.546154 0.681034 0.544231 0.682471 0.544231 0.683908 0.542308 0.686782 0.542308 0.688218 0.540385 0.689655 0.540385 0.692529 0.536538 0.692529 0.534615 0.696839 0.528846 0.696839 0.526923 0.698276 0.525 0.698276 0.523077 0.699713 0.521154 0.699713 0.517308 0.701149 0.515385 0.701149 0.511538 0.699713 0.509615 0.699713 0.503846 0.698276 0.501923 0.698276 0.5 0.696839 0.498077 0.696839 0.496154 0.691092 0.488462 0.688218 0.488462 0.686782 0.486538
0 0.561782 0.461538 0.558908 0.465385 0.557471 0.465385 0.556034 0.467308 0.556034 0.486538 0.557471 0.488462 0.557471 0.505769 0.558908 0.507692 0.558908 0.509615 0.564655 0.517308 0.566092 0.517308 0.567529 0.519231 0.570402 0.519231 0.571839 0.521154 0.581897 0.521154 0.586207 0.515385 0.586207 0.511538 0.587644 0.509615 0.587644 0.503846 0.586207 0.501923 0.586207 0.494231 0.58477 0.492308 0.58477 0.488462 0.583333 0.486538 0.583333 0.482692 0.581897 0.480769 0.581897 0.476923 0.58046 0.475 0.58046 0.473077 0.573276 0.463462 0.570402 0.463462 0.568966 0.461538
0 0.594828 0.338462 0.593391 0.340385 0.593391 0.348077 0.594828 0.35 0.594828 0.351923 0.593391 0.353846 0.593391 0.355769 0.591954 0.357692 0.591954 0.369231 0.594828 0.373077 0.600575 0.373077 0.602011 0.371154 0.603448 0.371154 0.604885 0.369231 0.604885 0.367308 0.606322 0.365385 0.606322 0.363462 0.604885 0.361538 0.604885 0.359615 0.603448 0.357692 0.603448 0.355769 0.602011 0.353846 0.602011 0.344231 0.600575 0.342308 0.600575 0.340385 0.599138 0.338462
0 0.420977 0.182692 0.41954 0.184615 0.416667 0.184615 0.41523 0.186538 0.412356 0.186538 0.41092 0.188462 0.409483 0.188462 0.408046 0.190385 0.406609 0.190385 0.400862 0.198077 0.399425 0.198077 0.397989 0.2 0.397989 0.201923 0.396552 0.203846 0.396552 0.205769 0.395115 0.207692 0.395115 0.209615 0.393678 0.211538 0.393678 0.225 0.399425 0.232692 0.41092 0.232692 0.412356 0.230769 0.41523 0.230769 0.416667 0.228846 0.41954 0.228846 0.420977 0.226923 0.422414 0.226923 0.423851 0.225 0.425287 0.225 0.426724 0.223077 0.429598 0.223077 0.433908 0.217308 0.433908 0.215385 0.439655 0.207692 0.439655 0.203846 0.441092 0.201923 0.441092 0.192308 0.435345 0.184615 0.433908 0.184615 0.432471 0.182692
0 0.29454 0.676923 0.293103 0.678846 0.291667 0.678846 0.288793 0.682692 0.288793 0.692308 0.29023 0.694231 0.29023 0.696154 0.293103 0.7 0.29454 0.7 0.295977 0.701923 0.298851 0.701923 0.300287 0.7 0.301724 0.7 0.304598 0.696154 0.306034 0.696154 0.307471 0.694231 0.313218 0.694231 0.314655 0.692308 0.314655 0.686538 0.308908 0.678846 0.307471 0.678846 0.306034 0.676923
0 0.477011 0.321154 0.475575 0.323077 0.468391 0.323077 0.466954 0.325 0.465517 0.325 0.46408 0.326923 0.461207 0.326923 0.45977 0.328846 0.458333 0.328846 0.456897 0.330769 0.45546 0.330769 0.454023 0.332692 0.454023 0.334615 0.448276 0.342308 0.448276 0.344231 0.446839 0.346154 0.446839 0.348077 0.445402 0.35 0.445402 0.359615 0.446839 0.361538 0.446839 0.363462 0.449713 0.367308 0.451149 0.367308 0.452586 0.369231 0.471264 0.369231 0.472701 0.367308 0.474138 0.367308 0.475575 0.365385 0.477011 0.365385 0.479885 0.361538 0.481322 0.361538 0.488506 0.351923 0.488506 0.35 0.489943 0.348077 0.489943 0.346154 0.491379 0.344231 0.491379 0.332692 0.484195 0.323077 0.479885 0.323077 0.478448 0.321154
0 0.012931 0.642308 0.0114943 0.644231 0.0114943 0.65 0.012931 0.651923 0.012931 0.665385 0.0215517 0.665385 0.0229885 0.663462 0.0229885 0.661538 0.0244253 0.659615 0.0244253 0.65 0.0201149 0.644231 0.0143678 0.644231
0 0.514368 0.973077 0.512931 0.975 0.508621 0.975 0.502874 0.982692 0.502874 0.984615 0.501437 0.986538 0.501437 0.988462 0.5 0.990385 0.5 0.992308 0.498563 0.994231 0.498563 0.998077 0.531609 0.998077 0.531609 0.990385 0.530172 0.988462 0.530172 0.986538 0.528736 0.984615 0.528736 0.982692 0.525862 0.978846 0.524425 0.978846 0.522989 0.976923 0.521552 0.976923 0.520115 0.975 0.517241 0.975 0.515805 0.973077
0 0.556034 0.392308 0.554598 0.394231 0.551724 0.394231 0.550287 0.396154 0.548851 0.396154 0.547414 0.398077 0.545977 0.398077 0.541667 0.403846 0.54023 0.403846 0.538793 0.405769 0.538793 0.407692 0.537356 0.409615 0.537356 0.419231 0.538793 0.421154 0.538793 0.423077 0.54023 0.425 0.541667 0.425 0.543103 0.426923 0.54454 0.426923 0.545977 0.428846 0.567529 0.428846 0.568966 0.426923 0.573276 0.426923 0.574713 0.425 0.576149 0.425 0.579023 0.421154 0.58046 0.421154 0.581897 0.419231 0.581897 0.417308 0.58477 0.413462 0.58477 0.401923 0.58046 0.396154 0.579023 0.396154 0.577586 0.394231 0.576149 0.394231 0.574713 0.392308
0 0.563218 0.0384615 0.561782 0.0403846 0.561782 0.0423077 0.557471 0.0480769 0.557471 0.0557692 0.554598 0.0596154 0.541667 0.0596154 0.538793 0.0634615 0.538793 0.0653846 0.537356 0.0673077 0.537356 0.0730769 0.53592 0.075 0.53592 0.0807692 0.534483 0.0826923 0.534483 0.0961538 0.54023 0.103846 0.547414 0.103846 0.556034 0.0923077 0.556034 0.0903846 0.558908 0.0865385 0.558908 0.0826923 0.567529 0.0711538 0.568966 0.0711538 0.570402 0.0692308 0.574713 0.0692308 0.579023 0.0634615 0.579023 0.0461538 0.576149 0.0423077 0.574713 0.0423077 0.573276 0.0403846 0.566092 0.0403846 0.564655 0.0384615
0 0.298851 0.761538 0.295977 0.765385 0.295977 0.773077 0.297414 0.775 0.297414 0.776923 0.301724 0.782692 0.308908 0.782692 0.311782 0.778846 0.311782 0.775 0.310345 0.773077 0.310345 0.771154 0.308908 0.769231 0.308908 0.767308 0.306034 0.763462 0.303161 0.763462 0.301724 0.761538
0 0.0287356 0.523077 0.0272989 0.525 0.0215517 0.525 0.0201149 0.526923 0.0201149 0.528846 0.0215517 0.530769 0.0229885 0.530769 0.0272989 0.536538 0.0359195 0.536538 0.0373563 0.534615 0.0387931 0.534615 0.0402299 0.532692 0.0402299 0.526923 0.0387931 0.525 0.0344828 0.525 0.033046 0.523077
0 0.761494 0.321154 0.760057 0.323077 0.758621 0.323077 0.755747 0.326923 0.755747 0.328846 0.752874 0.332692 0.752874 0.334615 0.751437 0.336538 0.751437 0.355769 0.752874 0.357692 0.752874 0.359615 0.757184 0.365385 0.765805 0.365385 0.774425 0.353846 0.774425 0.351923 0.775862 0.35 0.775862 0.348077 0.777299 0.346154 0.777299 0.328846 0.771552 0.321154
0 0.258621 0.176923 0.257184 0.178846 0.25431 0.178846 0.252874 0.180769 0.251437 0.180769 0.25 0.182692 0.248563 0.182692 0.24569 0.186538 0.24569 0.188462 0.242816 0.192308 0.242816 0.198077 0.241379 0.2 0.241379 0.203846 0.242816 0.205769 0.242816 0.211538 0.244253 0.213462 0.244253 0.217308 0.247126 0.221154 0.247126 0.225 0.248563 0.226923 0.248563 0.228846 0.251437 0.232692 0.251437 0.234615 0.258621 0.244231 0.261494 0.244231 0.262931 0.246154 0.267241 0.246154 0.268678 0.244231 0.270115 0.244231 0.271552 0.242308 0.272989 0.242308 0.274425 0.240385 0.274425 0.238462 0.275862 0.236538 0.275862 0.234615 0.277299 0.232692 0.277299 0.2 0.275862 0.198077 0.275862 0.194231 0.274425 0.192308 0.274425 0.190385 0.271552 0.186538 0.271552 0.184615 0.268678 0.180769 0.265805 0.180769 0.262931 0.176923
0 0.413793 0.763462 0.412356 0.765385 0.41092 0.765385 0.409483 0.767308 0.409483 0.773077 0.412356 0.776923 0.416667 0.776923 0.418103 0.775 0.418103 0.773077 0.41954 0.771154 0.41954 0.769231 0.41523 0.763462
0 0.613506 0.569231 0.612069 0.571154 0.610632 0.571154 0.606322 0.576923 0.606322 0.578846 0.604885 0.580769 0.604885 0.592308 0.606322 0.594231 0.617816 0.594231 0.625 0.584615 0.625 0.575 0.62069 0.569231
0 0.469828 0.978846 0.468391 0.980769 0.465517 0.980769 0.46408 0.982692 0.46408 0.984615 0.462644 0.986538 0.462644 0.998077 0.489943 0.998077 0.489943 0.994231 0.488506 0.992308 0.488506 0.988462 0.487069 0.986538 0.487069 0.984615 0.484195 0.980769 0.481322 0.980769 0.479885 0.978846
0 0.554598 0.159615 0.553161 0.161538 0.553161 0.169231 0.556034 0.173077 0.560345 0.173077 0.561782 0.171154 0.561782 0.165385 0.557471 0.159615
0 0.0474138 0.4 0.045977 0.401923 0.0431034 0.401923 0.0416667 0.403846 0.0387931 0.403846 0.0316092 0.413462 0.0316092 0.423077 0.0344828 0.426923 0.0344828 0.428846 0.0402299 0.436538 0.0416667 0.436538 0.0431034 0.438462 0.0445402 0.438462 0.045977 0.440385 0.0488506 0.440385 0.0502874 0.442308 0.0603448 0.442308 0.0617816 0.440385 0.0646552 0.440385 0.066092 0.438462 0.0689655 0.438462 0.0747126 0.430769 0.0761494 0.430769 0.079023 0.426923 0.079023 0.425 0.0804598 0.423077 0.0804598 0.415385 0.079023 0.413462 0.079023 0.411538 0.0747126 0.405769 0.0732759 0.405769 0.0718391 0.403846 0.0704023 0.403846 0.0689655 0.401923 0.0646552 0.401923 0.0632184 0.4
0 0.475575 0.576923 0.474138 0.578846 0.472701 0.578846 0.468391 0.584615 0.468391 0.586538 0.466954 0.588462 0.466954 0.594231 0.468391 0.596154 0.468391 0.598077 0.471264 0.601923 0.472701 0.601923 0.474138 0.603846 0.477011 0.603846 0.478448 0.601923 0.481322 0.601923 0.482759 0.6 0.484195 0.6 0.487069 0.596154 0.487069 0.588462 0.485632 0.586538 0.485632 0.584615 0.481322 0.578846 0.478448 0.578846 0.477011 0.576923
0 0.474138 0.638462 0.472701 0.640385 0.466954 0.640385 0.465517 0.642308 0.46408 0.642308 0.462644 0.644231 0.461207 0.644231 0.45977 0.646154 0.458333 0.646154 0.449713 0.657692 0.449713 0.659615 0.448276 0.661538 0.448276 0.663462 0.445402 0.667308 0.445402 0.669231 0.443966 0.671154 0.443966 0.676923 0.442529 0.678846 0.442529 0.692308 0.443966 0.694231 0.443966 0.696154 0.449713 0.703846 0.45977 0.703846 0.461207 0.701923 0.462644 0.701923 0.46408 0.7 0.465517 0.7 0.469828 0.694231 0.471264 0.694231 0.478448 0.684615 0.479885 0.684615 0.484195 0.678846 0.484195 0.676923 0.487069 0.673077 0.487069 0.671154 0.488506 0.669231 0.488506 0.665385 0.491379 0.661538 0.491379 0.659615 0.492816 0.657692 0.492816 0.648077 0.491379 0.646154 0.491379 0.642308 0.489943 0.640385 0.479885 0.640385 0.478448 0.638462
0 0.0862069 0.565385 0.0847701 0.567308 0.0818966 0.567308 0.0804598 0.569231 0.0775862 0.569231 0.0761494 0.571154 0.0747126 0.571154 0.0675287 0.580769 0.066092 0.580769 0.0646552 0.582692 0.0632184 0.582692 0.058908 0.588462 0.058908 0.594231 0.0603448 0.596154 0.0603448 0.598077 0.066092 0.605769 0.0675287 0.605769 0.0689655 0.607692 0.0718391 0.607692 0.0732759 0.609615 0.0847701 0.609615 0.0862069 0.607692 0.0890805 0.607692 0.0905172 0.605769 0.091954 0.605769 0.0933908 0.603846 0.0948276 0.603846 0.0962644 0.601923 0.0977011 0.601923 0.100575 0.598077 0.102011 0.598077 0.107759 0.590385 0.107759 0.588462 0.110632 0.584615 0.110632 0.582692 0.112069 0.580769 0.112069 0.573077 0.110632 0.571154 0.110632 0.569231 0.109195 0.567308 0.107759 0.567308 0.106322 0.565385
0 0.696839 0.590385 0.695402 0.592308 0.692529 0.592308 0.689655 0.596154 0.688218 0.596154 0.686782 0.598077 0.685345 0.598077 0.676724 0.609615 0.676724 0.621154 0.678161 0.623077 0.678161 0.625 0.679598 0.626923 0.693966 0.626923 0.695402 0.628846 0.698276 0.628846 0.699713 0.630769 0.711207 0.630769 0.71408 0.626923 0.715517 0.626923 0.716954 0.625 0.716954 0.621154 0.718391 0.619231 0.718391 0.601923 0.716954 0.6 0.716954 0.598077 0.712644 0.592308 0.711207 0.592308 0.70977 0.590385
0 0.21408 0.338462 0.212644 0.340385 0.20977 0.340385 0.206897 0.344231 0.206897 0.346154 0.20546 0.348077 0.20546 0.35 0.204023 0.351923 0.204023 0.357692 0.20546 0.359615 0.20546 0.361538 0.206897 0.363462 0.206897 0.365385 0.20977 0.369231 0.20977 0.371154 0.21408 0.376923 0.215517 0.376923 0.218391 0.380769 0.219828 0.380769 0.221264 0.382692 0.224138 0.382692 0.225575 0.384615 0.228448 0.384615 0.229885 0.386538 0.232759 0.386538 0.234195 0.388462 0.24569 0.388462 0.251437 0.380769 0.251437 0.376923 0.25 0.375 0.25 0.367308 0.248563 0.365385 0.248563 0.363462 0.247126 0.361538 0.247126 0.359615 0.24569 0.357692 0.24569 0.355769 0.237069 0.344231 0.234195 0.344231 0.232759 0.342308 0.231322 0.342308 0.229885 0.340385 0.228448 0.340385 0.227011 0.338462
0 0.0574713 0.209615 0.0560345 0.211538 0.0531609 0.211538 0.0474138 0.219231 0.0474138 0.226923 0.045977 0.228846 0.045977 0.240385 0.0445402 0.242308 0.0445402 0.253846 0.045977 0.255769 0.045977 0.267308 0.0474138 0.269231 0.0474138 0.273077 0.0488506 0.275 0.0488506 0.276923 0.0502874 0.278846 0.0502874 0.280769 0.0574713 0.290385 0.058908 0.290385 0.0617816 0.294231 0.0646552 0.294231 0.066092 0.296154 0.0675287 0.296154 0.0689655 0.294231 0.0732759 0.294231 0.0747126 0.292308 0.0761494 0.292308 0.079023 0.288462 0.079023 0.284615 0.0804598 0.282692 0.0804598 0.261538 0.079023 0.259615 0.079023 0.251923 0.0775862 0.25 0.0775862 0.242308 0.0761494 0.240385 0.0761494 0.232692 0.0747126 0.230769 0.0747126 0.228846 0.0732759 0.226923 0.0732759 0.225 0.0718391 0.223077 0.0718391 0.221154 0.0704023 0.219231 0.0704023 0.217308 0.0675287 0.213462 0.066092 0.213462 0.0646552 0.211538 0.0617816 0.211538 0.0603448 0.209615
0 0.354885 0.634615 0.353448 0.636538 0.349138 0.636538 0.347701 0.638462 0.346264 0.638462 0.344828 0.640385 0.341954 0.640385 0.33477 0.65 0.33477 0.659615 0.340517 0.667308 0.343391 0.667308 0.344828 0.669231 0.349138 0.669231 0.350575 0.667308 0.360632 0.667308 0.363506 0.663462 0.366379 0.663462 0.369253 0.659615 0.37069 0.659615 0.375 0.653846 0.375 0.651923 0.376437 0.65 0.376437 0.640385 0.373563 0.636538 0.372126 0.636538 0.37069 0.634615
0 0.479885 0.253846 0.478448 0.255769 0.478448 0.261538 0.475575 0.265385 0.475575 0.269231 0.474138 0.271154 0.474138 0.276923 0.471264 0.280769 0.469828 0.280769 0.468391 0.278846 0.466954 0.278846 0.465517 0.280769 0.465517 0.284615 0.466954 0.286538 0.466954 0.298077 0.469828 0.301923 0.472701 0.301923 0.474138 0.303846 0.484195 0.303846 0.487069 0.3 0.492816 0.3 0.49569 0.296154 0.49569 0.294231 0.498563 0.290385 0.5 0.290385 0.50431 0.284615 0.50431 0.273077 0.502874 0.271154 0.502874 0.269231 0.501437 0.267308 0.501437 0.265385 0.497126 0.259615 0.494253 0.259615 0.492816 0.261538 0.488506 0.261538 0.485632 0.257692 0.485632 0.255769 0.484195 0.253846
0 0.00431034 0.628846 0 0.634615 0 0.730769 0.00143678 0.730769 0.00431034 0.734615 0.00431034 0.740385 0.00718391 0.744231 0.00862069 0.742308 0.0114943 0.742308 0.0143678 0.738462 0.0158046 0.738462 0.0158046 0.734615 0.0172414 0.732692 0.0172414 0.730769 0.0186782 0.728846 0.0186782 0.715385 0.0244253 0.707692 0.0244253 0.705769 0.0258621 0.703846 0.0258621 0.701923 0.0272989 0.7 0.0272989 0.690385 0.0301724 0.686538 0.0301724 0.675 0.0287356 0.673077 0.0229885 0.673077 0.0201149 0.676923 0.0158046 0.676923 0.0143678 0.678846 0.012931 0.678846 0.0100575 0.675 0.0100575 0.667308 0.0114943 0.665385 0.0114943 0.651923 0.0100575 0.65 0.0100575 0.644231 0.012931 0.640385 0.012931 0.634615 0.00862069 0.628846
0 0.00143678 0.180769 0 0.182692 0 0.25 0.00143678 0.251923 0.012931 0.251923 0.0158046 0.248077 0.0172414 0.248077 0.0186782 0.246154 0.0186782 0.244231 0.0215517 0.240385 0.0215517 0.238462 0.0229885 0.236538 0.0229885 0.232692 0.0244253 0.230769 0.0244253 0.207692 0.0229885 0.205769 0.0229885 0.201923 0.0215517 0.2 0.0215517 0.196154 0.0201149 0.194231 0.0201149 0.192308 0.0158046 0.186538 0.0143678 0.186538 0.0114943 0.182692 0.00862069 0.182692 0.00718391 0.180769
0 0.900862 0.559615 0.897989 0.563462 0.897989 0.571154 0.902299 0.576923 0.906609 0.576923 0.908046 0.575 0.908046 0.567308 0.906609 0.565385 0.906609 0.563462 0.903736 0.559615
0 0.409483 0.240385 0.403736 0.248077 0.402299 0.248077 0.400862 0.25 0.400862 0.251923 0.402299 0.253846 0.403736 0.253846 0.408046 0.248077 0.413793 0.248077 0.41523 0.246154 0.41523 0.244231 0.412356 0.240385
0 0.0502874 0.690385 0.0474138 0.694231 0.045977 0.694231 0.0431034 0.698077 0.0431034 0.7 0.0416667 0.701923 0.0416667 0.703846 0.0387931 0.707692 0.0387931 0.709615 0.0373563 0.711538 0.0373563 0.713462 0.0359195 0.715385 0.0359195 0.717308 0.0344828 0.719231 0.0344828 0.738462 0.0373563 0.742308 0.0373563 0.744231 0.0402299 0.748077 0.0431034 0.748077 0.0445402 0.75 0.0488506 0.75 0.0502874 0.748077 0.0517241 0.748077 0.0574713 0.740385 0.0574713 0.736538 0.058908 0.734615 0.058908 0.730769 0.0603448 0.728846 0.0603448 0.726923 0.0617816 0.725 0.0617816 0.721154 0.0632184 0.719231 0.0632184 0.709615 0.0646552 0.707692 0.0646552 0.701923 0.0632184 0.7 0.0632184 0.698077 0.0617816 0.696154 0.0617816 0.694231 0.0603448 0.692308 0.058908 0.692308 0.0574713 0.690385
0 0.731322 0.815385 0.729885 0.817308 0.727011 0.817308 0.725575 0.819231 0.724138 0.819231 0.715517 0.830769 0.715517 0.832692 0.71408 0.834615 0.71408 0.836538 0.712644 0.838462 0.712644 0.859615 0.71408 0.861538 0.71408 0.863462 0.716954 0.867308 0.716954 0.869231 0.721264 0.875 0.722701 0.875 0.724138 0.876923 0.727011 0.876923 0.728448 0.878846 0.731322 0.878846 0.732759 0.876923 0.734195 0.876923 0.735632 0.878846 0.742816 0.878846 0.744253 0.876923 0.74569 0.876923 0.748563 0.873077 0.748563 0.871154 0.75 0.869231 0.75 0.861538 0.751437 0.859615 0.751437 0.85 0.752874 0.848077 0.752874 0.838462 0.751437 0.836538 0.751437 0.834615 0.75 0.832692 0.75 0.830769 0.741379 0.819231 0.739943 0.819231 0.738506 0.817308 0.734195 0.817308 0.732759 0.815385
0 0.599138 0.953846 0.597701 0.955769 0.594828 0.955769 0.593391 0.957692 0.593391 0.959615 0.591954 0.961538 0.591954 0.963462 0.590517 0.965385 0.590517 0.967308 0.591954 0.969231 0.591954 0.973077 0.597701 0.980769 0.599138 0.980769 0.600575 0.982692 0.614943 0.982692 0.616379 0.984615 0.619253 0.984615 0.62069 0.982692 0.623563 0.982692 0.625 0.980769 0.626437 0.980769 0.627874 0.978846 0.627874 0.976923 0.62931 0.975 0.62931 0.967308 0.627874 0.965385 0.627874 0.963462 0.623563 0.957692 0.622126 0.957692 0.62069 0.955769 0.617816 0.955769 0.616379 0.953846
0 0.0991379 0.111538 0.0977011 0.113462 0.0948276 0.113462 0.0933908 0.115385 0.091954 0.115385 0.0833333 0.126923 0.0833333 0.128846 0.0818966 0.130769 0.0818966 0.134615 0.0804598 0.136538 0.0804598 0.146154 0.079023 0.148077 0.079023 0.155769 0.0804598 0.157692 0.0804598 0.167308 0.0818966 0.169231 0.0818966 0.173077 0.0833333 0.175 0.0833333 0.178846 0.0847701 0.180769 0.0847701 0.182692 0.0876437 0.186538 0.0876437 0.188462 0.0905172 0.192308 0.091954 0.192308 0.0933908 0.194231 0.0991379 0.194231 0.107759 0.182692 0.107759 0.180769 0.109195 0.178846 0.109195 0.173077 0.112069 0.169231 0.112069 0.167308 0.113506 0.165385 0.113506 0.163462 0.114943 0.161538 0.114943 0.157692 0.116379 0.155769 0.116379 0.128846 0.114943 0.126923 0.114943 0.123077 0.112069 0.119231 0.112069 0.117308 0.110632 0.115385 0.109195 0.115385 0.107759 0.113462 0.106322 0.113462 0.104885 0.111538
0 0.767241 0.00769231 0.765805 0.00961538 0.761494 0.00961538 0.758621 0.0134615 0.755747 0.0134615 0.751437 0.0192308 0.751437 0.0230769 0.75 0.025 0.75 0.0365385 0.75431 0.0423077 0.755747 0.0423077 0.757184 0.0442308 0.768678 0.0442308 0.770115 0.0423077 0.771552 0.0423077 0.772989 0.0403846 0.775862 0.0403846 0.777299 0.0384615 0.778736 0.0384615 0.781609 0.0346154 0.781609 0.0326923 0.784483 0.0288462 0.784483 0.025 0.78592 0.0230769 0.78592 0.0173077 0.784483 0.0153846 0.784483 0.0134615 0.781609 0.00961538 0.780172 0.00961538 0.778736 0.00769231
0 0 0.936538 0 0.967308 0.00574713 0.967308 0.00718391 0.969231 0.0201149 0.969231 0.0215517 0.967308 0.0316092 0.967308 0.033046 0.965385 0.0373563 0.965385 0.0387931 0.963462 0.0416667 0.963462 0.0445402 0.959615 0.0445402 0.957692 0.045977 0.955769 0.045977 0.951923 0.0416667 0.946154 0.0402299 0.946154 0.0387931 0.944231 0.0359195 0.944231 0.0344828 0.942308 0.0301724 0.942308 0.0287356 0.940385 0.0158046 0.940385 0.0143678 0.938462 0.0100575 0.938462 0.00862069 0.936538
0 0.399425 0.0903846 0.397989 0.0923077 0.396552 0.0923077 0.395115 0.0942308 0.392241 0.0942308 0.390805 0.0961538 0.389368 0.0961538 0.387931 0.0980769 0.386494 0.0980769 0.385057 0.1 0.383621 0.1 0.382184 0.101923 0.37931 0.101923 0.377874 0.103846 0.375 0.103846 0.373563 0.105769 0.372126 0.105769 0.37069 0.107692 0.369253 0.107692 0.366379 0.111538 0.366379 0.113462 0.364943 0.115385 0.364943 0.121154 0.366379 0.123077 0.366379 0.125 0.367816 0.126923 0.369253 0.126923 0.37069 0.128846 0.373563 0.128846 0.375 0.130769 0.380747 0.130769 0.382184 0.132692 0.403736 0.132692 0.405172 0.130769 0.412356 0.130769 0.413793 0.128846 0.41954 0.128846 0.420977 0.126923 0.423851 0.126923 0.425287 0.125 0.426724 0.125 0.428161 0.123077 0.429598 0.123077 0.431034 0.121154 0.431034 0.119231 0.432471 0.117308 0.432471 0.113462 0.431034 0.111538 0.431034 0.109615 0.429598 0.107692 0.428161 0.107692 0.426724 0.105769 0.423851 0.105769 0.422414 0.103846 0.413793 0.103846 0.41092 0.1 0.41092 0.0980769 0.412356 0.0961538 0.412356 0.0942308 0.409483 0.0903846
0 0.712644 0.540385 0.711207 0.542308 0.711207 0.55 0.71408 0.553846 0.718391 0.553846 0.719828 0.555769 0.727011 0.555769 0.728448 0.553846 0.728448 0.551923 0.727011 0.55 0.727011 0.548077 0.724138 0.544231 0.721264 0.544231 0.718391 0.540385
