0 0.703125 0.0273438 0.7 0.03125 0.696875 0.03125 0.690625 0.0390625 0.690625 0.046875 0.69375 0.0507812 0.69375 0.0546875 0.7 0.0625 0.7 0.0664062 0.709375 0.078125 0.7125 0.078125 0.715625 0.0820312 0.71875 0.0820312 0.721875 0.0859375 0.728125 0.0859375 0.7375 0.0742188 0.7375 0.0703125 0.740625 0.0664062 0.740625 0.0507812 0.7375 0.046875 0.7375 0.0429688 0.728125 0.03125 0.725 0.03125 0.721875 0.0273438
0 0.48125 0.503906 0.475 0.511719 0.475 0.523438 0.478125 0.527344 0.490625 0.527344 0.496875 0.519531 0.496875 0.507812 0.49375 0.503906
0 0.646875 0.246094 0.6375 0.257812 0.6375 0.265625 0.640625 0.269531 0.640625 0.277344 0.65 0.289062 0.653125 0.289062 0.65625 0.292969 0.659375 0.292969 0.6625 0.296875 0.665625 0.296875 0.66875 0.300781 0.675 0.300781 0.678125 0.304688 0.7 0.304688 0.703125 0.300781 0.70625 0.300781 0.709375 0.296875 0.709375 0.285156 0.696875 0.269531 0.69375 0.269531 0.6875 0.261719 0.684375 0.261719 0.68125 0.257812 0.678125 0.257812 0.675 0.253906 0.671875 0.253906 0.66875 0.25 0.6625 0.25 0.659375 0.246094
0 0.090625 0.125 0.0875 0.128906 0.090625 0.132812 0.109375 0.132812 0.115625 0.140625 0.121875 0.140625 0.125 0.144531 0.146875 0.144531 0.15 0.140625 0.15 0.136719 0.146875 0.132812 0.13125 0.132812 0.128125 0.128906 0.125 0.128906 0.121875 0.125
0 0.1125 0.0859375 0.109375 0.0898438 0.10625 0.0898438 0.103125 0.09375 0.103125 0.0976562 0.11875 0.117188 0.11875 0.121094 0.121875 0.121094 0.125 0.125 0.128125 0.125 0.13125 0.128906 0.146875 0.128906 0.153125 0.136719 0.159375 0.128906 0.1625 0.128906 0.165625 0.125 0.16875 0.125 0.171875 0.121094 0.171875 0.109375 0.159375 0.09375 0.153125 0.09375 0.15 0.0898438 0.11875 0.0898438 0.115625 0.0859375
0 0.3625 0.660156 0.35625 0.667969 0.35625 0.671875 0.35 0.679688 0.35 0.683594 0.346875 0.6875 0.346875 0.695312 0.359375 0.710938 0.36875 0.710938 0.371875 0.707031 0.378125 0.707031 0.38125 0.703125 0.3875 0.703125 0.390625 0.699219 0.39375 0.699219 0.396875 0.695312 0.396875 0.679688 0.39375 0.675781 0.39375 0.671875 0.390625 0.667969 0.384375 0.667969 0.38125 0.664062 0.378125 0.664062 0.375 0.660156
0 0.9125 0.480469 0.909375 0.484375 0.90625 0.484375 0.903125 0.488281 0.896875 0.488281 0.89375 0.492188 0.890625 0.492188 0.884375 0.5 0.884375 0.503906 0.890625 0.511719 0.91875 0.511719 0.921875 0.507812 0.934375 0.507812 0.9375 0.503906 0.940625 0.503906 0.94375 0.5 0.94375 0.492188 0.9375 0.484375 0.93125 0.484375 0.928125 0.480469
0 0.8375 0 0.8375 0.0078125 0.840625 0.0117188 0.846875 0.0117188 0.85 0.015625 0.865625 0.015625 0.86875 0.0195312 0.90625 0.0195312 0.909375 0.015625 0.93125 0.015625 0.9375 0.0078125 0.9375 0
0 0.503125 0.640625 0.5 0.644531 0.5 0.660156 0.50625 0.667969 0.528125 0.667969 0.53125 0.664062 0.53125 0.644531 0.528125 0.640625
0 0.89375 0.0234375 0.89375 0.0351562 0.9 0.0429688 0.903125 0.0429688 0.915625 0.0585938 0.921875 0.0585938 0.925 0.0625 0.928125 0.0625 0.9375 0.0742188 0.94375 0.0742188 0.946875 0.078125 0.95625 0.078125 0.959375 0.0742188 0.9625 0.0742188 0.965625 0.0703125 0.965625 0.0585938 0.9625 0.0546875 0.9625 0.0507812 0.95625 0.0429688 0.94375 0.0429688 0.940625 0.0390625 0.9375 0.0390625 0.93125 0.03125 0.91875 0.03125 0.915625 0.0273438 0.909375 0.0273438 0.90625 0.0234375
0 0.56875 0.519531 0.5625 0.527344 0.5625 0.535156 0.56875 0.542969 0.571875 0.542969 0.578125 0.550781 0.58125 0.550781 0.584375 0.554688 0.6125 0.554688 0.615625 0.550781 0.615625 0.539062 0.6125 0.535156 0.60625 0.535156 0.603125 0.53125 0.6 0.53125 0.596875 0.527344 0.59375 0.527344 0.5875 0.519531
0 0.16875 0.667969 0.165625 0.671875 0.1625 0.671875 0.159375 0.675781 0.15625 0.675781 0.15 0.683594 0.15 0.695312 0.15625 0.703125 0.159375 0.703125 0.165625 0.710938 0.16875 0.710938 0.171875 0.714844 0.175 0.714844 0.178125 0.71875 0.18125 0.71875 0.184375 0.722656 0.1875 0.722656 0.190625 0.726562 0.203125 0.726562 0.20625 0.730469 0.215625 0.730469 0.21875 0.726562 0.21875 0.722656 0.221875 0.71875 0.221875 0.707031 0.215625 0.699219 0.2125 0.699219 0.203125 0.6875 0.2 0.6875 0.19375 0.679688 0.190625 0.679688 0.184375 0.671875 0.18125 0.671875 0.178125 0.667969
0 0.49375 0.527344 0.490625 0.53125 0.471875 0.53125 0.4625 0.542969 0.4625 0.546875 0.459375 0.550781 0.459375 0.5625 0.478125 0.585938 0.48125 0.585938 0.484375 0.589844 0.5125 0.589844 0.515625 0.585938 0.515625 0.558594 0.5125 0.554688 0.5125 0.550781
0 0.375 0.0390625 0.371875 0.0429688 0.371875 0.0507812 0.375 0.0546875 0.378125 0.0546875 0.38125 0.0585938 0.3875 0.0585938 0.390625 0.0625 0.403125 0.0625 0.40625 0.0664062 0.409375 0.0664062 0.4125 0.0703125 0.425 0.0703125 0.428125 0.0664062 0.428125 0.0625 0.425 0.0585938 0.41875 0.0585938 0.415625 0.0546875 0.409375 0.0546875 0.40625 0.0507812 0.403125 0.0507812 0.4 0.046875 0.396875 0.046875 0.39375 0.0429688 0.3875 0.0429688 0.384375 0.0390625
0 0.2625 0.5 0.259375 0.503906 0.259375 0.507812 0.25625 0.511719 0.25625 0.539062 0.271875 0.539062 0.275 0.535156 0.278125 0.535156 0.278125 0.523438 0.2875 0.511719 0.2875 0.5
0 0.515625 0.0273438 0.5125 0.03125 0.5125 0.0390625 0.51875 0.046875 0.521875 0.046875 0.528125 0.0546875 0.53125 0.0546875 0.5375 0.0625 0.540625 0.0625 0.55 0.0742188 0.553125 0.0742188 0.55625 0.078125 0.559375 0.078125 0.5625 0.0820312 0.571875 0.0820312 0.575 0.0859375 0.578125 0.0859375 0.58125 0.0898438 0.5875 0.0898438 0.590625 0.09375 0.603125 0.09375 0.60625 0.0898438 0.60625 0.0820312 0.6 0.0742188 0.596875 0.0742188 0.59375 0.0703125 0.590625 0.0703125 0.5875 0.0664062 0.584375 0.0664062 0.58125 0.0625 0.575 0.0625 0.571875 0.0585938 0.56875 0.0585938 0.565625 0.0546875 0.5625 0.0546875 0.55625 0.046875 0.553125 0.046875 0.55 0.0429688 0.546875 0.0429688 0.54375 0.0390625 0.540625 0.0390625 0.5375 0.0351562 0.53125 0.0351562 0.528125 0.03125 0.525 0.03125 0.521875 0.0273438
0 0.421875 0.792969 0.41875 0.796875 0.41875 0.8125 0.421875 0.816406 0.428125 0.816406 0.43125 0.820312 0.434375 0.820312 0.4375 0.824219 0.440625 0.824219 0.44375 0.828125 0.453125 0.828125 0.45625 0.832031 0.471875 0.832031 0.475 0.828125 0.490625 0.828125 0.49375 0.824219 0.5125 0.824219 0.515625 0.820312 0.521875 0.820312 0.525 0.816406 0.525 0.8125 0.521875 0.808594 0.5125 0.808594 0.509375 0.804688 0.50625 0.804688 0.503125 0.800781 0.49375 0.800781 0.490625 0.796875 0.45625 0.796875 0.453125 0.792969
0 0.9875 0.304688 0.984375 0.308594 0.984375 0.320312 0.990625 0.328125 0.996875 0.328125 0.996875 0.304688
0 0.61875 0.578125 0.615625 0.582031 0.6125 0.582031 0.609375 0.585938 0.60625 0.585938 0.603125 0.589844 0.596875 0.589844 0.590625 0.597656 0.590625 0.601562 0.5875 0.605469 0.5875 0.609375 0.590625 0.613281 0.590625 0.617188 0.6 0.628906 0.603125 0.628906 0.6125 0.640625 0.621875 0.640625 0.625 0.644531 0.6375 0.644531 0.646875 0.632812 0.646875 0.609375 0.64375 0.605469 0.64375 0.601562 0.640625 0.597656 0.640625 0.59375 0.63125 0.582031 0.625 0.582031 0.621875 0.578125
0 0.4 0.980469 0.396875 0.984375 0.38125 0.984375 0.378125 0.988281 0.378125 0.996094 0.434375 0.996094 0.434375 0.992188 0.43125 0.988281 0.428125 0.988281 0.425 0.984375 0.415625 0.984375 0.4125 0.980469
0 0.353125 0.902344 0.35 0.90625 0.33125 0.90625 0.328125 0.910156 0.3125 0.910156 0.30625 0.917969 0.30625 0.925781 0.309375 0.929688 0.3125 0.929688 0.315625 0.933594 0.3375 0.933594 0.340625 0.929688 0.35625 0.929688 0.359375 0.925781 0.3625 0.925781 0.371875 0.914062 0.371875 0.910156 0.36875 0.90625 0.3625 0.90625 0.359375 0.902344
0 0.3875 0.558594 0.38125 0.566406 0.38125 0.582031 0.384375 0.582031 0.3875 0.585938 0.409375 0.585938 0.409375 0.5625 0.40625 0.558594
