0 0.238281 0.738281 0.234375 0.742188 0.230469 0.742188 0.226562 0.746094 0.222656 0.746094 0.21875 0.75 0.214844 0.75 0.210938 0.753906 0.210938 0.765625 0.214844 0.769531 0.246094 0.769531 0.257812 0.757812 0.257812 0.742188 0.253906 0.738281
0 0.0234375 0.71875 0.0195312 0.722656 0.0195312 0.730469 0.0117188 0.738281 0.00390625 0.738281 0 0.734375 0.00390625 0.738281 0.00390625 0.742188 0.0117188 0.75 0.0117188 0.753906 0.015625 0.753906 0.0234375 0.761719 0.0351562 0.761719 0.0390625 0.757812 0.0390625 0.753906 0.0429688 0.75 0.0429688 0.734375 0.0273438 0.71875
0 0.613281 0.128906 0.605469 0.136719 0.605469 0.140625 0.601562 0.144531 0.601562 0.152344 0.605469 0.15625 0.609375 0.15625 0.613281 0.160156 0.625 0.160156 0.632812 0.152344 0.632812 0.132812 0.628906 0.128906
0 0.078125 0.851562 0.0742188 0.855469 0.0703125 0.855469 0.0664062 0.859375 0.0664062 0.863281 0.0625 0.867188 0.0625 0.878906 0.0703125 0.886719 0.0820312 0.886719 0.0859375 0.890625 0.09375 0.890625 0.0976562 0.886719 0.0976562 0.882812 0.101562 0.878906 0.101562 0.855469 0.0976562 0.851562
0 0.542969 0.425781 0.535156 0.433594 0.527344 0.433594 0.523438 0.4375 0.523438 0.445312 0.527344 0.449219 0.527344 0.453125 0.535156 0.460938 0.539062 0.460938 0.546875 0.46875 0.554688 0.46875 0.558594 0.464844 0.558594 0.460938 0.554688 0.457031 0.554688 0.441406 0.558594 0.4375 0.558594 0.429688 0.554688 0.425781
0 0.851562 0.046875 0.839844 0.0585938 0.839844 0.0625 0.828125 0.0742188 0.828125 0.078125 0.832031 0.0820312 0.847656 0.0820312 0.851562 0.078125 0.855469 0.078125 0.859375 0.0742188 0.871094 0.0742188 0.878906 0.0664062 0.878906 0.0625 0.863281 0.046875
0 0.671875 0.125 0.667969 0.128906 0.667969 0.144531 0.664062 0.148438 0.667969 0.152344 0.671875 0.148438 0.679688 0.148438 0.683594 0.144531 0.691406 0.144531 0.695312 0.140625 0.6875 0.132812 0.6875 0.128906 0.683594 0.125
0 0.785156 0 0.785156 0.0117188 0.789062 0.015625 0.792969 0.015625 0.796875 0.0195312 0.8125 0.0195312 0.824219 0.0078125 0.824219 0
0 0.917969 0.09375 0.910156 0.101562 0.90625 0.101562 0.902344 0.105469 0.902344 0.125 0.910156 0.132812 0.914062 0.132812 0.917969 0.128906 0.921875 0.128906 0.925781 0.125 0.925781 0.121094 0.933594 0.113281 0.933594 0.101562 0.925781 0.09375
0 0.796875 0.664062 0.792969 0.667969 0.792969 0.679688 0.808594 0.695312 0.8125 0.695312 0.824219 0.683594 0.824219 0.675781 0.8125 0.664062
0 0.367188 0.28125 0.363281 0.285156 0.359375 0.285156 0.355469 0.289062 0.355469 0.292969 0.351562 0.296875 0.351562 0.304688 0.363281 0.316406 0.378906 0.316406 0.386719 0.308594 0.386719 0.296875 0.382812 0.292969 0.382812 0.289062 0.378906 0.285156 0.375 0.285156 0.371094 0.28125
0 0.0429688 0.0664062 0.0351562 0.0742188 0.0351562 0.078125 0.03125 0.0820312 0.03125 0.0898438 0.0351562 0.09375 0.0390625 0.09375 0.046875 0.0859375 0.0507812 0.0859375 0.0546875 0.0820312 0.0546875 0.0703125 0.0507812 0.0664062
0 0.90625 0.00390625 0.894531 0.015625 0.894531 0.0390625 0.898438 0.0429688 0.90625 0.0429688 0.910156 0.0390625 0.910156 0.0351562 0.917969 0.0273438 0.917969 0.0117188 0.910156 0.00390625
0 0.5625 0.835938 0.558594 0.839844 0.554688 0.839844 0.546875 0.847656 0.546875 0.855469 0.539062 0.863281 0.539062 0.886719 0.542969 0.890625 0.542969 0.894531 0.546875 0.898438 0.550781 0.898438 0.554688 0.902344 0.5625 0.902344 0.566406 0.90625 0.582031 0.90625 0.59375 0.894531 0.59375 0.890625 0.597656 0.886719 0.597656 0.878906 0.601562 0.875 0.601562 0.859375 0.597656 0.855469 0.597656 0.851562 0.585938 0.839844 0.578125 0.839844 0.574219 0.835938
0 0.710938 0.324219 0.707031 0.328125 0.703125 0.328125 0.699219 0.332031 0.699219 0.335938 0.695312 0.339844 0.695312 0.351562 0.699219 0.355469 0.699219 0.359375 0.703125 0.363281 0.722656 0.363281 0.734375 0.351562 0.734375 0.335938 0.726562 0.328125 0.722656 0.328125 0.71875 0.324219
0 0.0703125 0.714844 0.0585938 0.726562 0.0585938 0.746094 0.0625 0.75 0.0859375 0.75 0.0898438 0.746094 0.09375 0.746094 0.0976562 0.742188 0.0976562 0.726562 0.0898438 0.71875 0.0859375 0.71875 0.0820312 0.714844
0 0.0273438 0.898438 0.0234375 0.902344 0.0234375 0.921875 0.0351562 0.933594 0.046875 0.933594 0.0507812 0.929688 0.0507812 0.90625 0.0429688 0.898438
0 0.917969 0.210938 0.914062 0.214844 0.910156 0.214844 0.902344 0.222656 0.902344 0.230469 0.90625 0.234375 0.90625 0.238281 0.914062 0.246094 0.917969 0.246094 0.921875 0.25 0.929688 0.25 0.933594 0.246094 0.9375 0.246094 0.941406 0.242188 0.941406 0.226562 0.9375 0.222656 0.9375 0.21875 0.929688 0.210938
0 0.808594 0.40625 0.804688 0.410156 0.796875 0.410156 0.78125 0.425781 0.78125 0.445312 0.796875 0.460938 0.816406 0.460938 0.820312 0.457031 0.824219 0.457031 0.832031 0.449219 0.832031 0.445312 0.835938 0.441406 0.835938 0.417969 0.828125 0.410156 0.820312 0.410156 0.816406 0.40625
0 0.324219 0.113281 0.320312 0.117188 0.320312 0.144531 0.324219 0.148438 0.34375 0.148438 0.347656 0.144531 0.347656 0.121094 0.34375 0.117188 0.339844 0.117188 0.335938 0.113281
0 0.0507812 0.554688 0.046875 0.558594 0.046875 0.566406 0.0507812 0.570312 0.0625 0.570312 0.0664062 0.566406 0.0664062 0.558594 0.0625 0.554688
0 0.992188 0.214844 0.988281 0.21875 0.988281 0.238281 0.992188 0.242188 0.996094 0.242188 0.996094 0.214844
0 0.0546875 0.589844 0.0507812 0.59375 0.0507812 0.597656 0.046875 0.601562 0.046875 0.613281 0.0429688 0.617188 0.0429688 0.652344 0.0507812 0.660156 0.0585938 0.660156 0.0625 0.65625 0.0625 0.644531 0.0585938 0.640625 0.0585938 0.628906 0.0625 0.625 0.0625 0.617188 0.0664062 0.613281 0.0664062 0.59375 0.0625 0.589844
0 0.199219 0.726562 0.195312 0.730469 0.191406 0.730469 0.183594 0.738281 0.183594 0.742188 0.179688 0.746094 0.179688 0.761719 0.191406 0.773438 0.199219 0.773438 0.203125 0.777344 0.210938 0.777344 0.214844 0.773438 0.207031 0.765625 0.207031 0.753906 0.214844 0.746094 0.21875 0.746094 0.222656 0.742188 0.226562 0.742188 0.226562 0.738281 0.21875 0.730469 0.214844 0.730469 0.210938 0.726562
0 0.269531 0.476562 0.265625 0.480469 0.257812 0.480469 0.253906 0.484375 0.25 0.484375 0.238281 0.496094 0.238281 0.515625 0.25 0.527344 0.261719 0.527344 0.265625 0.53125 0.277344 0.53125 0.28125 0.527344 0.285156 0.527344 0.292969 0.519531 0.292969 0.511719 0.296875 0.507812 0.296875 0.503906 0.292969 0.5 0.292969 0.496094 0.273438 0.476562
0 0.0664062 0.105469 0.0625 0.109375 0.0585938 0.109375 0.046875 0.121094 0.046875 0.125 0.0585938 0.136719 0.0703125 0.136719 0.0742188 0.132812 0.078125 0.132812 0.0859375 0.125 0.0859375 0.113281 0.0820312 0.109375 0.0742188 0.109375 0.0703125 0.105469
0 0.214844 0.613281 0.207031 0.621094 0.207031 0.636719 0.214844 0.644531 0.222656 0.644531 0.226562 0.640625 0.230469 0.640625 0.238281 0.632812 0.238281 0.625 0.226562 0.613281
0 0.300781 0.0742188 0.292969 0.0820312 0.292969 0.0976562 0.296875 0.101562 0.304688 0.101562 0.308594 0.0976562 0.3125 0.0976562 0.316406 0.09375 0.316406 0.078125 0.3125 0.0742188
0 0.03125 0.703125 0.0273438 0.707031 0.0273438 0.714844 0.0429688 0.730469 0.0546875 0.730469 0.0546875 0.726562 0.0585938 0.722656 0.0546875 0.71875 0.0546875 0.714844 0.0507812 0.710938 0.0429688 0.710938 0.0351562 0.703125
0 0.183594 0.257812 0.175781 0.265625 0.175781 0.28125 0.183594 0.289062 0.191406 0.289062 0.199219 0.28125 0.199219 0.277344 0.203125 0.273438 0.203125 0.265625 0.199219 0.265625 0.191406 0.257812
0 0.5625 0.363281 0.558594 0.367188 0.558594 0.375 0.570312 0.386719 0.574219 0.386719 0.578125 0.390625 0.589844 0.390625 0.59375 0.394531 0.609375 0.394531 0.613281 0.390625 0.617188 0.390625 0.625 0.382812 0.625 0.378906 0.621094 0.375 0.617188 0.375 0.613281 0.371094 0.59375 0.371094 0.589844 0.367188 0.570312 0.367188 0.566406 0.363281
0 0.296875 0.425781 0.292969 0.429688 0.289062 0.429688 0.28125 0.4375 0.28125 0.460938 0.289062 0.46875 0.304688 0.46875 0.3125 0.460938 0.3125 0.457031 0.320312 0.449219 0.324219 0.449219 0.335938 0.460938 0.347656 0.460938 0.351562 0.457031 0.355469 0.457031 0.359375 0.453125 0.359375 0.4375 0.347656 0.425781 0.332031 0.425781 0.320312 0.4375 0.316406 0.4375 0.308594 0.429688 0.304688 0.429688 0.300781 0.425781
0 0.972656 0.449219 0.96875 0.453125 0.964844 0.453125 0.949219 0.46875 0.949219 0.484375 0.964844 0.5 0.980469 0.5 0.984375 0.496094 0.988281 0.496094 0.996094 0.488281 0.996094 0.457031 0.988281 0.449219
0 0.828125 0.230469 0.824219 0.234375 0.8125 0.234375 0.792969 0.253906 0.792969 0.277344 0.796875 0.28125 0.808594 0.28125 0.8125 0.277344 0.816406 0.277344 0.835938 0.257812 0.839844 0.257812 0.851562 0.246094 0.851562 0.238281 0.847656 0.234375 0.84375 0.234375 0.839844 0.230469
0 0.210938 0.175781 0.207031 0.179688 0.207031 0.195312 0.210938 0.199219 0.214844 0.199219 0.21875 0.203125 0.222656 0.203125 0.226562 0.207031 0.238281 0.207031 0.242188 0.203125 0.246094 0.203125 0.25 0.199219 0.25 0.191406 0.246094 0.1875 0.246094 0.183594 0.238281 0.175781
0 0.375 0.0976562 0.363281 0.109375 0.363281 0.132812 0.367188 0.136719 0.367188 0.140625 0.375 0.148438 0.382812 0.148438 0.386719 0.144531 0.386719 0.140625 0.394531 0.132812 0.40625 0.132812 0.410156 0.128906 0.410156 0.125 0.394531 0.109375 0.390625 0.109375 0.378906 0.0976562
0 0.386719 0.0117188 0.378906 0.0195312 0.378906 0.03125 0.382812 0.0351562 0.382812 0.0390625 0.386719 0.0429688 0.425781 0.0429688 0.429688 0.0390625 0.429688 0.0351562 0.421875 0.0351562 0.417969 0.03125 0.414062 0.03125 0.402344 0.0195312 0.402344 0.0117188
0 0.699219 0.140625 0.695312 0.144531 0.695312 0.152344 0.699219 0.15625 0.707031 0.15625 0.710938 0.152344 0.710938 0.144531 0.707031 0.140625
0 0.746094 0.648438 0.738281 0.65625 0.738281 0.667969 0.734375 0.671875 0.734375 0.675781 0.738281 0.679688 0.738281 0.6875 0.753906 0.703125 0.773438 0.703125 0.777344 0.699219 0.777344 0.675781 0.773438 0.671875 0.773438 0.664062 0.769531 0.660156 0.769531 0.65625 0.761719 0.648438
0 0.109375 0.421875 0.105469 0.425781 0.101562 0.425781 0.09375 0.433594 0.09375 0.460938 0.101562 0.46875 0.109375 0.46875 0.113281 0.472656 0.128906 0.472656 0.132812 0.46875 0.136719 0.46875 0.140625 0.464844 0.140625 0.460938 0.144531 0.457031 0.144531 0.4375 0.140625 0.433594 0.140625 0.429688 0.132812 0.421875
0 0.65625 0.152344 0.652344 0.15625 0.652344 0.164062 0.65625 0.167969 0.664062 0.167969 0.667969 0.164062 0.667969 0.15625 0.664062 0.152344
0 0.183594 0.203125 0.179688 0.207031 0.179688 0.21875 0.183594 0.222656 0.183594 0.226562 0.1875 0.230469 0.195312 0.230469 0.199219 0.226562 0.203125 0.226562 0.207031 0.222656 0.207031 0.207031 0.203125 0.203125
0 0.347656 0.167969 0.335938 0.179688 0.335938 0.183594 0.332031 0.1875 0.332031 0.195312 0.328125 0.199219 0.328125 0.203125 0.335938 0.210938 0.335938 0.214844 0.34375 0.222656 0.359375 0.222656 0.363281 0.21875 0.367188 0.21875 0.378906 0.207031 0.378906 0.199219 0.382812 0.195312 0.382812 0.1875 0.378906 0.183594 0.378906 0.179688 0.367188 0.167969
0 0.832031 0.585938 0.820312 0.597656 0.820312 0.613281 0.824219 0.617188 0.847656 0.617188 0.855469 0.609375 0.855469 0.605469 0.851562 0.601562 0.851562 0.59375 0.84375 0.59375 0.835938 0.585938
0 0 0.65625 0 0.671875 0.0078125 0.679688 0.0117188 0.679688 0.015625 0.675781 0.015625 0.667969 0.0117188 0.664062 0.0117188 0.660156 0.0078125 0.65625
0 0.105469 0.0351562 0.0976562 0.0429688 0.09375 0.0429688 0.0898438 0.0390625 0.0859375 0.0390625 0.0820312 0.0429688 0.0820312 0.0507812 0.078125 0.0546875 0.078125 0.0703125 0.0742188 0.0742188 0.0742188 0.078125 0.078125 0.0820312 0.0820312 0.0820312 0.0859375 0.0859375 0.0898438 0.0859375 0.0976562 0.078125 0.101562 0.078125 0.109375 0.0859375 0.117188 0.0859375 0.121094 0.0820312 0.121094 0.0703125 0.113281 0.0625 0.113281 0.0546875 0.117188 0.0507812 0.117188 0.0390625 0.113281 0.0351562
0 0.339844 0.375 0.335938 0.378906 0.332031 0.378906 0.320312 0.390625 0.320312 0.394531 0.324219 0.398438 0.324219 0.402344 0.328125 0.40625 0.34375 0.40625 0.347656 0.402344 0.347656 0.386719 0.351562 0.382812 0.351562 0.378906 0.347656 0.375
0 0.765625 0.0625 0.761719 0.0664062 0.761719 0.0859375 0.777344 0.101562 0.800781 0.101562 0.804688 0.0976562 0.804688 0.078125 0.796875 0.0703125 0.796875 0.0664062 0.792969 0.0625
0 0.515625 0.515625 0.511719 0.519531 0.507812 0.519531 0.503906 0.523438 0.503906 0.527344 0.5 0.53125 0.5 0.535156 0.503906 0.539062 0.503906 0.550781 0.511719 0.558594 0.527344 0.558594 0.53125 0.554688 0.535156 0.554688 0.539062 0.550781 0.539062 0.546875 0.542969 0.542969 0.542969 0.527344 0.535156 0.519531 0.527344 0.519531 0.523438 0.515625
0 0.199219 0.242188 0.195312 0.246094 0.195312 0.257812 0.199219 0.261719 0.214844 0.261719 0.21875 0.257812 0.21875 0.25 0.210938 0.242188
0 0.542969 0.941406 0.535156 0.949219 0.519531 0.949219 0.511719 0.957031 0.503906 0.957031 0.5 0.960938 0.5 0.964844 0.503906 0.96875 0.511719 0.96875 0.523438 0.980469 0.527344 0.980469 0.535156 0.972656 0.539062 0.972656 0.542969 0.976562 0.554688 0.976562 0.558594 0.972656 0.558594 0.960938 0.550781 0.953125 0.550781 0.945312 0.546875 0.941406
0 0.578125 0 0.578125 0.0078125 0.582031 0.0117188 0.59375 0.0117188 0.597656 0.0078125 0.597656 0
0 0.03125 0.179688 0.0234375 0.1875 0.0234375 0.203125 0.0273438 0.207031 0.0273438 0.210938 0.0351562 0.21875 0.0507812 0.21875 0.0546875 0.214844 0.0546875 0.210938 0.0585938 0.207031 0.0585938 0.195312 0.0429688 0.179688
0 0.835938 0.550781 0.828125 0.558594 0.828125 0.570312 0.832031 0.574219 0.832031 0.578125 0.84375 0.589844 0.859375 0.589844 0.863281 0.585938 0.863281 0.574219 0.859375 0.570312 0.859375 0.566406 0.84375 0.550781
0 0.546875 0.683594 0.539062 0.691406 0.539062 0.695312 0.53125 0.703125 0.53125 0.710938 0.535156 0.714844 0.535156 0.722656 0.542969 0.730469 0.570312 0.730469 0.582031 0.71875 0.582031 0.699219 0.570312 0.6875 0.566406 0.6875 0.5625 0.683594
0 0.308594 0.246094 0.304688 0.25 0.304688 0.257812 0.296875 0.265625 0.296875 0.273438 0.3125 0.289062 0.320312 0.289062 0.324219 0.292969 0.328125 0.292969 0.332031 0.289062 0.335938 0.289062 0.339844 0.285156 0.339844 0.265625 0.335938 0.261719 0.335938 0.257812 0.332031 0.253906 0.328125 0.253906 0.320312 0.246094
0 0.5625 0.160156 0.554688 0.167969 0.554688 0.175781 0.546875 0.183594 0.546875 0.191406 0.550781 0.195312 0.554688 0.195312 0.558594 0.199219 0.570312 0.199219 0.574219 0.195312 0.578125 0.195312 0.582031 0.191406 0.582031 0.179688 0.585938 0.175781 0.585938 0.171875 0.574219 0.160156
0 0.238281 0.679688 0.234375 0.683594 0.234375 0.691406 0.238281 0.695312 0.238281 0.699219 0.242188 0.703125 0.246094 0.703125 0.25 0.707031 0.257812 0.707031 0.261719 0.703125 0.261719 0.6875 0.257812 0.683594 0.253906 0.683594 0.25 0.679688
0 0.738281 0 0.738281 0.0117188 0.742188 0.015625 0.75 0.015625 0.753906 0.0117188 0.757812 0.0117188 0.761719 0.0078125 0.761719 0
0 0.957031 0.140625 0.953125 0.144531 0.949219 0.144531 0.945312 0.148438 0.945312 0.152344 0.941406 0.15625 0.941406 0.171875 0.945312 0.175781 0.953125 0.175781 0.957031 0.179688 0.96875 0.179688 0.972656 0.175781 0.976562 0.175781 0.980469 0.171875 0.980469 0.167969 0.984375 0.164062 0.984375 0.148438 0.980469 0.144531 0.976562 0.144531 0.972656 0.140625
0 0.441406 0.128906 0.4375 0.132812 0.4375 0.152344 0.449219 0.164062 0.449219 0.1875 0.453125 0.191406 0.457031 0.191406 0.460938 0.1875 0.464844 0.1875 0.472656 0.179688 0.472656 0.171875 0.476562 0.167969 0.476562 0.148438 0.472656 0.144531 0.472656 0.140625 0.460938 0.128906
0 0.410156 0 0.40625 0.00390625 0.40625 0.0195312 0.414062 0.0273438 0.417969 0.0273438 0.421875 0.03125 0.429688 0.03125 0.433594 0.0273438 0.433594 0.0195312 0.4375 0.015625 0.4375 0.00390625 0.433594 0
0 0.121094 0.800781 0.117188 0.804688 0.113281 0.804688 0.109375 0.808594 0.0898438 0.808594 0.0859375 0.8125 0.0859375 0.824219 0.0898438 0.828125 0.0898438 0.832031 0.0976562 0.839844 0.101562 0.839844 0.105469 0.84375 0.128906 0.84375 0.140625 0.832031 0.140625 0.808594 0.132812 0.800781
0 0.0664062 0.65625 0.0625 0.660156 0.0625 0.671875 0.0703125 0.679688 0.0703125 0.6875 0.0742188 0.691406 0.0820312 0.691406 0.0859375 0.6875 0.0859375 0.667969 0.0742188 0.65625
0 0.691406 0 0.691406 0.015625 0.703125 0.0273438 0.707031 0.0273438 0.710938 0.03125 0.722656 0.03125 0.730469 0.0234375 0.730469 0.0195312 0.734375 0.015625 0.734375 0
0 0.503906 0.28125 0.496094 0.289062 0.496094 0.292969 0.492188 0.296875 0.492188 0.304688 0.488281 0.308594 0.488281 0.3125 0.476562 0.324219 0.476562 0.328125 0.484375 0.335938 0.488281 0.335938 0.496094 0.34375 0.503906 0.34375 0.511719 0.335938 0.515625 0.335938 0.523438 0.328125 0.523438 0.300781 0.519531 0.296875 0.519531 0.292969 0.507812 0.28125
0 0.496094 0.390625 0.492188 0.394531 0.492188 0.410156 0.503906 0.421875 0.523438 0.421875 0.527344 0.417969 0.527344 0.40625 0.523438 0.402344 0.523438 0.398438 0.515625 0.390625
0 0.0234375 0.683594 0.0195312 0.6875 0.0195312 0.695312 0.0273438 0.703125 0.03125 0.699219 0.0351562 0.699219 0.0351562 0.695312 0.0390625 0.691406 0.0390625 0.6875 0.0351562 0.683594
