0 0.738281 0.769531 0.734375 0.773438 0.734375 0.789062 0.75 0.789062 0.75 0.785156 0.753906 0.78125 0.753906 0.773438 0.75 0.769531
0 0.113281 0.820312 0.109375 0.824219 0.105469 0.824219 0.105469 0.832031 0.109375 0.832031 0.117188 0.839844 0.117188 0.84375 0.125 0.851562 0.128906 0.851562 0.136719 0.859375 0.136719 0.863281 0.152344 0.863281 0.152344 0.859375 0.160156 0.851562 0.160156 0.839844 0.15625 0.839844 0.152344 0.835938 0.148438 0.835938 0.144531 0.832031 0.140625 0.832031 0.136719 0.828125 0.128906 0.828125 0.121094 0.820312
0 0.511719 0.816406 0.507812 0.820312 0.507812 0.832031 0.511719 0.835938 0.511719 0.839844 0.519531 0.847656 0.523438 0.847656 0.527344 0.851562 0.539062 0.851562 0.542969 0.847656 0.542969 0.839844 0.539062 0.835938 0.539062 0.832031 0.535156 0.828125 0.535156 0.824219 0.527344 0.816406
0 0.132812 0.644531 0.125 0.652344 0.125 0.664062 0.136719 0.675781 0.144531 0.675781 0.148438 0.679688 0.160156 0.679688 0.164062 0.675781 0.167969 0.675781 0.175781 0.667969 0.175781 0.660156 0.164062 0.648438 0.160156 0.648438 0.15625 0.644531
0 0.921875 0.355469 0.917969 0.359375 0.917969 0.367188 0.921875 0.371094 0.921875 0.375 0.933594 0.386719 0.9375 0.386719 0.941406 0.390625 0.949219 0.390625 0.953125 0.386719 0.953125 0.371094 0.9375 0.355469
0 0.992188 0.734375 0.980469 0.746094 0.980469 0.75 0.976562 0.753906 0.976562 0.761719 0.980469 0.765625 0.980469 0.78125 0.984375 0.785156 0.984375 0.789062 0.992188 0.796875 0.996094 0.796875 0.996094 0.734375
0 0.890625 0.0507812 0.886719 0.0546875 0.882812 0.0546875 0.878906 0.0585938 0.875 0.0585938 0.871094 0.0625 0.867188 0.0625 0.863281 0.0664062 0.863281 0.0703125 0.871094 0.078125 0.890625 0.078125 0.894531 0.0742188 0.902344 0.0742188 0.90625 0.0703125 0.910156 0.0703125 0.914062 0.0664062 0.914062 0.0546875 0.910156 0.0507812
0 0.140625 0.722656 0.132812 0.730469 0.132812 0.753906 0.140625 0.761719 0.148438 0.761719 0.152344 0.757812 0.152344 0.734375 0.148438 0.730469 0.148438 0.726562 0.144531 0.722656
0 0.476562 0.695312 0.46875 0.703125 0.460938 0.703125 0.445312 0.71875 0.445312 0.730469 0.449219 0.734375 0.449219 0.738281 0.460938 0.738281 0.464844 0.742188 0.472656 0.742188 0.496094 0.71875 0.496094 0.710938 0.492188 0.707031 0.492188 0.703125 0.484375 0.695312
0 0.175781 0.390625 0.171875 0.394531 0.171875 0.410156 0.175781 0.414062 0.179688 0.414062 0.1875 0.421875 0.191406 0.421875 0.199219 0.414062 0.199219 0.402344 0.1875 0.390625
0 0.867188 0.4375 0.859375 0.445312 0.859375 0.464844 0.867188 0.472656 0.871094 0.472656 0.875 0.476562 0.878906 0.476562 0.882812 0.480469 0.890625 0.480469 0.894531 0.476562 0.898438 0.476562 0.902344 0.472656 0.902344 0.460938 0.898438 0.457031 0.898438 0.453125 0.890625 0.445312 0.890625 0.441406 0.886719 0.4375
0 0.507812 0.84375 0.503906 0.847656 0.503906 0.851562 0.5 0.855469 0.5 0.863281 0.515625 0.878906 0.542969 0.878906 0.546875 0.875 0.546875 0.863281 0.542969 0.863281 0.535156 0.855469 0.527344 0.855469 0.523438 0.851562 0.519531 0.851562 0.511719 0.84375
0 0.015625 0.46875 0.0117188 0.472656 0.0117188 0.484375 0.015625 0.488281 0.0195312 0.488281 0.0234375 0.492188 0.0390625 0.492188 0.0507812 0.480469 0.0507812 0.476562 0.0429688 0.46875
0 0.796875 0.621094 0.792969 0.625 0.789062 0.625 0.785156 0.628906 0.785156 0.636719 0.789062 0.640625 0.785156 0.644531 0.785156 0.65625 0.789062 0.660156 0.804688 0.660156 0.808594 0.65625 0.816406 0.65625 0.824219 0.648438 0.832031 0.648438 0.832031 0.632812 0.828125 0.628906 0.828125 0.625 0.824219 0.621094
0 0.445312 0.675781 0.441406 0.679688 0.4375 0.679688 0.433594 0.683594 0.429688 0.683594 0.421875 0.691406 0.421875 0.710938 0.425781 0.714844 0.4375 0.714844 0.441406 0.71875 0.460938 0.699219 0.46875 0.699219 0.46875 0.679688 0.464844 0.675781
0 0.640625 0.957031 0.632812 0.964844 0.632812 0.976562 0.640625 0.984375 0.660156 0.984375 0.664062 0.980469 0.667969 0.980469 0.671875 0.976562 0.671875 0.972656 0.667969 0.96875 0.667969 0.964844 0.660156 0.957031
0 0.710938 0.0546875 0.703125 0.0625 0.703125 0.0703125 0.710938 0.078125 0.710938 0.0820312 0.71875 0.0898438 0.722656 0.0898438 0.726562 0.09375 0.742188 0.09375 0.746094 0.0898438 0.746094 0.0703125 0.742188 0.0664062 0.742188 0.0625 0.738281 0.0585938 0.730469 0.0585938 0.726562 0.0546875
0 0.851562 0.257812 0.847656 0.261719 0.847656 0.273438 0.863281 0.289062 0.867188 0.289062 0.871094 0.292969 0.875 0.292969 0.878906 0.289062 0.878906 0.277344 0.859375 0.257812
