0 0.113281 0.0898438 0.109375 0.09375 0.101562 0.09375 0.0976562 0.0976562 0.0859375 0.0976562 0.0742188 0.109375 0.0742188 0.113281 0.0703125 0.117188 0.0703125 0.125 0.0742188 0.128906 0.0742188 0.148438 0.078125 0.152344 0.078125 0.15625 0.0820312 0.160156 0.0820312 0.164062 0.0976562 0.179688 0.101562 0.179688 0.105469 0.183594 0.152344 0.183594 0.160156 0.175781 0.160156 0.167969 0.164062 0.164062 0.164062 0.128906 0.160156 0.125 0.160156 0.113281 0.152344 0.105469 0.148438 0.105469 0.140625 0.0976562 0.136719 0.0976562 0.132812 0.09375 0.121094 0.09375 0.117188 0.0898438
0 0.523438 0.464844 0.515625 0.472656 0.515625 0.476562 0.511719 0.480469 0.511719 0.484375 0.515625 0.488281 0.515625 0.496094 0.519531 0.5 0.519531 0.507812 0.523438 0.511719 0.523438 0.542969 0.527344 0.546875 0.53125 0.546875 0.539062 0.554688 0.542969 0.554688 0.546875 0.558594 0.582031 0.558594 0.585938 0.554688 0.589844 0.554688 0.59375 0.550781 0.597656 0.550781 0.609375 0.539062 0.609375 0.496094 0.597656 0.484375 0.597656 0.480469 0.585938 0.46875 0.570312 0.46875 0.566406 0.464844
0 0.632812 0.8125 0.628906 0.816406 0.621094 0.816406 0.617188 0.820312 0.613281 0.820312 0.601562 0.832031 0.601562 0.835938 0.597656 0.839844 0.597656 0.84375 0.59375 0.847656 0.59375 0.855469 0.589844 0.859375 0.589844 0.886719 0.59375 0.890625 0.59375 0.894531 0.597656 0.898438 0.597656 0.902344 0.601562 0.902344 0.605469 0.90625 0.621094 0.90625 0.625 0.910156 0.632812 0.910156 0.636719 0.90625 0.652344 0.90625 0.65625 0.902344 0.679688 0.902344 0.679688 0.894531 0.683594 0.890625 0.683594 0.851562 0.691406 0.84375 0.6875 0.839844 0.6875 0.835938 0.671875 0.820312 0.667969 0.820312 0.664062 0.816406 0.65625 0.816406 0.652344 0.8125
0 0.992188 0.84375 0.988281 0.847656 0.984375 0.847656 0.980469 0.851562 0.976562 0.851562 0.972656 0.855469 0.96875 0.855469 0.957031 0.867188 0.957031 0.871094 0.953125 0.875 0.953125 0.921875 0.960938 0.929688 0.96875 0.929688 0.972656 0.933594 0.976562 0.933594 0.984375 0.941406 0.984375 0.945312 0.992188 0.953125 0.996094 0.953125 0.996094 0.84375
0 0.136719 0.0742188 0.132812 0.078125 0.132812 0.0859375 0.136719 0.0898438 0.144531 0.0898438 0.148438 0.0859375 0.148438 0.078125 0.144531 0.0742188
0 0.976562 0.0742188 0.972656 0.078125 0.972656 0.0859375 0.964844 0.09375 0.964844 0.0976562 0.957031 0.105469 0.957031 0.117188 0.964844 0.125 0.964844 0.136719 0.992188 0.164062 0.996094 0.164062 0.996094 0.0742188
0 0.1875 0.777344 0.183594 0.78125 0.175781 0.78125 0.160156 0.796875 0.160156 0.800781 0.15625 0.804688 0.15625 0.84375 0.160156 0.847656 0.160156 0.851562 0.164062 0.855469 0.164062 0.859375 0.183594 0.878906 0.1875 0.878906 0.191406 0.882812 0.195312 0.882812 0.199219 0.886719 0.214844 0.886719 0.21875 0.882812 0.226562 0.882812 0.230469 0.878906 0.234375 0.878906 0.25 0.863281 0.25 0.859375 0.253906 0.855469 0.253906 0.820312 0.25 0.816406 0.25 0.808594 0.234375 0.792969 0.210938 0.792969 0.199219 0.78125 0.191406 0.78125
0 0.765625 0.953125 0.761719 0.957031 0.738281 0.957031 0.734375 0.960938 0.730469 0.960938 0.726562 0.964844 0.722656 0.964844 0.71875 0.96875 0.71875 0.972656 0.707031 0.984375 0.707031 0.988281 0.699219 0.996094 0.804688 0.996094 0.804688 0.96875 0.800781 0.964844 0.796875 0.964844 0.789062 0.957031 0.785156 0.957031 0.78125 0.953125
0 0.0195312 0.195312 0.015625 0.199219 0.00390625 0.199219 0 0.203125 0 0.28125 0.0078125 0.289062 0.0117188 0.289062 0.015625 0.292969 0.0390625 0.292969 0.046875 0.285156 0.0507812 0.285156 0.0625 0.273438 0.0625 0.261719 0.0703125 0.253906 0.0703125 0.242188 0.0742188 0.238281 0.0742188 0.226562 0.046875 0.199219 0.0429688 0.199219 0.0390625 0.195312
0 0.0195312 0.847656 0.0078125 0.859375 0 0.859375 0 0.9375 0.0273438 0.9375 0.0351562 0.929688 0.0390625 0.929688 0.0429688 0.925781 0.046875 0.925781 0.0546875 0.917969 0.0546875 0.910156 0.0585938 0.90625 0.0585938 0.902344 0.0625 0.898438 0.0625 0.867188 0.0546875 0.859375 0.0507812 0.859375 0.0390625 0.847656
0 0.402344 0.0820312 0.398438 0.0859375 0.390625 0.0859375 0.382812 0.09375 0.382812 0.0976562 0.378906 0.101562 0.378906 0.113281 0.375 0.117188 0.375 0.132812 0.378906 0.136719 0.378906 0.140625 0.390625 0.152344 0.390625 0.15625 0.394531 0.160156 0.402344 0.160156 0.40625 0.164062 0.421875 0.164062 0.425781 0.160156 0.433594 0.160156 0.4375 0.15625 0.441406 0.15625 0.453125 0.144531 0.453125 0.136719 0.457031 0.132812 0.457031 0.113281 0.453125 0.109375 0.453125 0.105469 0.449219 0.101562 0.449219 0.0976562 0.4375 0.0859375 0.425781 0.0859375 0.421875 0.0820312
0 0.972656 0.0117188 0.960938 0.0234375 0.960938 0.0351562 0.964844 0.0390625 0.964844 0.046875 0.96875 0.0507812 0.972656 0.0507812 0.976562 0.0546875 0.996094 0.0546875 0.996094 0.015625 0.992188 0.0117188
0 0.441406 0.597656 0.4375 0.601562 0.429688 0.601562 0.414062 0.617188 0.414062 0.625 0.410156 0.628906 0.410156 0.640625 0.414062 0.644531 0.414062 0.652344 0.429688 0.667969 0.4375 0.667969 0.441406 0.671875 0.449219 0.671875 0.453125 0.667969 0.460938 0.667969 0.464844 0.664062 0.46875 0.664062 0.472656 0.660156 0.472656 0.65625 0.480469 0.648438 0.480469 0.621094 0.476562 0.617188 0.476562 0.613281 0.46875 0.605469 0.464844 0.605469 0.460938 0.601562 0.453125 0.601562 0.449219 0.597656
0 0.621094 0.929688 0.617188 0.933594 0.613281 0.933594 0.609375 0.9375 0.605469 0.9375 0.601562 0.941406 0.601562 0.953125 0.597656 0.957031 0.597656 0.964844 0.613281 0.980469 0.617188 0.980469 0.628906 0.992188 0.65625 0.992188 0.660156 0.988281 0.667969 0.988281 0.671875 0.984375 0.679688 0.984375 0.691406 0.972656 0.691406 0.96875 0.695312 0.964844 0.695312 0.945312 0.683594 0.933594 0.679688 0.933594 0.675781 0.929688
0 0.535156 0.875 0.53125 0.878906 0.527344 0.878906 0.523438 0.882812 0.523438 0.90625 0.527344 0.910156 0.535156 0.910156 0.539062 0.90625 0.539062 0.898438 0.542969 0.894531 0.554688 0.894531 0.558594 0.898438 0.566406 0.898438 0.570312 0.894531 0.570312 0.882812 0.566406 0.878906 0.5625 0.878906 0.558594 0.875
0 0.21875 0.667969 0.214844 0.671875 0.214844 0.679688 0.21875 0.683594 0.226562 0.683594 0.230469 0.679688 0.230469 0.671875 0.226562 0.667969
0 0.0234375 0.960938 0.015625 0.96875 0.015625 0.972656 0.0117188 0.976562 0.0117188 0.980469 0.00390625 0.988281 0.00390625 0.996094 0.0703125 0.996094 0.0664062 0.992188 0.0664062 0.984375 0.0546875 0.972656 0.0507812 0.972656 0.0429688 0.964844 0.0390625 0.964844 0.0351562 0.960938
0 0.179688 0.921875 0.175781 0.925781 0.164062 0.925781 0.160156 0.929688 0.160156 0.933594 0.152344 0.941406 0.152344 0.96875 0.160156 0.976562 0.167969 0.976562 0.175781 0.984375 0.175781 0.988281 0.183594 0.996094 0.207031 0.996094 0.226562 0.976562 0.226562 0.945312 0.222656 0.941406 0.222656 0.9375 0.214844 0.929688 0.210938 0.929688 0.207031 0.925781 0.195312 0.925781 0.191406 0.921875
0 0.910156 0 0.910156 0.0078125 0.914062 0.0117188 0.921875 0.0117188 0.929688 0.0195312 0.9375 0.0195312 0.941406 0.0234375 0.960938 0.00390625 0.960938 0
0 0.445312 0.367188 0.441406 0.371094 0.425781 0.371094 0.421875 0.375 0.421875 0.382812 0.414062 0.390625 0.414062 0.417969 0.417969 0.421875 0.421875 0.421875 0.425781 0.425781 0.429688 0.425781 0.441406 0.4375 0.472656 0.4375 0.480469 0.429688 0.480469 0.410156 0.484375 0.40625 0.484375 0.386719 0.46875 0.371094 0.453125 0.371094 0.449219 0.367188
0 0.117188 0.96875 0.113281 0.972656 0.113281 0.980469 0.117188 0.984375 0.125 0.984375 0.128906 0.980469 0.128906 0.972656 0.125 0.96875
0 0.679688 0 0.679688 0.0078125 0.691406 0.0195312 0.695312 0.0195312 0.699219 0.0234375 0.722656 0.0234375 0.726562 0.0195312 0.730469 0.0195312 0.734375 0.015625 0.738281 0.015625 0.746094 0.0078125 0.746094 0
0 0.933594 0.957031 0.929688 0.960938 0.929688 0.964844 0.925781 0.96875 0.925781 0.972656 0.921875 0.976562 0.921875 0.980469 0.917969 0.984375 0.917969 0.996094 0.996094 0.996094 0.996094 0.980469 0.980469 0.996094 0.972656 0.996094 0.964844 0.988281 0.964844 0.984375 0.96875 0.980469 0.96875 0.972656 0.964844 0.96875 0.964844 0.960938 0.960938 0.960938 0.957031 0.957031
0 0.367188 0.386719 0.355469 0.398438 0.351562 0.398438 0.34375 0.40625 0.34375 0.410156 0.339844 0.414062 0.339844 0.433594 0.347656 0.441406 0.351562 0.441406 0.355469 0.445312 0.359375 0.445312 0.363281 0.449219 0.367188 0.449219 0.371094 0.445312 0.378906 0.445312 0.386719 0.4375 0.386719 0.429688 0.394531 0.421875 0.394531 0.402344 0.382812 0.390625 0.378906 0.390625 0.375 0.386719
0 0.144531 0.316406 0.140625 0.320312 0.128906 0.320312 0.125 0.324219 0.121094 0.324219 0.117188 0.328125 0.117188 0.332031 0.109375 0.339844 0.101562 0.339844 0.09375 0.332031 0.09375 0.328125 0.0898438 0.324219 0.0820312 0.324219 0.078125 0.328125 0.0742188 0.328125 0.0703125 0.332031 0.0664062 0.332031 0.0625 0.335938 0.0625 0.339844 0.0585938 0.34375 0.0585938 0.347656 0.0546875 0.351562 0.0546875 0.359375 0.0507812 0.363281 0.0507812 0.386719 0.0546875 0.390625 0.0546875 0.398438 0.0898438 0.433594 0.0976562 0.433594 0.101562 0.4375 0.128906 0.4375 0.132812 0.433594 0.140625 0.433594 0.144531 0.429688 0.148438 0.429688 0.15625 0.421875 0.160156 0.421875 0.164062 0.417969 0.164062 0.414062 0.171875 0.40625 0.171875 0.390625 0.160156 0.378906 0.160156 0.355469 0.164062 0.351562 0.164062 0.34375 0.167969 0.339844 0.167969 0.320312 0.164062 0.316406
0 0 0.71875 0 0.8125 0.00390625 0.8125 0.0078125 0.808594 0.0117188 0.808594 0.0195312 0.800781 0.0234375 0.800781 0.03125 0.792969 0.03125 0.789062 0.0351562 0.785156 0.0351562 0.78125 0.0390625 0.777344 0.0390625 0.757812 0.0351562 0.753906 0.0351562 0.746094 0.0273438 0.738281 0.0273438 0.734375 0.0195312 0.726562 0.015625 0.726562 0.0117188 0.722656 0.0078125 0.722656 0.00390625 0.71875
0 0.300781 0.71875 0.296875 0.722656 0.292969 0.722656 0.277344 0.738281 0.277344 0.746094 0.273438 0.75 0.273438 0.761719 0.277344 0.765625 0.277344 0.773438 0.289062 0.785156 0.296875 0.785156 0.300781 0.789062 0.324219 0.789062 0.328125 0.785156 0.332031 0.785156 0.347656 0.769531 0.347656 0.761719 0.351562 0.757812 0.351562 0.75 0.347656 0.746094 0.347656 0.738281 0.335938 0.726562 0.332031 0.726562 0.328125 0.722656 0.320312 0.722656 0.316406 0.71875
0 0.261719 0.324219 0.257812 0.328125 0.25 0.328125 0.246094 0.332031 0.238281 0.332031 0.230469 0.339844 0.230469 0.34375 0.226562 0.347656 0.226562 0.371094 0.230469 0.375 0.230469 0.378906 0.253906 0.402344 0.257812 0.402344 0.261719 0.40625 0.277344 0.40625 0.285156 0.398438 0.292969 0.398438 0.300781 0.40625 0.300781 0.414062 0.304688 0.417969 0.3125 0.417969 0.316406 0.414062 0.320312 0.414062 0.328125 0.40625 0.328125 0.398438 0.332031 0.394531 0.332031 0.386719 0.34375 0.375 0.34375 0.371094 0.339844 0.367188 0.339844 0.351562 0.335938 0.347656 0.335938 0.34375 0.328125 0.335938 0.324219 0.335938 0.316406 0.328125 0.300781 0.328125 0.296875 0.324219
0 0.917969 0.0234375 0.914062 0.0273438 0.910156 0.0273438 0.90625 0.03125 0.90625 0.0703125 0.921875 0.0859375 0.941406 0.0859375 0.945312 0.0820312 0.949219 0.0820312 0.953125 0.078125 0.953125 0.0429688 0.949219 0.0390625 0.949219 0.0351562 0.9375 0.0234375
0 0.214844 0.398438 0.210938 0.402344 0.210938 0.410156 0.214844 0.414062 0.222656 0.414062 0.226562 0.410156 0.226562 0.402344 0.222656 0.398438
0 0.152344 0.539062 0.148438 0.542969 0.140625 0.542969 0.136719 0.546875 0.132812 0.546875 0.117188 0.5625 0.117188 0.566406 0.109375 0.574219 0.109375 0.585938 0.105469 0.589844 0.105469 0.59375 0.109375 0.597656 0.109375 0.601562 0.113281 0.605469 0.113281 0.609375 0.117188 0.613281 0.117188 0.617188 0.121094 0.621094 0.121094 0.625 0.136719 0.640625 0.140625 0.640625 0.144531 0.644531 0.148438 0.644531 0.152344 0.648438 0.15625 0.648438 0.160156 0.652344 0.195312 0.652344 0.207031 0.640625 0.210938 0.640625 0.214844 0.636719 0.21875 0.636719 0.222656 0.632812 0.230469 0.632812 0.238281 0.625 0.238281 0.621094 0.242188 0.617188 0.242188 0.589844 0.238281 0.589844 0.210938 0.5625 0.210938 0.558594 0.207031 0.558594 0.203125 0.554688 0.195312 0.554688 0.191406 0.558594 0.179688 0.558594 0.171875 0.550781 0.171875 0.546875 0.164062 0.539062
