0 0.132812 0.773438 0.128906 0.777344 0.125 0.777344 0.109375 0.792969 0.109375 0.800781 0.105469 0.804688 0.105469 0.828125 0.109375 0.832031 0.109375 0.835938 0.117188 0.84375 0.121094 0.84375 0.125 0.847656 0.128906 0.847656 0.132812 0.84375 0.152344 0.84375 0.164062 0.832031 0.164062 0.824219 0.167969 0.820312 0.167969 0.804688 0.164062 0.800781 0.164062 0.792969 0.160156 0.789062 0.160156 0.785156 0.152344 0.777344 0.148438 0.777344 0.144531 0.773438
0 0.347656 0.386719 0.34375 0.390625 0.335938 0.390625 0.332031 0.394531 0.328125 0.394531 0.328125 0.398438 0.320312 0.40625 0.320312 0.414062 0.316406 0.417969 0.316406 0.429688 0.320312 0.433594 0.320312 0.445312 0.335938 0.460938 0.339844 0.460938 0.34375 0.464844 0.351562 0.464844 0.355469 0.46875 0.363281 0.46875 0.367188 0.464844 0.375 0.464844 0.378906 0.460938 0.382812 0.460938 0.402344 0.441406 0.402344 0.4375 0.40625 0.433594 0.40625 0.414062 0.398438 0.40625 0.398438 0.402344 0.394531 0.398438 0.390625 0.398438 0.386719 0.394531 0.382812 0.394531 0.378906 0.390625 0.367188 0.390625 0.363281 0.386719
0 0.953125 0.660156 0.957031 0.664062 0.953125 0.667969 0.945312 0.667969 0.933594 0.679688 0.933594 0.722656 0.941406 0.730469 0.941406 0.734375 0.949219 0.742188 0.949219 0.75 0.980469 0.75 0.984375 0.746094 0.988281 0.746094 0.996094 0.738281 0.996094 0.675781 0.988281 0.667969 0.984375 0.667969 0.980469 0.664062 0.972656 0.664062 0.96875 0.660156
0 0.589844 0.84375 0.582031 0.851562 0.578125 0.851562 0.570312 0.859375 0.570312 0.878906 0.574219 0.882812 0.574219 0.886719 0.578125 0.890625 0.578125 0.894531 0.574219 0.898438 0.574219 0.902344 0.570312 0.90625 0.570312 0.917969 0.566406 0.921875 0.566406 0.925781 0.570312 0.929688 0.570312 0.9375 0.597656 0.964844 0.601562 0.964844 0.605469 0.96875 0.609375 0.96875 0.613281 0.972656 0.621094 0.972656 0.625 0.976562 0.628906 0.976562 0.632812 0.980469 0.644531 0.980469 0.648438 0.984375 0.667969 0.984375 0.671875 0.980469 0.683594 0.980469 0.6875 0.976562 0.691406 0.976562 0.695312 0.972656 0.695312 0.96875 0.699219 0.964844 0.699219 0.957031 0.695312 0.953125 0.695312 0.945312 0.691406 0.941406 0.691406 0.9375 0.6875 0.933594 0.6875 0.929688 0.683594 0.925781 0.683594 0.921875 0.675781 0.914062 0.671875 0.914062 0.667969 0.910156 0.664062 0.910156 0.660156 0.90625 0.65625 0.90625 0.652344 0.902344 0.648438 0.902344 0.644531 0.898438 0.640625 0.898438 0.636719 0.894531 0.632812 0.894531 0.625 0.886719 0.621094 0.886719 0.617188 0.882812 0.617188 0.871094 0.613281 0.867188 0.613281 0.855469 0.609375 0.851562 0.609375 0.847656 0.605469 0.84375
0 0.0859375 0.40625 0.0820312 0.410156 0.078125 0.410156 0.0664062 0.421875 0.0664062 0.425781 0.0625 0.429688 0.0625 0.433594 0.0585938 0.4375 0.0585938 0.453125 0.0546875 0.457031 0.0585938 0.460938 0.0585938 0.472656 0.0625 0.476562 0.0625 0.480469 0.0664062 0.484375 0.0664062 0.488281 0.0820312 0.503906 0.0859375 0.503906 0.0898438 0.507812 0.121094 0.507812 0.144531 0.484375 0.144531 0.480469 0.148438 0.476562 0.148438 0.472656 0.152344 0.46875 0.152344 0.4375 0.144531 0.429688 0.144531 0.425781 0.136719 0.417969 0.132812 0.417969 0.125 0.410156 0.121094 0.410156 0.117188 0.40625
0 0.84375 0.664062 0.832031 0.675781 0.832031 0.71875 0.835938 0.722656 0.835938 0.726562 0.839844 0.730469 0.839844 0.734375 0.847656 0.742188 0.847656 0.757812 0.855469 0.765625 0.867188 0.765625 0.871094 0.769531 0.890625 0.769531 0.894531 0.765625 0.902344 0.765625 0.914062 0.753906 0.914062 0.75 0.917969 0.746094 0.917969 0.710938 0.914062 0.707031 0.914062 0.699219 0.902344 0.6875 0.902344 0.683594 0.894531 0.675781 0.894531 0.671875 0.890625 0.667969 0.878906 0.667969 0.875 0.664062
0 0.828125 0.671875 0.828125 0.679688 0.824219 0.683594 0.824219 0.714844 0.820312 0.71875 0.820312 0.722656 0.824219 0.722656 0.839844 0.738281 0.839844 0.746094 0.84375 0.75 0.84375 0.765625 0.832031 0.777344 0.828125 0.777344 0.832031 0.777344 0.835938 0.773438 0.886719 0.773438 0.871094 0.773438 0.867188 0.769531 0.855469 0.769531 0.84375 0.757812 0.84375 0.742188 0.835938 0.734375 0.835938 0.730469 0.832031 0.726562 0.832031 0.722656 0.828125 0.71875 0.828125 0.675781 0.832031 0.671875
0 0.566406 0.671875 0.554688 0.683594 0.554688 0.6875 0.550781 0.691406 0.550781 0.695312 0.566406 0.695312 0.574219 0.703125 0.574219 0.710938 0.582031 0.710938 0.589844 0.71875 0.597656 0.710938 0.597656 0.707031 0.601562 0.703125 0.601562 0.683594 0.589844 0.671875
0 0.351562 0.71875 0.351562 0.726562 0.339844 0.738281 0.339844 0.746094 0.332031 0.753906 0.332031 0.773438 0.328125 0.777344 0.328125 0.78125 0.324219 0.785156 0.328125 0.789062 0.328125 0.792969 0.332031 0.789062 0.359375 0.789062 0.363281 0.792969 0.394531 0.792969 0.394531 0.789062 0.398438 0.785156 0.398438 0.78125 0.402344 0.777344 0.402344 0.765625 0.40625 0.761719 0.40625 0.753906 0.402344 0.75 0.402344 0.742188 0.398438 0.738281 0.398438 0.734375 0.386719 0.722656 0.378906 0.722656 0.375 0.71875
0 0.167969 0.644531 0.164062 0.648438 0.160156 0.648438 0.15625 0.652344 0.15625 0.65625 0.152344 0.660156 0.152344 0.675781 0.15625 0.679688 0.15625 0.683594 0.164062 0.691406 0.167969 0.691406 0.171875 0.695312 0.191406 0.695312 0.195312 0.691406 0.199219 0.691406 0.207031 0.683594 0.207031 0.664062 0.203125 0.660156 0.203125 0.65625 0.195312 0.648438 0.191406 0.648438 0.1875 0.644531
0 0.574219 0.714844 0.566406 0.722656 0.566406 0.730469 0.570312 0.734375 0.582031 0.734375 0.585938 0.730469 0.585938 0.71875 0.582031 0.714844
0 0.0390625 0.699219 0.0351562 0.703125 0.03125 0.703125 0.0273438 0.707031 0.0234375 0.707031 0.0234375 0.710938 0.0195312 0.714844 0.0195312 0.722656 0.015625 0.726562 0.015625 0.730469 0.0195312 0.734375 0.0195312 0.742188 0.0234375 0.746094 0.0234375 0.75 0.03125 0.757812 0.0351562 0.757812 0.0390625 0.761719 0.0625 0.761719 0.0703125 0.753906 0.0742188 0.753906 0.0742188 0.75 0.0820312 0.742188 0.0820312 0.738281 0.0859375 0.734375 0.0859375 0.722656 0.0820312 0.71875 0.0820312 0.714844 0.0742188 0.707031 0.0703125 0.707031 0.0664062 0.703125 0.0625 0.703125 0.0585938 0.699219
0 0.234375 0.507812 0.230469 0.511719 0.226562 0.511719 0.222656 0.515625 0.21875 0.515625 0.214844 0.519531 0.210938 0.519531 0.199219 0.53125 0.199219 0.535156 0.195312 0.539062 0.195312 0.546875 0.191406 0.550781 0.191406 0.5625 0.195312 0.566406 0.195312 0.578125 0.199219 0.582031 0.199219 0.585938 0.203125 0.589844 0.203125 0.59375 0.214844 0.605469 0.222656 0.605469 0.226562 0.609375 0.246094 0.609375 0.25 0.605469 0.257812 0.605469 0.265625 0.597656 0.269531 0.597656 0.277344 0.589844 0.277344 0.585938 0.28125 0.582031 0.28125 0.574219 0.285156 0.570312 0.285156 0.527344 0.28125 0.523438 0.28125 0.519531 0.273438 0.511719 0.269531 0.511719 0.265625 0.507812
0 0.28125 0.6875 0.277344 0.691406 0.265625 0.691406 0.261719 0.695312 0.257812 0.695312 0.25 0.703125 0.25 0.753906 0.257812 0.761719 0.261719 0.761719 0.265625 0.765625 0.273438 0.765625 0.277344 0.769531 0.304688 0.769531 0.316406 0.757812 0.316406 0.75 0.320312 0.746094 0.320312 0.742188 0.324219 0.738281 0.324219 0.710938 0.304688 0.691406 0.300781 0.691406 0.296875 0.6875
0 0.015625 0.0703125 0.0117188 0.0742188 0.0078125 0.0742188 0.00390625 0.078125 0 0.078125 0 0.125 0.015625 0.140625 0.0195312 0.140625 0.0234375 0.144531 0.0390625 0.144531 0.0429688 0.140625 0.046875 0.140625 0.0507812 0.136719 0.0546875 0.136719 0.0664062 0.125 0.0664062 0.117188 0.0703125 0.113281 0.0703125 0.0976562 0.0664062 0.09375 0.0664062 0.0898438 0.0625 0.0859375 0.0625 0.0820312 0.0546875 0.0742188 0.0507812 0.0742188 0.046875 0.0703125
0 0.140625 0.109375 0.136719 0.113281 0.128906 0.113281 0.113281 0.128906 0.113281 0.132812 0.109375 0.136719 0.109375 0.160156 0.113281 0.164062 0.113281 0.171875 0.117188 0.175781 0.117188 0.179688 0.128906 0.191406 0.136719 0.191406 0.140625 0.195312 0.148438 0.195312 0.152344 0.191406 0.160156 0.191406 0.164062 0.1875 0.167969 0.1875 0.175781 0.179688 0.175781 0.175781 0.179688 0.171875 0.179688 0.167969 0.183594 0.164062 0.183594 0.15625 0.1875 0.152344 0.1875 0.132812 0.183594 0.128906 0.183594 0.125 0.171875 0.113281 0.167969 0.113281 0.164062 0.109375
0 0.390625 0.550781 0.386719 0.554688 0.378906 0.554688 0.375 0.558594 0.371094 0.558594 0.363281 0.566406 0.359375 0.566406 0.367188 0.566406 0.371094 0.570312 0.371094 0.59375 0.363281 0.601562 0.355469 0.601562 0.351562 0.597656 0.386719 0.632812 0.386719 0.636719 0.398438 0.648438 0.398438 0.652344 0.402344 0.65625 0.40625 0.65625 0.414062 0.664062 0.417969 0.664062 0.421875 0.667969 0.449219 0.667969 0.453125 0.664062 0.460938 0.664062 0.464844 0.660156 0.46875 0.660156 0.472656 0.65625 0.476562 0.65625 0.492188 0.640625 0.492188 0.636719 0.496094 0.632812 0.496094 0.625 0.5 0.621094 0.5 0.605469 0.496094 0.601562 0.496094 0.597656 0.492188 0.59375 0.492188 0.589844 0.484375 0.582031 0.480469 0.582031 0.476562 0.578125 0.472656 0.578125 0.464844 0.570312 0.457031 0.570312 0.453125 0.566406 0.449219 0.566406 0.445312 0.5625 0.441406 0.5625 0.4375 0.558594 0.429688 0.558594 0.425781 0.554688 0.417969 0.554688 0.414062 0.550781
0 0.550781 0.699219 0.546875 0.703125 0.546875 0.710938 0.550781 0.714844 0.554688 0.714844 0.558594 0.71875 0.566406 0.71875 0.570312 0.714844 0.570312 0.703125 0.566406 0.699219
0 0.234375 0.777344 0.230469 0.78125 0.226562 0.78125 0.222656 0.785156 0.21875 0.785156 0.214844 0.789062 0.214844 0.796875 0.210938 0.800781 0.210938 0.804688 0.214844 0.808594 0.214844 0.8125 0.21875 0.816406 0.21875 0.820312 0.226562 0.828125 0.230469 0.828125 0.234375 0.832031 0.246094 0.832031 0.25 0.835938 0.253906 0.832031 0.261719 0.832031 0.265625 0.828125 0.269531 0.828125 0.273438 0.824219 0.273438 0.820312 0.277344 0.816406 0.277344 0.796875 0.269531 0.789062 0.269531 0.785156 0.265625 0.785156 0.261719 0.78125 0.257812 0.78125 0.253906 0.777344
0 0.363281 0.871094 0.359375 0.875 0.351562 0.875 0.347656 0.878906 0.34375 0.878906 0.328125 0.894531 0.328125 0.90625 0.332031 0.910156 0.34375 0.910156 0.347656 0.914062 0.351562 0.914062 0.359375 0.921875 0.359375 0.925781 0.363281 0.929688 0.363281 0.945312 0.367188 0.949219 0.382812 0.949219 0.386719 0.945312 0.394531 0.945312 0.410156 0.929688 0.410156 0.894531 0.40625 0.890625 0.40625 0.886719 0.402344 0.882812 0.398438 0.882812 0.394531 0.878906 0.382812 0.878906 0.378906 0.875 0.375 0.875 0.371094 0.871094
0 0.523438 0.738281 0.519531 0.742188 0.511719 0.742188 0.507812 0.746094 0.503906 0.746094 0.5 0.75 0.496094 0.75 0.484375 0.761719 0.484375 0.769531 0.480469 0.773438 0.480469 0.789062 0.484375 0.792969 0.484375 0.796875 0.488281 0.800781 0.488281 0.804688 0.492188 0.808594 0.496094 0.808594 0.503906 0.816406 0.511719 0.816406 0.515625 0.820312 0.542969 0.820312 0.546875 0.816406 0.554688 0.816406 0.558594 0.8125 0.5625 0.8125 0.570312 0.804688 0.570312 0.800781 0.574219 0.796875 0.574219 0.789062 0.578125 0.785156 0.578125 0.765625 0.574219 0.761719 0.574219 0.757812 0.570312 0.753906 0.570312 0.75 0.558594 0.738281
0 0.808594 0.539062 0.828125 0.539062 0.835938 0.546875 0.835938 0.550781 0.839844 0.554688 0.839844 0.566406 0.835938 0.570312 0.835938 0.585938 0.824219 0.597656 0.824219 0.601562 0.820312 0.605469 0.820312 0.609375 0.816406 0.613281 0.816406 0.617188 0.808594 0.625 0.796875 0.625 0.792969 0.628906 0.785156 0.628906 0.789062 0.628906 0.792969 0.632812 0.796875 0.632812 0.804688 0.640625 0.808594 0.640625 0.816406 0.648438 0.921875 0.648438 0.90625 0.632812 0.90625 0.589844 0.914062 0.582031 0.910156 0.582031 0.90625 0.578125 0.902344 0.578125 0.871094 0.546875 0.867188 0.546875 0.863281 0.542969 0.832031 0.542969 0.828125 0.539062
0 0.203125 0.238281 0.199219 0.242188 0.195312 0.242188 0.179688 0.257812 0.179688 0.261719 0.175781 0.265625 0.175781 0.273438 0.171875 0.277344 0.171875 0.285156 0.175781 0.289062 0.175781 0.296875 0.179688 0.300781 0.179688 0.304688 0.199219 0.324219 0.207031 0.324219 0.210938 0.328125 0.234375 0.328125 0.238281 0.324219 0.246094 0.324219 0.261719 0.308594 0.261719 0.304688 0.265625 0.300781 0.265625 0.292969 0.269531 0.289062 0.269531 0.28125 0.265625 0.277344 0.265625 0.269531 0.261719 0.265625 0.261719 0.261719 0.253906 0.253906 0.253906 0.25 0.25 0.25 0.242188 0.242188 0.234375 0.242188 0.230469 0.238281
0 0.144531 0.960938 0.140625 0.964844 0.136719 0.964844 0.125 0.976562 0.125 0.980469 0.121094 0.984375 0.121094 0.992188 0.117188 0.996094 0.195312 0.996094 0.195312 0.992188 0.191406 0.988281 0.191406 0.980469 0.179688 0.96875 0.175781 0.96875 0.171875 0.964844 0.167969 0.964844 0.164062 0.960938
0 0.910156 0.480469 0.90625 0.484375 0.894531 0.484375 0.890625 0.488281 0.890625 0.496094 0.886719 0.5 0.886719 0.527344 0.890625 0.53125 0.890625 0.535156 0.894531 0.539062 0.894531 0.542969 0.910156 0.558594 0.917969 0.558594 0.921875 0.5625 0.96875 0.5625 0.980469 0.550781 0.980469 0.546875 0.984375 0.542969 0.984375 0.515625 0.972656 0.503906 0.972656 0.5 0.96875 0.496094 0.964844 0.496094 0.957031 0.488281 0.945312 0.488281 0.941406 0.484375 0.933594 0.484375 0.929688 0.480469
0 0.839844 0.375 0.835938 0.378906 0.824219 0.378906 0.820312 0.382812 0.816406 0.382812 0.808594 0.390625 0.808594 0.394531 0.804688 0.398438 0.804688 0.40625 0.800781 0.410156 0.800781 0.441406 0.804688 0.445312 0.804688 0.449219 0.808594 0.453125 0.808594 0.457031 0.820312 0.46875 0.824219 0.46875 0.828125 0.472656 0.84375 0.472656 0.847656 0.476562 0.859375 0.476562 0.863281 0.472656 0.878906 0.472656 0.882812 0.46875 0.890625 0.46875 0.90625 0.453125 0.90625 0.449219 0.910156 0.445312 0.910156 0.441406 0.914062 0.4375 0.914062 0.410156 0.910156 0.40625 0.910156 0.398438 0.890625 0.378906 0.882812 0.378906 0.878906 0.375
0 0.738281 0.785156 0.730469 0.792969 0.726562 0.792969 0.710938 0.808594 0.710938 0.8125 0.707031 0.816406 0.707031 0.828125 0.703125 0.832031 0.703125 0.839844 0.707031 0.84375 0.707031 0.855469 0.714844 0.863281 0.714844 0.867188 0.71875 0.871094 0.722656 0.871094 0.730469 0.878906 0.738281 0.878906 0.742188 0.882812 0.777344 0.882812 0.78125 0.878906 0.785156 0.878906 0.796875 0.867188 0.796875 0.863281 0.800781 0.859375 0.800781 0.851562 0.804688 0.847656 0.804688 0.828125 0.800781 0.824219 0.800781 0.816406 0.796875 0.8125 0.796875 0.808594 0.78125 0.792969 0.777344 0.792969 0.773438 0.789062 0.769531 0.789062 0.765625 0.785156
0 0.0898438 0.597656 0.0859375 0.601562 0.0820312 0.601562 0.0703125 0.613281 0.0703125 0.640625 0.0742188 0.644531 0.0742188 0.648438 0.078125 0.652344 0.078125 0.65625 0.0820312 0.660156 0.0859375 0.660156 0.0898438 0.664062 0.09375 0.664062 0.0976562 0.667969 0.117188 0.667969 0.121094 0.664062 0.125 0.664062 0.136719 0.652344 0.136719 0.625 0.128906 0.617188 0.128906 0.613281 0.117188 0.601562 0.113281 0.601562 0.109375 0.597656
0 0.796875 0.542969 0.789062 0.550781 0.785156 0.550781 0.78125 0.554688 0.777344 0.554688 0.761719 0.570312 0.761719 0.609375 0.765625 0.613281 0.769531 0.613281 0.78125 0.625 0.792969 0.625 0.796875 0.621094 0.808594 0.621094 0.8125 0.617188 0.8125 0.613281 0.816406 0.609375 0.816406 0.605469 0.820312 0.601562 0.820312 0.597656 0.832031 0.585938 0.832031 0.570312 0.835938 0.566406 0.835938 0.554688 0.832031 0.550781 0.832031 0.546875 0.828125 0.542969
0 0.296875 0.609375 0.277344 0.628906 0.277344 0.632812 0.273438 0.636719 0.273438 0.644531 0.269531 0.648438 0.273438 0.652344 0.273438 0.660156 0.292969 0.679688 0.3125 0.679688 0.316406 0.675781 0.320312 0.675781 0.332031 0.664062 0.332031 0.660156 0.335938 0.65625 0.335938 0.628906 0.332031 0.625 0.332031 0.621094 0.320312 0.609375
0 0.335938 0.808594 0.328125 0.816406 0.328125 0.84375 0.332031 0.847656 0.339844 0.847656 0.347656 0.855469 0.351562 0.855469 0.355469 0.859375 0.371094 0.859375 0.375 0.855469 0.382812 0.855469 0.386719 0.851562 0.386719 0.847656 0.394531 0.839844 0.394531 0.8125 0.390625 0.808594
0 0.00390625 0.621094 0 0.625 0 0.675781 0.0117188 0.675781 0.015625 0.671875 0.0234375 0.671875 0.0351562 0.660156 0.0351562 0.65625 0.0390625 0.652344 0.0390625 0.636719 0.0273438 0.625 0.0195312 0.625 0.015625 0.621094
0 0.015625 0.523438 0.0117188 0.527344 0 0.527344 0 0.589844 0.0195312 0.589844 0.0234375 0.585938 0.0273438 0.585938 0.0390625 0.574219 0.0390625 0.570312 0.0429688 0.566406 0.0429688 0.539062 0.03125 0.527344 0.0234375 0.527344 0.0195312 0.523438
0 0.527344 0.523438 0.523438 0.527344 0.523438 0.53125 0.519531 0.535156 0.519531 0.542969 0.515625 0.546875 0.515625 0.554688 0.519531 0.558594 0.519531 0.5625 0.53125 0.574219 0.550781 0.574219 0.5625 0.5625 0.5625 0.539062 0.558594 0.535156 0.558594 0.53125 0.550781 0.523438
0 0.34375 0.570312 0.339844 0.574219 0.339844 0.589844 0.34375 0.59375 0.351562 0.59375 0.355469 0.597656 0.363281 0.597656 0.367188 0.59375 0.367188 0.570312
0 0.976562 0.21875 0.972656 0.222656 0.96875 0.222656 0.964844 0.226562 0.960938 0.226562 0.960938 0.230469 0.953125 0.238281 0.953125 0.261719 0.957031 0.265625 0.957031 0.269531 0.964844 0.277344 0.964844 0.28125 0.980469 0.296875 0.984375 0.296875 0.996094 0.308594 0.996094 0.21875
0 0.800781 0.722656 0.796875 0.726562 0.796875 0.761719 0.8125 0.777344 0.824219 0.777344 0.828125 0.773438 0.832031 0.773438 0.839844 0.765625 0.839844 0.75 0.835938 0.746094 0.835938 0.738281 0.824219 0.726562 0.820312 0.726562 0.816406 0.722656
0 0.136719 0.863281 0.125 0.875 0.125 0.910156 0.128906 0.914062 0.128906 0.917969 0.136719 0.925781 0.144531 0.925781 0.148438 0.929688 0.171875 0.929688 0.175781 0.925781 0.175781 0.917969 0.179688 0.914062 0.179688 0.902344 0.1875 0.894531 0.1875 0.882812 0.171875 0.867188 0.167969 0.867188 0.164062 0.863281
0 0.925781 0.582031 0.921875 0.585938 0.914062 0.585938 0.910156 0.589844 0.910156 0.632812 0.921875 0.644531 0.953125 0.644531 0.960938 0.636719 0.960938 0.601562 0.957031 0.597656 0.957031 0.589844 0.953125 0.585938 0.949219 0.585938 0.945312 0.582031
0 0 0.792969 0 0.867188 0.00390625 0.863281 0.0117188 0.863281 0.015625 0.859375 0.0195312 0.859375 0.03125 0.847656 0.03125 0.820312 0.0273438 0.816406 0.0273438 0.8125 0.0117188 0.796875 0.00390625 0.796875
0 0.21875 0.394531 0.214844 0.398438 0.210938 0.398438 0.207031 0.402344 0.203125 0.402344 0.1875 0.417969 0.1875 0.425781 0.183594 0.429688 0.183594 0.4375 0.1875 0.441406 0.1875 0.449219 0.191406 0.453125 0.191406 0.457031 0.195312 0.460938 0.195312 0.464844 0.203125 0.472656 0.207031 0.472656 0.214844 0.480469 0.222656 0.480469 0.226562 0.484375 0.25 0.484375 0.253906 0.480469 0.257812 0.480469 0.277344 0.460938 0.277344 0.453125 0.28125 0.449219 0.28125 0.425781 0.277344 0.421875 0.277344 0.417969 0.273438 0.414062 0.273438 0.410156 0.265625 0.402344 0.261719 0.402344 0.257812 0.398438 0.25 0.398438 0.246094 0.394531
0 0 0.222656 0 0.289062 0.0234375 0.289062 0.0273438 0.285156 0.03125 0.285156 0.0429688 0.273438 0.0429688 0.269531 0.046875 0.265625 0.046875 0.242188 0.0429688 0.238281 0.0429688 0.234375 0.0351562 0.226562 0.03125 0.226562 0.0273438 0.222656
0 0.699219 0.679688 0.695312 0.683594 0.6875 0.683594 0.683594 0.6875 0.679688 0.6875 0.667969 0.699219 0.667969 0.703125 0.664062 0.707031 0.664062 0.714844 0.660156 0.71875 0.660156 0.730469 0.664062 0.734375 0.664062 0.742188 0.667969 0.746094 0.667969 0.75 0.683594 0.765625 0.6875 0.765625 0.691406 0.769531 0.699219 0.769531 0.703125 0.773438 0.71875 0.773438 0.722656 0.769531 0.730469 0.769531 0.746094 0.753906 0.746094 0.75 0.75 0.746094 0.75 0.742188 0.753906 0.738281 0.753906 0.71875 0.75 0.714844 0.75 0.710938 0.746094 0.707031 0.746094 0.703125 0.730469 0.6875 0.726562 0.6875 0.722656 0.683594 0.714844 0.683594 0.710938 0.679688
0 0.339844 0.878906 0.332031 0.886719 0.328125 0.886719 0.316406 0.898438 0.3125 0.898438 0.308594 0.902344 0.304688 0.902344 0.300781 0.90625 0.296875 0.90625 0.292969 0.910156 0.289062 0.910156 0.28125 0.917969 0.28125 0.921875 0.277344 0.925781 0.277344 0.933594 0.273438 0.9375 0.277344 0.941406 0.277344 0.953125 0.296875 0.972656 0.300781 0.972656 0.304688 0.976562 0.3125 0.976562 0.316406 0.980469 0.332031 0.980469 0.335938 0.976562 0.339844 0.976562 0.34375 0.972656 0.347656 0.972656 0.363281 0.957031 0.367188 0.957031 0.371094 0.953125 0.367188 0.953125 0.359375 0.945312 0.359375 0.929688 0.355469 0.925781 0.355469 0.921875 0.351562 0.917969 0.347656 0.917969 0.34375 0.914062 0.332031 0.914062 0.324219 0.90625 0.324219 0.894531
