0 0.921875 0.84375 0.914062 0.851562 0.914062 0.894531 0.917969 0.894531 0.921875 0.898438 0.921875 0.902344 0.9375 0.917969 0.941406 0.917969 0.945312 0.921875 0.949219 0.917969 0.957031 0.917969 0.957031 0.914062 0.960938 0.910156 0.960938 0.878906 0.957031 0.875 0.957031 0.871094 0.953125 0.867188 0.953125 0.863281 0.949219 0.859375 0.949219 0.855469 0.9375 0.84375
0 0.882812 0.207031 0.875 0.214844 0.871094 0.214844 0.871094 0.21875 0.875 0.222656 0.875 0.226562 0.882812 0.226562 0.890625 0.21875 0.890625 0.210938 0.886719 0.207031
0 0.976562 0.695312 0.972656 0.699219 0.957031 0.699219 0.953125 0.703125 0.945312 0.703125 0.941406 0.707031 0.941406 0.71875 0.949219 0.71875 0.953125 0.722656 0.976562 0.722656 0.980469 0.71875 0.984375 0.71875 0.984375 0.695312
0 0.015625 0.328125 0.0117188 0.332031 0.0117188 0.335938 0.0078125 0.339844 0.0078125 0.347656 0.0273438 0.347656 0.0273438 0.332031 0.0234375 0.328125
0 0.0546875 0.335938 0.0546875 0.347656 0.0625 0.355469 0.0625 0.359375 0.0820312 0.378906 0.0976562 0.378906 0.101562 0.375 0.101562 0.355469 0.0976562 0.355469 0.09375 0.351562 0.078125 0.351562 0.0625 0.335938
0 0.847656 0.148438 0.84375 0.152344 0.839844 0.152344 0.832031 0.160156 0.832031 0.164062 0.828125 0.167969 0.828125 0.179688 0.832031 0.179688 0.839844 0.1875 0.84375 0.1875 0.851562 0.195312 0.871094 0.195312 0.875 0.191406 0.878906 0.191406 0.878906 0.167969 0.875 0.164062 0.871094 0.164062 0.855469 0.148438
0 0.882812 0.1875 0.882812 0.191406 0.878906 0.195312 0.875 0.195312 0.871094 0.199219 0.867188 0.199219 0.863281 0.203125 0.859375 0.203125 0.859375 0.210938 0.875 0.210938 0.882812 0.203125 0.886719 0.203125 0.890625 0.207031 0.898438 0.207031 0.898438 0.1875
0 0.925781 0.457031 0.921875 0.460938 0.917969 0.460938 0.910156 0.46875 0.910156 0.480469 0.914062 0.484375 0.914062 0.488281 0.921875 0.496094 0.925781 0.496094 0.929688 0.5 0.933594 0.5 0.9375 0.503906 0.953125 0.503906 0.964844 0.492188 0.964844 0.484375 0.960938 0.480469 0.960938 0.476562 0.957031 0.472656 0.957031 0.46875 0.949219 0.460938 0.945312 0.460938 0.941406 0.457031
0 0.460938 0.695312 0.453125 0.703125 0.453125 0.707031 0.449219 0.710938 0.449219 0.742188 0.453125 0.742188 0.457031 0.746094 0.480469 0.746094 0.488281 0.738281 0.488281 0.714844 0.484375 0.710938 0.484375 0.707031 0.480469 0.703125 0.480469 0.699219 0.476562 0.699219 0.472656 0.695312
0 0.0742188 0.0117188 0.0664062 0.0195312 0.0664062 0.0351562 0.078125 0.046875 0.0859375 0.046875 0.0898438 0.0507812 0.121094 0.0507812 0.125 0.046875 0.125 0.0429688 0.128906 0.0390625 0.128906 0.03125 0.125 0.0273438 0.125 0.0234375 0.117188 0.015625 0.113281 0.015625 0.109375 0.0117188
0 0.703125 0.898438 0.695312 0.90625 0.695312 0.910156 0.691406 0.914062 0.691406 0.9375 0.695312 0.941406 0.695312 0.945312 0.703125 0.953125 0.707031 0.953125 0.710938 0.957031 0.71875 0.957031 0.722656 0.953125 0.726562 0.953125 0.730469 0.949219 0.730469 0.933594 0.726562 0.929688 0.726562 0.917969 0.722656 0.914062 0.722656 0.910156 0.71875 0.90625 0.71875 0.902344 0.714844 0.898438
0 0.277344 0.585938 0.273438 0.589844 0.265625 0.589844 0.261719 0.59375 0.257812 0.59375 0.253906 0.597656 0.253906 0.601562 0.25 0.605469 0.25 0.621094 0.261719 0.632812 0.277344 0.632812 0.28125 0.628906 0.285156 0.628906 0.292969 0.621094 0.292969 0.617188 0.296875 0.613281 0.296875 0.59375 0.292969 0.59375 0.289062 0.589844 0.285156 0.589844 0.28125 0.585938
0 0.34375 0.347656 0.339844 0.351562 0.332031 0.351562 0.324219 0.359375 0.324219 0.363281 0.320312 0.367188 0.320312 0.382812 0.316406 0.386719 0.320312 0.390625 0.320312 0.394531 0.324219 0.398438 0.324219 0.40625 0.328125 0.410156 0.328125 0.414062 0.332031 0.417969 0.335938 0.417969 0.339844 0.421875 0.363281 0.421875 0.367188 0.417969 0.371094 0.417969 0.382812 0.40625 0.382812 0.378906 0.378906 0.375 0.378906 0.371094 0.375 0.367188 0.375 0.363281 0.371094 0.363281 0.359375 0.351562 0.347656 0.351562
0 0.347656 0.105469 0.34375 0.109375 0.339844 0.109375 0.332031 0.117188 0.328125 0.117188 0.328125 0.121094 0.324219 0.125 0.324219 0.128906 0.320312 0.132812 0.320312 0.140625 0.335938 0.15625 0.34375 0.15625 0.347656 0.160156 0.378906 0.160156 0.382812 0.15625 0.386719 0.15625 0.390625 0.152344 0.394531 0.152344 0.402344 0.144531 0.402344 0.121094 0.390625 0.109375 0.386719 0.109375 0.382812 0.105469
0 0.148438 0.792969 0.144531 0.796875 0.136719 0.796875 0.125 0.808594 0.121094 0.808594 0.117188 0.8125 0.117188 0.816406 0.113281 0.820312 0.113281 0.824219 0.109375 0.828125 0.109375 0.851562 0.113281 0.851562 0.117188 0.855469 0.121094 0.855469 0.125 0.859375 0.140625 0.859375 0.144531 0.855469 0.148438 0.855469 0.152344 0.851562 0.15625 0.851562 0.175781 0.832031 0.175781 0.828125 0.179688 0.824219 0.179688 0.8125 0.175781 0.808594 0.175781 0.804688 0.167969 0.796875 0.164062 0.796875 0.160156 0.792969
0 0.816406 0.433594 0.804688 0.445312 0.804688 0.453125 0.800781 0.457031 0.800781 0.460938 0.796875 0.464844 0.796875 0.492188 0.800781 0.496094 0.800781 0.5 0.804688 0.503906 0.808594 0.503906 0.8125 0.507812 0.820312 0.507812 0.824219 0.503906 0.832031 0.503906 0.832031 0.496094 0.835938 0.492188 0.835938 0.484375 0.839844 0.480469 0.839844 0.457031 0.835938 0.453125 0.835938 0.445312 0.824219 0.433594
