0 0.429688 0.105469 0.425781 0.109375 0.425781 0.117188 0.429688 0.121094 0.441406 0.121094 0.445312 0.125 0.445312 0.128906 0.449219 0.132812 0.457031 0.132812 0.460938 0.128906 0.460938 0.113281 0.457031 0.109375 0.453125 0.109375 0.449219 0.105469
0 0.472656 0.734375 0.460938 0.746094 0.460938 0.75 0.457031 0.753906 0.457031 0.761719 0.460938 0.765625 0.460938 0.773438 0.464844 0.777344 0.46875 0.777344 0.472656 0.78125 0.484375 0.78125 0.496094 0.769531 0.496094 0.753906 0.492188 0.75 0.492188 0.738281 0.488281 0.734375
0 0.613281 0 0.621094 0.0078125 0.640625 0.0078125 0.648438 0
0 0.59375 0.0585938 0.585938 0.0664062 0.585938 0.09375 0.59375 0.101562 0.605469 0.101562 0.609375 0.0976562 0.609375 0.09375 0.617188 0.0859375 0.617188 0.0664062 0.613281 0.0625 0.609375 0.0625 0.605469 0.0585938
0 0.515625 0 0.515625 0.00390625 0.519531 0.0078125 0.519531 0.0117188 0.527344 0.0195312 0.546875 0.0195312 0.554688 0.0117188 0.554688 0
0 0.636719 0.0742188 0.628906 0.0820312 0.628906 0.0976562 0.632812 0.101562 0.632812 0.105469 0.636719 0.109375 0.652344 0.109375 0.65625 0.105469 0.65625 0.09375 0.664062 0.0859375 0.664062 0.078125 0.660156 0.0742188
0 0.433594 0.132812 0.429688 0.136719 0.429688 0.144531 0.433594 0.148438 0.441406 0.148438 0.445312 0.144531 0.445312 0.136719 0.441406 0.132812
0 0.402344 0.148438 0.398438 0.152344 0.398438 0.167969 0.421875 0.191406 0.453125 0.191406 0.457031 0.1875 0.457031 0.179688 0.453125 0.175781 0.433594 0.175781 0.425781 0.167969 0.425781 0.164062 0.421875 0.160156 0.417969 0.160156 0.414062 0.15625 0.414062 0.152344 0.410156 0.148438
0 0.664062 0.0898438 0.660156 0.09375 0.660156 0.105469 0.65625 0.109375 0.65625 0.117188 0.660156 0.121094 0.675781 0.121094 0.679688 0.125 0.691406 0.125 0.695312 0.121094 0.695312 0.113281 0.679688 0.0976562 0.679688 0.09375 0.675781 0.0898438
0 0.550781 0.0976562 0.542969 0.105469 0.535156 0.105469 0.53125 0.109375 0.53125 0.121094 0.535156 0.125 0.535156 0.128906 0.542969 0.136719 0.542969 0.140625 0.546875 0.144531 0.574219 0.144531 0.578125 0.140625 0.578125 0.113281 0.5625 0.0976562
0 0.535156 0.585938 0.53125 0.589844 0.527344 0.589844 0.523438 0.59375 0.523438 0.625 0.527344 0.628906 0.546875 0.628906 0.554688 0.621094 0.554688 0.617188 0.558594 0.613281 0.558594 0.605469 0.554688 0.601562 0.554688 0.597656 0.546875 0.589844 0.542969 0.589844 0.539062 0.585938
0 0.808594 0 0.808594 0.0273438 0.8125 0.03125 0.816406 0.03125 0.820312 0.0351562 0.828125 0.0351562 0.832031 0.03125 0.847656 0.03125 0.851562 0.0273438 0.851562 0.0078125 0.847656 0.00390625 0.847656 0
0 0.429688 0.605469 0.421875 0.613281 0.410156 0.613281 0.402344 0.621094 0.402344 0.625 0.398438 0.628906 0.398438 0.652344 0.402344 0.65625 0.402344 0.660156 0.40625 0.664062 0.417969 0.664062 0.421875 0.660156 0.429688 0.660156 0.441406 0.648438 0.441406 0.609375 0.4375 0.605469
0 0.746094 0 0.742188 0.00390625 0.738281 0.00390625 0.730469 0.0117188 0.730469 0.0273438 0.734375 0.03125 0.734375 0.0351562 0.738281 0.0390625 0.753906 0.0390625 0.757812 0.0351562 0.761719 0.0351562 0.765625 0.03125 0.765625 0.0273438 0.769531 0.0234375 0.769531 0.0117188 0.761719 0.00390625 0.757812 0.00390625 0.753906 0
0 0.363281 0.640625 0.359375 0.644531 0.359375 0.648438 0.351562 0.65625 0.351562 0.664062 0.363281 0.675781 0.378906 0.675781 0.382812 0.671875 0.382812 0.652344 0.371094 0.640625
