0 0.8375 0.859375 0.834375 0.863281 0.834375 0.867188 0.83125 0.871094 0.83125 0.886719 0.834375 0.890625 0.834375 0.894531 0.840625 0.902344 0.840625 0.90625 0.853125 0.921875 0.85625 0.921875 0.859375 0.925781 0.8625 0.925781 0.865625 0.929688 0.871875 0.929688 0.878125 0.921875 0.878125 0.875 0.871875 0.867188 0.8625 0.867188 0.859375 0.863281 0.853125 0.863281 0.85 0.859375
0 0.6625 0.0585938 0.653125 0.0703125 0.65 0.0703125 0.646875 0.0742188 0.64375 0.0742188 0.640625 0.078125 0.640625 0.0820312 0.6375 0.0859375 0.6375 0.109375 0.64375 0.117188 0.65 0.117188 0.653125 0.121094 0.65625 0.121094 0.659375 0.125 0.66875 0.125 0.671875 0.128906 0.690625 0.128906 0.69375 0.125 0.696875 0.125 0.703125 0.117188 0.703125 0.113281 0.70625 0.109375 0.70625 0.0976562 0.709375 0.09375 0.709375 0.0859375 0.703125 0.078125 0.7 0.078125 0.6875 0.0625 0.68125 0.0625 0.678125 0.0585938
0 0.571875 0.03125 0.56875 0.0351562 0.565625 0.0351562 0.5625 0.0390625 0.5625 0.0429688 0.55 0.0585938 0.546875 0.0585938 0.54375 0.0625 0.540625 0.0625 0.534375 0.0703125 0.534375 0.105469 0.540625 0.113281 0.546875 0.113281 0.55 0.117188 0.58125 0.117188 0.584375 0.113281 0.5875 0.113281 0.603125 0.09375 0.603125 0.0898438 0.609375 0.0820312 0.609375 0.0742188 0.6125 0.0703125 0.6125 0.046875 0.603125 0.0351562 0.6 0.0351562 0.596875 0.03125
0 0.471875 0.929688 0.46875 0.933594 0.465625 0.933594 0.459375 0.941406 0.459375 0.953125 0.45625 0.957031 0.45625 0.964844 0.446875 0.976562 0.446875 0.996094 0.521875 0.996094 0.521875 0.988281 0.525 0.984375 0.525 0.972656 0.521875 0.96875 0.521875 0.953125 0.51875 0.949219 0.51875 0.945312 0.515625 0.941406 0.5125 0.941406 0.509375 0.9375 0.496875 0.9375 0.49375 0.933594 0.4875 0.933594 0.484375 0.929688
0 0.803125 0.808594 0.8 0.8125 0.796875 0.8125 0.784375 0.828125 0.784375 0.832031 0.78125 0.835938 0.78125 0.839844 0.778125 0.84375 0.778125 0.855469 0.78125 0.859375 0.78125 0.863281 0.784375 0.867188 0.784375 0.871094 0.790625 0.878906 0.790625 0.882812 0.828125 0.882812 0.828125 0.871094 0.83125 0.867188 0.83125 0.863281 0.8375 0.855469 0.8375 0.820312 0.828125 0.808594
0 0.99375 0.398438 0.9875 0.40625 0.9875 0.429688 0.990625 0.433594 0.990625 0.4375 0.996875 0.445312 0.996875 0.449219 0.996875 0.398438
0 0.65 0.964844 0.64375 0.972656 0.640625 0.972656 0.6375 0.976562 0.63125 0.976562 0.628125 0.980469 0.603125 0.980469 0.603125 0.988281 0.60625 0.992188 0.60625 0.996094 0.65625 0.996094 0.65625 0.980469 0.653125 0.976562 0.653125 0.96875
0 0.203125 0 0.20625 0.00390625 0.20625 0.0390625 0.221875 0.0390625 0.23125 0.0507812 0.23125 0.0546875 0.240625 0.0664062 0.240625 0.0703125 0.25 0.0820312 0.25625 0.0820312 0.2625 0.0742188 0.2625 0.0703125 0.265625 0.0664062 0.265625 0.0625 0.26875 0.0585938 0.26875 0.0273438 0.265625 0.0234375 0.265625 0
0 0.790625 0.265625 0.7875 0.269531 0.778125 0.269531 0.765625 0.285156 0.765625 0.289062 0.7625 0.292969 0.7625 0.308594 0.775 0.324219 0.78125 0.324219 0.790625 0.335938 0.790625 0.339844 0.79375 0.34375 0.79375 0.347656 0.803125 0.359375 0.815625 0.359375 0.81875 0.355469 0.821875 0.355469 0.825 0.351562 0.834375 0.351562 0.8375 0.347656 0.8375 0.332031 0.840625 0.328125 0.840625 0.324219 0.84375 0.320312 0.84375 0.308594 0.840625 0.304688 0.840625 0.289062 0.83125 0.277344 0.83125 0.269531 0.828125 0.265625
0 0.940625 0.601562 0.9375 0.605469 0.934375 0.605469 0.9125 0.632812 0.9125 0.636719 0.909375 0.640625 0.909375 0.664062 0.915625 0.671875 0.91875 0.671875 0.921875 0.675781 0.925 0.675781 0.928125 0.679688 0.93125 0.679688 0.934375 0.683594 0.9375 0.683594 0.940625 0.6875 0.95 0.6875 0.953125 0.691406 0.95625 0.691406 0.959375 0.695312 0.9625 0.695312 0.965625 0.699219 0.96875 0.699219 0.971875 0.703125 0.975 0.703125 0.9875 0.71875 0.990625 0.71875 0.996875 0.726562 0.996875 0.609375 0.990625 0.609375 0.9875 0.613281 0.959375 0.613281 0.95625 0.609375 0.953125 0.609375 0.946875 0.601562
0 0.2375 0.929688 0.234375 0.933594 0.234375 0.945312 0.228125 0.953125 0.228125 0.96875 0.23125 0.972656 0.234375 0.972656 0.2375 0.976562 0.246875 0.976562 0.25 0.980469 0.259375 0.980469 0.2625 0.976562 0.2625 0.972656 0.265625 0.96875 0.265625 0.953125 0.25625 0.941406 0.253125 0.941406 0.24375 0.929688
0 0.140625 0 0.14375 0.00390625 0.14375 0.0078125 0.153125 0.0195312 0.153125 0.0234375 0.159375 0.03125 0.159375 0.0351562 0.16875 0.046875 0.196875 0.046875 0.203125 0.0390625 0.203125 0.00390625 0.2 0
0 0.64375 0.324219 0.640625 0.328125 0.6375 0.328125 0.628125 0.339844 0.625 0.339844 0.61875 0.347656 0.61875 0.371094 0.625 0.378906 0.625 0.382812 0.63125 0.390625 0.63125 0.394531 0.634375 0.398438 0.634375 0.402344 0.646875 0.417969 0.646875 0.421875 0.65 0.425781 0.65 0.429688 0.659375 0.441406 0.659375 0.445312 0.66875 0.457031 0.684375 0.457031 0.6875 0.453125 0.690625 0.453125 0.69375 0.449219 0.703125 0.449219 0.70625 0.445312 0.709375 0.445312 0.7125 0.441406 0.715625 0.441406 0.721875 0.433594 0.721875 0.429688 0.725 0.425781 0.725 0.410156 0.721875 0.40625 0.721875 0.402344 0.71875 0.398438 0.71875 0.390625 0.7125 0.382812 0.7125 0.378906 0.696875 0.359375 0.696875 0.355469 0.69375 0.351562 0.69375 0.347656 0.6875 0.339844 0.6875 0.335938 0.68125 0.328125 0.678125 0.328125 0.675 0.324219
0 0.203125 0.773438 0.2 0.777344 0.18125 0.777344 0.178125 0.78125 0.175 0.78125 0.16875 0.789062 0.16875 0.8125 0.19375 0.84375 0.2 0.84375 0.203125 0.847656 0.209375 0.847656 0.2125 0.851562 0.215625 0.851562 0.21875 0.855469 0.21875 0.867188 0.221875 0.871094 0.228125 0.871094 0.23125 0.875 0.2875 0.875 0.290625 0.871094 0.29375 0.871094 0.296875 0.867188 0.3 0.867188 0.30625 0.859375 0.30625 0.855469 0.309375 0.851562 0.309375 0.847656 0.3125 0.84375 0.3125 0.824219 0.303125 0.8125 0.3 0.8125 0.28125 0.789062 0.275 0.789062 0.271875 0.785156 0.265625 0.785156 0.2625 0.78125 0.246875 0.78125 0.24375 0.777344 0.221875 0.777344 0.21875 0.773438
0 0.196875 0.9375 0.196875 0.945312 0.190625 0.953125 0.190625 0.964844 0.1875 0.96875 0.1875 0.992188 0.190625 0.996094 0.234375 0.996094 0.234375 0.984375 0.23125 0.980469 0.23125 0.976562 0.225 0.96875 0.225 0.964844 0.221875 0.96875 0.215625 0.96875 0.209375 0.960938 0.20625 0.960938 0.196875 0.949219
0 0.996875 0.941406 0.99375 0.945312 0.990625 0.945312 0.984375 0.953125 0.984375 0.96875 0.9875 0.972656 0.9875 0.976562 0.996875 0.988281
0 0.75625 0.167969 0.75 0.175781 0.75 0.179688 0.740625 0.191406 0.740625 0.222656 0.75625 0.242188 0.78125 0.242188 0.790625 0.230469 0.790625 0.199219 0.7875 0.195312 0.7875 0.1875 0.778125 0.175781 0.775 0.175781 0.771875 0.171875 0.765625 0.171875 0.7625 0.167969
0 0.5875 0.898438 0.584375 0.902344 0.584375 0.925781 0.5875 0.929688 0.5875 0.957031 0.590625 0.960938 0.590625 0.964844 0.59375 0.96875 0.596875 0.96875 0.603125 0.976562 0.628125 0.976562 0.63125 0.972656 0.6375 0.972656 0.640625 0.96875 0.64375 0.96875 0.65 0.960938 0.65 0.949219 0.63125 0.925781 0.628125 0.925781 0.621875 0.917969 0.61875 0.917969 0.615625 0.914062 0.6125 0.914062 0.609375 0.910156 0.60625 0.910156 0.596875 0.898438
0 0.5 0.722656 0.490625 0.734375 0.4875 0.734375 0.484375 0.738281 0.484375 0.757812 0.490625 0.765625 0.49375 0.765625 0.5 0.773438 0.525 0.773438 0.528125 0.769531 0.528125 0.765625 0.534375 0.757812 0.534375 0.730469 0.53125 0.726562 0.521875 0.726562 0.51875 0.722656
0 0.4875 0 0.484375 0.00390625 0.484375 0.0234375 0.490625 0.03125 0.490625 0.0429688 0.496875 0.0507812 0.5 0.0507812 0.5125 0.0664062 0.525 0.0664062 0.528125 0.0703125 0.53125 0.0703125 0.540625 0.0585938 0.54375 0.0585938 0.546875 0.0546875 0.55 0.0546875 0.559375 0.0429688 0.559375 0.0390625 0.565625 0.03125 0.56875 0.03125 0.56875 0.0273438 0.5625 0.0195312 0.5625 0.0117188 0.565625 0.0078125 0.565625 0.00390625 0.56875 0
0 0.73125 0 0.73125 0.00390625 0.74375 0.0195312 0.746875 0.0195312 0.75 0.0234375 0.765625 0.0234375 0.76875 0.0195312 0.771875 0.0195312 0.784375 0.00390625 0.784375 0
0 0.696875 0.976562 0.69375 0.980469 0.690625 0.980469 0.6875 0.984375 0.6875 0.996094 0.73125 0.996094 0.73125 0.992188 0.725 0.984375 0.71875 0.984375 0.715625 0.980469 0.703125 0.980469 0.7 0.976562
0 0 0.78125 0 0.863281 0.009375 0.863281 0.0125 0.867188 0.028125 0.867188 0.03125 0.863281 0.0375 0.863281 0.040625 0.859375 0.05 0.859375 0.053125 0.855469 0.05625 0.855469 0.0625 0.847656 0.0625 0.84375 0.065625 0.839844 0.065625 0.816406 0.06875 0.8125 0.06875 0.804688 0.065625 0.800781 0.065625 0.796875 0.059375 0.789062 0.053125 0.789062 0.05 0.785156 0.0375 0.785156 0.034375 0.78125
0 0.96875 0.539062 0.965625 0.542969 0.9625 0.542969 0.95625 0.550781 0.95625 0.554688 0.953125 0.558594 0.953125 0.5625 0.95 0.566406 0.95 0.601562 0.953125 0.605469 0.95625 0.605469 0.959375 0.609375 0.9875 0.609375 0.990625 0.605469 0.996875 0.605469 0.996875 0.542969 0.9875 0.542969 0.984375 0.539062
0 0.778125 0.511719 0.775 0.515625 0.76875 0.515625 0.759375 0.527344 0.759375 0.53125 0.753125 0.539062 0.75 0.539062 0.7375 0.554688 0.7375 0.558594 0.734375 0.5625 0.734375 0.566406 0.715625 0.589844 0.715625 0.601562 0.7125 0.605469 0.7125 0.652344 0.715625 0.65625 0.715625 0.660156 0.725 0.671875 0.728125 0.671875 0.73125 0.675781 0.740625 0.675781 0.74375 0.679688 0.753125 0.679688 0.75625 0.675781 0.759375 0.675781 0.7625 0.671875 0.765625 0.671875 0.76875 0.667969 0.771875 0.667969 0.778125 0.660156 0.78125 0.660156 0.79375 0.644531 0.79375 0.640625 0.80625 0.625 0.815625 0.625 0.828125 0.609375 0.828125 0.605469 0.83125 0.601562 0.83125 0.589844 0.834375 0.585938 0.834375 0.558594 0.83125 0.554688 0.83125 0.550781 0.825 0.542969 0.825 0.539062 0.81875 0.53125 0.815625 0.53125 0.8125 0.527344 0.809375 0.527344 0.8 0.515625 0.79375 0.515625 0.790625 0.511719
0 0.815625 0.378906 0.8125 0.382812 0.809375 0.382812 0.8 0.394531 0.8 0.402344 0.796875 0.40625 0.796875 0.425781 0.8 0.429688 0.8 0.433594 0.809375 0.445312 0.828125 0.445312 0.834375 0.4375 0.8375 0.4375 0.840625 0.433594 0.84375 0.433594 0.846875 0.429688 0.85 0.429688 0.859375 0.417969 0.859375 0.394531 0.85 0.382812 0.846875 0.382812 0.84375 0.378906
0 0.984375 0.0390625 0.975 0.0507812 0.975 0.0546875 0.971875 0.0585938 0.971875 0.0742188 0.96875 0.078125 0.96875 0.113281 0.971875 0.117188 0.971875 0.121094 0.9875 0.140625 0.990625 0.140625 0.99375 0.144531 0.996875 0.144531 0.996875 0.0390625
0 0.625 0.824219 0.621875 0.828125 0.61875 0.828125 0.590625 0.863281 0.590625 0.894531 0.596875 0.894531 0.60625 0.90625 0.609375 0.90625 0.6125 0.910156 0.615625 0.910156 0.61875 0.914062 0.621875 0.914062 0.628125 0.921875 0.634375 0.921875 0.640625 0.914062 0.653125 0.914062 0.65625 0.910156 0.659375 0.910156 0.665625 0.902344 0.665625 0.898438 0.66875 0.894531 0.66875 0.859375 0.665625 0.855469 0.665625 0.851562 0.6625 0.847656 0.6625 0.832031 0.65625 0.824219
0 0.1125 0.910156 0.1 0.925781 0.1 0.933594 0.096875 0.9375 0.096875 0.941406 0.09375 0.945312 0.09375 0.953125 0.0875 0.960938 0.0875 0.964844 0.084375 0.96875 0.084375 0.972656 0.071875 0.988281 0.071875 0.996094 0.15 0.996094 0.153125 0.992188 0.153125 0.976562 0.15625 0.972656 0.15625 0.964844 0.153125 0.960938 0.153125 0.957031 0.15625 0.953125 0.15625 0.945312 0.153125 0.941406 0.153125 0.917969 0.15 0.914062 0.146875 0.914062 0.14375 0.910156
0 0.3875 0.761719 0.384375 0.765625 0.353125 0.765625 0.35 0.769531 0.340625 0.769531 0.3375 0.773438 0.33125 0.773438 0.321875 0.785156 0.321875 0.792969 0.325 0.796875 0.38125 0.796875 0.384375 0.792969 0.396875 0.792969 0.4 0.789062 0.40625 0.789062 0.4125 0.78125 0.4125 0.765625 0.409375 0.761719
0 0.790625 0.886719 0.778125 0.902344 0.778125 0.90625 0.771875 0.914062 0.771875 0.917969 0.76875 0.921875 0.76875 0.964844 0.771875 0.96875 0.771875 0.976562 0.775 0.980469 0.775 0.984375 0.778125 0.988281 0.778125 0.992188 0.78125 0.996094 0.875 0.996094 0.875 0.980469 0.871875 0.976562 0.871875 0.960938 0.86875 0.957031 0.86875 0.949219 0.871875 0.945312 0.871875 0.9375 0.86875 0.933594 0.865625 0.933594 0.8625 0.929688 0.859375 0.929688 0.85625 0.925781 0.853125 0.925781 0.8375 0.90625 0.8375 0.902344 0.83125 0.894531 0.83125 0.890625 0.828125 0.886719
0 0.578125 0.660156 0.5625 0.679688 0.559375 0.679688 0.553125 0.6875 0.55 0.6875 0.546875 0.691406 0.540625 0.691406 0.5375 0.695312 0.534375 0.695312 0.53125 0.699219 0.53125 0.707031 0.540625 0.71875 0.5625 0.71875 0.565625 0.714844 0.56875 0.714844 0.571875 0.710938 0.575 0.710938 0.584375 0.699219 0.584375 0.695312 0.5875 0.691406 0.5875 0.679688 0.590625 0.675781 0.590625 0.664062 0.5875 0.660156
0 0.640625 0.183594 0.6375 0.1875 0.634375 0.1875 0.63125 0.191406 0.628125 0.191406 0.621875 0.199219 0.615625 0.199219 0.609375 0.207031 0.60625 0.207031 0.6 0.214844 0.6 0.222656 0.596875 0.226562 0.596875 0.25 0.6 0.253906 0.6 0.261719 0.603125 0.265625 0.603125 0.269531 0.615625 0.285156 0.621875 0.285156 0.628125 0.292969 0.64375 0.292969 0.65 0.285156 0.653125 0.285156 0.6625 0.273438 0.665625 0.273438 0.66875 0.277344 0.671875 0.277344 0.675 0.28125 0.69375 0.28125 0.7 0.273438 0.7 0.234375 0.696875 0.230469 0.696875 0.222656 0.690625 0.214844 0.690625 0.210938 0.671875 0.1875 0.665625 0.1875 0.6625 0.183594
0 0.33125 0 0.328125 0.00390625 0.328125 0.0429688 0.33125 0.046875 0.33125 0.0507812 0.334375 0.0546875 0.334375 0.078125 0.34375 0.0898438 0.35625 0.0898438 0.359375 0.0859375 0.371875 0.0859375 0.375 0.0820312 0.378125 0.0820312 0.38125 0.0859375 0.3875 0.0859375 0.390625 0.0820312 0.39375 0.0820312 0.396875 0.078125 0.403125 0.078125 0.40625 0.0742188 0.40625 0.0703125 0.421875 0.0507812 0.421875 0.0234375 0.41875 0.0195312 0.41875 0.015625 0.415625 0.0117188 0.415625 0.0078125 0.409375 0
0 0.209375 0.921875 0.20625 0.925781 0.203125 0.925781 0.2 0.929688 0.2 0.949219 0.20625 0.957031 0.209375 0.957031 0.215625 0.964844 0.221875 0.964844 0.225 0.960938 0.225 0.953125 0.228125 0.949219 0.228125 0.945312 0.23125 0.941406 0.23125 0.929688 0.225 0.921875
0 0.89375 0 0.896875 0 0.903125 0.0078125 0.90625 0.0078125 0.91875 0.0234375 0.934375 0.0234375 0.940625 0.015625 0.940625 0.0117188 0.95 0
0 0.8625 0.417969 0.85 0.433594 0.846875 0.433594 0.84375 0.4375 0.840625 0.4375 0.8375 0.441406 0.834375 0.441406 0.828125 0.449219 0.8 0.449219 0.79375 0.457031 0.790625 0.457031 0.7875 0.460938 0.7875 0.464844 0.784375 0.46875 0.784375 0.503906 0.7875 0.507812 0.790625 0.507812 0.79375 0.511719 0.8 0.511719 0.809375 0.523438 0.8125 0.523438 0.815625 0.527344 0.81875 0.527344 0.828125 0.539062 0.828125 0.542969 0.83125 0.546875 0.840625 0.546875 0.84375 0.550781 0.85625 0.550781 0.859375 0.554688 0.878125 0.554688 0.88125 0.558594 0.909375 0.558594 0.9125 0.554688 0.93125 0.554688 0.9375 0.546875 0.940625 0.546875 0.95625 0.527344 0.95625 0.523438 0.9625 0.515625 0.9625 0.507812 0.965625 0.503906 0.965625 0.496094 0.9625 0.492188 0.9625 0.476562 0.959375 0.472656 0.959375 0.46875 0.95625 0.464844 0.95625 0.460938 0.953125 0.457031 0.953125 0.453125 0.9375 0.433594 0.93125 0.433594 0.928125 0.429688 0.909375 0.429688 0.90625 0.433594 0.896875 0.433594 0.8875 0.421875 0.884375 0.421875 0.88125 0.417969
