0 0.996094 0.257812 0.996094 0.261719 0.992188 0.265625 0.992188 0.269531 0.988281 0.273438 0.988281 0.308594 0.996094 0.316406
0 0.179688 0.398438 0.175781 0.402344 0.171875 0.402344 0.167969 0.40625 0.164062 0.40625 0.152344 0.417969 0.152344 0.433594 0.15625 0.4375 0.160156 0.4375 0.164062 0.441406 0.175781 0.441406 0.179688 0.4375 0.183594 0.441406 0.1875 0.441406 0.191406 0.4375 0.195312 0.4375 0.199219 0.433594 0.203125 0.433594 0.203125 0.429688 0.207031 0.425781 0.207031 0.421875 0.210938 0.417969 0.207031 0.414062 0.207031 0.410156 0.199219 0.402344 0.191406 0.402344 0.1875 0.398438
0 0.90625 0.863281 0.890625 0.878906 0.890625 0.882812 0.882812 0.890625 0.882812 0.910156 0.890625 0.917969 0.90625 0.917969 0.910156 0.914062 0.914062 0.914062 0.917969 0.910156 0.917969 0.90625 0.925781 0.898438 0.925781 0.894531 0.929688 0.890625 0.929688 0.871094 0.921875 0.863281
0 0.515625 0.84375 0.511719 0.847656 0.511719 0.851562 0.507812 0.855469 0.507812 0.867188 0.511719 0.871094 0.511719 0.878906 0.53125 0.898438 0.535156 0.898438 0.539062 0.902344 0.542969 0.902344 0.546875 0.90625 0.566406 0.90625 0.570312 0.902344 0.570312 0.898438 0.574219 0.894531 0.574219 0.886719 0.570312 0.882812 0.570312 0.875 0.542969 0.847656 0.539062 0.847656 0.535156 0.84375
0 0.101562 0.738281 0.0976562 0.742188 0.09375 0.742188 0.0898438 0.746094 0.0898438 0.769531 0.09375 0.769531 0.0976562 0.773438 0.105469 0.773438 0.109375 0.769531 0.117188 0.769531 0.128906 0.757812 0.128906 0.742188 0.125 0.738281
0 0.519531 0.0976562 0.519531 0.121094 0.542969 0.121094 0.546875 0.117188 0.546875 0.101562 0.542969 0.0976562
0 0.429688 0.0742188 0.425781 0.078125 0.421875 0.078125 0.410156 0.0898438 0.410156 0.101562 0.421875 0.113281 0.441406 0.113281 0.445312 0.109375 0.449219 0.109375 0.453125 0.105469 0.453125 0.0820312 0.449219 0.078125 0.445312 0.078125 0.441406 0.0742188
0 0.796875 0 0.785156 0.0117188 0.785156 0.015625 0.78125 0.0195312 0.78125 0.0273438 0.785156 0.03125 0.785156 0.0351562 0.789062 0.0390625 0.789062 0.046875 0.792969 0.0507812 0.808594 0.0507812 0.816406 0.0429688 0.816406 0.0390625 0.820312 0.0351562 0.820312 0.03125 0.824219 0.0273438 0.824219 0
0 0.519531 0.320312 0.515625 0.324219 0.507812 0.324219 0.496094 0.335938 0.496094 0.367188 0.5 0.371094 0.5 0.378906 0.515625 0.378906 0.527344 0.367188 0.527344 0.363281 0.53125 0.359375 0.53125 0.355469 0.535156 0.351562 0.535156 0.34375 0.539062 0.339844 0.539062 0.332031 0.535156 0.328125 0.535156 0.324219 0.53125 0.324219 0.527344 0.320312
0 0.683594 0.109375 0.679688 0.113281 0.671875 0.113281 0.664062 0.121094 0.664062 0.128906 0.660156 0.132812 0.660156 0.140625 0.65625 0.144531 0.65625 0.160156 0.660156 0.164062 0.660156 0.167969 0.679688 0.167969 0.683594 0.164062 0.6875 0.164062 0.695312 0.15625 0.695312 0.152344 0.699219 0.148438 0.699219 0.140625 0.703125 0.136719 0.703125 0.125 0.691406 0.113281 0.6875 0.113281
