0 0.0625 0.722656 0.0546875 0.730469 0.0546875 0.753906 0.0585938 0.757812 0.0585938 0.761719 0.0664062 0.769531 0.0703125 0.769531 0.0742188 0.773438 0.09375 0.773438 0.0976562 0.769531 0.101562 0.769531 0.109375 0.761719 0.109375 0.753906 0.113281 0.75 0.113281 0.738281 0.105469 0.730469 0.0859375 0.730469 0.0820312 0.726562 0.078125 0.726562 0.0742188 0.722656
0 0.542969 0.816406 0.539062 0.820312 0.535156 0.820312 0.527344 0.828125 0.527344 0.832031 0.523438 0.835938 0.523438 0.847656 0.527344 0.851562 0.527344 0.855469 0.53125 0.859375 0.535156 0.859375 0.539062 0.863281 0.542969 0.863281 0.546875 0.867188 0.550781 0.867188 0.554688 0.871094 0.558594 0.871094 0.5625 0.875 0.570312 0.875 0.574219 0.878906 0.585938 0.878906 0.589844 0.875 0.59375 0.875 0.601562 0.867188 0.601562 0.847656 0.585938 0.832031 0.582031 0.832031 0.578125 0.828125 0.570312 0.828125 0.5625 0.820312 0.558594 0.820312 0.554688 0.816406
0 0 0.453125 0 0.519531 0.015625 0.519531 0.0195312 0.515625 0.0234375 0.515625 0.0273438 0.511719 0.0273438 0.507812 0.03125 0.503906 0.03125 0.476562 0.0273438 0.472656 0.0273438 0.46875 0.0117188 0.453125
0 0.570312 0.753906 0.566406 0.757812 0.5625 0.757812 0.542969 0.777344 0.542969 0.78125 0.539062 0.785156 0.539062 0.804688 0.542969 0.808594 0.546875 0.808594 0.550781 0.8125 0.554688 0.8125 0.558594 0.816406 0.5625 0.816406 0.570312 0.824219 0.582031 0.824219 0.589844 0.816406 0.589844 0.8125 0.601562 0.800781 0.601562 0.78125 0.597656 0.777344 0.597656 0.773438 0.582031 0.757812 0.578125 0.757812 0.574219 0.753906
0 0.230469 0.898438 0.226562 0.902344 0.222656 0.902344 0.21875 0.90625 0.21875 0.910156 0.214844 0.914062 0.214844 0.925781 0.21875 0.925781 0.222656 0.929688 0.222656 0.933594 0.246094 0.957031 0.269531 0.957031 0.273438 0.953125 0.277344 0.953125 0.277344 0.921875 0.269531 0.914062 0.265625 0.914062 0.257812 0.90625 0.253906 0.90625 0.25 0.902344 0.246094 0.902344 0.242188 0.898438
0 0.191406 0.40625 0.175781 0.421875 0.175781 0.464844 0.179688 0.46875 0.179688 0.472656 0.183594 0.476562 0.183594 0.480469 0.199219 0.496094 0.21875 0.496094 0.234375 0.480469 0.234375 0.476562 0.238281 0.472656 0.238281 0.433594 0.234375 0.429688 0.234375 0.421875 0.222656 0.410156 0.21875 0.410156 0.214844 0.40625
0 0 0.75 0 0.785156 0.00390625 0.785156 0.0195312 0.769531 0.0195312 0.757812 0.0117188 0.75
0 0.597656 0.46875 0.589844 0.476562 0.585938 0.476562 0.585938 0.480469 0.582031 0.484375 0.582031 0.503906 0.585938 0.507812 0.589844 0.507812 0.59375 0.511719 0.597656 0.511719 0.601562 0.515625 0.609375 0.515625 0.613281 0.519531 0.648438 0.519531 0.652344 0.515625 0.65625 0.515625 0.664062 0.507812 0.664062 0.484375 0.65625 0.476562 0.652344 0.476562 0.644531 0.46875
0 0.652344 0.117188 0.644531 0.125 0.640625 0.125 0.632812 0.132812 0.632812 0.136719 0.628906 0.140625 0.628906 0.167969 0.632812 0.171875 0.636719 0.171875 0.640625 0.175781 0.667969 0.175781 0.671875 0.171875 0.683594 0.171875 0.691406 0.164062 0.695312 0.164062 0.703125 0.15625 0.703125 0.136719 0.695312 0.128906 0.691406 0.128906 0.683594 0.121094 0.675781 0.121094 0.671875 0.117188
0 0.605469 0.320312 0.59375 0.332031 0.59375 0.335938 0.589844 0.339844 0.589844 0.351562 0.59375 0.355469 0.59375 0.359375 0.597656 0.363281 0.601562 0.363281 0.605469 0.367188 0.625 0.367188 0.628906 0.363281 0.640625 0.363281 0.648438 0.355469 0.652344 0.355469 0.652344 0.351562 0.65625 0.347656 0.65625 0.332031 0.644531 0.320312
