0 0.160156 0.328125 0.15625 0.332031 0.152344 0.332031 0.152344 0.339844 0.148438 0.34375 0.148438 0.351562 0.144531 0.355469 0.144531 0.363281 0.140625 0.367188 0.140625 0.371094 0.144531 0.375 0.144531 0.378906 0.152344 0.386719 0.15625 0.386719 0.160156 0.382812 0.167969 0.382812 0.175781 0.390625 0.179688 0.390625 0.1875 0.382812 0.1875 0.355469 0.183594 0.351562 0.183594 0.34375 0.175781 0.335938 0.171875 0.335938 0.167969 0.332031 0.164062 0.332031
0 0.265625 0.839844 0.261719 0.84375 0.257812 0.84375 0.253906 0.847656 0.253906 0.851562 0.25 0.855469 0.25 0.859375 0.246094 0.863281 0.246094 0.882812 0.253906 0.890625 0.253906 0.894531 0.265625 0.90625 0.289062 0.90625 0.292969 0.902344 0.296875 0.902344 0.300781 0.898438 0.300781 0.894531 0.304688 0.890625 0.304688 0.875 0.308594 0.871094 0.308594 0.863281 0.304688 0.859375 0.304688 0.855469 0.300781 0.851562 0.300781 0.847656 0.296875 0.84375 0.292969 0.84375 0.289062 0.839844
0 0.273438 0.605469 0.269531 0.609375 0.265625 0.609375 0.261719 0.613281 0.261719 0.617188 0.25 0.628906 0.25 0.632812 0.230469 0.652344 0.230469 0.65625 0.226562 0.660156 0.226562 0.664062 0.230469 0.667969 0.238281 0.667969 0.242188 0.671875 0.253906 0.671875 0.257812 0.667969 0.261719 0.667969 0.265625 0.664062 0.269531 0.664062 0.28125 0.652344 0.28125 0.648438 0.285156 0.644531 0.285156 0.640625 0.289062 0.636719 0.289062 0.613281 0.28125 0.605469
0 0.9375 0.09375 0.933594 0.0976562 0.917969 0.0976562 0.914062 0.101562 0.914062 0.105469 0.910156 0.109375 0.910156 0.132812 0.914062 0.136719 0.914062 0.140625 0.917969 0.144531 0.917969 0.148438 0.921875 0.148438 0.929688 0.15625 0.945312 0.15625 0.953125 0.148438 0.957031 0.148438 0.964844 0.140625 0.964844 0.136719 0.96875 0.132812 0.96875 0.128906 0.972656 0.125 0.972656 0.109375 0.96875 0.105469 0.96875 0.101562 0.960938 0.101562 0.957031 0.0976562 0.953125 0.0976562 0.949219 0.09375
0 0.183594 0.140625 0.179688 0.144531 0.175781 0.144531 0.164062 0.15625 0.164062 0.179688 0.167969 0.183594 0.226562 0.183594 0.226562 0.179688 0.230469 0.175781 0.230469 0.160156 0.226562 0.15625 0.226562 0.152344 0.21875 0.144531 0.214844 0.144531 0.210938 0.140625
0 0.363281 0.195312 0.355469 0.203125 0.355469 0.21875 0.359375 0.222656 0.359375 0.226562 0.367188 0.234375 0.367188 0.238281 0.371094 0.242188 0.382812 0.242188 0.386719 0.238281 0.390625 0.238281 0.394531 0.234375 0.398438 0.234375 0.402344 0.230469 0.402344 0.226562 0.410156 0.21875 0.410156 0.207031 0.40625 0.203125 0.40625 0.199219 0.402344 0.199219 0.398438 0.195312
0 0.4375 0.0429688 0.4375 0.0585938 0.441406 0.0625 0.4375 0.0664062 0.4375 0.105469 0.4375 0.101562 0.441406 0.0976562 0.445312 0.0976562 0.445312 0.09375 0.441406 0.0898438 0.453125 0.078125 0.453125 0.0585938 0.445312 0.0507812 0.441406 0.0507812 0.4375 0.046875
0 0.0976562 0.976562 0.09375 0.980469 0.0859375 0.980469 0.0820312 0.984375 0.078125 0.984375 0.0664062 0.996094 0.128906 0.996094 0.128906 0.988281 0.125 0.984375 0.121094 0.984375 0.117188 0.980469 0.113281 0.980469 0.109375 0.976562
0 0.535156 0.40625 0.527344 0.414062 0.527344 0.433594 0.539062 0.445312 0.539062 0.449219 0.546875 0.457031 0.550781 0.457031 0.554688 0.460938 0.558594 0.460938 0.5625 0.464844 0.574219 0.464844 0.578125 0.460938 0.582031 0.460938 0.59375 0.449219 0.59375 0.429688 0.585938 0.421875 0.582031 0.421875 0.578125 0.417969 0.574219 0.417969 0.570312 0.414062 0.5625 0.414062 0.558594 0.410156 0.554688 0.410156 0.550781 0.40625
0 0.515625 0.957031 0.511719 0.960938 0.507812 0.960938 0.503906 0.964844 0.503906 0.96875 0.5 0.972656 0.5 0.976562 0.496094 0.980469 0.496094 0.984375 0.5 0.988281 0.5 0.996094 0.542969 0.996094 0.542969 0.992188 0.546875 0.988281 0.546875 0.96875 0.539062 0.960938 0.535156 0.960938 0.53125 0.957031
