0 0.648438 0.0625 0.644531 0.0664062 0.644531 0.0742188 0.648438 0.078125 0.65625 0.078125 0.660156 0.0742188 0.660156 0.0664062 0.65625 0.0625
0 0.578125 0.0625 0.578125 0.0664062 0.582031 0.0703125 0.582031 0.0742188 0.578125 0.078125 0.574219 0.078125 0.570312 0.0820312 0.570312 0.0976562 0.574219 0.09375 0.582031 0.09375 0.585938 0.0898438 0.589844 0.0898438 0.589844 0.078125 0.585938 0.078125 0.582031 0.0742188 0.585938 0.0703125 0.589844 0.0703125 0.59375 0.0664062 0.59375 0.0625 0.589844 0.0664062 0.582031 0.0664062
0 0.484375 0.078125 0.480469 0.0820312 0.480469 0.0859375 0.476562 0.0898438 0.476562 0.105469 0.480469 0.109375 0.488281 0.109375 0.496094 0.117188 0.507812 0.117188 0.511719 0.113281 0.511719 0.09375 0.507812 0.0898438 0.507812 0.078125
0 0.941406 0.488281 0.9375 0.492188 0.9375 0.5 0.941406 0.503906 0.945312 0.503906 0.949219 0.507812 0.945312 0.511719 0.945312 0.519531 0.949219 0.523438 0.957031 0.523438 0.960938 0.519531 0.960938 0.511719 0.957031 0.507812 0.953125 0.507812 0.949219 0.503906 0.953125 0.5 0.953125 0.492188 0.949219 0.488281
0 0.0117188 0.429688 0.0078125 0.433594 0.00390625 0.433594 0 0.4375 0 0.476562 0.0078125 0.484375 0.015625 0.484375 0.0195312 0.488281 0.0351562 0.488281 0.0351562 0.484375 0.0429688 0.476562 0.0429688 0.472656 0.046875 0.46875 0.046875 0.453125 0.0429688 0.449219 0.0429688 0.445312 0.03125 0.433594 0.0273438 0.433594 0.0234375 0.429688
0 0.601562 0.242188 0.589844 0.253906 0.585938 0.253906 0.582031 0.257812 0.582031 0.265625 0.585938 0.269531 0.585938 0.277344 0.59375 0.277344 0.597656 0.28125 0.605469 0.28125 0.609375 0.285156 0.613281 0.28125 0.625 0.28125 0.625 0.277344 0.632812 0.269531 0.632812 0.253906 0.621094 0.242188
0 0.472656 0.0117188 0.46875 0.015625 0.464844 0.015625 0.460938 0.0195312 0.460938 0.0429688 0.464844 0.046875 0.464844 0.0546875 0.46875 0.0585938 0.488281 0.0585938 0.492188 0.0546875 0.496094 0.0546875 0.5 0.0507812 0.5 0.046875 0.503906 0.0429688 0.496094 0.0351562 0.496094 0.0273438 0.492188 0.0273438 0.484375 0.0195312 0.484375 0.015625 0.480469 0.0117188
0 0.621094 0.078125 0.617188 0.0820312 0.617188 0.0898438 0.621094 0.09375 0.628906 0.09375 0.632812 0.0898438 0.632812 0.0820312 0.628906 0.078125
0 0.582031 0.046875 0.578125 0.0507812 0.578125 0.0585938 0.582031 0.0625 0.589844 0.0625 0.59375 0.0585938 0.59375 0.0507812 0.589844 0.046875
0 0.640625 0 0.640625 0.0117188 0.644531 0.015625 0.652344 0.015625 0.65625 0.0195312 0.664062 0.0195312 0.664062 0.015625 0.671875 0.0078125 0.671875 0
0 0.648438 0.871094 0.644531 0.875 0.644531 0.882812 0.640625 0.886719 0.636719 0.886719 0.632812 0.890625 0.632812 0.898438 0.644531 0.910156 0.644531 0.914062 0.65625 0.914062 0.660156 0.917969 0.691406 0.917969 0.695312 0.914062 0.695312 0.898438 0.691406 0.894531 0.691406 0.890625 0.6875 0.886719 0.683594 0.886719 0.667969 0.871094
0 0.09375 0.515625 0.0898438 0.519531 0.0898438 0.539062 0.09375 0.542969 0.0976562 0.542969 0.105469 0.550781 0.117188 0.550781 0.121094 0.554688 0.128906 0.554688 0.132812 0.558594 0.136719 0.558594 0.148438 0.546875 0.148438 0.535156 0.144531 0.53125 0.140625 0.53125 0.132812 0.523438 0.128906 0.523438 0.125 0.519531 0.121094 0.519531 0.117188 0.515625
0 0.476562 0 0.476562 0.0078125 0.480469 0.0078125 0.488281 0.015625 0.488281 0.0195312 0.492188 0.0234375 0.496094 0.0234375 0.5 0.0273438 0.5 0.0351562 0.511719 0.046875 0.53125 0.046875 0.539062 0.0390625 0.539062 0.0234375 0.535156 0.0195312 0.535156 0.015625 0.53125 0.0117188 0.53125 0.0078125 0.523438 0
0 0.0546875 0.152344 0.0507812 0.15625 0.046875 0.15625 0.0429688 0.160156 0.0390625 0.160156 0.0390625 0.164062 0.0351562 0.167969 0.0351562 0.171875 0.0429688 0.179688 0.046875 0.179688 0.0507812 0.183594 0.0507812 0.1875 0.0742188 0.1875 0.078125 0.183594 0.0820312 0.183594 0.0820312 0.160156 0.078125 0.160156 0.0703125 0.152344
0 0.929688 0 0.929688 0.0117188 0.933594 0.015625 0.9375 0.015625 0.941406 0.0195312 0.945312 0.0195312 0.949219 0.0234375 0.964844 0.0234375 0.96875 0.0195312 0.980469 0.0195312 0.984375 0.015625 0.984375 0
0 0.613281 0.902344 0.609375 0.90625 0.609375 0.925781 0.617188 0.933594 0.617188 0.9375 0.625 0.945312 0.625 0.953125 0.628906 0.957031 0.632812 0.957031 0.636719 0.960938 0.671875 0.960938 0.683594 0.949219 0.683594 0.933594 0.675781 0.925781 0.664062 0.925781 0.65625 0.917969 0.644531 0.917969 0.640625 0.914062 0.640625 0.910156 0.632812 0.902344
0 0.113281 0.0585938 0.109375 0.0625 0.105469 0.0625 0.09375 0.0742188 0.09375 0.0820312 0.0898438 0.0859375 0.0898438 0.09375 0.09375 0.0976562 0.113281 0.0976562 0.132812 0.078125 0.132812 0.0625 0.128906 0.0625 0.125 0.0585938
0 0.929688 0.507812 0.925781 0.511719 0.925781 0.519531 0.929688 0.523438 0.9375 0.523438 0.941406 0.519531 0.941406 0.511719 0.9375 0.507812
0 0.96875 0.488281 0.964844 0.492188 0.964844 0.523438 0.972656 0.523438 0.976562 0.527344 0.980469 0.523438 0.980469 0.503906 0.976562 0.5 0.980469 0.496094 0.972656 0.488281
0 0.515625 0.0742188 0.511719 0.078125 0.511719 0.0898438 0.515625 0.09375 0.515625 0.101562 0.519531 0.105469 0.542969 0.105469 0.550781 0.0976562 0.550781 0.0820312 0.542969 0.0742188
0 0.683594 0.0429688 0.683594 0.046875 0.679688 0.0507812 0.679688 0.0742188 0.695312 0.0742188 0.703125 0.0820312 0.707031 0.0820312 0.710938 0.078125 0.710938 0.0664062 0.703125 0.0585938 0.703125 0.0546875 0.695312 0.046875 0.691406 0.046875 0.6875 0.0429688
