0 0.00718391 0.65 0.00574713 0.651923 0.00431034 0.651923 0.00287356 0.653846 0.00143678 0.653846 0 0.655769 0 0.696154 0.00143678 0.694231 0.00574713 0.694231 0.00718391 0.692308 0.00862069 0.692308 0.0100575 0.690385 0.012931 0.690385 0.0158046 0.686538 0.0158046 0.684615 0.0172414 0.682692 0.0172414 0.680769 0.0186782 0.678846 0.0186782 0.675 0.0201149 0.673077 0.0201149 0.665385 0.0186782 0.663462 0.0186782 0.661538 0.0172414 0.659615 0.0172414 0.653846 0.0143678 0.65
0 0.247126 0.638462 0.24569 0.640385 0.235632 0.640385 0.234195 0.642308 0.232759 0.642308 0.231322 0.644231 0.229885 0.644231 0.227011 0.648077 0.227011 0.65 0.225575 0.651923 0.225575 0.665385 0.229885 0.671154 0.231322 0.671154 0.232759 0.673077 0.234195 0.673077 0.235632 0.675 0.257184 0.675 0.258621 0.673077 0.261494 0.673077 0.262931 0.671154 0.264368 0.671154 0.270115 0.663462 0.270115 0.653846 0.268678 0.651923 0.268678 0.65 0.264368 0.644231 0.262931 0.644231 0.261494 0.642308 0.260057 0.642308 0.258621 0.640385 0.252874 0.640385 0.251437 0.638462
0 0.821839 0.875 0.817529 0.880769 0.817529 0.884615 0.816092 0.886538 0.816092 0.888462 0.814655 0.890385 0.814655 0.896154 0.813218 0.898077 0.813218 0.917308 0.814655 0.919231 0.814655 0.921154 0.816092 0.923077 0.816092 0.925 0.818966 0.928846 0.821839 0.928846 0.823276 0.930769 0.826149 0.930769 0.827586 0.928846 0.829023 0.928846 0.833333 0.923077 0.833333 0.921154 0.83477 0.919231 0.83477 0.915385 0.836207 0.913462 0.836207 0.911538 0.837644 0.909615 0.837644 0.905769 0.83908 0.903846 0.83908 0.886538 0.837644 0.884615 0.837644 0.882692 0.836207 0.880769 0.836207 0.878846 0.83477 0.876923 0.833333 0.876923 0.831897 0.875
0 0.0186782 0.575 0.0172414 0.576923 0.0158046 0.576923 0.012931 0.580769 0.012931 0.582692 0.0100575 0.586538 0.0100575 0.588462 0.00862069 0.590385 0.00862069 0.603846 0.0158046 0.613462 0.0172414 0.613462 0.0215517 0.619231 0.0244253 0.619231 0.0258621 0.617308 0.0301724 0.617308 0.0316092 0.615385 0.033046 0.615385 0.0344828 0.613462 0.0344828 0.607692 0.0359195 0.605769 0.0359195 0.603846 0.0373563 0.601923 0.0373563 0.588462 0.0359195 0.586538 0.0359195 0.582692 0.0316092 0.576923 0.0215517 0.576923 0.0201149 0.575
0 0.0172414 0.0538462 0.0158046 0.0557692 0.0114943 0.0557692 0.0100575 0.0576923 0.00287356 0.0576923 0.00143678 0.0596154 0 0.0596154 0 0.0826923 0.00143678 0.0846154 0.00287356 0.0846154 0.00431034 0.0865385 0.0114943 0.0865385 0.012931 0.0846154 0.0143678 0.0846154 0.0158046 0.0826923 0.0201149 0.0826923 0.0201149 0.0807692 0.0229885 0.0769231 0.0229885 0.075 0.0258621 0.0711538 0.0258621 0.0673077 0.0272989 0.0653846 0.0272989 0.0596154 0.0258621 0.0576923 0.0258621 0.0557692 0.0244253 0.0538462
0 0.242816 0.119231 0.239943 0.123077 0.239943 0.126923 0.238506 0.128846 0.238506 0.132692 0.239943 0.134615 0.239943 0.136538 0.241379 0.138462 0.241379 0.142308 0.242816 0.144231 0.242816 0.146154 0.24569 0.15 0.24569 0.151923 0.252874 0.161538 0.255747 0.161538 0.257184 0.163462 0.258621 0.163462 0.262931 0.157692 0.262931 0.155769 0.267241 0.15 0.267241 0.136538 0.265805 0.134615 0.265805 0.130769 0.264368 0.128846 0.262931 0.128846 0.261494 0.126923 0.260057 0.126923 0.257184 0.123077 0.255747 0.123077 0.25431 0.121154 0.25 0.121154 0.248563 0.119231
0 0.0962644 0.315385 0.0905172 0.323077 0.0890805 0.323077 0.0862069 0.326923 0.0847701 0.326923 0.079023 0.334615 0.0775862 0.334615 0.0747126 0.338462 0.0747126 0.346154 0.0775862 0.35 0.079023 0.35 0.0804598 0.351923 0.0905172 0.351923 0.091954 0.35 0.0962644 0.35 0.0977011 0.348077 0.0991379 0.348077 0.103448 0.342308 0.104885 0.342308 0.110632 0.334615 0.110632 0.332692 0.112069 0.330769 0.112069 0.326923 0.110632 0.325 0.110632 0.323077 0.107759 0.319231 0.106322 0.319231 0.104885 0.317308 0.0991379 0.317308 0.0977011 0.315385
0 0.340517 0.380769 0.33908 0.382692 0.336207 0.382692 0.331897 0.388462 0.331897 0.390385 0.33046 0.392308 0.33046 0.401923 0.331897 0.403846 0.331897 0.407692 0.333333 0.409615 0.340517 0.409615 0.346264 0.401923 0.347701 0.401923 0.349138 0.4 0.350575 0.4 0.353448 0.396154 0.353448 0.386538 0.349138 0.380769
0 0.54023 0.573077 0.538793 0.575 0.538793 0.584615 0.54023 0.586538 0.541667 0.586538 0.54454 0.590385 0.545977 0.590385 0.548851 0.594231 0.550287 0.594231 0.553161 0.598077 0.556034 0.598077 0.557471 0.6 0.563218 0.6 0.564655 0.598077 0.566092 0.598077 0.567529 0.596154 0.567529 0.594231 0.568966 0.592308 0.568966 0.590385 0.561782 0.580769 0.560345 0.580769 0.558908 0.578846 0.557471 0.578846 0.556034 0.576923 0.554598 0.576923 0.553161 0.575 0.548851 0.575 0.547414 0.573077
0 0.127874 0.0634615 0.126437 0.0653846 0.125 0.0653846 0.122126 0.0692308 0.122126 0.0711538 0.12069 0.0730769 0.12069 0.0807692 0.119253 0.0826923 0.119253 0.0846154 0.117816 0.0865385 0.117816 0.0903846 0.122126 0.0961538 0.125 0.0961538 0.126437 0.0980769 0.140805 0.0980769 0.142241 0.0961538 0.143678 0.0961538 0.145115 0.0942308 0.146552 0.0942308 0.149425 0.0903846 0.149425 0.0769231 0.142241 0.0673077 0.140805 0.0673077 0.139368 0.0653846 0.136494 0.0653846 0.135057 0.0634615
0 0.0229885 0.184615 0.0186782 0.190385 0.0172414 0.190385 0.0158046 0.192308 0.0143678 0.192308 0.00862069 0.2 0.00862069 0.201923 0.00718391 0.203846 0.00718391 0.211538 0.00862069 0.213462 0.00862069 0.215385 0.0100575 0.217308 0.0100575 0.219231 0.0114943 0.221154 0.012931 0.221154 0.0143678 0.223077 0.0244253 0.223077 0.0258621 0.221154 0.0316092 0.221154 0.033046 0.219231 0.0344828 0.219231 0.0359195 0.217308 0.0387931 0.217308 0.045977 0.207692 0.045977 0.205769 0.0474138 0.203846 0.0474138 0.194231 0.045977 0.192308 0.0431034 0.192308 0.0387931 0.186538 0.0373563 0.186538 0.0359195 0.184615
0 0.758621 0.532692 0.757184 0.534615 0.75431 0.534615 0.752874 0.536538 0.75 0.536538 0.747126 0.540385 0.74569 0.540385 0.738506 0.55 0.738506 0.563462 0.744253 0.571154 0.74569 0.571154 0.747126 0.573077 0.748563 0.573077 0.75 0.575 0.75431 0.575 0.755747 0.576923 0.765805 0.576923 0.767241 0.575 0.771552 0.575 0.772989 0.573077 0.775862 0.573077 0.778736 0.569231 0.780172 0.569231 0.783046 0.565385 0.783046 0.563462 0.784483 0.561538 0.784483 0.559615 0.78592 0.557692 0.78592 0.55 0.784483 0.548077 0.784483 0.546154 0.780172 0.540385 0.778736 0.540385 0.777299 0.538462 0.775862 0.538462 0.774425 0.536538 0.772989 0.536538 0.771552 0.534615 0.767241 0.534615 0.765805 0.532692
0 0.83477 0.332692 0.833333 0.334615 0.83046 0.334615 0.829023 0.336538 0.827586 0.336538 0.824713 0.340385 0.824713 0.35 0.829023 0.355769 0.829023 0.359615 0.837644 0.371154 0.83908 0.371154 0.840517 0.373077 0.841954 0.373077 0.844828 0.376923 0.847701 0.376923 0.852011 0.371154 0.862069 0.371154 0.863506 0.373077 0.869253 0.373077 0.87069 0.371154 0.87069 0.363462 0.869253 0.361538 0.869253 0.359615 0.866379 0.355769 0.866379 0.353846 0.854885 0.338462 0.853448 0.338462 0.852011 0.336538 0.850575 0.336538 0.849138 0.334615 0.846264 0.334615 0.844828 0.332692
0 0.527299 0.601923 0.525862 0.603846 0.524425 0.603846 0.522989 0.605769 0.521552 0.605769 0.520115 0.607692 0.514368 0.607692 0.512931 0.609615 0.512931 0.611538 0.510057 0.615385 0.510057 0.617308 0.508621 0.619231 0.508621 0.630769 0.510057 0.632692 0.510057 0.634615 0.511494 0.636538 0.511494 0.638462 0.514368 0.642308 0.517241 0.642308 0.518678 0.644231 0.520115 0.644231 0.521552 0.646154 0.531609 0.646154 0.533046 0.644231 0.54023 0.644231 0.541667 0.642308 0.54454 0.642308 0.545977 0.640385 0.547414 0.640385 0.550287 0.636538 0.551724 0.636538 0.554598 0.632692 0.554598 0.630769 0.556034 0.628846 0.556034 0.619231 0.551724 0.613462 0.550287 0.613462 0.547414 0.609615 0.545977 0.609615 0.54454 0.607692 0.543103 0.607692 0.54023 0.603846 0.531609 0.603846 0.530172 0.601923
0 0.25 0.573077 0.248563 0.575 0.24569 0.575 0.244253 0.576923 0.242816 0.576923 0.241379 0.578846 0.239943 0.578846 0.231322 0.590385 0.231322 0.601923 0.232759 0.603846 0.232759 0.605769 0.237069 0.611538 0.25 0.611538 0.251437 0.609615 0.25431 0.609615 0.255747 0.607692 0.257184 0.607692 0.258621 0.605769 0.260057 0.605769 0.261494 0.603846 0.262931 0.603846 0.265805 0.6 0.265805 0.598077 0.268678 0.594231 0.268678 0.584615 0.265805 0.580769 0.265805 0.578846 0.262931 0.575 0.260057 0.575 0.258621 0.573077
0 0.727011 0.611538 0.725575 0.613462 0.724138 0.613462 0.724138 0.615385 0.722701 0.617308 0.722701 0.619231 0.721264 0.621154 0.721264 0.626923 0.719828 0.628846 0.719828 0.636538 0.724138 0.642308 0.725575 0.642308 0.727011 0.644231 0.728448 0.644231 0.729885 0.646154 0.732759 0.646154 0.734195 0.644231 0.735632 0.644231 0.738506 0.640385 0.738506 0.636538 0.739943 0.634615 0.739943 0.630769 0.738506 0.628846 0.738506 0.626923 0.737069 0.625 0.737069 0.623077 0.735632 0.621154 0.735632 0.619231 0.729885 0.611538
0 0.314655 0.301923 0.313218 0.303846 0.307471 0.303846 0.306034 0.305769 0.303161 0.305769 0.295977 0.315385 0.295977 0.317308 0.29454 0.319231 0.29454 0.323077 0.29023 0.328846 0.29023 0.330769 0.297414 0.340385 0.298851 0.340385 0.300287 0.342308 0.303161 0.342308 0.304598 0.344231 0.313218 0.344231 0.314655 0.342308 0.317529 0.342308 0.318966 0.340385 0.324713 0.340385 0.326149 0.338462 0.327586 0.338462 0.329023 0.336538 0.331897 0.336538 0.336207 0.330769 0.337644 0.330769 0.33908 0.328846 0.33908 0.317308 0.337644 0.315385 0.337644 0.309615 0.336207 0.307692 0.33477 0.307692 0.333333 0.305769 0.331897 0.305769 0.33046 0.303846 0.326149 0.303846 0.324713 0.301923
0 0.185345 0 0.185345 0.00192308 0.186782 0.00384615 0.191092 0.00384615 0.192529 0.00576923 0.201149 0.00576923 0.202586 0.00769231 0.208333 0.00769231 0.20977 0.00961538 0.211207 0.00961538 0.211207 0.00384615 0.20977 0.00192308 0.20977 0
0 0.00287356 0 0.00287356 0.00192308 0.00574713 0.00576923 0.00718391 0.00576923 0.00862069 0.00769231 0.0114943 0.00769231 0.012931 0.00961538 0.0244253 0.00961538 0.0258621 0.00769231 0.0258621 0.00576923 0.0272989 0.00384615 0.0272989 0
0 0.880747 0.675 0.87931 0.676923 0.877874 0.676923 0.877874 0.680769 0.876437 0.682692 0.875 0.682692 0.87069 0.688462 0.87069 0.698077 0.872126 0.7 0.872126 0.705769 0.873563 0.707692 0.885057 0.707692 0.886494 0.705769 0.887931 0.705769 0.893678 0.698077 0.893678 0.684615 0.892241 0.682692 0.892241 0.680769 0.889368 0.676923 0.887931 0.676923 0.886494 0.675
0 0.864943 0.0442308 0.863506 0.0461538 0.863506 0.0519231 0.864943 0.0538462 0.867816 0.0538462 0.869253 0.0519231 0.869253 0.0461538 0.867816 0.0442308
0 0.372126 0.1 0.37069 0.101923 0.369253 0.101923 0.367816 0.103846 0.366379 0.103846 0.357759 0.115385 0.357759 0.119231 0.356322 0.121154 0.356322 0.123077 0.354885 0.125 0.354885 0.130769 0.353448 0.132692 0.353448 0.140385 0.362069 0.151923 0.369253 0.151923 0.372126 0.148077 0.373563 0.148077 0.376437 0.144231 0.376437 0.142308 0.377874 0.140385 0.377874 0.138462 0.37931 0.136538 0.37931 0.132692 0.380747 0.130769 0.380747 0.125 0.383621 0.121154 0.383621 0.113462 0.382184 0.111538 0.382184 0.105769 0.377874 0.1
0 0.482759 0.75 0.481322 0.751923 0.479885 0.751923 0.478448 0.753846 0.477011 0.753846 0.472701 0.759615 0.472701 0.761538 0.469828 0.765385 0.469828 0.771154 0.468391 0.773077 0.468391 0.776923 0.466954 0.778846 0.466954 0.790385 0.468391 0.792308 0.468391 0.796154 0.469828 0.798077 0.469828 0.8 0.471264 0.801923 0.472701 0.801923 0.474138 0.803846 0.481322 0.803846 0.482759 0.805769 0.491379 0.805769 0.494253 0.801923 0.494253 0.8 0.49569 0.798077 0.49569 0.794231 0.497126 0.792308 0.497126 0.780769 0.498563 0.778846 0.498563 0.765385 0.497126 0.763462 0.497126 0.761538 0.49569 0.759615 0.49569 0.757692 0.492816 0.753846 0.491379 0.753846 0.488506 0.75
0 0.136494 0.855769 0.12931 0.865385 0.12931 0.875 0.132184 0.878846 0.132184 0.880769 0.135057 0.884615 0.136494 0.884615 0.137931 0.886538 0.140805 0.886538 0.142241 0.888462 0.145115 0.888462 0.146552 0.886538 0.150862 0.886538 0.152299 0.884615 0.153736 0.884615 0.158046 0.878846 0.158046 0.871154 0.156609 0.869231 0.156609 0.863462 0.153736 0.859615 0.152299 0.859615 0.150862 0.857692 0.149425 0.857692 0.147989 0.855769 0.145115 0.855769 0.143678 0.857692 0.140805 0.857692 0.139368 0.855769
0 0.701149 0.255769 0.699713 0.257692 0.699713 0.259615 0.698276 0.261538 0.698276 0.263462 0.695402 0.267308 0.695402 0.273077 0.693966 0.275 0.693966 0.284615 0.695402 0.286538 0.695402 0.288462 0.696839 0.290385 0.696839 0.292308 0.698276 0.294231 0.698276 0.296154 0.704023 0.303846 0.706897 0.303846 0.708333 0.305769 0.711207 0.305769 0.712644 0.307692 0.716954 0.307692 0.719828 0.311538 0.721264 0.311538 0.722701 0.313462 0.729885 0.313462 0.731322 0.311538 0.732759 0.311538 0.734195 0.309615 0.734195 0.298077 0.732759 0.296154 0.732759 0.294231 0.731322 0.292308 0.731322 0.288462 0.729885 0.286538 0.729885 0.284615 0.728448 0.282692 0.728448 0.280769 0.71408 0.261538 0.712644 0.261538 0.711207 0.259615 0.706897 0.259615 0.704023 0.255769
0 0.277299 0.95 0.275862 0.951923 0.271552 0.951923 0.267241 0.957692 0.267241 0.965385 0.268678 0.967308 0.268678 0.973077 0.270115 0.975 0.270115 0.978846 0.271552 0.980769 0.271552 0.982692 0.274425 0.986538 0.274425 0.988462 0.280172 0.996154 0.281609 0.996154 0.283046 0.998077 0.301724 0.998077 0.301724 0.994231 0.303161 0.992308 0.303161 0.982692 0.301724 0.980769 0.301724 0.973077 0.300287 0.971154 0.300287 0.969231 0.297414 0.965385 0.297414 0.963462 0.293103 0.957692 0.291667 0.957692 0.288793 0.953846 0.28592 0.953846 0.284483 0.951923 0.281609 0.951923 0.280172 0.95
0 0.652299 0.925 0.650862 0.926923 0.645115 0.926923 0.643678 0.928846 0.642241 0.928846 0.639368 0.932692 0.639368 0.934615 0.640805 0.936538 0.646552 0.936538 0.647989 0.934615 0.649425 0.934615 0.650862 0.936538 0.659483 0.936538 0.66092 0.938462 0.66523 0.938462 0.668103 0.942308 0.668103 0.946154 0.66523 0.95 0.66523 0.953846 0.663793 0.955769 0.663793 0.957692 0.66092 0.961538 0.659483 0.961538 0.658046 0.963462 0.658046 0.965385 0.656609 0.967308 0.656609 0.973077 0.658046 0.975 0.66092 0.975 0.662356 0.976923 0.668103 0.976923 0.66954 0.978846 0.673851 0.978846 0.681034 0.969231 0.681034 0.965385 0.682471 0.963462 0.682471 0.959615 0.679598 0.955769 0.679598 0.95 0.678161 0.948077 0.678161 0.942308 0.675287 0.938462 0.675287 0.936538 0.670977 0.930769 0.66954 0.930769 0.668103 0.928846 0.663793 0.928846 0.662356 0.926923 0.658046 0.926923 0.656609 0.925
0 0.619253 0.959615 0.617816 0.961538 0.614943 0.961538 0.612069 0.965385 0.612069 0.967308 0.610632 0.969231 0.610632 0.971154 0.609195 0.973077 0.609195 0.978846 0.610632 0.980769 0.610632 0.982692 0.616379 0.990385 0.619253 0.990385 0.62069 0.992308 0.622126 0.992308 0.623563 0.994231 0.625 0.994231 0.627874 0.998077 0.643678 0.998077 0.643678 0.996154 0.645115 0.994231 0.645115 0.992308 0.646552 0.990385 0.646552 0.980769 0.643678 0.976923 0.643678 0.975 0.645115 0.973077 0.645115 0.969231 0.643678 0.969231 0.642241 0.971154 0.640805 0.971154 0.639368 0.973077 0.637931 0.973077 0.635057 0.969231 0.635057 0.965385 0.633621 0.963462 0.632184 0.963462 0.630747 0.961538 0.62931 0.961538 0.627874 0.959615
0 0.448276 0.486538 0.446839 0.488462 0.445402 0.488462 0.443966 0.490385 0.442529 0.490385 0.439655 0.494231 0.439655 0.496154 0.438218 0.498077 0.438218 0.5 0.436782 0.501923 0.436782 0.509615 0.438218 0.511538 0.438218 0.513462 0.439655 0.515385 0.439655 0.517308 0.441092 0.519231 0.442529 0.519231 0.443966 0.521154 0.445402 0.521154 0.446839 0.523077 0.448276 0.523077 0.449713 0.525 0.451149 0.525 0.452586 0.526923 0.461207 0.526923 0.462644 0.528846 0.468391 0.528846 0.469828 0.526923 0.471264 0.526923 0.472701 0.525 0.474138 0.525 0.479885 0.517308 0.479885 0.505769 0.478448 0.503846 0.478448 0.501923 0.477011 0.5 0.477011 0.496154 0.475575 0.494231 0.474138 0.494231 0.472701 0.492308 0.471264 0.492308 0.469828 0.490385 0.458333 0.490385 0.456897 0.488462 0.454023 0.488462 0.452586 0.486538
0 0.166667 0.401923 0.16523 0.403846 0.16523 0.405769 0.162356 0.409615 0.162356 0.415385 0.16092 0.417308 0.16092 0.419231 0.159483 0.421154 0.159483 0.428846 0.158046 0.430769 0.158046 0.45 0.159483 0.451923 0.159483 0.455769 0.163793 0.461538 0.16523 0.461538 0.166667 0.463462 0.170977 0.463462 0.178161 0.453846 0.178161 0.451923 0.179598 0.45 0.179598 0.448077 0.181034 0.446154 0.181034 0.442308 0.182471 0.440385 0.182471 0.438462 0.183908 0.436538 0.183908 0.426923 0.185345 0.425 0.185345 0.415385 0.183908 0.413462 0.183908 0.411538 0.182471 0.409615 0.182471 0.407692 0.181034 0.405769 0.179598 0.405769 0.176724 0.401923
0 0.87931 0.859615 0.875 0.865385 0.875 0.867308 0.873563 0.869231 0.873563 0.875 0.872126 0.876923 0.872126 0.894231 0.873563 0.896154 0.873563 0.9 0.875 0.901923 0.875 0.913462 0.877874 0.917308 0.877874 0.919231 0.87931 0.921154 0.885057 0.921154 0.886494 0.919231 0.887931 0.919231 0.889368 0.917308 0.890805 0.917308 0.893678 0.913462 0.893678 0.911538 0.895115 0.909615 0.895115 0.894231 0.893678 0.892308 0.893678 0.882692 0.892241 0.880769 0.892241 0.876923 0.890805 0.875 0.890805 0.871154 0.889368 0.869231 0.889368 0.863462 0.886494 0.859615
0 0.981322 0.480769 0.979885 0.482692 0.978448 0.482692 0.974138 0.488462 0.971264 0.488462 0.969828 0.490385 0.969828 0.494231 0.96408 0.501923 0.962644 0.501923 0.95546 0.511538 0.954023 0.511538 0.952586 0.513462 0.952586 0.525 0.954023 0.526923 0.954023 0.528846 0.958333 0.534615 0.962644 0.534615 0.96408 0.536538 0.966954 0.536538 0.968391 0.534615 0.969828 0.534615 0.971264 0.532692 0.972701 0.532692 0.974138 0.530769 0.975575 0.530769 0.989943 0.511538 0.989943 0.509615 0.992816 0.505769 0.992816 0.488462 0.991379 0.486538 0.991379 0.484615 0.988506 0.480769
0 0.406609 0.915385 0.405172 0.917308 0.402299 0.917308 0.399425 0.921154 0.397989 0.921154 0.396552 0.923077 0.396552 0.925 0.393678 0.928846 0.393678 0.930769 0.392241 0.932692 0.392241 0.934615 0.390805 0.936538 0.390805 0.948077 0.392241 0.95 0.392241 0.951923 0.390805 0.953846 0.390805 0.955769 0.389368 0.957692 0.389368 0.961538 0.390805 0.963462 0.390805 0.967308 0.393678 0.971154 0.393678 0.973077 0.396552 0.976923 0.400862 0.976923 0.403736 0.980769 0.405172 0.978846 0.406609 0.978846 0.408046 0.976923 0.409483 0.976923 0.41092 0.975 0.41092 0.973077 0.416667 0.965385 0.416667 0.963462 0.418103 0.961538 0.418103 0.957692 0.420977 0.953846 0.420977 0.95 0.423851 0.946154 0.423851 0.930769 0.422414 0.928846 0.422414 0.925 0.418103 0.919231 0.416667 0.919231 0.41523 0.917308 0.412356 0.917308 0.41092 0.915385
0 0.760057 0.0615385 0.758621 0.0634615 0.757184 0.0634615 0.75431 0.0673077 0.75431 0.0692308 0.752874 0.0711538 0.752874 0.075 0.751437 0.0769231 0.751437 0.0807692 0.75 0.0826923 0.75 0.0884615 0.748563 0.0903846 0.748563 0.103846 0.75 0.105769 0.75 0.111538 0.751437 0.113462 0.752874 0.113462 0.755747 0.117308 0.757184 0.117308 0.758621 0.119231 0.767241 0.119231 0.771552 0.113462 0.772989 0.113462 0.774425 0.111538 0.774425 0.109615 0.777299 0.105769 0.777299 0.103846 0.778736 0.101923 0.778736 0.0923077 0.780172 0.0903846 0.780172 0.0884615 0.778736 0.0865385 0.778736 0.0788462 0.777299 0.0769231 0.777299 0.075 0.774425 0.0711538 0.774425 0.0692308 0.771552 0.0653846 0.770115 0.0653846 0.767241 0.0615385
0 0.846264 0.501923 0.840517 0.509615 0.840517 0.511538 0.83908 0.513462 0.83908 0.528846 0.840517 0.530769 0.840517 0.534615 0.841954 0.536538 0.841954 0.538462 0.843391 0.540385 0.843391 0.542308 0.846264 0.546154 0.846264 0.548077 0.853448 0.557692 0.854885 0.557692 0.856322 0.559615 0.860632 0.559615 0.866379 0.551923 0.866379 0.546154 0.867816 0.544231 0.867816 0.523077 0.866379 0.521154 0.866379 0.519231 0.864943 0.517308 0.864943 0.515385 0.862069 0.511538 0.862069 0.509615 0.856322 0.501923
0 0.650862 0.713462 0.649425 0.715385 0.646552 0.715385 0.645115 0.717308 0.643678 0.717308 0.642241 0.719231 0.640805 0.719231 0.639368 0.721154 0.637931 0.721154 0.636494 0.723077 0.635057 0.723077 0.633621 0.725 0.632184 0.725 0.62931 0.728846 0.627874 0.728846 0.623563 0.734615 0.623563 0.740385 0.627874 0.746154 0.62931 0.746154 0.630747 0.748077 0.636494 0.748077 0.637931 0.746154 0.642241 0.746154 0.643678 0.744231 0.653736 0.744231 0.655172 0.742308 0.658046 0.742308 0.659483 0.740385 0.66092 0.740385 0.663793 0.736538 0.66523 0.736538 0.666667 0.734615 0.666667 0.730769 0.668103 0.728846 0.668103 0.723077 0.666667 0.721154 0.666667 0.719231 0.663793 0.715385 0.66092 0.715385 0.659483 0.713462
0 0.112069 0.646154 0.106322 0.653846 0.106322 0.657692 0.104885 0.659615 0.104885 0.665385 0.103448 0.667308 0.103448 0.675 0.102011 0.676923 0.102011 0.690385 0.103448 0.692308 0.103448 0.696154 0.104885 0.698077 0.104885 0.7 0.106322 0.701923 0.106322 0.703846 0.107759 0.705769 0.110632 0.705769 0.112069 0.707692 0.117816 0.707692 0.123563 0.7 0.123563 0.694231 0.125 0.692308 0.125 0.667308 0.123563 0.665385 0.123563 0.659615 0.122126 0.657692 0.122126 0.655769 0.12069 0.653846 0.12069 0.651923 0.117816 0.648077 0.116379 0.648077 0.114943 0.646154
0 0.784483 0.182692 0.780172 0.188462 0.780172 0.192308 0.778736 0.194231 0.778736 0.198077 0.780172 0.2 0.780172 0.203846 0.781609 0.205769 0.781609 0.207692 0.784483 0.211538 0.784483 0.213462 0.79454 0.226923 0.795977 0.226923 0.797414 0.228846 0.798851 0.228846 0.800287 0.230769 0.807471 0.230769 0.813218 0.223077 0.813218 0.201923 0.811782 0.2 0.811782 0.198077 0.807471 0.192308 0.806034 0.192308 0.803161 0.188462 0.801724 0.188462 0.800287 0.186538 0.798851 0.186538 0.797414 0.184615 0.79454 0.184615 0.793103 0.182692
0 0.647989 0.936538 0.646552 0.938462 0.642241 0.938462 0.642241 0.940385 0.640805 0.942308 0.640805 0.946154 0.639368 0.948077 0.639368 0.959615 0.637931 0.961538 0.637931 0.963462 0.636494 0.965385 0.636494 0.969231 0.637931 0.971154 0.639368 0.971154 0.640805 0.969231 0.642241 0.969231 0.643678 0.967308 0.655172 0.967308 0.656609 0.965385 0.656609 0.963462 0.659483 0.959615 0.66092 0.959615 0.662356 0.957692 0.662356 0.955769 0.663793 0.953846 0.663793 0.95 0.666667 0.946154 0.666667 0.942308 0.66523 0.940385 0.66092 0.940385 0.659483 0.938462 0.650862 0.938462 0.649425 0.936538
0 0.53592 0.465385 0.534483 0.467308 0.533046 0.467308 0.531609 0.469231 0.530172 0.469231 0.525862 0.475 0.525862 0.476923 0.524425 0.478846 0.524425 0.488462 0.525862 0.490385 0.525862 0.494231 0.527299 0.496154 0.527299 0.498077 0.533046 0.505769 0.533046 0.507692 0.541667 0.519231 0.54454 0.519231 0.545977 0.521154 0.553161 0.521154 0.554598 0.519231 0.556034 0.519231 0.557471 0.517308 0.558908 0.517308 0.560345 0.515385 0.561782 0.515385 0.563218 0.513462 0.564655 0.513462 0.570402 0.505769 0.570402 0.5 0.571839 0.498077 0.571839 0.496154 0.570402 0.494231 0.570402 0.490385 0.568966 0.488462 0.568966 0.486538 0.557471 0.471154 0.556034 0.471154 0.554598 0.469231 0.553161 0.469231 0.551724 0.467308 0.547414 0.467308 0.545977 0.465385
0 0.271552 0.198077 0.264368 0.207692 0.264368 0.209615 0.260057 0.215385 0.260057 0.246154 0.265805 0.253846 0.271552 0.253846 0.274425 0.25 0.274425 0.244231 0.278736 0.238462 0.278736 0.236538 0.281609 0.232692 0.281609 0.230769 0.284483 0.226923 0.284483 0.207692 0.283046 0.205769 0.283046 0.201923 0.281609 0.2 0.280172 0.2 0.278736 0.198077
0 0.189655 0.788462 0.188218 0.790385 0.186782 0.790385 0.185345 0.792308 0.182471 0.792308 0.181034 0.794231 0.181034 0.796154 0.178161 0.8 0.178161 0.801923 0.176724 0.803846 0.176724 0.805769 0.178161 0.807692 0.178161 0.809615 0.179598 0.811538 0.179598 0.819231 0.181034 0.821154 0.181034 0.823077 0.183908 0.826923 0.183908 0.828846 0.185345 0.830769 0.185345 0.832692 0.188218 0.836538 0.188218 0.838462 0.191092 0.842308 0.198276 0.842308 0.199713 0.844231 0.201149 0.844231 0.202586 0.842308 0.202586 0.840385 0.206897 0.834615 0.206897 0.832692 0.208333 0.830769 0.208333 0.826923 0.20977 0.825 0.20977 0.809615 0.208333 0.807692 0.208333 0.805769 0.201149 0.796154 0.199713 0.796154 0.196839 0.792308 0.195402 0.792308 0.193966 0.790385 0.192529 0.790385 0.191092 0.788462
0 0.741379 0.857692 0.739943 0.859615 0.735632 0.859615 0.732759 0.863462 0.731322 0.863462 0.728448 0.867308 0.728448 0.869231 0.727011 0.871154 0.727011 0.876923 0.725575 0.878846 0.725575 0.898077 0.727011 0.9 0.727011 0.901923 0.728448 0.903846 0.728448 0.905769 0.729885 0.907692 0.731322 0.907692 0.734195 0.911538 0.744253 0.911538 0.74569 0.909615 0.747126 0.909615 0.75 0.905769 0.751437 0.905769 0.755747 0.9 0.755747 0.898077 0.757184 0.896154 0.757184 0.878846 0.755747 0.876923 0.755747 0.873077 0.75431 0.871154 0.75431 0.869231 0.752874 0.867308 0.752874 0.865385 0.75 0.861538 0.748563 0.861538 0.747126 0.859615 0.744253 0.859615 0.742816 0.857692
0 0.412356 0.973077 0.412356 0.975 0.409483 0.978846 0.408046 0.978846 0.406609 0.980769 0.405172 0.980769 0.405172 0.982692 0.399425 0.990385 0.399425 0.992308 0.397989 0.994231 0.397989 0.998077 0.428161 0.998077 0.428161 0.984615 0.426724 0.982692 0.426724 0.976923 0.423851 0.973077
0 0.189655 0.576923 0.188218 0.578846 0.181034 0.578846 0.179598 0.580769 0.178161 0.580769 0.176724 0.582692 0.173851 0.582692 0.172414 0.584615 0.170977 0.584615 0.16954 0.586538 0.16954 0.588462 0.168103 0.590385 0.168103 0.596154 0.166667 0.598077 0.166667 0.601923 0.168103 0.603846 0.168103 0.611538 0.16954 0.613462 0.175287 0.613462 0.176724 0.611538 0.181034 0.611538 0.182471 0.613462 0.185345 0.613462 0.186782 0.611538 0.192529 0.611538 0.193966 0.609615 0.195402 0.609615 0.196839 0.607692 0.198276 0.607692 0.206897 0.596154 0.206897 0.594231 0.208333 0.592308 0.208333 0.586538 0.202586 0.578846 0.199713 0.578846 0.198276 0.576923
0 0.00431034 0.732692 0.00143678 0.736538 0.00143678 0.753846 0.00431034 0.757692 0.00431034 0.759615 0.00574713 0.761538 0.00574713 0.763462 0.00718391 0.765385 0.00718391 0.769231 0.00862069 0.771154 0.00862069 0.773077 0.0186782 0.786538 0.0201149 0.786538 0.0244253 0.792308 0.0316092 0.792308 0.0387931 0.782692 0.0387931 0.780769 0.0402299 0.778846 0.0402299 0.775 0.0387931 0.773077 0.0387931 0.763462 0.0373563 0.761538 0.0373563 0.757692 0.0359195 0.755769 0.0359195 0.753846 0.0258621 0.740385 0.0244253 0.740385 0.0215517 0.736538 0.0201149 0.736538 0.0186782 0.734615 0.0158046 0.734615 0.0143678 0.732692
0 0.224138 0.155769 0.222701 0.157692 0.219828 0.157692 0.218391 0.159615 0.216954 0.159615 0.215517 0.161538 0.212644 0.161538 0.211207 0.163462 0.20977 0.163462 0.208333 0.165385 0.208333 0.169231 0.206897 0.171154 0.206897 0.176923 0.208333 0.178846 0.211207 0.178846 0.212644 0.180769 0.218391 0.180769 0.219828 0.182692 0.228448 0.182692 0.229885 0.184615 0.232759 0.184615 0.234195 0.182692 0.244253 0.182692 0.247126 0.178846 0.247126 0.171154 0.24569 0.169231 0.24569 0.167308 0.244253 0.165385 0.244253 0.163462 0.241379 0.159615 0.239943 0.159615 0.237069 0.155769
0 0.706897 0.609615 0.70546 0.611538 0.699713 0.611538 0.696839 0.615385 0.696839 0.619231 0.695402 0.621154 0.695402 0.623077 0.692529 0.626923 0.692529 0.628846 0.689655 0.632692 0.689655 0.640385 0.692529 0.644231 0.692529 0.646154 0.695402 0.65 0.698276 0.65 0.699713 0.648077 0.701149 0.648077 0.702586 0.65 0.704023 0.65 0.70546 0.648077 0.706897 0.648077 0.70977 0.644231 0.70977 0.642308 0.711207 0.640385 0.711207 0.636538 0.712644 0.634615 0.712644 0.630769 0.71408 0.628846 0.71408 0.625 0.715517 0.623077 0.715517 0.621154 0.716954 0.619231 0.716954 0.615385 0.71408 0.611538 0.711207 0.611538 0.70977 0.609615
0 0.537356 0.667308 0.53592 0.669231 0.534483 0.669231 0.533046 0.671154 0.531609 0.671154 0.522989 0.682692 0.522989 0.696154 0.520115 0.7 0.520115 0.705769 0.522989 0.709615 0.525862 0.709615 0.528736 0.713462 0.541667 0.713462 0.543103 0.711538 0.545977 0.711538 0.548851 0.707692 0.550287 0.707692 0.556034 0.7 0.556034 0.698077 0.560345 0.692308 0.560345 0.684615 0.558908 0.682692 0.558908 0.680769 0.557471 0.678846 0.556034 0.678846 0.553161 0.675 0.548851 0.675 0.545977 0.671154 0.545977 0.669231 0.54454 0.667308
0 0.211207 0 0.211207 0.00192308 0.212644 0.00384615 0.212644 0.0134615 0.21408 0.0153846 0.21408 0.0192308 0.216954 0.0230769 0.218391 0.0230769 0.219828 0.025 0.222701 0.025 0.224138 0.0269231 0.227011 0.0269231 0.228448 0.025 0.229885 0.025 0.231322 0.0230769 0.232759 0.0230769 0.241379 0.0115385 0.241379 0.00769231 0.239943 0.00576923 0.239943 0
0 0.272989 0 0.270115 0.00384615 0.270115 0.00576923 0.268678 0.00769231 0.268678 0.025 0.270115 0.0269231 0.270115 0.0288462 0.277299 0.0384615 0.278736 0.0384615 0.280172 0.0403846 0.284483 0.0403846 0.28592 0.0384615 0.293103 0.0384615 0.295977 0.0346154 0.297414 0.0346154 0.298851 0.0326923 0.300287 0.0326923 0.306034 0.025 0.306034 0.00384615 0.304598 0.00192308 0.304598 0
0 0.287356 0.509615 0.28592 0.511538 0.281609 0.511538 0.274425 0.521154 0.274425 0.528846 0.275862 0.530769 0.275862 0.534615 0.278736 0.538462 0.280172 0.538462 0.281609 0.540385 0.283046 0.540385 0.284483 0.542308 0.287356 0.542308 0.288793 0.544231 0.29023 0.544231 0.291667 0.542308 0.293103 0.542308 0.29454 0.544231 0.306034 0.544231 0.307471 0.542308 0.310345 0.542308 0.311782 0.540385 0.313218 0.540385 0.316092 0.536538 0.316092 0.534615 0.317529 0.532692 0.317529 0.523077 0.310345 0.513462 0.307471 0.513462 0.306034 0.511538 0.301724 0.511538 0.300287 0.509615
0 0.877874 0.0307692 0.872126 0.0384615 0.872126 0.0403846 0.873563 0.0423077 0.873563 0.0461538 0.87069 0.05 0.87069 0.0519231 0.869253 0.0538462 0.869253 0.0557692 0.875 0.0634615 0.875 0.0653846 0.877874 0.0692308 0.877874 0.0807692 0.882184 0.0807692 0.883621 0.0826923 0.885057 0.0826923 0.886494 0.0846154 0.887931 0.0846154 0.889368 0.0865385 0.892241 0.0865385 0.893678 0.0884615 0.895115 0.0865385 0.896552 0.0865385 0.897989 0.0846154 0.899425 0.0846154 0.900862 0.0826923 0.900862 0.0807692 0.903736 0.0769231 0.903736 0.0711538 0.905172 0.0692308 0.905172 0.0615385 0.903736 0.0596154 0.903736 0.0538462 0.902299 0.0519231 0.902299 0.0480769 0.899425 0.0442308 0.899425 0.0423077 0.893678 0.0346154 0.890805 0.0346154 0.889368 0.0326923 0.886494 0.0326923 0.885057 0.0307692
0 0.366379 0 0.366379 0.00192308 0.375 0.0134615 0.376437 0.0134615 0.377874 0.0153846 0.37931 0.0153846 0.380747 0.0173077 0.392241 0.0173077 0.393678 0.0153846 0.396552 0.0153846 0.397989 0.0134615 0.399425 0.0134615 0.400862 0.0115385 0.402299 0.0115385 0.403736 0.00961538 0.403736 0.00769231 0.405172 0.00576923 0.405172 0.00192308 0.403736 0
0 0.923851 0.857692 0.922414 0.859615 0.916667 0.859615 0.91523 0.861538 0.912356 0.861538 0.906609 0.869231 0.906609 0.873077 0.905172 0.875 0.905172 0.892308 0.906609 0.894231 0.906609 0.896154 0.91092 0.901923 0.912356 0.901923 0.913793 0.903846 0.925287 0.903846 0.926724 0.901923 0.928161 0.901923 0.933908 0.894231 0.933908 0.892308 0.938218 0.886538 0.938218 0.884615 0.939655 0.882692 0.939655 0.867308 0.938218 0.865385 0.938218 0.863462 0.935345 0.859615 0.932471 0.859615 0.931034 0.857692
0 0.310345 0.601923 0.308908 0.603846 0.307471 0.603846 0.306034 0.605769 0.303161 0.605769 0.300287 0.609615 0.300287 0.611538 0.298851 0.613462 0.298851 0.615385 0.297414 0.617308 0.297414 0.628846 0.298851 0.630769 0.298851 0.632692 0.300287 0.634615 0.300287 0.636538 0.307471 0.646154 0.308908 0.646154 0.310345 0.648077 0.311782 0.648077 0.313218 0.65 0.316092 0.65 0.317529 0.651923 0.320402 0.651923 0.321839 0.65 0.327586 0.65 0.329023 0.648077 0.33046 0.648077 0.331897 0.646154 0.331897 0.644231 0.333333 0.642308 0.333333 0.640385 0.33477 0.638462 0.33477 0.632692 0.333333 0.630769 0.333333 0.626923 0.331897 0.625 0.331897 0.623077 0.329023 0.619231 0.329023 0.617308 0.327586 0.615385 0.327586 0.613462 0.321839 0.605769 0.320402 0.605769 0.318966 0.603846 0.314655 0.603846 0.313218 0.601923
0 0.333333 0.9 0.324713 0.911538 0.324713 0.913462 0.323276 0.915385 0.323276 0.921154 0.320402 0.925 0.320402 0.942308 0.321839 0.944231 0.321839 0.948077 0.326149 0.953846 0.327586 0.953846 0.329023 0.955769 0.333333 0.955769 0.33477 0.957692 0.336207 0.957692 0.337644 0.955769 0.340517 0.955769 0.347701 0.946154 0.347701 0.944231 0.349138 0.942308 0.349138 0.940385 0.350575 0.938462 0.350575 0.930769 0.352011 0.928846 0.352011 0.925 0.353448 0.923077 0.353448 0.917308 0.350575 0.913462 0.350575 0.911538 0.344828 0.903846 0.343391 0.903846 0.341954 0.901923 0.340517 0.901923 0.33908 0.9
0 0.277299 0.775 0.275862 0.776923 0.274425 0.776923 0.270115 0.782692 0.268678 0.782692 0.265805 0.786538 0.265805 0.788462 0.262931 0.792308 0.262931 0.794231 0.261494 0.796154 0.261494 0.8 0.260057 0.801923 0.260057 0.805769 0.261494 0.807692 0.261494 0.809615 0.262931 0.811538 0.262931 0.819231 0.267241 0.825 0.268678 0.825 0.270115 0.826923 0.277299 0.826923 0.278736 0.825 0.280172 0.825 0.281609 0.823077 0.283046 0.823077 0.29023 0.813462 0.29023 0.811538 0.291667 0.809615 0.291667 0.805769 0.293103 0.803846 0.293103 0.8 0.29454 0.798077 0.29454 0.796154 0.295977 0.794231 0.295977 0.790385 0.29454 0.788462 0.29454 0.784615 0.293103 0.782692 0.293103 0.780769 0.29023 0.776923 0.288793 0.776923 0.287356 0.775
0 0.431034 0.0230769 0.429598 0.025 0.426724 0.025 0.41523 0.0403846 0.41523 0.0423077 0.413793 0.0442308 0.413793 0.0480769 0.41523 0.05 0.41523 0.0519231 0.418103 0.0557692 0.438218 0.0557692 0.439655 0.0538462 0.441092 0.0538462 0.442529 0.0519231 0.443966 0.0519231 0.445402 0.05 0.446839 0.05 0.454023 0.0403846 0.454023 0.0384615 0.45546 0.0365385 0.45546 0.0288462 0.452586 0.025 0.451149 0.025 0.449713 0.0230769
0 0.298851 0.85 0.297414 0.851923 0.29454 0.851923 0.287356 0.861538 0.287356 0.863462 0.28592 0.865385 0.28592 0.867308 0.284483 0.869231 0.284483 0.871154 0.283046 0.873077 0.283046 0.880769 0.281609 0.882692 0.281609 0.884615 0.283046 0.886538 0.283046 0.888462 0.288793 0.896154 0.29023 0.896154 0.291667 0.898077 0.293103 0.898077 0.29454 0.9 0.301724 0.9 0.303161 0.898077 0.304598 0.898077 0.306034 0.896154 0.307471 0.896154 0.310345 0.892308 0.310345 0.890385 0.311782 0.888462 0.311782 0.886538 0.313218 0.884615 0.313218 0.882692 0.314655 0.880769 0.314655 0.867308 0.313218 0.865385 0.313218 0.859615 0.311782 0.857692 0.311782 0.855769 0.308908 0.851923 0.307471 0.851923 0.306034 0.85
0 0.126437 0.384615 0.117816 0.396154 0.116379 0.396154 0.109195 0.405769 0.106322 0.405769 0.104885 0.407692 0.103448 0.407692 0.100575 0.411538 0.100575 0.421154 0.102011 0.423077 0.102011 0.425 0.104885 0.428846 0.106322 0.428846 0.107759 0.430769 0.12069 0.430769 0.122126 0.428846 0.12931 0.428846 0.130747 0.426923 0.133621 0.426923 0.142241 0.415385 0.142241 0.409615 0.143678 0.407692 0.143678 0.405769 0.145115 0.403846 0.145115 0.398077 0.146552 0.396154 0.146552 0.392308 0.140805 0.384615
0 0.33046 0.344231 0.327586 0.348077 0.323276 0.348077 0.321839 0.35 0.318966 0.35 0.316092 0.353846 0.316092 0.355769 0.314655 0.357692 0.314655 0.361538 0.316092 0.363462 0.316092 0.365385 0.317529 0.367308 0.317529 0.369231 0.320402 0.373077 0.327586 0.373077 0.329023 0.371154 0.331897 0.371154 0.337644 0.363462 0.337644 0.361538 0.33908 0.359615 0.33908 0.35 0.33477 0.344231
0 0.639368 0.801923 0.636494 0.805769 0.635057 0.805769 0.632184 0.809615 0.632184 0.817308 0.633621 0.819231 0.633621 0.830769 0.636494 0.834615 0.636494 0.836538 0.640805 0.842308 0.642241 0.842308 0.645115 0.846154 0.645115 0.848077 0.646552 0.85 0.650862 0.85 0.652299 0.851923 0.653736 0.851923 0.655172 0.853846 0.656609 0.853846 0.658046 0.851923 0.66523 0.851923 0.668103 0.848077 0.668103 0.844231 0.66954 0.842308 0.66954 0.838462 0.668103 0.836538 0.668103 0.834615 0.66954 0.832692 0.66954 0.830769 0.66523 0.825 0.66523 0.819231 0.66092 0.813462 0.66092 0.811538 0.658046 0.807692 0.656609 0.807692 0.653736 0.803846 0.650862 0.803846 0.649425 0.801923
0 0.350575 0.05 0.349138 0.0519231 0.346264 0.0519231 0.344828 0.0538462 0.344828 0.0557692 0.343391 0.0576923 0.343391 0.0596154 0.341954 0.0615385 0.341954 0.0634615 0.340517 0.0653846 0.340517 0.0730769 0.341954 0.075 0.341954 0.0826923 0.344828 0.0865385 0.344828 0.0884615 0.346264 0.0903846 0.347701 0.0903846 0.350575 0.0942308 0.362069 0.0942308 0.366379 0.0884615 0.366379 0.0846154 0.367816 0.0826923 0.367816 0.0653846 0.364943 0.0615385 0.364943 0.0596154 0.360632 0.0538462 0.357759 0.0538462 0.356322 0.0519231 0.353448 0.0519231 0.352011 0.05
0 0.0704023 0.551923 0.0689655 0.553846 0.066092 0.553846 0.0632184 0.557692 0.0617816 0.557692 0.0517241 0.571154 0.0517241 0.573077 0.0502874 0.575 0.0502874 0.578846 0.058908 0.590385 0.0632184 0.590385 0.066092 0.594231 0.0732759 0.594231 0.0747126 0.596154 0.0761494 0.596154 0.0775862 0.594231 0.079023 0.594231 0.0804598 0.592308 0.0818966 0.592308 0.0847701 0.588462 0.0847701 0.586538 0.0876437 0.582692 0.0890805 0.582692 0.0905172 0.580769 0.0905172 0.573077 0.0876437 0.569231 0.0876437 0.567308 0.0775862 0.553846 0.0747126 0.553846 0.0732759 0.551923
0 0.142241 0.132692 0.140805 0.134615 0.139368 0.134615 0.133621 0.142308 0.133621 0.151923 0.135057 0.153846 0.135057 0.157692 0.136494 0.159615 0.136494 0.161538 0.140805 0.167308 0.142241 0.167308 0.143678 0.169231 0.146552 0.169231 0.147989 0.171154 0.152299 0.171154 0.153736 0.173077 0.158046 0.173077 0.159483 0.171154 0.16092 0.171154 0.162356 0.169231 0.162356 0.167308 0.163793 0.165385 0.163793 0.153846 0.162356 0.151923 0.162356 0.15 0.16092 0.148077 0.16092 0.146154 0.159483 0.144231 0.159483 0.142308 0.155172 0.136538 0.153736 0.136538 0.152299 0.134615 0.150862 0.134615 0.149425 0.132692
0 0.997126 0.746154 0.988506 0.757692 0.988506 0.759615 0.987069 0.761538 0.987069 0.763462 0.985632 0.765385 0.985632 0.784615 0.982759 0.788462 0.982759 0.8 0.984195 0.801923 0.984195 0.805769 0.987069 0.809615 0.99569 0.809615 0.998563 0.805769 0.998563 0.746154
0 0.602011 0.373077 0.600575 0.375 0.599138 0.375 0.597701 0.376923 0.596264 0.376923 0.594828 0.378846 0.591954 0.378846 0.590517 0.380769 0.590517 0.384615 0.591954 0.386538 0.591954 0.388462 0.593391 0.390385 0.593391 0.392308 0.594828 0.394231 0.596264 0.394231 0.604885 0.405769 0.606322 0.405769 0.607759 0.407692 0.610632 0.407692 0.612069 0.409615 0.626437 0.409615 0.627874 0.407692 0.62931 0.407692 0.630747 0.405769 0.632184 0.405769 0.636494 0.4 0.636494 0.388462 0.635057 0.386538 0.635057 0.384615 0.632184 0.380769 0.630747 0.380769 0.62931 0.378846 0.627874 0.378846 0.626437 0.376923 0.623563 0.376923 0.622126 0.375 0.616379 0.375 0.614943 0.373077
0 0.0962644 0.476923 0.0933908 0.480769 0.0905172 0.480769 0.0876437 0.484615 0.0876437 0.486538 0.0862069 0.488462 0.0862069 0.490385 0.0876437 0.492308 0.0876437 0.496154 0.091954 0.501923 0.0948276 0.501923 0.0977011 0.505769 0.0991379 0.505769 0.100575 0.507692 0.107759 0.507692 0.109195 0.509615 0.112069 0.509615 0.113506 0.507692 0.114943 0.507692 0.119253 0.501923 0.119253 0.5 0.12069 0.498077 0.12069 0.492308 0.117816 0.488462 0.117816 0.486538 0.116379 0.484615 0.114943 0.484615 0.112069 0.480769 0.110632 0.480769 0.109195 0.478846 0.103448 0.478846 0.102011 0.476923
0 0.485632 0.894231 0.484195 0.896154 0.479885 0.896154 0.478448 0.898077 0.477011 0.898077 0.471264 0.905769 0.471264 0.907692 0.469828 0.909615 0.469828 0.917308 0.471264 0.919231 0.471264 0.923077 0.472701 0.925 0.472701 0.926923 0.475575 0.930769 0.475575 0.932692 0.478448 0.936538 0.478448 0.938462 0.489943 0.953846 0.491379 0.953846 0.492816 0.955769 0.494253 0.955769 0.497126 0.959615 0.5 0.959615 0.501437 0.957692 0.502874 0.957692 0.50431 0.955769 0.505747 0.955769 0.507184 0.953846 0.507184 0.951923 0.510057 0.948077 0.510057 0.940385 0.511494 0.938462 0.511494 0.934615 0.510057 0.932692 0.510057 0.926923 0.508621 0.925 0.508621 0.919231 0.507184 0.917308 0.507184 0.915385 0.505747 0.913462 0.505747 0.911538 0.501437 0.905769 0.501437 0.901923 0.498563 0.898077 0.497126 0.898077 0.494253 0.894231
0 0.859195 0.665385 0.857759 0.667308 0.857759 0.673077 0.859195 0.675 0.862069 0.675 0.863506 0.673077 0.863506 0.669231 0.860632 0.665385
0 0.0747126 0 0.0747126 0.00961538 0.0876437 0.0269231 0.0890805 0.0269231 0.0905172 0.0288462 0.091954 0.0288462 0.0933908 0.0307692 0.0948276 0.0307692 0.0962644 0.0326923 0.0991379 0.0326923 0.100575 0.0346154 0.107759 0.0346154 0.109195 0.0365385 0.114943 0.0365385 0.116379 0.0346154 0.119253 0.0346154 0.122126 0.0307692 0.122126 0.0288462 0.123563 0.0269231 0.123563 0.0173077 0.122126 0.0153846 0.122126 0.0115385 0.116379 0.00384615 0.114943 0.00384615 0.112069 0
0 0.795977 0.961538 0.79454 0.963462 0.793103 0.963462 0.791667 0.965385 0.78592 0.965385 0.784483 0.967308 0.784483 0.973077 0.783046 0.975 0.783046 0.980769 0.784483 0.982692 0.784483 0.986538 0.78592 0.988462 0.78592 0.990385 0.787356 0.992308 0.787356 0.994231 0.788793 0.996154 0.788793 0.998077 0.808908 0.998077 0.808908 0.988462 0.807471 0.986538 0.807471 0.980769 0.806034 0.978846 0.806034 0.973077 0.804598 0.971154 0.804598 0.969231 0.798851 0.961538
0 0.202586 0.121154 0.201149 0.123077 0.196839 0.123077 0.193966 0.126923 0.192529 0.126923 0.191092 0.128846 0.189655 0.128846 0.188218 0.130769 0.186782 0.130769 0.183908 0.134615 0.182471 0.134615 0.181034 0.136538 0.181034 0.138462 0.179598 0.140385 0.179598 0.144231 0.178161 0.146154 0.178161 0.155769 0.181034 0.159615 0.188218 0.159615 0.189655 0.161538 0.191092 0.161538 0.192529 0.163462 0.193966 0.163462 0.195402 0.161538 0.196839 0.161538 0.198276 0.159615 0.199713 0.159615 0.201149 0.157692 0.206897 0.157692 0.21408 0.148077 0.21408 0.146154 0.215517 0.144231 0.215517 0.136538 0.21408 0.134615 0.21408 0.126923 0.211207 0.123077 0.206897 0.123077 0.20546 0.121154
0 0.112069 0.525 0.109195 0.528846 0.104885 0.528846 0.103448 0.530769 0.103448 0.536538 0.106322 0.540385 0.106322 0.542308 0.107759 0.544231 0.107759 0.546154 0.110632 0.55 0.110632 0.551923 0.116379 0.551923 0.117816 0.553846 0.123563 0.553846 0.127874 0.548077 0.133621 0.548077 0.135057 0.546154 0.135057 0.534615 0.133621 0.532692 0.127874 0.532692 0.122126 0.525 0.117816 0.525 0.116379 0.526923 0.113506 0.526923
0 0.87931 0.651923 0.877874 0.653846 0.876437 0.653846 0.875 0.655769 0.875 0.657692 0.873563 0.659615 0.873563 0.661538 0.872126 0.663462 0.872126 0.669231 0.875 0.673077 0.875 0.675 0.87931 0.675 0.880747 0.673077 0.886494 0.673077 0.887931 0.675 0.889368 0.675 0.890805 0.676923 0.895115 0.676923 0.896552 0.675 0.896552 0.673077 0.897989 0.671154 0.897989 0.663462 0.896552 0.661538 0.896552 0.659615 0.892241 0.653846 0.890805 0.653846 0.889368 0.651923
0 0.850575 0.926923 0.849138 0.928846 0.847701 0.928846 0.840517 0.938462 0.840517 0.940385 0.83908 0.942308 0.83908 0.961538 0.840517 0.963462 0.840517 0.967308 0.846264 0.975 0.857759 0.975 0.860632 0.971154 0.860632 0.969231 0.862069 0.967308 0.862069 0.965385 0.863506 0.963462 0.863506 0.959615 0.864943 0.957692 0.864943 0.942308 0.860632 0.936538 0.860632 0.934615 0.859195 0.932692 0.859195 0.930769 0.857759 0.928846 0.856322 0.928846 0.854885 0.926923
0 0 0.263462 0 0.303846 0.00287356 0.303846 0.00431034 0.301923 0.0100575 0.301923 0.0114943 0.3 0.012931 0.3 0.0201149 0.290385 0.0201149 0.288462 0.0215517 0.286538 0.0215517 0.280769 0.0201149 0.278846 0.0172414 0.278846 0.0114943 0.271154 0.00862069 0.271154 0.00718391 0.269231 0.00574713 0.269231 0.00431034 0.267308 0.00287356 0.267308
0 0.0646552 0.686538 0.058908 0.694231 0.058908 0.696154 0.0574713 0.698077 0.0574713 0.7 0.0560345 0.701923 0.0560345 0.715385 0.0545977 0.717308 0.0545977 0.721154 0.0560345 0.723077 0.0560345 0.728846 0.0574713 0.730769 0.0574713 0.732692 0.0617816 0.738462 0.0646552 0.738462 0.066092 0.740385 0.0689655 0.740385 0.0704023 0.738462 0.0718391 0.738462 0.0747126 0.734615 0.0761494 0.734615 0.0775862 0.732692 0.0775862 0.730769 0.079023 0.728846 0.079023 0.726923 0.0804598 0.725 0.0804598 0.723077 0.0818966 0.721154 0.0818966 0.701923 0.0804598 0.7 0.0804598 0.698077 0.079023 0.696154 0.079023 0.694231 0.0732759 0.686538
0 0.058908 0.138462 0.0574713 0.140385 0.0560345 0.140385 0.0545977 0.142308 0.0531609 0.142308 0.0488506 0.148077 0.0488506 0.15 0.0474138 0.151923 0.0474138 0.157692 0.0488506 0.159615 0.0488506 0.161538 0.0502874 0.163462 0.0502874 0.165385 0.0531609 0.169231 0.0531609 0.171154 0.0545977 0.173077 0.0560345 0.173077 0.0617816 0.180769 0.0675287 0.180769 0.0704023 0.184615 0.0761494 0.184615 0.0775862 0.186538 0.0804598 0.186538 0.0833333 0.190385 0.0833333 0.192308 0.0804598 0.196154 0.0804598 0.201923 0.0818966 0.203846 0.0818966 0.207692 0.0833333 0.209615 0.0847701 0.209615 0.0862069 0.211538 0.0962644 0.211538 0.0977011 0.209615 0.102011 0.209615 0.104885 0.205769 0.109195 0.205769 0.112069 0.201923 0.113506 0.201923 0.116379 0.198077 0.116379 0.196154 0.117816 0.194231 0.117816 0.192308 0.116379 0.190385 0.116379 0.182692 0.113506 0.178846 0.110632 0.178846 0.109195 0.176923 0.106322 0.176923 0.104885 0.178846 0.100575 0.178846 0.0991379 0.180769 0.0933908 0.180769 0.091954 0.182692 0.0905172 0.182692 0.0876437 0.178846 0.0876437 0.176923 0.0905172 0.173077 0.0905172 0.167308 0.0890805 0.165385 0.0890805 0.163462 0.0876437 0.161538 0.0876437 0.157692 0.0833333 0.151923 0.0833333 0.15 0.0818966 0.148077 0.0804598 0.148077 0.0761494 0.142308 0.0747126 0.142308 0.0732759 0.140385 0.0704023 0.140385 0.0689655 0.138462
0 0.653736 0.596154 0.652299 0.598077 0.650862 0.598077 0.649425 0.6 0.647989 0.6 0.642241 0.607692 0.642241 0.609615 0.637931 0.615385 0.637931 0.617308 0.635057 0.621154 0.635057 0.630769 0.640805 0.638462 0.642241 0.638462 0.645115 0.642308 0.649425 0.642308 0.650862 0.644231 0.663793 0.644231 0.66523 0.642308 0.668103 0.642308 0.66954 0.640385 0.670977 0.640385 0.676724 0.632692 0.676724 0.630769 0.678161 0.628846 0.678161 0.615385 0.676724 0.613462 0.676724 0.611538 0.673851 0.607692 0.673851 0.605769 0.670977 0.601923 0.66954 0.601923 0.668103 0.6 0.666667 0.6 0.66523 0.598077 0.663793 0.598077 0.662356 0.596154
0 0.639368 0.330769 0.636494 0.334615 0.636494 0.336538 0.635057 0.338462 0.635057 0.348077 0.636494 0.35 0.636494 0.353846 0.645115 0.365385 0.646552 0.365385 0.652299 0.373077 0.653736 0.373077 0.655172 0.375 0.656609 0.375 0.658046 0.376923 0.659483 0.376923 0.66092 0.378846 0.663793 0.378846 0.66523 0.380769 0.672414 0.380769 0.673851 0.382692 0.679598 0.382692 0.683908 0.376923 0.685345 0.376923 0.686782 0.375 0.686782 0.369231 0.685345 0.367308 0.685345 0.363462 0.683908 0.361538 0.683908 0.359615 0.670977 0.342308 0.66954 0.342308 0.666667 0.338462 0.66523 0.338462 0.663793 0.336538 0.662356 0.336538 0.66092 0.334615 0.659483 0.334615 0.658046 0.332692 0.656609 0.332692 0.655172 0.330769
0 0.827586 0.192308 0.826149 0.194231 0.823276 0.194231 0.818966 0.2 0.818966 0.213462 0.821839 0.217308 0.821839 0.219231 0.83046 0.230769 0.831897 0.230769 0.833333 0.232692 0.836207 0.232692 0.837644 0.234615 0.840517 0.234615 0.841954 0.236538 0.844828 0.236538 0.846264 0.238462 0.853448 0.238462 0.854885 0.236538 0.854885 0.234615 0.856322 0.232692 0.856322 0.223077 0.849138 0.213462 0.849138 0.211538 0.836207 0.194231 0.83477 0.194231 0.833333 0.192308
0 0.554598 0.146154 0.553161 0.148077 0.547414 0.148077 0.545977 0.15 0.54454 0.15 0.543103 0.151923 0.541667 0.151923 0.54023 0.153846 0.534483 0.153846 0.533046 0.155769 0.531609 0.155769 0.530172 0.157692 0.528736 0.157692 0.527299 0.159615 0.525862 0.159615 0.521552 0.165385 0.521552 0.171154 0.520115 0.173077 0.520115 0.178846 0.521552 0.180769 0.521552 0.182692 0.524425 0.186538 0.527299 0.186538 0.528736 0.188462 0.537356 0.188462 0.538793 0.190385 0.54023 0.190385 0.541667 0.188462 0.547414 0.188462 0.548851 0.186538 0.550287 0.186538 0.551724 0.184615 0.553161 0.184615 0.554598 0.182692 0.556034 0.182692 0.557471 0.180769 0.558908 0.180769 0.561782 0.176923 0.563218 0.176923 0.566092 0.173077 0.567529 0.173077 0.567529 0.171154 0.570402 0.167308 0.570402 0.165385 0.571839 0.163462 0.571839 0.153846 0.568966 0.15 0.568966 0.148077 0.567529 0.146154 0.563218 0.146154 0.561782 0.148077 0.558908 0.148077 0.557471 0.146154
0 0.170977 0.975 0.16954 0.976923 0.168103 0.976923 0.16523 0.980769 0.163793 0.980769 0.159483 0.986538 0.159483 0.988462 0.156609 0.992308 0.155172 0.992308 0.153736 0.994231 0.153736 0.996154 0.152299 0.998077 0.189655 0.998077 0.189655 0.994231 0.188218 0.992308 0.188218 0.990385 0.185345 0.986538 0.185345 0.984615 0.179598 0.976923 0.176724 0.976923 0.175287 0.975
0 0.885057 0.938462 0.883621 0.940385 0.882184 0.940385 0.880747 0.942308 0.880747 0.944231 0.883621 0.948077 0.886494 0.948077 0.887931 0.946154 0.887931 0.940385 0.886494 0.938462
0 0.472701 0.0673077 0.471264 0.0692308 0.469828 0.0692308 0.46408 0.0769231 0.46408 0.0788462 0.462644 0.0807692 0.462644 0.0826923 0.461207 0.0846154 0.461207 0.0865385 0.45977 0.0884615 0.45977 0.1 0.461207 0.101923 0.461207 0.103846 0.462644 0.105769 0.487069 0.105769 0.488506 0.103846 0.497126 0.103846 0.498563 0.101923 0.501437 0.101923 0.50431 0.0980769 0.50431 0.0903846 0.502874 0.0884615 0.502874 0.0865385 0.498563 0.0807692 0.498563 0.0788462 0.49569 0.075 0.494253 0.075 0.491379 0.0711538 0.488506 0.0711538 0.487069 0.0692308 0.484195 0.0692308 0.482759 0.0673077
0 0.216954 0.438462 0.215517 0.440385 0.212644 0.440385 0.211207 0.442308 0.208333 0.442308 0.201149 0.451923 0.201149 0.453846 0.196839 0.459615 0.196839 0.461538 0.195402 0.463462 0.195402 0.467308 0.196839 0.469231 0.196839 0.471154 0.198276 0.473077 0.201149 0.473077 0.202586 0.475 0.204023 0.475 0.20546 0.476923 0.211207 0.476923 0.212644 0.475 0.221264 0.475 0.222701 0.473077 0.224138 0.473077 0.227011 0.469231 0.231322 0.469231 0.232759 0.467308 0.234195 0.467308 0.239943 0.459615 0.239943 0.453846 0.235632 0.448077 0.235632 0.446154 0.234195 0.444231 0.231322 0.444231 0.229885 0.442308 0.224138 0.442308 0.222701 0.440385 0.221264 0.440385 0.219828 0.438462
0 0.813218 0.8 0.810345 0.803846 0.810345 0.805769 0.806034 0.811538 0.806034 0.817308 0.804598 0.819231 0.804598 0.823077 0.803161 0.825 0.803161 0.826923 0.804598 0.828846 0.804598 0.844231 0.806034 0.846154 0.806034 0.848077 0.810345 0.853846 0.811782 0.853846 0.813218 0.855769 0.814655 0.855769 0.816092 0.853846 0.820402 0.853846 0.821839 0.851923 0.823276 0.851923 0.824713 0.85 0.826149 0.85 0.827586 0.848077 0.827586 0.846154 0.829023 0.844231 0.829023 0.838462 0.83046 0.836538 0.83046 0.819231 0.827586 0.815385 0.827586 0.813462 0.829023 0.811538 0.829023 0.807692 0.827586 0.805769 0.826149 0.805769 0.824713 0.803846 0.823276 0.803846 0.821839 0.801923 0.820402 0.801923 0.818966 0.8
0 0.147989 0.444231 0.146552 0.446154 0.145115 0.446154 0.143678 0.448077 0.142241 0.448077 0.140805 0.45 0.140805 0.453846 0.142241 0.455769 0.143678 0.455769 0.145115 0.453846 0.146552 0.453846 0.147989 0.451923 0.149425 0.451923 0.152299 0.448077 0.152299 0.446154 0.150862 0.444231
0 0.471264 0.294231 0.469828 0.296154 0.465517 0.296154 0.461207 0.301923 0.461207 0.303846 0.462644 0.305769 0.462644 0.307692 0.465517 0.311538 0.466954 0.311538 0.468391 0.313462 0.471264 0.313462 0.472701 0.315385 0.478448 0.315385 0.479885 0.317308 0.487069 0.317308 0.488506 0.319231 0.505747 0.319231 0.507184 0.317308 0.510057 0.317308 0.512931 0.313462 0.512931 0.307692 0.511494 0.305769 0.511494 0.303846 0.510057 0.301923 0.508621 0.301923 0.507184 0.3 0.50431 0.3 0.502874 0.298077 0.5 0.298077 0.498563 0.296154 0.485632 0.296154 0.484195 0.294231
0 0.0172414 0.380769 0.0158046 0.382692 0.012931 0.382692 0.0100575 0.386538 0.0100575 0.388462 0.00862069 0.390385 0.00862069 0.396154 0.0100575 0.398077 0.0100575 0.4 0.012931 0.403846 0.012931 0.405769 0.0201149 0.415385 0.0215517 0.415385 0.0229885 0.417308 0.0244253 0.417308 0.0258621 0.419231 0.0344828 0.419231 0.0359195 0.421154 0.0373563 0.421154 0.0387931 0.419231 0.0431034 0.419231 0.045977 0.415385 0.0474138 0.415385 0.0488506 0.413462 0.0488506 0.4 0.0474138 0.398077 0.0474138 0.396154 0.0402299 0.386538 0.0387931 0.386538 0.0373563 0.384615 0.0359195 0.384615 0.0344828 0.382692 0.0201149 0.382692 0.0186782 0.380769
0 0.652299 0.421154 0.649425 0.425 0.647989 0.425 0.643678 0.430769 0.643678 0.432692 0.642241 0.434615 0.642241 0.440385 0.643678 0.442308 0.643678 0.444231 0.646552 0.448077 0.646552 0.45 0.647989 0.451923 0.649425 0.451923 0.652299 0.455769 0.653736 0.455769 0.655172 0.457692 0.656609 0.457692 0.658046 0.459615 0.663793 0.459615 0.66523 0.461538 0.678161 0.461538 0.679598 0.459615 0.683908 0.459615 0.686782 0.455769 0.688218 0.455769 0.689655 0.453846 0.689655 0.451923 0.691092 0.45 0.691092 0.436538 0.689655 0.434615 0.689655 0.432692 0.688218 0.430769 0.686782 0.430769 0.681034 0.423077 0.676724 0.423077 0.675287 0.421154 0.662356 0.421154 0.66092 0.423077 0.655172 0.423077 0.653736 0.421154
0 0.16092 0.803846 0.159483 0.805769 0.158046 0.805769 0.156609 0.807692 0.155172 0.807692 0.153736 0.809615 0.152299 0.809615 0.150862 0.811538 0.150862 0.823077 0.162356 0.838462 0.162356 0.840385 0.166667 0.846154 0.173851 0.846154 0.175287 0.844231 0.175287 0.842308 0.176724 0.840385 0.176724 0.826923 0.175287 0.825 0.175287 0.823077 0.170977 0.817308 0.170977 0.813462 0.168103 0.809615 0.166667 0.809615 0.162356 0.803846
0 0.140805 0.2 0.139368 0.201923 0.130747 0.201923 0.12931 0.203846 0.127874 0.203846 0.126437 0.205769 0.125 0.205769 0.122126 0.209615 0.122126 0.221154 0.12931 0.230769 0.133621 0.230769 0.135057 0.232692 0.149425 0.232692 0.150862 0.230769 0.156609 0.230769 0.158046 0.228846 0.159483 0.228846 0.163793 0.223077 0.163793 0.215385 0.162356 0.213462 0.162356 0.211538 0.16092 0.209615 0.16092 0.207692 0.156609 0.201923 0.155172 0.201923 0.153736 0.2
0 0.196839 0.257692 0.195402 0.259615 0.191092 0.259615 0.188218 0.263462 0.186782 0.263462 0.181034 0.271154 0.179598 0.271154 0.172414 0.280769 0.172414 0.292308 0.179598 0.301923 0.188218 0.301923 0.189655 0.3 0.191092 0.3 0.192529 0.298077 0.193966 0.298077 0.204023 0.284615 0.204023 0.282692 0.20546 0.280769 0.20546 0.278846 0.206897 0.276923 0.206897 0.273077 0.208333 0.271154 0.208333 0.263462 0.20546 0.259615 0.204023 0.259615 0.202586 0.257692
0 0.918103 0.45 0.913793 0.455769 0.913793 0.463462 0.91523 0.465385 0.91523 0.467308 0.922414 0.476923 0.923851 0.476923 0.926724 0.480769 0.928161 0.480769 0.929598 0.482692 0.945402 0.482692 0.946839 0.480769 0.949713 0.480769 0.952586 0.476923 0.952586 0.469231 0.951149 0.467308 0.951149 0.465385 0.949713 0.463462 0.948276 0.463462 0.945402 0.459615 0.943966 0.459615 0.942529 0.457692 0.941092 0.457692 0.939655 0.455769 0.938218 0.455769 0.936782 0.453846 0.933908 0.453846 0.932471 0.451923 0.929598 0.451923 0.928161 0.45
0 0.772989 0.190385 0.772989 0.201923 0.777299 0.201923 0.777299 0.196154 0.775862 0.194231 0.775862 0.190385
0 0 0.0846154 0 0.115385 0.00143678 0.117308 0.00431034 0.117308 0.00574713 0.119231 0.0201149 0.119231 0.0215517 0.117308 0.0229885 0.117308 0.0272989 0.111538 0.0287356 0.111538 0.033046 0.105769 0.033046 0.103846 0.0344828 0.101923 0.0344828 0.0942308 0.033046 0.0923077 0.033046 0.0884615 0.0301724 0.0846154 0.0244253 0.0846154 0.0229885 0.0865385 0.0215517 0.0865385 0.0201149 0.0846154 0.0158046 0.0846154 0.0143678 0.0865385 0.012931 0.0865385 0.0114943 0.0884615 0.00431034 0.0884615 0.00287356 0.0865385 0.00143678 0.0865385
0 0.622126 0.844231 0.62069 0.846154 0.617816 0.846154 0.614943 0.85 0.613506 0.85 0.609195 0.855769 0.609195 0.861538 0.607759 0.863462 0.607759 0.871154 0.609195 0.873077 0.609195 0.880769 0.610632 0.882692 0.610632 0.884615 0.614943 0.890385 0.616379 0.890385 0.617816 0.892308 0.626437 0.892308 0.627874 0.890385 0.62931 0.890385 0.630747 0.888462 0.633621 0.888462 0.635057 0.886538 0.637931 0.886538 0.639368 0.884615 0.639368 0.880769 0.640805 0.878846 0.640805 0.876923 0.642241 0.875 0.642241 0.867308 0.645115 0.863462 0.645115 0.859615 0.633621 0.844231
0 0.0488506 0.898077 0.0474138 0.9 0.0416667 0.9 0.0402299 0.901923 0.0373563 0.901923 0.0359195 0.903846 0.0344828 0.903846 0.033046 0.905769 0.0316092 0.905769 0.0301724 0.907692 0.0287356 0.907692 0.0272989 0.909615 0.0272989 0.915385 0.0258621 0.917308 0.0258621 0.926923 0.0287356 0.930769 0.0287356 0.934615 0.0301724 0.936538 0.0316092 0.936538 0.033046 0.934615 0.0373563 0.934615 0.0387931 0.936538 0.0560345 0.936538 0.0574713 0.934615 0.0603448 0.934615 0.0617816 0.932692 0.0632184 0.932692 0.0646552 0.930769 0.066092 0.930769 0.0704023 0.925 0.0704023 0.923077 0.0718391 0.921154 0.0718391 0.907692 0.0675287 0.901923 0.066092 0.901923 0.0646552 0.9 0.0632184 0.9 0.0617816 0.898077
0 0.541667 0.730769 0.54023 0.732692 0.53592 0.732692 0.534483 0.734615 0.534483 0.736538 0.531609 0.740385 0.531609 0.751923 0.533046 0.753846 0.533046 0.757692 0.534483 0.759615 0.534483 0.761538 0.53592 0.763462 0.53592 0.765385 0.54454 0.776923 0.545977 0.776923 0.547414 0.778846 0.548851 0.778846 0.550287 0.780769 0.558908 0.780769 0.560345 0.778846 0.561782 0.778846 0.566092 0.773077 0.566092 0.771154 0.567529 0.769231 0.567529 0.761538 0.566092 0.759615 0.566092 0.755769 0.564655 0.753846 0.564655 0.751923 0.560345 0.746154 0.560345 0.744231 0.551724 0.732692 0.550287 0.732692 0.548851 0.730769
0 0.590517 0.140385 0.58908 0.142308 0.58908 0.144231 0.586207 0.148077 0.58477 0.148077 0.58046 0.153846 0.58046 0.155769 0.577586 0.159615 0.576149 0.159615 0.574713 0.157692 0.573276 0.157692 0.573276 0.163462 0.571839 0.165385 0.571839 0.167308 0.568966 0.171154 0.568966 0.175 0.576149 0.184615 0.577586 0.184615 0.579023 0.182692 0.586207 0.182692 0.587644 0.180769 0.591954 0.180769 0.594828 0.176923 0.597701 0.176923 0.599138 0.175 0.603448 0.175 0.607759 0.169231 0.607759 0.167308 0.609195 0.165385 0.609195 0.161538 0.610632 0.159615 0.610632 0.157692 0.612069 0.155769 0.612069 0.151923 0.609195 0.148077 0.607759 0.148077 0.602011 0.140385
0 0.356322 0.225 0.354885 0.226923 0.352011 0.226923 0.349138 0.230769 0.349138 0.232692 0.347701 0.234615 0.347701 0.248077 0.349138 0.25 0.349138 0.251923 0.350575 0.253846 0.350575 0.255769 0.352011 0.257692 0.352011 0.259615 0.354885 0.263462 0.354885 0.267308 0.356322 0.269231 0.356322 0.271154 0.362069 0.278846 0.37069 0.278846 0.376437 0.271154 0.376437 0.269231 0.377874 0.267308 0.377874 0.261538 0.376437 0.259615 0.376437 0.251923 0.375 0.25 0.375 0.240385 0.373563 0.238462 0.373563 0.236538 0.372126 0.234615 0.372126 0.232692 0.369253 0.228846 0.367816 0.228846 0.366379 0.226923 0.363506 0.226923 0.362069 0.225
0 0.12069 0.790385 0.119253 0.792308 0.117816 0.792308 0.116379 0.794231 0.116379 0.798077 0.114943 0.8 0.114943 0.809615 0.112069 0.813462 0.112069 0.815385 0.110632 0.817308 0.110632 0.819231 0.109195 0.821154 0.109195 0.823077 0.107759 0.825 0.107759 0.838462 0.109195 0.840385 0.109195 0.844231 0.110632 0.846154 0.110632 0.848077 0.113506 0.851923 0.114943 0.851923 0.116379 0.853846 0.12069 0.853846 0.122126 0.855769 0.126437 0.855769 0.127874 0.853846 0.127874 0.85 0.12931 0.848077 0.12931 0.846154 0.130747 0.844231 0.130747 0.817308 0.132184 0.815385 0.132184 0.8 0.12931 0.796154 0.12931 0.794231 0.127874 0.792308 0.125 0.792308 0.123563 0.790385
0 0.0948276 0.257692 0.0933908 0.259615 0.0876437 0.259615 0.0862069 0.261538 0.0847701 0.261538 0.0818966 0.265385 0.0804598 0.265385 0.0747126 0.273077 0.0747126 0.276923 0.0732759 0.278846 0.0732759 0.282692 0.0761494 0.286538 0.0761494 0.288462 0.079023 0.292308 0.0905172 0.292308 0.091954 0.294231 0.0962644 0.294231 0.0977011 0.292308 0.107759 0.292308 0.116379 0.280769 0.116379 0.269231 0.110632 0.261538 0.109195 0.261538 0.107759 0.259615 0.104885 0.259615 0.103448 0.257692
0 0.961207 0.573077 0.95977 0.575 0.95546 0.575 0.954023 0.576923 0.951149 0.576923 0.949713 0.578846 0.948276 0.578846 0.942529 0.586538 0.942529 0.594231 0.943966 0.596154 0.943966 0.598077 0.951149 0.607692 0.951149 0.615385 0.95546 0.621154 0.958333 0.621154 0.95977 0.623077 0.968391 0.623077 0.969828 0.621154 0.972701 0.621154 0.974138 0.619231 0.975575 0.619231 0.977011 0.617308 0.978448 0.617308 0.979885 0.615385 0.981322 0.615385 0.982759 0.613462 0.982759 0.611538 0.985632 0.607692 0.985632 0.6 0.987069 0.598077 0.987069 0.592308 0.988506 0.590385 0.988506 0.582692 0.982759 0.575 0.979885 0.575 0.978448 0.573077
0 0.897989 0 0.897989 0.00384615 0.899425 0.00576923 0.899425 0.00769231 0.902299 0.0115385 0.903736 0.0115385 0.905172 0.0134615 0.908046 0.0134615 0.909483 0.0153846 0.91092 0.0153846 0.912356 0.0134615 0.916667 0.0134615 0.920977 0.00769231 0.920977 0
0 0.113506 0.557692 0.112069 0.559615 0.112069 0.569231 0.114943 0.569231 0.116379 0.567308 0.117816 0.567308 0.117816 0.565385 0.119253 0.563462 0.119253 0.559615 0.117816 0.559615 0.116379 0.557692
0 0.272989 0.265385 0.271552 0.267308 0.270115 0.267308 0.264368 0.275 0.264368 0.276923 0.260057 0.282692 0.260057 0.284615 0.258621 0.286538 0.258621 0.288462 0.257184 0.290385 0.257184 0.292308 0.255747 0.294231 0.255747 0.307692 0.258621 0.311538 0.261494 0.311538 0.262931 0.313462 0.268678 0.313462 0.270115 0.311538 0.271552 0.311538 0.278736 0.301923 0.278736 0.3 0.280172 0.298077 0.280172 0.296154 0.281609 0.294231 0.281609 0.288462 0.283046 0.286538 0.283046 0.275 0.281609 0.273077 0.281609 0.271154 0.277299 0.265385
0 0.219828 0.692308 0.218391 0.694231 0.212644 0.694231 0.211207 0.696154 0.20977 0.696154 0.208333 0.698077 0.206897 0.698077 0.20546 0.7 0.204023 0.7 0.202586 0.701923 0.202586 0.703846 0.201149 0.705769 0.201149 0.711538 0.206897 0.719231 0.211207 0.719231 0.212644 0.721154 0.237069 0.721154 0.238506 0.719231 0.242816 0.719231 0.244253 0.717308 0.24569 0.717308 0.25 0.711538 0.25 0.705769 0.248563 0.703846 0.248563 0.7 0.247126 0.698077 0.24569 0.698077 0.244253 0.696154 0.242816 0.696154 0.241379 0.694231 0.237069 0.694231 0.235632 0.692308
0 0.364943 0.796154 0.357759 0.805769 0.357759 0.809615 0.356322 0.811538 0.356322 0.830769 0.357759 0.832692 0.357759 0.836538 0.360632 0.840385 0.360632 0.842308 0.366379 0.85 0.373563 0.85 0.375 0.848077 0.376437 0.848077 0.382184 0.840385 0.382184 0.830769 0.383621 0.828846 0.383621 0.815385 0.382184 0.813462 0.382184 0.809615 0.380747 0.807692 0.380747 0.805769 0.373563 0.796154
0 0.783046 0.788462 0.781609 0.790385 0.780172 0.790385 0.778736 0.792308 0.778736 0.796154 0.774425 0.801923 0.774425 0.803846 0.772989 0.805769 0.772989 0.825 0.775862 0.828846 0.775862 0.830769 0.777299 0.832692 0.777299 0.836538 0.780172 0.840385 0.781609 0.840385 0.783046 0.842308 0.791667 0.842308 0.793103 0.840385 0.793103 0.838462 0.79454 0.836538 0.79454 0.832692 0.797414 0.828846 0.797414 0.825 0.798851 0.823077 0.798851 0.817308 0.800287 0.815385 0.800287 0.803846 0.798851 0.801923 0.798851 0.8 0.79023 0.788462
0 0.0143678 0.228846 0.012931 0.230769 0.0100575 0.230769 0.00431034 0.238462 0.00431034 0.242308 0.00287356 0.244231 0.00287356 0.25 0.00431034 0.251923 0.00431034 0.253846 0.00574713 0.255769 0.00574713 0.257692 0.0114943 0.265385 0.012931 0.265385 0.0143678 0.267308 0.0172414 0.267308 0.0186782 0.269231 0.0215517 0.269231 0.0244253 0.273077 0.0301724 0.273077 0.0316092 0.271154 0.0373563 0.271154 0.0402299 0.267308 0.0431034 0.267308 0.0445402 0.265385 0.0445402 0.255769 0.0431034 0.253846 0.0431034 0.25 0.0359195 0.240385 0.0344828 0.240385 0.033046 0.238462 0.0301724 0.238462 0.0244253 0.230769 0.0201149 0.230769 0.0186782 0.228846
0 0.20977 0.375 0.208333 0.376923 0.206897 0.376923 0.204023 0.380769 0.204023 0.384615 0.202586 0.386538 0.202586 0.394231 0.204023 0.396154 0.204023 0.398077 0.206897 0.401923 0.206897 0.403846 0.216954 0.417308 0.229885 0.417308 0.231322 0.415385 0.235632 0.415385 0.239943 0.409615 0.239943 0.407692 0.238506 0.405769 0.238506 0.401923 0.237069 0.4 0.237069 0.396154 0.235632 0.394231 0.235632 0.392308 0.232759 0.388462 0.232759 0.386538 0.227011 0.378846 0.225575 0.378846 0.224138 0.376923 0.222701 0.376923 0.221264 0.375
0 0.760057 0.238462 0.75431 0.246154 0.75431 0.251923 0.755747 0.253846 0.755747 0.257692 0.757184 0.259615 0.757184 0.265385 0.764368 0.275 0.765805 0.275 0.770115 0.280769 0.771552 0.280769 0.772989 0.282692 0.775862 0.282692 0.777299 0.284615 0.778736 0.284615 0.780172 0.286538 0.784483 0.286538 0.78592 0.288462 0.788793 0.288462 0.797414 0.276923 0.797414 0.275 0.795977 0.273077 0.795977 0.271154 0.793103 0.267308 0.793103 0.263462 0.781609 0.248077 0.780172 0.248077 0.778736 0.246154 0.777299 0.246154 0.775862 0.244231 0.774425 0.244231 0.772989 0.242308 0.771552 0.242308 0.770115 0.240385 0.768678 0.240385 0.767241 0.238462
0 0.41954 0.757692 0.412356 0.767308 0.412356 0.786538 0.413793 0.788462 0.413793 0.790385 0.41523 0.792308 0.41523 0.796154 0.418103 0.8 0.418103 0.801923 0.41954 0.803846 0.420977 0.803846 0.422414 0.805769 0.423851 0.805769 0.425287 0.807692 0.431034 0.807692 0.432471 0.809615 0.433908 0.809615 0.435345 0.811538 0.439655 0.811538 0.441092 0.813462 0.442529 0.813462 0.443966 0.811538 0.446839 0.811538 0.448276 0.809615 0.449713 0.809615 0.451149 0.807692 0.451149 0.805769 0.452586 0.803846 0.452586 0.790385 0.448276 0.784615 0.448276 0.782692 0.431034 0.759615 0.429598 0.759615 0.428161 0.757692
0 0.70546 0.101923 0.702586 0.105769 0.701149 0.105769 0.696839 0.111538 0.696839 0.113462 0.692529 0.119231 0.692529 0.121154 0.689655 0.125 0.689655 0.126923 0.686782 0.130769 0.686782 0.134615 0.685345 0.136538 0.685345 0.146154 0.686782 0.148077 0.686782 0.151923 0.691092 0.157692 0.692529 0.157692 0.693966 0.159615 0.702586 0.159615 0.70546 0.155769 0.706897 0.155769 0.70977 0.151923 0.70977 0.15 0.712644 0.146154 0.712644 0.144231 0.71408 0.142308 0.71408 0.140385 0.715517 0.138462 0.715517 0.125 0.716954 0.123077 0.716954 0.115385 0.715517 0.113462 0.715517 0.111538 0.71408 0.109615 0.71408 0.105769 0.712644 0.103846 0.711207 0.103846 0.70977 0.101923
0 0.913793 0.501923 0.912356 0.503846 0.91092 0.503846 0.909483 0.505769 0.908046 0.505769 0.905172 0.509615 0.905172 0.511538 0.902299 0.515385 0.902299 0.528846 0.903736 0.530769 0.903736 0.532692 0.908046 0.538462 0.91954 0.538462 0.920977 0.536538 0.925287 0.536538 0.929598 0.530769 0.929598 0.526923 0.931034 0.525 0.931034 0.515385 0.929598 0.515385 0.926724 0.511538 0.926724 0.509615 0.923851 0.505769 0.922414 0.505769 0.920977 0.503846 0.91954 0.503846 0.918103 0.501923
0 0.966954 0.130769 0.962644 0.136538 0.962644 0.138462 0.961207 0.140385 0.961207 0.142308 0.95977 0.144231 0.95977 0.146154 0.958333 0.148077 0.958333 0.155769 0.95977 0.157692 0.95977 0.159615 0.961207 0.161538 0.961207 0.163462 0.962644 0.165385 0.962644 0.167308 0.965517 0.171154 0.965517 0.173077 0.972701 0.182692 0.982759 0.182692 0.987069 0.176923 0.987069 0.173077 0.988506 0.171154 0.988506 0.165385 0.989943 0.163462 0.989943 0.153846 0.988506 0.151923 0.988506 0.146154 0.985632 0.142308 0.985632 0.140385 0.981322 0.134615 0.979885 0.134615 0.978448 0.132692 0.977011 0.132692 0.975575 0.130769
0 0.54023 0.901923 0.538793 0.903846 0.537356 0.903846 0.534483 0.907692 0.534483 0.911538 0.533046 0.913462 0.533046 0.917308 0.531609 0.919231 0.531609 0.923077 0.530172 0.925 0.530172 0.942308 0.531609 0.944231 0.531609 0.946154 0.534483 0.95 0.534483 0.951923 0.538793 0.957692 0.54023 0.957692 0.541667 0.959615 0.543103 0.959615 0.54454 0.961538 0.550287 0.961538 0.551724 0.959615 0.554598 0.959615 0.556034 0.957692 0.558908 0.957692 0.560345 0.955769 0.561782 0.955769 0.563218 0.953846 0.563218 0.951923 0.564655 0.95 0.564655 0.934615 0.563218 0.932692 0.563218 0.930769 0.561782 0.928846 0.561782 0.925 0.560345 0.923077 0.560345 0.921154 0.558908 0.919231 0.558908 0.917308 0.556034 0.913462 0.556034 0.911538 0.548851 0.901923
0 0.725575 0.598077 0.724138 0.6 0.724138 0.601923 0.722701 0.603846 0.722701 0.609615 0.724138 0.611538 0.725575 0.611538 0.727011 0.609615 0.729885 0.609615 0.737069 0.619231 0.737069 0.621154 0.738506 0.623077 0.738506 0.625 0.739943 0.626923 0.739943 0.628846 0.741379 0.630769 0.741379 0.634615 0.739943 0.636538 0.739943 0.640385 0.735632 0.646154 0.734195 0.646154 0.732759 0.648077 0.729885 0.648077 0.728448 0.646154 0.727011 0.646154 0.725575 0.644231 0.724138 0.644231 0.719828 0.638462 0.716954 0.638462 0.715517 0.640385 0.715517 0.642308 0.724138 0.653846 0.725575 0.653846 0.727011 0.655769 0.728448 0.655769 0.731322 0.659615 0.734195 0.659615 0.735632 0.657692 0.742816 0.657692 0.744253 0.655769 0.74569 0.655769 0.747126 0.653846 0.747126 0.651923 0.748563 0.65 0.748563 0.648077 0.75 0.646154 0.75 0.644231 0.752874 0.640385 0.752874 0.638462 0.75431 0.636538 0.75431 0.634615 0.752874 0.632692 0.752874 0.623077 0.751437 0.621154 0.751437 0.617308 0.75 0.615385 0.75 0.611538 0.744253 0.603846 0.742816 0.603846 0.739943 0.6 0.738506 0.6 0.737069 0.598077
0 0.590517 0.0326923 0.58908 0.0346154 0.586207 0.0346154 0.58477 0.0365385 0.581897 0.0365385 0.58046 0.0384615 0.579023 0.0384615 0.577586 0.0403846 0.576149 0.0403846 0.574713 0.0423077 0.571839 0.0423077 0.570402 0.0442308 0.568966 0.0442308 0.566092 0.0480769 0.564655 0.0480769 0.558908 0.0557692 0.558908 0.0576923 0.557471 0.0596154 0.557471 0.0634615 0.558908 0.0653846 0.558908 0.0692308 0.560345 0.0711538 0.561782 0.0711538 0.563218 0.0730769 0.567529 0.0730769 0.568966 0.075 0.576149 0.075 0.577586 0.0730769 0.586207 0.0730769 0.587644 0.0711538 0.590517 0.0711538 0.591954 0.0692308 0.594828 0.0692308 0.596264 0.0673077 0.597701 0.0673077 0.600575 0.0634615 0.602011 0.0634615 0.606322 0.0576923 0.607759 0.0576923 0.609195 0.0557692 0.609195 0.0538462 0.612069 0.05 0.612069 0.0403846 0.607759 0.0346154 0.606322 0.0346154 0.604885 0.0326923
0 0.866379 0.294231 0.864943 0.296154 0.860632 0.296154 0.857759 0.3 0.857759 0.309615 0.863506 0.317308 0.863506 0.319231 0.864943 0.321154 0.866379 0.321154 0.87069 0.326923 0.872126 0.326923 0.873563 0.328846 0.875 0.328846 0.876437 0.330769 0.87931 0.330769 0.880747 0.332692 0.883621 0.332692 0.885057 0.334615 0.893678 0.334615 0.895115 0.332692 0.897989 0.332692 0.900862 0.328846 0.900862 0.326923 0.902299 0.325 0.902299 0.317308 0.900862 0.315385 0.900862 0.313462 0.895115 0.305769 0.893678 0.305769 0.892241 0.303846 0.889368 0.303846 0.887931 0.301923 0.886494 0.301923 0.885057 0.3 0.883621 0.3 0.882184 0.298077 0.880747 0.298077 0.87931 0.296154 0.87069 0.296154 0.869253 0.294231
0 0.0732759 0.298077 0.0718391 0.3 0.066092 0.3 0.0632184 0.303846 0.0617816 0.303846 0.0603448 0.305769 0.0560345 0.305769 0.0545977 0.307692 0.0545977 0.317308 0.0560345 0.319231 0.0560345 0.325 0.058908 0.328846 0.058908 0.330769 0.0632184 0.336538 0.0704023 0.336538 0.0718391 0.338462 0.0732759 0.338462 0.0775862 0.332692 0.079023 0.332692 0.0847701 0.325 0.0862069 0.325 0.0890805 0.321154 0.0905172 0.321154 0.0962644 0.313462 0.0962644 0.305769 0.091954 0.3 0.0876437 0.3 0.0862069 0.298077
0 0.988506 0.688462 0.987069 0.690385 0.985632 0.690385 0.984195 0.692308 0.982759 0.692308 0.975575 0.701923 0.975575 0.703846 0.974138 0.705769 0.974138 0.723077 0.975575 0.725 0.975575 0.732692 0.977011 0.734615 0.977011 0.742308 0.978448 0.744231 0.985632 0.744231 0.987069 0.742308 0.989943 0.742308 0.998563 0.730769 0.998563 0.692308 0.997126 0.690385 0.99569 0.690385 0.994253 0.688462
0 0.232759 0.0307692 0.231322 0.0326923 0.229885 0.0326923 0.228448 0.0346154 0.221264 0.0346154 0.216954 0.0403846 0.216954 0.0423077 0.215517 0.0442308 0.215517 0.0461538 0.218391 0.05 0.218391 0.0519231 0.219828 0.0538462 0.219828 0.0557692 0.222701 0.0596154 0.224138 0.0596154 0.228448 0.0653846 0.231322 0.0653846 0.232759 0.0673077 0.248563 0.0673077 0.25 0.0653846 0.252874 0.0653846 0.25431 0.0634615 0.25431 0.0615385 0.257184 0.0576923 0.257184 0.0442308 0.251437 0.0365385 0.25 0.0365385 0.248563 0.0346154 0.247126 0.0346154 0.24569 0.0326923 0.239943 0.0326923 0.238506 0.0307692
0 0.0689655 0.959615 0.0675287 0.961538 0.066092 0.961538 0.0646552 0.963462 0.0617816 0.963462 0.0603448 0.965385 0.058908 0.965385 0.0502874 0.976923 0.0502874 0.978846 0.0474138 0.982692 0.0474138 0.992308 0.0488506 0.994231 0.0488506 0.998077 0.0775862 0.998077 0.079023 0.996154 0.0804598 0.996154 0.0804598 0.988462 0.0818966 0.986538 0.0818966 0.978846 0.0833333 0.976923 0.0833333 0.967308 0.0804598 0.963462 0.079023 0.963462 0.0775862 0.961538 0.0761494 0.961538 0.0747126 0.959615
0 0.313218 0.0615385 0.311782 0.0634615 0.310345 0.0634615 0.308908 0.0653846 0.308908 0.0673077 0.307471 0.0692308 0.307471 0.0711538 0.306034 0.0730769 0.306034 0.0788462 0.304598 0.0807692 0.304598 0.0903846 0.306034 0.0923077 0.306034 0.0980769 0.311782 0.105769 0.313218 0.105769 0.314655 0.107692 0.316092 0.107692 0.317529 0.109615 0.320402 0.109615 0.321839 0.111538 0.329023 0.111538 0.33046 0.109615 0.331897 0.109615 0.336207 0.103846 0.336207 0.0980769 0.337644 0.0961538 0.337644 0.0903846 0.336207 0.0884615 0.336207 0.0846154 0.33477 0.0826923 0.33477 0.0692308 0.33046 0.0634615 0.327586 0.0634615 0.326149 0.0615385
0 0.859195 0.678846 0.857759 0.680769 0.853448 0.680769 0.852011 0.682692 0.852011 0.686538 0.850575 0.688462 0.850575 0.694231 0.852011 0.696154 0.852011 0.7 0.853448 0.701923 0.854885 0.701923 0.856322 0.703846 0.857759 0.703846 0.859195 0.705769 0.87069 0.705769 0.87069 0.7 0.869253 0.698077 0.869253 0.688462 0.867816 0.688462 0.866379 0.686538 0.866379 0.678846
0 0.880747 0.111538 0.87931 0.113462 0.873563 0.113462 0.872126 0.115385 0.87069 0.115385 0.866379 0.121154 0.866379 0.132692 0.867816 0.134615 0.867816 0.136538 0.872126 0.142308 0.875 0.142308 0.876437 0.144231 0.877874 0.144231 0.885057 0.153846 0.886494 0.153846 0.887931 0.155769 0.889368 0.155769 0.890805 0.157692 0.902299 0.157692 0.91092 0.146154 0.91092 0.136538 0.908046 0.132692 0.908046 0.130769 0.905172 0.126923 0.905172 0.125 0.903736 0.123077 0.899425 0.123077 0.895115 0.117308 0.893678 0.117308 0.892241 0.115385 0.890805 0.115385 0.889368 0.113462 0.883621 0.113462 0.882184 0.111538
0 0.954023 0.476923 0.951149 0.480769 0.951149 0.482692 0.952586 0.484615 0.954023 0.484615 0.95546 0.486538 0.956897 0.486538 0.961207 0.480769 0.958333 0.476923
0 0.698276 0.317308 0.695402 0.321154 0.695402 0.323077 0.692529 0.326923 0.692529 0.332692 0.693966 0.334615 0.693966 0.336538 0.692529 0.338462 0.692529 0.342308 0.693966 0.344231 0.693966 0.346154 0.696839 0.35 0.696839 0.351923 0.704023 0.361538 0.70546 0.361538 0.70977 0.367308 0.711207 0.367308 0.712644 0.369231 0.715517 0.369231 0.716954 0.371154 0.718391 0.371154 0.721264 0.375 0.724138 0.375 0.725575 0.376923 0.732759 0.376923 0.734195 0.375 0.735632 0.375 0.737069 0.373077 0.738506 0.373077 0.739943 0.371154 0.739943 0.369231 0.741379 0.367308 0.741379 0.351923 0.739943 0.35 0.739943 0.346154 0.738506 0.344231 0.738506 0.342308 0.731322 0.332692 0.729885 0.332692 0.728448 0.330769 0.727011 0.330769 0.725575 0.328846 0.724138 0.328846 0.722701 0.326923 0.718391 0.326923 0.716954 0.325 0.71408 0.325 0.711207 0.321154 0.704023 0.321154 0.702586 0.319231 0.701149 0.319231 0.699713 0.317308
0 0.0862069 0.371154 0.0847701 0.373077 0.0818966 0.373077 0.079023 0.376923 0.079023 0.380769 0.0775862 0.382692 0.0775862 0.386538 0.0804598 0.390385 0.0804598 0.392308 0.0833333 0.396154 0.0847701 0.396154 0.0862069 0.398077 0.0876437 0.398077 0.0905172 0.401923 0.0905172 0.403846 0.091954 0.405769 0.0977011 0.405769 0.100575 0.401923 0.103448 0.401923 0.104885 0.4 0.107759 0.4 0.110632 0.396154 0.112069 0.396154 0.114943 0.392308 0.116379 0.392308 0.119253 0.388462 0.119253 0.376923 0.114943 0.371154 0.109195 0.371154 0.107759 0.373077 0.0890805 0.373077 0.0876437 0.371154
0 0.948276 0.919231 0.943966 0.925 0.943966 0.928846 0.942529 0.930769 0.942529 0.932692 0.941092 0.934615 0.941092 0.938462 0.939655 0.940385 0.939655 0.948077 0.938218 0.95 0.938218 0.978846 0.941092 0.982692 0.948276 0.982692 0.95546 0.973077 0.95546 0.969231 0.956897 0.967308 0.956897 0.959615 0.958333 0.957692 0.958333 0.932692 0.956897 0.930769 0.956897 0.925 0.954023 0.921154 0.952586 0.921154 0.951149 0.919231
0 0.0933908 0.513462 0.091954 0.515385 0.0890805 0.515385 0.0876437 0.517308 0.0847701 0.517308 0.0833333 0.519231 0.0818966 0.519231 0.079023 0.523077 0.0775862 0.523077 0.0761494 0.525 0.0747126 0.525 0.0689655 0.532692 0.0689655 0.534615 0.0675287 0.536538 0.0675287 0.538462 0.0732759 0.546154 0.079023 0.546154 0.0804598 0.548077 0.0862069 0.548077 0.0876437 0.55 0.0933908 0.55 0.0948276 0.551923 0.0991379 0.551923 0.100575 0.55 0.106322 0.55 0.107759 0.551923 0.109195 0.551923 0.109195 0.55 0.106322 0.546154 0.106322 0.544231 0.104885 0.542308 0.104885 0.540385 0.102011 0.536538 0.102011 0.530769 0.104885 0.526923 0.109195 0.526923 0.110632 0.525 0.110632 0.523077 0.109195 0.521154 0.107759 0.521154 0.106322 0.519231 0.104885 0.519231 0.103448 0.517308 0.100575 0.517308 0.0991379 0.515385 0.0977011 0.515385 0.0962644 0.513462
0 0.175287 0.526923 0.173851 0.528846 0.170977 0.528846 0.16954 0.530769 0.16523 0.530769 0.163793 0.532692 0.16092 0.532692 0.158046 0.536538 0.155172 0.536538 0.152299 0.540385 0.150862 0.540385 0.149425 0.542308 0.147989 0.542308 0.143678 0.548077 0.142241 0.548077 0.139368 0.551923 0.139368 0.553846 0.135057 0.559615 0.135057 0.563462 0.136494 0.565385 0.136494 0.567308 0.137931 0.569231 0.137931 0.573077 0.143678 0.580769 0.147989 0.580769 0.150862 0.576923 0.155172 0.576923 0.156609 0.575 0.159483 0.575 0.16092 0.573077 0.162356 0.573077 0.16523 0.569231 0.166667 0.569231 0.175287 0.557692 0.175287 0.555769 0.176724 0.553846 0.176724 0.551923 0.182471 0.544231 0.183908 0.544231 0.185345 0.542308 0.185345 0.532692 0.182471 0.528846 0.181034 0.528846 0.179598 0.526923
0 0.857759 0.0519231 0.854885 0.0557692 0.853448 0.0557692 0.852011 0.0576923 0.852011 0.0673077 0.850575 0.0692308 0.850575 0.0730769 0.852011 0.075 0.852011 0.1 0.854885 0.103846 0.854885 0.107692 0.856322 0.109615 0.856322 0.111538 0.860632 0.117308 0.862069 0.117308 0.863506 0.119231 0.866379 0.119231 0.87069 0.113462 0.872126 0.113462 0.873563 0.111538 0.873563 0.107692 0.876437 0.103846 0.876437 0.0692308 0.873563 0.0653846 0.873563 0.0634615 0.867816 0.0557692 0.864943 0.0557692 0.862069 0.0519231
0 0.284483 0.365385 0.283046 0.367308 0.281609 0.367308 0.280172 0.369231 0.280172 0.371154 0.278736 0.373077 0.278736 0.376923 0.277299 0.378846 0.277299 0.382692 0.275862 0.384615 0.275862 0.388462 0.277299 0.390385 0.278736 0.390385 0.281609 0.394231 0.281609 0.4 0.283046 0.401923 0.284483 0.401923 0.288793 0.407692 0.29023 0.407692 0.291667 0.409615 0.29454 0.409615 0.295977 0.411538 0.297414 0.411538 0.298851 0.413462 0.300287 0.413462 0.301724 0.411538 0.313218 0.411538 0.317529 0.405769 0.317529 0.403846 0.320402 0.4 0.320402 0.396154 0.307471 0.378846 0.306034 0.378846 0.303161 0.375 0.303161 0.373077 0.301724 0.371154 0.300287 0.371154 0.295977 0.365385
0 0.852011 0.373077 0.847701 0.378846 0.843391 0.378846 0.841954 0.380769 0.841954 0.388462 0.843391 0.390385 0.843391 0.394231 0.844828 0.396154 0.844828 0.398077 0.846264 0.4 0.846264 0.401923 0.847701 0.403846 0.849138 0.403846 0.852011 0.407692 0.853448 0.407692 0.854885 0.409615 0.856322 0.409615 0.857759 0.411538 0.860632 0.411538 0.864943 0.417308 0.872126 0.417308 0.873563 0.419231 0.876437 0.419231 0.877874 0.417308 0.87931 0.417308 0.885057 0.409615 0.885057 0.407692 0.886494 0.405769 0.886494 0.398077 0.880747 0.390385 0.880747 0.388462 0.877874 0.384615 0.873563 0.384615 0.872126 0.382692 0.87069 0.382692 0.866379 0.376923 0.866379 0.375 0.863506 0.375 0.862069 0.373077
