0 0.125 0.515625 0.121094 0.519531 0.121094 0.523438 0.117188 0.527344 0.117188 0.542969 0.121094 0.546875 0.121094 0.554688 0.125 0.558594 0.125 0.566406 0.148438 0.589844 0.152344 0.589844 0.15625 0.59375 0.175781 0.59375 0.195312 0.574219 0.195312 0.570312 0.199219 0.566406 0.199219 0.535156 0.179688 0.515625
0 0.589844 0.417969 0.578125 0.429688 0.578125 0.445312 0.582031 0.449219 0.582031 0.453125 0.601562 0.472656 0.605469 0.472656 0.609375 0.476562 0.621094 0.476562 0.625 0.472656 0.628906 0.472656 0.632812 0.46875 0.640625 0.46875 0.644531 0.464844 0.644531 0.4375 0.640625 0.433594 0.636719 0.433594 0.632812 0.429688 0.625 0.429688 0.617188 0.421875 0.613281 0.421875 0.609375 0.417969
0 0.554688 0.03125 0.550781 0.0351562 0.542969 0.0351562 0.53125 0.046875 0.53125 0.0703125 0.546875 0.0859375 0.554688 0.0859375 0.558594 0.0898438 0.570312 0.0898438 0.574219 0.0859375 0.578125 0.0859375 0.582031 0.0820312 0.585938 0.0820312 0.589844 0.078125 0.589844 0.0742188 0.59375 0.0703125 0.59375 0.0585938 0.585938 0.0507812 0.585938 0.046875 0.574219 0.0351562 0.5625 0.0351562 0.558594 0.03125
0 0.738281 0.3125 0.734375 0.316406 0.730469 0.316406 0.71875 0.328125 0.71875 0.347656 0.722656 0.351562 0.722656 0.355469 0.726562 0.359375 0.726562 0.367188 0.734375 0.375 0.734375 0.382812 0.742188 0.390625 0.78125 0.390625 0.785156 0.386719 0.792969 0.386719 0.808594 0.371094 0.8125 0.371094 0.816406 0.367188 0.824219 0.367188 0.828125 0.363281 0.828125 0.34375 0.824219 0.339844 0.824219 0.332031 0.816406 0.324219 0.8125 0.324219 0.808594 0.320312 0.804688 0.320312 0.796875 0.3125
0 0.40625 0.5 0.398438 0.507812 0.394531 0.507812 0.390625 0.511719 0.390625 0.523438 0.382812 0.53125 0.382812 0.535156 0.386719 0.539062 0.386719 0.542969 0.398438 0.554688 0.40625 0.554688 0.410156 0.558594 0.433594 0.558594 0.445312 0.546875 0.445312 0.535156 0.449219 0.53125 0.449219 0.519531 0.445312 0.515625 0.445312 0.511719 0.441406 0.507812 0.441406 0.503906 0.4375 0.5
0 0.742188 0.5625 0.738281 0.566406 0.734375 0.566406 0.726562 0.574219 0.722656 0.574219 0.714844 0.582031 0.714844 0.585938 0.710938 0.589844 0.710938 0.601562 0.71875 0.609375 0.71875 0.613281 0.726562 0.621094 0.726562 0.625 0.734375 0.632812 0.734375 0.636719 0.738281 0.640625 0.75 0.640625 0.753906 0.644531 0.769531 0.644531 0.773438 0.640625 0.777344 0.640625 0.78125 0.636719 0.78125 0.632812 0.785156 0.628906 0.785156 0.609375 0.789062 0.605469 0.789062 0.589844 0.785156 0.585938 0.785156 0.582031 0.78125 0.578125 0.78125 0.574219 0.773438 0.566406 0.765625 0.566406 0.761719 0.5625
0 0.71875 0.425781 0.714844 0.429688 0.714844 0.433594 0.707031 0.441406 0.707031 0.449219 0.703125 0.453125 0.703125 0.457031 0.699219 0.460938 0.699219 0.464844 0.703125 0.46875 0.703125 0.472656 0.710938 0.480469 0.710938 0.484375 0.71875 0.492188 0.730469 0.492188 0.734375 0.496094 0.742188 0.496094 0.765625 0.472656 0.765625 0.457031 0.761719 0.453125 0.761719 0.445312 0.757812 0.441406 0.757812 0.4375 0.753906 0.433594 0.746094 0.433594 0.738281 0.425781
0 0.0898438 0.917969 0.0820312 0.925781 0.0820312 0.941406 0.0859375 0.945312 0.0859375 0.949219 0.09375 0.957031 0.101562 0.957031 0.113281 0.945312 0.113281 0.941406 0.117188 0.9375 0.117188 0.929688 0.109375 0.921875 0.105469 0.921875 0.101562 0.917969
0 0.925781 0.246094 0.921875 0.25 0.917969 0.25 0.902344 0.265625 0.902344 0.269531 0.898438 0.273438 0.898438 0.308594 0.902344 0.3125 0.90625 0.3125 0.910156 0.316406 0.921875 0.316406 0.925781 0.320312 0.941406 0.320312 0.945312 0.316406 0.949219 0.316406 0.953125 0.3125 0.957031 0.3125 0.960938 0.308594 0.960938 0.304688 0.964844 0.300781 0.964844 0.296875 0.96875 0.292969 0.96875 0.285156 0.976562 0.277344 0.976562 0.269531 0.96875 0.261719 0.96875 0.257812 0.964844 0.253906 0.960938 0.253906 0.957031 0.25 0.953125 0.25 0.949219 0.246094
0 0 0.722656 0 0.769531 0.0078125 0.769531 0.0117188 0.765625 0.0117188 0.726562 0.0078125 0.722656
0 0.578125 0.871094 0.5625 0.886719 0.5625 0.894531 0.558594 0.898438 0.558594 0.902344 0.554688 0.90625 0.554688 0.941406 0.558594 0.945312 0.558594 0.949219 0.566406 0.957031 0.566406 0.960938 0.570312 0.964844 0.613281 0.964844 0.625 0.953125 0.625 0.941406 0.628906 0.9375 0.628906 0.921875 0.625 0.917969 0.625 0.898438 0.621094 0.894531 0.621094 0.890625 0.601562 0.871094
0 0.605469 0 0.601562 0.00390625 0.601562 0.0273438 0.609375 0.0351562 0.609375 0.0390625 0.621094 0.0507812 0.628906 0.0507812 0.632812 0.0546875 0.644531 0.0546875 0.652344 0.046875 0.652344 0.0429688 0.660156 0.0351562 0.660156 0.0195312 0.65625 0.015625 0.65625 0.0078125 0.648438 0
0 0.320312 0.0351562 0.316406 0.0390625 0.316406 0.0546875 0.308594 0.0625 0.296875 0.0625 0.285156 0.0742188 0.285156 0.09375 0.292969 0.101562 0.292969 0.109375 0.296875 0.113281 0.296875 0.117188 0.304688 0.125 0.335938 0.125 0.339844 0.121094 0.347656 0.121094 0.351562 0.117188 0.355469 0.117188 0.363281 0.109375 0.363281 0.101562 0.367188 0.0976562 0.367188 0.0898438 0.363281 0.0859375 0.363281 0.0742188 0.359375 0.0703125 0.359375 0.0664062 0.347656 0.0546875 0.347656 0.046875 0.335938 0.0351562
0 0.183594 0.4375 0.175781 0.445312 0.175781 0.453125 0.171875 0.457031 0.171875 0.472656 0.175781 0.476562 0.175781 0.480469 0.179688 0.484375 0.183594 0.484375 0.1875 0.488281 0.21875 0.488281 0.238281 0.46875 0.242188 0.46875 0.246094 0.464844 0.246094 0.460938 0.226562 0.441406 0.195312 0.441406 0.191406 0.4375
0 0.75 0.78125 0.742188 0.789062 0.742188 0.792969 0.738281 0.796875 0.738281 0.800781 0.75 0.8125 0.761719 0.8125 0.769531 0.804688 0.769531 0.800781 0.773438 0.796875 0.773438 0.789062 0.765625 0.78125
0 0.167969 0.222656 0.164062 0.226562 0.160156 0.226562 0.152344 0.234375 0.152344 0.253906 0.148438 0.257812 0.148438 0.265625 0.167969 0.285156 0.171875 0.285156 0.179688 0.292969 0.1875 0.292969 0.191406 0.289062 0.203125 0.289062 0.210938 0.28125 0.210938 0.277344 0.214844 0.273438 0.214844 0.246094 0.210938 0.242188 0.210938 0.230469 0.207031 0.226562 0.203125 0.226562 0.199219 0.222656
0 0.621094 0.339844 0.617188 0.34375 0.609375 0.34375 0.605469 0.347656 0.601562 0.347656 0.597656 0.351562 0.597656 0.355469 0.585938 0.367188 0.585938 0.378906 0.589844 0.382812 0.589844 0.386719 0.59375 0.390625 0.59375 0.398438 0.597656 0.402344 0.601562 0.402344 0.609375 0.410156 0.617188 0.410156 0.625 0.402344 0.625 0.398438 0.636719 0.386719 0.636719 0.378906 0.632812 0.375 0.632812 0.371094 0.628906 0.367188 0.628906 0.359375 0.632812 0.355469 0.632812 0.34375 0.628906 0.339844
0 0.503906 0.574219 0.5 0.578125 0.492188 0.578125 0.484375 0.585938 0.484375 0.589844 0.480469 0.59375 0.480469 0.621094 0.484375 0.625 0.488281 0.625 0.492188 0.628906 0.5 0.628906 0.503906 0.632812 0.519531 0.632812 0.523438 0.628906 0.53125 0.628906 0.539062 0.621094 0.539062 0.613281 0.542969 0.609375 0.542969 0.59375 0.539062 0.589844 0.539062 0.585938 0.527344 0.574219
0 0 0.03125 0 0.0898438 0.015625 0.0898438 0.0195312 0.0859375 0.0195312 0.0820312 0.0234375 0.078125 0.0234375 0.0585938 0.0195312 0.0546875 0.0195312 0.046875 0.0078125 0.0351562 0.00390625 0.0351562
0 0.511719 0.464844 0.488281 0.488281 0.488281 0.507812 0.503906 0.523438 0.535156 0.523438 0.550781 0.507812 0.550781 0.492188 0.546875 0.488281 0.546875 0.476562 0.539062 0.46875 0.535156 0.46875 0.53125 0.464844
0 0.0625 0.164062 0.0585938 0.167969 0.0585938 0.191406 0.0625 0.195312 0.0664062 0.195312 0.0703125 0.199219 0.0742188 0.199219 0.078125 0.195312 0.0820312 0.195312 0.0898438 0.1875 0.0898438 0.175781 0.0859375 0.171875 0.0820312 0.171875 0.078125 0.167969 0.0703125 0.167969 0.0664062 0.164062
0 0.234375 0.386719 0.230469 0.390625 0.226562 0.390625 0.21875 0.398438 0.21875 0.410156 0.234375 0.425781 0.238281 0.425781 0.242188 0.429688 0.246094 0.429688 0.25 0.433594 0.253906 0.433594 0.257812 0.429688 0.265625 0.429688 0.269531 0.425781 0.277344 0.425781 0.28125 0.421875 0.28125 0.402344 0.277344 0.398438 0.277344 0.394531 0.273438 0.390625 0.261719 0.390625 0.257812 0.386719
0 0.667969 0.328125 0.664062 0.332031 0.660156 0.332031 0.652344 0.339844 0.652344 0.347656 0.667969 0.363281 0.667969 0.371094 0.675781 0.378906 0.679688 0.378906 0.683594 0.375 0.6875 0.375 0.691406 0.371094 0.691406 0.367188 0.695312 0.363281 0.695312 0.359375 0.699219 0.355469 0.699219 0.351562 0.703125 0.347656 0.703125 0.339844 0.691406 0.328125
0 0.628906 0.785156 0.617188 0.796875 0.617188 0.808594 0.613281 0.8125 0.613281 0.824219 0.628906 0.839844 0.632812 0.839844 0.636719 0.84375 0.640625 0.84375 0.644531 0.847656 0.652344 0.847656 0.664062 0.835938 0.664062 0.828125 0.667969 0.824219 0.667969 0.800781 0.652344 0.785156
0 0.578125 0.535156 0.574219 0.539062 0.570312 0.539062 0.566406 0.542969 0.566406 0.558594 0.570312 0.5625 0.570312 0.566406 0.574219 0.570312 0.59375 0.570312 0.605469 0.558594 0.605469 0.542969 0.597656 0.535156
0 0.769531 0.859375 0.765625 0.863281 0.757812 0.863281 0.753906 0.867188 0.75 0.867188 0.742188 0.875 0.742188 0.886719 0.746094 0.890625 0.753906 0.890625 0.761719 0.898438 0.761719 0.902344 0.777344 0.917969 0.777344 0.925781 0.78125 0.929688 0.78125 0.9375 0.785156 0.941406 0.789062 0.941406 0.792969 0.945312 0.804688 0.945312 0.820312 0.929688 0.820312 0.921875 0.824219 0.917969 0.824219 0.910156 0.820312 0.90625 0.820312 0.890625 0.792969 0.863281 0.777344 0.863281 0.773438 0.859375
0 0.230469 0.632812 0.226562 0.636719 0.214844 0.636719 0.207031 0.644531 0.207031 0.648438 0.203125 0.652344 0.203125 0.660156 0.207031 0.664062 0.207031 0.667969 0.191406 0.683594 0.191406 0.691406 0.1875 0.695312 0.1875 0.710938 0.203125 0.726562 0.210938 0.726562 0.214844 0.722656 0.242188 0.722656 0.246094 0.71875 0.246094 0.710938 0.253906 0.703125 0.257812 0.703125 0.261719 0.699219 0.261719 0.695312 0.265625 0.691406 0.265625 0.667969 0.261719 0.664062 0.261719 0.660156 0.25 0.648438 0.25 0.640625 0.246094 0.636719 0.242188 0.636719 0.238281 0.632812
0 0.964844 0.707031 0.960938 0.710938 0.953125 0.710938 0.941406 0.722656 0.941406 0.738281 0.945312 0.742188 0.945312 0.746094 0.949219 0.75 0.953125 0.75 0.957031 0.753906 0.96875 0.753906 0.972656 0.75 0.976562 0.75 0.992188 0.734375 0.992188 0.71875 0.980469 0.707031
0 0.289062 0.511719 0.285156 0.515625 0.269531 0.515625 0.261719 0.523438 0.261719 0.527344 0.257812 0.53125 0.257812 0.5625 0.269531 0.574219 0.277344 0.574219 0.28125 0.578125 0.3125 0.578125 0.320312 0.570312 0.320312 0.566406 0.324219 0.5625 0.324219 0.558594 0.328125 0.554688 0.328125 0.550781 0.335938 0.542969 0.335938 0.53125 0.332031 0.527344 0.332031 0.523438 0.328125 0.519531 0.324219 0.519531 0.316406 0.511719
0 0.300781 0.65625 0.296875 0.660156 0.296875 0.667969 0.292969 0.671875 0.292969 0.679688 0.289062 0.683594 0.289062 0.703125 0.300781 0.714844 0.308594 0.714844 0.3125 0.71875 0.324219 0.71875 0.328125 0.714844 0.335938 0.714844 0.34375 0.707031 0.34375 0.691406 0.339844 0.6875 0.339844 0.675781 0.328125 0.664062 0.324219 0.664062 0.320312 0.660156 0.316406 0.660156 0.3125 0.65625
0 0.570312 0.226562 0.566406 0.230469 0.558594 0.230469 0.550781 0.238281 0.546875 0.238281 0.542969 0.242188 0.542969 0.273438 0.546875 0.277344 0.546875 0.28125 0.554688 0.289062 0.558594 0.289062 0.5625 0.292969 0.570312 0.292969 0.574219 0.289062 0.582031 0.289062 0.585938 0.285156 0.589844 0.285156 0.597656 0.277344 0.597656 0.273438 0.601562 0.269531 0.601562 0.25 0.59375 0.242188 0.59375 0.238281 0.582031 0.226562
0 0.703125 0.707031 0.699219 0.710938 0.695312 0.710938 0.6875 0.71875 0.683594 0.71875 0.679688 0.722656 0.679688 0.726562 0.675781 0.730469 0.675781 0.734375 0.679688 0.738281 0.679688 0.742188 0.683594 0.746094 0.683594 0.75 0.6875 0.753906 0.6875 0.757812 0.695312 0.765625 0.722656 0.765625 0.730469 0.757812 0.730469 0.75 0.738281 0.742188 0.738281 0.738281 0.734375 0.734375 0.734375 0.722656 0.730469 0.71875 0.730469 0.714844 0.722656 0.707031
0 0.648438 0.0859375 0.640625 0.09375 0.640625 0.101562 0.636719 0.105469 0.636719 0.121094 0.640625 0.125 0.640625 0.128906 0.652344 0.140625 0.65625 0.140625 0.660156 0.144531 0.6875 0.144531 0.691406 0.140625 0.691406 0.132812 0.695312 0.128906 0.695312 0.105469 0.679688 0.0898438 0.675781 0.0898438 0.671875 0.0859375
0 0.734375 0.0898438 0.722656 0.101562 0.722656 0.105469 0.730469 0.113281 0.738281 0.113281 0.753906 0.128906 0.753906 0.132812 0.761719 0.140625 0.765625 0.140625 0.769531 0.144531 0.785156 0.144531 0.789062 0.140625 0.792969 0.140625 0.804688 0.128906 0.804688 0.125 0.808594 0.121094 0.808594 0.105469 0.796875 0.09375 0.785156 0.09375 0.78125 0.0976562 0.769531 0.0976562 0.765625 0.09375 0.761719 0.09375 0.757812 0.0976562 0.746094 0.0976562 0.738281 0.0898438
0 0.921875 0.964844 0.917969 0.96875 0.914062 0.96875 0.90625 0.976562 0.90625 0.996094 0.964844 0.996094 0.964844 0.984375 0.953125 0.972656 0.949219 0.972656 0.945312 0.96875 0.941406 0.96875 0.9375 0.964844
0 0.988281 0.128906 0.984375 0.132812 0.980469 0.132812 0.976562 0.136719 0.96875 0.136719 0.957031 0.148438 0.957031 0.152344 0.953125 0.15625 0.953125 0.183594 0.964844 0.195312 0.96875 0.195312 0.980469 0.207031 0.984375 0.207031 0.988281 0.203125 0.996094 0.203125 0.996094 0.128906
0 0.398438 0 0.398438 0.0078125 0.410156 0.0195312 0.421875 0.0195312 0.425781 0.015625 0.433594 0.015625 0.4375 0.0117188 0.441406 0.0117188 0.449219 0.00390625 0.449219 0
0 0.644531 0.953125 0.640625 0.957031 0.636719 0.957031 0.628906 0.964844 0.628906 0.96875 0.621094 0.976562 0.621094 0.984375 0.613281 0.992188 0.613281 0.996094 0.683594 0.996094 0.683594 0.984375 0.679688 0.980469 0.679688 0.976562 0.675781 0.972656 0.675781 0.96875 0.660156 0.953125
0 0.871094 0.597656 0.855469 0.613281 0.855469 0.621094 0.851562 0.625 0.851562 0.644531 0.859375 0.652344 0.859375 0.65625 0.863281 0.660156 0.867188 0.660156 0.871094 0.664062 0.890625 0.664062 0.894531 0.660156 0.898438 0.660156 0.90625 0.652344 0.90625 0.648438 0.910156 0.644531 0.910156 0.628906 0.902344 0.621094 0.902344 0.605469 0.894531 0.597656
0 0.886719 0.0585938 0.882812 0.0625 0.878906 0.0625 0.875 0.0664062 0.871094 0.0664062 0.867188 0.0703125 0.859375 0.0703125 0.84375 0.0859375 0.84375 0.0976562 0.839844 0.101562 0.839844 0.113281 0.84375 0.117188 0.847656 0.117188 0.855469 0.125 0.855469 0.128906 0.863281 0.136719 0.867188 0.136719 0.871094 0.140625 0.875 0.140625 0.878906 0.144531 0.882812 0.144531 0.886719 0.140625 0.890625 0.140625 0.898438 0.132812 0.902344 0.132812 0.910156 0.125 0.910156 0.121094 0.917969 0.113281 0.917969 0.105469 0.921875 0.101562 0.921875 0.09375 0.917969 0.0898438 0.917969 0.0859375 0.910156 0.078125 0.910156 0.0742188 0.894531 0.0585938
0 0 0.652344 0 0.71875 0.0078125 0.71875 0.0117188 0.722656 0.0234375 0.710938 0.0234375 0.707031 0.0273438 0.703125 0.0273438 0.695312 0.03125 0.691406 0.03125 0.679688 0.0273438 0.675781 0.0273438 0.664062 0.0195312 0.65625 0.015625 0.65625 0.0117188 0.652344
0 0.816406 0.1875 0.8125 0.191406 0.808594 0.191406 0.796875 0.203125 0.796875 0.207031 0.792969 0.210938 0.792969 0.21875 0.789062 0.222656 0.789062 0.242188 0.796875 0.25 0.800781 0.25 0.8125 0.261719 0.839844 0.261719 0.847656 0.253906 0.855469 0.253906 0.859375 0.25 0.859375 0.238281 0.863281 0.234375 0.863281 0.21875 0.859375 0.214844 0.859375 0.210938 0.855469 0.207031 0.855469 0.203125 0.839844 0.1875
0 0.722656 0.894531 0.714844 0.902344 0.710938 0.902344 0.707031 0.90625 0.707031 0.921875 0.710938 0.925781 0.710938 0.929688 0.714844 0.933594 0.714844 0.9375 0.722656 0.945312 0.746094 0.945312 0.75 0.941406 0.753906 0.941406 0.761719 0.933594 0.761719 0.914062 0.757812 0.910156 0.757812 0.90625 0.746094 0.894531
0 0.0429688 0.984375 0.0351562 0.992188 0.0351562 0.996094 0.0820312 0.996094 0.078125 0.996094 0.0742188 0.992188 0.0703125 0.992188 0.0664062 0.988281 0.0546875 0.988281 0.0507812 0.984375
0 0.453125 0.785156 0.449219 0.789062 0.445312 0.789062 0.429688 0.804688 0.429688 0.832031 0.445312 0.847656 0.449219 0.847656 0.453125 0.851562 0.46875 0.851562 0.472656 0.847656 0.472656 0.835938 0.480469 0.828125 0.488281 0.828125 0.492188 0.824219 0.492188 0.800781 0.480469 0.789062 0.472656 0.789062 0.46875 0.785156
0 0.824219 0.503906 0.816406 0.511719 0.816406 0.53125 0.820312 0.535156 0.820312 0.539062 0.824219 0.542969 0.824219 0.546875 0.828125 0.550781 0.832031 0.550781 0.839844 0.558594 0.871094 0.558594 0.875 0.554688 0.875 0.539062 0.878906 0.535156 0.878906 0.53125 0.882812 0.527344 0.882812 0.519531 0.878906 0.515625 0.871094 0.515625 0.859375 0.503906
0 0.691406 0.226562 0.6875 0.230469 0.683594 0.230469 0.671875 0.242188 0.671875 0.253906 0.667969 0.257812 0.667969 0.277344 0.671875 0.28125 0.671875 0.285156 0.683594 0.296875 0.695312 0.296875 0.699219 0.292969 0.707031 0.292969 0.710938 0.289062 0.71875 0.289062 0.722656 0.285156 0.722656 0.28125 0.730469 0.273438 0.730469 0.261719 0.734375 0.257812 0.734375 0.242188 0.722656 0.230469 0.714844 0.230469 0.710938 0.226562
0 0.824219 0.425781 0.816406 0.433594 0.816406 0.4375 0.8125 0.441406 0.8125 0.464844 0.820312 0.472656 0.820312 0.480469 0.828125 0.488281 0.847656 0.488281 0.855469 0.480469 0.859375 0.480469 0.871094 0.46875 0.871094 0.453125 0.867188 0.449219 0.867188 0.441406 0.863281 0.4375 0.863281 0.433594 0.855469 0.425781
0 0.800781 0 0.800781 0.00390625 0.808594 0.0117188 0.8125 0.0117188 0.816406 0.015625 0.824219 0.015625 0.828125 0.0117188 0.835938 0.0117188 0.839844 0.0078125 0.839844 0
0 0.128906 0.0820312 0.125 0.0859375 0.109375 0.0859375 0.105469 0.0898438 0.105469 0.0976562 0.101562 0.101562 0.101562 0.109375 0.078125 0.132812 0.078125 0.140625 0.0820312 0.144531 0.0820312 0.148438 0.0859375 0.152344 0.0859375 0.15625 0.0898438 0.160156 0.0976562 0.160156 0.101562 0.164062 0.109375 0.164062 0.117188 0.171875 0.136719 0.171875 0.140625 0.167969 0.144531 0.167969 0.148438 0.164062 0.152344 0.164062 0.15625 0.160156 0.15625 0.152344 0.160156 0.148438 0.160156 0.140625 0.15625 0.136719 0.15625 0.128906 0.152344 0.125 0.152344 0.105469 0.148438 0.101562 0.148438 0.0976562 0.132812 0.0820312
0 0.136719 0.769531 0.132812 0.773438 0.128906 0.773438 0.117188 0.785156 0.117188 0.792969 0.121094 0.796875 0.121094 0.800781 0.125 0.804688 0.125 0.8125 0.128906 0.816406 0.128906 0.820312 0.136719 0.828125 0.136719 0.832031 0.148438 0.84375 0.148438 0.847656 0.15625 0.855469 0.160156 0.855469 0.164062 0.859375 0.179688 0.859375 0.1875 0.851562 0.1875 0.835938 0.191406 0.832031 0.191406 0.828125 0.195312 0.824219 0.195312 0.8125 0.191406 0.808594 0.191406 0.804688 0.183594 0.796875 0.179688 0.796875 0.171875 0.789062 0.167969 0.789062 0.15625 0.777344 0.148438 0.777344 0.140625 0.769531
0 0.710938 0 0.710938 0.00390625 0.71875 0.0117188 0.726562 0.0117188 0.730469 0.015625 0.75 0.015625 0.753906 0.0117188 0.753906 0.0078125 0.757812 0.00390625 0.757812 0
0 0.535156 0.769531 0.53125 0.773438 0.527344 0.773438 0.523438 0.777344 0.519531 0.777344 0.515625 0.78125 0.515625 0.785156 0.511719 0.789062 0.511719 0.816406 0.519531 0.824219 0.523438 0.824219 0.53125 0.832031 0.550781 0.832031 0.566406 0.816406 0.566406 0.8125 0.570312 0.808594 0.570312 0.792969 0.566406 0.789062 0.566406 0.785156 0.5625 0.78125 0.5625 0.777344 0.554688 0.769531
0 0.0742188 0.234375 0.0703125 0.238281 0.0664062 0.238281 0.0585938 0.246094 0.0585938 0.257812 0.0546875 0.261719 0.0546875 0.285156 0.0585938 0.289062 0.0625 0.289062 0.0703125 0.296875 0.0742188 0.296875 0.078125 0.300781 0.113281 0.300781 0.117188 0.296875 0.121094 0.296875 0.128906 0.289062 0.128906 0.269531 0.125 0.265625 0.125 0.261719 0.121094 0.257812 0.121094 0.25 0.105469 0.234375
0 0.472656 0.660156 0.46875 0.664062 0.453125 0.664062 0.449219 0.667969 0.445312 0.667969 0.441406 0.671875 0.441406 0.6875 0.4375 0.691406 0.4375 0.707031 0.441406 0.710938 0.441406 0.71875 0.445312 0.722656 0.449219 0.722656 0.457031 0.730469 0.460938 0.730469 0.46875 0.738281 0.488281 0.738281 0.492188 0.734375 0.496094 0.734375 0.5 0.730469 0.503906 0.730469 0.511719 0.722656 0.511719 0.703125 0.515625 0.699219 0.515625 0.6875 0.511719 0.683594 0.511719 0.679688 0.496094 0.664062 0.488281 0.664062 0.484375 0.660156
0 0.46875 0.105469 0.464844 0.109375 0.457031 0.109375 0.453125 0.113281 0.449219 0.113281 0.4375 0.125 0.429688 0.125 0.425781 0.128906 0.425781 0.132812 0.421875 0.136719 0.421875 0.15625 0.425781 0.160156 0.425781 0.164062 0.441406 0.179688 0.445312 0.179688 0.453125 0.1875 0.476562 0.1875 0.5 0.164062 0.5 0.148438 0.496094 0.144531 0.496094 0.128906 0.492188 0.125 0.492188 0.121094 0.480469 0.109375 0.476562 0.109375 0.472656 0.105469
0 0.507812 0.351562 0.5 0.359375 0.496094 0.359375 0.492188 0.363281 0.492188 0.367188 0.488281 0.371094 0.488281 0.390625 0.492188 0.394531 0.492188 0.402344 0.496094 0.40625 0.5 0.40625 0.507812 0.414062 0.511719 0.414062 0.515625 0.417969 0.527344 0.417969 0.53125 0.414062 0.535156 0.414062 0.539062 0.410156 0.542969 0.410156 0.550781 0.402344 0.550781 0.375 0.546875 0.371094 0.546875 0.367188 0.535156 0.355469 0.53125 0.355469 0.527344 0.351562
0 0.921875 0 0.921875 0.0078125 0.925781 0.0117188 0.933594 0.0117188 0.941406 0.0195312 0.941406 0.046875 0.945312 0.0507812 0.996094 0.0507812 0.996094 0
0 0.34375 0.757812 0.339844 0.761719 0.332031 0.761719 0.328125 0.765625 0.324219 0.765625 0.320312 0.769531 0.320312 0.773438 0.316406 0.777344 0.316406 0.792969 0.320312 0.796875 0.320312 0.800781 0.332031 0.8125 0.335938 0.8125 0.339844 0.816406 0.355469 0.816406 0.359375 0.8125 0.363281 0.8125 0.375 0.800781 0.375 0.78125 0.371094 0.777344 0.371094 0.773438 0.359375 0.761719 0.351562 0.761719 0.347656 0.757812
0 0.894531 0.332031 0.890625 0.335938 0.878906 0.335938 0.859375 0.355469 0.859375 0.382812 0.871094 0.394531 0.871094 0.398438 0.882812 0.410156 0.886719 0.410156 0.890625 0.414062 0.90625 0.414062 0.910156 0.410156 0.914062 0.410156 0.941406 0.382812 0.941406 0.367188 0.9375 0.363281 0.9375 0.351562 0.933594 0.347656 0.933594 0.34375 0.929688 0.339844 0.925781 0.339844 0.921875 0.335938 0.914062 0.335938 0.910156 0.332031
0 0.308594 0.277344 0.292969 0.292969 0.292969 0.300781 0.296875 0.304688 0.296875 0.308594 0.304688 0.316406 0.3125 0.316406 0.316406 0.320312 0.324219 0.320312 0.328125 0.316406 0.332031 0.316406 0.339844 0.308594 0.339844 0.292969 0.335938 0.289062 0.335938 0.285156 0.328125 0.277344
0 0.109375 0.324219 0.101562 0.332031 0.101562 0.335938 0.09375 0.34375 0.09375 0.351562 0.0976562 0.355469 0.0976562 0.4375 0.105469 0.445312 0.109375 0.445312 0.113281 0.449219 0.136719 0.449219 0.148438 0.4375 0.152344 0.4375 0.160156 0.429688 0.160156 0.414062 0.15625 0.410156 0.15625 0.402344 0.160156 0.398438 0.160156 0.386719 0.164062 0.382812 0.164062 0.367188 0.15625 0.359375 0.15625 0.355469 0.140625 0.339844 0.132812 0.339844 0.117188 0.324219
0 0.941406 0.4375 0.9375 0.441406 0.929688 0.441406 0.925781 0.445312 0.925781 0.449219 0.921875 0.453125 0.921875 0.476562 0.917969 0.480469 0.917969 0.484375 0.921875 0.488281 0.921875 0.496094 0.941406 0.515625 0.953125 0.515625 0.957031 0.519531 0.96875 0.519531 0.976562 0.511719 0.980469 0.511719 0.984375 0.507812 0.984375 0.503906 0.988281 0.5 0.988281 0.484375 0.980469 0.476562 0.980469 0.472656 0.976562 0.46875 0.976562 0.464844 0.972656 0.460938 0.972656 0.457031 0.96875 0.453125 0.96875 0.449219 0.964844 0.445312 0.964844 0.441406 0.960938 0.4375
0 0.433594 0.238281 0.429688 0.242188 0.429688 0.246094 0.421875 0.253906 0.421875 0.261719 0.417969 0.265625 0.417969 0.269531 0.414062 0.273438 0.414062 0.277344 0.417969 0.28125 0.417969 0.285156 0.421875 0.289062 0.421875 0.292969 0.429688 0.300781 0.429688 0.304688 0.4375 0.3125 0.460938 0.3125 0.46875 0.304688 0.472656 0.304688 0.476562 0.300781 0.476562 0.296875 0.480469 0.292969 0.480469 0.289062 0.484375 0.285156 0.484375 0.28125 0.488281 0.277344 0.488281 0.261719 0.464844 0.238281
0 0.617188 0.625 0.605469 0.636719 0.605469 0.640625 0.601562 0.644531 0.601562 0.648438 0.597656 0.652344 0.597656 0.667969 0.601562 0.671875 0.601562 0.679688 0.605469 0.683594 0.609375 0.683594 0.621094 0.695312 0.625 0.695312 0.632812 0.703125 0.636719 0.703125 0.640625 0.707031 0.652344 0.707031 0.667969 0.691406 0.667969 0.6875 0.679688 0.675781 0.679688 0.660156 0.671875 0.652344 0.671875 0.648438 0.652344 0.628906 0.648438 0.628906 0.644531 0.625
