0 0.765625 0.90625 0.761719 0.910156 0.761719 0.917969 0.765625 0.921875 0.773438 0.921875 0.777344 0.917969 0.777344 0.910156 0.773438 0.90625
0 0.992188 0.863281 0.976562 0.878906 0.976562 0.886719 0.972656 0.890625 0.972656 0.917969 0.976562 0.921875 0.976562 0.929688 0.980469 0.933594 0.988281 0.933594 0.992188 0.9375 0.996094 0.9375 0.996094 0.863281
0 0.0976562 0.0351562 0.0898438 0.0429688 0.0898438 0.0585938 0.09375 0.0625 0.109375 0.0625 0.113281 0.0664062 0.117188 0.0664062 0.121094 0.0625 0.121094 0.0507812 0.117188 0.046875 0.117188 0.0390625 0.113281 0.0351562
0 0.132812 0.0390625 0.128906 0.0429688 0.128906 0.046875 0.125 0.0507812 0.125 0.0703125 0.148438 0.09375 0.148438 0.101562 0.152344 0.105469 0.160156 0.105469 0.164062 0.101562 0.164062 0.0898438 0.167969 0.0859375 0.167969 0.0585938 0.160156 0.0507812 0.15625 0.0507812 0.144531 0.0390625
0 0.996094 0.210938 0.992188 0.214844 0.992188 0.21875 0.988281 0.222656 0.988281 0.234375 0.984375 0.238281 0.984375 0.261719 0.988281 0.265625 0.988281 0.269531 0.996094 0.277344
0 0.21875 0.0898438 0.210938 0.0976562 0.210938 0.101562 0.203125 0.109375 0.203125 0.113281 0.199219 0.117188 0.199219 0.140625 0.203125 0.144531 0.203125 0.152344 0.214844 0.164062 0.21875 0.164062 0.222656 0.167969 0.226562 0.167969 0.230469 0.171875 0.234375 0.171875 0.238281 0.175781 0.25 0.175781 0.261719 0.164062 0.265625 0.164062 0.269531 0.160156 0.269531 0.15625 0.273438 0.152344 0.273438 0.148438 0.277344 0.144531 0.277344 0.132812 0.273438 0.128906 0.273438 0.113281 0.257812 0.0976562 0.257812 0.09375 0.253906 0.0898438
0 0.628906 0.425781 0.625 0.429688 0.625 0.4375 0.628906 0.441406 0.644531 0.441406 0.648438 0.4375 0.648438 0.429688 0.644531 0.425781
0 0.949219 0.4375 0.945312 0.441406 0.945312 0.449219 0.949219 0.453125 0.957031 0.453125 0.960938 0.449219 0.960938 0.441406 0.957031 0.4375
0 0.0195312 0.960938 0.015625 0.964844 0.0117188 0.964844 0 0.976562 0 0.996094 0.0585938 0.996094 0.0585938 0.984375 0.0546875 0.980469 0.0546875 0.96875 0.046875 0.960938
0 0.753906 0.273438 0.75 0.277344 0.742188 0.277344 0.738281 0.28125 0.738281 0.285156 0.730469 0.292969 0.730469 0.335938 0.746094 0.351562 0.785156 0.351562 0.792969 0.34375 0.792969 0.339844 0.796875 0.335938 0.796875 0.300781 0.792969 0.296875 0.792969 0.289062 0.789062 0.285156 0.78125 0.285156 0.773438 0.277344 0.765625 0.277344 0.761719 0.273438
0 0.238281 0.179688 0.234375 0.183594 0.234375 0.191406 0.238281 0.195312 0.246094 0.195312 0.25 0.191406 0.25 0.183594 0.246094 0.179688
0 0.648438 0.332031 0.640625 0.339844 0.640625 0.351562 0.636719 0.355469 0.636719 0.398438 0.632812 0.402344 0.632812 0.414062 0.636719 0.417969 0.644531 0.417969 0.652344 0.425781 0.660156 0.425781 0.664062 0.429688 0.707031 0.429688 0.71875 0.417969 0.71875 0.414062 0.722656 0.410156 0.722656 0.402344 0.726562 0.398438 0.726562 0.378906 0.722656 0.375 0.722656 0.371094 0.710938 0.359375 0.710938 0.351562 0.695312 0.335938 0.679688 0.335938 0.675781 0.332031
0 0.972656 0.71875 0.96875 0.722656 0.960938 0.722656 0.953125 0.730469 0.949219 0.730469 0.945312 0.734375 0.945312 0.738281 0.9375 0.746094 0.9375 0.753906 0.933594 0.757812 0.933594 0.773438 0.9375 0.777344 0.9375 0.785156 0.941406 0.789062 0.941406 0.792969 0.957031 0.808594 0.960938 0.808594 0.964844 0.8125 0.996094 0.8125 0.996094 0.71875
0 0.59375 0.269531 0.589844 0.273438 0.589844 0.28125 0.59375 0.285156 0.601562 0.285156 0.605469 0.28125 0.605469 0.273438 0.601562 0.269531
0 0.828125 0.835938 0.824219 0.839844 0.808594 0.839844 0.804688 0.84375 0.800781 0.84375 0.796875 0.847656 0.796875 0.855469 0.792969 0.859375 0.792969 0.863281 0.789062 0.867188 0.789062 0.871094 0.785156 0.875 0.785156 0.878906 0.78125 0.882812 0.78125 0.898438 0.796875 0.914062 0.796875 0.917969 0.800781 0.921875 0.808594 0.921875 0.8125 0.925781 0.824219 0.925781 0.828125 0.929688 0.832031 0.929688 0.839844 0.921875 0.847656 0.921875 0.851562 0.925781 0.855469 0.925781 0.859375 0.921875 0.863281 0.921875 0.871094 0.914062 0.871094 0.898438 0.878906 0.890625 0.878906 0.886719 0.882812 0.882812 0.882812 0.878906 0.878906 0.875 0.878906 0.871094 0.875 0.867188 0.875 0.863281 0.871094 0.859375 0.871094 0.847656 0.867188 0.84375 0.863281 0.84375 0.859375 0.839844 0.847656 0.839844 0.84375 0.835938
0 0.78125 0.121094 0.765625 0.136719 0.765625 0.15625 0.757812 0.164062 0.757812 0.179688 0.761719 0.183594 0.761719 0.1875 0.78125 0.207031 0.800781 0.207031 0.808594 0.199219 0.8125 0.199219 0.824219 0.1875 0.824219 0.183594 0.828125 0.179688 0.828125 0.164062 0.820312 0.15625 0.820312 0.148438 0.816406 0.144531 0.816406 0.132812 0.804688 0.121094
0 0.515625 0.921875 0.511719 0.925781 0.507812 0.925781 0.496094 0.9375 0.496094 0.941406 0.492188 0.945312 0.492188 0.949219 0.488281 0.953125 0.488281 0.960938 0.484375 0.964844 0.484375 0.992188 0.488281 0.996094 0.574219 0.996094 0.574219 0.992188 0.578125 0.988281 0.578125 0.980469 0.582031 0.976562 0.582031 0.960938 0.578125 0.957031 0.578125 0.949219 0.574219 0.945312 0.574219 0.941406 0.5625 0.929688 0.558594 0.929688 0.554688 0.925781 0.550781 0.925781 0.546875 0.921875
0 0.0859375 0.0625 0.0820312 0.0664062 0.0820312 0.09375 0.101562 0.113281 0.105469 0.113281 0.109375 0.117188 0.128906 0.117188 0.132812 0.113281 0.132812 0.0898438 0.109375 0.0664062 0.09375 0.0664062 0.0898438 0.0625
0 0.871094 0.179688 0.867188 0.183594 0.851562 0.183594 0.847656 0.1875 0.847656 0.195312 0.84375 0.199219 0.84375 0.203125 0.832031 0.214844 0.832031 0.222656 0.835938 0.226562 0.835938 0.230469 0.847656 0.242188 0.851562 0.242188 0.859375 0.25 0.867188 0.25 0.871094 0.253906 0.894531 0.253906 0.898438 0.25 0.910156 0.25 0.914062 0.246094 0.921875 0.246094 0.925781 0.242188 0.925781 0.210938 0.921875 0.207031 0.921875 0.199219 0.917969 0.195312 0.917969 0.191406 0.914062 0.1875 0.90625 0.1875 0.898438 0.179688
0 0.144531 0 0.136719 0.0078125 0.136719 0.0234375 0.140625 0.0273438 0.140625 0.03125 0.15625 0.046875 0.160156 0.046875 0.167969 0.0546875 0.207031 0.0546875 0.21875 0.0429688 0.21875 0.0390625 0.226562 0.03125 0.226562 0.00390625 0.222656 0
0 0.957031 0.914062 0.953125 0.917969 0.953125 0.925781 0.957031 0.929688 0.964844 0.929688 0.96875 0.925781 0.96875 0.917969 0.964844 0.914062
0 0.875 0.332031 0.871094 0.335938 0.863281 0.335938 0.855469 0.34375 0.855469 0.351562 0.859375 0.355469 0.863281 0.355469 0.871094 0.363281 0.871094 0.375 0.867188 0.378906 0.867188 0.414062 0.871094 0.417969 0.871094 0.421875 0.878906 0.429688 0.90625 0.429688 0.910156 0.433594 0.914062 0.433594 0.917969 0.429688 0.921875 0.429688 0.925781 0.425781 0.929688 0.425781 0.933594 0.421875 0.933594 0.398438 0.929688 0.394531 0.921875 0.394531 0.914062 0.386719 0.914062 0.375 0.921875 0.367188 0.921875 0.363281 0.917969 0.359375 0.917969 0.34375 0.914062 0.339844 0.910156 0.339844 0.90625 0.335938 0.894531 0.335938 0.890625 0.332031
0 0.875 0.488281 0.871094 0.492188 0.859375 0.492188 0.847656 0.503906 0.839844 0.503906 0.835938 0.507812 0.835938 0.53125 0.839844 0.535156 0.839844 0.546875 0.851562 0.558594 0.859375 0.558594 0.867188 0.566406 0.917969 0.566406 0.933594 0.550781 0.933594 0.542969 0.9375 0.539062 0.9375 0.527344 0.929688 0.519531 0.929688 0.511719 0.925781 0.507812 0.921875 0.507812 0.914062 0.5 0.910156 0.5 0.898438 0.488281
0 0.757812 0.953125 0.734375 0.976562 0.734375 0.980469 0.730469 0.984375 0.730469 0.988281 0.734375 0.992188 0.734375 0.996094 0.808594 0.996094 0.8125 0.992188 0.8125 0.980469 0.808594 0.976562 0.808594 0.972656 0.789062 0.953125
0 0.617188 0.226562 0.605469 0.238281 0.605469 0.265625 0.609375 0.269531 0.609375 0.273438 0.617188 0.28125 0.621094 0.28125 0.625 0.285156 0.652344 0.285156 0.65625 0.28125 0.660156 0.28125 0.667969 0.273438 0.667969 0.269531 0.671875 0.265625 0.671875 0.261719 0.675781 0.257812 0.675781 0.253906 0.648438 0.226562
0 0.0976562 0.945312 0.078125 0.964844 0.078125 0.976562 0.0820312 0.980469 0.0820312 0.984375 0.0859375 0.988281 0.0859375 0.992188 0.0898438 0.996094 0.160156 0.996094 0.160156 0.980469 0.15625 0.976562 0.15625 0.972656 0.152344 0.96875 0.152344 0.964844 0.136719 0.949219 0.132812 0.949219 0.128906 0.945312
0 0.707031 0.191406 0.703125 0.195312 0.699219 0.195312 0.695312 0.199219 0.695312 0.203125 0.691406 0.207031 0.691406 0.230469 0.695312 0.234375 0.699219 0.234375 0.703125 0.238281 0.707031 0.238281 0.710938 0.242188 0.726562 0.242188 0.730469 0.238281 0.734375 0.238281 0.738281 0.234375 0.738281 0.230469 0.742188 0.226562 0.742188 0.207031 0.738281 0.203125 0.738281 0.199219 0.734375 0.195312 0.726562 0.195312 0.722656 0.191406
0 0.894531 0.597656 0.890625 0.601562 0.871094 0.601562 0.851562 0.621094 0.851562 0.628906 0.859375 0.636719 0.871094 0.636719 0.878906 0.644531 0.878906 0.652344 0.871094 0.660156 0.867188 0.660156 0.867188 0.671875 0.875 0.679688 0.914062 0.679688 0.917969 0.675781 0.925781 0.675781 0.933594 0.667969 0.933594 0.632812 0.9375 0.628906 0.9375 0.625 0.933594 0.621094 0.933594 0.617188 0.921875 0.605469 0.917969 0.605469 0.914062 0.601562 0.902344 0.601562 0.898438 0.597656
0 0.0078125 0.0117188 0 0.0195312 0 0.0898438 0.0078125 0.0898438 0.015625 0.0976562 0.0234375 0.0976562 0.0273438 0.101562 0.0429688 0.101562 0.046875 0.0976562 0.0546875 0.0976562 0.0625 0.0898438 0.0625 0.0859375 0.0664062 0.0820312 0.0664062 0.0546875 0.0625 0.0507812 0.0625 0.0390625 0.0546875 0.03125 0.0546875 0.0273438 0.0507812 0.0234375 0.0429688 0.0234375 0.03125 0.0117188
0 0.621094 0.207031 0.617188 0.210938 0.617188 0.21875 0.621094 0.222656 0.628906 0.222656 0.632812 0.21875 0.632812 0.210938 0.628906 0.207031
0 0.714844 0.96875 0.710938 0.972656 0.710938 0.980469 0.714844 0.984375 0.722656 0.984375 0.726562 0.980469 0.726562 0.972656 0.722656 0.96875
