0 0.95 0.570312 0.946875 0.574219 0.94375 0.574219 0.93125 0.589844 0.93125 0.601562 0.928125 0.605469 0.928125 0.628906 0.93125 0.632812 0.93125 0.65625 0.934375 0.660156 0.934375 0.664062 0.9375 0.667969 0.9375 0.675781 0.940625 0.679688 0.940625 0.683594 0.971875 0.722656 0.975 0.722656 0.978125 0.726562 0.984375 0.726562 0.996875 0.710938 0.996875 0.625 0.984375 0.609375 0.984375 0.601562 0.978125 0.59375 0.978125 0.585938 0.975 0.582031 0.975 0.578125 0.971875 0.574219 0.96875 0.574219 0.965625 0.570312
0 0.83125 0.867188 0.828125 0.871094 0.80625 0.871094 0.803125 0.875 0.803125 0.886719 0.80625 0.890625 0.80625 0.90625 0.803125 0.910156 0.803125 0.917969 0.80625 0.921875 0.815625 0.921875 0.828125 0.90625 0.828125 0.902344 0.84375 0.882812 0.84375 0.871094 0.840625 0.867188
0 0.684375 0.332031 0.66875 0.351562 0.66875 0.355469 0.6625 0.363281 0.659375 0.363281 0.653125 0.371094 0.653125 0.382812 0.65625 0.386719 0.65625 0.390625 0.665625 0.402344 0.675 0.402344 0.68125 0.410156 0.68125 0.421875 0.684375 0.425781 0.684375 0.433594 0.6875 0.4375 0.6875 0.441406 0.690625 0.445312 0.690625 0.449219 0.7 0.460938 0.7 0.472656 0.703125 0.476562 0.715625 0.476562 0.71875 0.472656 0.71875 0.453125 0.715625 0.449219 0.715625 0.445312 0.70625 0.433594 0.70625 0.417969 0.725 0.394531 0.725 0.386719 0.73125 0.378906 0.73125 0.367188 0.728125 0.363281 0.728125 0.351562 0.721875 0.34375 0.71875 0.34375 0.715625 0.339844 0.70625 0.339844 0.703125 0.335938 0.7 0.335938 0.696875 0.332031
0 0.5125 0.410156 0.509375 0.414062 0.509375 0.417969 0.503125 0.425781 0.5 0.425781 0.496875 0.421875 0.478125 0.421875 0.475 0.425781 0.46875 0.425781 0.465625 0.429688 0.4625 0.429688 0.45625 0.4375 0.45 0.4375 0.44375 0.445312 0.44375 0.453125 0.440625 0.457031 0.440625 0.472656 0.4375 0.476562 0.4375 0.480469 0.440625 0.484375 0.440625 0.488281 0.44375 0.492188 0.44375 0.496094 0.446875 0.5 0.446875 0.507812 0.45 0.511719 0.45 0.519531 0.453125 0.523438 0.475 0.523438 0.4875 0.539062 0.490625 0.539062 0.49375 0.542969 0.50625 0.542969 0.509375 0.539062 0.509375 0.535156 0.51875 0.523438 0.521875 0.523438 0.528125 0.515625 0.528125 0.464844 0.525 0.460938 0.525 0.441406 0.521875 0.4375 0.521875 0.414062 0.51875 0.410156
0 0.35625 0.90625 0.353125 0.910156 0.353125 0.917969 0.35 0.921875 0.35 0.933594 0.353125 0.9375 0.353125 0.941406 0.359375 0.949219 0.3625 0.949219 0.365625 0.953125 0.36875 0.953125 0.371875 0.949219 0.375 0.949219 0.378125 0.945312 0.378125 0.929688 0.375 0.925781 0.375 0.910156 0.371875 0.90625
0 0.16875 0.703125 0.146875 0.730469 0.146875 0.738281 0.15 0.742188 0.15625 0.742188 0.1625 0.75 0.1625 0.769531 0.165625 0.773438 0.171875 0.773438 0.175 0.769531 0.175 0.75 0.178125 0.746094 0.178125 0.738281 0.175 0.734375 0.175 0.71875 0.178125 0.714844 0.178125 0.707031 0.175 0.703125
0 0.81875 0.550781 0.815625 0.554688 0.815625 0.558594 0.8125 0.5625 0.8125 0.574219 0.815625 0.578125 0.815625 0.582031 0.81875 0.585938 0.83125 0.585938 0.834375 0.589844 0.846875 0.589844 0.85 0.585938 0.85 0.566406 0.846875 0.5625 0.840625 0.5625 0.8375 0.558594 0.83125 0.558594 0.825 0.550781
0 0.6875 0.75 0.678125 0.761719 0.675 0.761719 0.671875 0.765625 0.665625 0.765625 0.6625 0.769531 0.659375 0.769531 0.65 0.78125 0.65 0.792969 0.640625 0.804688 0.640625 0.824219 0.65625 0.84375 0.6625 0.84375 0.665625 0.847656 0.66875 0.847656 0.671875 0.84375 0.684375 0.84375 0.6875 0.847656 0.690625 0.847656 0.69375 0.851562 0.696875 0.851562 0.7 0.847656 0.703125 0.847656 0.70625 0.84375 0.70625 0.839844 0.709375 0.835938 0.709375 0.832031 0.715625 0.824219 0.715625 0.820312 0.71875 0.816406 0.71875 0.804688 0.715625 0.800781 0.715625 0.789062 0.7125 0.785156 0.7125 0.777344 0.709375 0.773438 0.709375 0.769531 0.70625 0.765625 0.70625 0.761719 0.703125 0.757812 0.703125 0.753906 0.7 0.75
0 0.378125 0.96875 0.375 0.972656 0.353125 0.972656 0.340625 0.988281 0.340625 0.992188 0.34375 0.996094 0.41875 0.996094 0.409375 0.984375 0.409375 0.980469 0.40625 0.976562 0.403125 0.976562 0.396875 0.96875
0 0.825 0.726562 0.821875 0.730469 0.81875 0.730469 0.815625 0.734375 0.803125 0.734375 0.8 0.738281 0.79375 0.738281 0.784375 0.75 0.784375 0.769531 0.79375 0.78125 0.803125 0.78125 0.80625 0.785156 0.815625 0.785156 0.81875 0.789062 0.846875 0.789062 0.853125 0.78125 0.853125 0.773438 0.8625 0.761719 0.865625 0.761719 0.86875 0.765625 0.871875 0.765625 0.884375 0.75 0.878125 0.742188 0.878125 0.738281 0.875 0.734375 0.871875 0.734375 0.86875 0.730469 0.8375 0.730469 0.834375 0.726562
0 0.20625 0.75 0.2 0.757812 0.196875 0.757812 0.19375 0.761719 0.19375 0.769531 0.203125 0.78125 0.2125 0.78125 0.215625 0.777344 0.21875 0.777344 0.221875 0.773438 0.225 0.773438 0.228125 0.769531 0.228125 0.757812 0.221875 0.75
0 0.103125 0.371094 0.096875 0.378906 0.090625 0.378906 0.0875 0.382812 0.065625 0.382812 0.0625 0.386719 0.053125 0.386719 0.046875 0.394531 0.04375 0.394531 0.040625 0.398438 0.0375 0.398438 0.034375 0.402344 0.03125 0.402344 0.028125 0.40625 0.01875 0.40625 0.009375 0.417969 0.003125 0.417969 0 0.421875 0 0.488281 0.003125 0.488281 0.00625 0.484375 0.009375 0.484375 0.0125 0.480469 0.021875 0.480469 0.025 0.476562 0.034375 0.476562 0.040625 0.46875 0.04375 0.46875 0.05 0.460938 0.0625 0.460938 0.06875 0.453125 0.071875 0.453125 0.078125 0.445312 0.0875 0.445312 0.09375 0.4375 0.103125 0.4375 0.10625 0.433594 0.10625 0.417969 0.109375 0.414062 0.109375 0.394531 0.1125 0.390625 0.1125 0.375 0.109375 0.371094
0 0.98125 0.96875 0.971875 0.980469 0.9625 0.980469 0.95625 0.988281 0.95625 0.992188 0.953125 0.996094 0.996875 0.996094 0.996875 0.96875
0 0.284375 0.472656 0.28125 0.476562 0.271875 0.476562 0.26875 0.480469 0.265625 0.480469 0.259375 0.488281 0.25625 0.488281 0.25 0.496094 0.246875 0.496094 0.24375 0.5 0.240625 0.5 0.23125 0.511719 0.23125 0.519531 0.228125 0.523438 0.228125 0.535156 0.23125 0.539062 0.23125 0.546875 0.24375 0.5625 0.246875 0.5625 0.25 0.566406 0.259375 0.566406 0.2625 0.570312 0.278125 0.570312 0.28125 0.566406 0.290625 0.566406 0.29375 0.5625 0.3 0.5625 0.303125 0.558594 0.303125 0.550781 0.3125 0.539062 0.3125 0.535156 0.31875 0.527344 0.325 0.527344 0.328125 0.523438 0.328125 0.507812 0.325 0.503906 0.325 0.488281 0.315625 0.476562 0.3 0.476562 0.296875 0.472656
0 0.496875 0.914062 0.49375 0.917969 0.4875 0.917969 0.484375 0.921875 0.48125 0.921875 0.478125 0.925781 0.478125 0.933594 0.475 0.9375 0.475 0.996094 0.521875 0.996094 0.53125 0.984375 0.53125 0.949219 0.528125 0.945312 0.528125 0.941406 0.525 0.9375 0.525 0.925781 0.521875 0.921875 0.521875 0.917969 0.51875 0.914062
0 0.484375 0.714844 0.48125 0.71875 0.45625 0.71875 0.453125 0.722656 0.45 0.722656 0.446875 0.726562 0.44375 0.726562 0.428125 0.746094 0.428125 0.753906 0.43125 0.757812 0.43125 0.765625 0.4375 0.773438 0.44375 0.773438 0.46875 0.804688 0.471875 0.804688 0.475 0.800781 0.478125 0.800781 0.484375 0.808594 0.515625 0.808594 0.51875 0.804688 0.51875 0.769531 0.515625 0.765625 0.515625 0.761719 0.5125 0.757812 0.5125 0.753906 0.503125 0.742188 0.503125 0.734375 0.496875 0.726562 0.496875 0.71875 0.49375 0.714844
0 0.846875 0.191406 0.84375 0.195312 0.840625 0.195312 0.8375 0.199219 0.83125 0.199219 0.828125 0.203125 0.821875 0.203125 0.81875 0.207031 0.81875 0.214844 0.821875 0.21875 0.825 0.21875 0.828125 0.214844 0.83125 0.214844 0.834375 0.210938 0.85625 0.210938 0.859375 0.207031 0.859375 0.203125 0.8625 0.199219 0.8625 0.195312 0.859375 0.191406
0 0.296875 0.304688 0.29375 0.308594 0.2875 0.308594 0.284375 0.3125 0.278125 0.3125 0.265625 0.328125 0.253125 0.328125 0.246875 0.335938 0.24375 0.335938 0.240625 0.339844 0.2375 0.339844 0.234375 0.34375 0.221875 0.34375 0.209375 0.359375 0.209375 0.378906 0.2125 0.382812 0.215625 0.382812 0.21875 0.386719 0.234375 0.386719 0.2375 0.382812 0.253125 0.382812 0.25625 0.378906 0.2625 0.378906 0.265625 0.375 0.271875 0.375 0.284375 0.359375 0.29375 0.359375 0.303125 0.347656 0.30625 0.347656 0.309375 0.34375 0.3125 0.34375 0.321875 0.332031 0.321875 0.316406 0.31875 0.3125 0.315625 0.3125 0.309375 0.304688
0 0.884375 0.921875 0.88125 0.925781 0.878125 0.925781 0.875 0.929688 0.871875 0.929688 0.865625 0.9375 0.865625 0.949219 0.8625 0.953125 0.8625 0.960938 0.865625 0.964844 0.865625 0.980469 0.86875 0.984375 0.86875 0.988281 0.875 0.996094 0.91875 0.996094 0.925 0.988281 0.925 0.976562 0.928125 0.972656 0.928125 0.964844 0.93125 0.960938 0.93125 0.933594 0.928125 0.929688 0.91875 0.929688 0.915625 0.925781 0.903125 0.925781 0.9 0.921875
0 0.8375 0.503906 0.821875 0.523438 0.821875 0.535156 0.825 0.539062 0.825 0.546875 0.83125 0.554688 0.8375 0.554688 0.840625 0.558594 0.846875 0.558594 0.853125 0.566406 0.853125 0.570312 0.85625 0.570312 0.859375 0.566406 0.8625 0.566406 0.86875 0.558594 0.86875 0.542969 0.871875 0.539062 0.871875 0.53125 0.85 0.503906
0 0.6125 0.648438 0.609375 0.652344 0.60625 0.652344 0.603125 0.65625 0.603125 0.664062 0.6 0.667969 0.6 0.71875 0.609375 0.730469 0.6125 0.730469 0.615625 0.734375 0.625 0.734375 0.628125 0.738281 0.65625 0.738281 0.659375 0.734375 0.6625 0.734375 0.665625 0.730469 0.665625 0.707031 0.659375 0.699219 0.65625 0.699219 0.625 0.660156 0.625 0.65625 0.61875 0.648438
0 0.29375 0.683594 0.278125 0.703125 0.278125 0.714844 0.284375 0.722656 0.284375 0.742188 0.2875 0.746094 0.296875 0.746094 0.3 0.742188 0.3125 0.742188 0.315625 0.738281 0.31875 0.738281 0.321875 0.742188 0.33125 0.742188 0.3375 0.734375 0.346875 0.734375 0.35 0.730469 0.35 0.710938 0.346875 0.707031 0.346875 0.703125 0.334375 0.6875 0.33125 0.6875 0.328125 0.683594
0 0.81875 0.09375 0.815625 0.0976562 0.803125 0.0976562 0.796875 0.105469 0.79375 0.105469 0.790625 0.109375 0.775 0.109375 0.771875 0.113281 0.76875 0.113281 0.765625 0.117188 0.746875 0.117188 0.74375 0.121094 0.715625 0.121094 0.7125 0.125 0.7125 0.144531 0.715625 0.148438 0.753125 0.148438 0.75625 0.144531 0.7625 0.144531 0.765625 0.140625 0.79375 0.140625 0.796875 0.136719 0.815625 0.136719 0.821875 0.128906 0.821875 0.121094 0.828125 0.113281 0.828125 0.101562 0.821875 0.09375
0 0.4375 0 0.4375 0.0078125 0.440625 0.0117188 0.440625 0.0195312 0.44375 0.0234375 0.44375 0.0273438 0.446875 0.03125 0.446875 0.0429688 0.453125 0.0507812 0.45625 0.0507812 0.459375 0.0546875 0.4625 0.0546875 0.465625 0.0585938 0.475 0.0585938 0.478125 0.0546875 0.478125 0.0234375 0.48125 0.0195312 0.48125 0.015625 0.484375 0.0117188 0.484375 0.0078125 0.4875 0.00390625 0.4875 0
0 0.60625 0.871094 0.6 0.878906 0.6 0.894531 0.603125 0.898438 0.628125 0.898438 0.63125 0.894531 0.63125 0.886719 0.628125 0.882812 0.628125 0.875 0.625 0.871094
0 0.703125 0.570312 0.696875 0.578125 0.69375 0.578125 0.690625 0.582031 0.690625 0.585938 0.684375 0.59375 0.646875 0.59375 0.64375 0.597656 0.64375 0.605469 0.65 0.613281 0.65 0.617188 0.65625 0.625 0.6625 0.625 0.665625 0.628906 0.66875 0.628906 0.671875 0.632812 0.68125 0.632812 0.684375 0.636719 0.6875 0.636719 0.690625 0.640625 0.7 0.640625 0.703125 0.644531 0.709375 0.644531 0.7125 0.640625 0.715625 0.640625 0.721875 0.632812 0.721875 0.628906 0.728125 0.621094 0.728125 0.609375 0.725 0.605469 0.725 0.597656 0.715625 0.585938 0.715625 0.582031 0.7125 0.578125 0.7125 0.574219 0.709375 0.570312
0 0.83125 0.429688 0.828125 0.433594 0.825 0.433594 0.821875 0.4375 0.821875 0.441406 0.81875 0.445312 0.81875 0.46875 0.821875 0.472656 0.828125 0.472656 0.83125 0.476562 0.846875 0.476562 0.85 0.480469 0.85625 0.480469 0.865625 0.492188 0.86875 0.492188 0.875 0.5 0.878125 0.5 0.88125 0.503906 0.890625 0.503906 0.89375 0.5 0.896875 0.5 0.903125 0.492188 0.903125 0.488281 0.90625 0.484375 0.90625 0.464844 0.903125 0.460938 0.903125 0.457031 0.896875 0.449219 0.89375 0.449219 0.8875 0.441406 0.878125 0.441406 0.875 0.4375 0.871875 0.4375 0.86875 0.433594 0.859375 0.433594 0.85625 0.429688
0 0.765625 0.359375 0.7625 0.363281 0.75625 0.363281 0.746875 0.375 0.74375 0.375 0.740625 0.378906 0.734375 0.378906 0.728125 0.386719 0.728125 0.394531 0.709375 0.417969 0.709375 0.433594 0.71875 0.445312 0.71875 0.449219 0.721875 0.453125 0.721875 0.464844 0.734375 0.464844 0.7375 0.460938 0.74375 0.460938 0.746875 0.464844 0.75625 0.464844 0.7625 0.457031 0.7625 0.4375 0.765625 0.433594 0.765625 0.425781 0.76875 0.421875 0.76875 0.417969 0.771875 0.414062 0.771875 0.410156 0.78125 0.398438 0.78125 0.394531 0.7875 0.386719 0.7875 0.378906 0.784375 0.375 0.784375 0.367188 0.78125 0.363281 0.778125 0.363281 0.775 0.359375
0 0.89375 0.746094 0.890625 0.75 0.8875 0.75 0.871875 0.769531 0.871875 0.78125 0.88125 0.792969 0.8875 0.792969 0.9125 0.824219 0.9125 0.84375 0.909375 0.847656 0.909375 0.859375 0.90625 0.863281 0.90625 0.878906 0.915625 0.890625 0.91875 0.890625 0.921875 0.894531 0.928125 0.894531 0.93125 0.890625 0.934375 0.890625 0.9375 0.886719 0.94375 0.886719 0.953125 0.875 0.953125 0.871094 0.95625 0.867188 0.95625 0.851562 0.953125 0.847656 0.953125 0.84375 0.95 0.839844 0.95 0.769531 0.940625 0.757812 0.9375 0.757812 0.934375 0.753906 0.9125 0.753906 0.909375 0.75 0.90625 0.75 0.903125 0.746094
0 0.475 0.804688 0.471875 0.808594 0.465625 0.808594 0.453125 0.824219 0.453125 0.859375 0.45625 0.863281 0.4625 0.863281 0.465625 0.867188 0.46875 0.867188 0.471875 0.871094 0.48125 0.871094 0.484375 0.875 0.490625 0.875 0.49375 0.871094 0.496875 0.871094 0.503125 0.863281 0.503125 0.859375 0.50625 0.855469 0.50625 0.835938 0.503125 0.832031 0.503125 0.828125 0.5 0.824219 0.490625 0.824219 0.484375 0.816406 0.484375 0.8125 0.478125 0.804688
0 0.19375 0.816406 0.190625 0.820312 0.190625 0.851562 0.1875 0.855469 0.1875 0.859375 0.178125 0.871094 0.178125 0.875 0.16875 0.886719 0.16875 0.898438 0.171875 0.902344 0.178125 0.902344 0.18125 0.898438 0.18125 0.894531 0.19375 0.878906 0.19375 0.875 0.2 0.867188 0.2 0.859375 0.203125 0.855469 0.203125 0.820312 0.2 0.816406
0 0.29375 0.902344 0.290625 0.90625 0.28125 0.90625 0.278125 0.910156 0.278125 0.921875 0.28125 0.925781 0.28125 0.9375 0.275 0.945312 0.2625 0.945312 0.25625 0.953125 0.25625 0.964844 0.265625 0.976562 0.26875 0.976562 0.271875 0.980469 0.275 0.980469 0.278125 0.984375 0.290625 0.984375 0.29375 0.988281 0.303125 0.988281 0.30625 0.992188 0.3375 0.992188 0.3375 0.988281 0.35 0.972656 0.340625 0.960938 0.340625 0.957031 0.3375 0.953125 0.334375 0.953125 0.328125 0.945312 0.328125 0.9375 0.309375 0.914062 0.30625 0.914062 0.296875 0.902344
0 0.81875 0.621094 0.815625 0.625 0.80625 0.625 0.803125 0.628906 0.803125 0.640625 0.80625 0.644531 0.80625 0.652344 0.803125 0.65625 0.803125 0.664062 0.80625 0.667969 0.821875 0.667969 0.828125 0.660156 0.828125 0.625 0.825 0.621094
0 0.603125 0 0.603125 0.00390625 0.6 0.0078125 0.6 0.015625 0.603125 0.0195312 0.603125 0.03125 0.6 0.0351562 0.6 0.0390625 0.603125 0.0429688 0.603125 0.0507812 0.60625 0.0546875 0.60625 0.0625 0.609375 0.0664062 0.609375 0.09375 0.6125 0.0976562 0.6125 0.105469 0.615625 0.109375 0.615625 0.121094 0.621875 0.128906 0.64375 0.128906 0.65 0.121094 0.653125 0.121094 0.65625 0.117188 0.65625 0.113281 0.6625 0.105469 0.6625 0.09375 0.659375 0.0898438 0.659375 0.0859375 0.653125 0.078125 0.653125 0.0703125 0.65 0.0664062 0.65 0.0625 0.646875 0.0585938 0.646875 0.0546875 0.64375 0.0507812 0.64375 0.046875 0.640625 0.0429688 0.640625 0.0390625 0.6375 0.0351562 0.6375 0.0195312 0.621875 0
0 0.625 0.457031 0.6125 0.472656 0.60625 0.472656 0.603125 0.476562 0.590625 0.476562 0.578125 0.492188 0.5625 0.492188 0.559375 0.496094 0.559375 0.511719 0.565625 0.519531 0.565625 0.53125 0.56875 0.535156 0.56875 0.542969 0.571875 0.546875 0.6 0.546875 0.609375 0.535156 0.609375 0.527344 0.615625 0.519531 0.61875 0.519531 0.621875 0.515625 0.628125 0.515625 0.634375 0.507812 0.634375 0.5 0.6375 0.496094 0.6375 0.460938 0.634375 0.457031
0 0 0.601562 0 0.683594 0.009375 0.671875 0.009375 0.667969 0.025 0.648438 0.025 0.632812 0.015625 0.621094 0.015625 0.613281 0.0125 0.609375 0.009375 0.609375 0.003125 0.601562
0 0.584375 0.902344 0.578125 0.910156 0.578125 0.921875 0.571875 0.929688 0.56875 0.929688 0.565625 0.933594 0.565625 0.941406 0.571875 0.949219 0.5875 0.949219 0.59375 0.941406 0.59375 0.9375 0.596875 0.933594 0.596875 0.929688 0.6 0.925781 0.6 0.910156 0.596875 0.90625 0.59375 0.90625 0.590625 0.902344
0 0.534375 0.671875 0.528125 0.679688 0.521875 0.679688 0.51875 0.683594 0.51875 0.691406 0.521875 0.695312 0.521875 0.703125 0.525 0.707031 0.525 0.710938 0.528125 0.714844 0.565625 0.714844 0.56875 0.710938 0.571875 0.710938 0.575 0.707031 0.575 0.703125 0.584375 0.691406 0.584375 0.683594 0.58125 0.679688 0.571875 0.679688 0.56875 0.675781 0.565625 0.675781 0.5625 0.671875
0 0.43125 0.617188 0.428125 0.621094 0.4125 0.621094 0.409375 0.625 0.409375 0.648438 0.415625 0.65625 0.41875 0.65625 0.421875 0.660156 0.43125 0.660156 0.434375 0.664062 0.44375 0.664062 0.453125 0.675781 0.453125 0.695312 0.45625 0.699219 0.45625 0.703125 0.459375 0.707031 0.46875 0.707031 0.471875 0.703125 0.475 0.703125 0.478125 0.699219 0.478125 0.695312 0.48125 0.691406 0.48125 0.6875 0.484375 0.683594 0.484375 0.667969 0.48125 0.664062 0.48125 0.660156 0.478125 0.65625 0.478125 0.648438 0.471875 0.640625 0.471875 0.636719 0.46875 0.632812 0.46875 0.628906 0.459375 0.617188
0 0.128125 0.359375 0.11875 0.371094 0.11875 0.378906 0.125 0.386719 0.125 0.398438 0.121875 0.402344 0.121875 0.425781 0.125 0.429688 0.128125 0.429688 0.13125 0.433594 0.1375 0.433594 0.140625 0.4375 0.16875 0.4375 0.171875 0.441406 0.178125 0.441406 0.18125 0.4375 0.18125 0.425781 0.1875 0.417969 0.1875 0.394531 0.18125 0.386719 0.18125 0.382812 0.178125 0.378906 0.178125 0.375 0.175 0.371094 0.171875 0.371094 0.1625 0.359375
0 0.51875 0.625 0.509375 0.636719 0.50625 0.636719 0.503125 0.640625 0.503125 0.644531 0.5 0.648438 0.5 0.660156 0.50625 0.667969 0.521875 0.667969 0.525 0.664062 0.53125 0.664062 0.5375 0.65625 0.540625 0.65625 0.54375 0.652344 0.55 0.652344 0.55625 0.644531 0.55625 0.636719 0.553125 0.632812 0.55 0.632812 0.546875 0.628906 0.540625 0.628906 0.5375 0.625
0 0.28125 0.769531 0.275 0.777344 0.275 0.804688 0.28125 0.8125 0.284375 0.8125 0.290625 0.820312 0.303125 0.820312 0.30625 0.816406 0.3125 0.816406 0.321875 0.804688 0.321875 0.789062 0.31875 0.785156 0.315625 0.785156 0.3125 0.78125 0.309375 0.78125 0.30625 0.777344 0.296875 0.777344 0.290625 0.769531
0 0.2 0.953125 0.196875 0.957031 0.19375 0.957031 0.18125 0.972656 0.18125 0.996094 0.228125 0.996094 0.228125 0.976562 0.209375 0.953125
0 0.140625 0.820312 0.1375 0.824219 0.128125 0.824219 0.125 0.828125 0.121875 0.828125 0.1125 0.839844 0.1125 0.863281 0.115625 0.867188 0.115625 0.878906 0.11875 0.882812 0.13125 0.882812 0.134375 0.878906 0.15625 0.878906 0.159375 0.875 0.165625 0.875 0.16875 0.871094 0.16875 0.867188 0.178125 0.855469 0.178125 0.84375 0.171875 0.835938 0.171875 0.832031 0.1625 0.820312
0 0.015625 0.753906 0.0125 0.757812 0.009375 0.757812 0.00625 0.761719 0.003125 0.761719 0 0.765625 0 0.867188 0.009375 0.867188 0.0125 0.863281 0.015625 0.863281 0.021875 0.855469 0.025 0.855469 0.028125 0.851562 0.028125 0.847656 0.03125 0.84375 0.03125 0.835938 0.034375 0.832031 0.034375 0.828125 0.040625 0.820312 0.04375 0.820312 0.046875 0.816406 0.046875 0.808594 0.05 0.804688 0.05 0.796875 0.046875 0.792969 0.046875 0.785156 0.04375 0.78125 0.04375 0.777344 0.040625 0.773438 0.040625 0.769531 0.0375 0.765625 0.0375 0.761719 0.034375 0.757812 0.03125 0.757812 0.028125 0.753906
0 0.625 0.917969 0.6125 0.933594 0.6125 0.96875 0.61875 0.976562 0.625 0.976562 0.628125 0.980469 0.6375 0.980469 0.640625 0.984375 0.646875 0.984375 0.659375 0.96875 0.6625 0.96875 0.665625 0.964844 0.665625 0.957031 0.66875 0.953125 0.66875 0.941406 0.665625 0.9375 0.665625 0.929688 0.6625 0.925781 0.65625 0.925781 0.65 0.917969
0 0.190625 0.695312 0.1875 0.699219 0.1875 0.703125 0.184375 0.707031 0.184375 0.734375 0.1875 0.738281 0.190625 0.738281 0.19375 0.742188 0.2 0.742188 0.20625 0.734375 0.209375 0.734375 0.215625 0.726562 0.221875 0.726562 0.225 0.722656 0.225 0.714844 0.209375 0.695312
0 0.70625 0.917969 0.69375 0.933594 0.69375 0.9375 0.690625 0.941406 0.690625 0.945312 0.68125 0.957031 0.68125 0.964844 0.671875 0.976562 0.671875 0.988281 0.675 0.992188 0.675 0.996094 0.7125 0.996094 0.71875 0.988281 0.7375 0.988281 0.740625 0.984375 0.740625 0.976562 0.74375 0.972656 0.74375 0.957031 0.740625 0.953125 0.740625 0.945312 0.728125 0.929688 0.725 0.929688 0.71875 0.921875 0.7125 0.921875 0.709375 0.917969
0 0.55625 0.574219 0.553125 0.578125 0.540625 0.578125 0.525 0.597656 0.525 0.605469 0.528125 0.609375 0.56875 0.609375 0.571875 0.613281 0.578125 0.613281 0.58125 0.617188 0.590625 0.617188 0.59375 0.613281 0.59375 0.601562 0.5875 0.59375 0.5875 0.578125 0.584375 0.574219
0 0.896875 0.0820312 0.89375 0.0859375 0.890625 0.0859375 0.884375 0.09375 0.884375 0.121094 0.8875 0.125 0.890625 0.125 0.89375 0.121094 0.921875 0.121094 0.925 0.117188 0.928125 0.117188 0.9375 0.105469 0.9375 0.0976562 0.940625 0.09375 0.940625 0.0859375 0.9375 0.0820312
0 0.3375 0.398438 0.33125 0.40625 0.328125 0.40625 0.31875 0.417969 0.315625 0.417969 0.3125 0.421875 0.309375 0.421875 0.30625 0.425781 0.30625 0.429688 0.303125 0.433594 0.303125 0.449219 0.30625 0.453125 0.30625 0.460938 0.3125 0.46875 0.321875 0.46875 0.328125 0.476562 0.3375 0.476562 0.340625 0.472656 0.359375 0.472656 0.3625 0.46875 0.36875 0.46875 0.371875 0.472656 0.375 0.472656 0.378125 0.46875 0.38125 0.46875 0.39375 0.453125 0.39375 0.449219 0.3875 0.441406 0.38125 0.441406 0.371875 0.429688 0.371875 0.425781 0.375 0.421875 0.375 0.414062 0.365625 0.402344 0.35625 0.402344 0.353125 0.398438
0 0.875 0.351562 0.871875 0.355469 0.865625 0.355469 0.85625 0.367188 0.853125 0.367188 0.84375 0.378906 0.84375 0.382812 0.8375 0.390625 0.8375 0.398438 0.83125 0.40625 0.83125 0.417969 0.8375 0.425781 0.85625 0.425781 0.859375 0.429688 0.86875 0.429688 0.871875 0.433594 0.875 0.433594 0.878125 0.4375 0.9125 0.4375 0.91875 0.429688 0.91875 0.410156 0.915625 0.40625 0.915625 0.394531 0.9125 0.390625 0.9125 0.386719 0.903125 0.375 0.903125 0.367188 0.89375 0.355469 0.890625 0.355469 0.8875 0.351562
0 0.61875 0.164062 0.609375 0.175781 0.60625 0.175781 0.6 0.183594 0.596875 0.183594 0.578125 0.207031 0.578125 0.210938 0.571875 0.21875 0.56875 0.21875 0.565625 0.222656 0.565625 0.226562 0.5625 0.230469 0.5625 0.234375 0.559375 0.238281 0.559375 0.257812 0.5625 0.261719 0.590625 0.261719 0.59375 0.257812 0.596875 0.257812 0.6 0.253906 0.6125 0.253906 0.628125 0.234375 0.628125 0.230469 0.64375 0.210938 0.64375 0.1875 0.646875 0.183594 0.646875 0.179688 0.64375 0.175781 0.64375 0.171875 0.6375 0.164062
