0 0.214844 0.460938 0.210938 0.464844 0.207031 0.464844 0.199219 0.472656 0.199219 0.511719 0.207031 0.519531 0.207031 0.523438 0.210938 0.527344 0.214844 0.527344 0.21875 0.53125 0.253906 0.53125 0.257812 0.527344 0.261719 0.527344 0.265625 0.523438 0.265625 0.496094 0.261719 0.492188 0.261719 0.476562 0.246094 0.460938
0 0 0.148438 0 0.21875 0.00390625 0.21875 0.00390625 0.207031 0 0.203125 0 0.199219 0.00390625 0.195312 0.00390625 0.148438
0 0.683594 0.46875 0.667969 0.484375 0.667969 0.488281 0.664062 0.492188 0.664062 0.5 0.660156 0.503906 0.660156 0.507812 0.664062 0.511719 0.664062 0.523438 0.667969 0.527344 0.667969 0.535156 0.671875 0.539062 0.675781 0.539062 0.683594 0.546875 0.714844 0.546875 0.71875 0.542969 0.726562 0.542969 0.738281 0.53125 0.738281 0.496094 0.726562 0.484375 0.726562 0.480469 0.71875 0.472656 0.710938 0.472656 0.707031 0.46875
0 0.6875 0 0.6875 0.0078125 0.691406 0.0117188 0.707031 0.0117188 0.710938 0.015625 0.722656 0.015625 0.726562 0.0117188 0.734375 0.0117188 0.738281 0.0078125 0.75 0.0078125 0.753906 0.00390625 0.753906 0
0 0.230469 0.585938 0.226562 0.589844 0.222656 0.589844 0.210938 0.601562 0.210938 0.605469 0.207031 0.609375 0.207031 0.613281 0.203125 0.617188 0.203125 0.636719 0.207031 0.640625 0.207031 0.644531 0.222656 0.660156 0.242188 0.660156 0.246094 0.664062 0.25 0.664062 0.261719 0.652344 0.265625 0.652344 0.277344 0.640625 0.277344 0.636719 0.28125 0.632812 0.28125 0.605469 0.277344 0.601562 0.277344 0.597656 0.273438 0.59375 0.269531 0.59375 0.265625 0.589844 0.261719 0.589844 0.257812 0.585938
0 0.472656 0.230469 0.46875 0.234375 0.464844 0.234375 0.449219 0.25 0.449219 0.304688 0.453125 0.308594 0.488281 0.308594 0.492188 0.304688 0.496094 0.304688 0.5 0.300781 0.503906 0.300781 0.515625 0.289062 0.515625 0.277344 0.511719 0.273438 0.511719 0.257812 0.507812 0.253906 0.507812 0.246094 0.503906 0.242188 0.503906 0.238281 0.5 0.234375 0.492188 0.234375 0.488281 0.230469
0 0.0546875 0.480469 0.046875 0.488281 0.046875 0.492188 0.0429688 0.496094 0.0429688 0.515625 0.0390625 0.519531 0.0390625 0.539062 0.046875 0.546875 0.0625 0.546875 0.0703125 0.554688 0.09375 0.554688 0.0976562 0.550781 0.101562 0.550781 0.105469 0.546875 0.105469 0.5 0.09375 0.488281 0.0898438 0.488281 0.0820312 0.480469
0 0.441406 0.820312 0.4375 0.824219 0.429688 0.824219 0.417969 0.835938 0.417969 0.851562 0.421875 0.855469 0.421875 0.863281 0.425781 0.867188 0.425781 0.871094 0.429688 0.875 0.433594 0.875 0.4375 0.878906 0.441406 0.878906 0.445312 0.882812 0.449219 0.882812 0.453125 0.878906 0.460938 0.878906 0.476562 0.863281 0.476562 0.859375 0.488281 0.847656 0.488281 0.839844 0.484375 0.835938 0.484375 0.832031 0.476562 0.824219 0.46875 0.824219 0.464844 0.820312
0 0 0.0390625 0 0.0820312 0.00390625 0.0820312 0.00390625 0.0429688
0 0.347656 0.882812 0.34375 0.886719 0.339844 0.886719 0.335938 0.890625 0.332031 0.890625 0.328125 0.894531 0.328125 0.898438 0.324219 0.902344 0.324219 0.917969 0.320312 0.921875 0.320312 0.929688 0.332031 0.941406 0.335938 0.941406 0.339844 0.945312 0.347656 0.945312 0.351562 0.941406 0.359375 0.941406 0.378906 0.921875 0.378906 0.898438 0.375 0.894531 0.375 0.890625 0.371094 0.886719 0.367188 0.886719 0.363281 0.882812
0 0.414062 0.164062 0.410156 0.167969 0.410156 0.175781 0.414062 0.179688 0.421875 0.179688 0.425781 0.175781 0.425781 0.167969 0.421875 0.164062
0 0.871094 0.320312 0.867188 0.324219 0.863281 0.324219 0.859375 0.328125 0.859375 0.332031 0.851562 0.339844 0.851562 0.34375 0.847656 0.347656 0.847656 0.367188 0.851562 0.371094 0.851562 0.378906 0.867188 0.394531 0.878906 0.394531 0.882812 0.390625 0.890625 0.390625 0.898438 0.382812 0.902344 0.382812 0.90625 0.378906 0.910156 0.378906 0.921875 0.367188 0.921875 0.359375 0.925781 0.355469 0.925781 0.34375 0.921875 0.339844 0.921875 0.335938 0.914062 0.328125 0.910156 0.328125 0.90625 0.324219 0.902344 0.324219 0.898438 0.320312
0 0.589844 0.914062 0.585938 0.917969 0.570312 0.917969 0.566406 0.921875 0.550781 0.921875 0.542969 0.929688 0.542969 0.941406 0.546875 0.945312 0.546875 0.949219 0.542969 0.953125 0.542969 0.957031 0.546875 0.960938 0.546875 0.964844 0.558594 0.976562 0.558594 0.980469 0.566406 0.988281 0.578125 0.988281 0.582031 0.992188 0.59375 0.992188 0.597656 0.988281 0.601562 0.988281 0.609375 0.980469 0.609375 0.976562 0.628906 0.957031 0.628906 0.941406 0.625 0.9375 0.625 0.929688 0.613281 0.917969 0.609375 0.917969 0.605469 0.914062
0 0.3125 0.0742188 0.308594 0.078125 0.304688 0.078125 0.300781 0.0820312 0.296875 0.0820312 0.289062 0.0898438 0.289062 0.09375 0.285156 0.0976562 0.285156 0.109375 0.289062 0.113281 0.289062 0.121094 0.292969 0.125 0.292969 0.148438 0.296875 0.152344 0.34375 0.152344 0.351562 0.144531 0.351562 0.136719 0.355469 0.132812 0.355469 0.109375 0.351562 0.105469 0.351562 0.0976562 0.339844 0.0859375 0.335938 0.0859375 0.324219 0.0742188
0 0.566406 0.210938 0.5625 0.214844 0.558594 0.214844 0.546875 0.226562 0.546875 0.238281 0.542969 0.242188 0.542969 0.265625 0.546875 0.269531 0.546875 0.273438 0.550781 0.277344 0.558594 0.277344 0.5625 0.28125 0.578125 0.28125 0.582031 0.285156 0.59375 0.285156 0.597656 0.28125 0.605469 0.28125 0.613281 0.273438 0.613281 0.242188 0.609375 0.238281 0.609375 0.234375 0.605469 0.230469 0.605469 0.226562 0.597656 0.21875 0.59375 0.21875 0.589844 0.214844 0.582031 0.214844 0.578125 0.210938
0 0.773438 0.609375 0.769531 0.613281 0.769531 0.636719 0.773438 0.640625 0.792969 0.640625 0.800781 0.632812 0.800781 0.621094 0.789062 0.609375
0 0.632812 0.808594 0.625 0.816406 0.617188 0.816406 0.605469 0.828125 0.605469 0.835938 0.601562 0.839844 0.601562 0.851562 0.609375 0.859375 0.613281 0.859375 0.617188 0.863281 0.621094 0.863281 0.625 0.867188 0.632812 0.867188 0.636719 0.863281 0.640625 0.863281 0.644531 0.859375 0.648438 0.859375 0.652344 0.855469 0.652344 0.851562 0.65625 0.847656 0.65625 0.84375 0.660156 0.839844 0.660156 0.824219 0.644531 0.808594
0 0.503906 0.355469 0.5 0.359375 0.5 0.363281 0.484375 0.378906 0.484375 0.394531 0.488281 0.398438 0.488281 0.40625 0.492188 0.410156 0.492188 0.417969 0.496094 0.421875 0.5 0.421875 0.503906 0.425781 0.507812 0.425781 0.519531 0.4375 0.527344 0.4375 0.53125 0.433594 0.542969 0.433594 0.546875 0.429688 0.550781 0.429688 0.566406 0.414062 0.566406 0.398438 0.5625 0.394531 0.5625 0.378906 0.554688 0.371094 0.550781 0.371094 0.542969 0.363281 0.539062 0.363281 0.53125 0.355469
0 0.714844 0.871094 0.703125 0.882812 0.703125 0.890625 0.699219 0.894531 0.699219 0.902344 0.695312 0.90625 0.695312 0.925781 0.707031 0.9375 0.710938 0.9375 0.722656 0.949219 0.746094 0.949219 0.757812 0.9375 0.761719 0.9375 0.769531 0.929688 0.769531 0.894531 0.765625 0.890625 0.765625 0.886719 0.761719 0.882812 0.757812 0.882812 0.75 0.875 0.746094 0.875 0.742188 0.871094
0 0.921875 0.945312 0.917969 0.949219 0.914062 0.949219 0.90625 0.957031 0.902344 0.957031 0.886719 0.972656 0.886719 0.996094 0.96875 0.996094 0.972656 0.992188 0.972656 0.988281 0.976562 0.984375 0.976562 0.980469 0.972656 0.976562 0.972656 0.972656 0.964844 0.964844 0.964844 0.960938 0.960938 0.957031 0.957031 0.957031 0.953125 0.953125 0.949219 0.953125 0.945312 0.949219 0.941406 0.949219 0.9375 0.945312
0 0.265625 0.417969 0.246094 0.4375 0.246094 0.441406 0.242188 0.445312 0.242188 0.457031 0.246094 0.457031 0.265625 0.476562 0.265625 0.492188 0.269531 0.496094 0.269531 0.503906 0.277344 0.511719 0.308594 0.511719 0.316406 0.503906 0.320312 0.503906 0.328125 0.496094 0.335938 0.496094 0.339844 0.492188 0.339844 0.457031 0.332031 0.449219 0.332031 0.445312 0.308594 0.421875 0.300781 0.421875 0.296875 0.417969 0.289062 0.417969 0.285156 0.421875 0.28125 0.421875 0.277344 0.417969
0 0.339844 0 0.339844 0.0078125 0.34375 0.0117188 0.34375 0.015625 0.347656 0.0195312 0.347656 0.0234375 0.351562 0.0273438 0.359375 0.0273438 0.363281 0.03125 0.375 0.03125 0.378906 0.0273438 0.382812 0.0273438 0.386719 0.0234375 0.417969 0.0234375 0.421875 0.0195312 0.425781 0.0195312 0.4375 0.0078125 0.4375 0
0 0.640625 0.332031 0.636719 0.335938 0.632812 0.335938 0.617188 0.351562 0.617188 0.382812 0.628906 0.394531 0.632812 0.394531 0.636719 0.398438 0.640625 0.398438 0.644531 0.402344 0.664062 0.402344 0.6875 0.378906 0.6875 0.355469 0.683594 0.351562 0.683594 0.347656 0.679688 0.34375 0.679688 0.339844 0.671875 0.332031
0 0.347656 0.363281 0.34375 0.367188 0.335938 0.367188 0.332031 0.371094 0.328125 0.371094 0.320312 0.378906 0.320312 0.394531 0.316406 0.398438 0.316406 0.40625 0.320312 0.410156 0.320312 0.421875 0.332031 0.433594 0.339844 0.433594 0.34375 0.4375 0.363281 0.4375 0.382812 0.417969 0.382812 0.414062 0.386719 0.410156 0.386719 0.40625 0.382812 0.402344 0.382812 0.398438 0.386719 0.394531 0.386719 0.382812 0.378906 0.375 0.375 0.375 0.371094 0.371094 0.367188 0.371094 0.359375 0.363281
0 0.257812 0.921875 0.253906 0.925781 0.253906 0.929688 0.25 0.933594 0.25 0.9375 0.246094 0.941406 0.246094 0.945312 0.242188 0.949219 0.242188 0.976562 0.25 0.984375 0.25 0.992188 0.253906 0.996094 0.308594 0.996094 0.3125 0.992188 0.3125 0.945312 0.300781 0.933594 0.296875 0.933594 0.292969 0.929688 0.285156 0.929688 0.28125 0.925781 0.277344 0.925781 0.273438 0.921875
0 0.289062 0.8125 0.285156 0.816406 0.28125 0.816406 0.261719 0.835938 0.261719 0.84375 0.257812 0.847656 0.257812 0.855469 0.261719 0.859375 0.261719 0.863281 0.277344 0.878906 0.28125 0.878906 0.285156 0.882812 0.296875 0.882812 0.300781 0.878906 0.304688 0.878906 0.316406 0.867188 0.316406 0.863281 0.320312 0.859375 0.320312 0.851562 0.324219 0.847656 0.324219 0.832031 0.320312 0.828125 0.320312 0.824219 0.308594 0.8125
0 0.382812 0.179688 0.378906 0.183594 0.371094 0.183594 0.367188 0.1875 0.359375 0.1875 0.355469 0.191406 0.351562 0.191406 0.347656 0.195312 0.347656 0.207031 0.34375 0.210938 0.34375 0.21875 0.339844 0.222656 0.339844 0.25 0.355469 0.265625 0.359375 0.265625 0.363281 0.269531 0.390625 0.269531 0.394531 0.265625 0.40625 0.265625 0.410156 0.261719 0.414062 0.261719 0.417969 0.257812 0.417969 0.25 0.425781 0.242188 0.425781 0.238281 0.433594 0.230469 0.433594 0.195312 0.429688 0.191406 0.421875 0.191406 0.414062 0.183594 0.40625 0.183594 0.402344 0.179688
0 0.367188 0.507812 0.363281 0.511719 0.359375 0.511719 0.347656 0.523438 0.347656 0.558594 0.355469 0.566406 0.355469 0.574219 0.359375 0.578125 0.367188 0.578125 0.375 0.585938 0.390625 0.585938 0.394531 0.582031 0.402344 0.582031 0.40625 0.578125 0.414062 0.578125 0.417969 0.574219 0.417969 0.570312 0.421875 0.566406 0.421875 0.554688 0.417969 0.550781 0.417969 0.546875 0.414062 0.542969 0.414062 0.53125 0.40625 0.523438 0.402344 0.523438 0.386719 0.507812
0 0.00390625 0.691406 0 0.695312 0 0.757812 0.00390625 0.757812 0.0078125 0.753906 0.0195312 0.753906 0.0273438 0.746094 0.03125 0.746094 0.0429688 0.734375 0.0429688 0.722656 0.0390625 0.71875 0.0390625 0.707031 0.0351562 0.703125 0.03125 0.703125 0.0195312 0.691406
0 0.542969 0.0898438 0.539062 0.09375 0.535156 0.09375 0.523438 0.105469 0.523438 0.109375 0.519531 0.113281 0.519531 0.125 0.515625 0.128906 0.515625 0.144531 0.527344 0.15625 0.53125 0.15625 0.535156 0.160156 0.550781 0.160156 0.570312 0.140625 0.570312 0.136719 0.574219 0.132812 0.574219 0.125 0.578125 0.121094 0.578125 0.117188 0.574219 0.113281 0.574219 0.105469 0.558594 0.0898438
0 0.546875 0.617188 0.542969 0.621094 0.535156 0.621094 0.523438 0.632812 0.523438 0.636719 0.519531 0.640625 0.519531 0.648438 0.523438 0.652344 0.523438 0.667969 0.546875 0.691406 0.554688 0.691406 0.558594 0.695312 0.578125 0.695312 0.589844 0.683594 0.59375 0.683594 0.597656 0.679688 0.597656 0.675781 0.601562 0.671875 0.601562 0.667969 0.605469 0.664062 0.605469 0.636719 0.597656 0.628906 0.59375 0.628906 0.589844 0.625 0.585938 0.625 0.582031 0.621094 0.574219 0.621094 0.570312 0.617188
0 0.699219 0.613281 0.691406 0.621094 0.679688 0.621094 0.660156 0.640625 0.660156 0.679688 0.667969 0.6875 0.675781 0.6875 0.679688 0.683594 0.691406 0.683594 0.703125 0.695312 0.714844 0.695312 0.71875 0.691406 0.722656 0.691406 0.726562 0.6875 0.730469 0.6875 0.734375 0.683594 0.734375 0.679688 0.738281 0.675781 0.738281 0.671875 0.742188 0.667969 0.742188 0.632812 0.730469 0.621094 0.722656 0.621094 0.71875 0.617188 0.714844 0.617188 0.710938 0.613281
0 0.691406 0.726562 0.675781 0.742188 0.675781 0.753906 0.667969 0.761719 0.667969 0.773438 0.671875 0.777344 0.671875 0.792969 0.675781 0.796875 0.695312 0.796875 0.699219 0.800781 0.726562 0.800781 0.730469 0.804688 0.75 0.804688 0.753906 0.800781 0.761719 0.800781 0.765625 0.796875 0.769531 0.796875 0.773438 0.792969 0.773438 0.789062 0.78125 0.78125 0.78125 0.761719 0.777344 0.757812 0.777344 0.753906 0.769531 0.746094 0.769531 0.742188 0.761719 0.734375 0.757812 0.734375 0.753906 0.730469 0.726562 0.730469 0.722656 0.726562
0 0.578125 0.726562 0.574219 0.730469 0.570312 0.730469 0.566406 0.734375 0.5625 0.734375 0.558594 0.738281 0.558594 0.746094 0.5625 0.75 0.5625 0.753906 0.570312 0.761719 0.570312 0.765625 0.574219 0.769531 0.605469 0.769531 0.609375 0.765625 0.609375 0.753906 0.617188 0.746094 0.617188 0.734375 0.609375 0.726562
0 0.574219 0.429688 0.570312 0.433594 0.566406 0.433594 0.542969 0.457031 0.542969 0.484375 0.546875 0.488281 0.546875 0.496094 0.550781 0.5 0.550781 0.503906 0.554688 0.507812 0.558594 0.507812 0.5625 0.511719 0.617188 0.511719 0.621094 0.507812 0.625 0.507812 0.636719 0.496094 0.636719 0.492188 0.640625 0.488281 0.640625 0.445312 0.632812 0.4375 0.625 0.4375 0.617188 0.429688
0 0.0859375 0.566406 0.0820312 0.570312 0.0820312 0.578125 0.0859375 0.582031 0.09375 0.582031 0.0976562 0.578125 0.0976562 0.570312 0.09375 0.566406
0 0.480469 0 0.480469 0.0351562 0.488281 0.0429688 0.5 0.0429688 0.503906 0.046875 0.527344 0.046875 0.53125 0.0429688 0.539062 0.0429688 0.546875 0.0351562 0.546875 0.0273438 0.550781 0.0234375 0.550781 0.015625 0.546875 0.0117188 0.546875 0
