0 0.121094 0.296875 0.113281 0.304688 0.113281 0.335938 0.125 0.347656 0.125 0.351562 0.132812 0.359375 0.136719 0.359375 0.140625 0.363281 0.160156 0.363281 0.160156 0.359375 0.164062 0.355469 0.164062 0.328125 0.160156 0.324219 0.160156 0.320312 0.152344 0.3125 0.152344 0.308594 0.140625 0.296875
0 0.894531 0.191406 0.890625 0.195312 0.878906 0.195312 0.875 0.199219 0.867188 0.199219 0.863281 0.203125 0.859375 0.203125 0.84375 0.21875 0.84375 0.230469 0.847656 0.234375 0.847656 0.238281 0.851562 0.242188 0.851562 0.246094 0.902344 0.246094 0.90625 0.242188 0.910156 0.242188 0.929688 0.222656 0.929688 0.21875 0.933594 0.214844 0.933594 0.199219 0.929688 0.199219 0.925781 0.195312 0.921875 0.195312 0.917969 0.191406
0 0.832031 0.617188 0.828125 0.621094 0.824219 0.621094 0.820312 0.625 0.820312 0.65625 0.824219 0.660156 0.824219 0.671875 0.828125 0.675781 0.828125 0.679688 0.832031 0.683594 0.832031 0.6875 0.839844 0.695312 0.84375 0.695312 0.847656 0.699219 0.871094 0.699219 0.882812 0.6875 0.882812 0.683594 0.886719 0.679688 0.886719 0.667969 0.882812 0.664062 0.882812 0.660156 0.878906 0.65625 0.878906 0.648438 0.875 0.644531 0.875 0.640625 0.871094 0.636719 0.871094 0.632812 0.859375 0.621094 0.855469 0.621094 0.851562 0.617188
0 0.570312 0.53125 0.566406 0.535156 0.5625 0.535156 0.558594 0.539062 0.554688 0.539062 0.554688 0.574219 0.5625 0.582031 0.566406 0.582031 0.574219 0.589844 0.589844 0.589844 0.59375 0.585938 0.597656 0.585938 0.605469 0.578125 0.605469 0.554688 0.601562 0.550781 0.601562 0.546875 0.597656 0.542969 0.59375 0.542969 0.585938 0.535156 0.578125 0.535156 0.574219 0.53125
0 0.125 0.59375 0.117188 0.601562 0.117188 0.625 0.121094 0.628906 0.121094 0.636719 0.125 0.640625 0.125 0.644531 0.136719 0.65625 0.160156 0.65625 0.164062 0.652344 0.164062 0.617188 0.160156 0.613281 0.160156 0.609375 0.15625 0.605469 0.15625 0.601562 0.152344 0.601562 0.148438 0.597656 0.144531 0.597656 0.140625 0.59375
0 0.167969 0.117188 0.15625 0.128906 0.15625 0.148438 0.160156 0.152344 0.160156 0.15625 0.167969 0.164062 0.167969 0.167969 0.175781 0.175781 0.175781 0.179688 0.183594 0.1875 0.1875 0.1875 0.191406 0.191406 0.222656 0.191406 0.226562 0.1875 0.230469 0.1875 0.234375 0.183594 0.234375 0.175781 0.238281 0.171875 0.238281 0.167969 0.234375 0.164062 0.234375 0.160156 0.230469 0.15625 0.230469 0.152344 0.226562 0.148438 0.226562 0.144531 0.207031 0.125 0.203125 0.125 0.199219 0.121094 0.191406 0.121094 0.1875 0.117188
0 0.332031 0.980469 0.328125 0.984375 0.320312 0.984375 0.308594 0.996094 0.359375 0.996094 0.351562 0.988281 0.347656 0.988281 0.34375 0.984375 0.335938 0.984375
0 0.53125 0.226562 0.519531 0.238281 0.519531 0.269531 0.523438 0.269531 0.53125 0.277344 0.535156 0.277344 0.539062 0.28125 0.558594 0.28125 0.566406 0.273438 0.566406 0.238281 0.558594 0.230469 0.554688 0.230469 0.550781 0.226562
0 0.542969 0.078125 0.542969 0.0820312 0.539062 0.0859375 0.539062 0.09375 0.542969 0.0976562 0.550781 0.0976562 0.550781 0.078125
0 0.835938 0.84375 0.832031 0.847656 0.828125 0.847656 0.828125 0.851562 0.824219 0.855469 0.824219 0.878906 0.839844 0.894531 0.84375 0.894531 0.847656 0.898438 0.863281 0.898438 0.871094 0.890625 0.875 0.890625 0.875 0.886719 0.878906 0.882812 0.878906 0.863281 0.871094 0.855469 0.871094 0.851562 0.867188 0.851562 0.863281 0.847656 0.859375 0.847656 0.855469 0.84375
0 0.613281 0.441406 0.609375 0.445312 0.609375 0.460938 0.628906 0.460938 0.628906 0.441406
