0 0.41875 0.230469 0.415625 0.234375 0.415625 0.25 0.4125 0.253906 0.4125 0.257812 0.415625 0.261719 0.415625 0.265625 0.425 0.277344 0.425 0.28125 0.440625 0.300781 0.446875 0.300781 0.45 0.296875 0.45 0.289062 0.446875 0.285156 0.446875 0.269531 0.44375 0.265625 0.44375 0.257812 0.440625 0.253906 0.440625 0.25 0.43125 0.238281 0.428125 0.238281 0.421875 0.230469
0 0.4125 0.351562 0.4125 0.367188 0.415625 0.371094 0.415625 0.378906 0.421875 0.378906 0.425 0.375 0.425 0.359375 0.41875 0.351562
0 0.96875 0.332031 0.965625 0.335938 0.959375 0.335938 0.95625 0.339844 0.953125 0.339844 0.95 0.34375 0.95 0.347656 0.953125 0.351562 0.95625 0.351562 0.959375 0.355469 0.978125 0.355469 0.98125 0.359375 0.996875 0.359375 0.996875 0.335938 0.99375 0.332031
0 0.321875 0.492188 0.31875 0.496094 0.31875 0.523438 0.321875 0.527344 0.325 0.527344 0.328125 0.523438 0.328125 0.519531 0.33125 0.515625 0.33125 0.507812 0.328125 0.503906 0.328125 0.496094 0.325 0.492188
0 0.396875 0.671875 0.39375 0.675781 0.39375 0.683594 0.3875 0.691406 0.3875 0.695312 0.38125 0.703125 0.38125 0.710938 0.378125 0.714844 0.378125 0.742188 0.38125 0.746094 0.3875 0.746094 0.390625 0.75 0.39375 0.75 0.396875 0.753906 0.4 0.753906 0.415625 0.734375 0.415625 0.714844 0.4125 0.710938 0.4125 0.695312 0.409375 0.691406 0.409375 0.6875 0.40625 0.683594 0.40625 0.675781 0.403125 0.671875
0 0.05 0 0.05 0.0078125 0.059375 0.0195312 0.071875 0.0195312 0.075 0.015625 0.075 0
0 0.76875 0.113281 0.765625 0.117188 0.7625 0.117188 0.759375 0.121094 0.75625 0.121094 0.740625 0.140625 0.740625 0.144531 0.74375 0.148438 0.765625 0.148438 0.771875 0.140625 0.775 0.140625 0.778125 0.136719 0.78125 0.136719 0.7875 0.128906 0.7875 0.117188 0.784375 0.113281
0 0.321875 0.695312 0.309375 0.710938 0.309375 0.714844 0.30625 0.71875 0.30625 0.757812 0.3125 0.765625 0.31875 0.765625 0.328125 0.753906 0.328125 0.746094 0.33125 0.742188 0.33125 0.738281 0.334375 0.734375 0.334375 0.730469 0.3375 0.726562 0.3375 0.703125 0.33125 0.695312
0 0.84375 0.0703125 0.840625 0.0742188 0.8375 0.0742188 0.81875 0.0976562 0.81875 0.101562 0.79375 0.132812 0.79375 0.152344 0.796875 0.15625 0.815625 0.15625 0.825 0.144531 0.825 0.140625 0.83125 0.132812 0.83125 0.128906 0.8375 0.121094 0.8375 0.117188 0.840625 0.113281 0.840625 0.109375 0.846875 0.101562 0.846875 0.0898438 0.85 0.0859375 0.85 0.0820312 0.853125 0.078125 0.853125 0.0742188 0.85 0.0703125
0 0.3 0.539062 0.296875 0.542969 0.2875 0.542969 0.28125 0.550781 0.28125 0.558594 0.278125 0.5625 0.278125 0.59375 0.284375 0.601562 0.2875 0.601562 0.290625 0.605469 0.31875 0.605469 0.321875 0.601562 0.325 0.601562 0.33125 0.59375 0.33125 0.550781 0.325 0.542969 0.31875 0.542969 0.315625 0.539062
0 0.51875 0.613281 0.515625 0.617188 0.515625 0.621094 0.5125 0.625 0.5125 0.632812 0.503125 0.644531 0.503125 0.648438 0.5 0.652344 0.5 0.65625 0.496875 0.660156 0.496875 0.695312 0.49375 0.699219 0.49375 0.710938 0.496875 0.714844 0.503125 0.714844 0.50625 0.710938 0.509375 0.710938 0.5125 0.707031 0.5125 0.695312 0.515625 0.691406 0.515625 0.679688 0.51875 0.675781 0.51875 0.664062 0.521875 0.660156 0.521875 0.648438 0.525 0.644531 0.525 0.617188 0.521875 0.613281
0 0.821875 0.25 0.81875 0.253906 0.8125 0.253906 0.809375 0.257812 0.80625 0.257812 0.803125 0.261719 0.8 0.261719 0.79375 0.269531 0.790625 0.269531 0.7875 0.273438 0.7875 0.285156 0.790625 0.289062 0.8125 0.289062 0.815625 0.285156 0.81875 0.285156 0.821875 0.28125 0.825 0.28125 0.834375 0.269531 0.8375 0.269531 0.846875 0.257812 0.846875 0.253906 0.84375 0.25
0 0.4375 0.457031 0.434375 0.460938 0.434375 0.464844 0.43125 0.46875 0.43125 0.484375 0.434375 0.488281 0.4375 0.488281 0.440625 0.484375 0.440625 0.480469 0.44375 0.476562 0.44375 0.460938 0.440625 0.457031
0 0.475 0.101562 0.471875 0.105469 0.471875 0.121094 0.46875 0.125 0.46875 0.140625 0.471875 0.144531 0.471875 0.164062 0.478125 0.171875 0.48125 0.171875 0.484375 0.167969 0.484375 0.132812 0.48125 0.128906 0.48125 0.105469 0.478125 0.101562
0 0.88125 0.277344 0.878125 0.28125 0.86875 0.28125 0.865625 0.285156 0.8625 0.285156 0.859375 0.289062 0.853125 0.289062 0.85 0.292969 0.85 0.300781 0.853125 0.304688 0.890625 0.304688 0.89375 0.300781 0.896875 0.300781 0.9 0.296875 0.909375 0.296875 0.91875 0.285156 0.91875 0.28125 0.915625 0.277344
0 0.825 0.355469 0.821875 0.359375 0.78125 0.359375 0.778125 0.363281 0.775 0.363281 0.765625 0.375 0.765625 0.378906 0.76875 0.382812 0.771875 0.382812 0.775 0.386719 0.8 0.386719 0.803125 0.382812 0.809375 0.382812 0.815625 0.375 0.81875 0.375 0.821875 0.371094 0.825 0.371094 0.828125 0.367188 0.83125 0.367188 0.834375 0.363281 0.834375 0.359375 0.83125 0.355469
0 0.234375 0.628906 0.225 0.640625 0.225 0.664062 0.228125 0.667969 0.228125 0.679688 0.23125 0.683594 0.23125 0.695312 0.2375 0.703125 0.2375 0.707031 0.240625 0.710938 0.259375 0.710938 0.2625 0.707031 0.2625 0.699219 0.265625 0.695312 0.265625 0.648438 0.259375 0.640625 0.259375 0.636719 0.253125 0.628906
0 0.43125 0.785156 0.428125 0.789062 0.428125 0.804688 0.43125 0.808594 0.434375 0.808594 0.4375 0.804688 0.4375 0.789062 0.434375 0.785156
0 0.55 0 0.55 0.015625 0.56875 0.0390625 0.575 0.0390625 0.58125 0.03125 0.58125 0.0078125 0.578125 0.00390625 0.578125 0
0 0.3 0.84375 0.290625 0.855469 0.290625 0.863281 0.278125 0.878906 0.278125 0.890625 0.275 0.894531 0.275 0.898438 0.271875 0.902344 0.271875 0.90625 0.26875 0.910156 0.26875 0.914062 0.265625 0.917969 0.265625 0.921875 0.26875 0.925781 0.278125 0.925781 0.2875 0.914062 0.2875 0.90625 0.296875 0.894531 0.3 0.894531 0.303125 0.890625 0.303125 0.886719 0.309375 0.878906 0.309375 0.875 0.315625 0.867188 0.315625 0.863281 0.31875 0.859375 0.31875 0.851562 0.315625 0.847656 0.30625 0.847656 0.303125 0.84375
0 0.609375 0.136719 0.60625 0.140625 0.60625 0.144531 0.603125 0.148438 0.603125 0.152344 0.6 0.15625 0.6 0.160156 0.596875 0.164062 0.596875 0.171875 0.59375 0.175781 0.59375 0.1875 0.596875 0.191406 0.603125 0.191406 0.61875 0.171875 0.61875 0.167969 0.621875 0.164062 0.621875 0.160156 0.625 0.15625 0.625 0.140625 0.621875 0.136719
0 0.453125 0.507812 0.45 0.511719 0.446875 0.511719 0.4375 0.523438 0.4375 0.527344 0.428125 0.539062 0.428125 0.5625 0.434375 0.570312 0.44375 0.570312 0.45 0.5625 0.45 0.558594 0.45625 0.550781 0.45625 0.542969 0.4625 0.535156 0.4625 0.527344 0.465625 0.523438 0.465625 0.515625 0.459375 0.507812
0 0.565625 0.0742188 0.5625 0.078125 0.5625 0.152344 0.56875 0.160156 0.571875 0.160156 0.58125 0.148438 0.58125 0.136719 0.584375 0.132812 0.584375 0.105469 0.58125 0.101562 0.58125 0.0859375 0.578125 0.0820312 0.578125 0.078125 0.575 0.0742188
0 0.3375 0.761719 0.334375 0.765625 0.33125 0.765625 0.325 0.773438 0.325 0.796875 0.328125 0.800781 0.328125 0.804688 0.33125 0.808594 0.33125 0.8125 0.334375 0.816406 0.34375 0.816406 0.346875 0.8125 0.35 0.8125 0.353125 0.808594 0.35625 0.808594 0.359375 0.804688 0.3625 0.804688 0.365625 0.800781 0.365625 0.796875 0.371875 0.789062 0.371875 0.777344 0.36875 0.773438 0.36875 0.769531 0.3625 0.761719
0 0.940625 0.140625 0.9375 0.144531 0.9375 0.148438 0.94375 0.15625 0.971875 0.15625 0.975 0.152344 0.9875 0.152344 0.990625 0.148438 0.990625 0.144531 0.9875 0.140625
0 0.384375 0.171875 0.38125 0.175781 0.38125 0.179688 0.384375 0.183594 0.384375 0.1875 0.3875 0.191406 0.390625 0.191406 0.39375 0.1875 0.39375 0.179688 0.3875 0.171875
0 0.4625 0.132812 0.459375 0.136719 0.459375 0.15625 0.4625 0.160156 0.4625 0.183594 0.465625 0.1875 0.465625 0.191406 0.46875 0.195312 0.471875 0.195312 0.475 0.191406 0.475 0.171875 0.46875 0.164062 0.46875 0.144531 0.465625 0.140625 0.465625 0.132812
0 0.65625 0.148438 0.653125 0.152344 0.65 0.152344 0.64375 0.160156 0.640625 0.160156 0.61875 0.1875 0.61875 0.203125 0.615625 0.207031 0.615625 0.234375 0.621875 0.242188 0.63125 0.242188 0.634375 0.238281 0.6375 0.238281 0.64375 0.230469 0.64375 0.226562 0.659375 0.207031 0.659375 0.203125 0.6625 0.199219 0.6625 0.191406 0.66875 0.183594 0.66875 0.152344 0.665625 0.148438
0 0.75 0.15625 0.746875 0.160156 0.74375 0.160156 0.740625 0.164062 0.7375 0.164062 0.734375 0.167969 0.734375 0.171875 0.73125 0.175781 0.73125 0.179688 0.7125 0.203125 0.7125 0.226562 0.71875 0.234375 0.73125 0.234375 0.740625 0.222656 0.740625 0.21875 0.746875 0.210938 0.746875 0.207031 0.78125 0.164062 0.78125 0.160156 0.778125 0.15625
0 0.15625 0.765625 0.153125 0.769531 0.153125 0.777344 0.15625 0.78125 0.159375 0.78125 0.1625 0.785156 0.165625 0.785156 0.16875 0.789062 0.171875 0.789062 0.1875 0.808594 0.1875 0.8125 0.190625 0.816406 0.19375 0.8125 0.19375 0.796875 0.18125 0.78125 0.178125 0.78125 0.175 0.777344 0.171875 0.777344 0.16875 0.773438 0.165625 0.773438 0.159375 0.765625
0 0.125 0.890625 0.121875 0.894531 0.11875 0.894531 0.115625 0.898438 0.115625 0.902344 0.096875 0.925781 0.096875 0.929688 0.090625 0.9375 0.090625 0.941406 0.1 0.953125 0.103125 0.953125 0.10625 0.957031 0.1125 0.957031 0.115625 0.960938 0.11875 0.960938 0.13125 0.976562 0.13125 0.984375 0.134375 0.984375 0.146875 0.96875 0.146875 0.964844 0.15 0.960938 0.15 0.953125 0.153125 0.949219 0.153125 0.945312 0.15625 0.941406 0.15625 0.925781 0.153125 0.921875 0.153125 0.917969 0.15 0.914062 0.15 0.910156 0.14375 0.902344 0.14375 0.898438 0.1375 0.890625
0 0.303125 0.417969 0.3 0.421875 0.296875 0.421875 0.2875 0.433594 0.2875 0.445312 0.290625 0.449219 0.290625 0.453125 0.29375 0.457031 0.29375 0.460938 0.296875 0.464844 0.328125 0.464844 0.33125 0.460938 0.33125 0.429688 0.325 0.421875 0.321875 0.421875 0.31875 0.417969
0 0.35 0.882812 0.340625 0.894531 0.340625 0.898438 0.3375 0.902344 0.3375 0.90625 0.33125 0.914062 0.328125 0.914062 0.325 0.917969 0.325 0.925781 0.321875 0.929688 0.321875 0.941406 0.325 0.945312 0.328125 0.945312 0.334375 0.9375 0.334375 0.933594 0.340625 0.925781 0.340625 0.921875 0.346875 0.914062 0.346875 0.910156 0.353125 0.902344 0.353125 0.894531 0.35625 0.890625 0.35625 0.886719 0.353125 0.882812
0 0.55625 0.417969 0.55 0.425781 0.55 0.429688 0.546875 0.433594 0.546875 0.449219 0.55 0.453125 0.55 0.457031 0.553125 0.460938 0.559375 0.460938 0.56875 0.449219 0.56875 0.445312 0.578125 0.433594 0.578125 0.425781 0.575 0.421875 0.571875 0.421875 0.56875 0.417969
0 0.9875 0.308594 0.984375 0.3125 0.984375 0.328125 0.99375 0.328125 0.996875 0.332031 0.996875 0.308594
0 0.884375 0 0.878125 0.0078125 0.878125 0.0117188 0.871875 0.0195312 0.871875 0.0273438 0.86875 0.03125 0.86875 0.0546875 0.878125 0.0546875 0.884375 0.046875 0.9 0.046875 0.9125 0.03125 0.9125 0.0273438 0.91875 0.0195312 0.91875 0.015625 0.925 0.0078125 0.925 0
0 0.840625 0.457031 0.83125 0.46875 0.815625 0.46875 0.8125 0.464844 0.809375 0.464844 0.80625 0.46875 0.80625 0.472656 0.809375 0.476562 0.8125 0.476562 0.815625 0.480469 0.828125 0.480469 0.83125 0.476562 0.840625 0.476562 0.85 0.464844 0.85 0.460938 0.846875 0.457031
0 0.534375 0 0.534375 0.046875 0.5375 0.0507812 0.5375 0.0664062 0.54375 0.0742188 0.54375 0.0820312 0.55 0.0898438 0.553125 0.0898438 0.55625 0.0859375 0.55625 0.0390625 0.553125 0.0351562 0.553125 0.03125 0.55 0.0273438 0.55 0.0195312 0.546875 0.015625 0.546875 0
0 0.484375 0.8125 0.4625 0.839844 0.4625 0.855469 0.465625 0.859375 0.465625 0.863281 0.46875 0.867188 0.475 0.867188 0.50625 0.828125 0.50625 0.816406 0.503125 0.8125
0 0.165625 0.722656 0.1625 0.726562 0.1625 0.734375 0.16875 0.742188 0.16875 0.75 0.178125 0.761719 0.178125 0.765625 0.184375 0.773438 0.184375 0.78125 0.190625 0.789062 0.19375 0.789062 0.196875 0.785156 0.196875 0.78125 0.19375 0.777344 0.19375 0.757812 0.1875 0.75 0.1875 0.746094 0.16875 0.722656
0 0.875 0.359375 0.871875 0.363281 0.86875 0.363281 0.865625 0.367188 0.85625 0.367188 0.85 0.375 0.85 0.386719 0.853125 0.390625 0.89375 0.390625 0.896875 0.386719 0.9 0.386719 0.903125 0.382812 0.909375 0.382812 0.91875 0.371094 0.91875 0.367188 0.9125 0.359375
0 0.590625 0.609375 0.578125 0.625 0.578125 0.628906 0.571875 0.636719 0.571875 0.640625 0.56875 0.644531 0.56875 0.660156 0.575 0.667969 0.578125 0.667969 0.58125 0.664062 0.58125 0.65625 0.5875 0.648438 0.5875 0.640625 0.6 0.625 0.603125 0.625 0.60625 0.621094 0.60625 0.613281 0.603125 0.609375
0 0.6625 0.542969 0.659375 0.546875 0.65 0.546875 0.64375 0.554688 0.6375 0.554688 0.634375 0.558594 0.63125 0.558594 0.628125 0.5625 0.625 0.5625 0.61875 0.570312 0.61875 0.582031 0.621875 0.585938 0.65 0.585938 0.65625 0.578125 0.6625 0.578125 0.665625 0.574219 0.66875 0.574219 0.671875 0.570312 0.675 0.570312 0.68125 0.5625 0.68125 0.558594 0.675 0.550781 0.675 0.542969
0 0.6125 0.699219 0.6 0.714844 0.596875 0.714844 0.584375 0.730469 0.584375 0.738281 0.596875 0.753906 0.596875 0.757812 0.6 0.761719 0.6 0.765625 0.609375 0.777344 0.609375 0.78125 0.621875 0.796875 0.625 0.796875 0.63125 0.789062 0.63125 0.78125 0.634375 0.777344 0.634375 0.757812 0.63125 0.753906 0.63125 0.714844 0.628125 0.710938 0.628125 0.707031 0.621875 0.699219
0 0.91875 0.308594 0.915625 0.3125 0.9 0.3125 0.896875 0.316406 0.89375 0.316406 0.884375 0.328125 0.884375 0.335938 0.8875 0.339844 0.9125 0.339844 0.915625 0.335938 0.925 0.335938 0.940625 0.316406 0.940625 0.3125 0.9375 0.308594
0 0.75 0.414062 0.740625 0.425781 0.7375 0.425781 0.71875 0.449219 0.71875 0.453125 0.715625 0.457031 0.715625 0.460938 0.71875 0.464844 0.734375 0.464844 0.74375 0.453125 0.75625 0.453125 0.7625 0.445312 0.765625 0.445312 0.775 0.433594 0.775 0.421875 0.76875 0.414062
0 0.678125 0.476562 0.675 0.480469 0.66875 0.480469 0.665625 0.484375 0.659375 0.484375 0.65 0.496094 0.65 0.503906 0.64375 0.511719 0.64375 0.523438 0.646875 0.527344 0.659375 0.527344 0.665625 0.519531 0.66875 0.519531 0.690625 0.492188 0.690625 0.480469 0.6875 0.476562
0 0.4375 0.101562 0.434375 0.105469 0.434375 0.117188 0.4375 0.121094 0.4375 0.140625 0.440625 0.144531 0.440625 0.15625 0.44375 0.160156 0.44375 0.171875 0.453125 0.183594 0.459375 0.183594 0.459375 0.160156 0.45625 0.15625 0.45625 0.136719 0.453125 0.132812 0.453125 0.125 0.45 0.121094 0.45 0.109375 0.446875 0.105469 0.44375 0.105469 0.440625 0.101562
0 0.49375 0.863281 0.4875 0.871094 0.484375 0.871094 0.475 0.882812 0.475 0.886719 0.46875 0.894531 0.46875 0.90625 0.471875 0.910156 0.471875 0.917969 0.475 0.921875 0.484375 0.921875 0.490625 0.914062 0.49375 0.914062 0.50625 0.898438 0.50625 0.894531 0.509375 0.890625 0.509375 0.867188 0.50625 0.863281
0 0.36875 0.601562 0.3625 0.609375 0.3625 0.625 0.359375 0.628906 0.359375 0.632812 0.3625 0.636719 0.365625 0.636719 0.36875 0.632812 0.36875 0.628906 0.375 0.621094 0.375 0.605469 0.371875 0.601562
0 0.34375 0.417969 0.340625 0.421875 0.340625 0.464844 0.34375 0.46875 0.34375 0.492188 0.346875 0.496094 0.346875 0.515625 0.35 0.519531 0.35625 0.519531 0.359375 0.515625 0.359375 0.5 0.3625 0.496094 0.3625 0.492188 0.365625 0.488281 0.365625 0.484375 0.36875 0.480469 0.36875 0.472656 0.365625 0.46875 0.365625 0.441406 0.3625 0.4375 0.3625 0.433594 0.359375 0.429688 0.359375 0.425781 0.353125 0.417969
0 0.028125 0 0.028125 0.00390625 0.025 0.0078125 0.025 0.015625 0.028125 0.0195312 0.03125 0.0195312 0.034375 0.0234375 0.04375 0.0234375 0.046875 0.0195312 0.046875 0.0078125 0.040625 0
0 0.28125 0.957031 0.26875 0.972656 0.26875 0.996094 0.290625 0.996094 0.29375 0.992188 0.29375 0.988281 0.290625 0.984375 0.290625 0.972656 0.2875 0.96875 0.2875 0.960938 0.284375 0.957031
0 0.415625 0.179688 0.409375 0.1875 0.409375 0.191406 0.40625 0.195312 0.40625 0.203125 0.409375 0.207031 0.415625 0.207031 0.41875 0.203125 0.425 0.203125 0.428125 0.199219 0.428125 0.195312 0.425 0.191406 0.425 0.1875 0.41875 0.179688
0 0.571875 0.769531 0.5625 0.78125 0.5625 0.789062 0.559375 0.792969 0.559375 0.8125 0.5625 0.816406 0.5625 0.828125 0.575 0.84375 0.590625 0.84375 0.590625 0.839844 0.596875 0.832031 0.596875 0.828125 0.603125 0.820312 0.603125 0.804688 0.58125 0.777344 0.58125 0.773438 0.578125 0.769531
0 0.5875 0.847656 0.571875 0.867188 0.571875 0.871094 0.56875 0.875 0.56875 0.890625 0.571875 0.894531 0.571875 0.898438 0.575 0.902344 0.575 0.90625 0.578125 0.910156 0.578125 0.914062 0.58125 0.917969 0.603125 0.917969 0.6125 0.90625 0.6125 0.882812 0.609375 0.878906 0.609375 0.875 0.60625 0.871094 0.60625 0.867188 0.6 0.859375 0.6 0.855469 0.59375 0.847656
0 0 0 0 0.0234375 0.009375 0.0234375 0.0125 0.0195312 0.0125 0.015625 0.009375 0.0117188 0.009375 0
0 0.196875 0.699219 0.19375 0.703125 0.19375 0.730469 0.196875 0.734375 0.196875 0.75 0.2 0.753906 0.2 0.757812 0.203125 0.761719 0.203125 0.765625 0.209375 0.773438 0.209375 0.777344 0.215625 0.785156 0.21875 0.785156 0.221875 0.789062 0.24375 0.789062 0.253125 0.777344 0.253125 0.761719 0.246875 0.753906 0.246875 0.75 0.240625 0.742188 0.240625 0.738281 0.209375 0.699219
0 0.734375 0.40625 0.73125 0.410156 0.728125 0.410156 0.7125 0.429688 0.7125 0.433594 0.715625 0.4375 0.725 0.4375 0.7375 0.421875 0.740625 0.421875 0.75 0.410156 0.746875 0.40625
0 0.6875 0.589844 0.684375 0.59375 0.671875 0.59375 0.659375 0.609375 0.659375 0.613281 0.65625 0.617188 0.65625 0.636719 0.659375 0.640625 0.66875 0.640625 0.671875 0.636719 0.678125 0.636719 0.68125 0.632812 0.684375 0.632812 0.6875 0.628906 0.69375 0.628906 0.70625 0.613281 0.70625 0.609375 0.709375 0.605469 0.709375 0.601562 0.70625 0.597656 0.70625 0.59375 0.703125 0.589844
0 0.4 0.335938 0.396875 0.339844 0.396875 0.371094 0.39375 0.375 0.39375 0.382812 0.390625 0.386719 0.390625 0.410156 0.39375 0.414062 0.4 0.414062 0.40625 0.40625 0.40625 0.402344 0.409375 0.398438 0.409375 0.394531 0.4125 0.390625 0.4125 0.371094 0.409375 0.367188 0.409375 0.34375 0.403125 0.335938
0 0.94375 0 0.940625 0.00390625 0.940625 0.0078125 0.9375 0.0117188 0.9375 0.015625 0.93125 0.0234375 0.93125 0.0273438 0.928125 0.03125 0.928125 0.0429688 0.9375 0.0546875 0.965625 0.0546875 0.971875 0.046875 0.975 0.046875 0.984375 0.0351562 0.984375 0.03125 0.978125 0.0234375 0.978125 0.0078125 0.98125 0.00390625 0.98125 0
0 0.571875 0.734375 0.565625 0.742188 0.565625 0.746094 0.5625 0.75 0.5625 0.753906 0.565625 0.757812 0.584375 0.757812 0.5875 0.753906 0.5875 0.746094 0.578125 0.734375
0 0.45625 0.0351562 0.453125 0.0390625 0.453125 0.046875 0.45625 0.0507812 0.45625 0.0664062 0.459375 0.0703125 0.459375 0.0820312 0.465625 0.0898438 0.46875 0.0898438 0.471875 0.0859375 0.471875 0.078125 0.46875 0.0742188 0.46875 0.0546875 0.465625 0.0507812 0.465625 0.046875 0.4625 0.0429688 0.4625 0.0390625 0.459375 0.0351562
0 0.49375 0.449219 0.484375 0.460938 0.484375 0.464844 0.48125 0.46875 0.48125 0.476562 0.475 0.484375 0.475 0.5 0.478125 0.503906 0.48125 0.503906 0.484375 0.5 0.4875 0.5 0.5 0.484375 0.5 0.480469 0.503125 0.476562 0.503125 0.457031 0.496875 0.449219
0 0.96875 0.269531 0.965625 0.273438 0.95625 0.273438 0.953125 0.277344 0.953125 0.28125 0.95 0.285156 0.95 0.292969 0.953125 0.296875 0.990625 0.296875 0.99375 0.300781 0.996875 0.300781 0.996875 0.273438 0.990625 0.273438 0.9875 0.269531
0 0.5875 0.683594 0.584375 0.6875 0.578125 0.6875 0.56875 0.699219 0.56875 0.703125 0.571875 0.707031 0.575 0.707031 0.584375 0.695312 0.590625 0.695312 0.59375 0.691406 0.59375 0.6875 0.590625 0.683594
0 0.540625 0.90625 0.5375 0.910156 0.534375 0.910156 0.525 0.921875 0.525 0.964844 0.5375 0.980469 0.54375 0.980469 0.546875 0.976562 0.55 0.976562 0.565625 0.957031 0.565625 0.941406 0.559375 0.933594 0.559375 0.921875 0.55625 0.917969 0.55625 0.914062 0.553125 0.910156 0.55 0.910156 0.546875 0.90625
0 0.175 0.816406 0.171875 0.820312 0.165625 0.820312 0.15625 0.832031 0.15625 0.839844 0.153125 0.84375 0.153125 0.867188 0.15625 0.871094 0.15625 0.878906 0.165625 0.890625 0.171875 0.890625 0.175 0.894531 0.2 0.894531 0.203125 0.890625 0.20625 0.890625 0.209375 0.886719 0.209375 0.878906 0.2125 0.875 0.2125 0.867188 0.209375 0.863281 0.209375 0.859375 0.20625 0.855469 0.20625 0.851562 0.2 0.84375 0.2 0.839844 0.196875 0.835938 0.196875 0.828125 0.1875 0.816406
0 0.8125 0.402344 0.809375 0.40625 0.80625 0.40625 0.79375 0.421875 0.79375 0.429688 0.8 0.4375 0.834375 0.4375 0.85 0.417969 0.85 0.410156 0.846875 0.40625 0.84375 0.40625 0.840625 0.402344
0 0.421875 0.117188 0.41875 0.121094 0.41875 0.132812 0.421875 0.136719 0.421875 0.140625 0.425 0.144531 0.425 0.15625 0.43125 0.164062 0.43125 0.167969 0.434375 0.171875 0.440625 0.171875 0.440625 0.160156 0.4375 0.15625 0.4375 0.152344 0.43125 0.144531 0.43125 0.128906 0.428125 0.125 0.428125 0.121094 0.425 0.117188
0 0.278125 0.605469 0.275 0.609375 0.275 0.660156 0.28125 0.667969 0.28125 0.671875 0.2875 0.679688 0.290625 0.679688 0.29375 0.675781 0.29375 0.609375 0.290625 0.609375 0.2875 0.605469
0 0.903125 0.046875 0.9 0.0507812 0.884375 0.0507812 0.878125 0.0585938 0.86875 0.0585938 0.85625 0.0742188 0.85625 0.078125 0.853125 0.0820312 0.853125 0.0859375 0.85 0.0898438 0.85 0.101562 0.85625 0.109375 0.859375 0.109375 0.8625 0.113281 0.875 0.113281 0.878125 0.109375 0.88125 0.109375 0.8875 0.101562 0.890625 0.101562 0.89375 0.0976562 0.89375 0.09375 0.896875 0.0898438 0.896875 0.0859375 0.9 0.0820312 0.9 0.0703125 0.909375 0.0585938 0.909375 0.0507812 0.90625 0.046875
0 0.478125 0.957031 0.46875 0.96875 0.46875 0.980469 0.465625 0.984375 0.465625 0.996094 0.525 0.996094 0.525 0.988281 0.521875 0.984375 0.515625 0.984375 0.509375 0.976562 0.509375 0.960938 0.50625 0.957031
0 0.709375 0.15625 0.69375 0.175781 0.69375 0.179688 0.684375 0.191406 0.68125 0.191406 0.675 0.199219 0.675 0.203125 0.678125 0.207031 0.68125 0.207031 0.684375 0.203125 0.6875 0.203125 0.70625 0.179688 0.709375 0.179688 0.715625 0.171875 0.715625 0.15625
0 0.071875 0.945312 0.065625 0.953125 0.065625 0.957031 0.0625 0.960938 0.0625 0.964844 0.059375 0.96875 0.059375 0.976562 0.0625 0.980469 0.0625 0.984375 0.059375 0.988281 0.059375 0.996094 0.128125 0.996094 0.128125 0.976562 0.11875 0.964844 0.115625 0.964844 0.1125 0.960938 0.10625 0.960938 0.103125 0.957031 0.1 0.957031 0.090625 0.945312
0 0.74375 0.457031 0.734375 0.46875 0.734375 0.472656 0.725 0.484375 0.721875 0.484375 0.71875 0.488281 0.71875 0.5 0.721875 0.503906 0.7375 0.503906 0.740625 0.5 0.74375 0.5 0.746875 0.496094 0.75 0.496094 0.759375 0.484375 0.759375 0.480469 0.7625 0.476562 0.7625 0.460938 0.759375 0.457031
0 0.7 0.523438 0.696875 0.527344 0.69375 0.527344 0.690625 0.53125 0.6875 0.53125 0.684375 0.535156 0.68125 0.535156 0.678125 0.539062 0.678125 0.550781 0.684375 0.558594 0.69375 0.558594 0.70625 0.542969 0.709375 0.542969 0.71875 0.53125 0.71875 0.527344 0.715625 0.523438
0 0.984375 0 0.984375 0.00390625 0.98125 0.0078125 0.98125 0.0234375 0.9875 0.03125 0.996875 0.03125 0.996875 0
0 0.0125 0.0859375 0.009375 0.0898438 0.00625 0.0898438 0.003125 0.09375 0.003125 0.105469 0.009375 0.113281 0.0125 0.113281 0.015625 0.117188 0.01875 0.117188 0.021875 0.121094 0.040625 0.121094 0.046875 0.113281 0.046875 0.0976562 0.040625 0.0898438 0.034375 0.0898438 0.03125 0.0859375
0 0.640625 0.605469 0.6375 0.609375 0.634375 0.609375 0.6125 0.636719 0.6125 0.644531 0.61875 0.652344 0.625 0.652344 0.628125 0.648438 0.63125 0.648438 0.634375 0.644531 0.6375 0.644531 0.65 0.628906 0.65 0.609375 0.646875 0.605469
0 0.696875 0.140625 0.69375 0.144531 0.690625 0.144531 0.68125 0.15625 0.68125 0.167969 0.675 0.175781 0.675 0.1875 0.678125 0.191406 0.68125 0.1875 0.684375 0.1875 0.690625 0.179688 0.690625 0.175781 0.709375 0.152344 0.715625 0.152344 0.71875 0.148438 0.71875 0.144531 0.715625 0.140625
0 0.40625 0.292969 0.403125 0.296875 0.403125 0.304688 0.40625 0.308594 0.40625 0.3125 0.4125 0.320312 0.41875 0.320312 0.421875 0.316406 0.421875 0.3125 0.4125 0.300781 0.4125 0.296875 0.409375 0.292969
0 0.059375 0.0546875 0.05625 0.0585938 0.053125 0.0585938 0.05 0.0625 0.05 0.0664062 0.053125 0.0703125 0.059375 0.0703125 0.0625 0.0664062 0.078125 0.0664062 0.08125 0.0703125 0.084375 0.0703125 0.0875 0.0664062 0.0875 0.0625 0.084375 0.0585938 0.078125 0.0585938 0.075 0.0546875
