0 0.402344 0.308594 0.398438 0.3125 0.394531 0.3125 0.390625 0.316406 0.386719 0.316406 0.386719 0.320312 0.382812 0.324219 0.382812 0.335938 0.390625 0.34375 0.394531 0.34375 0.398438 0.347656 0.425781 0.347656 0.429688 0.34375 0.433594 0.34375 0.433594 0.316406 0.429688 0.316406 0.421875 0.308594
0 0.640625 0.359375 0.636719 0.363281 0.636719 0.371094 0.640625 0.375 0.648438 0.375 0.652344 0.371094 0.652344 0.363281 0.648438 0.359375
0 0.253906 0.632812 0.25 0.636719 0.246094 0.636719 0.242188 0.640625 0.238281 0.640625 0.238281 0.644531 0.234375 0.648438 0.234375 0.664062 0.238281 0.667969 0.257812 0.667969 0.261719 0.664062 0.265625 0.664062 0.265625 0.636719 0.261719 0.636719 0.257812 0.632812
0 0.140625 0.921875 0.136719 0.925781 0.132812 0.925781 0.128906 0.929688 0.125 0.929688 0.121094 0.933594 0.121094 0.945312 0.128906 0.953125 0.140625 0.953125 0.144531 0.949219 0.148438 0.949219 0.15625 0.941406 0.160156 0.941406 0.160156 0.925781 0.15625 0.925781 0.152344 0.921875
0 0.246094 0.199219 0.246094 0.207031 0.242188 0.210938 0.242188 0.21875 0.246094 0.222656 0.246094 0.226562 0.25 0.230469 0.25 0.238281 0.253906 0.238281 0.261719 0.246094 0.269531 0.246094 0.269531 0.214844 0.265625 0.210938 0.265625 0.203125 0.261719 0.199219
0 0.160156 0.0703125 0.15625 0.0742188 0.152344 0.0742188 0.140625 0.0859375 0.140625 0.0976562 0.148438 0.105469 0.152344 0.105469 0.15625 0.109375 0.167969 0.109375 0.171875 0.113281 0.179688 0.113281 0.183594 0.109375 0.1875 0.109375 0.195312 0.101562 0.195312 0.0859375 0.191406 0.0820312 0.191406 0.078125 0.1875 0.0742188 0.171875 0.0742188 0.167969 0.0703125
0 0.511719 0.0742188 0.511719 0.078125 0.503906 0.0859375 0.5 0.0859375 0.5 0.0898438 0.496094 0.09375 0.492188 0.09375 0.484375 0.101562 0.484375 0.125 0.488281 0.125 0.492188 0.128906 0.5 0.128906 0.503906 0.125 0.507812 0.125 0.523438 0.109375 0.523438 0.105469 0.527344 0.101562 0.527344 0.078125 0.523438 0.0742188
0 0.324219 0.148438 0.324219 0.167969 0.328125 0.167969 0.335938 0.175781 0.335938 0.179688 0.339844 0.175781 0.355469 0.175781 0.359375 0.171875 0.359375 0.160156 0.355469 0.15625 0.351562 0.15625 0.34375 0.148438
0 0.539062 0.6875 0.53125 0.695312 0.53125 0.710938 0.535156 0.714844 0.535156 0.71875 0.546875 0.71875 0.550781 0.722656 0.554688 0.722656 0.558594 0.71875 0.566406 0.71875 0.566406 0.699219 0.558594 0.691406 0.554688 0.691406 0.550781 0.6875
0 0.5625 0.921875 0.554688 0.929688 0.554688 0.949219 0.558594 0.953125 0.558594 0.957031 0.5625 0.957031 0.566406 0.960938 0.578125 0.960938 0.589844 0.949219 0.589844 0.945312 0.582031 0.945312 0.574219 0.9375 0.574219 0.921875
0 0.507812 0.214844 0.503906 0.21875 0.5 0.21875 0.5 0.222656 0.496094 0.226562 0.496094 0.238281 0.5 0.242188 0.5 0.246094 0.507812 0.253906 0.550781 0.253906 0.550781 0.25 0.554688 0.246094 0.554688 0.230469 0.550781 0.226562 0.550781 0.222656 0.546875 0.222656 0.542969 0.21875 0.535156 0.21875 0.53125 0.214844
0 0.566406 0.464844 0.550781 0.480469 0.550781 0.492188 0.554688 0.496094 0.570312 0.496094 0.574219 0.492188 0.578125 0.492188 0.578125 0.488281 0.582031 0.484375 0.582031 0.46875 0.578125 0.464844
0 0.609375 0.816406 0.605469 0.820312 0.601562 0.820312 0.597656 0.824219 0.597656 0.828125 0.59375 0.832031 0.59375 0.847656 0.597656 0.851562 0.613281 0.851562 0.625 0.839844 0.625 0.828125 0.621094 0.824219 0.621094 0.820312 0.613281 0.820312
0 0.761719 0.855469 0.757812 0.859375 0.757812 0.882812 0.761719 0.886719 0.761719 0.890625 0.769531 0.898438 0.78125 0.898438 0.785156 0.894531 0.785156 0.875 0.777344 0.867188 0.777344 0.863281 0.769531 0.855469
0 0.53125 0.863281 0.523438 0.871094 0.523438 0.882812 0.535156 0.894531 0.546875 0.894531 0.550781 0.890625 0.554688 0.890625 0.558594 0.886719 0.558594 0.875 0.546875 0.863281
0 0.320312 0.949219 0.316406 0.953125 0.316406 0.96875 0.324219 0.976562 0.339844 0.976562 0.339844 0.96875 0.34375 0.964844 0.34375 0.960938 0.332031 0.949219
0 0.605469 0.351562 0.601562 0.355469 0.601562 0.371094 0.605469 0.375 0.621094 0.375 0.625 0.371094 0.625 0.355469 0.621094 0.351562
0 0.988281 0.710938 0.984375 0.714844 0.984375 0.734375 0.988281 0.738281 0.996094 0.738281 0.996094 0.710938
0 0.296875 0.355469 0.292969 0.359375 0.292969 0.375 0.300781 0.382812 0.304688 0.382812 0.308594 0.386719 0.316406 0.386719 0.320312 0.382812 0.320312 0.363281 0.3125 0.355469
0 0.921875 0.789062 0.917969 0.792969 0.914062 0.792969 0.902344 0.804688 0.902344 0.816406 0.90625 0.820312 0.90625 0.824219 0.921875 0.824219 0.933594 0.8125 0.9375 0.8125 0.941406 0.808594 0.941406 0.796875 0.933594 0.789062
0 0.523438 0.964844 0.519531 0.96875 0.519531 0.984375 0.53125 0.996094 0.550781 0.996094 0.550781 0.984375 0.539062 0.972656 0.539062 0.964844
0 0.96875 0.933594 0.960938 0.941406 0.960938 0.957031 0.96875 0.964844 0.980469 0.964844 0.984375 0.960938 0.988281 0.960938 0.992188 0.957031 0.992188 0.945312 0.980469 0.933594
0 0.367188 0.53125 0.367188 0.5625 0.371094 0.566406 0.386719 0.566406 0.390625 0.5625 0.390625 0.546875 0.386719 0.542969 0.386719 0.539062 0.378906 0.53125
0 0.65625 0.191406 0.652344 0.195312 0.652344 0.203125 0.65625 0.207031 0.664062 0.207031 0.667969 0.203125 0.667969 0.195312 0.664062 0.191406
0 0.125 0.757812 0.121094 0.761719 0.117188 0.761719 0.113281 0.765625 0.113281 0.769531 0.109375 0.773438 0.109375 0.785156 0.121094 0.796875 0.140625 0.796875 0.144531 0.792969 0.148438 0.792969 0.160156 0.78125 0.160156 0.769531 0.148438 0.757812
0 0.105469 0 0.105469 0.0078125 0.109375 0.0117188 0.117188 0.0117188 0.121094 0.015625 0.132812 0.015625 0.140625 0.0078125 0.144531 0.0078125 0.144531 0
0 0.6875 0.203125 0.671875 0.21875 0.671875 0.238281 0.675781 0.238281 0.679688 0.242188 0.691406 0.242188 0.695312 0.238281 0.699219 0.238281 0.707031 0.230469 0.707031 0.210938 0.699219 0.203125
0 0.828125 0.964844 0.820312 0.972656 0.820312 0.988281 0.832031 0.988281 0.839844 0.996094 0.851562 0.996094 0.847656 0.996094 0.84375 0.992188 0.847656 0.988281 0.851562 0.988281 0.851562 0.96875 0.847656 0.964844
0 0.210938 0.445312 0.203125 0.453125 0.203125 0.457031 0.199219 0.460938 0.199219 0.476562 0.203125 0.480469 0.203125 0.492188 0.210938 0.492188 0.214844 0.496094 0.21875 0.492188 0.226562 0.492188 0.238281 0.480469 0.238281 0.460938 0.234375 0.457031 0.234375 0.453125 0.230469 0.449219 0.230469 0.445312
0 0.472656 0.460938 0.464844 0.46875 0.464844 0.484375 0.472656 0.484375 0.476562 0.488281 0.480469 0.488281 0.488281 0.480469 0.488281 0.46875 0.484375 0.464844 0.484375 0.460938
0 0.332031 0.671875 0.324219 0.679688 0.324219 0.6875 0.320312 0.691406 0.320312 0.703125 0.324219 0.707031 0.328125 0.707031 0.332031 0.710938 0.339844 0.710938 0.347656 0.703125 0.347656 0.679688 0.339844 0.671875
0 0.414062 0.980469 0.410156 0.984375 0.402344 0.984375 0.390625 0.996094 0.425781 0.996094 0.425781 0.988281 0.421875 0.984375 0.417969 0.984375
0 0.015625 0.0664062 0.0117188 0.0703125 0.0078125 0.0703125 0 0.078125 0 0.113281 0.00390625 0.117188 0.015625 0.117188 0.0273438 0.105469 0.0273438 0.0703125 0.0234375 0.0703125 0.0195312 0.0664062
0 0.917969 0.445312 0.914062 0.449219 0.910156 0.449219 0.90625 0.453125 0.90625 0.457031 0.898438 0.464844 0.898438 0.480469 0.902344 0.484375 0.90625 0.484375 0.910156 0.488281 0.914062 0.488281 0.917969 0.484375 0.921875 0.484375 0.933594 0.472656 0.9375 0.472656 0.941406 0.46875 0.941406 0.457031 0.9375 0.453125 0.9375 0.449219 0.933594 0.445312
0 0.203125 0.347656 0.199219 0.351562 0.195312 0.351562 0.195312 0.355469 0.191406 0.359375 0.191406 0.375 0.199219 0.382812 0.203125 0.382812 0.207031 0.386719 0.230469 0.386719 0.234375 0.382812 0.238281 0.382812 0.238281 0.355469 0.234375 0.351562 0.222656 0.351562 0.21875 0.347656
0 0.625 0.683594 0.621094 0.6875 0.621094 0.691406 0.617188 0.695312 0.617188 0.714844 0.621094 0.71875 0.632812 0.71875 0.640625 0.710938 0.640625 0.695312 0.636719 0.691406 0.636719 0.6875 0.632812 0.683594
0 0.585938 0.910156 0.578125 0.917969 0.578125 0.9375 0.582031 0.941406 0.605469 0.941406 0.609375 0.9375 0.609375 0.929688 0.613281 0.925781 0.613281 0.917969 0.605469 0.910156
0 0.40625 0.910156 0.402344 0.914062 0.398438 0.914062 0.394531 0.917969 0.394531 0.921875 0.398438 0.925781 0.398438 0.9375 0.402344 0.941406 0.414062 0.941406 0.417969 0.9375 0.417969 0.929688 0.414062 0.925781 0.414062 0.921875 0.410156 0.917969 0.410156 0.914062
0 0.492188 0.738281 0.488281 0.742188 0.484375 0.742188 0.480469 0.746094 0.480469 0.753906 0.484375 0.757812 0.484375 0.765625 0.496094 0.765625 0.5 0.761719 0.503906 0.761719 0.507812 0.757812 0.507812 0.742188 0.503906 0.738281
0 0.933594 0.65625 0.933594 0.660156 0.929688 0.664062 0.929688 0.675781 0.9375 0.683594 0.941406 0.683594 0.949219 0.691406 0.953125 0.6875 0.96875 0.6875 0.972656 0.683594 0.972656 0.671875 0.964844 0.664062 0.960938 0.664062 0.957031 0.660156 0.9375 0.660156
0 0.71875 0.738281 0.710938 0.746094 0.710938 0.757812 0.714844 0.761719 0.726562 0.761719 0.730469 0.757812 0.730469 0.753906 0.726562 0.75 0.726562 0.746094
0 0.386719 0.890625 0.386719 0.894531 0.382812 0.898438 0.382812 0.90625 0.386719 0.910156 0.394531 0.910156 0.398438 0.90625 0.398438 0.898438 0.394531 0.894531 0.394531 0.890625
0 0.988281 0.816406 0.988281 0.824219 0.984375 0.828125 0.984375 0.835938 0.988281 0.839844 0.988281 0.84375 0.992188 0.84375 0.996094 0.847656 0.996094 0.816406
0 0.445312 0.902344 0.445312 0.917969 0.453125 0.925781 0.457031 0.925781 0.464844 0.933594 0.472656 0.933594 0.476562 0.929688 0.476562 0.914062 0.472656 0.910156 0.46875 0.910156 0.460938 0.902344
0 0.257812 0.867188 0.253906 0.871094 0.25 0.871094 0.246094 0.875 0.242188 0.875 0.238281 0.878906 0.238281 0.882812 0.234375 0.886719 0.234375 0.898438 0.238281 0.902344 0.238281 0.90625 0.25 0.917969 0.269531 0.917969 0.273438 0.914062 0.273438 0.90625 0.269531 0.902344 0.273438 0.898438 0.285156 0.898438 0.289062 0.894531 0.289062 0.871094 0.285156 0.867188
0 0.367188 0.90625 0.363281 0.910156 0.363281 0.917969 0.359375 0.921875 0.359375 0.925781 0.355469 0.929688 0.355469 0.941406 0.359375 0.945312 0.367188 0.945312 0.375 0.9375 0.375 0.925781 0.378906 0.921875 0.378906 0.910156 0.375 0.90625
0 0.246094 0.535156 0.238281 0.542969 0.238281 0.5625 0.242188 0.5625 0.246094 0.566406 0.257812 0.566406 0.257812 0.5625 0.261719 0.558594 0.265625 0.558594 0.269531 0.554688 0.269531 0.550781 0.273438 0.546875 0.269531 0.542969 0.269531 0.539062 0.265625 0.539062 0.261719 0.535156
0 0.976562 0.3125 0.972656 0.316406 0.972656 0.328125 0.984375 0.339844 0.984375 0.34375 0.996094 0.34375 0.996094 0.316406 0.992188 0.3125
0 0.925781 0.34375 0.917969 0.351562 0.917969 0.367188 0.921875 0.371094 0.921875 0.375 0.929688 0.382812 0.941406 0.382812 0.945312 0.378906 0.945312 0.363281 0.941406 0.359375 0.941406 0.355469 0.9375 0.351562 0.9375 0.347656 0.933594 0.347656 0.929688 0.34375
0 0.273438 0.902344 0.277344 0.90625 0.277344 0.914062 0.269531 0.921875 0.261719 0.921875 0.261719 0.925781 0.265625 0.929688 0.265625 0.933594 0.273438 0.933594 0.277344 0.9375 0.28125 0.9375 0.285156 0.941406 0.300781 0.941406 0.304688 0.9375 0.304688 0.917969 0.292969 0.90625 0.285156 0.90625 0.28125 0.902344
0 0.785156 0.765625 0.785156 0.769531 0.78125 0.773438 0.78125 0.792969 0.789062 0.800781 0.800781 0.800781 0.804688 0.796875 0.804688 0.792969 0.808594 0.789062 0.808594 0.78125 0.804688 0.777344 0.804688 0.769531 0.800781 0.765625
0 0.117188 0.144531 0.109375 0.152344 0.113281 0.15625 0.109375 0.160156 0.109375 0.167969 0.117188 0.175781 0.117188 0.179688 0.121094 0.179688 0.125 0.183594 0.128906 0.179688 0.132812 0.179688 0.132812 0.171875 0.136719 0.167969 0.140625 0.171875 0.140625 0.167969 0.144531 0.164062 0.140625 0.160156 0.140625 0.152344 0.132812 0.144531
0 0.40625 0.835938 0.40625 0.839844 0.402344 0.84375 0.402344 0.855469 0.40625 0.859375 0.40625 0.863281 0.410156 0.867188 0.414062 0.867188 0.417969 0.871094 0.433594 0.871094 0.4375 0.867188 0.441406 0.867188 0.441406 0.84375 0.433594 0.835938
0 0.96875 0.542969 0.949219 0.5625 0.949219 0.574219 0.953125 0.578125 0.964844 0.578125 0.980469 0.5625 0.996094 0.5625 0.984375 0.5625 0.980469 0.558594 0.980469 0.554688 0.984375 0.550781 0.980469 0.546875 0.980469 0.542969
0 0.867188 0.867188 0.863281 0.871094 0.859375 0.871094 0.859375 0.902344 0.863281 0.90625 0.875 0.90625 0.878906 0.902344 0.882812 0.902344 0.886719 0.898438 0.886719 0.875 0.878906 0.867188
0 0.746094 0.726562 0.746094 0.738281 0.75 0.742188 0.753906 0.742188 0.757812 0.746094 0.765625 0.746094 0.765625 0.738281 0.761719 0.734375 0.761719 0.730469 0.757812 0.726562
0 0.785156 0.355469 0.785156 0.378906 0.789062 0.382812 0.808594 0.382812 0.8125 0.378906 0.8125 0.367188 0.808594 0.363281 0.808594 0.359375 0.804688 0.359375 0.800781 0.355469
0 0.640625 0.382812 0.636719 0.386719 0.636719 0.394531 0.640625 0.398438 0.648438 0.398438 0.652344 0.394531 0.652344 0.386719 0.648438 0.382812
0 0.546875 0.960938 0.542969 0.964844 0.542969 0.972656 0.546875 0.976562 0.550781 0.976562 0.558594 0.984375 0.5625 0.984375 0.566406 0.988281 0.574219 0.988281 0.578125 0.984375 0.578125 0.972656 0.574219 0.96875 0.570312 0.96875 0.5625 0.960938
0 0.265625 0.726562 0.261719 0.730469 0.257812 0.730469 0.25 0.738281 0.25 0.757812 0.257812 0.765625 0.273438 0.765625 0.277344 0.761719 0.28125 0.761719 0.285156 0.757812 0.285156 0.734375 0.28125 0.730469 0.277344 0.730469 0.273438 0.726562
0 0.820312 0.605469 0.808594 0.617188 0.808594 0.621094 0.804688 0.625 0.804688 0.640625 0.8125 0.648438 0.824219 0.648438 0.832031 0.640625 0.835938 0.640625 0.839844 0.636719 0.839844 0.632812 0.84375 0.628906 0.84375 0.617188 0.839844 0.613281 0.839844 0.609375 0.835938 0.605469
0 0.828125 0.507812 0.824219 0.511719 0.820312 0.511719 0.816406 0.515625 0.816406 0.539062 0.820312 0.542969 0.832031 0.542969 0.839844 0.535156 0.839844 0.511719 0.835938 0.507812
0 0.996094 0.460938 0.992188 0.464844 0.988281 0.464844 0.976562 0.476562 0.976562 0.488281 0.996094 0.488281
0 0.277344 0.0078125 0.273438 0.0117188 0.273438 0.0351562 0.277344 0.0390625 0.277344 0.0429688 0.28125 0.046875 0.292969 0.046875 0.296875 0.0507812 0.300781 0.046875 0.308594 0.046875 0.3125 0.0429688 0.316406 0.0429688 0.316406 0.0273438 0.296875 0.0078125
0 0.179688 0.1875 0.175781 0.191406 0.175781 0.195312 0.167969 0.203125 0.167969 0.207031 0.164062 0.210938 0.164062 0.226562 0.167969 0.226562 0.171875 0.230469 0.171875 0.234375 0.175781 0.234375 0.179688 0.238281 0.183594 0.238281 0.1875 0.234375 0.191406 0.234375 0.195312 0.230469 0.195312 0.195312 0.1875 0.1875
0 0.382812 0.921875 0.378906 0.925781 0.378906 0.933594 0.382812 0.9375 0.390625 0.9375 0.394531 0.933594 0.394531 0.925781 0.390625 0.921875
0 0.9375 0.710938 0.933594 0.714844 0.929688 0.714844 0.925781 0.71875 0.925781 0.742188 0.929688 0.746094 0.945312 0.746094 0.949219 0.742188 0.949219 0.71875 0.941406 0.710938
0 0.09375 0.660156 0.0859375 0.667969 0.0859375 0.683594 0.0898438 0.6875 0.105469 0.6875 0.109375 0.683594 0.117188 0.683594 0.117188 0.660156
0 0.0742188 0.941406 0.0664062 0.949219 0.0664062 0.960938 0.0625 0.964844 0.0625 0.992188 0.0664062 0.996094 0.0859375 0.996094 0.0898438 0.992188 0.0898438 0.984375 0.09375 0.980469 0.09375 0.964844 0.0898438 0.960938 0.0898438 0.953125 0.0820312 0.945312 0.078125 0.945312
0 0.304688 0.769531 0.300781 0.773438 0.296875 0.773438 0.300781 0.777344 0.296875 0.78125 0.296875 0.789062 0.292969 0.792969 0.296875 0.796875 0.292969 0.800781 0.292969 0.804688 0.3125 0.804688 0.316406 0.808594 0.320312 0.808594 0.324219 0.804688 0.324219 0.800781 0.328125 0.796875 0.328125 0.78125 0.316406 0.769531
0 0.761719 0.078125 0.757812 0.0820312 0.757812 0.0898438 0.761719 0.09375 0.769531 0.09375 0.773438 0.0898438 0.773438 0.0820312 0.769531 0.078125
0 0.132812 0.636719 0.128906 0.640625 0.128906 0.644531 0.125 0.648438 0.125 0.660156 0.128906 0.664062 0.132812 0.664062 0.140625 0.671875 0.140625 0.683594 0.144531 0.683594 0.144531 0.679688 0.152344 0.671875 0.152344 0.65625 0.148438 0.652344 0.148438 0.648438 0.136719 0.636719
0 0.269531 0.808594 0.265625 0.8125 0.265625 0.816406 0.261719 0.820312 0.261719 0.839844 0.265625 0.84375 0.269531 0.84375 0.273438 0.847656 0.28125 0.847656 0.285156 0.84375 0.289062 0.84375 0.292969 0.839844 0.292969 0.820312 0.289062 0.816406 0.289062 0.8125 0.285156 0.8125 0.28125 0.808594
