0 0.946875 0.230469 0.94375 0.234375 0.94375 0.238281 0.9375 0.246094 0.9375 0.269531 0.940625 0.273438 0.940625 0.28125 0.946875 0.289062 0.96875 0.289062 0.971875 0.285156 0.984375 0.285156 0.99375 0.273438 0.99375 0.253906 0.990625 0.25 0.990625 0.242188 0.9875 0.238281 0.978125 0.238281 0.975 0.234375 0.9625 0.234375 0.959375 0.230469
0 0.978125 0.160156 0.975 0.164062 0.971875 0.164062 0.96875 0.167969 0.96875 0.207031 0.971875 0.210938 0.971875 0.222656 0.975 0.226562 0.975 0.230469 0.978125 0.234375 0.996875 0.234375 0.996875 0.160156
0 0.03125 0.839844 0.028125 0.84375 0.025 0.84375 0.021875 0.847656 0.021875 0.855469 0.025 0.859375 0.034375 0.859375 0.040625 0.851562 0.040625 0.84375 0.0375 0.839844
0 0.15625 0.652344 0.153125 0.65625 0.15 0.65625 0.146875 0.660156 0.146875 0.683594 0.14375 0.6875 0.14375 0.695312 0.146875 0.699219 0.146875 0.703125 0.153125 0.710938 0.153125 0.714844 0.15625 0.71875 0.159375 0.71875 0.1625 0.722656 0.175 0.722656 0.178125 0.726562 0.184375 0.726562 0.1875 0.730469 0.190625 0.730469 0.19375 0.726562 0.203125 0.726562 0.20625 0.722656 0.20625 0.71875 0.209375 0.714844 0.209375 0.710938 0.2125 0.707031 0.2125 0.703125 0.215625 0.699219 0.215625 0.691406 0.21875 0.6875 0.21875 0.679688 0.215625 0.675781 0.215625 0.667969 0.203125 0.652344 0.1875 0.652344 0.184375 0.65625 0.171875 0.65625 0.16875 0.652344
0 0.290625 0.707031 0.2875 0.710938 0.278125 0.710938 0.275 0.714844 0.275 0.722656 0.290625 0.742188 0.3 0.742188 0.303125 0.738281 0.309375 0.738281 0.3125 0.742188 0.315625 0.742188 0.315625 0.738281 0.3125 0.734375 0.3125 0.726562 0.315625 0.722656 0.315625 0.71875 0.3125 0.71875 0.303125 0.707031
0 0 0.523438 0 0.609375 0.00625 0.609375 0.009375 0.605469 0.0125 0.605469 0.015625 0.601562 0.01875 0.601562 0.025 0.59375 0.025 0.589844 0.03125 0.582031 0.03125 0.578125 0.0375 0.570312 0.0375 0.546875 0.034375 0.542969 0.034375 0.539062 0.03125 0.535156 0.028125 0.535156 0.025 0.53125 0.015625 0.53125 0.0125 0.527344 0.009375 0.527344 0.00625 0.523438
0 0.325 0.910156 0.321875 0.914062 0.315625 0.914062 0.303125 0.929688 0.303125 0.9375 0.3 0.941406 0.3 0.960938 0.303125 0.964844 0.303125 0.976562 0.30625 0.980469 0.30625 0.984375 0.309375 0.988281 0.3125 0.984375 0.3375 0.984375 0.3375 0.972656 0.340625 0.96875 0.340625 0.964844 0.346875 0.957031 0.346875 0.925781 0.34375 0.921875 0.34375 0.917969 0.3375 0.910156
0 0.996875 0.0078125 0.99375 0.0117188 0.990625 0.0117188 0.984375 0.0195312 0.984375 0.0234375 0.98125 0.0273438 0.98125 0.03125 0.984375 0.0351562 0.984375 0.0390625 0.99375 0.0507812 0.99375 0.0546875 0.996875 0.0585938
0 0.246875 0.820312 0.24375 0.824219 0.24375 0.828125 0.240625 0.832031 0.2375 0.832031 0.23125 0.839844 0.228125 0.839844 0.225 0.84375 0.21875 0.84375 0.2125 0.851562 0.20625 0.851562 0.203125 0.855469 0.203125 0.867188 0.20625 0.871094 0.2125 0.871094 0.215625 0.867188 0.23125 0.867188 0.234375 0.863281 0.259375 0.863281 0.2625 0.859375 0.2625 0.855469 0.265625 0.851562 0.26875 0.851562 0.271875 0.847656 0.271875 0.839844 0.26875 0.835938 0.26875 0.832031 0.265625 0.828125 0.2625 0.828125 0.25625 0.820312
0 0.3125 0.988281 0.309375 0.992188 0.309375 0.996094 0.340625 0.996094 0.340625 0.992188 0.3375 0.988281
0 0.24375 0.199219 0.240625 0.203125 0.240625 0.214844 0.25 0.226562 0.253125 0.226562 0.259375 0.234375 0.265625 0.234375 0.26875 0.238281 0.271875 0.238281 0.28125 0.25 0.28125 0.253906 0.296875 0.273438 0.3 0.273438 0.30625 0.28125 0.30625 0.285156 0.309375 0.289062 0.315625 0.289062 0.31875 0.285156 0.31875 0.269531 0.315625 0.265625 0.315625 0.261719 0.3125 0.257812 0.3125 0.253906 0.309375 0.25 0.309375 0.238281 0.296875 0.222656 0.290625 0.222656 0.2875 0.21875 0.284375 0.21875 0.275 0.207031 0.2625 0.207031 0.25625 0.199219 0.253125 0.199219 0.25 0.203125 0.246875 0.203125
0 0.01875 0.402344 0.015625 0.40625 0.0125 0.40625 0.003125 0.417969 0 0.417969 0 0.457031 0.003125 0.457031 0.00625 0.460938 0.025 0.460938 0.034375 0.472656 0.0375 0.472656 0.046875 0.460938 0.05 0.460938 0.053125 0.457031 0.0625 0.457031 0.065625 0.453125 0.065625 0.4375 0.0625 0.433594 0.0625 0.417969 0.059375 0.414062 0.053125 0.414062 0.046875 0.40625 0.03125 0.40625 0.028125 0.402344
0 0.103125 0 0.096875 0.0078125 0.096875 0.0273438 0.1 0.03125 0.1 0.0351562 0.115625 0.0546875 0.11875 0.0546875 0.121875 0.0585938 0.125 0.0546875 0.125 0.0429688 0.121875 0.0390625 0.121875 0.03125 0.11875 0.0273438 0.11875 0.015625 0.115625 0.0117188 0.115625 0.0078125 0.11875 0.00390625 0.11875 0
0 0.425 0.707031 0.41875 0.714844 0.415625 0.714844 0.409375 0.722656 0.409375 0.738281 0.40625 0.742188 0.40625 0.757812 0.409375 0.761719 0.4125 0.761719 0.41875 0.769531 0.425 0.769531 0.428125 0.765625 0.428125 0.757812 0.43125 0.753906 0.434375 0.753906 0.4375 0.75 0.440625 0.75 0.44375 0.746094 0.44375 0.738281 0.446875 0.734375 0.446875 0.726562 0.45 0.722656 0.45 0.71875 0.440625 0.707031
0 0.296875 0.601562 0.29375 0.605469 0.2875 0.605469 0.284375 0.609375 0.28125 0.609375 0.28125 0.613281 0.2625 0.636719 0.259375 0.636719 0.25625 0.640625 0.2625 0.648438 0.2625 0.652344 0.265625 0.65625 0.265625 0.664062 0.271875 0.671875 0.278125 0.671875 0.28125 0.675781 0.296875 0.675781 0.303125 0.683594 0.309375 0.683594 0.315625 0.675781 0.321875 0.675781 0.33125 0.664062 0.33125 0.632812 0.328125 0.628906 0.328125 0.625 0.315625 0.609375 0.309375 0.609375 0.303125 0.601562
0 0.453125 0.742188 0.45 0.746094 0.446875 0.746094 0.440625 0.753906 0.4375 0.753906 0.43125 0.761719 0.43125 0.765625 0.428125 0.769531 0.428125 0.773438 0.43125 0.777344 0.43125 0.785156 0.434375 0.789062 0.453125 0.789062 0.45625 0.785156 0.459375 0.785156 0.4625 0.78125 0.471875 0.78125 0.48125 0.769531 0.48125 0.765625 0.478125 0.761719 0.478125 0.757812 0.471875 0.75 0.471875 0.746094 0.46875 0.742188
0 0.26875 0.460938 0.265625 0.464844 0.2625 0.464844 0.259375 0.46875 0.259375 0.476562 0.2625 0.480469 0.2625 0.484375 0.259375 0.488281 0.25 0.488281 0.246875 0.492188 0.24375 0.492188 0.240625 0.496094 0.240625 0.507812 0.25 0.519531 0.25 0.527344 0.253125 0.53125 0.253125 0.535156 0.259375 0.542969 0.265625 0.542969 0.26875 0.546875 0.271875 0.546875 0.278125 0.554688 0.28125 0.554688 0.2875 0.5625 0.3125 0.5625 0.315625 0.558594 0.321875 0.558594 0.328125 0.550781 0.328125 0.519531 0.325 0.515625 0.325 0.511719 0.315625 0.5 0.315625 0.496094 0.3 0.476562 0.29375 0.476562 0.28125 0.460938
0 0.5 0.933594 0.496875 0.9375 0.496875 0.953125 0.503125 0.960938 0.503125 0.964844 0.50625 0.96875 0.521875 0.96875 0.525 0.964844 0.525 0.957031 0.521875 0.953125 0.521875 0.949219 0.51875 0.945312 0.5125 0.945312 0.509375 0.941406 0.509375 0.9375 0.50625 0.933594
0 0.14375 0.117188 0.140625 0.121094 0.140625 0.132812 0.15 0.144531 0.15 0.148438 0.153125 0.152344 0.15625 0.152344 0.165625 0.164062 0.165625 0.167969 0.16875 0.171875 0.16875 0.175781 0.175 0.183594 0.19375 0.183594 0.196875 0.179688 0.196875 0.175781 0.1875 0.164062 0.184375 0.164062 0.178125 0.15625 0.171875 0.15625 0.159375 0.140625 0.159375 0.136719 0.15 0.125 0.15 0.121094 0.146875 0.117188
0 0.346875 0.585938 0.34375 0.589844 0.34375 0.59375 0.3375 0.601562 0.3375 0.609375 0.34375 0.617188 0.34375 0.632812 0.346875 0.636719 0.346875 0.640625 0.35 0.644531 0.35 0.648438 0.353125 0.652344 0.353125 0.65625 0.35 0.660156 0.35 0.664062 0.35625 0.671875 0.35625 0.683594 0.375 0.683594 0.378125 0.6875 0.39375 0.6875 0.4 0.679688 0.4 0.65625 0.396875 0.652344 0.396875 0.648438 0.384375 0.632812 0.384375 0.625 0.38125 0.621094 0.38125 0.613281 0.378125 0.609375 0.378125 0.597656 0.36875 0.585938
0 0.075 0.453125 0.071875 0.457031 0.065625 0.457031 0.059375 0.464844 0.059375 0.46875 0.053125 0.476562 0.053125 0.496094 0.046875 0.503906 0.046875 0.519531 0.05 0.523438 0.05 0.527344 0.053125 0.53125 0.053125 0.539062 0.05 0.542969 0.05 0.550781 0.053125 0.554688 0.053125 0.5625 0.0625 0.574219 0.065625 0.574219 0.06875 0.570312 0.071875 0.570312 0.0875 0.550781 0.0875 0.542969 0.090625 0.539062 0.090625 0.535156 0.09375 0.53125 0.09375 0.527344 0.096875 0.523438 0.096875 0.515625 0.1 0.511719 0.1 0.503906 0.103125 0.5 0.103125 0.496094 0.10625 0.492188 0.10625 0.480469 0.103125 0.476562 0.103125 0.472656 0.090625 0.457031 0.084375 0.457031 0.08125 0.453125
0 0.846875 0 0.853125 0.0078125 0.853125 0.0117188 0.859375 0.0195312 0.871875 0.0195312 0.875 0.015625 0.878125 0.015625 0.88125 0.0117188 0.88125 0.0078125 0.884375 0.00390625 0.884375 0
0 0.065625 0.851562 0.0625 0.855469 0.0625 0.859375 0.059375 0.863281 0.05625 0.863281 0.053125 0.867188 0.053125 0.875 0.05625 0.878906 0.05625 0.886719 0.059375 0.890625 0.065625 0.890625 0.06875 0.886719 0.06875 0.878906 0.075 0.871094 0.075 0.855469 0.071875 0.851562
0 0.959375 0.40625 0.95625 0.410156 0.95625 0.414062 0.95 0.421875 0.95 0.429688 0.946875 0.433594 0.946875 0.492188 0.95 0.496094 0.95 0.5 0.953125 0.503906 0.95625 0.503906 0.9625 0.511719 0.965625 0.511719 0.96875 0.515625 0.971875 0.515625 0.975 0.519531 0.9875 0.519531 0.99375 0.511719 0.996875 0.511719 0.996875 0.4375 0.99375 0.433594 0.99375 0.429688 0.975 0.40625
0 0.25625 0.566406 0.253125 0.570312 0.253125 0.574219 0.24375 0.585938 0.24375 0.597656 0.234375 0.609375 0.234375 0.621094 0.2375 0.625 0.2375 0.628906 0.24375 0.636719 0.25625 0.636719 0.259375 0.632812 0.2625 0.632812 0.278125 0.613281 0.278125 0.601562 0.284375 0.59375 0.284375 0.585938 0.278125 0.578125 0.278125 0.574219 0.275 0.570312 0.26875 0.570312 0.265625 0.566406
0 0.184375 0.746094 0.171875 0.761719 0.165625 0.761719 0.1625 0.765625 0.159375 0.765625 0.153125 0.773438 0.15 0.773438 0.146875 0.777344 0.146875 0.78125 0.14375 0.785156 0.14375 0.820312 0.15625 0.835938 0.178125 0.835938 0.18125 0.832031 0.184375 0.832031 0.1875 0.828125 0.20625 0.828125 0.209375 0.824219 0.2125 0.824219 0.215625 0.820312 0.215625 0.816406 0.228125 0.800781 0.228125 0.796875 0.23125 0.792969 0.23125 0.785156 0.228125 0.78125 0.228125 0.777344 0.221875 0.769531 0.21875 0.769531 0.2125 0.761719 0.2125 0.753906 0.209375 0.75 0.203125 0.75 0.2 0.746094
0 0.0125 0.125 0.009375 0.128906 0.003125 0.128906 0 0.132812 0 0.238281 0.003125 0.238281 0.00625 0.234375 0.00625 0.222656 0.009375 0.21875 0.009375 0.210938 0.0125 0.207031 0.0125 0.203125 0.01875 0.195312 0.01875 0.1875 0.025 0.179688 0.025 0.175781 0.028125 0.171875 0.028125 0.164062 0.03125 0.160156 0.03125 0.136719 0.025 0.128906 0.021875 0.128906 0.01875 0.125
0 0.325 0.703125 0.321875 0.707031 0.321875 0.714844 0.31875 0.71875 0.31875 0.722656 0.315625 0.726562 0.315625 0.734375 0.31875 0.738281 0.31875 0.757812 0.328125 0.769531 0.35 0.769531 0.353125 0.765625 0.35625 0.765625 0.359375 0.769531 0.365625 0.769531 0.36875 0.765625 0.371875 0.765625 0.38125 0.753906 0.38125 0.738281 0.378125 0.734375 0.365625 0.734375 0.3625 0.730469 0.359375 0.730469 0.353125 0.722656 0.353125 0.714844 0.35 0.710938 0.35 0.707031 0.3375 0.707031 0.334375 0.703125
0 0.04375 0.699219 0.040625 0.703125 0.0375 0.703125 0.028125 0.714844 0.025 0.714844 0.021875 0.71875 0.021875 0.722656 0.01875 0.726562 0.01875 0.730469 0.009375 0.742188 0.009375 0.757812 0.0125 0.761719 0.0125 0.765625 0.015625 0.769531 0.015625 0.773438 0.03125 0.792969 0.034375 0.792969 0.040625 0.800781 0.046875 0.800781 0.05 0.804688 0.06875 0.804688 0.078125 0.792969 0.08125 0.792969 0.0875 0.785156 0.0875 0.777344 0.09375 0.769531 0.09375 0.746094 0.090625 0.742188 0.08125 0.742188 0.075 0.734375 0.075 0.730469 0.071875 0.726562 0.071875 0.722656 0.0625 0.710938 0.0625 0.707031 0.059375 0.703125 0.05625 0.703125 0.053125 0.699219
0 0.559375 0.914062 0.55625 0.917969 0.55625 0.925781 0.559375 0.929688 0.559375 0.933594 0.5625 0.9375 0.5625 0.964844 0.565625 0.96875 0.565625 0.984375 0.56875 0.984375 0.575 0.992188 0.575 0.996094 0.6 0.996094 0.6 0.988281 0.59375 0.980469 0.59375 0.976562 0.590625 0.972656 0.5875 0.972656 0.584375 0.96875 0.584375 0.964844 0.578125 0.957031 0.578125 0.9375 0.571875 0.929688 0.571875 0.921875 0.565625 0.914062
0 0.071875 0.0703125 0.06875 0.0742188 0.06875 0.078125 0.078125 0.0898438 0.090625 0.0898438 0.09375 0.0859375 0.09375 0.0742188 0.090625 0.0703125
0 0.35 0.6875 0.346875 0.691406 0.346875 0.699219 0.353125 0.707031 0.353125 0.710938 0.35625 0.714844 0.35625 0.722656 0.359375 0.726562 0.3625 0.726562 0.365625 0.730469 0.378125 0.730469 0.38125 0.734375 0.3875 0.734375 0.390625 0.730469 0.390625 0.71875 0.3875 0.714844 0.3875 0.699219 0.38125 0.691406 0.378125 0.691406 0.375 0.6875
0 0.0375 0.878906 0.034375 0.882812 0.028125 0.882812 0.025 0.886719 0.025 0.902344 0.03125 0.910156 0.046875 0.910156 0.053125 0.902344 0.053125 0.890625 0.046875 0.882812 0.04375 0.882812 0.040625 0.878906
0 0.465625 0.851562 0.4625 0.855469 0.434375 0.855469 0.43125 0.859375 0.43125 0.863281 0.428125 0.867188 0.421875 0.867188 0.4125 0.878906 0.409375 0.878906 0.403125 0.886719 0.403125 0.894531 0.396875 0.902344 0.396875 0.90625 0.390625 0.914062 0.390625 0.925781 0.384375 0.933594 0.384375 0.9375 0.38125 0.941406 0.38125 0.964844 0.384375 0.96875 0.384375 0.976562 0.3875 0.976562 0.390625 0.980469 0.390625 0.992188 0.39375 0.996094 0.41875 0.996094 0.41875 0.988281 0.415625 0.984375 0.409375 0.984375 0.403125 0.976562 0.403125 0.972656 0.4 0.972656 0.39375 0.964844 0.39375 0.960938 0.390625 0.957031 0.390625 0.941406 0.4 0.929688 0.4 0.921875 0.40625 0.914062 0.40625 0.902344 0.4125 0.894531 0.415625 0.894531 0.415625 0.886719 0.421875 0.878906 0.421875 0.875 0.428125 0.867188 0.45625 0.867188 0.459375 0.871094 0.46875 0.871094 0.471875 0.867188 0.471875 0.863281 0.475 0.859375 0.49375 0.859375 0.503125 0.871094 0.50625 0.871094 0.521875 0.890625 0.521875 0.894531 0.525 0.898438 0.525 0.914062 0.53125 0.921875 0.53125 0.925781 0.540625 0.9375 0.540625 0.988281 0.5375 0.992188 0.5375 0.996094 0.55 0.996094 0.55 0.96875 0.546875 0.964844 0.546875 0.949219 0.54375 0.945312 0.54375 0.941406 0.546875 0.9375 0.546875 0.933594 0.54375 0.929688 0.54375 0.921875 0.540625 0.921875 0.534375 0.914062 0.534375 0.90625 0.5375 0.902344 0.528125 0.890625 0.528125 0.886719 0.521875 0.878906 0.521875 0.875 0.5125 0.863281 0.509375 0.863281 0.5 0.851562
0 0.29375 0.765625 0.290625 0.769531 0.290625 0.777344 0.284375 0.785156 0.28125 0.785156 0.275 0.792969 0.271875 0.792969 0.265625 0.800781 0.2625 0.800781 0.259375 0.804688 0.259375 0.820312 0.2625 0.824219 0.265625 0.824219 0.271875 0.832031 0.271875 0.835938 0.275 0.839844 0.275 0.84375 0.28125 0.851562 0.290625 0.851562 0.296875 0.84375 0.3 0.84375 0.315625 0.824219 0.315625 0.820312 0.31875 0.816406 0.31875 0.785156 0.315625 0.78125 0.315625 0.777344 0.309375 0.769531 0.30625 0.769531 0.303125 0.765625
0 0.046875 0.328125 0.040625 0.335938 0.03125 0.335938 0.028125 0.339844 0.028125 0.363281 0.03125 0.367188 0.03125 0.371094 0.0375 0.378906 0.0375 0.382812 0.040625 0.386719 0.040625 0.394531 0.04375 0.398438 0.046875 0.398438 0.053125 0.40625 0.08125 0.40625 0.084375 0.402344 0.0875 0.402344 0.090625 0.398438 0.090625 0.390625 0.09375 0.386719 0.09375 0.382812 0.096875 0.378906 0.084375 0.363281 0.084375 0.359375 0.08125 0.355469 0.08125 0.351562 0.078125 0.347656 0.075 0.347656 0.071875 0.34375 0.071875 0.332031 0.06875 0.328125
0 0.2 0.539062 0.19375 0.546875 0.1875 0.546875 0.178125 0.558594 0.178125 0.574219 0.175 0.578125 0.175 0.589844 0.178125 0.59375 0.178125 0.601562 0.18125 0.605469 0.1875 0.605469 0.19375 0.613281 0.203125 0.613281 0.20625 0.609375 0.215625 0.609375 0.234375 0.585938 0.234375 0.546875 0.23125 0.542969 0.228125 0.542969 0.225 0.539062
