0 0.453125 0.671875 0.449219 0.675781 0.4375 0.675781 0.421875 0.691406 0.421875 0.699219 0.417969 0.703125 0.417969 0.710938 0.414062 0.714844 0.414062 0.738281 0.421875 0.746094 0.421875 0.75 0.425781 0.753906 0.425781 0.757812 0.441406 0.773438 0.445312 0.773438 0.449219 0.777344 0.460938 0.777344 0.464844 0.773438 0.46875 0.773438 0.472656 0.769531 0.476562 0.769531 0.488281 0.757812 0.492188 0.757812 0.496094 0.753906 0.496094 0.75 0.5 0.746094 0.5 0.742188 0.503906 0.738281 0.503906 0.71875 0.5 0.714844 0.5 0.710938 0.488281 0.699219 0.488281 0.691406 0.476562 0.679688 0.472656 0.679688 0.46875 0.675781 0.460938 0.675781 0.457031 0.671875
0 0.203125 0.917969 0.199219 0.921875 0.191406 0.921875 0.175781 0.9375 0.175781 0.96875 0.179688 0.972656 0.179688 0.980469 0.183594 0.984375 0.183594 0.988281 0.191406 0.996094 0.238281 0.996094 0.238281 0.992188 0.242188 0.988281 0.242188 0.984375 0.246094 0.980469 0.246094 0.9375 0.234375 0.925781 0.230469 0.925781 0.222656 0.917969
0 0.511719 0.0585938 0.507812 0.0625 0.5 0.0625 0.484375 0.078125 0.484375 0.0859375 0.480469 0.0898438 0.480469 0.0976562 0.484375 0.101562 0.484375 0.105469 0.496094 0.117188 0.5 0.117188 0.503906 0.121094 0.519531 0.121094 0.523438 0.117188 0.523438 0.113281 0.550781 0.0859375 0.550781 0.0703125 0.542969 0.0625 0.539062 0.0625 0.535156 0.0585938
0 0.210938 0.492188 0.207031 0.496094 0.203125 0.496094 0.199219 0.5 0.195312 0.5 0.183594 0.511719 0.183594 0.515625 0.179688 0.519531 0.179688 0.53125 0.175781 0.535156 0.175781 0.539062 0.171875 0.542969 0.171875 0.5625 0.179688 0.570312 0.179688 0.574219 0.183594 0.578125 0.191406 0.578125 0.195312 0.574219 0.199219 0.574219 0.203125 0.570312 0.207031 0.570312 0.214844 0.5625 0.214844 0.558594 0.226562 0.546875 0.226562 0.539062 0.230469 0.535156 0.230469 0.519531 0.226562 0.515625 0.226562 0.511719 0.230469 0.507812 0.230469 0.503906 0.226562 0.5 0.226562 0.496094 0.222656 0.496094 0.21875 0.492188
0 0.101562 0.761719 0.0898438 0.773438 0.0898438 0.78125 0.0859375 0.785156 0.0859375 0.804688 0.0898438 0.808594 0.0898438 0.816406 0.09375 0.820312 0.09375 0.824219 0.109375 0.839844 0.121094 0.839844 0.125 0.835938 0.132812 0.835938 0.140625 0.828125 0.140625 0.796875 0.136719 0.792969 0.136719 0.785156 0.132812 0.78125 0.132812 0.777344 0.117188 0.761719
0 0.882812 0.0273438 0.878906 0.03125 0.875 0.03125 0.871094 0.0351562 0.863281 0.0351562 0.851562 0.046875 0.847656 0.046875 0.84375 0.0507812 0.84375 0.0546875 0.839844 0.0585938 0.839844 0.0859375 0.859375 0.105469 0.863281 0.105469 0.867188 0.109375 0.875 0.109375 0.878906 0.113281 0.890625 0.113281 0.894531 0.109375 0.898438 0.109375 0.902344 0.105469 0.90625 0.105469 0.914062 0.0976562 0.914062 0.09375 0.917969 0.0898438 0.917969 0.0859375 0.921875 0.0820312 0.921875 0.0585938 0.914062 0.0507812 0.914062 0.046875 0.894531 0.0273438
0 0.0546875 0.15625 0.0507812 0.160156 0.046875 0.160156 0.0273438 0.179688 0.0273438 0.183594 0.0234375 0.1875 0.0234375 0.195312 0.0273438 0.199219 0.0273438 0.210938 0.03125 0.214844 0.03125 0.21875 0.0351562 0.222656 0.0390625 0.222656 0.0429688 0.226562 0.0507812 0.226562 0.0546875 0.222656 0.0585938 0.222656 0.0625 0.21875 0.0625 0.214844 0.0703125 0.207031 0.0703125 0.199219 0.0742188 0.195312 0.0742188 0.183594 0.078125 0.179688 0.078125 0.167969 0.0664062 0.15625
0 0.277344 0.804688 0.261719 0.820312 0.261719 0.828125 0.269531 0.835938 0.273438 0.835938 0.28125 0.84375 0.289062 0.84375 0.292969 0.847656 0.296875 0.847656 0.300781 0.851562 0.304688 0.851562 0.308594 0.847656 0.316406 0.847656 0.320312 0.84375 0.320312 0.835938 0.324219 0.832031 0.324219 0.828125 0.320312 0.824219 0.320312 0.820312 0.3125 0.8125 0.308594 0.8125 0.304688 0.808594 0.300781 0.808594 0.296875 0.804688
0 0.648438 0 0.652344 0.00390625 0.652344 0.0078125 0.664062 0.0195312 0.667969 0.0195312 0.675781 0.0273438 0.679688 0.0273438 0.683594 0.03125 0.6875 0.03125 0.691406 0.0351562 0.703125 0.0351562 0.707031 0.03125 0.710938 0.03125 0.71875 0.0234375 0.71875 0.0117188 0.722656 0.0078125 0.722656 0.00390625 0.726562 0
0 0.03125 0.417969 0.0195312 0.429688 0.0195312 0.433594 0.015625 0.4375 0.015625 0.441406 0.00390625 0.453125 0.00390625 0.460938 0 0.464844 0 0.480469 0.00390625 0.484375 0.00390625 0.496094 0.0078125 0.5 0.0078125 0.507812 0.0078125 0.492188 0.0117188 0.488281 0.0117188 0.484375 0.015625 0.480469 0.0195312 0.480469 0.0273438 0.472656 0.0390625 0.472656 0.0429688 0.476562 0.0507812 0.476562 0.0585938 0.484375 0.0585938 0.496094 0.0625 0.5 0.0625 0.507812 0.0625 0.492188 0.0703125 0.484375 0.0703125 0.480469 0.0742188 0.476562 0.0742188 0.445312 0.0703125 0.441406 0.0703125 0.4375 0.0546875 0.421875 0.046875 0.421875 0.0429688 0.417969
0 0.257812 0.410156 0.253906 0.414062 0.25 0.414062 0.246094 0.417969 0.242188 0.417969 0.230469 0.429688 0.230469 0.433594 0.226562 0.4375 0.226562 0.453125 0.234375 0.460938 0.257812 0.460938 0.261719 0.457031 0.269531 0.457031 0.28125 0.445312 0.28125 0.4375 0.285156 0.433594 0.285156 0.425781 0.28125 0.421875 0.28125 0.417969 0.273438 0.410156
0 0.292969 0.550781 0.285156 0.558594 0.285156 0.5625 0.28125 0.566406 0.28125 0.570312 0.269531 0.582031 0.269531 0.585938 0.265625 0.589844 0.265625 0.609375 0.273438 0.617188 0.277344 0.617188 0.28125 0.621094 0.296875 0.621094 0.300781 0.617188 0.304688 0.617188 0.3125 0.609375 0.3125 0.601562 0.316406 0.597656 0.316406 0.59375 0.320312 0.589844 0.320312 0.5625 0.316406 0.558594 0.316406 0.554688 0.3125 0.550781
0 0.210938 0.714844 0.207031 0.71875 0.203125 0.71875 0.191406 0.730469 0.191406 0.742188 0.195312 0.746094 0.195312 0.761719 0.207031 0.773438 0.222656 0.773438 0.226562 0.769531 0.230469 0.769531 0.238281 0.761719 0.238281 0.753906 0.242188 0.75 0.242188 0.730469 0.230469 0.71875 0.226562 0.71875 0.222656 0.714844
0 0.972656 0.222656 0.96875 0.226562 0.964844 0.226562 0.960938 0.230469 0.960938 0.234375 0.957031 0.238281 0.957031 0.253906 0.960938 0.257812 0.960938 0.261719 0.972656 0.273438 0.972656 0.277344 0.980469 0.277344 0.992188 0.289062 0.996094 0.289062 0.996094 0.226562 0.980469 0.226562 0.976562 0.222656
0 0.898438 0.3125 0.890625 0.320312 0.886719 0.320312 0.882812 0.324219 0.882812 0.328125 0.878906 0.332031 0.878906 0.351562 0.882812 0.355469 0.882812 0.359375 0.886719 0.363281 0.890625 0.363281 0.910156 0.382812 0.933594 0.382812 0.9375 0.378906 0.945312 0.378906 0.949219 0.375 0.953125 0.375 0.957031 0.371094 0.957031 0.367188 0.960938 0.363281 0.960938 0.351562 0.957031 0.347656 0.957031 0.34375 0.953125 0.339844 0.953125 0.335938 0.941406 0.324219 0.9375 0.324219 0.929688 0.316406 0.921875 0.316406 0.917969 0.3125
0 0.167969 0.277344 0.152344 0.292969 0.152344 0.296875 0.148438 0.300781 0.148438 0.335938 0.164062 0.351562 0.191406 0.351562 0.195312 0.347656 0.203125 0.347656 0.207031 0.34375 0.207031 0.339844 0.210938 0.335938 0.210938 0.332031 0.214844 0.328125 0.214844 0.304688 0.210938 0.300781 0.210938 0.296875 0.195312 0.28125 0.191406 0.28125 0.1875 0.277344
0 0 0.828125 0 0.929688 0.0117188 0.929688 0.0351562 0.90625 0.0351562 0.902344 0.0390625 0.898438 0.0390625 0.871094 0.0351562 0.867188 0.0351562 0.855469 0.03125 0.851562 0.03125 0.84375 0.0195312 0.832031 0.0078125 0.832031 0.00390625 0.828125
0 0.0273438 0.476562 0.0195312 0.484375 0.015625 0.484375 0.015625 0.488281 0.0117188 0.492188 0.0117188 0.511719 0.015625 0.515625 0.015625 0.519531 0.0234375 0.527344 0.0429688 0.527344 0.0429688 0.523438 0.046875 0.519531 0.0507812 0.519531 0.0546875 0.515625 0.0546875 0.511719 0.0585938 0.507812 0.0585938 0.5 0.0546875 0.496094 0.0546875 0.484375 0.0507812 0.480469 0.0429688 0.480469 0.0390625 0.476562
0 0.984375 0.195312 0.980469 0.199219 0.980469 0.222656 0.996094 0.222656 0.996094 0.195312
0 0.722656 0.136719 0.71875 0.140625 0.707031 0.140625 0.703125 0.144531 0.699219 0.144531 0.695312 0.148438 0.695312 0.152344 0.691406 0.15625 0.691406 0.179688 0.695312 0.183594 0.695312 0.191406 0.707031 0.203125 0.710938 0.203125 0.71875 0.210938 0.730469 0.210938 0.734375 0.214844 0.75 0.214844 0.753906 0.210938 0.761719 0.210938 0.777344 0.195312 0.777344 0.1875 0.78125 0.183594 0.78125 0.171875 0.773438 0.164062 0.773438 0.160156 0.757812 0.144531 0.746094 0.144531 0.738281 0.136719
0 0.394531 0.886719 0.390625 0.890625 0.382812 0.890625 0.371094 0.902344 0.371094 0.914062 0.367188 0.917969 0.367188 0.921875 0.371094 0.925781 0.371094 0.929688 0.378906 0.9375 0.378906 0.941406 0.382812 0.945312 0.386719 0.945312 0.390625 0.949219 0.414062 0.949219 0.417969 0.945312 0.421875 0.945312 0.425781 0.941406 0.433594 0.941406 0.441406 0.933594 0.441406 0.929688 0.445312 0.925781 0.445312 0.902344 0.441406 0.898438 0.441406 0.894531 0.4375 0.890625 0.433594 0.890625 0.429688 0.886719 0.417969 0.886719 0.414062 0.890625 0.40625 0.890625 0.402344 0.886719
0 0 0.699219 0 0.75 0.00390625 0.75 0.015625 0.738281 0.015625 0.714844
