0 0.828125 0.957031 0.824219 0.960938 0.8125 0.960938 0.808594 0.964844 0.808594 0.996094 0.84375 0.996094 0.84375 0.972656 0.839844 0.96875 0.839844 0.964844 0.835938 0.960938 0.832031 0.960938
0 0.382812 0.0351562 0.378906 0.0390625 0.371094 0.0390625 0.363281 0.046875 0.363281 0.0585938 0.359375 0.0625 0.359375 0.078125 0.363281 0.0820312 0.363281 0.0898438 0.367188 0.09375 0.367188 0.0976562 0.371094 0.101562 0.371094 0.105469 0.378906 0.113281 0.378906 0.117188 0.382812 0.117188 0.386719 0.121094 0.390625 0.121094 0.394531 0.125 0.40625 0.125 0.410156 0.121094 0.417969 0.121094 0.421875 0.117188 0.425781 0.117188 0.425781 0.109375 0.429688 0.105469 0.429688 0.0820312 0.425781 0.078125 0.425781 0.0703125 0.417969 0.0625 0.417969 0.0585938 0.414062 0.0546875 0.414062 0.0507812 0.40625 0.0429688 0.402344 0.0429688 0.398438 0.0390625 0.390625 0.0390625 0.386719 0.0351562
0 0.351562 0.210938 0.34375 0.21875 0.34375 0.230469 0.347656 0.234375 0.347656 0.238281 0.359375 0.25 0.363281 0.25 0.367188 0.253906 0.378906 0.253906 0.386719 0.246094 0.386719 0.234375 0.382812 0.230469 0.382812 0.226562 0.367188 0.210938
0 0.28125 0.605469 0.277344 0.609375 0.273438 0.609375 0.269531 0.613281 0.269531 0.628906 0.273438 0.632812 0.273438 0.636719 0.28125 0.644531 0.285156 0.644531 0.292969 0.652344 0.300781 0.652344 0.304688 0.65625 0.324219 0.65625 0.328125 0.652344 0.328125 0.632812 0.308594 0.613281 0.304688 0.613281 0.296875 0.605469
0 0.78125 0.378906 0.777344 0.382812 0.769531 0.382812 0.765625 0.386719 0.765625 0.390625 0.757812 0.398438 0.757812 0.402344 0.753906 0.40625 0.753906 0.414062 0.761719 0.421875 0.785156 0.421875 0.789062 0.417969 0.792969 0.417969 0.800781 0.410156 0.800781 0.402344 0.804688 0.398438 0.804688 0.394531 0.800781 0.390625 0.800781 0.386719 0.792969 0.378906
0 0.625 0.667969 0.621094 0.671875 0.621094 0.675781 0.617188 0.679688 0.617188 0.691406 0.621094 0.695312 0.621094 0.699219 0.636719 0.714844 0.640625 0.714844 0.644531 0.71875 0.652344 0.71875 0.65625 0.714844 0.660156 0.714844 0.660156 0.710938 0.664062 0.707031 0.664062 0.691406 0.660156 0.6875 0.660156 0.683594 0.652344 0.675781 0.652344 0.671875 0.648438 0.671875 0.644531 0.667969
0 0 0.863281 0 0.886719 0.0078125 0.886719 0.0117188 0.882812 0.0117188 0.867188 0.0078125 0.863281
0 0.871094 0 0.871094 0.00390625 0.875 0.00390625 0.878906 0.0078125 0.898438 0.0078125 0.902344 0.00390625 0.902344 0
0 0.441406 0.488281 0.4375 0.492188 0.429688 0.492188 0.421875 0.5 0.421875 0.511719 0.425781 0.515625 0.425781 0.519531 0.429688 0.523438 0.433594 0.523438 0.441406 0.53125 0.449219 0.53125 0.453125 0.535156 0.460938 0.535156 0.464844 0.53125 0.46875 0.53125 0.476562 0.523438 0.476562 0.507812 0.464844 0.496094 0.460938 0.496094 0.457031 0.492188 0.449219 0.492188 0.445312 0.488281
0 0.0585938 0.742188 0.0546875 0.746094 0.046875 0.746094 0.0429688 0.75 0.0390625 0.75 0.0273438 0.761719 0.0273438 0.773438 0.03125 0.777344 0.03125 0.78125 0.0351562 0.785156 0.0429688 0.785156 0.046875 0.789062 0.0546875 0.789062 0.0585938 0.785156 0.0703125 0.785156 0.0820312 0.773438 0.0820312 0.761719 0.078125 0.757812 0.078125 0.753906 0.0703125 0.746094 0.0625 0.746094
0 0.109375 0.160156 0.105469 0.164062 0.101562 0.164062 0.101562 0.167969 0.0976562 0.171875 0.0976562 0.183594 0.105469 0.191406 0.113281 0.191406 0.117188 0.195312 0.125 0.195312 0.128906 0.191406 0.132812 0.191406 0.136719 0.1875 0.140625 0.1875 0.140625 0.183594 0.144531 0.179688 0.144531 0.171875 0.140625 0.167969 0.140625 0.164062 0.136719 0.164062 0.132812 0.160156
0 0.589844 0.210938 0.582031 0.21875 0.582031 0.226562 0.578125 0.230469 0.578125 0.238281 0.582031 0.242188 0.582031 0.25 0.597656 0.265625 0.609375 0.265625 0.617188 0.257812 0.617188 0.238281 0.609375 0.230469 0.609375 0.226562 0.601562 0.21875 0.601562 0.214844 0.597656 0.214844 0.59375 0.210938
0 0.859375 0.703125 0.855469 0.707031 0.855469 0.714844 0.851562 0.71875 0.851562 0.730469 0.855469 0.734375 0.855469 0.746094 0.859375 0.75 0.859375 0.753906 0.863281 0.753906 0.867188 0.757812 0.871094 0.757812 0.875 0.753906 0.878906 0.753906 0.882812 0.75 0.882812 0.71875 0.878906 0.714844 0.878906 0.707031 0.875 0.703125
0 0.550781 0 0.550781 0.0117188 0.554688 0.015625 0.554688 0.0195312 0.558594 0.0234375 0.558594 0.0273438 0.570312 0.0390625 0.574219 0.0390625 0.582031 0.046875 0.589844 0.046875 0.59375 0.0429688 0.601562 0.0429688 0.605469 0.0390625 0.605469 0.0351562 0.609375 0.03125 0.605469 0.0273438 0.605469 0.0195312 0.601562 0.015625 0.601562 0.0078125 0.597656 0.00390625 0.597656 0
0 0.820312 0.164062 0.8125 0.171875 0.8125 0.183594 0.808594 0.1875 0.808594 0.203125 0.8125 0.207031 0.8125 0.210938 0.816406 0.214844 0.835938 0.214844 0.839844 0.210938 0.839844 0.203125 0.84375 0.199219 0.84375 0.183594 0.839844 0.179688 0.839844 0.171875 0.835938 0.167969 0.835938 0.164062
0 0.984375 0.347656 0.976562 0.355469 0.976562 0.382812 0.980469 0.382812 0.984375 0.386719 0.984375 0.390625 0.996094 0.402344 0.996094 0.347656
0 0.648438 0.925781 0.644531 0.929688 0.640625 0.929688 0.625 0.945312 0.625 0.972656 0.628906 0.976562 0.628906 0.980469 0.632812 0.984375 0.648438 0.984375 0.664062 0.96875 0.664062 0.964844 0.667969 0.960938 0.667969 0.9375 0.664062 0.933594 0.664062 0.929688 0.660156 0.925781
0 0.09375 0.589844 0.0898438 0.59375 0.0820312 0.59375 0.0585938 0.617188 0.0585938 0.632812 0.0625 0.636719 0.0859375 0.636719 0.0898438 0.632812 0.09375 0.632812 0.101562 0.625 0.105469 0.625 0.105469 0.621094 0.113281 0.613281 0.113281 0.601562 0.109375 0.597656 0.109375 0.59375 0.105469 0.59375 0.101562 0.589844
0 0.1875 0.660156 0.1875 0.664062 0.183594 0.667969 0.183594 0.699219 0.191406 0.707031 0.191406 0.710938 0.195312 0.710938 0.199219 0.714844 0.203125 0.714844 0.207031 0.710938 0.210938 0.710938 0.214844 0.707031 0.214844 0.703125 0.21875 0.699219 0.21875 0.6875 0.214844 0.683594 0.214844 0.671875 0.203125 0.660156
0 0.417969 0.871094 0.414062 0.875 0.410156 0.875 0.40625 0.878906 0.40625 0.882812 0.402344 0.886719 0.402344 0.898438 0.40625 0.902344 0.40625 0.90625 0.410156 0.910156 0.410156 0.914062 0.421875 0.925781 0.425781 0.925781 0.429688 0.929688 0.4375 0.929688 0.441406 0.925781 0.445312 0.925781 0.449219 0.921875 0.449219 0.917969 0.453125 0.914062 0.453125 0.898438 0.449219 0.894531 0.449219 0.890625 0.433594 0.875 0.429688 0.875 0.425781 0.871094
0 0.394531 0.675781 0.390625 0.679688 0.386719 0.679688 0.386719 0.6875 0.390625 0.6875 0.394531 0.691406 0.40625 0.691406 0.40625 0.683594 0.402344 0.679688 0.402344 0.675781
0 0.3125 0.273438 0.304688 0.28125 0.304688 0.292969 0.308594 0.296875 0.308594 0.300781 0.316406 0.308594 0.320312 0.308594 0.324219 0.3125 0.328125 0.3125 0.332031 0.316406 0.339844 0.316406 0.34375 0.3125 0.34375 0.296875 0.339844 0.292969 0.339844 0.289062 0.332031 0.28125 0.328125 0.28125 0.320312 0.273438
