0 0.0273438 0.269531 0.0234375 0.273438 0.0234375 0.277344 0.0195312 0.28125 0.0195312 0.304688 0.0234375 0.308594 0.0234375 0.3125 0.0273438 0.316406 0.03125 0.316406 0.0351562 0.320312 0.046875 0.320312 0.0546875 0.3125 0.0546875 0.304688 0.0585938 0.300781 0.0585938 0.289062 0.0546875 0.285156 0.0546875 0.28125 0.0507812 0.277344 0.0507812 0.273438 0.046875 0.273438 0.0429688 0.269531
0 0.292969 0.777344 0.285156 0.785156 0.285156 0.804688 0.289062 0.808594 0.289062 0.8125 0.292969 0.816406 0.292969 0.820312 0.300781 0.828125 0.316406 0.828125 0.316406 0.820312 0.320312 0.816406 0.320312 0.792969 0.316406 0.789062 0.316406 0.785156 0.308594 0.777344
0 0.917969 0.945312 0.914062 0.949219 0.914062 0.957031 0.917969 0.960938 0.929688 0.960938 0.929688 0.953125 0.925781 0.949219 0.925781 0.945312
0 0.671875 0.300781 0.664062 0.308594 0.660156 0.308594 0.660156 0.34375 0.664062 0.347656 0.664062 0.351562 0.667969 0.355469 0.671875 0.355469 0.683594 0.367188 0.6875 0.367188 0.691406 0.371094 0.707031 0.371094 0.710938 0.367188 0.71875 0.367188 0.722656 0.363281 0.722656 0.359375 0.726562 0.355469 0.726562 0.332031 0.71875 0.324219 0.71875 0.320312 0.703125 0.304688 0.699219 0.304688 0.695312 0.300781
0 0.128906 0.289062 0.117188 0.300781 0.117188 0.328125 0.121094 0.332031 0.121094 0.335938 0.128906 0.34375 0.148438 0.34375 0.152344 0.339844 0.152344 0.335938 0.15625 0.332031 0.15625 0.324219 0.160156 0.320312 0.160156 0.304688 0.144531 0.289062
0 0.242188 0 0.238281 0.00390625 0.238281 0.0195312 0.242188 0.0234375 0.242188 0.0273438 0.257812 0.0429688 0.261719 0.0429688 0.265625 0.046875 0.273438 0.046875 0.277344 0.0507812 0.292969 0.0507812 0.300781 0.0429688 0.304688 0.0429688 0.304688 0.0195312 0.285156 0
0 0.0546875 0.0507812 0.0507812 0.0546875 0.0507812 0.0585938 0.046875 0.0625 0.046875 0.078125 0.0507812 0.0820312 0.0507812 0.0859375 0.0546875 0.0898438 0.0546875 0.0976562 0.0625 0.105469 0.0664062 0.105469 0.0703125 0.109375 0.0859375 0.109375 0.09375 0.101562 0.09375 0.0742188 0.0898438 0.0703125 0.0898438 0.0664062 0.078125 0.0546875 0.0742188 0.0546875 0.0703125 0.0507812
0 0.261719 0.253906 0.25 0.265625 0.246094 0.265625 0.242188 0.269531 0.238281 0.269531 0.234375 0.273438 0.234375 0.296875 0.238281 0.300781 0.238281 0.304688 0.25 0.316406 0.253906 0.316406 0.257812 0.320312 0.273438 0.320312 0.277344 0.316406 0.292969 0.316406 0.296875 0.3125 0.296875 0.289062 0.292969 0.285156 0.292969 0.273438 0.289062 0.269531 0.289062 0.265625 0.277344 0.253906
0 0.941406 0.707031 0.9375 0.710938 0.9375 0.714844 0.933594 0.71875 0.933594 0.730469 0.9375 0.734375 0.9375 0.738281 0.953125 0.753906 0.957031 0.753906 0.960938 0.757812 0.964844 0.757812 0.96875 0.753906 0.972656 0.753906 0.976562 0.75 0.976562 0.730469 0.972656 0.726562 0.972656 0.722656 0.957031 0.707031
0 0.460938 0.835938 0.457031 0.839844 0.453125 0.839844 0.449219 0.84375 0.449219 0.851562 0.453125 0.855469 0.453125 0.859375 0.464844 0.871094 0.46875 0.871094 0.476562 0.878906 0.492188 0.878906 0.5 0.871094 0.5 0.859375 0.480469 0.839844 0.476562 0.839844 0.472656 0.835938
0 0.398438 0.4375 0.390625 0.445312 0.390625 0.46875 0.394531 0.472656 0.394531 0.476562 0.40625 0.488281 0.410156 0.488281 0.414062 0.492188 0.429688 0.492188 0.429688 0.484375 0.433594 0.480469 0.433594 0.472656 0.429688 0.46875 0.429688 0.460938 0.425781 0.457031 0.425781 0.453125 0.410156 0.4375
0 0.75 0.0976562 0.746094 0.101562 0.742188 0.101562 0.738281 0.105469 0.734375 0.105469 0.734375 0.121094 0.730469 0.125 0.730469 0.132812 0.734375 0.136719 0.738281 0.136719 0.742188 0.140625 0.765625 0.140625 0.765625 0.132812 0.769531 0.128906 0.769531 0.101562 0.765625 0.0976562
0 0.015625 0.886719 0.0117188 0.890625 0.0078125 0.890625 0 0.898438 0 0.9375 0.00390625 0.941406 0.0195312 0.941406 0.0234375 0.9375 0.0273438 0.9375 0.0351562 0.929688 0.0351562 0.925781 0.0390625 0.921875 0.0390625 0.898438 0.03125 0.890625 0.0234375 0.890625 0.0195312 0.886719
0 0.875 0.828125 0.871094 0.832031 0.863281 0.832031 0.859375 0.835938 0.859375 0.839844 0.855469 0.84375 0.855469 0.863281 0.859375 0.867188 0.859375 0.871094 0.863281 0.875 0.863281 0.878906 0.867188 0.882812 0.871094 0.882812 0.875 0.886719 0.890625 0.886719 0.898438 0.878906 0.902344 0.878906 0.902344 0.855469 0.898438 0.851562 0.898438 0.84375 0.890625 0.835938 0.890625 0.832031 0.886719 0.832031 0.882812 0.828125
0 0.800781 0.988281 0.792969 0.996094 0.835938 0.996094 0.832031 0.992188 0.828125 0.992188 0.824219 0.988281
0 0.78125 0.152344 0.777344 0.15625 0.777344 0.171875 0.78125 0.171875 0.785156 0.175781 0.796875 0.175781 0.796875 0.171875 0.800781 0.167969 0.800781 0.15625 0.796875 0.15625 0.792969 0.152344
0 0.71875 0.730469 0.71875 0.738281 0.726562 0.746094 0.738281 0.746094 0.738281 0.738281 0.730469 0.730469
0 0.617188 0.0820312 0.605469 0.09375 0.605469 0.109375 0.613281 0.117188 0.617188 0.117188 0.621094 0.121094 0.625 0.121094 0.628906 0.125 0.628906 0.128906 0.640625 0.128906 0.644531 0.125 0.644531 0.117188 0.648438 0.113281 0.648438 0.101562 0.636719 0.0898438 0.632812 0.0898438 0.628906 0.0859375 0.625 0.0859375 0.621094 0.0820312
0 0.136719 0.0976562 0.132812 0.101562 0.132812 0.109375 0.136719 0.113281 0.148438 0.113281 0.152344 0.109375 0.152344 0.101562 0.148438 0.0976562
0 0.460938 0.78125 0.460938 0.785156 0.449219 0.796875 0.449219 0.8125 0.457031 0.820312 0.457031 0.824219 0.460938 0.824219 0.46875 0.832031 0.484375 0.832031 0.484375 0.828125 0.488281 0.824219 0.492188 0.824219 0.492188 0.820312 0.496094 0.816406 0.496094 0.8125 0.5 0.808594 0.5 0.792969 0.496094 0.792969 0.492188 0.789062 0.488281 0.789062 0.484375 0.785156 0.480469 0.785156 0.476562 0.78125
0 0.371094 0.140625 0.363281 0.148438 0.363281 0.164062 0.367188 0.167969 0.367188 0.175781 0.378906 0.1875 0.386719 0.1875 0.390625 0.183594 0.398438 0.183594 0.398438 0.167969 0.394531 0.164062 0.394531 0.15625 0.390625 0.152344 0.390625 0.148438 0.382812 0.140625
0 0.65625 0.675781 0.65625 0.6875 0.660156 0.691406 0.671875 0.691406 0.671875 0.683594 0.664062 0.675781
