0 0.0117188 0.96875 0.00390625 0.976562 0 0.976562 0 0.996094 0.0507812 0.996094 0.0507812 0.980469 0.0429688 0.972656 0.0390625 0.972656 0.0351562 0.96875
0 0.1875 0.535156 0.183594 0.539062 0.179688 0.539062 0.175781 0.542969 0.171875 0.542969 0.164062 0.550781 0.164062 0.5625 0.160156 0.566406 0.160156 0.574219 0.164062 0.578125 0.164062 0.582031 0.167969 0.585938 0.171875 0.585938 0.175781 0.589844 0.199219 0.589844 0.214844 0.574219 0.214844 0.546875 0.207031 0.539062 0.203125 0.539062 0.199219 0.535156
0 0.0195312 0.503906 0.015625 0.507812 0.0117188 0.507812 0.0078125 0.511719 0.00390625 0.511719 0 0.515625 0 0.554688 0.00390625 0.558594 0.0195312 0.558594 0.0273438 0.550781 0.03125 0.550781 0.046875 0.535156 0.046875 0.515625 0.0390625 0.507812 0.0351562 0.507812 0.03125 0.503906
0 0.410156 0.792969 0.40625 0.796875 0.402344 0.796875 0.390625 0.808594 0.390625 0.824219 0.40625 0.839844 0.410156 0.839844 0.414062 0.84375 0.4375 0.84375 0.441406 0.839844 0.445312 0.839844 0.453125 0.832031 0.453125 0.8125 0.449219 0.808594 0.449219 0.804688 0.445312 0.800781 0.441406 0.800781 0.4375 0.796875 0.433594 0.796875 0.429688 0.792969
0 0.453125 0.503906 0.441406 0.515625 0.4375 0.515625 0.4375 0.519531 0.429688 0.527344 0.429688 0.546875 0.433594 0.550781 0.4375 0.550781 0.441406 0.554688 0.457031 0.554688 0.476562 0.535156 0.476562 0.53125 0.480469 0.527344 0.480469 0.519531 0.476562 0.515625 0.476562 0.511719 0.46875 0.503906
0 0.0351562 0.292969 0.03125 0.296875 0.0273438 0.296875 0.0195312 0.304688 0.0195312 0.308594 0.015625 0.3125 0.015625 0.316406 0.0117188 0.320312 0.0117188 0.347656 0.015625 0.351562 0.015625 0.355469 0.0234375 0.363281 0.0273438 0.363281 0.03125 0.367188 0.0351562 0.363281 0.046875 0.363281 0.0507812 0.359375 0.0546875 0.359375 0.0585938 0.355469 0.0625 0.355469 0.0625 0.351562 0.0664062 0.347656 0.0664062 0.34375 0.0703125 0.339844 0.0703125 0.335938 0.0664062 0.332031 0.0664062 0.320312 0.0703125 0.316406 0.0703125 0.304688 0.0664062 0.300781 0.0625 0.300781 0.0546875 0.292969
0 0.527344 0.222656 0.523438 0.226562 0.519531 0.226562 0.515625 0.230469 0.511719 0.230469 0.511719 0.234375 0.503906 0.242188 0.503906 0.246094 0.5 0.25 0.5 0.261719 0.511719 0.273438 0.527344 0.273438 0.53125 0.269531 0.539062 0.269531 0.558594 0.25 0.558594 0.230469 0.554688 0.226562 0.550781 0.226562 0.546875 0.222656
0 0.917969 0.878906 0.914062 0.882812 0.910156 0.882812 0.90625 0.886719 0.902344 0.886719 0.898438 0.890625 0.898438 0.898438 0.894531 0.902344 0.894531 0.9375 0.898438 0.941406 0.902344 0.941406 0.90625 0.945312 0.914062 0.945312 0.917969 0.941406 0.921875 0.941406 0.929688 0.933594 0.929688 0.902344 0.933594 0.898438 0.9375 0.898438 0.9375 0.894531 0.941406 0.890625 0.941406 0.886719 0.9375 0.882812 0.9375 0.878906
0 0.800781 0.632812 0.796875 0.636719 0.792969 0.636719 0.78125 0.648438 0.777344 0.648438 0.765625 0.660156 0.765625 0.667969 0.761719 0.671875 0.765625 0.675781 0.765625 0.683594 0.769531 0.6875 0.773438 0.6875 0.777344 0.691406 0.789062 0.691406 0.796875 0.683594 0.800781 0.683594 0.804688 0.679688 0.804688 0.675781 0.808594 0.671875 0.8125 0.671875 0.8125 0.667969 0.816406 0.664062 0.816406 0.660156 0.820312 0.65625 0.820312 0.640625 0.8125 0.632812
0 0.472656 0.0507812 0.464844 0.0585938 0.464844 0.0703125 0.46875 0.0742188 0.46875 0.0820312 0.472656 0.0859375 0.472656 0.0898438 0.476562 0.09375 0.480469 0.09375 0.484375 0.0976562 0.488281 0.0976562 0.492188 0.101562 0.515625 0.101562 0.523438 0.09375 0.523438 0.0898438 0.527344 0.0859375 0.527344 0.0820312 0.523438 0.078125 0.523438 0.0742188 0.511719 0.0625 0.511719 0.0585938 0.507812 0.0585938 0.503906 0.0546875 0.5 0.0546875 0.496094 0.0507812
