0 0.289062 0 0.285156 0.00390625 0.285156 0.0195312 0.28125 0.0234375 0.28125 0.03125 0.292969 0.03125 0.296875 0.0273438 0.300781 0.0273438 0.304688 0.0234375 0.3125 0.0234375 0.316406 0.0195312 0.320312 0.0195312 0.324219 0.015625 0.328125 0.015625 0.332031 0.0117188 0.332031 0
0 0.160156 0.214844 0.160156 0.226562 0.167969 0.234375 0.167969 0.238281 0.171875 0.242188 0.179688 0.242188 0.179688 0.230469 0.175781 0.226562 0.175781 0.222656 0.171875 0.21875 0.171875 0.214844
0 0.5 0.015625 0.496094 0.0195312 0.488281 0.0195312 0.484375 0.0234375 0.476562 0.0234375 0.46875 0.03125 0.46875 0.0351562 0.464844 0.0390625 0.464844 0.0429688 0.46875 0.046875 0.472656 0.046875 0.476562 0.0507812 0.484375 0.0507812 0.496094 0.0625 0.519531 0.0625 0.523438 0.0585938 0.53125 0.0585938 0.539062 0.0507812 0.539062 0.046875 0.542969 0.0429688 0.542969 0.0273438 0.53125 0.015625
0 0.53125 0.347656 0.527344 0.351562 0.523438 0.351562 0.515625 0.359375 0.515625 0.375 0.523438 0.382812 0.53125 0.382812 0.535156 0.386719 0.546875 0.386719 0.550781 0.382812 0.554688 0.382812 0.5625 0.375 0.5625 0.359375 0.550781 0.347656
0 0.949219 0.875 0.945312 0.878906 0.941406 0.878906 0.941406 0.882812 0.9375 0.886719 0.9375 0.90625 0.949219 0.917969 0.953125 0.917969 0.957031 0.921875 0.980469 0.921875 0.984375 0.917969 0.984375 0.914062 0.988281 0.910156 0.988281 0.894531 0.984375 0.890625 0.984375 0.886719 0.980469 0.882812 0.976562 0.882812 0.972656 0.878906 0.96875 0.878906 0.964844 0.875
0 0.476562 0.4375 0.472656 0.441406 0.464844 0.441406 0.460938 0.445312 0.457031 0.445312 0.453125 0.449219 0.449219 0.449219 0.4375 0.460938 0.433594 0.460938 0.433594 0.464844 0.425781 0.472656 0.425781 0.480469 0.429688 0.484375 0.429688 0.488281 0.4375 0.496094 0.464844 0.496094 0.472656 0.488281 0.480469 0.488281 0.484375 0.484375 0.488281 0.484375 0.503906 0.46875 0.503906 0.460938 0.507812 0.457031 0.507812 0.449219 0.496094 0.4375
0 0.949219 0.480469 0.945312 0.484375 0.9375 0.484375 0.933594 0.488281 0.929688 0.488281 0.917969 0.5 0.917969 0.511719 0.929688 0.523438 0.929688 0.527344 0.945312 0.527344 0.949219 0.523438 0.964844 0.523438 0.976562 0.511719 0.976562 0.492188 0.964844 0.480469 0.960938 0.484375 0.957031 0.480469
0 0.617188 0.917969 0.613281 0.921875 0.609375 0.921875 0.609375 0.933594 0.613281 0.9375 0.617188 0.9375 0.625 0.945312 0.628906 0.945312 0.632812 0.949219 0.640625 0.949219 0.644531 0.953125 0.652344 0.953125 0.65625 0.957031 0.671875 0.957031 0.675781 0.953125 0.679688 0.953125 0.691406 0.941406 0.691406 0.933594 0.675781 0.917969
0 0.257812 0.00390625 0.253906 0.0078125 0.253906 0.0117188 0.25 0.015625 0.25 0.0234375 0.253906 0.0273438 0.277344 0.0273438 0.277344 0.0234375 0.28125 0.0195312 0.28125 0.00390625
0 0.992188 0.355469 0.988281 0.359375 0.980469 0.359375 0.972656 0.367188 0.96875 0.367188 0.964844 0.371094 0.964844 0.386719 0.960938 0.390625 0.964844 0.394531 0.964844 0.398438 0.972656 0.40625 0.984375 0.40625 0.988281 0.402344 0.992188 0.402344 0.996094 0.398438 0.996094 0.359375
0 0.96875 0.101562 0.960938 0.109375 0.960938 0.113281 0.957031 0.117188 0.957031 0.140625 0.964844 0.148438 0.964844 0.152344 0.96875 0.15625 0.96875 0.160156 0.976562 0.167969 0.984375 0.167969 0.988281 0.171875 0.996094 0.171875 0.996094 0.105469 0.992188 0.101562
0 0.765625 0.488281 0.757812 0.496094 0.753906 0.496094 0.738281 0.511719 0.738281 0.515625 0.734375 0.519531 0.734375 0.535156 0.738281 0.539062 0.738281 0.542969 0.742188 0.546875 0.75 0.546875 0.753906 0.550781 0.765625 0.550781 0.769531 0.546875 0.773438 0.546875 0.785156 0.535156 0.785156 0.53125 0.789062 0.527344 0.789062 0.523438 0.792969 0.519531 0.792969 0.507812 0.789062 0.503906 0.789062 0.5 0.785156 0.496094 0.785156 0.492188 0.78125 0.492188 0.777344 0.488281
0 0.117188 0.1875 0.113281 0.191406 0.109375 0.191406 0.109375 0.238281 0.113281 0.242188 0.113281 0.246094 0.117188 0.25 0.140625 0.25 0.144531 0.246094 0.144531 0.242188 0.148438 0.238281 0.148438 0.226562 0.152344 0.222656 0.152344 0.207031 0.148438 0.203125 0.148438 0.199219 0.144531 0.195312 0.144531 0.191406 0.140625 0.191406 0.136719 0.1875
0 0.132812 0.796875 0.128906 0.800781 0.125 0.800781 0.117188 0.808594 0.117188 0.835938 0.125 0.84375 0.128906 0.84375 0.136719 0.851562 0.140625 0.851562 0.144531 0.855469 0.15625 0.855469 0.160156 0.859375 0.1875 0.859375 0.191406 0.855469 0.195312 0.855469 0.203125 0.847656 0.203125 0.824219 0.1875 0.808594 0.183594 0.808594 0.179688 0.804688 0.175781 0.804688 0.171875 0.800781 0.167969 0.800781 0.164062 0.796875
0 0.609375 0.207031 0.597656 0.21875 0.597656 0.222656 0.59375 0.226562 0.59375 0.238281 0.597656 0.242188 0.597656 0.246094 0.601562 0.246094 0.609375 0.253906 0.613281 0.253906 0.617188 0.257812 0.636719 0.257812 0.640625 0.253906 0.644531 0.253906 0.65625 0.242188 0.65625 0.222656 0.648438 0.222656 0.640625 0.214844 0.636719 0.214844 0.632812 0.210938 0.632812 0.207031
0 0.96875 0.199219 0.964844 0.203125 0.949219 0.203125 0.945312 0.207031 0.941406 0.207031 0.9375 0.210938 0.9375 0.214844 0.933594 0.21875 0.933594 0.222656 0.929688 0.226562 0.929688 0.230469 0.933594 0.234375 0.933594 0.238281 0.9375 0.242188 0.941406 0.242188 0.945312 0.246094 0.960938 0.246094 0.964844 0.242188 0.96875 0.242188 0.972656 0.238281 0.976562 0.238281 0.984375 0.230469 0.984375 0.226562 0.988281 0.222656 0.980469 0.214844 0.980469 0.207031 0.972656 0.199219
0 0.695312 0.796875 0.691406 0.800781 0.6875 0.800781 0.683594 0.804688 0.683594 0.808594 0.679688 0.8125 0.679688 0.820312 0.683594 0.824219 0.683594 0.832031 0.691406 0.839844 0.703125 0.839844 0.707031 0.84375 0.710938 0.839844 0.714844 0.84375 0.726562 0.84375 0.734375 0.835938 0.734375 0.816406 0.730469 0.8125 0.730469 0.808594 0.71875 0.796875
0 0.355469 0.785156 0.34375 0.796875 0.34375 0.808594 0.359375 0.824219 0.363281 0.824219 0.371094 0.832031 0.394531 0.832031 0.394531 0.828125 0.398438 0.824219 0.398438 0.808594 0.382812 0.792969 0.378906 0.792969 0.371094 0.785156
0 0.359375 0.171875 0.351562 0.179688 0.347656 0.179688 0.347656 0.183594 0.34375 0.1875 0.34375 0.195312 0.347656 0.199219 0.347656 0.203125 0.351562 0.203125 0.355469 0.207031 0.371094 0.207031 0.375 0.203125 0.382812 0.203125 0.398438 0.1875 0.398438 0.179688 0.394531 0.175781 0.394531 0.171875
0 0.648438 0.183594 0.636719 0.195312 0.636719 0.210938 0.640625 0.210938 0.648438 0.21875 0.660156 0.21875 0.671875 0.207031 0.671875 0.195312 0.660156 0.183594
0 0.128906 0.167969 0.128906 0.175781 0.136719 0.183594 0.144531 0.183594 0.148438 0.179688 0.148438 0.171875 0.144531 0.171875 0.140625 0.167969
0 0.289062 0.347656 0.285156 0.351562 0.277344 0.351562 0.257812 0.371094 0.257812 0.375 0.253906 0.378906 0.253906 0.382812 0.257812 0.386719 0.257812 0.390625 0.261719 0.394531 0.261719 0.398438 0.285156 0.398438 0.308594 0.375 0.308594 0.355469 0.300781 0.347656
0 0.15625 0.902344 0.152344 0.90625 0.148438 0.90625 0.148438 0.910156 0.144531 0.914062 0.144531 0.929688 0.148438 0.933594 0.148438 0.9375 0.152344 0.941406 0.15625 0.941406 0.160156 0.945312 0.164062 0.945312 0.167969 0.949219 0.171875 0.949219 0.175781 0.953125 0.1875 0.953125 0.195312 0.945312 0.195312 0.941406 0.199219 0.9375 0.199219 0.925781 0.183594 0.910156 0.179688 0.910156 0.175781 0.90625 0.171875 0.90625 0.167969 0.902344
0 0.746094 0.269531 0.742188 0.273438 0.738281 0.273438 0.734375 0.277344 0.730469 0.277344 0.730469 0.28125 0.726562 0.285156 0.726562 0.296875 0.734375 0.304688 0.738281 0.304688 0.742188 0.308594 0.746094 0.308594 0.75 0.304688 0.753906 0.304688 0.757812 0.300781 0.761719 0.300781 0.769531 0.292969 0.769531 0.28125 0.765625 0.277344 0.765625 0.273438 0.761719 0.273438 0.757812 0.269531
