0 0.421875 0.265625 0.410156 0.277344 0.410156 0.308594 0.421875 0.320312 0.425781 0.320312 0.429688 0.324219 0.441406 0.324219 0.445312 0.320312 0.453125 0.320312 0.457031 0.316406 0.457031 0.296875 0.445312 0.285156 0.445312 0.28125 0.441406 0.277344 0.4375 0.277344 0.425781 0.265625
0 0.304688 0.570312 0.300781 0.574219 0.296875 0.574219 0.296875 0.578125 0.292969 0.582031 0.292969 0.59375 0.300781 0.601562 0.320312 0.601562 0.324219 0.597656 0.328125 0.597656 0.332031 0.59375 0.332031 0.582031 0.324219 0.574219 0.320312 0.574219 0.316406 0.570312
0 0.214844 0.972656 0.210938 0.976562 0.210938 0.980469 0.207031 0.984375 0.207031 0.988281 0.203125 0.992188 0.203125 0.996094 0.234375 0.996094 0.234375 0.992188 0.230469 0.988281 0.230469 0.980469 0.222656 0.972656
0 0.929688 0.453125 0.921875 0.460938 0.921875 0.464844 0.917969 0.46875 0.917969 0.472656 0.921875 0.476562 0.921875 0.480469 0.925781 0.484375 0.925781 0.492188 0.929688 0.496094 0.941406 0.496094 0.945312 0.5 0.949219 0.5 0.953125 0.496094 0.960938 0.496094 0.96875 0.488281 0.96875 0.484375 0.964844 0.480469 0.960938 0.480469 0.953125 0.472656 0.949219 0.472656 0.941406 0.464844 0.941406 0.457031 0.9375 0.453125
0 0.6875 0.980469 0.6875 0.984375 0.683594 0.988281 0.683594 0.996094 0.714844 0.996094 0.714844 0.988281 0.707031 0.980469
0 0.152344 0.222656 0.148438 0.226562 0.136719 0.226562 0.132812 0.230469 0.128906 0.230469 0.125 0.234375 0.125 0.238281 0.121094 0.242188 0.121094 0.261719 0.140625 0.28125 0.148438 0.28125 0.152344 0.285156 0.167969 0.285156 0.171875 0.28125 0.175781 0.28125 0.179688 0.277344 0.183594 0.277344 0.183594 0.269531 0.1875 0.265625 0.1875 0.25 0.183594 0.246094 0.183594 0.242188 0.171875 0.230469 0.167969 0.230469 0.164062 0.226562 0.15625 0.226562
0 0.941406 0.660156 0.933594 0.667969 0.933594 0.675781 0.929688 0.679688 0.929688 0.695312 0.9375 0.703125 0.9375 0.707031 0.945312 0.714844 0.964844 0.714844 0.96875 0.710938 0.96875 0.675781 0.964844 0.671875 0.964844 0.667969 0.960938 0.664062 0.957031 0.664062 0.953125 0.660156
0 0.933594 0.351562 0.929688 0.355469 0.925781 0.355469 0.921875 0.359375 0.917969 0.359375 0.914062 0.363281 0.910156 0.363281 0.910156 0.367188 0.90625 0.371094 0.90625 0.390625 0.914062 0.390625 0.917969 0.394531 0.925781 0.394531 0.929688 0.390625 0.933594 0.390625 0.941406 0.382812 0.941406 0.378906 0.945312 0.375 0.945312 0.363281 0.949219 0.359375 0.941406 0.351562
0 0.335938 0.00390625 0.328125 0.0117188 0.328125 0.0273438 0.335938 0.0273438 0.339844 0.03125 0.355469 0.03125 0.355469 0.0273438 0.359375 0.0234375 0.359375 0.0117188 0.351562 0.00390625
0 0.691406 0.046875 0.683594 0.0546875 0.679688 0.0546875 0.679688 0.0585938 0.671875 0.0664062 0.671875 0.0703125 0.664062 0.078125 0.664062 0.0820312 0.65625 0.0898438 0.65625 0.09375 0.660156 0.0976562 0.660156 0.101562 0.664062 0.105469 0.664062 0.109375 0.671875 0.117188 0.691406 0.117188 0.722656 0.0859375 0.722656 0.0585938 0.714844 0.0507812 0.710938 0.0507812 0.707031 0.046875
0 0.460938 0 0.453125 0.0078125 0.453125 0.0195312 0.449219 0.0234375 0.449219 0.0429688 0.460938 0.0546875 0.460938 0.0585938 0.464844 0.0625 0.472656 0.0625 0.476562 0.0664062 0.480469 0.0664062 0.484375 0.0625 0.492188 0.0625 0.503906 0.0507812 0.503906 0.046875 0.507812 0.0429688 0.507812 0.03125 0.511719 0.0273438 0.511719 0.015625 0.507812 0.0117188 0.507812 0.0078125 0.503906 0.00390625 0.503906 0
0 0.0703125 0.820312 0.0664062 0.824219 0.0664062 0.855469 0.0625 0.859375 0.0625 0.871094 0.0664062 0.875 0.0664062 0.878906 0.0703125 0.878906 0.0742188 0.882812 0.0820312 0.882812 0.09375 0.871094 0.09375 0.863281 0.0976562 0.859375 0.0976562 0.835938 0.0898438 0.828125 0.0898438 0.824219 0.0859375 0.820312
0 0.8125 0.90625 0.808594 0.910156 0.804688 0.910156 0.800781 0.914062 0.796875 0.914062 0.796875 0.917969 0.792969 0.921875 0.792969 0.949219 0.796875 0.953125 0.796875 0.957031 0.804688 0.964844 0.808594 0.964844 0.8125 0.96875 0.824219 0.96875 0.839844 0.953125 0.839844 0.925781 0.835938 0.921875 0.835938 0.917969 0.824219 0.90625
0 0.851562 0.03125 0.847656 0.0351562 0.847656 0.046875 0.84375 0.0507812 0.84375 0.0898438 0.847656 0.09375 0.847656 0.0976562 0.851562 0.101562 0.855469 0.101562 0.859375 0.105469 0.871094 0.105469 0.875 0.101562 0.878906 0.101562 0.882812 0.0976562 0.882812 0.09375 0.886719 0.0898438 0.886719 0.0859375 0.882812 0.0820312 0.882812 0.078125 0.886719 0.0742188 0.886719 0.0664062 0.890625 0.0625 0.886719 0.0585938 0.886719 0.0429688 0.878906 0.0351562 0.875 0.0351562 0.871094 0.03125
0 0.363281 0.253906 0.359375 0.257812 0.359375 0.269531 0.367188 0.277344 0.375 0.277344 0.375 0.257812 0.371094 0.253906
0 0.984375 0.648438 0.980469 0.652344 0.976562 0.652344 0.976562 0.660156 0.972656 0.664062 0.972656 0.683594 0.976562 0.6875 0.976562 0.691406 0.980469 0.695312 0.984375 0.695312 0.988281 0.699219 0.996094 0.699219 0.996094 0.648438
0 0.773438 0.199219 0.769531 0.203125 0.769531 0.207031 0.765625 0.210938 0.765625 0.226562 0.761719 0.230469 0.761719 0.253906 0.765625 0.257812 0.765625 0.261719 0.773438 0.269531 0.789062 0.269531 0.792969 0.265625 0.796875 0.265625 0.800781 0.261719 0.800781 0.257812 0.804688 0.253906 0.804688 0.242188 0.796875 0.234375 0.796875 0.222656 0.800781 0.21875 0.800781 0.214844 0.785156 0.199219
