0 0.277344 0.605469 0.269531 0.613281 0.269531 0.628906 0.28125 0.640625 0.296875 0.640625 0.308594 0.628906 0.308594 0.609375 0.304688 0.605469
0 0.5 0.523438 0.492188 0.53125 0.492188 0.546875 0.496094 0.550781 0.496094 0.5625 0.5 0.5625 0.503906 0.566406 0.511719 0.566406 0.515625 0.5625 0.523438 0.5625 0.527344 0.558594 0.527344 0.550781 0.53125 0.546875 0.53125 0.53125 0.527344 0.527344 0.523438 0.527344 0.519531 0.523438
0 0.25 0.496094 0.246094 0.5 0.246094 0.507812 0.25 0.511719 0.25 0.515625 0.246094 0.519531 0.246094 0.527344 0.25 0.53125 0.261719 0.53125 0.265625 0.527344 0.265625 0.5 0.261719 0.496094
0 0.335938 0 0.332031 0.00390625 0.332031 0.015625 0.335938 0.0195312 0.363281 0.0195312 0.367188 0.015625 0.367188 0.0078125 0.363281 0.00390625 0.347656 0.00390625 0.34375 0
0 0.203125 0.511719 0.199219 0.515625 0.199219 0.523438 0.203125 0.527344 0.210938 0.527344 0.214844 0.523438 0.214844 0.515625 0.210938 0.511719
0 0.0585938 0.253906 0.0546875 0.257812 0.0507812 0.257812 0.046875 0.261719 0.046875 0.269531 0.0507812 0.273438 0.0546875 0.273438 0.0625 0.265625 0.0703125 0.265625 0.0703125 0.257812 0.0664062 0.253906
0 0.226562 0.421875 0.222656 0.425781 0.21875 0.425781 0.214844 0.429688 0.214844 0.449219 0.21875 0.453125 0.222656 0.453125 0.226562 0.457031 0.246094 0.457031 0.25 0.453125 0.253906 0.453125 0.257812 0.449219 0.257812 0.433594 0.253906 0.429688 0.246094 0.429688 0.238281 0.421875
0 0.0859375 0.414062 0.0820312 0.417969 0.0820312 0.433594 0.0859375 0.4375 0.0859375 0.441406 0.0898438 0.445312 0.0898438 0.449219 0.105469 0.464844 0.117188 0.464844 0.121094 0.460938 0.121094 0.453125 0.105469 0.4375 0.105469 0.433594 0.101562 0.429688 0.101562 0.425781 0.0976562 0.421875 0.0976562 0.417969 0.09375 0.414062
0 0.457031 0.132812 0.445312 0.144531 0.445312 0.164062 0.449219 0.167969 0.449219 0.175781 0.453125 0.175781 0.457031 0.171875 0.46875 0.171875 0.480469 0.160156 0.480469 0.152344 0.46875 0.140625 0.46875 0.132812
0 0.136719 0.363281 0.132812 0.367188 0.132812 0.375 0.136719 0.378906 0.136719 0.394531 0.15625 0.394531 0.160156 0.390625 0.160156 0.367188 0.15625 0.363281
0 0.21875 0.261719 0.214844 0.265625 0.214844 0.273438 0.21875 0.277344 0.230469 0.277344 0.234375 0.273438 0.234375 0.265625 0.230469 0.261719
0 0.308594 0.0351562 0.304688 0.0390625 0.273438 0.0390625 0.269531 0.0429688 0.269531 0.0507812 0.273438 0.0546875 0.316406 0.0546875 0.324219 0.046875 0.324219 0.0390625 0.320312 0.0351562
0 0.378906 0.328125 0.375 0.332031 0.371094 0.332031 0.363281 0.339844 0.363281 0.359375 0.382812 0.359375 0.386719 0.363281 0.398438 0.363281 0.40625 0.355469 0.40625 0.34375 0.402344 0.339844 0.402344 0.335938 0.398438 0.335938 0.394531 0.332031 0.386719 0.332031 0.382812 0.328125
0 0.234375 0.34375 0.230469 0.347656 0.230469 0.355469 0.226562 0.359375 0.226562 0.371094 0.230469 0.375 0.253906 0.375 0.261719 0.367188 0.261719 0.351562 0.253906 0.34375
0 0.0742188 0.300781 0.0703125 0.304688 0.0703125 0.316406 0.0742188 0.320312 0.0976562 0.320312 0.101562 0.316406 0.101562 0.308594 0.0976562 0.304688 0.0898438 0.304688 0.0859375 0.300781
0 0.0117188 0.171875 0.0078125 0.175781 0.00390625 0.175781 0 0.179688 0 0.203125 0.0078125 0.210938 0.03125 0.210938 0.0351562 0.207031 0.0351562 0.203125 0.0390625 0.199219 0.0390625 0.1875 0.0351562 0.183594 0.0351562 0.179688 0.0273438 0.171875
0 0.0625 0.269531 0.0546875 0.277344 0.0546875 0.292969 0.0585938 0.296875 0.0898438 0.296875 0.0976562 0.289062 0.0976562 0.273438 0.09375 0.269531
0 0.273438 0 0.273438 0.0117188 0.28125 0.0195312 0.28125 0.0234375 0.285156 0.0273438 0.285156 0.03125 0.289062 0.0351562 0.304688 0.0351562 0.308594 0.03125 0.308594 0.0234375 0.296875 0.0117188 0.296875 0.0078125 0.289062 0
0 0.398438 0.109375 0.394531 0.113281 0.390625 0.113281 0.378906 0.125 0.378906 0.128906 0.375 0.132812 0.375 0.144531 0.382812 0.152344 0.402344 0.152344 0.40625 0.148438 0.417969 0.148438 0.425781 0.140625 0.425781 0.121094 0.421875 0.117188 0.421875 0.113281 0.417969 0.109375
0 0.109375 0.363281 0.105469 0.367188 0.105469 0.371094 0.09375 0.382812 0.09375 0.398438 0.0976562 0.402344 0.125 0.402344 0.132812 0.394531 0.132812 0.378906 0.128906 0.375 0.128906 0.367188 0.125 0.363281
0 0.585938 0.0507812 0.582031 0.0546875 0.578125 0.0546875 0.574219 0.0585938 0.574219 0.078125 0.578125 0.078125 0.582031 0.0820312 0.601562 0.0820312 0.605469 0.0859375 0.605469 0.0625 0.597656 0.0546875 0.59375 0.0546875 0.589844 0.0507812
0 0.300781 0 0.296875 0.00390625 0.300781 0.0078125 0.300781 0.0117188 0.308594 0.0195312 0.316406 0.0195312 0.320312 0.015625 0.320312 0.00390625 0.316406 0
0 0.777344 0 0.777344 0.00390625 0.773438 0.0078125 0.773438 0.0117188 0.78125 0.0195312 0.789062 0.0195312 0.792969 0.015625 0.796875 0.015625 0.796875 0.0117188 0.800781 0.0078125 0.800781 0
