0 0.527344 0.632812 0.523438 0.636719 0.519531 0.636719 0.503906 0.652344 0.503906 0.660156 0.5 0.664062 0.5 0.675781 0.503906 0.679688 0.503906 0.683594 0.519531 0.699219 0.527344 0.699219 0.53125 0.703125 0.542969 0.703125 0.546875 0.699219 0.554688 0.699219 0.574219 0.679688 0.574219 0.65625 0.570312 0.652344 0.570312 0.648438 0.566406 0.648438 0.5625 0.644531 0.5625 0.640625 0.558594 0.640625 0.550781 0.632812
0 0.757812 0.273438 0.757812 0.292969 0.761719 0.296875 0.761719 0.304688 0.773438 0.304688 0.78125 0.3125 0.78125 0.324219 0.789062 0.324219 0.792969 0.328125 0.808594 0.328125 0.8125 0.324219 0.8125 0.304688 0.804688 0.296875 0.804688 0.292969 0.800781 0.289062 0.800781 0.285156 0.796875 0.28125 0.785156 0.28125 0.78125 0.277344 0.769531 0.277344 0.765625 0.273438
0 0.707031 0.300781 0.707031 0.316406 0.710938 0.320312 0.710938 0.328125 0.71875 0.335938 0.71875 0.34375 0.722656 0.347656 0.726562 0.347656 0.730469 0.351562 0.738281 0.351562 0.742188 0.355469 0.761719 0.355469 0.765625 0.351562 0.769531 0.351562 0.773438 0.347656 0.773438 0.320312 0.761719 0.308594 0.757812 0.308594 0.753906 0.304688 0.75 0.304688 0.746094 0.300781
0 0.214844 0.445312 0.210938 0.449219 0.210938 0.476562 0.21875 0.484375 0.21875 0.488281 0.222656 0.488281 0.230469 0.496094 0.261719 0.496094 0.265625 0.492188 0.273438 0.492188 0.273438 0.488281 0.277344 0.484375 0.277344 0.464844 0.273438 0.460938 0.273438 0.457031 0.261719 0.445312
0 0.113281 0.132812 0.109375 0.136719 0.105469 0.136719 0.105469 0.140625 0.0976562 0.148438 0.0976562 0.164062 0.105469 0.171875 0.109375 0.171875 0.113281 0.175781 0.121094 0.175781 0.125 0.179688 0.132812 0.179688 0.140625 0.171875 0.140625 0.167969 0.144531 0.164062 0.144531 0.148438 0.128906 0.132812
0 0.675781 0.183594 0.675781 0.210938 0.679688 0.214844 0.679688 0.21875 0.683594 0.222656 0.683594 0.238281 0.6875 0.242188 0.707031 0.242188 0.710938 0.238281 0.71875 0.238281 0.726562 0.230469 0.726562 0.195312 0.71875 0.1875 0.703125 0.1875 0.699219 0.183594
0 0.992188 0.910156 0.988281 0.914062 0.980469 0.914062 0.980469 0.917969 0.976562 0.921875 0.976562 0.929688 0.972656 0.933594 0.972656 0.949219 0.984375 0.960938 0.992188 0.960938 0.996094 0.964844 0.996094 0.910156
0 0.0625 0 0.0625 0.00390625 0.0585938 0.0078125 0.0585938 0.0117188 0.0546875 0.015625 0.0546875 0.0273438 0.0585938 0.03125 0.0585938 0.0390625 0.0703125 0.0507812 0.0898438 0.0507812 0.09375 0.046875 0.0976562 0.046875 0.101562 0.0429688 0.109375 0.0429688 0.109375 0.0390625 0.117188 0.03125 0.117188 0.0273438 0.121094 0.0234375 0.121094 0.0195312 0.125 0.015625 0.125 0
0 0.773438 0.351562 0.769531 0.355469 0.765625 0.355469 0.761719 0.359375 0.742188 0.359375 0.746094 0.363281 0.746094 0.367188 0.75 0.371094 0.75 0.375 0.757812 0.382812 0.773438 0.382812 0.78125 0.375 0.78125 0.359375 0.777344 0.355469 0.777344 0.351562
0 0.652344 0.484375 0.648438 0.488281 0.644531 0.488281 0.636719 0.496094 0.632812 0.496094 0.628906 0.5 0.621094 0.5 0.609375 0.511719 0.609375 0.527344 0.613281 0.53125 0.613281 0.539062 0.628906 0.554688 0.628906 0.558594 0.636719 0.566406 0.660156 0.566406 0.664062 0.5625 0.667969 0.5625 0.671875 0.558594 0.675781 0.558594 0.6875 0.546875 0.6875 0.542969 0.691406 0.539062 0.691406 0.535156 0.695312 0.53125 0.695312 0.523438 0.699219 0.519531 0.699219 0.511719 0.695312 0.507812 0.695312 0.503906 0.691406 0.5 0.691406 0.496094 0.6875 0.492188 0.683594 0.492188 0.679688 0.488281 0.675781 0.488281 0.671875 0.484375
0 0 0 0 0.0429688 0.0078125 0.0429688 0.0117188 0.046875 0.0273438 0.046875 0.03125 0.0429688 0.0351562 0.0429688 0.0390625 0.0390625 0.0390625 0.0351562 0.0429688 0.03125 0.0429688 0.0195312 0.046875 0.015625 0.046875 0
