0 0.441406 0.929688 0.429688 0.941406 0.429688 0.960938 0.433594 0.964844 0.4375 0.964844 0.441406 0.96875 0.472656 0.96875 0.480469 0.960938 0.480469 0.945312 0.464844 0.929688
0 0.300781 0.265625 0.296875 0.269531 0.292969 0.269531 0.285156 0.277344 0.285156 0.28125 0.277344 0.289062 0.277344 0.304688 0.285156 0.3125 0.300781 0.3125 0.308594 0.304688 0.308594 0.300781 0.3125 0.296875 0.3125 0.292969 0.316406 0.289062 0.316406 0.273438 0.308594 0.265625
0 0.90625 0.949219 0.894531 0.960938 0.894531 0.96875 0.890625 0.972656 0.890625 0.992188 0.894531 0.996094 0.917969 0.996094 0.917969 0.992188 0.921875 0.988281 0.921875 0.984375 0.925781 0.980469 0.925781 0.972656 0.929688 0.96875 0.929688 0.953125 0.925781 0.949219
0 0.8125 0.816406 0.800781 0.828125 0.800781 0.832031 0.796875 0.835938 0.796875 0.839844 0.792969 0.84375 0.792969 0.859375 0.796875 0.863281 0.796875 0.867188 0.800781 0.871094 0.8125 0.871094 0.816406 0.867188 0.820312 0.867188 0.832031 0.855469 0.832031 0.851562 0.835938 0.847656 0.835938 0.824219 0.828125 0.816406
0 0.441406 0.890625 0.433594 0.898438 0.429688 0.898438 0.421875 0.90625 0.421875 0.921875 0.425781 0.925781 0.429688 0.925781 0.433594 0.929688 0.4375 0.929688 0.441406 0.925781 0.460938 0.925781 0.476562 0.910156 0.476562 0.898438 0.46875 0.890625
0 0.59375 0.359375 0.585938 0.367188 0.585938 0.371094 0.582031 0.375 0.582031 0.402344 0.585938 0.40625 0.601562 0.40625 0.609375 0.398438 0.609375 0.378906 0.613281 0.375 0.613281 0.367188 0.605469 0.359375
0 0.828125 0.179688 0.824219 0.183594 0.820312 0.183594 0.808594 0.195312 0.808594 0.210938 0.820312 0.222656 0.824219 0.222656 0.828125 0.226562 0.835938 0.226562 0.839844 0.222656 0.84375 0.222656 0.847656 0.21875 0.851562 0.21875 0.863281 0.207031 0.863281 0.183594 0.859375 0.179688
0 0.921875 0.710938 0.914062 0.71875 0.914062 0.722656 0.910156 0.726562 0.910156 0.730469 0.90625 0.734375 0.90625 0.765625 0.910156 0.769531 0.921875 0.769531 0.925781 0.765625 0.929688 0.765625 0.941406 0.753906 0.941406 0.75 0.945312 0.746094 0.945312 0.726562 0.933594 0.714844 0.929688 0.714844 0.925781 0.710938
0 0.914062 0.492188 0.910156 0.496094 0.902344 0.496094 0.886719 0.511719 0.886719 0.515625 0.882812 0.519531 0.882812 0.539062 0.886719 0.542969 0.886719 0.546875 0.890625 0.550781 0.890625 0.554688 0.898438 0.5625 0.921875 0.5625 0.9375 0.546875 0.9375 0.542969 0.941406 0.539062 0.941406 0.527344 0.945312 0.523438 0.945312 0.515625 0.941406 0.511719 0.941406 0.507812 0.925781 0.492188
0 0.984375 0.242188 0.980469 0.246094 0.980469 0.253906 0.976562 0.257812 0.976562 0.269531 0.984375 0.277344 0.988281 0.277344 0.992188 0.28125 0.996094 0.28125 0.996094 0.242188
0 0.152344 0.84375 0.148438 0.847656 0.144531 0.847656 0.140625 0.851562 0.136719 0.851562 0.132812 0.855469 0.128906 0.855469 0.105469 0.878906 0.105469 0.886719 0.109375 0.890625 0.113281 0.890625 0.125 0.902344 0.164062 0.902344 0.167969 0.898438 0.175781 0.898438 0.183594 0.890625 0.1875 0.890625 0.199219 0.878906 0.199219 0.871094 0.203125 0.867188 0.203125 0.855469 0.191406 0.84375
0 0.910156 0.0429688 0.90625 0.046875 0.898438 0.046875 0.882812 0.0625 0.882812 0.0742188 0.886719 0.078125 0.890625 0.078125 0.894531 0.0820312 0.90625 0.0820312 0.910156 0.078125 0.925781 0.078125 0.929688 0.0742188 0.933594 0.0742188 0.941406 0.0664062 0.941406 0.0546875 0.929688 0.0429688
0 0.199219 0.5625 0.1875 0.574219 0.1875 0.601562 0.195312 0.609375 0.210938 0.609375 0.21875 0.601562 0.21875 0.597656 0.222656 0.59375 0.222656 0.578125 0.21875 0.574219 0.21875 0.570312 0.210938 0.5625
0 0.6875 0.0390625 0.683594 0.0429688 0.683594 0.046875 0.671875 0.0585938 0.671875 0.0625 0.664062 0.0703125 0.664062 0.078125 0.671875 0.0859375 0.691406 0.0859375 0.710938 0.0664062 0.710938 0.0625 0.714844 0.0585938 0.714844 0.0507812 0.710938 0.046875 0.710938 0.0429688 0.707031 0.0390625
0 0.582031 0.605469 0.578125 0.609375 0.570312 0.609375 0.5625 0.617188 0.5625 0.632812 0.570312 0.640625 0.578125 0.640625 0.582031 0.644531 0.609375 0.644531 0.625 0.628906 0.625 0.621094 0.621094 0.617188 0.621094 0.613281 0.617188 0.609375 0.613281 0.609375 0.609375 0.605469
0 0.167969 0.238281 0.164062 0.242188 0.164062 0.265625 0.167969 0.269531 0.167969 0.273438 0.171875 0.277344 0.171875 0.28125 0.183594 0.292969 0.191406 0.292969 0.199219 0.285156 0.199219 0.269531 0.195312 0.265625 0.195312 0.257812 0.191406 0.253906 0.191406 0.25 0.183594 0.242188 0.179688 0.242188 0.175781 0.238281
