0 0.527344 0.0664062 0.523438 0.0703125 0.519531 0.0703125 0.515625 0.0742188 0.515625 0.0859375 0.527344 0.0976562 0.53125 0.0976562 0.535156 0.101562 0.542969 0.101562 0.546875 0.105469 0.550781 0.105469 0.554688 0.101562 0.558594 0.101562 0.5625 0.0976562 0.5625 0.0859375 0.558594 0.0820312 0.558594 0.078125 0.554688 0.0742188 0.550781 0.0742188 0.546875 0.0703125 0.542969 0.0703125 0.539062 0.0664062
0 0.726562 0.300781 0.71875 0.308594 0.71875 0.316406 0.714844 0.320312 0.714844 0.324219 0.71875 0.328125 0.71875 0.332031 0.722656 0.335938 0.722656 0.339844 0.726562 0.34375 0.726562 0.347656 0.734375 0.347656 0.738281 0.351562 0.761719 0.351562 0.769531 0.34375 0.769531 0.335938 0.773438 0.332031 0.773438 0.328125 0.769531 0.324219 0.769531 0.320312 0.753906 0.304688 0.75 0.304688 0.746094 0.300781
0 0.503906 0.441406 0.496094 0.449219 0.496094 0.464844 0.511719 0.480469 0.515625 0.480469 0.519531 0.484375 0.523438 0.484375 0.527344 0.488281 0.53125 0.484375 0.554688 0.484375 0.558594 0.480469 0.558594 0.460938 0.546875 0.449219 0.542969 0.449219 0.539062 0.445312 0.535156 0.445312 0.53125 0.441406
0 0.105469 0.699219 0.09375 0.710938 0.09375 0.730469 0.0976562 0.734375 0.101562 0.734375 0.105469 0.738281 0.125 0.738281 0.132812 0.730469 0.132812 0.714844 0.121094 0.703125 0.117188 0.703125 0.113281 0.699219
0 0 0.75 0 0.792969 0.0078125 0.792969 0.0117188 0.789062 0.0117188 0.785156 0.015625 0.78125 0.015625 0.773438 0.0078125 0.765625 0.0078125 0.757812 0.00390625 0.753906 0.00390625 0.75
0 0.554688 0.367188 0.550781 0.371094 0.546875 0.371094 0.542969 0.375 0.542969 0.378906 0.539062 0.382812 0.539062 0.386719 0.542969 0.390625 0.542969 0.394531 0.550781 0.402344 0.554688 0.402344 0.558594 0.40625 0.582031 0.40625 0.589844 0.398438 0.589844 0.382812 0.582031 0.375 0.578125 0.375 0.574219 0.371094 0.566406 0.371094 0.5625 0.367188
0 0.140625 0.234375 0.132812 0.242188 0.128906 0.242188 0.125 0.246094 0.125 0.261719 0.128906 0.265625 0.132812 0.265625 0.136719 0.269531 0.160156 0.269531 0.164062 0.265625 0.167969 0.265625 0.171875 0.261719 0.171875 0.257812 0.175781 0.253906 0.175781 0.246094 0.171875 0.242188 0.171875 0.238281 0.167969 0.234375
0 0.890625 0.207031 0.886719 0.210938 0.886719 0.230469 0.890625 0.230469 0.898438 0.238281 0.902344 0.238281 0.910156 0.246094 0.917969 0.246094 0.921875 0.25 0.929688 0.25 0.933594 0.246094 0.9375 0.246094 0.945312 0.238281 0.945312 0.226562 0.941406 0.222656 0.941406 0.21875 0.9375 0.214844 0.933594 0.214844 0.929688 0.210938 0.925781 0.210938 0.921875 0.207031
0 0.28125 0.046875 0.277344 0.0507812 0.273438 0.0507812 0.269531 0.0546875 0.269531 0.0703125 0.273438 0.0742188 0.273438 0.078125 0.277344 0.078125 0.28125 0.0820312 0.289062 0.0820312 0.292969 0.0859375 0.300781 0.0859375 0.304688 0.0820312 0.3125 0.0820312 0.316406 0.078125 0.320312 0.078125 0.320312 0.0742188 0.324219 0.0703125 0.324219 0.0585938 0.3125 0.046875
0 0.660156 0.550781 0.65625 0.554688 0.652344 0.554688 0.648438 0.558594 0.644531 0.558594 0.636719 0.566406 0.636719 0.570312 0.632812 0.574219 0.632812 0.578125 0.628906 0.582031 0.628906 0.597656 0.636719 0.605469 0.65625 0.605469 0.667969 0.59375 0.671875 0.59375 0.671875 0.589844 0.675781 0.585938 0.675781 0.582031 0.679688 0.578125 0.679688 0.558594 0.671875 0.550781
0 0.03125 0.730469 0.0273438 0.734375 0.0234375 0.734375 0.0117188 0.746094 0.0117188 0.75 0.0078125 0.753906 0.0117188 0.757812 0.0117188 0.765625 0.0234375 0.777344 0.0546875 0.777344 0.0585938 0.773438 0.0625 0.773438 0.0742188 0.761719 0.078125 0.761719 0.078125 0.746094 0.0742188 0.742188 0.0742188 0.738281 0.0703125 0.738281 0.0625 0.730469
0 0.1875 0.410156 0.183594 0.414062 0.175781 0.414062 0.171875 0.417969 0.171875 0.433594 0.179688 0.441406 0.183594 0.441406 0.1875 0.445312 0.195312 0.445312 0.199219 0.449219 0.222656 0.449219 0.230469 0.441406 0.230469 0.429688 0.21875 0.417969 0.214844 0.417969 0.210938 0.414062 0.207031 0.414062 0.203125 0.410156
0 0.957031 0.847656 0.953125 0.851562 0.949219 0.851562 0.945312 0.855469 0.945312 0.859375 0.941406 0.863281 0.941406 0.871094 0.957031 0.886719 0.960938 0.886719 0.964844 0.890625 0.980469 0.890625 0.984375 0.886719 0.988281 0.886719 0.988281 0.882812 0.992188 0.878906 0.992188 0.875 0.996094 0.871094 0.996094 0.867188 0.992188 0.863281 0.992188 0.855469 0.988281 0.851562 0.976562 0.851562 0.972656 0.847656
0 0.199219 0.703125 0.199219 0.707031 0.195312 0.710938 0.195312 0.726562 0.191406 0.730469 0.191406 0.75 0.195312 0.753906 0.195312 0.757812 0.199219 0.761719 0.199219 0.765625 0.207031 0.765625 0.210938 0.769531 0.226562 0.769531 0.234375 0.761719 0.234375 0.757812 0.238281 0.753906 0.238281 0.730469 0.234375 0.726562 0.234375 0.714844 0.230469 0.710938 0.230469 0.707031 0.226562 0.707031 0.222656 0.703125
0 0.660156 0 0.664062 0.00390625 0.664062 0.0078125 0.667969 0.0078125 0.671875 0.0117188 0.675781 0.0117188 0.679688 0.015625 0.703125 0.015625 0.707031 0.0117188 0.710938 0.0117188 0.714844 0.0078125 0.714844 0
0 0.00390625 0.0898438 0 0.09375 0 0.121094 0.00390625 0.121094 0.015625 0.132812 0.0390625 0.132812 0.0507812 0.121094 0.0507812 0.109375 0.046875 0.105469 0.0429688 0.105469 0.0390625 0.101562 0.0351562 0.101562 0.03125 0.0976562 0.0273438 0.0976562 0.0234375 0.09375 0.015625 0.09375 0.0117188 0.0898438
0 0.257812 0.976562 0.257812 0.980469 0.253906 0.984375 0.25 0.984375 0.25 0.996094 0.289062 0.996094 0.289062 0.984375 0.28125 0.976562
0 0.328125 0.253906 0.324219 0.257812 0.320312 0.257812 0.316406 0.261719 0.316406 0.277344 0.324219 0.285156 0.328125 0.285156 0.332031 0.289062 0.355469 0.289062 0.359375 0.285156 0.363281 0.285156 0.367188 0.28125 0.367188 0.269531 0.363281 0.265625 0.363281 0.261719 0.359375 0.261719 0.355469 0.257812 0.347656 0.257812 0.34375 0.253906
0 0.992188 0.691406 0.992188 0.695312 0.988281 0.699219 0.988281 0.722656 0.992188 0.726562 0.996094 0.726562 0.996094 0.691406
0 0.015625 0.441406 0.0117188 0.445312 0 0.445312 0 0.476562 0.00390625 0.480469 0.0195312 0.480469 0.0234375 0.484375 0.046875 0.484375 0.0507812 0.480469 0.0507812 0.476562 0.0546875 0.472656 0.0546875 0.464844 0.0507812 0.460938 0.0507812 0.457031 0.0429688 0.449219 0.0351562 0.449219 0.03125 0.445312 0.0195312 0.445312
0 0.535156 0.679688 0.527344 0.6875 0.527344 0.707031 0.539062 0.71875 0.550781 0.71875 0.554688 0.714844 0.554688 0.710938 0.558594 0.707031 0.558594 0.695312 0.554688 0.691406 0.554688 0.6875 0.550781 0.683594 0.546875 0.683594 0.542969 0.679688
0 0.6875 0.191406 0.683594 0.195312 0.679688 0.195312 0.675781 0.199219 0.675781 0.207031 0.679688 0.210938 0.679688 0.21875 0.683594 0.21875 0.6875 0.222656 0.691406 0.222656 0.695312 0.226562 0.699219 0.226562 0.703125 0.230469 0.71875 0.230469 0.722656 0.226562 0.722656 0.222656 0.726562 0.21875 0.726562 0.214844 0.722656 0.210938 0.722656 0.207031 0.710938 0.195312 0.707031 0.195312 0.703125 0.191406
0 0.480469 0.6875 0.472656 0.695312 0.472656 0.699219 0.46875 0.703125 0.46875 0.71875 0.472656 0.722656 0.472656 0.726562 0.484375 0.738281 0.484375 0.742188 0.492188 0.742188 0.496094 0.746094 0.519531 0.746094 0.523438 0.742188 0.523438 0.738281 0.527344 0.734375 0.527344 0.714844 0.523438 0.710938 0.523438 0.707031 0.519531 0.703125 0.515625 0.703125 0.507812 0.695312 0.503906 0.695312 0.5 0.691406 0.496094 0.691406 0.492188 0.6875
0 0.882812 0.957031 0.878906 0.960938 0.875 0.960938 0.871094 0.964844 0.871094 0.984375 0.878906 0.992188 0.890625 0.992188 0.894531 0.996094 0.914062 0.996094 0.917969 0.992188 0.921875 0.992188 0.925781 0.988281 0.925781 0.984375 0.929688 0.980469 0.929688 0.972656 0.925781 0.96875 0.925781 0.964844 0.921875 0.960938 0.917969 0.960938 0.914062 0.957031
0 0.527344 0.496094 0.519531 0.503906 0.515625 0.503906 0.515625 0.527344 0.523438 0.535156 0.535156 0.535156 0.539062 0.539062 0.5625 0.539062 0.570312 0.53125 0.570312 0.511719 0.5625 0.503906 0.558594 0.503906 0.554688 0.5 0.550781 0.5 0.546875 0.496094
0 0.851562 0.285156 0.847656 0.289062 0.84375 0.289062 0.84375 0.308594 0.859375 0.324219 0.867188 0.324219 0.871094 0.328125 0.875 0.324219 0.882812 0.324219 0.882812 0.320312 0.886719 0.316406 0.886719 0.304688 0.882812 0.300781 0.882812 0.296875 0.875 0.289062 0.871094 0.289062 0.867188 0.285156
0 0.738281 0.671875 0.734375 0.675781 0.730469 0.675781 0.722656 0.683594 0.722656 0.6875 0.714844 0.695312 0.714844 0.710938 0.726562 0.722656 0.738281 0.722656 0.753906 0.707031 0.753906 0.703125 0.757812 0.699219 0.757812 0.691406 0.753906 0.6875 0.753906 0.683594 0.75 0.679688 0.746094 0.679688
0 0.191406 0.613281 0.183594 0.621094 0.183594 0.625 0.179688 0.628906 0.179688 0.644531 0.1875 0.652344 0.195312 0.652344 0.199219 0.65625 0.203125 0.652344 0.207031 0.652344 0.210938 0.648438 0.214844 0.648438 0.222656 0.640625 0.222656 0.625 0.210938 0.613281
0 0.507812 0.9375 0.507812 0.957031 0.511719 0.960938 0.511719 0.964844 0.519531 0.972656 0.523438 0.972656 0.53125 0.980469 0.550781 0.980469 0.554688 0.976562 0.554688 0.953125 0.546875 0.945312 0.542969 0.945312 0.539062 0.941406 0.53125 0.941406 0.527344 0.9375
0 0.445312 0.890625 0.441406 0.894531 0.441406 0.90625 0.445312 0.90625 0.449219 0.910156 0.453125 0.910156 0.457031 0.914062 0.460938 0.914062 0.464844 0.917969 0.46875 0.917969 0.472656 0.921875 0.476562 0.921875 0.480469 0.925781 0.5 0.925781 0.503906 0.921875 0.503906 0.90625 0.5 0.902344 0.496094 0.902344 0.488281 0.894531 0.484375 0.894531 0.480469 0.890625
0 0.414062 0.433594 0.410156 0.4375 0.40625 0.4375 0.402344 0.441406 0.402344 0.445312 0.398438 0.449219 0.398438 0.472656 0.402344 0.476562 0.402344 0.480469 0.414062 0.492188 0.433594 0.492188 0.4375 0.496094 0.441406 0.496094 0.445312 0.492188 0.453125 0.492188 0.457031 0.488281 0.460938 0.488281 0.460938 0.457031 0.457031 0.453125 0.457031 0.449219 0.453125 0.449219 0.441406 0.4375 0.4375 0.4375 0.433594 0.433594
0 0.195312 0.453125 0.183594 0.464844 0.183594 0.484375 0.1875 0.488281 0.1875 0.492188 0.191406 0.492188 0.199219 0.5 0.203125 0.5 0.207031 0.503906 0.226562 0.503906 0.234375 0.496094 0.234375 0.480469 0.222656 0.46875 0.222656 0.464844 0.21875 0.464844 0.210938 0.457031 0.199219 0.457031
0 0.648438 0.734375 0.644531 0.738281 0.636719 0.738281 0.632812 0.742188 0.632812 0.746094 0.628906 0.75 0.628906 0.761719 0.632812 0.765625 0.632812 0.769531 0.640625 0.777344 0.648438 0.777344 0.652344 0.773438 0.660156 0.773438 0.660156 0.75 0.65625 0.746094 0.65625 0.742188
0 0.125 0.972656 0.105469 0.992188 0.101562 0.992188 0.101562 0.996094 0.144531 0.996094 0.148438 0.992188 0.148438 0.984375 0.136719 0.972656
0 0.457031 0.1875 0.449219 0.195312 0.449219 0.199219 0.445312 0.203125 0.445312 0.210938 0.449219 0.214844 0.449219 0.21875 0.453125 0.222656 0.453125 0.226562 0.464844 0.238281 0.46875 0.238281 0.472656 0.242188 0.480469 0.242188 0.484375 0.238281 0.488281 0.238281 0.492188 0.234375 0.492188 0.214844 0.488281 0.210938 0.488281 0.207031 0.472656 0.191406 0.464844 0.191406 0.460938 0.1875
0 0.222656 0.917969 0.21875 0.921875 0.210938 0.921875 0.199219 0.933594 0.199219 0.9375 0.195312 0.941406 0.195312 0.949219 0.203125 0.957031 0.210938 0.957031 0.214844 0.960938 0.234375 0.960938 0.238281 0.957031 0.25 0.957031 0.25 0.953125 0.253906 0.949219 0.253906 0.933594 0.242188 0.921875 0.226562 0.921875
0 0.863281 0.078125 0.859375 0.0820312 0.859375 0.101562 0.863281 0.105469 0.863281 0.109375 0.867188 0.113281 0.867188 0.117188 0.878906 0.128906 0.882812 0.128906 0.886719 0.132812 0.894531 0.132812 0.902344 0.125 0.902344 0.121094 0.90625 0.117188 0.90625 0.113281 0.902344 0.109375 0.902344 0.101562 0.898438 0.0976562 0.898438 0.09375 0.886719 0.0820312 0.882812 0.0820312 0.878906 0.078125
