0 0.574219 0.00390625 0.5625 0.015625 0.5625 0.0273438 0.566406 0.03125 0.566406 0.0390625 0.570312 0.0429688 0.570312 0.0625 0.574219 0.0664062 0.574219 0.0703125 0.570312 0.0742188 0.570312 0.0820312 0.574219 0.0859375 0.578125 0.0859375 0.582031 0.0898438 0.605469 0.0898438 0.609375 0.0859375 0.609375 0.0820312 0.617188 0.0742188 0.617188 0.0664062 0.621094 0.0625 0.621094 0.0585938 0.625 0.0546875 0.625 0.03125 0.617188 0.0234375 0.617188 0.0195312 0.613281 0.015625 0.609375 0.015625 0.605469 0.0117188 0.601562 0.0117188 0.597656 0.0078125 0.59375 0.0078125 0.589844 0.00390625
0 0.03125 0 0.03125 0.015625 0.0390625 0.0234375 0.0390625 0.03125 0.046875 0.0390625 0.0742188 0.0390625 0.0859375 0.0273438 0.0859375 0
0 0.761719 0.199219 0.757812 0.203125 0.757812 0.207031 0.753906 0.210938 0.753906 0.214844 0.75 0.21875 0.75 0.246094 0.757812 0.253906 0.765625 0.253906 0.769531 0.257812 0.789062 0.257812 0.792969 0.253906 0.804688 0.253906 0.8125 0.246094 0.8125 0.234375 0.808594 0.230469 0.808594 0.226562 0.804688 0.222656 0.804688 0.21875 0.796875 0.210938 0.792969 0.210938 0.789062 0.207031 0.785156 0.207031 0.78125 0.203125 0.769531 0.203125 0.765625 0.199219
0 0.550781 0.96875 0.546875 0.972656 0.546875 0.976562 0.535156 0.988281 0.535156 0.996094 0.589844 0.996094 0.589844 0.992188 0.585938 0.988281 0.585938 0.980469 0.574219 0.96875
0 0.917969 0.347656 0.914062 0.351562 0.910156 0.351562 0.90625 0.355469 0.90625 0.359375 0.902344 0.363281 0.902344 0.378906 0.910156 0.386719 0.910156 0.390625 0.914062 0.394531 0.917969 0.394531 0.925781 0.402344 0.925781 0.40625 0.929688 0.410156 0.957031 0.410156 0.964844 0.402344 0.972656 0.402344 0.980469 0.394531 0.980469 0.378906 0.976562 0.375 0.976562 0.367188 0.964844 0.355469 0.957031 0.355469 0.953125 0.351562 0.949219 0.351562 0.945312 0.347656
0 0.164062 0.851562 0.160156 0.855469 0.152344 0.855469 0.148438 0.859375 0.148438 0.863281 0.144531 0.867188 0.144531 0.886719 0.160156 0.902344 0.167969 0.902344 0.171875 0.898438 0.1875 0.898438 0.191406 0.894531 0.195312 0.894531 0.199219 0.890625 0.199219 0.875 0.195312 0.871094 0.195312 0.867188 0.191406 0.863281 0.191406 0.859375 0.183594 0.851562
0 0.714844 0.0664062 0.710938 0.0703125 0.707031 0.0703125 0.703125 0.0742188 0.703125 0.101562 0.710938 0.109375 0.714844 0.109375 0.71875 0.113281 0.75 0.113281 0.761719 0.101562 0.761719 0.0976562 0.757812 0.09375 0.757812 0.0859375 0.742188 0.0703125 0.738281 0.0703125 0.734375 0.0664062
0 0.617188 0 0.617188 0.00390625 0.628906 0.015625 0.632812 0.015625 0.636719 0.0195312 0.644531 0.0195312 0.648438 0.0234375 0.667969 0.0234375 0.671875 0.0195312 0.671875 0.015625 0.683594 0.00390625 0.683594 0
0 0.789062 0.484375 0.785156 0.488281 0.777344 0.488281 0.773438 0.492188 0.773438 0.496094 0.769531 0.5 0.769531 0.53125 0.785156 0.546875 0.785156 0.554688 0.789062 0.558594 0.808594 0.558594 0.816406 0.550781 0.820312 0.550781 0.828125 0.542969 0.828125 0.535156 0.832031 0.53125 0.832031 0.515625 0.828125 0.511719 0.828125 0.503906 0.8125 0.488281 0.808594 0.488281 0.804688 0.484375
0 0.945312 0.199219 0.941406 0.203125 0.9375 0.203125 0.933594 0.207031 0.933594 0.210938 0.925781 0.21875 0.925781 0.230469 0.929688 0.234375 0.941406 0.234375 0.949219 0.242188 0.972656 0.242188 0.992188 0.222656 0.992188 0.214844 0.988281 0.210938 0.988281 0.207031 0.984375 0.203125 0.980469 0.203125 0.976562 0.199219
0 0.316406 0.917969 0.3125 0.921875 0.308594 0.921875 0.300781 0.929688 0.296875 0.929688 0.289062 0.9375 0.289062 0.960938 0.292969 0.964844 0.292969 0.976562 0.3125 0.996094 0.339844 0.996094 0.339844 0.992188 0.359375 0.972656 0.363281 0.972656 0.367188 0.96875 0.367188 0.949219 0.363281 0.945312 0.363281 0.941406 0.359375 0.9375 0.359375 0.933594 0.347656 0.921875 0.34375 0.921875 0.339844 0.917969
0 0.753906 0.925781 0.738281 0.941406 0.738281 0.949219 0.734375 0.953125 0.734375 0.972656 0.75 0.988281 0.78125 0.988281 0.792969 0.976562 0.792969 0.96875 0.796875 0.964844 0.796875 0.957031 0.792969 0.953125 0.792969 0.945312 0.777344 0.929688 0.769531 0.929688 0.765625 0.925781
0 0.84375 0.378906 0.839844 0.382812 0.832031 0.382812 0.820312 0.394531 0.820312 0.410156 0.816406 0.414062 0.816406 0.421875 0.820312 0.425781 0.820312 0.429688 0.824219 0.433594 0.824219 0.4375 0.832031 0.445312 0.832031 0.449219 0.835938 0.453125 0.839844 0.453125 0.84375 0.457031 0.859375 0.457031 0.875 0.441406 0.875 0.433594 0.878906 0.429688 0.878906 0.40625 0.875 0.402344 0.875 0.398438 0.871094 0.394531 0.871094 0.390625 0.867188 0.386719 0.863281 0.386719 0.859375 0.382812 0.855469 0.382812 0.851562 0.378906
0 0.449219 0.878906 0.445312 0.882812 0.417969 0.882812 0.390625 0.910156 0.390625 0.914062 0.386719 0.917969 0.386719 0.921875 0.390625 0.925781 0.390625 0.933594 0.394531 0.9375 0.394531 0.941406 0.410156 0.957031 0.421875 0.957031 0.425781 0.960938 0.441406 0.960938 0.449219 0.953125 0.453125 0.953125 0.457031 0.949219 0.460938 0.949219 0.46875 0.941406 0.46875 0.9375 0.472656 0.933594 0.472656 0.929688 0.476562 0.925781 0.476562 0.898438 0.460938 0.882812 0.457031 0.882812 0.453125 0.878906
0 0.894531 0.761719 0.890625 0.765625 0.890625 0.769531 0.882812 0.777344 0.882812 0.785156 0.902344 0.804688 0.90625 0.804688 0.910156 0.808594 0.917969 0.808594 0.921875 0.8125 0.929688 0.8125 0.949219 0.792969 0.949219 0.773438 0.941406 0.765625 0.9375 0.765625 0.933594 0.761719
0 0.871094 0.835938 0.867188 0.839844 0.863281 0.839844 0.855469 0.847656 0.855469 0.855469 0.851562 0.859375 0.851562 0.878906 0.855469 0.882812 0.855469 0.886719 0.863281 0.894531 0.894531 0.894531 0.898438 0.890625 0.898438 0.882812 0.902344 0.878906 0.902344 0.871094 0.898438 0.867188 0.898438 0.863281 0.894531 0.859375 0.894531 0.855469 0.875 0.835938
0 0.984375 0.460938 0.980469 0.464844 0.972656 0.464844 0.964844 0.472656 0.964844 0.507812 0.96875 0.511719 0.980469 0.511719 0.984375 0.515625 0.988281 0.515625 0.992188 0.519531 0.996094 0.519531 0.996094 0.460938
0 0.816406 0.078125 0.804688 0.0898438 0.804688 0.117188 0.808594 0.121094 0.808594 0.125 0.816406 0.132812 0.816406 0.140625 0.808594 0.148438 0.808594 0.164062 0.8125 0.167969 0.8125 0.171875 0.820312 0.179688 0.828125 0.179688 0.832031 0.175781 0.835938 0.175781 0.839844 0.171875 0.84375 0.171875 0.847656 0.167969 0.851562 0.167969 0.855469 0.164062 0.855469 0.160156 0.859375 0.15625 0.859375 0.136719 0.855469 0.132812 0.855469 0.101562 0.851562 0.0976562 0.851562 0.09375 0.835938 0.078125
0 0.636719 0.910156 0.632812 0.914062 0.625 0.914062 0.613281 0.925781 0.613281 0.929688 0.609375 0.933594 0.609375 0.964844 0.617188 0.972656 0.617188 0.976562 0.621094 0.980469 0.625 0.980469 0.628906 0.984375 0.632812 0.984375 0.644531 0.996094 0.660156 0.996094 0.660156 0.992188 0.675781 0.976562 0.675781 0.96875 0.679688 0.964844 0.679688 0.945312 0.675781 0.941406 0.675781 0.933594 0.660156 0.917969 0.65625 0.917969 0.652344 0.914062 0.648438 0.914062 0.644531 0.910156
0 0.1875 0.949219 0.167969 0.96875 0.167969 0.980469 0.171875 0.984375 0.171875 0.992188 0.175781 0.996094 0.214844 0.996094 0.214844 0.992188 0.21875 0.988281 0.21875 0.960938 0.210938 0.953125 0.207031 0.953125 0.203125 0.949219
0 0.90625 0 0.90625 0.0078125 0.902344 0.0117188 0.902344 0.0273438 0.914062 0.0390625 0.917969 0.0390625 0.921875 0.0429688 0.929688 0.0429688 0.933594 0.0390625 0.9375 0.0390625 0.945312 0.03125 0.949219 0.03125 0.964844 0.015625 0.964844 0.0117188 0.96875 0.0078125 0.96875 0
