0 0.96875 0.0351562 0.964844 0.0390625 0.960938 0.0390625 0.949219 0.0507812 0.945312 0.0507812 0.941406 0.0546875 0.941406 0.0625 0.945312 0.0664062 0.945312 0.0703125 0.949219 0.0742188 0.949219 0.078125 0.957031 0.0859375 0.960938 0.0859375 0.964844 0.0898438 0.96875 0.0898438 0.972656 0.09375 0.976562 0.09375 0.988281 0.0820312 0.988281 0.078125 0.992188 0.0742188 0.992188 0.0664062 0.988281 0.0625 0.988281 0.0585938 0.984375 0.0546875 0.984375 0.0429688 0.976562 0.0351562
0 0.230469 0.078125 0.226562 0.0820312 0.222656 0.0820312 0.21875 0.0859375 0.21875 0.09375 0.214844 0.0976562 0.214844 0.105469 0.210938 0.109375 0.210938 0.136719 0.214844 0.140625 0.214844 0.144531 0.222656 0.152344 0.230469 0.152344 0.234375 0.15625 0.238281 0.15625 0.242188 0.152344 0.277344 0.152344 0.289062 0.140625 0.289062 0.136719 0.292969 0.132812 0.292969 0.105469 0.289062 0.101562 0.289062 0.0976562 0.277344 0.0859375 0.273438 0.0859375 0.265625 0.078125
0 0.402344 0.324219 0.394531 0.332031 0.386719 0.332031 0.382812 0.335938 0.378906 0.335938 0.375 0.339844 0.371094 0.339844 0.363281 0.347656 0.363281 0.351562 0.359375 0.355469 0.359375 0.359375 0.355469 0.363281 0.355469 0.371094 0.375 0.390625 0.382812 0.390625 0.390625 0.398438 0.394531 0.398438 0.398438 0.402344 0.40625 0.402344 0.410156 0.398438 0.417969 0.398438 0.421875 0.394531 0.425781 0.394531 0.429688 0.390625 0.429688 0.382812 0.433594 0.378906 0.433594 0.375 0.4375 0.371094 0.4375 0.351562 0.433594 0.347656 0.433594 0.34375 0.429688 0.339844 0.425781 0.339844 0.414062 0.328125 0.410156 0.328125 0.40625 0.324219
0 0.472656 0.226562 0.460938 0.238281 0.457031 0.238281 0.453125 0.242188 0.453125 0.246094 0.445312 0.253906 0.445312 0.28125 0.457031 0.292969 0.457031 0.296875 0.460938 0.300781 0.464844 0.300781 0.46875 0.304688 0.488281 0.304688 0.492188 0.300781 0.496094 0.300781 0.527344 0.269531 0.523438 0.265625 0.523438 0.261719 0.519531 0.257812 0.519531 0.234375 0.503906 0.234375 0.5 0.230469 0.496094 0.230469 0.492188 0.226562
0 0.667969 0.222656 0.664062 0.226562 0.660156 0.226562 0.65625 0.230469 0.652344 0.230469 0.644531 0.238281 0.644531 0.246094 0.640625 0.25 0.640625 0.273438 0.644531 0.277344 0.644531 0.28125 0.65625 0.292969 0.660156 0.292969 0.664062 0.296875 0.671875 0.296875 0.675781 0.292969 0.683594 0.292969 0.6875 0.289062 0.699219 0.289062 0.707031 0.28125 0.707031 0.277344 0.710938 0.273438 0.710938 0.242188 0.691406 0.222656
0 0.0703125 0.160156 0.0625 0.167969 0.046875 0.167969 0.0390625 0.175781 0.0351562 0.175781 0.0273438 0.183594 0.0273438 0.199219 0.0429688 0.214844 0.0546875 0.214844 0.0585938 0.21875 0.0664062 0.21875 0.0703125 0.222656 0.0898438 0.222656 0.09375 0.21875 0.09375 0.210938 0.109375 0.195312 0.109375 0.191406 0.117188 0.183594 0.117188 0.171875 0.113281 0.167969 0.105469 0.167969 0.0976562 0.160156
0 0.0976562 0.34375 0.0859375 0.355469 0.0859375 0.359375 0.078125 0.367188 0.078125 0.371094 0.0742188 0.375 0.0742188 0.382812 0.0703125 0.386719 0.0703125 0.394531 0.0820312 0.40625 0.0820312 0.410156 0.0859375 0.414062 0.0898438 0.414062 0.09375 0.417969 0.113281 0.417969 0.128906 0.402344 0.132812 0.402344 0.144531 0.390625 0.144531 0.386719 0.140625 0.382812 0.140625 0.375 0.136719 0.371094 0.136719 0.355469 0.128906 0.347656 0.125 0.347656 0.121094 0.34375
0 0.542969 0.214844 0.539062 0.21875 0.535156 0.21875 0.527344 0.226562 0.527344 0.230469 0.523438 0.234375 0.523438 0.257812 0.527344 0.261719 0.527344 0.265625 0.539062 0.277344 0.542969 0.277344 0.546875 0.28125 0.566406 0.28125 0.585938 0.261719 0.585938 0.234375 0.582031 0.230469 0.582031 0.226562 0.578125 0.222656 0.578125 0.21875 0.574219 0.214844
0 0.597656 0.175781 0.59375 0.179688 0.589844 0.179688 0.574219 0.195312 0.570312 0.195312 0.566406 0.199219 0.566406 0.207031 0.570312 0.210938 0.574219 0.210938 0.582031 0.21875 0.582031 0.222656 0.585938 0.226562 0.585938 0.230469 0.589844 0.234375 0.605469 0.234375 0.609375 0.230469 0.613281 0.230469 0.617188 0.226562 0.617188 0.222656 0.621094 0.21875 0.621094 0.214844 0.636719 0.199219 0.636719 0.191406 0.621094 0.175781
0 0.964844 0.816406 0.9375 0.84375 0.9375 0.855469 0.933594 0.859375 0.933594 0.871094 0.945312 0.882812 0.945312 0.890625 0.953125 0.898438 0.957031 0.898438 0.960938 0.902344 0.972656 0.902344 0.980469 0.894531 0.984375 0.894531 0.988281 0.890625 0.992188 0.890625 0.996094 0.886719 0.996094 0.835938 0.988281 0.828125 0.980469 0.828125 0.96875 0.816406
0 0.164062 0.238281 0.160156 0.242188 0.160156 0.246094 0.164062 0.25 0.164062 0.257812 0.167969 0.261719 0.167969 0.277344 0.160156 0.285156 0.160156 0.289062 0.164062 0.292969 0.171875 0.292969 0.183594 0.28125 0.183594 0.273438 0.1875 0.269531 0.1875 0.246094 0.179688 0.238281
0 0.53125 0.0195312 0.527344 0.0234375 0.523438 0.0234375 0.519531 0.0273438 0.519531 0.03125 0.515625 0.0351562 0.515625 0.0390625 0.523438 0.046875 0.523438 0.0585938 0.527344 0.0625 0.527344 0.0664062 0.542969 0.0820312 0.542969 0.0859375 0.546875 0.0898438 0.546875 0.105469 0.550781 0.109375 0.554688 0.109375 0.558594 0.113281 0.566406 0.113281 0.570312 0.109375 0.574219 0.109375 0.578125 0.105469 0.578125 0.101562 0.582031 0.0976562 0.582031 0.0898438 0.589844 0.0820312 0.589844 0.0742188 0.59375 0.0703125 0.59375 0.046875 0.589844 0.0429688 0.578125 0.0429688 0.558594 0.0234375 0.546875 0.0234375 0.542969 0.0195312
0 0.679688 0.0703125 0.675781 0.0742188 0.664062 0.0742188 0.660156 0.078125 0.65625 0.078125 0.652344 0.0820312 0.648438 0.0820312 0.644531 0.0859375 0.644531 0.0898438 0.640625 0.09375 0.640625 0.0976562 0.636719 0.101562 0.636719 0.109375 0.640625 0.113281 0.640625 0.125 0.648438 0.132812 0.648438 0.136719 0.65625 0.144531 0.660156 0.144531 0.671875 0.15625 0.6875 0.15625 0.691406 0.152344 0.695312 0.152344 0.699219 0.148438 0.707031 0.148438 0.710938 0.144531 0.710938 0.140625 0.71875 0.132812 0.71875 0.117188 0.714844 0.113281 0.714844 0.109375 0.710938 0.105469 0.710938 0.0859375 0.695312 0.0703125
0 0.558594 0.664062 0.542969 0.679688 0.542969 0.695312 0.546875 0.699219 0.546875 0.710938 0.5625 0.726562 0.570312 0.726562 0.574219 0.730469 0.582031 0.730469 0.585938 0.726562 0.59375 0.726562 0.597656 0.722656 0.597656 0.714844 0.601562 0.710938 0.601562 0.703125 0.597656 0.699219 0.597656 0.691406 0.59375 0.6875 0.59375 0.679688 0.589844 0.675781 0.589844 0.667969 0.585938 0.664062
0 0.101562 0.847656 0.0976562 0.851562 0.0976562 0.855469 0.09375 0.859375 0.09375 0.867188 0.0898438 0.871094 0.0898438 0.875 0.09375 0.878906 0.09375 0.882812 0.105469 0.894531 0.113281 0.894531 0.117188 0.898438 0.121094 0.898438 0.125 0.894531 0.125 0.890625 0.128906 0.886719 0.128906 0.859375 0.121094 0.851562 0.117188 0.851562 0.113281 0.847656
0 0.3125 0 0.308594 0.00390625 0.308594 0.0078125 0.304688 0.0117188 0.304688 0.0195312 0.300781 0.0234375 0.300781 0.0273438 0.296875 0.03125 0.296875 0.0390625 0.300781 0.0429688 0.300781 0.0507812 0.3125 0.0625 0.320312 0.0625 0.328125 0.0546875 0.332031 0.0546875 0.335938 0.0507812 0.339844 0.0507812 0.351562 0.0390625 0.351562 0.03125 0.355469 0.0273438 0.355469 0.0234375 0.359375 0.0195312 0.359375 0.0078125 0.355469 0.00390625 0.355469 0
0 0.0195312 0.886719 0.015625 0.890625 0.015625 0.902344 0.0195312 0.90625 0.0195312 0.914062 0.015625 0.917969 0.015625 0.941406 0.0195312 0.945312 0.0429688 0.945312 0.0625 0.925781 0.0625 0.914062 0.0664062 0.910156 0.0664062 0.90625 0.0625 0.902344 0.0625 0.898438 0.0585938 0.894531 0.0585938 0.890625 0.0546875 0.886719
0 0.398438 0 0.398438 0.0078125 0.402344 0.0117188 0.402344 0.0234375 0.417969 0.0390625 0.4375 0.0390625 0.441406 0.0351562 0.445312 0.0351562 0.457031 0.0234375 0.457031 0.0195312 0.464844 0.0117188 0.464844 0.0078125 0.457031 0
0 0.242188 0.261719 0.238281 0.265625 0.234375 0.265625 0.21875 0.28125 0.21875 0.296875 0.222656 0.300781 0.226562 0.300781 0.234375 0.292969 0.242188 0.292969 0.253906 0.304688 0.261719 0.304688 0.269531 0.296875 0.269531 0.277344 0.253906 0.261719
0 0.554688 0.304688 0.550781 0.308594 0.546875 0.308594 0.535156 0.320312 0.535156 0.324219 0.53125 0.328125 0.53125 0.332031 0.527344 0.335938 0.527344 0.355469 0.53125 0.359375 0.53125 0.363281 0.539062 0.371094 0.542969 0.371094 0.546875 0.375 0.550781 0.375 0.554688 0.378906 0.574219 0.378906 0.578125 0.375 0.589844 0.375 0.59375 0.371094 0.597656 0.371094 0.605469 0.363281 0.605469 0.359375 0.609375 0.355469 0.609375 0.335938 0.605469 0.332031 0.605469 0.328125 0.601562 0.324219 0.601562 0.320312 0.589844 0.308594 0.585938 0.308594 0.582031 0.304688
0 0.445312 0.078125 0.441406 0.0820312 0.4375 0.0820312 0.433594 0.0859375 0.433594 0.0976562 0.429688 0.101562 0.429688 0.125 0.445312 0.140625 0.445312 0.152344 0.449219 0.15625 0.453125 0.15625 0.457031 0.160156 0.460938 0.160156 0.464844 0.164062 0.476562 0.164062 0.484375 0.15625 0.484375 0.152344 0.492188 0.144531 0.492188 0.140625 0.496094 0.136719 0.496094 0.125 0.492188 0.121094 0.492188 0.117188 0.488281 0.113281 0.488281 0.109375 0.484375 0.105469 0.484375 0.0976562 0.472656 0.0859375 0.46875 0.0859375 0.464844 0.0820312 0.453125 0.0820312 0.449219 0.078125
0 0 0.976562 0 0.996094 0.0195312 0.996094 0.0195312 0.988281 0.015625 0.984375 0.0117188 0.984375 0.00390625 0.976562
0 0.371094 0.136719 0.367188 0.140625 0.363281 0.140625 0.359375 0.144531 0.355469 0.144531 0.347656 0.152344 0.34375 0.152344 0.335938 0.160156 0.335938 0.164062 0.332031 0.167969 0.332031 0.179688 0.328125 0.183594 0.328125 0.1875 0.332031 0.191406 0.332031 0.203125 0.335938 0.207031 0.335938 0.210938 0.351562 0.226562 0.375 0.226562 0.382812 0.21875 0.398438 0.21875 0.410156 0.230469 0.425781 0.230469 0.429688 0.226562 0.445312 0.226562 0.453125 0.21875 0.453125 0.183594 0.449219 0.179688 0.449219 0.175781 0.445312 0.171875 0.445312 0.167969 0.4375 0.160156 0.433594 0.160156 0.429688 0.15625 0.402344 0.15625 0.386719 0.140625 0.378906 0.140625 0.375 0.136719
0 0.765625 0 0.769531 0.00390625 0.769531 0.0117188 0.777344 0.0195312 0.78125 0.0195312 0.792969 0.03125 0.800781 0.03125 0.8125 0.0429688 0.816406 0.0429688 0.820312 0.0390625 0.824219 0.0390625 0.828125 0.0351562 0.832031 0.0351562 0.835938 0.03125 0.839844 0.03125 0.84375 0.0273438 0.847656 0.0273438 0.851562 0.0234375 0.851562 0.0195312 0.859375 0.0117188 0.859375 0
0 0.0234375 0 0.0273438 0.00390625 0.03125 0.00390625 0.0351562 0.0078125 0.0390625 0.0078125 0.0429688 0.0117188 0.0507812 0.0117188 0.0625 0 0.078125 0
0 0.558594 0.136719 0.554688 0.140625 0.550781 0.140625 0.542969 0.148438 0.535156 0.148438 0.53125 0.152344 0.53125 0.179688 0.542969 0.191406 0.574219 0.191406 0.589844 0.175781 0.589844 0.171875 0.597656 0.164062 0.597656 0.152344 0.585938 0.140625 0.578125 0.140625 0.574219 0.136719
