0 0.229885 0.353846 0.228448 0.355769 0.227011 0.355769 0.225575 0.357692 0.225575 0.363462 0.224138 0.365385 0.224138 0.369231 0.225575 0.371154 0.225575 0.375 0.228448 0.378846 0.228448 0.380769 0.231322 0.384615 0.234195 0.384615 0.235632 0.386538 0.251437 0.386538 0.252874 0.384615 0.258621 0.384615 0.260057 0.382692 0.262931 0.382692 0.264368 0.380769 0.265805 0.380769 0.267241 0.378846 0.267241 0.376923 0.268678 0.375 0.268678 0.363462 0.267241 0.361538 0.265805 0.361538 0.264368 0.359615 0.262931 0.359615 0.261494 0.357692 0.257184 0.357692 0.255747 0.355769 0.248563 0.355769 0.247126 0.353846
0 0.0172414 0.484615 0.0158046 0.486538 0.0158046 0.488462 0.0143678 0.490385 0.0143678 0.494231 0.0158046 0.496154 0.0158046 0.498077 0.0186782 0.501923 0.0186782 0.505769 0.0201149 0.507692 0.0201149 0.509615 0.0186782 0.511538 0.0186782 0.519231 0.0215517 0.523077 0.0229885 0.523077 0.0258621 0.526923 0.0287356 0.526923 0.0301724 0.528846 0.0402299 0.528846 0.0416667 0.526923 0.0445402 0.526923 0.045977 0.525 0.0474138 0.525 0.0488506 0.523077 0.0502874 0.523077 0.0545977 0.517308 0.0545977 0.515385 0.0560345 0.513462 0.0560345 0.501923 0.0545977 0.5 0.0545977 0.498077 0.0531609 0.496154 0.0517241 0.496154 0.0502874 0.494231 0.0488506 0.494231 0.0474138 0.492308 0.0416667 0.492308 0.0402299 0.494231 0.033046 0.494231 0.0301724 0.490385 0.0287356 0.490385 0.0258621 0.486538 0.0244253 0.486538 0.0229885 0.484615
0 0.587644 0.403846 0.586207 0.405769 0.586207 0.407692 0.583333 0.411538 0.583333 0.423077 0.587644 0.428846 0.587644 0.430769 0.590517 0.434615 0.591954 0.434615 0.593391 0.436538 0.596264 0.436538 0.597701 0.438462 0.602011 0.438462 0.604885 0.434615 0.606322 0.434615 0.607759 0.432692 0.609195 0.432692 0.612069 0.428846 0.612069 0.425 0.610632 0.423077 0.610632 0.417308 0.609195 0.415385 0.609195 0.413462 0.603448 0.405769 0.597701 0.405769 0.596264 0.403846
0 0.530172 0.586538 0.528736 0.588462 0.527299 0.588462 0.522989 0.594231 0.521552 0.594231 0.518678 0.598077 0.518678 0.601923 0.517241 0.603846 0.517241 0.609615 0.518678 0.611538 0.518678 0.615385 0.522989 0.621154 0.524425 0.621154 0.525862 0.623077 0.528736 0.623077 0.530172 0.625 0.531609 0.625 0.533046 0.626923 0.538793 0.626923 0.541667 0.623077 0.543103 0.623077 0.54454 0.621154 0.54454 0.603846 0.543103 0.601923 0.543103 0.6 0.541667 0.598077 0.541667 0.594231 0.54023 0.592308 0.54023 0.590385 0.537356 0.586538
0 0.610632 0.432692 0.609195 0.434615 0.607759 0.434615 0.606322 0.436538 0.604885 0.436538 0.602011 0.440385 0.599138 0.440385 0.599138 0.448077 0.600575 0.45 0.600575 0.455769 0.602011 0.457692 0.603448 0.457692 0.604885 0.459615 0.612069 0.459615 0.614943 0.455769 0.616379 0.455769 0.617816 0.453846 0.617816 0.45 0.619253 0.448077 0.619253 0.436538 0.616379 0.432692
0 0.62931 0.115385 0.627874 0.117308 0.626437 0.117308 0.625 0.119231 0.623563 0.119231 0.622126 0.121154 0.622126 0.123077 0.619253 0.126923 0.619253 0.146154 0.62069 0.148077 0.62069 0.151923 0.622126 0.153846 0.622126 0.169231 0.62069 0.171154 0.62069 0.182692 0.622126 0.184615 0.622126 0.186538 0.626437 0.192308 0.627874 0.192308 0.62931 0.194231 0.636494 0.194231 0.637931 0.192308 0.640805 0.192308 0.650862 0.178846 0.650862 0.176923 0.652299 0.175 0.652299 0.173077 0.653736 0.171154 0.653736 0.163462 0.655172 0.161538 0.655172 0.159615 0.653736 0.157692 0.653736 0.146154 0.652299 0.144231 0.652299 0.138462 0.650862 0.136538 0.650862 0.134615 0.649425 0.132692 0.649425 0.130769 0.646552 0.126923 0.645115 0.126923 0.640805 0.121154 0.639368 0.121154 0.636494 0.117308 0.635057 0.117308 0.633621 0.115385
0 0.132184 0.926923 0.130747 0.928846 0.12931 0.928846 0.127874 0.930769 0.127874 0.944231 0.12931 0.946154 0.12931 0.95 0.130747 0.951923 0.130747 0.953846 0.139368 0.965385 0.139368 0.969231 0.140805 0.971154 0.146552 0.971154 0.152299 0.963462 0.152299 0.953846 0.150862 0.951923 0.150862 0.934615 0.146552 0.928846 0.145115 0.928846 0.143678 0.926923
0 0.449713 0.673077 0.448276 0.675 0.446839 0.675 0.443966 0.678846 0.443966 0.690385 0.445402 0.692308 0.445402 0.694231 0.448276 0.698077 0.448276 0.703846 0.449713 0.705769 0.449713 0.707692 0.454023 0.713462 0.45546 0.713462 0.456897 0.715385 0.45977 0.715385 0.461207 0.713462 0.46408 0.713462 0.465517 0.711538 0.466954 0.711538 0.468391 0.709615 0.469828 0.709615 0.472701 0.705769 0.472701 0.701923 0.474138 0.7 0.474138 0.692308 0.472701 0.690385 0.472701 0.686538 0.471264 0.684615 0.471264 0.682692 0.466954 0.676923 0.462644 0.676923 0.45977 0.673077
0 0.281609 0 0.281609 0.00384615 0.280172 0.00576923 0.280172 0.0173077 0.281609 0.0192308 0.281609 0.0211538 0.284483 0.025 0.28592 0.025 0.287356 0.0269231 0.29023 0.0269231 0.291667 0.0288462 0.29454 0.0288462 0.295977 0.0307692 0.300287 0.0307692 0.301724 0.0288462 0.303161 0.0288462 0.304598 0.0269231 0.310345 0.0269231 0.313218 0.0230769 0.313218 0.0211538 0.314655 0.0192308 0.314655 0
0 0.116379 0.942308 0.112069 0.948077 0.112069 0.969231 0.110632 0.971154 0.110632 0.980769 0.112069 0.982692 0.116379 0.982692 0.117816 0.984615 0.125 0.984615 0.126437 0.982692 0.127874 0.982692 0.12931 0.980769 0.12931 0.978846 0.130747 0.976923 0.130747 0.963462 0.12931 0.961538 0.12931 0.959615 0.127874 0.957692 0.127874 0.953846 0.126437 0.951923 0.126437 0.95 0.123563 0.946154 0.122126 0.946154 0.119253 0.942308
0 0.482759 0.146154 0.478448 0.151923 0.478448 0.153846 0.477011 0.155769 0.477011 0.159615 0.475575 0.161538 0.475575 0.165385 0.474138 0.167308 0.474138 0.184615 0.475575 0.186538 0.475575 0.188462 0.478448 0.192308 0.484195 0.192308 0.488506 0.186538 0.488506 0.184615 0.489943 0.182692 0.489943 0.180769 0.491379 0.178846 0.491379 0.171154 0.492816 0.169231 0.492816 0.155769 0.491379 0.153846 0.491379 0.151923 0.487069 0.146154
0 0.321839 0 0.321839 0.00192308 0.324713 0.00576923 0.324713 0.0153846 0.326149 0.0173077 0.326149 0.0192308 0.327586 0.0211538 0.327586 0.0230769 0.329023 0.025 0.33046 0.025 0.331897 0.0269231 0.337644 0.0269231 0.341954 0.0211538 0.341954 0.0173077 0.343391 0.0153846 0.343391 0
