0 0.199219 0.453125 0.1875 0.464844 0.1875 0.484375 0.183594 0.488281 0.183594 0.503906 0.191406 0.511719 0.199219 0.511719 0.203125 0.507812 0.203125 0.503906 0.199219 0.5 0.199219 0.492188 0.214844 0.476562 0.21875 0.476562 0.222656 0.472656 0.222656 0.46875 0.21875 0.464844 0.21875 0.460938 0.210938 0.453125
0 0.207031 0.214844 0.195312 0.226562 0.195312 0.234375 0.203125 0.242188 0.21875 0.242188 0.230469 0.230469 0.230469 0.21875 0.226562 0.214844
0 0.566406 0.695312 0.558594 0.703125 0.558594 0.714844 0.5625 0.71875 0.578125 0.71875 0.582031 0.714844 0.582031 0.699219 0.578125 0.695312
0 0.207031 0.808594 0.203125 0.8125 0.203125 0.824219 0.210938 0.832031 0.234375 0.832031 0.242188 0.824219 0.242188 0.820312 0.234375 0.8125 0.230469 0.8125 0.226562 0.808594
0 0.597656 0.046875 0.59375 0.0507812 0.589844 0.0507812 0.585938 0.0546875 0.585938 0.0625 0.589844 0.0664062 0.589844 0.0742188 0.59375 0.078125 0.597656 0.078125 0.601562 0.0820312 0.605469 0.0820312 0.609375 0.078125 0.617188 0.078125 0.621094 0.0742188 0.621094 0.0546875 0.617188 0.0507812 0.609375 0.0507812 0.605469 0.046875
0 0 0.6875 0 0.734375 0.0078125 0.734375 0.015625 0.726562 0.015625 0.703125 0.0117188 0.699219 0.0117188 0.691406 0.0078125 0.6875
0 0.539062 0.726562 0.53125 0.734375 0.53125 0.742188 0.539062 0.75 0.546875 0.75 0.554688 0.742188 0.554688 0.734375 0.546875 0.726562
0 0.171875 0.535156 0.167969 0.539062 0.164062 0.539062 0.164062 0.542969 0.15625 0.550781 0.148438 0.550781 0.144531 0.546875 0.140625 0.550781 0.140625 0.558594 0.144531 0.5625 0.148438 0.5625 0.152344 0.566406 0.15625 0.566406 0.160156 0.570312 0.183594 0.570312 0.195312 0.558594 0.195312 0.546875 0.183594 0.535156
0 0.0585938 0.101562 0.0546875 0.105469 0.0546875 0.128906 0.0585938 0.132812 0.0585938 0.136719 0.0625 0.140625 0.0625 0.144531 0.0664062 0.148438 0.0742188 0.148438 0.078125 0.144531 0.078125 0.121094 0.0742188 0.117188 0.0742188 0.109375 0.0664062 0.101562
0 0.144531 0.492188 0.140625 0.496094 0.140625 0.511719 0.136719 0.515625 0.136719 0.53125 0.140625 0.535156 0.148438 0.527344 0.15625 0.527344 0.15625 0.523438 0.164062 0.515625 0.164062 0.507812 0.160156 0.503906 0.160156 0.496094 0.15625 0.492188
0 0.15625 0.894531 0.148438 0.902344 0.148438 0.910156 0.15625 0.917969 0.164062 0.917969 0.167969 0.914062 0.167969 0.902344 0.160156 0.894531
0 0.0976562 0.46875 0.0898438 0.476562 0.0898438 0.484375 0.0976562 0.492188 0.113281 0.492188 0.117188 0.488281 0.121094 0.488281 0.121094 0.476562 0.113281 0.46875
0 0.203125 0.847656 0.195312 0.855469 0.195312 0.859375 0.199219 0.863281 0.199219 0.871094 0.207031 0.878906 0.21875 0.878906 0.226562 0.871094 0.226562 0.867188 0.222656 0.863281 0.222656 0.859375 0.21875 0.855469 0.21875 0.851562 0.214844 0.847656
0 0.0859375 0.550781 0.0820312 0.554688 0.078125 0.554688 0.0742188 0.558594 0.0703125 0.558594 0.0664062 0.5625 0.0664062 0.585938 0.078125 0.597656 0.09375 0.597656 0.105469 0.585938 0.105469 0.574219 0.101562 0.570312 0.101562 0.5625 0.0898438 0.550781
0 0.453125 0.785156 0.445312 0.792969 0.445312 0.8125 0.449219 0.816406 0.464844 0.816406 0.46875 0.8125 0.46875 0.804688 0.460938 0.796875 0.460938 0.789062 0.457031 0.785156
0 0.125 0.488281 0.121094 0.492188 0.117188 0.492188 0.113281 0.496094 0.113281 0.511719 0.121094 0.519531 0.128906 0.519531 0.136719 0.511719 0.136719 0.492188 0.132812 0.488281
0 0.015625 0.105469 0.0078125 0.113281 0.0078125 0.132812 0.0117188 0.136719 0.0117188 0.140625 0.0273438 0.15625 0.03125 0.15625 0.0351562 0.160156 0.0429688 0.160156 0.046875 0.15625 0.046875 0.152344 0.0507812 0.148438 0.0507812 0.140625 0.046875 0.136719 0.046875 0.125 0.0429688 0.121094 0.0429688 0.117188 0.0351562 0.109375 0.03125 0.109375 0.0273438 0.105469
0 0.230469 0.738281 0.222656 0.746094 0.222656 0.761719 0.21875 0.765625 0.21875 0.78125 0.226562 0.789062 0.226562 0.792969 0.234375 0.800781 0.246094 0.800781 0.25 0.796875 0.253906 0.796875 0.257812 0.800781 0.269531 0.800781 0.273438 0.796875 0.273438 0.777344 0.265625 0.769531 0.265625 0.765625 0.257812 0.757812 0.257812 0.753906 0.246094 0.742188 0.238281 0.742188 0.234375 0.738281
0 0.878906 0.0429688 0.875 0.046875 0.871094 0.046875 0.863281 0.0546875 0.863281 0.0585938 0.859375 0.0625 0.859375 0.0742188 0.871094 0.0859375 0.875 0.0859375 0.878906 0.0898438 0.886719 0.0898438 0.90625 0.0703125 0.90625 0.0546875 0.898438 0.046875 0.894531 0.046875 0.890625 0.0429688
0 0.234375 0.464844 0.21875 0.480469 0.214844 0.480469 0.203125 0.492188 0.203125 0.5 0.207031 0.503906 0.21875 0.503906 0.222656 0.5 0.226562 0.5 0.242188 0.484375 0.242188 0.480469 0.246094 0.476562 0.246094 0.46875 0.242188 0.464844
0 0.839844 0.226562 0.832031 0.234375 0.832031 0.246094 0.839844 0.253906 0.847656 0.253906 0.851562 0.257812 0.871094 0.257812 0.878906 0.25 0.878906 0.246094 0.875 0.242188 0.875 0.238281 0.863281 0.226562
0 0.1875 0.828125 0.183594 0.832031 0.183594 0.839844 0.1875 0.84375 0.195312 0.84375 0.199219 0.839844 0.199219 0.832031 0.195312 0.828125
0 0.464844 0.0585938 0.457031 0.0664062 0.457031 0.0703125 0.453125 0.0742188 0.453125 0.078125 0.449219 0.0820312 0.449219 0.0898438 0.453125 0.09375 0.453125 0.101562 0.464844 0.113281 0.46875 0.113281 0.472656 0.117188 0.476562 0.117188 0.480469 0.113281 0.492188 0.113281 0.503906 0.101562 0.503906 0.0976562 0.5 0.09375 0.5 0.078125 0.480469 0.0585938
0 0.785156 0.101562 0.78125 0.105469 0.773438 0.105469 0.765625 0.113281 0.765625 0.125 0.773438 0.132812 0.773438 0.136719 0.777344 0.140625 0.785156 0.140625 0.789062 0.144531 0.792969 0.144531 0.804688 0.132812 0.808594 0.132812 0.8125 0.128906 0.8125 0.113281 0.804688 0.105469 0.800781 0.105469 0.796875 0.101562
0 0.550781 0.136719 0.546875 0.140625 0.535156 0.140625 0.53125 0.144531 0.527344 0.144531 0.519531 0.152344 0.519531 0.15625 0.523438 0.160156 0.523438 0.167969 0.527344 0.171875 0.53125 0.171875 0.535156 0.175781 0.539062 0.175781 0.542969 0.171875 0.558594 0.171875 0.5625 0.167969 0.566406 0.167969 0.570312 0.164062 0.574219 0.164062 0.578125 0.160156 0.578125 0.144531 0.570312 0.136719
0 0.246094 0.570312 0.234375 0.582031 0.234375 0.59375 0.238281 0.597656 0.269531 0.597656 0.273438 0.59375 0.277344 0.59375 0.28125 0.589844 0.28125 0.578125 0.277344 0.574219 0.273438 0.574219 0.269531 0.570312
0 0.414062 0.0703125 0.410156 0.0742188 0.410156 0.0859375 0.425781 0.101562 0.433594 0.101562 0.4375 0.0976562 0.4375 0.0898438 0.441406 0.0859375 0.441406 0.0820312 0.433594 0.0742188 0.429688 0.0742188 0.425781 0.0703125
0 0.597656 0.703125 0.582031 0.71875 0.582031 0.738281 0.585938 0.742188 0.601562 0.742188 0.613281 0.730469 0.613281 0.707031 0.609375 0.703125
0 0.183594 0.894531 0.179688 0.898438 0.179688 0.90625 0.183594 0.910156 0.199219 0.910156 0.203125 0.90625 0.203125 0.898438 0.199219 0.894531
0 0.433594 0.84375 0.429688 0.847656 0.429688 0.863281 0.433594 0.867188 0.433594 0.882812 0.441406 0.890625 0.445312 0.890625 0.453125 0.882812 0.453125 0.875 0.457031 0.871094 0.457031 0.863281 0.453125 0.859375 0.453125 0.851562 0.445312 0.84375
0 0.148438 0.53125 0.144531 0.535156 0.144531 0.542969 0.148438 0.546875 0.15625 0.546875 0.160156 0.542969 0.160156 0.535156 0.15625 0.53125
0 0.527344 0.015625 0.515625 0.0273438 0.515625 0.0429688 0.519531 0.046875 0.519531 0.0546875 0.527344 0.0625 0.550781 0.0625 0.554688 0.0585938 0.554688 0.0546875 0.566406 0.0429688 0.566406 0.03125 0.5625 0.0273438 0.5625 0.0234375 0.554688 0.015625 0.546875 0.015625 0.542969 0.0195312 0.539062 0.0195312 0.535156 0.015625
0 0.15625 0.191406 0.152344 0.195312 0.152344 0.203125 0.160156 0.210938 0.160156 0.214844 0.164062 0.21875 0.167969 0.21875 0.171875 0.222656 0.175781 0.222656 0.179688 0.21875 0.179688 0.210938 0.160156 0.191406
