0 0.203125 0.578125 0.195312 0.585938 0.195312 0.59375 0.191406 0.597656 0.191406 0.601562 0.195312 0.605469 0.195312 0.609375 0.203125 0.617188 0.210938 0.617188 0.214844 0.613281 0.21875 0.613281 0.226562 0.605469 0.226562 0.585938 0.222656 0.582031 0.21875 0.582031 0.214844 0.578125
0 0.386719 0.734375 0.378906 0.742188 0.378906 0.761719 0.382812 0.765625 0.382812 0.769531 0.386719 0.773438 0.390625 0.773438 0.394531 0.777344 0.402344 0.777344 0.414062 0.765625 0.414062 0.761719 0.417969 0.757812 0.417969 0.746094 0.414062 0.742188 0.414062 0.738281 0.40625 0.738281 0.402344 0.734375
0 0.441406 0.5625 0.433594 0.570312 0.433594 0.574219 0.429688 0.578125 0.429688 0.585938 0.441406 0.597656 0.453125 0.597656 0.460938 0.589844 0.460938 0.574219 0.449219 0.5625
0 0.703125 0.574219 0.699219 0.578125 0.699219 0.582031 0.695312 0.585938 0.695312 0.617188 0.703125 0.625 0.722656 0.625 0.726562 0.621094 0.730469 0.621094 0.734375 0.617188 0.734375 0.589844 0.730469 0.585938 0.730469 0.582031 0.726562 0.578125 0.722656 0.578125 0.71875 0.574219
0 0.105469 0.664062 0.101562 0.667969 0.101562 0.683594 0.109375 0.691406 0.117188 0.691406 0.125 0.699219 0.125 0.707031 0.128906 0.710938 0.140625 0.710938 0.152344 0.699219 0.152344 0.695312 0.15625 0.691406 0.15625 0.679688 0.140625 0.664062
0 0.945312 0.542969 0.933594 0.554688 0.933594 0.558594 0.9375 0.5625 0.9375 0.566406 0.945312 0.574219 0.96875 0.574219 0.972656 0.570312 0.972656 0.554688 0.960938 0.542969
0 0.355469 0.617188 0.351562 0.621094 0.351562 0.625 0.347656 0.628906 0.347656 0.644531 0.351562 0.648438 0.351562 0.652344 0.355469 0.65625 0.371094 0.65625 0.378906 0.648438 0.378906 0.625 0.371094 0.617188
0 0.867188 0.691406 0.863281 0.695312 0.863281 0.703125 0.867188 0.707031 0.875 0.707031 0.878906 0.703125 0.878906 0.695312 0.875 0.691406
0 0.40625 0.632812 0.402344 0.636719 0.398438 0.636719 0.390625 0.644531 0.390625 0.648438 0.40625 0.664062 0.421875 0.664062 0.425781 0.660156 0.425781 0.644531 0.414062 0.632812
0 0.789062 0.46875 0.785156 0.472656 0.785156 0.476562 0.769531 0.492188 0.769531 0.511719 0.785156 0.527344 0.789062 0.527344 0.796875 0.535156 0.8125 0.535156 0.816406 0.53125 0.820312 0.53125 0.828125 0.523438 0.828125 0.519531 0.832031 0.515625 0.832031 0.507812 0.828125 0.503906 0.828125 0.496094 0.824219 0.492188 0.824219 0.488281 0.804688 0.46875
0 0.617188 0.863281 0.613281 0.867188 0.613281 0.871094 0.609375 0.875 0.609375 0.882812 0.617188 0.890625 0.617188 0.902344 0.621094 0.90625 0.628906 0.90625 0.636719 0.898438 0.636719 0.886719 0.628906 0.878906 0.628906 0.867188 0.625 0.863281
0 0.964844 0.761719 0.957031 0.769531 0.960938 0.773438 0.960938 0.785156 0.96875 0.792969 0.980469 0.792969 0.992188 0.78125 0.992188 0.765625 0.988281 0.761719
0 0.558594 0.855469 0.554688 0.859375 0.554688 0.863281 0.550781 0.867188 0.550781 0.875 0.546875 0.878906 0.546875 0.886719 0.550781 0.890625 0.550781 0.894531 0.554688 0.898438 0.558594 0.898438 0.5625 0.894531 0.570312 0.894531 0.582031 0.882812 0.582031 0.871094 0.578125 0.867188 0.578125 0.863281 0.574219 0.859375 0.570312 0.859375 0.566406 0.855469
0 0.0429688 0.789062 0.0351562 0.796875 0.0351562 0.808594 0.0429688 0.816406 0.0625 0.816406 0.0664062 0.8125 0.0664062 0.808594 0.0703125 0.804688 0.0703125 0.800781 0.0664062 0.796875 0.0664062 0.792969 0.0625 0.789062
0 0.179688 0.511719 0.167969 0.523438 0.167969 0.535156 0.171875 0.539062 0.171875 0.542969 0.183594 0.554688 0.199219 0.554688 0.203125 0.550781 0.203125 0.546875 0.207031 0.542969 0.207031 0.535156 0.210938 0.53125 0.210938 0.523438 0.203125 0.515625 0.199219 0.515625 0.195312 0.511719
0 0.00390625 0.691406 0 0.695312 0 0.726562 0.0117188 0.738281 0.015625 0.738281 0.0234375 0.746094 0.0273438 0.746094 0.03125 0.742188 0.0390625 0.742188 0.046875 0.734375 0.046875 0.71875 0.0507812 0.714844 0.0507812 0.710938 0.0429688 0.703125 0.0351562 0.703125 0.03125 0.699219 0.0273438 0.699219 0.0234375 0.695312 0.0195312 0.695312 0.015625 0.691406
0 0.636719 0.808594 0.632812 0.8125 0.632812 0.816406 0.628906 0.820312 0.628906 0.847656 0.632812 0.851562 0.648438 0.851562 0.652344 0.847656 0.652344 0.84375 0.65625 0.839844 0.65625 0.828125 0.664062 0.820312 0.664062 0.8125 0.660156 0.808594
0 0.078125 0.660156 0.0742188 0.664062 0.0742188 0.695312 0.078125 0.699219 0.0859375 0.699219 0.0898438 0.695312 0.0976562 0.695312 0.101562 0.691406 0.101562 0.6875 0.0976562 0.683594 0.0976562 0.664062 0.09375 0.660156
0 0.167969 0.148438 0.164062 0.152344 0.152344 0.152344 0.144531 0.160156 0.144531 0.164062 0.140625 0.167969 0.140625 0.171875 0.136719 0.175781 0.136719 0.242188 0.140625 0.246094 0.144531 0.246094 0.148438 0.25 0.152344 0.25 0.15625 0.253906 0.175781 0.253906 0.1875 0.242188 0.1875 0.238281 0.195312 0.230469 0.195312 0.226562 0.199219 0.222656 0.199219 0.214844 0.203125 0.210938 0.203125 0.160156 0.195312 0.152344 0.183594 0.152344 0.179688 0.148438
0 0 0.363281 0 0.398438 0.00390625 0.398438 0.0117188 0.390625 0.0117188 0.382812 0.0078125 0.378906 0.0078125 0.367188 0.00390625 0.363281
0 0.316406 0.660156 0.3125 0.664062 0.308594 0.664062 0.296875 0.675781 0.296875 0.683594 0.300781 0.6875 0.316406 0.6875 0.332031 0.671875 0.332031 0.667969 0.324219 0.660156
0 0.769531 0.84375 0.761719 0.851562 0.757812 0.851562 0.742188 0.867188 0.742188 0.871094 0.738281 0.875 0.738281 0.878906 0.734375 0.882812 0.734375 0.90625 0.738281 0.910156 0.738281 0.917969 0.742188 0.921875 0.742188 0.925781 0.746094 0.929688 0.75 0.929688 0.753906 0.933594 0.769531 0.933594 0.78125 0.921875 0.78125 0.917969 0.785156 0.914062 0.785156 0.910156 0.789062 0.90625 0.789062 0.902344 0.800781 0.890625 0.800781 0.882812 0.804688 0.878906 0.804688 0.875 0.808594 0.871094 0.808594 0.855469 0.796875 0.84375
0 0.03125 0.394531 0.0234375 0.402344 0.0234375 0.417969 0.03125 0.425781 0.03125 0.429688 0.0351562 0.433594 0.0390625 0.433594 0.0429688 0.4375 0.0507812 0.4375 0.0546875 0.433594 0.0546875 0.429688 0.0585938 0.425781 0.0585938 0.421875 0.0546875 0.417969 0.0546875 0.410156 0.0507812 0.40625 0.0507812 0.398438 0.046875 0.394531
0 0.503906 0.921875 0.5 0.925781 0.5 0.929688 0.492188 0.9375 0.492188 0.945312 0.496094 0.949219 0.496094 0.957031 0.5 0.960938 0.507812 0.960938 0.511719 0.964844 0.515625 0.964844 0.519531 0.96875 0.527344 0.96875 0.53125 0.964844 0.53125 0.949219 0.527344 0.945312 0.527344 0.9375 0.511719 0.921875
0 0.101562 0.339844 0.09375 0.347656 0.09375 0.351562 0.0898438 0.355469 0.0898438 0.367188 0.09375 0.371094 0.09375 0.375 0.101562 0.382812 0.121094 0.382812 0.125 0.378906 0.125 0.375 0.128906 0.371094 0.128906 0.355469 0.125 0.351562 0.125 0.347656 0.117188 0.339844
0 0 0.316406 0 0.347656 0.00390625 0.347656 0.0078125 0.34375 0.0117188 0.34375 0.0117188 0.324219 0.00390625 0.316406
0 0.441406 0.703125 0.433594 0.710938 0.433594 0.722656 0.4375 0.722656 0.441406 0.726562 0.449219 0.726562 0.453125 0.722656 0.453125 0.71875 0.457031 0.714844 0.457031 0.710938 0.449219 0.703125
0 0.382812 0.675781 0.378906 0.679688 0.378906 0.691406 0.394531 0.707031 0.402344 0.699219 0.40625 0.699219 0.40625 0.695312 0.402344 0.691406 0.402344 0.6875 0.390625 0.675781
0 0.0273438 0.324219 0.0195312 0.332031 0.015625 0.332031 0.015625 0.351562 0.0234375 0.359375 0.0429688 0.359375 0.046875 0.355469 0.046875 0.335938 0.0351562 0.324219
0 0.105469 0.730469 0.101562 0.734375 0.0976562 0.734375 0.09375 0.738281 0.09375 0.757812 0.0976562 0.761719 0.101562 0.761719 0.109375 0.769531 0.109375 0.773438 0.117188 0.78125 0.140625 0.78125 0.148438 0.773438 0.148438 0.757812 0.140625 0.75 0.136719 0.75 0.128906 0.742188 0.128906 0.738281 0.125 0.734375 0.121094 0.734375 0.117188 0.730469
0 0.910156 0 0.910156 0.0078125 0.914062 0.0117188 0.9375 0.0117188 0.941406 0.0078125 0.941406 0
0 0.636719 0.902344 0.628906 0.910156 0.628906 0.917969 0.636719 0.925781 0.644531 0.925781 0.648438 0.921875 0.648438 0.917969 0.652344 0.914062 0.652344 0.90625 0.648438 0.902344
0 0.980469 0.824219 0.976562 0.828125 0.972656 0.828125 0.96875 0.832031 0.96875 0.835938 0.960938 0.84375 0.960938 0.851562 0.957031 0.855469 0.957031 0.871094 0.960938 0.875 0.960938 0.878906 0.972656 0.890625 0.976562 0.890625 0.980469 0.894531 0.996094 0.894531 0.996094 0.824219
0 0.949219 0.75 0.945312 0.753906 0.945312 0.761719 0.949219 0.765625 0.957031 0.765625 0.960938 0.761719 0.960938 0.753906 0.957031 0.75
0 0 0.828125 0 0.867188 0.00390625 0.867188 0.0117188 0.859375 0.0117188 0.855469 0.015625 0.851562 0.015625 0.835938 0.0078125 0.828125
0 0.402344 0.703125 0.398438 0.707031 0.398438 0.722656 0.402344 0.726562 0.402344 0.730469 0.40625 0.734375 0.414062 0.734375 0.425781 0.722656 0.429688 0.722656 0.429688 0.710938 0.425781 0.707031 0.421875 0.707031 0.417969 0.703125
0 0.875 0.65625 0.871094 0.660156 0.855469 0.660156 0.851562 0.664062 0.847656 0.664062 0.84375 0.667969 0.84375 0.671875 0.839844 0.675781 0.839844 0.679688 0.84375 0.683594 0.847656 0.683594 0.851562 0.6875 0.863281 0.6875 0.871094 0.679688 0.875 0.679688 0.878906 0.683594 0.882812 0.683594 0.886719 0.679688 0.886719 0.664062 0.878906 0.65625
0 0.046875 0.359375 0.0429688 0.363281 0.03125 0.363281 0.03125 0.390625 0.046875 0.390625 0.0507812 0.394531 0.0664062 0.394531 0.0703125 0.390625 0.0742188 0.390625 0.078125 0.386719 0.078125 0.382812 0.0820312 0.378906 0.0820312 0.371094 0.0742188 0.363281 0.0625 0.363281 0.0585938 0.359375
0 0.121094 0.535156 0.109375 0.546875 0.109375 0.589844 0.113281 0.59375 0.140625 0.59375 0.144531 0.589844 0.148438 0.589844 0.15625 0.582031 0.160156 0.582031 0.164062 0.578125 0.167969 0.578125 0.171875 0.574219 0.171875 0.5625 0.152344 0.542969 0.148438 0.542969 0.144531 0.539062 0.140625 0.539062 0.136719 0.535156
0 0.726562 0 0.726562 0.00390625 0.722656 0.0078125 0.730469 0.015625 0.730469 0.0195312 0.734375 0.0234375 0.753906 0.0234375 0.757812 0.0195312 0.757812 0.0117188 0.753906 0.0078125 0.753906 0.00390625 0.75 0
0 0.714844 0.71875 0.710938 0.722656 0.710938 0.726562 0.707031 0.730469 0.707031 0.753906 0.710938 0.757812 0.71875 0.757812 0.722656 0.753906 0.742188 0.753906 0.746094 0.75 0.746094 0.730469 0.734375 0.71875
0 0.5625 0.898438 0.558594 0.902344 0.554688 0.902344 0.546875 0.910156 0.546875 0.917969 0.542969 0.921875 0.542969 0.9375 0.546875 0.941406 0.550781 0.941406 0.554688 0.945312 0.582031 0.945312 0.59375 0.933594 0.59375 0.929688 0.597656 0.925781 0.597656 0.90625 0.589844 0.898438
0 0.0820312 0.414062 0.078125 0.417969 0.0742188 0.417969 0.0703125 0.421875 0.0703125 0.433594 0.0742188 0.4375 0.0898438 0.4375 0.09375 0.441406 0.105469 0.441406 0.109375 0.4375 0.109375 0.433594 0.105469 0.429688 0.105469 0.421875 0.0976562 0.414062
0 0.425781 0.683594 0.421875 0.6875 0.421875 0.691406 0.417969 0.695312 0.417969 0.699219 0.421875 0.703125 0.425781 0.703125 0.429688 0.707031 0.433594 0.707031 0.441406 0.699219 0.441406 0.691406 0.433594 0.683594
