0 0.210938 0 0.214844 0.00390625 0.21875 0.00390625 0.222656 0.0078125 0.242188 0.0078125 0.25 0
0 0.808594 0.632812 0.804688 0.636719 0.804688 0.652344 0.808594 0.65625 0.808594 0.660156 0.816406 0.667969 0.828125 0.667969 0.832031 0.671875 0.839844 0.671875 0.84375 0.667969 0.84375 0.648438 0.828125 0.632812
0 0.0117188 0.203125 0.0078125 0.207031 0.00390625 0.207031 0 0.210938 0 0.242188 0.0117188 0.242188 0.0195312 0.234375 0.0195312 0.226562 0.0234375 0.222656 0.0234375 0.210938 0.015625 0.203125
0 0.921875 0.210938 0.917969 0.214844 0.914062 0.214844 0.910156 0.21875 0.910156 0.222656 0.90625 0.226562 0.90625 0.238281 0.910156 0.242188 0.910156 0.246094 0.914062 0.25 0.933594 0.25 0.9375 0.246094 0.941406 0.246094 0.945312 0.242188 0.945312 0.222656 0.933594 0.210938
0 0.863281 0.679688 0.855469 0.6875 0.855469 0.691406 0.851562 0.695312 0.851562 0.699219 0.855469 0.703125 0.855469 0.710938 0.863281 0.71875 0.886719 0.71875 0.890625 0.714844 0.890625 0.699219 0.886719 0.695312 0.886719 0.691406 0.878906 0.683594 0.875 0.683594 0.871094 0.679688
0 0.582031 0.109375 0.574219 0.117188 0.570312 0.117188 0.566406 0.121094 0.566406 0.125 0.558594 0.132812 0.558594 0.144531 0.566406 0.152344 0.570312 0.152344 0.574219 0.148438 0.578125 0.148438 0.582031 0.144531 0.585938 0.144531 0.59375 0.136719 0.597656 0.136719 0.601562 0.132812 0.601562 0.113281 0.597656 0.109375
0 0.59375 0 0.597656 0.00390625 0.597656 0.0078125 0.59375 0.0117188 0.59375 0.03125 0.601562 0.0390625 0.605469 0.0390625 0.609375 0.0429688 0.628906 0.0429688 0.632812 0.0390625 0.636719 0.0390625 0.640625 0.0351562 0.640625 0.0234375 0.617188 0
0 0.851562 0.332031 0.84375 0.339844 0.84375 0.351562 0.847656 0.355469 0.847656 0.378906 0.851562 0.382812 0.859375 0.382812 0.863281 0.386719 0.867188 0.386719 0.875 0.378906 0.875 0.375 0.878906 0.371094 0.878906 0.34375 0.867188 0.332031
0 0.960938 0.253906 0.945312 0.269531 0.945312 0.28125 0.949219 0.285156 0.96875 0.285156 0.976562 0.277344 0.976562 0.265625 0.964844 0.253906
0 0.570312 0.261719 0.5625 0.269531 0.5625 0.277344 0.574219 0.289062 0.578125 0.289062 0.582031 0.292969 0.589844 0.292969 0.59375 0.289062 0.59375 0.285156 0.597656 0.28125 0.597656 0.277344 0.59375 0.273438 0.59375 0.269531 0.589844 0.265625 0.585938 0.265625 0.582031 0.261719
0 0.207031 0.00390625 0.203125 0.0078125 0.199219 0.0078125 0.1875 0.0195312 0.1875 0.0234375 0.191406 0.0273438 0.191406 0.03125 0.195312 0.0351562 0.222656 0.0351562 0.226562 0.03125 0.226562 0.0195312 0.222656 0.015625 0.222656 0.0117188 0.21875 0.0078125 0.214844 0.0078125 0.210938 0.00390625
0 0.113281 0.125 0.105469 0.132812 0.0859375 0.132812 0.0820312 0.136719 0.0820312 0.152344 0.0898438 0.160156 0.105469 0.160156 0.113281 0.152344 0.113281 0.148438 0.121094 0.140625 0.121094 0.128906 0.117188 0.125
0 0.507812 0.347656 0.503906 0.351562 0.496094 0.351562 0.488281 0.359375 0.488281 0.363281 0.484375 0.367188 0.484375 0.382812 0.488281 0.386719 0.492188 0.386719 0.496094 0.390625 0.507812 0.390625 0.511719 0.386719 0.515625 0.386719 0.519531 0.382812 0.523438 0.382812 0.53125 0.375 0.53125 0.363281 0.527344 0.359375 0.527344 0.351562 0.523438 0.347656
0 0.933594 0.800781 0.917969 0.816406 0.917969 0.828125 0.914062 0.832031 0.914062 0.835938 0.917969 0.839844 0.917969 0.84375 0.925781 0.851562 0.933594 0.851562 0.941406 0.84375 0.941406 0.835938 0.945312 0.832031 0.945312 0.804688 0.941406 0.800781
0 0.570312 0.421875 0.5625 0.429688 0.5625 0.4375 0.558594 0.441406 0.558594 0.445312 0.554688 0.449219 0.554688 0.46875 0.558594 0.472656 0.5625 0.472656 0.566406 0.476562 0.574219 0.476562 0.578125 0.472656 0.578125 0.46875 0.582031 0.464844 0.582031 0.460938 0.585938 0.457031 0.585938 0.445312 0.589844 0.441406 0.589844 0.4375 0.585938 0.433594 0.585938 0.425781 0.582031 0.421875
0 0.414062 0.4375 0.410156 0.441406 0.410156 0.445312 0.40625 0.449219 0.40625 0.457031 0.402344 0.460938 0.402344 0.46875 0.40625 0.472656 0.40625 0.476562 0.410156 0.480469 0.417969 0.480469 0.425781 0.472656 0.425781 0.464844 0.429688 0.460938 0.429688 0.449219 0.417969 0.4375
0 0.628906 0.425781 0.625 0.429688 0.625 0.433594 0.621094 0.4375 0.621094 0.445312 0.625 0.449219 0.625 0.453125 0.628906 0.457031 0.628906 0.464844 0.640625 0.476562 0.648438 0.476562 0.660156 0.464844 0.660156 0.449219 0.652344 0.441406 0.652344 0.433594 0.644531 0.425781
0 0.878906 0.292969 0.871094 0.300781 0.871094 0.320312 0.878906 0.328125 0.890625 0.328125 0.898438 0.320312 0.898438 0.300781 0.890625 0.292969
0 0 0.0117188 0 0.046875 0.0078125 0.046875 0.0195312 0.0351562 0.0195312 0.0234375 0.0078125 0.0117188
0 0.339844 0.0195312 0.335938 0.0234375 0.335938 0.03125 0.351562 0.046875 0.375 0.046875 0.378906 0.0429688 0.378906 0.0351562 0.375 0.03125 0.371094 0.03125 0.363281 0.0234375 0.359375 0.0234375 0.355469 0.0195312
0 0.726562 0.832031 0.722656 0.835938 0.722656 0.839844 0.71875 0.84375 0.71875 0.855469 0.726562 0.863281 0.726562 0.867188 0.734375 0.875 0.738281 0.875 0.742188 0.878906 0.765625 0.878906 0.769531 0.875 0.769531 0.855469 0.761719 0.847656 0.757812 0.847656 0.753906 0.84375 0.75 0.84375 0.738281 0.832031
0 0.386719 0.335938 0.382812 0.339844 0.382812 0.378906 0.394531 0.390625 0.398438 0.390625 0.410156 0.378906 0.410156 0.355469 0.40625 0.351562 0.40625 0.347656 0.394531 0.335938
0 0.5 0.40625 0.492188 0.414062 0.488281 0.414062 0.484375 0.417969 0.484375 0.425781 0.488281 0.429688 0.488281 0.433594 0.496094 0.441406 0.5 0.441406 0.503906 0.445312 0.507812 0.445312 0.511719 0.441406 0.515625 0.441406 0.523438 0.433594 0.523438 0.414062 0.519531 0.410156 0.515625 0.410156 0.511719 0.40625
0 0.992188 0.296875 0.988281 0.300781 0.988281 0.304688 0.984375 0.308594 0.984375 0.328125 0.988281 0.332031 0.996094 0.332031 0.996094 0.296875
0 0.445312 0.15625 0.441406 0.160156 0.441406 0.164062 0.4375 0.167969 0.4375 0.171875 0.429688 0.179688 0.429688 0.191406 0.4375 0.199219 0.449219 0.199219 0.453125 0.195312 0.457031 0.195312 0.460938 0.191406 0.460938 0.164062 0.453125 0.15625
0 0.496094 0 0.492188 0.00390625 0.492188 0.015625 0.503906 0.0273438 0.503906 0.03125 0.507812 0.0351562 0.515625 0.0351562 0.523438 0.0273438 0.523438 0.0234375 0.53125 0.015625 0.53125 0
0 0.367188 0.109375 0.359375 0.117188 0.359375 0.128906 0.375 0.144531 0.390625 0.144531 0.394531 0.140625 0.398438 0.140625 0.402344 0.136719 0.402344 0.117188 0.398438 0.113281 0.390625 0.113281 0.386719 0.109375
0 0.945312 0.5 0.941406 0.503906 0.925781 0.503906 0.921875 0.507812 0.921875 0.511719 0.917969 0.515625 0.917969 0.53125 0.921875 0.535156 0.921875 0.539062 0.929688 0.546875 0.945312 0.546875 0.949219 0.550781 0.953125 0.550781 0.96875 0.535156 0.96875 0.519531 0.964844 0.515625 0.964844 0.511719 0.957031 0.503906 0.953125 0.503906 0.949219 0.5
0 0.878906 0 0.878906 0.0273438 0.882812 0.03125 0.882812 0.0351562 0.890625 0.0429688 0.902344 0.0429688 0.90625 0.0390625 0.910156 0.0390625 0.914062 0.0351562 0.914062 0.0078125 0.910156 0.00390625 0.910156 0
0 0 0.582031 0 0.601562 0.0078125 0.609375 0.0078125 0.613281 0.0195312 0.625 0.0273438 0.625 0.0351562 0.617188 0.0351562 0.597656 0.03125 0.59375 0.03125 0.589844 0.0273438 0.585938 0.0117188 0.585938 0.0078125 0.582031
0 0.828125 0.480469 0.820312 0.488281 0.820312 0.496094 0.816406 0.5 0.816406 0.507812 0.820312 0.511719 0.820312 0.515625 0.824219 0.519531 0.847656 0.519531 0.851562 0.515625 0.851562 0.496094 0.847656 0.492188 0.847656 0.488281 0.839844 0.480469
0 0.722656 0.304688 0.714844 0.3125 0.714844 0.320312 0.71875 0.324219 0.71875 0.328125 0.722656 0.332031 0.726562 0.332031 0.734375 0.339844 0.75 0.339844 0.753906 0.335938 0.753906 0.324219 0.75 0.320312 0.75 0.316406 0.742188 0.308594 0.738281 0.308594 0.734375 0.304688
0 0.441406 0 0.441406 0.0078125 0.445312 0.0117188 0.445312 0.015625 0.449219 0.0195312 0.460938 0.0195312 0.464844 0.015625 0.464844 0.0117188 0.472656 0.00390625 0.472656 0
0 0.683594 0.757812 0.675781 0.765625 0.675781 0.773438 0.671875 0.777344 0.671875 0.792969 0.679688 0.800781 0.6875 0.800781 0.691406 0.796875 0.695312 0.796875 0.699219 0.792969 0.699219 0.785156 0.695312 0.78125 0.695312 0.761719 0.691406 0.757812
0 0.992188 0.386719 0.980469 0.398438 0.980469 0.410156 0.988281 0.417969 0.992188 0.417969 0.996094 0.421875 0.996094 0.386719
0 0.0898438 0.105469 0.0859375 0.109375 0.0859375 0.113281 0.0820312 0.117188 0.0820312 0.125 0.0859375 0.128906 0.105469 0.128906 0.109375 0.125 0.109375 0.113281 0.101562 0.105469
0 0.015625 0.359375 0.0117188 0.363281 0.0078125 0.363281 0 0.371094 0 0.386719 0.0078125 0.386719 0.0117188 0.390625 0.015625 0.390625 0.0195312 0.394531 0.0234375 0.394531 0.0273438 0.390625 0.03125 0.390625 0.0351562 0.386719 0.0351562 0.375 0.03125 0.371094 0.03125 0.367188 0.0234375 0.359375
0 0.117188 0.476562 0.109375 0.484375 0.109375 0.5 0.105469 0.503906 0.105469 0.515625 0.109375 0.519531 0.121094 0.519531 0.125 0.515625 0.128906 0.515625 0.132812 0.511719 0.132812 0.480469 0.128906 0.476562
0 0.8125 0.355469 0.804688 0.363281 0.804688 0.367188 0.800781 0.371094 0.800781 0.378906 0.8125 0.390625 0.820312 0.390625 0.832031 0.378906 0.832031 0.363281 0.824219 0.355469
0 0 0.472656 0 0.511719 0.0117188 0.511719 0.0195312 0.503906 0.0195312 0.476562 0.015625 0.472656
0 0.492188 0.496094 0.476562 0.511719 0.476562 0.527344 0.480469 0.53125 0.5 0.53125 0.503906 0.527344 0.507812 0.527344 0.511719 0.523438 0.511719 0.503906 0.503906 0.496094
0 0.824219 0.269531 0.820312 0.273438 0.820312 0.292969 0.824219 0.296875 0.828125 0.296875 0.832031 0.300781 0.847656 0.300781 0.851562 0.296875 0.851562 0.285156 0.847656 0.28125 0.847656 0.277344 0.84375 0.273438 0.839844 0.273438 0.835938 0.269531
0 0.917969 0.707031 0.902344 0.722656 0.902344 0.734375 0.90625 0.738281 0.917969 0.738281 0.921875 0.742188 0.929688 0.742188 0.941406 0.730469 0.941406 0.714844 0.933594 0.707031
0 0.671875 0.265625 0.664062 0.273438 0.664062 0.292969 0.675781 0.304688 0.683594 0.304688 0.6875 0.300781 0.6875 0.292969 0.691406 0.289062 0.691406 0.28125 0.6875 0.277344 0.6875 0.269531 0.683594 0.265625
0 0.34375 0.148438 0.335938 0.15625 0.335938 0.191406 0.339844 0.195312 0.363281 0.195312 0.371094 0.1875 0.371094 0.167969 0.351562 0.148438
0 0.324219 0.4375 0.320312 0.441406 0.320312 0.453125 0.324219 0.457031 0.328125 0.457031 0.335938 0.464844 0.347656 0.464844 0.351562 0.460938 0.351562 0.449219 0.34375 0.441406 0.339844 0.441406 0.335938 0.4375
0 0.636719 0.585938 0.628906 0.59375 0.628906 0.609375 0.636719 0.617188 0.65625 0.617188 0.660156 0.613281 0.660156 0.589844 0.65625 0.585938
0 0.796875 0.0585938 0.78125 0.0742188 0.78125 0.09375 0.792969 0.105469 0.796875 0.105469 0.804688 0.113281 0.824219 0.113281 0.828125 0.109375 0.832031 0.109375 0.839844 0.101562 0.839844 0.0859375 0.835938 0.0820312 0.835938 0.078125 0.832031 0.0742188 0.824219 0.0742188 0.8125 0.0625 0.804688 0.0625 0.800781 0.0585938
0 0.902344 0.183594 0.898438 0.1875 0.898438 0.203125 0.902344 0.207031 0.90625 0.207031 0.917969 0.195312 0.917969 0.1875 0.914062 0.183594
0 0.15625 0.355469 0.152344 0.359375 0.148438 0.359375 0.140625 0.367188 0.140625 0.382812 0.148438 0.390625 0.183594 0.390625 0.191406 0.382812 0.191406 0.371094 0.183594 0.363281 0.179688 0.363281 0.175781 0.359375 0.171875 0.359375 0.167969 0.355469
0 0.183594 0.742188 0.175781 0.75 0.175781 0.769531 0.179688 0.773438 0.179688 0.777344 0.1875 0.785156 0.203125 0.785156 0.207031 0.78125 0.207031 0.769531 0.210938 0.765625 0.210938 0.761719 0.207031 0.761719 0.1875 0.742188
0 0.671875 0.121094 0.667969 0.125 0.65625 0.125 0.648438 0.132812 0.648438 0.148438 0.652344 0.152344 0.65625 0.152344 0.660156 0.15625 0.664062 0.15625 0.667969 0.152344 0.675781 0.152344 0.6875 0.140625 0.691406 0.140625 0.695312 0.136719 0.695312 0.128906 0.6875 0.121094
0 0.75 0.261719 0.742188 0.269531 0.742188 0.277344 0.738281 0.28125 0.738281 0.285156 0.742188 0.289062 0.742188 0.292969 0.757812 0.308594 0.765625 0.308594 0.769531 0.304688 0.769531 0.300781 0.773438 0.296875 0.773438 0.273438 0.765625 0.265625 0.757812 0.265625 0.753906 0.261719
0 0.929688 0.0703125 0.921875 0.078125 0.921875 0.105469 0.925781 0.109375 0.925781 0.113281 0.929688 0.117188 0.929688 0.121094 0.933594 0.125 0.9375 0.125 0.941406 0.128906 0.949219 0.128906 0.953125 0.125 0.960938 0.125 0.96875 0.117188 0.96875 0.0976562 0.964844 0.09375 0.964844 0.0859375 0.953125 0.0742188 0.949219 0.0742188 0.945312 0.0703125
0 0.585938 0.742188 0.582031 0.746094 0.582031 0.761719 0.59375 0.773438 0.597656 0.773438 0.601562 0.777344 0.613281 0.777344 0.621094 0.769531 0.621094 0.753906 0.613281 0.746094 0.609375 0.746094 0.605469 0.742188
0 0.515625 0.21875 0.507812 0.226562 0.507812 0.238281 0.511719 0.242188 0.515625 0.242188 0.519531 0.246094 0.523438 0.246094 0.527344 0.25 0.539062 0.25 0.546875 0.242188 0.546875 0.230469 0.539062 0.222656 0.527344 0.222656 0.523438 0.21875
0 0 0.316406 0 0.34375 0.00390625 0.34375 0.015625 0.332031 0.015625 0.328125 0.00390625 0.316406
0 0.992188 0.640625 0.988281 0.644531 0.988281 0.648438 0.984375 0.652344 0.984375 0.660156 0.988281 0.664062 0.988281 0.667969 0.996094 0.675781 0.996094 0.640625
0 0.175781 0.488281 0.164062 0.5 0.164062 0.503906 0.160156 0.507812 0.160156 0.523438 0.167969 0.53125 0.175781 0.53125 0.1875 0.519531 0.1875 0.515625 0.195312 0.507812 0.195312 0.496094 0.1875 0.488281
0 0.265625 0.492188 0.257812 0.5 0.257812 0.519531 0.261719 0.523438 0.265625 0.523438 0.277344 0.511719 0.277344 0.507812 0.28125 0.503906 0.28125 0.496094 0.277344 0.492188
0 0.65625 0.71875 0.652344 0.722656 0.644531 0.722656 0.632812 0.734375 0.632812 0.738281 0.640625 0.746094 0.644531 0.746094 0.648438 0.75 0.664062 0.75 0.667969 0.746094 0.671875 0.746094 0.675781 0.742188 0.675781 0.734375 0.679688 0.730469 0.679688 0.722656 0.675781 0.71875
0 0.0390625 0.199219 0.0351562 0.203125 0.0351562 0.230469 0.0390625 0.234375 0.0546875 0.234375 0.0625 0.226562 0.0625 0.207031 0.0546875 0.199219
0 0.792969 0.503906 0.789062 0.507812 0.785156 0.507812 0.78125 0.511719 0.777344 0.511719 0.773438 0.515625 0.773438 0.53125 0.777344 0.535156 0.777344 0.539062 0.78125 0.542969 0.792969 0.542969 0.796875 0.546875 0.800781 0.546875 0.804688 0.542969 0.8125 0.542969 0.816406 0.539062 0.816406 0.527344 0.820312 0.523438 0.820312 0.519531 0.816406 0.515625 0.816406 0.511719 0.8125 0.507812 0.8125 0.503906
0 0.0820312 0.273438 0.078125 0.277344 0.0742188 0.277344 0.0703125 0.28125 0.0703125 0.289062 0.0742188 0.292969 0.0742188 0.304688 0.078125 0.308594 0.0859375 0.308594 0.0898438 0.3125 0.101562 0.3125 0.109375 0.304688 0.109375 0.285156 0.0976562 0.273438
0 0.890625 0.683594 0.886719 0.6875 0.890625 0.691406 0.890625 0.695312 0.894531 0.699219 0.894531 0.714844 0.898438 0.71875 0.902344 0.71875 0.917969 0.703125 0.917969 0.691406 0.914062 0.6875 0.910156 0.6875 0.90625 0.683594
0 0.894531 0.148438 0.886719 0.15625 0.882812 0.15625 0.875 0.164062 0.875 0.171875 0.878906 0.175781 0.886719 0.175781 0.890625 0.171875 0.898438 0.171875 0.902344 0.167969 0.902344 0.152344 0.898438 0.148438
0 0.613281 0.546875 0.605469 0.554688 0.601562 0.554688 0.59375 0.5625 0.589844 0.5625 0.585938 0.566406 0.585938 0.582031 0.589844 0.585938 0.632812 0.585938 0.636719 0.582031 0.644531 0.582031 0.644531 0.570312 0.632812 0.558594 0.632812 0.554688 0.625 0.546875
0 0.195312 0.722656 0.191406 0.726562 0.191406 0.742188 0.207031 0.757812 0.214844 0.757812 0.21875 0.753906 0.21875 0.730469 0.210938 0.722656
0 0.511719 0.585938 0.503906 0.59375 0.503906 0.605469 0.523438 0.625 0.535156 0.625 0.542969 0.617188 0.542969 0.609375 0.546875 0.605469 0.546875 0.59375 0.539062 0.585938
0 0.832031 0.199219 0.828125 0.203125 0.824219 0.203125 0.816406 0.210938 0.816406 0.21875 0.820312 0.222656 0.820312 0.226562 0.824219 0.230469 0.832031 0.230469 0.835938 0.234375 0.839844 0.234375 0.84375 0.230469 0.851562 0.230469 0.859375 0.222656 0.859375 0.207031 0.851562 0.199219
0 0.765625 0.425781 0.753906 0.4375 0.753906 0.445312 0.765625 0.457031 0.78125 0.457031 0.792969 0.445312 0.792969 0.433594 0.785156 0.425781
0 0.890625 0.386719 0.886719 0.390625 0.886719 0.394531 0.882812 0.398438 0.882812 0.421875 0.886719 0.425781 0.890625 0.425781 0.894531 0.429688 0.898438 0.429688 0.90625 0.421875 0.90625 0.417969 0.917969 0.40625 0.917969 0.394531 0.910156 0.386719
