0 0.476562 0.75 0.472656 0.753906 0.464844 0.753906 0.460938 0.757812 0.453125 0.757812 0.449219 0.761719 0.449219 0.765625 0.445312 0.769531 0.445312 0.78125 0.4375 0.789062 0.4375 0.792969 0.433594 0.796875 0.433594 0.804688 0.429688 0.808594 0.429688 0.8125 0.433594 0.816406 0.433594 0.835938 0.441406 0.84375 0.457031 0.84375 0.460938 0.847656 0.46875 0.847656 0.472656 0.851562 0.476562 0.851562 0.484375 0.859375 0.488281 0.859375 0.492188 0.855469 0.5 0.855469 0.503906 0.851562 0.507812 0.851562 0.527344 0.832031 0.527344 0.828125 0.53125 0.824219 0.53125 0.816406 0.535156 0.8125 0.535156 0.777344 0.53125 0.773438 0.53125 0.769531 0.519531 0.757812 0.515625 0.757812 0.511719 0.753906 0.503906 0.753906 0.5 0.75
0 0.75 0.804688 0.746094 0.808594 0.738281 0.808594 0.734375 0.8125 0.730469 0.8125 0.714844 0.828125 0.714844 0.859375 0.730469 0.875 0.738281 0.875 0.742188 0.878906 0.753906 0.878906 0.757812 0.875 0.765625 0.875 0.773438 0.867188 0.777344 0.867188 0.792969 0.851562 0.792969 0.847656 0.796875 0.84375 0.796875 0.824219 0.792969 0.820312 0.792969 0.816406 0.785156 0.808594 0.777344 0.808594 0.773438 0.804688
0 0.289062 0.839844 0.289062 0.863281 0.285156 0.867188 0.285156 0.871094 0.277344 0.878906 0.277344 0.882812 0.273438 0.886719 0.273438 0.890625 0.269531 0.894531 0.28125 0.882812 0.28125 0.878906 0.289062 0.871094 0.289062 0.867188 0.292969 0.863281 0.292969 0.859375 0.289062 0.855469
0 0.378906 0.753906 0.375 0.757812 0.363281 0.757812 0.359375 0.761719 0.351562 0.761719 0.339844 0.773438 0.339844 0.816406 0.34375 0.820312 0.34375 0.824219 0.347656 0.828125 0.347656 0.832031 0.351562 0.835938 0.371094 0.835938 0.375 0.832031 0.390625 0.832031 0.394531 0.828125 0.394531 0.824219 0.398438 0.820312 0.402344 0.820312 0.40625 0.816406 0.40625 0.804688 0.410156 0.800781 0.410156 0.769531 0.40625 0.765625 0.40625 0.761719 0.402344 0.757812 0.390625 0.757812 0.386719 0.753906
0 0.691406 0.515625 0.691406 0.523438 0.6875 0.527344 0.6875 0.53125 0.710938 0.554688 0.710938 0.5625 0.714844 0.566406 0.714844 0.570312 0.71875 0.574219 0.71875 0.578125 0.734375 0.59375 0.738281 0.59375 0.742188 0.597656 0.753906 0.597656 0.757812 0.601562 0.765625 0.601562 0.769531 0.597656 0.777344 0.597656 0.78125 0.59375 0.785156 0.59375 0.796875 0.582031 0.796875 0.578125 0.800781 0.574219 0.800781 0.550781 0.796875 0.546875 0.796875 0.542969 0.789062 0.535156 0.789062 0.53125 0.78125 0.523438 0.78125 0.515625 0.777344 0.515625 0.773438 0.519531 0.769531 0.519531 0.761719 0.527344 0.757812 0.527344 0.753906 0.53125 0.75 0.53125 0.746094 0.535156 0.742188 0.535156 0.738281 0.539062 0.722656 0.539062 0.71875 0.535156 0.710938 0.535156 0.703125 0.527344 0.703125 0.523438 0.699219 0.519531 0.695312 0.519531
0 0.648438 0.753906 0.644531 0.757812 0.640625 0.757812 0.636719 0.761719 0.632812 0.761719 0.625 0.769531 0.625 0.773438 0.621094 0.777344 0.621094 0.804688 0.625 0.808594 0.625 0.8125 0.636719 0.824219 0.640625 0.824219 0.644531 0.828125 0.65625 0.828125 0.660156 0.832031 0.664062 0.832031 0.667969 0.828125 0.675781 0.828125 0.679688 0.824219 0.683594 0.824219 0.699219 0.808594 0.699219 0.78125 0.695312 0.777344 0.695312 0.773438 0.683594 0.761719 0.679688 0.761719 0.675781 0.757812 0.671875 0.757812 0.667969 0.753906
0 0.699219 0.925781 0.695312 0.929688 0.691406 0.929688 0.6875 0.933594 0.683594 0.933594 0.671875 0.945312 0.671875 0.949219 0.667969 0.953125 0.667969 0.984375 0.679688 0.996094 0.730469 0.996094 0.738281 0.988281 0.738281 0.984375 0.742188 0.980469 0.742188 0.972656 0.746094 0.96875 0.746094 0.953125 0.742188 0.949219 0.742188 0.945312 0.726562 0.929688 0.71875 0.929688 0.714844 0.925781
0 0.132812 0.699219 0.128906 0.703125 0.125 0.703125 0.121094 0.707031 0.117188 0.707031 0.101562 0.722656 0.101562 0.726562 0.0976562 0.730469 0.0976562 0.734375 0.09375 0.738281 0.09375 0.769531 0.0976562 0.773438 0.0976562 0.777344 0.101562 0.78125 0.101562 0.785156 0.109375 0.792969 0.113281 0.792969 0.117188 0.796875 0.121094 0.796875 0.125 0.800781 0.140625 0.800781 0.144531 0.804688 0.148438 0.804688 0.152344 0.800781 0.164062 0.800781 0.167969 0.796875 0.171875 0.796875 0.175781 0.792969 0.179688 0.792969 0.199219 0.773438 0.199219 0.769531 0.203125 0.765625 0.203125 0.738281 0.199219 0.734375 0.199219 0.730469 0.195312 0.726562 0.195312 0.722656 0.179688 0.707031 0.175781 0.707031 0.171875 0.703125 0.167969 0.703125 0.164062 0.699219
0 0.707031 0.921875 0.714844 0.921875 0.71875 0.925781 0.726562 0.925781 0.746094 0.945312 0.746094 0.949219 0.75 0.953125 0.75 0.96875 0.746094 0.972656 0.746094 0.980469 0.742188 0.984375 0.742188 0.988281 0.734375 0.996094 0.742188 0.988281 0.742188 0.984375 0.746094 0.980469 0.746094 0.976562 0.75 0.972656 0.75 0.953125 0.746094 0.949219 0.746094 0.945312 0.726562 0.925781 0.71875 0.925781 0.714844 0.921875
0 0.316406 0.4375 0.3125 0.441406 0.300781 0.441406 0.296875 0.445312 0.296875 0.449219 0.292969 0.453125 0.292969 0.464844 0.285156 0.472656 0.285156 0.492188 0.292969 0.5 0.292969 0.511719 0.300781 0.519531 0.304688 0.519531 0.324219 0.539062 0.335938 0.539062 0.34375 0.53125 0.347656 0.535156 0.367188 0.535156 0.371094 0.53125 0.371094 0.527344 0.375 0.523438 0.375 0.519531 0.378906 0.515625 0.378906 0.464844 0.371094 0.457031 0.363281 0.457031 0.359375 0.453125 0.355469 0.453125 0.347656 0.445312 0.34375 0.445312 0.339844 0.441406 0.335938 0.441406 0.332031 0.4375
0 0.445312 0.078125 0.441406 0.0820312 0.429688 0.0820312 0.421875 0.0898438 0.421875 0.09375 0.410156 0.105469 0.402344 0.105469 0.398438 0.109375 0.394531 0.109375 0.390625 0.113281 0.382812 0.113281 0.375 0.121094 0.375 0.140625 0.390625 0.15625 0.394531 0.15625 0.398438 0.160156 0.402344 0.160156 0.40625 0.164062 0.417969 0.164062 0.421875 0.167969 0.460938 0.167969 0.46875 0.160156 0.46875 0.136719 0.460938 0.128906 0.460938 0.101562 0.464844 0.0976562 0.464844 0.0820312 0.460938 0.078125
0 0.511719 0.953125 0.507812 0.957031 0.5 0.957031 0.496094 0.960938 0.492188 0.960938 0.484375 0.96875 0.480469 0.96875 0.46875 0.980469 0.464844 0.980469 0.460938 0.984375 0.457031 0.984375 0.445312 0.996094 0.550781 0.996094 0.546875 0.992188 0.546875 0.984375 0.542969 0.980469 0.542969 0.976562 0.523438 0.957031 0.519531 0.957031 0.515625 0.953125
0 0.398438 0.976562 0.386719 0.988281 0.382812 0.988281 0.378906 0.992188 0.375 0.992188 0.371094 0.996094 0.421875 0.996094 0.40625 0.980469 0.402344 0.980469
0 0.574219 0.441406 0.570312 0.445312 0.5625 0.445312 0.558594 0.449219 0.554688 0.449219 0.539062 0.464844 0.539062 0.46875 0.535156 0.472656 0.535156 0.496094 0.539062 0.5 0.539062 0.503906 0.546875 0.511719 0.546875 0.515625 0.550781 0.515625 0.558594 0.523438 0.5625 0.523438 0.566406 0.527344 0.574219 0.527344 0.578125 0.53125 0.605469 0.53125 0.609375 0.527344 0.617188 0.527344 0.621094 0.523438 0.625 0.523438 0.632812 0.515625 0.632812 0.511719 0.636719 0.507812 0.636719 0.476562 0.632812 0.472656 0.632812 0.46875 0.617188 0.453125 0.613281 0.453125 0.605469 0.445312 0.59375 0.445312 0.589844 0.441406
0 0.324219 0.15625 0.320312 0.160156 0.316406 0.160156 0.3125 0.164062 0.308594 0.164062 0.304688 0.167969 0.304688 0.171875 0.296875 0.179688 0.296875 0.210938 0.300781 0.214844 0.300781 0.222656 0.304688 0.226562 0.304688 0.230469 0.320312 0.246094 0.324219 0.246094 0.328125 0.25 0.359375 0.25 0.367188 0.242188 0.367188 0.238281 0.371094 0.234375 0.371094 0.230469 0.375 0.226562 0.375 0.21875 0.378906 0.214844 0.378906 0.207031 0.382812 0.203125 0.382812 0.191406 0.378906 0.1875 0.378906 0.183594 0.371094 0.175781 0.367188 0.175781 0.359375 0.167969 0.355469 0.167969 0.34375 0.15625
0 0.386719 0.0195312 0.382812 0.0234375 0.375 0.0234375 0.371094 0.0273438 0.367188 0.0273438 0.363281 0.03125 0.359375 0.03125 0.351562 0.0390625 0.34375 0.0390625 0.339844 0.0429688 0.335938 0.0429688 0.332031 0.046875 0.332031 0.078125 0.347656 0.09375 0.347656 0.0976562 0.355469 0.105469 0.355469 0.109375 0.363281 0.117188 0.363281 0.125 0.367188 0.128906 0.367188 0.144531 0.371094 0.148438 0.375 0.148438 0.378906 0.152344 0.382812 0.152344 0.410156 0.179688 0.421875 0.179688 0.425781 0.183594 0.4375 0.183594 0.441406 0.1875 0.445312 0.1875 0.472656 0.214844 0.464844 0.207031 0.464844 0.203125 0.460938 0.199219 0.460938 0.175781 0.464844 0.171875 0.464844 0.167969 0.460938 0.171875 0.421875 0.171875 0.417969 0.167969 0.40625 0.167969 0.402344 0.164062 0.398438 0.164062 0.394531 0.160156 0.390625 0.160156 0.371094 0.140625 0.371094 0.121094 0.382812 0.109375 0.390625 0.109375 0.394531 0.105469 0.398438 0.105469 0.402344 0.101562 0.410156 0.101562 0.417969 0.09375 0.417969 0.0898438 0.429688 0.078125 0.441406 0.078125 0.445312 0.0742188 0.460938 0.0742188 0.46875 0.0820312 0.46875 0.0976562 0.464844 0.101562 0.464844 0.128906 0.472656 0.136719 0.472656 0.144531 0.472656 0.132812 0.488281 0.117188 0.496094 0.117188 0.5 0.113281 0.511719 0.113281 0.507812 0.113281 0.503906 0.109375 0.496094 0.109375 0.480469 0.09375 0.480469 0.0742188 0.476562 0.0703125 0.476562 0.0664062 0.472656 0.0625 0.46875 0.0625 0.464844 0.0585938 0.453125 0.0585938 0.449219 0.0546875 0.449219 0.0507812 0.425781 0.0273438 0.421875 0.0273438 0.417969 0.0234375 0.410156 0.0234375 0.40625 0.0195312
0 0.71875 0.453125 0.746094 0.453125 0.753906 0.460938 0.757812 0.460938 0.765625 0.46875 0.765625 0.472656 0.773438 0.472656 0.777344 0.476562 0.769531 0.46875 0.769531 0.464844 0.765625 0.460938 0.761719 0.460938 0.753906 0.453125
0 0 0.644531 0 0.71875 0.015625 0.703125 0.015625 0.699219 0.0195312 0.695312 0.0195312 0.683594 0.0234375 0.679688 0.0234375 0.675781 0.0195312 0.671875 0.015625 0.671875 0.00390625 0.660156 0.00390625 0.652344 0 0.648438
0 0.523438 0.308594 0.519531 0.3125 0.511719 0.3125 0.507812 0.316406 0.503906 0.316406 0.492188 0.328125 0.492188 0.332031 0.488281 0.335938 0.488281 0.339844 0.484375 0.34375 0.484375 0.363281 0.488281 0.367188 0.488281 0.375 0.507812 0.394531 0.511719 0.394531 0.515625 0.398438 0.519531 0.398438 0.523438 0.402344 0.539062 0.402344 0.542969 0.398438 0.550781 0.398438 0.558594 0.390625 0.5625 0.390625 0.566406 0.386719 0.566406 0.382812 0.574219 0.375 0.574219 0.367188 0.578125 0.363281 0.578125 0.34375 0.574219 0.339844 0.574219 0.335938 0.570312 0.332031 0.570312 0.328125 0.558594 0.316406 0.554688 0.316406 0.550781 0.3125 0.546875 0.3125 0.542969 0.308594
0 0.597656 0.5625 0.59375 0.566406 0.585938 0.566406 0.582031 0.570312 0.578125 0.570312 0.5625 0.585938 0.5625 0.589844 0.558594 0.59375 0.558594 0.605469 0.554688 0.609375 0.554688 0.625 0.558594 0.628906 0.558594 0.640625 0.5625 0.644531 0.5625 0.648438 0.570312 0.65625 0.570312 0.660156 0.578125 0.667969 0.582031 0.667969 0.585938 0.671875 0.589844 0.671875 0.59375 0.675781 0.621094 0.675781 0.625 0.671875 0.632812 0.671875 0.636719 0.667969 0.640625 0.667969 0.652344 0.65625 0.652344 0.652344 0.65625 0.648438 0.65625 0.644531 0.660156 0.640625 0.660156 0.613281 0.65625 0.609375 0.65625 0.601562 0.652344 0.597656 0.652344 0.59375 0.644531 0.585938 0.644531 0.582031 0.632812 0.570312 0.628906 0.570312 0.625 0.566406 0.617188 0.566406 0.613281 0.5625
0 0.308594 0.878906 0.304688 0.882812 0.296875 0.882812 0.292969 0.886719 0.292969 0.902344 0.289062 0.90625 0.289062 0.910156 0.285156 0.914062 0.285156 0.921875 0.292969 0.929688 0.292969 0.933594 0.296875 0.9375 0.296875 0.941406 0.308594 0.953125 0.3125 0.953125 0.316406 0.957031 0.324219 0.957031 0.328125 0.960938 0.347656 0.960938 0.351562 0.957031 0.359375 0.957031 0.363281 0.953125 0.363281 0.949219 0.371094 0.941406 0.371094 0.929688 0.375 0.925781 0.375 0.902344 0.371094 0.898438 0.371094 0.890625 0.367188 0.890625 0.359375 0.882812 0.355469 0.882812 0.351562 0.878906
0 0.464844 0.875 0.460938 0.878906 0.445312 0.878906 0.441406 0.882812 0.429688 0.882812 0.425781 0.886719 0.417969 0.886719 0.414062 0.890625 0.414062 0.898438 0.402344 0.910156 0.40625 0.914062 0.40625 0.957031 0.410156 0.960938 0.414062 0.960938 0.417969 0.964844 0.421875 0.964844 0.425781 0.96875 0.4375 0.96875 0.441406 0.964844 0.457031 0.964844 0.460938 0.960938 0.464844 0.960938 0.46875 0.957031 0.472656 0.957031 0.480469 0.949219 0.480469 0.945312 0.488281 0.9375 0.488281 0.886719 0.480469 0.878906 0.476562 0.878906 0.472656 0.875
0 0.179688 0.0664062 0.175781 0.0703125 0.171875 0.0703125 0.167969 0.0742188 0.164062 0.0742188 0.152344 0.0859375 0.152344 0.0898438 0.148438 0.09375 0.148438 0.0976562 0.144531 0.101562 0.144531 0.105469 0.140625 0.109375 0.140625 0.140625 0.144531 0.144531 0.144531 0.148438 0.148438 0.152344 0.148438 0.15625 0.164062 0.171875 0.195312 0.171875 0.199219 0.167969 0.203125 0.167969 0.207031 0.164062 0.214844 0.164062 0.21875 0.160156 0.222656 0.160156 0.234375 0.148438 0.234375 0.144531 0.242188 0.136719 0.242188 0.128906 0.246094 0.125 0.246094 0.101562 0.242188 0.0976562 0.242188 0.09375 0.238281 0.0898438 0.238281 0.0859375 0.226562 0.0742188 0.222656 0.0742188 0.21875 0.0703125 0.210938 0.0703125 0.207031 0.0664062
0 0.601562 0.949219 0.585938 0.964844 0.585938 0.972656 0.582031 0.976562 0.582031 0.996094 0.652344 0.996094 0.648438 0.992188 0.648438 0.980469 0.644531 0.976562 0.644531 0.960938 0.636719 0.953125 0.632812 0.953125 0.628906 0.949219
0 0.957031 0.191406 0.949219 0.199219 0.945312 0.199219 0.925781 0.21875 0.925781 0.222656 0.921875 0.226562 0.921875 0.234375 0.917969 0.238281 0.917969 0.242188 0.921875 0.246094 0.921875 0.257812 0.925781 0.261719 0.925781 0.265625 0.929688 0.269531 0.929688 0.273438 0.941406 0.285156 0.945312 0.285156 0.949219 0.289062 0.953125 0.289062 0.957031 0.292969 0.992188 0.292969 0.996094 0.289062 0.996094 0.195312 0.992188 0.191406
0 0.933594 0.0703125 0.929688 0.0742188 0.925781 0.0742188 0.921875 0.078125 0.917969 0.078125 0.90625 0.0898438 0.90625 0.09375 0.902344 0.0976562 0.902344 0.101562 0.898438 0.105469 0.898438 0.128906 0.902344 0.132812 0.902344 0.136719 0.90625 0.140625 0.90625 0.144531 0.914062 0.152344 0.917969 0.152344 0.921875 0.15625 0.929688 0.15625 0.933594 0.160156 0.96875 0.160156 0.972656 0.15625 0.976562 0.15625 0.980469 0.152344 0.984375 0.152344 0.996094 0.140625 0.996094 0.0898438 0.988281 0.0820312 0.984375 0.0820312 0.976562 0.0742188 0.972656 0.0742188 0.96875 0.0703125
0 0.261719 0.714844 0.257812 0.71875 0.253906 0.71875 0.238281 0.734375 0.238281 0.742188 0.234375 0.746094 0.234375 0.757812 0.238281 0.761719 0.238281 0.773438 0.242188 0.777344 0.242188 0.78125 0.246094 0.785156 0.246094 0.789062 0.261719 0.804688 0.269531 0.804688 0.273438 0.808594 0.28125 0.808594 0.285156 0.8125 0.292969 0.8125 0.296875 0.816406 0.3125 0.816406 0.328125 0.800781 0.328125 0.757812 0.332031 0.753906 0.332031 0.742188 0.320312 0.730469 0.316406 0.730469 0.304688 0.71875 0.300781 0.71875 0.296875 0.714844
0 0.238281 0.929688 0.234375 0.933594 0.230469 0.933594 0.222656 0.941406 0.226562 0.945312 0.226562 0.957031 0.234375 0.964844 0.234375 0.984375 0.230469 0.988281 0.230469 0.992188 0.226562 0.996094 0.316406 0.996094 0.316406 0.980469 0.300781 0.964844 0.292969 0.964844 0.28125 0.953125 0.28125 0.949219 0.277344 0.949219 0.265625 0.9375 0.257812 0.9375 0.25 0.929688
0 0.117188 0.914062 0.101562 0.929688 0.101562 0.9375 0.0976562 0.941406 0.0976562 0.953125 0.101562 0.957031 0.101562 0.964844 0.105469 0.96875 0.105469 0.972656 0.128906 0.996094 0.175781 0.996094 0.183594 0.988281 0.183594 0.984375 0.1875 0.980469 0.1875 0.972656 0.191406 0.96875 0.191406 0.960938 0.1875 0.957031 0.1875 0.945312 0.183594 0.941406 0.183594 0.9375 0.167969 0.921875 0.164062 0.921875 0.160156 0.917969 0.15625 0.917969 0.152344 0.914062
0 0.765625 0 0.769531 0.00390625 0.769531 0.0117188 0.773438 0.015625 0.773438 0.0195312 0.777344 0.0234375 0.777344 0.0273438 0.78125 0.03125 0.78125 0.0351562 0.789062 0.0429688 0.792969 0.0429688 0.796875 0.046875 0.828125 0.046875 0.832031 0.0429688 0.835938 0.0429688 0.847656 0.03125 0.847656 0.0273438 0.851562 0.0234375 0.851562 0.0195312 0.855469 0.015625 0.855469 0.00390625 0.859375 0
0 0.242188 0.824219 0.238281 0.828125 0.230469 0.828125 0.226562 0.832031 0.21875 0.832031 0.203125 0.847656 0.203125 0.851562 0.199219 0.855469 0.199219 0.875 0.207031 0.882812 0.207031 0.894531 0.210938 0.894531 0.214844 0.898438 0.21875 0.898438 0.222656 0.902344 0.238281 0.902344 0.242188 0.90625 0.246094 0.902344 0.25 0.902344 0.253906 0.898438 0.257812 0.898438 0.261719 0.894531 0.265625 0.894531 0.269531 0.890625 0.269531 0.886719 0.273438 0.882812 0.273438 0.878906 0.28125 0.871094 0.28125 0.867188 0.285156 0.863281 0.285156 0.839844 0.269531 0.824219
0 0.28125 0.484375 0.28125 0.488281 0.273438 0.496094 0.265625 0.496094 0.261719 0.5 0.25 0.5 0.246094 0.503906 0.242188 0.503906 0.238281 0.507812 0.234375 0.507812 0.226562 0.515625 0.226562 0.519531 0.21875 0.527344 0.21875 0.535156 0.214844 0.539062 0.214844 0.574219 0.21875 0.578125 0.21875 0.582031 0.222656 0.585938 0.222656 0.589844 0.230469 0.597656 0.234375 0.597656 0.238281 0.601562 0.273438 0.601562 0.277344 0.597656 0.285156 0.597656 0.289062 0.59375 0.292969 0.59375 0.308594 0.578125 0.308594 0.570312 0.3125 0.566406 0.3125 0.558594 0.328125 0.542969 0.332031 0.542969 0.324219 0.542969 0.304688 0.523438 0.300781 0.523438 0.289062 0.511719 0.289062 0.5 0.28125 0.492188
0 0.992188 0.878906 0.988281 0.882812 0.984375 0.882812 0.96875 0.898438 0.96875 0.902344 0.964844 0.90625 0.964844 0.910156 0.960938 0.914062 0.960938 0.921875 0.957031 0.925781 0.957031 0.945312 0.960938 0.949219 0.960938 0.957031 0.964844 0.960938 0.964844 0.96875 0.96875 0.972656 0.96875 0.976562 0.976562 0.984375 0.976562 0.988281 0.980469 0.988281 0.988281 0.996094 0.996094 0.996094 0.996094 0.878906
0 0.796875 0.113281 0.792969 0.117188 0.785156 0.117188 0.78125 0.121094 0.777344 0.121094 0.765625 0.132812 0.765625 0.136719 0.761719 0.140625 0.761719 0.167969 0.765625 0.171875 0.765625 0.175781 0.769531 0.179688 0.769531 0.183594 0.785156 0.199219 0.789062 0.199219 0.792969 0.203125 0.800781 0.203125 0.804688 0.207031 0.828125 0.207031 0.832031 0.203125 0.839844 0.203125 0.847656 0.195312 0.851562 0.195312 0.863281 0.183594 0.863281 0.179688 0.867188 0.175781 0.867188 0.144531 0.863281 0.140625 0.863281 0.136719 0.859375 0.132812 0.859375 0.128906 0.847656 0.117188 0.84375 0.117188 0.839844 0.113281
0 0.710938 0.457031 0.707031 0.460938 0.699219 0.460938 0.691406 0.46875 0.691406 0.511719 0.695312 0.515625 0.699219 0.515625 0.707031 0.523438 0.707031 0.527344 0.710938 0.53125 0.71875 0.53125 0.722656 0.535156 0.738281 0.535156 0.742188 0.53125 0.746094 0.53125 0.75 0.527344 0.753906 0.527344 0.757812 0.523438 0.761719 0.523438 0.769531 0.515625 0.773438 0.515625 0.777344 0.511719 0.777344 0.480469 0.773438 0.476562 0.765625 0.476562 0.761719 0.472656 0.761719 0.46875 0.757812 0.464844 0.753906 0.464844 0.746094 0.457031
0 0.5 0.117188 0.496094 0.121094 0.488281 0.121094 0.476562 0.132812 0.476562 0.144531 0.472656 0.148438 0.472656 0.160156 0.46875 0.164062 0.46875 0.171875 0.464844 0.175781 0.464844 0.199219 0.46875 0.203125 0.46875 0.207031 0.480469 0.21875 0.503906 0.21875 0.507812 0.214844 0.515625 0.214844 0.519531 0.210938 0.523438 0.210938 0.539062 0.195312 0.539062 0.191406 0.542969 0.1875 0.542969 0.183594 0.546875 0.179688 0.546875 0.140625 0.542969 0.136719 0.542969 0.132812 0.535156 0.125 0.53125 0.125 0.523438 0.117188
0 0.0585938 0.574219 0.0546875 0.578125 0.046875 0.578125 0.0273438 0.597656 0.0273438 0.601562 0.0234375 0.605469 0.0234375 0.609375 0.0195312 0.613281 0.0195312 0.617188 0.0273438 0.625 0.0273438 0.632812 0.03125 0.636719 0.03125 0.640625 0.0390625 0.648438 0.0390625 0.65625 0.0507812 0.667969 0.0507812 0.671875 0.0546875 0.675781 0.0546875 0.679688 0.0585938 0.683594 0.0625 0.683594 0.0664062 0.6875 0.0820312 0.6875 0.0859375 0.691406 0.09375 0.691406 0.0976562 0.6875 0.109375 0.6875 0.125 0.671875 0.125 0.664062 0.128906 0.660156 0.128906 0.640625 0.125 0.636719 0.125 0.628906 0.121094 0.625 0.121094 0.617188 0.117188 0.613281 0.117188 0.605469 0.113281 0.601562 0.113281 0.597656 0.0976562 0.582031 0.09375 0.582031 0.0898438 0.578125 0.0820312 0.578125 0.078125 0.574219
