0 0.0625 0.6875 0.0546875 0.695312 0.0546875 0.699219 0.0507812 0.703125 0.0507812 0.707031 0.046875 0.710938 0.046875 0.734375 0.0507812 0.734375 0.0546875 0.738281 0.0585938 0.738281 0.0625 0.742188 0.0664062 0.742188 0.0703125 0.746094 0.078125 0.746094 0.078125 0.742188 0.0820312 0.738281 0.0859375 0.738281 0.09375 0.730469 0.0976562 0.730469 0.0976562 0.710938 0.09375 0.707031 0.09375 0.703125 0.0898438 0.699219 0.0898438 0.695312 0.0859375 0.695312 0.0820312 0.691406 0.078125 0.691406 0.0742188 0.6875
0 0.304688 0.710938 0.296875 0.71875 0.292969 0.71875 0.289062 0.722656 0.289062 0.734375 0.300781 0.746094 0.308594 0.746094 0.316406 0.738281 0.320312 0.738281 0.320312 0.734375 0.324219 0.730469 0.324219 0.722656 0.320312 0.71875 0.320312 0.710938
0 0.402344 0.957031 0.398438 0.960938 0.394531 0.960938 0.386719 0.96875 0.382812 0.96875 0.378906 0.972656 0.378906 0.976562 0.375 0.980469 0.375 0.984375 0.371094 0.988281 0.371094 0.996094 0.386719 0.996094 0.390625 0.992188 0.417969 0.992188 0.425781 0.984375 0.425781 0.976562 0.421875 0.972656 0.417969 0.972656 0.414062 0.96875 0.414062 0.960938 0.410156 0.957031
0 0.167969 0.78125 0.167969 0.804688 0.171875 0.808594 0.171875 0.8125 0.179688 0.8125 0.183594 0.816406 0.1875 0.816406 0.191406 0.8125 0.195312 0.8125 0.195312 0.796875 0.191406 0.792969 0.191406 0.789062 0.1875 0.785156 0.175781 0.785156 0.171875 0.78125
0 0.226562 0.628906 0.21875 0.636719 0.21875 0.65625 0.230469 0.667969 0.246094 0.667969 0.25 0.664062 0.253906 0.664062 0.253906 0.640625 0.25 0.640625 0.242188 0.632812 0.238281 0.632812 0.234375 0.628906
0 0.445312 0.976562 0.441406 0.980469 0.4375 0.980469 0.433594 0.984375 0.433594 0.996094 0.476562 0.996094 0.476562 0.988281 0.464844 0.976562
0 0.183594 0.472656 0.167969 0.488281 0.167969 0.519531 0.171875 0.523438 0.171875 0.53125 0.183594 0.542969 0.1875 0.542969 0.191406 0.546875 0.195312 0.546875 0.199219 0.550781 0.214844 0.550781 0.21875 0.546875 0.222656 0.546875 0.234375 0.535156 0.234375 0.53125 0.238281 0.527344 0.238281 0.503906 0.234375 0.503906 0.230469 0.5 0.230469 0.492188 0.21875 0.480469 0.210938 0.480469 0.207031 0.476562 0.203125 0.476562 0.199219 0.472656
0 0.0273438 0.679688 0.0234375 0.683594 0.0234375 0.691406 0.0273438 0.695312 0.0351562 0.695312 0.0390625 0.691406 0.0390625 0.683594 0.0351562 0.679688
0 0.191406 0.71875 0.1875 0.722656 0.179688 0.722656 0.179688 0.730469 0.175781 0.734375 0.171875 0.734375 0.167969 0.738281 0.167969 0.777344 0.171875 0.777344 0.175781 0.78125 0.1875 0.78125 0.191406 0.785156 0.191406 0.78125 0.199219 0.773438 0.203125 0.773438 0.203125 0.769531 0.207031 0.765625 0.207031 0.757812 0.210938 0.753906 0.210938 0.734375 0.195312 0.71875
0 0.0195312 0.699219 0.015625 0.703125 0.015625 0.710938 0.0195312 0.714844 0.0273438 0.714844 0.03125 0.710938 0.03125 0.703125 0.0273438 0.699219
0 0.0351562 0.652344 0.03125 0.65625 0.03125 0.667969 0.0390625 0.675781 0.0507812 0.675781 0.0546875 0.671875 0.0546875 0.664062 0.0429688 0.652344
0 0 0.691406 0 0.714844 0.0117188 0.714844 0.0117188 0.703125 0.015625 0.699219 0.0078125 0.691406
0 0.59375 0.980469 0.589844 0.984375 0.582031 0.984375 0.578125 0.988281 0.574219 0.988281 0.566406 0.996094 0.609375 0.996094 0.609375 0.984375 0.605469 0.984375 0.601562 0.980469
0 0.339844 0.671875 0.332031 0.679688 0.332031 0.699219 0.328125 0.703125 0.332031 0.707031 0.339844 0.707031 0.34375 0.703125 0.347656 0.703125 0.351562 0.699219 0.355469 0.703125 0.359375 0.703125 0.363281 0.707031 0.371094 0.707031 0.371094 0.699219 0.367188 0.695312 0.367188 0.683594 0.359375 0.675781 0.34375 0.675781
0 0.5 0.972656 0.5 0.976562 0.496094 0.980469 0.496094 0.984375 0.492188 0.988281 0.492188 0.996094 0.53125 0.996094 0.53125 0.984375 0.527344 0.980469 0.527344 0.976562 0.523438 0.972656
0 0.183594 0.652344 0.171875 0.664062 0.171875 0.675781 0.175781 0.679688 0.175781 0.683594 0.183594 0.691406 0.199219 0.691406 0.203125 0.6875 0.207031 0.6875 0.210938 0.683594 0.210938 0.660156 0.207031 0.65625 0.207031 0.652344 0.199219 0.652344 0.195312 0.65625 0.191406 0.652344
0 0.589844 0.15625 0.585938 0.160156 0.585938 0.175781 0.578125 0.183594 0.578125 0.191406 0.585938 0.199219 0.605469 0.199219 0.609375 0.195312 0.613281 0.195312 0.617188 0.191406 0.617188 0.160156 0.613281 0.15625
