0 0.125 0.792969 0.121094 0.796875 0.113281 0.796875 0.105469 0.804688 0.105469 0.808594 0.101562 0.8125 0.101562 0.816406 0.0976562 0.820312 0.0976562 0.824219 0.09375 0.828125 0.09375 0.863281 0.0976562 0.863281 0.101562 0.867188 0.101562 0.871094 0.105469 0.871094 0.113281 0.878906 0.132812 0.878906 0.136719 0.875 0.152344 0.875 0.160156 0.867188 0.160156 0.863281 0.164062 0.859375 0.164062 0.855469 0.167969 0.851562 0.167969 0.847656 0.171875 0.84375 0.171875 0.828125 0.167969 0.824219 0.167969 0.816406 0.160156 0.808594 0.160156 0.804688 0.15625 0.800781 0.152344 0.800781 0.144531 0.792969
0 0.789062 0.4375 0.785156 0.441406 0.785156 0.445312 0.792969 0.453125 0.792969 0.457031 0.804688 0.46875 0.8125 0.46875 0.816406 0.464844 0.816406 0.453125 0.800781 0.4375
0 0.902344 0.925781 0.898438 0.929688 0.898438 0.9375 0.894531 0.941406 0.894531 0.964844 0.902344 0.972656 0.914062 0.972656 0.921875 0.964844 0.921875 0.960938 0.925781 0.957031 0.925781 0.953125 0.929688 0.949219 0.929688 0.933594 0.925781 0.929688 0.925781 0.925781
0 0.765625 0.714844 0.761719 0.71875 0.757812 0.71875 0.757812 0.722656 0.753906 0.726562 0.753906 0.753906 0.757812 0.757812 0.761719 0.757812 0.765625 0.761719 0.78125 0.761719 0.789062 0.753906 0.789062 0.742188 0.785156 0.738281 0.785156 0.730469 0.769531 0.714844
0 0.226562 0.0429688 0.21875 0.0507812 0.21875 0.0546875 0.214844 0.0585938 0.210938 0.0585938 0.210938 0.0898438 0.214844 0.0898438 0.222656 0.0976562 0.230469 0.0976562 0.234375 0.101562 0.238281 0.101562 0.238281 0.0976562 0.253906 0.0820312 0.253906 0.078125 0.257812 0.0742188 0.257812 0.0585938 0.242188 0.0429688
0 0.613281 0.34375 0.605469 0.351562 0.605469 0.375 0.609375 0.375 0.613281 0.378906 0.625 0.378906 0.628906 0.375 0.628906 0.367188 0.632812 0.363281 0.632812 0.355469 0.621094 0.34375
0 0.792969 0.460938 0.785156 0.46875 0.773438 0.46875 0.773438 0.484375 0.777344 0.488281 0.78125 0.488281 0.785156 0.492188 0.804688 0.492188 0.808594 0.488281 0.808594 0.472656 0.804688 0.472656
0 0.25 0.0351562 0.246094 0.0390625 0.246094 0.0429688 0.261719 0.0585938 0.261719 0.0625 0.265625 0.0625 0.269531 0.0585938 0.269531 0.046875 0.265625 0.0429688 0.265625 0.0390625 0.261719 0.0390625 0.257812 0.0351562
0 0.296875 0.351562 0.308594 0.351562 0.3125 0.355469 0.3125 0.359375 0.316406 0.359375 0.324219 0.367188 0.324219 0.394531 0.320312 0.398438 0.320312 0.402344 0.316406 0.40625 0.300781 0.40625 0.296875 0.410156 0.292969 0.410156 0.289062 0.414062 0.277344 0.414062 0.269531 0.40625 0.265625 0.40625 0.261719 0.402344 0.261719 0.375 0.277344 0.359375 0.273438 0.363281 0.269531 0.363281 0.265625 0.367188 0.261719 0.367188 0.257812 0.371094 0.25 0.371094 0.246094 0.375 0.246094 0.402344 0.253906 0.410156 0.257812 0.410156 0.265625 0.417969 0.3125 0.417969 0.316406 0.414062 0.320312 0.414062 0.328125 0.40625 0.328125 0.402344 0.332031 0.398438 0.332031 0.378906 0.328125 0.375 0.328125 0.371094 0.324219 0.367188 0.324219 0.363281 0.316406 0.355469 0.3125 0.355469 0.308594 0.351562
0 0.808594 0.667969 0.804688 0.671875 0.800781 0.671875 0.792969 0.679688 0.792969 0.6875 0.789062 0.691406 0.789062 0.71875 0.792969 0.722656 0.792969 0.730469 0.789062 0.734375 0.789062 0.738281 0.792969 0.742188 0.792969 0.75 0.796875 0.75 0.800781 0.753906 0.820312 0.753906 0.824219 0.75 0.828125 0.75 0.832031 0.746094 0.832031 0.742188 0.835938 0.738281 0.835938 0.734375 0.839844 0.730469 0.839844 0.726562 0.84375 0.722656 0.84375 0.691406 0.839844 0.6875 0.839844 0.683594 0.835938 0.679688 0.835938 0.675781 0.832031 0.671875 0.828125 0.671875 0.824219 0.667969
0 0.410156 0.390625 0.40625 0.394531 0.394531 0.394531 0.394531 0.402344 0.390625 0.40625 0.390625 0.410156 0.386719 0.414062 0.386719 0.421875 0.402344 0.4375 0.414062 0.4375 0.417969 0.441406 0.4375 0.441406 0.4375 0.4375 0.445312 0.429688 0.445312 0.414062 0.441406 0.410156 0.441406 0.40625 0.425781 0.390625
0 0.628906 0.539062 0.625 0.542969 0.621094 0.542969 0.609375 0.554688 0.609375 0.566406 0.605469 0.570312 0.605469 0.589844 0.609375 0.589844 0.621094 0.601562 0.625 0.601562 0.628906 0.605469 0.632812 0.605469 0.636719 0.609375 0.644531 0.609375 0.648438 0.605469 0.652344 0.605469 0.65625 0.601562 0.660156 0.605469 0.664062 0.601562 0.667969 0.601562 0.671875 0.597656 0.675781 0.597656 0.683594 0.589844 0.683594 0.570312 0.679688 0.566406 0.679688 0.558594 0.671875 0.550781 0.671875 0.546875 0.667969 0.546875 0.660156 0.539062
0 0.871094 0.851562 0.863281 0.859375 0.863281 0.875 0.867188 0.878906 0.867188 0.882812 0.871094 0.878906 0.898438 0.878906 0.902344 0.875 0.902344 0.859375 0.898438 0.855469 0.886719 0.855469 0.882812 0.851562
0 0.988281 0.597656 0.984375 0.601562 0.980469 0.601562 0.980469 0.605469 0.972656 0.613281 0.972656 0.621094 0.976562 0.625 0.984375 0.625 0.988281 0.628906 0.992188 0.628906 0.992188 0.621094 0.996094 0.617188 0.996094 0.601562 0.992188 0.597656
0 0.613281 0.722656 0.609375 0.726562 0.605469 0.726562 0.605469 0.730469 0.601562 0.734375 0.597656 0.734375 0.597656 0.738281 0.59375 0.742188 0.59375 0.765625 0.601562 0.773438 0.605469 0.773438 0.609375 0.777344 0.621094 0.777344 0.625 0.773438 0.625 0.730469 0.628906 0.726562 0.617188 0.726562
0 0.871094 0.75 0.867188 0.753906 0.863281 0.753906 0.859375 0.757812 0.859375 0.769531 0.855469 0.773438 0.855469 0.785156 0.859375 0.789062 0.859375 0.792969 0.863281 0.796875 0.863281 0.800781 0.875 0.800781 0.878906 0.804688 0.882812 0.804688 0.886719 0.808594 0.890625 0.808594 0.894531 0.804688 0.898438 0.804688 0.914062 0.789062 0.917969 0.789062 0.917969 0.785156 0.921875 0.78125 0.921875 0.777344 0.914062 0.769531 0.910156 0.769531 0.902344 0.761719 0.902344 0.757812 0.898438 0.753906 0.898438 0.75
0 0.789062 0.253906 0.785156 0.257812 0.78125 0.257812 0.777344 0.261719 0.777344 0.273438 0.789062 0.285156 0.8125 0.285156 0.816406 0.28125 0.816406 0.273438 0.8125 0.269531 0.8125 0.261719 0.808594 0.257812 0.804688 0.257812 0.800781 0.253906
0 0.839844 0.359375 0.839844 0.367188 0.84375 0.371094 0.84375 0.375 0.855469 0.386719 0.875 0.386719 0.875 0.378906 0.878906 0.375 0.878906 0.371094 0.875 0.367188 0.875 0.363281 0.871094 0.359375 0.871094 0.371094 0.867188 0.375 0.859375 0.375 0.84375 0.359375
0 0.285156 0.09375 0.285156 0.0976562 0.28125 0.101562 0.28125 0.113281 0.285156 0.117188 0.285156 0.125 0.289062 0.128906 0.289062 0.132812 0.292969 0.136719 0.300781 0.136719 0.304688 0.132812 0.304688 0.121094 0.300781 0.117188 0.300781 0.0976562 0.296875 0.09375
0 0.207031 0.09375 0.207031 0.105469 0.210938 0.109375 0.210938 0.128906 0.214844 0.128906 0.21875 0.132812 0.234375 0.132812 0.238281 0.128906 0.242188 0.128906 0.242188 0.117188 0.238281 0.113281 0.238281 0.109375 0.230469 0.101562 0.222656 0.101562 0.214844 0.09375
0 0.421875 0.105469 0.417969 0.109375 0.414062 0.109375 0.410156 0.113281 0.40625 0.113281 0.40625 0.117188 0.402344 0.121094 0.402344 0.125 0.398438 0.128906 0.398438 0.132812 0.402344 0.136719 0.398438 0.140625 0.398438 0.152344 0.417969 0.171875 0.429688 0.171875 0.433594 0.167969 0.4375 0.167969 0.445312 0.160156 0.445312 0.128906 0.449219 0.125 0.449219 0.121094 0.445312 0.117188 0.445312 0.113281 0.4375 0.105469
0 0 0.347656 0 0.398438 0.00390625 0.398438 0.0078125 0.394531 0.0078125 0.390625 0.0117188 0.386719 0.0117188 0.378906 0.015625 0.375 0.0195312 0.375 0.0195312 0.371094 0.015625 0.367188 0.015625 0.363281 0.0117188 0.359375 0.0078125 0.359375 0 0.351562
0 0.867188 0.914062 0.863281 0.917969 0.855469 0.917969 0.847656 0.925781 0.847656 0.929688 0.839844 0.9375 0.839844 0.941406 0.835938 0.945312 0.839844 0.949219 0.839844 0.960938 0.835938 0.964844 0.839844 0.96875 0.839844 0.972656 0.84375 0.972656 0.847656 0.976562 0.851562 0.976562 0.855469 0.972656 0.867188 0.972656 0.882812 0.957031 0.882812 0.949219 0.890625 0.941406 0.890625 0.925781 0.882812 0.917969 0.878906 0.917969 0.875 0.914062
0 0.246094 0.730469 0.242188 0.734375 0.242188 0.738281 0.238281 0.742188 0.238281 0.765625 0.246094 0.773438 0.246094 0.777344 0.253906 0.785156 0.253906 0.792969 0.261719 0.792969 0.265625 0.796875 0.28125 0.796875 0.285156 0.792969 0.289062 0.792969 0.289062 0.789062 0.292969 0.785156 0.292969 0.777344 0.296875 0.773438 0.292969 0.769531 0.292969 0.753906 0.289062 0.753906 0.269531 0.734375 0.261719 0.734375 0.257812 0.730469
0 0.0664062 0.433594 0.0625 0.4375 0.0585938 0.4375 0.046875 0.449219 0.046875 0.453125 0.0429688 0.457031 0.0429688 0.46875 0.0507812 0.476562 0.0664062 0.476562 0.0703125 0.472656 0.0742188 0.472656 0.078125 0.46875 0.0820312 0.46875 0.0859375 0.464844 0.101562 0.464844 0.101562 0.457031 0.105469 0.453125 0.105469 0.441406 0.0976562 0.441406 0.09375 0.4375 0.0898438 0.4375 0.0859375 0.433594
0 0.671875 0.375 0.664062 0.382812 0.660156 0.382812 0.65625 0.386719 0.65625 0.410156 0.660156 0.414062 0.660156 0.417969 0.664062 0.421875 0.679688 0.421875 0.683594 0.417969 0.6875 0.417969 0.691406 0.414062 0.699219 0.414062 0.699219 0.40625 0.707031 0.398438 0.707031 0.386719 0.703125 0.386719 0.695312 0.378906 0.691406 0.378906 0.6875 0.375
0 0.996094 0.714844 0.992188 0.71875 0.988281 0.71875 0.988281 0.726562 0.984375 0.730469 0.984375 0.742188 0.988281 0.742188 0.992188 0.746094 0.992188 0.753906 0.996094 0.753906
0 0.769531 0.445312 0.765625 0.449219 0.765625 0.460938 0.769531 0.464844 0.785156 0.464844 0.789062 0.460938 0.789062 0.453125 0.78125 0.445312
0 0.0195312 0.808594 0.015625 0.8125 0.015625 0.816406 0.0117188 0.820312 0.0117188 0.847656 0.015625 0.851562 0.015625 0.859375 0.0195312 0.859375 0.0234375 0.863281 0.0351562 0.863281 0.0390625 0.867188 0.046875 0.867188 0.0585938 0.855469 0.0585938 0.832031 0.0546875 0.828125 0.0546875 0.824219 0.0507812 0.820312 0.046875 0.820312 0.0390625 0.8125 0.0390625 0.808594
0 0.4375 0.523438 0.433594 0.527344 0.421875 0.527344 0.421875 0.535156 0.417969 0.539062 0.417969 0.546875 0.414062 0.550781 0.414062 0.574219 0.417969 0.578125 0.417969 0.582031 0.425781 0.589844 0.425781 0.597656 0.429688 0.601562 0.4375 0.601562 0.441406 0.605469 0.445312 0.605469 0.449219 0.601562 0.460938 0.601562 0.464844 0.597656 0.46875 0.597656 0.472656 0.59375 0.476562 0.59375 0.480469 0.589844 0.480469 0.585938 0.484375 0.582031 0.484375 0.578125 0.488281 0.574219 0.488281 0.550781 0.484375 0.546875 0.484375 0.539062 0.480469 0.539062 0.472656 0.53125 0.472656 0.527344 0.46875 0.523438
0 0.558594 0.847656 0.554688 0.851562 0.550781 0.851562 0.550781 0.855469 0.546875 0.859375 0.546875 0.871094 0.550781 0.875 0.550781 0.878906 0.554688 0.882812 0.554688 0.886719 0.566406 0.898438 0.585938 0.898438 0.589844 0.894531 0.589844 0.890625 0.597656 0.882812 0.597656 0.875 0.59375 0.875 0.589844 0.871094 0.585938 0.875 0.582031 0.875 0.574219 0.867188 0.574219 0.851562 0.570312 0.847656
0 0.765625 0.277344 0.761719 0.28125 0.761719 0.304688 0.765625 0.308594 0.789062 0.308594 0.792969 0.304688 0.800781 0.304688 0.804688 0.300781 0.804688 0.292969 0.800781 0.289062 0.789062 0.289062 0.777344 0.277344
0 0.820312 0.851562 0.820312 0.855469 0.816406 0.859375 0.816406 0.875 0.832031 0.875 0.835938 0.871094 0.835938 0.855469 0.832031 0.851562
0 0.144531 0.214844 0.140625 0.21875 0.136719 0.21875 0.128906 0.226562 0.125 0.226562 0.121094 0.230469 0.121094 0.238281 0.117188 0.242188 0.117188 0.25 0.113281 0.253906 0.113281 0.277344 0.117188 0.28125 0.117188 0.285156 0.121094 0.289062 0.121094 0.292969 0.125 0.292969 0.132812 0.300781 0.136719 0.300781 0.140625 0.304688 0.179688 0.304688 0.179688 0.300781 0.1875 0.292969 0.1875 0.289062 0.191406 0.285156 0.191406 0.273438 0.195312 0.269531 0.195312 0.242188 0.191406 0.238281 0.191406 0.234375 0.1875 0.230469 0.179688 0.230469 0.175781 0.226562 0.175781 0.222656 0.167969 0.214844
0 0.648438 0.234375 0.644531 0.238281 0.644531 0.253906 0.648438 0.257812 0.644531 0.261719 0.644531 0.273438 0.648438 0.273438 0.652344 0.277344 0.671875 0.277344 0.683594 0.265625 0.6875 0.265625 0.6875 0.242188 0.679688 0.234375 0.667969 0.234375 0.664062 0.238281 0.660156 0.234375
0 0.0664062 0.0742188 0.0625 0.078125 0.0585938 0.078125 0.0585938 0.0859375 0.046875 0.0976562 0.0429688 0.0976562 0.0429688 0.113281 0.046875 0.117188 0.046875 0.121094 0.0546875 0.128906 0.0625 0.128906 0.0664062 0.132812 0.0859375 0.132812 0.0898438 0.128906 0.09375 0.128906 0.101562 0.121094 0.101562 0.117188 0.105469 0.113281 0.105469 0.0976562 0.101562 0.09375 0.101562 0.0898438 0.09375 0.0820312 0.09375 0.078125 0.0898438 0.0742188
0 0.535156 0.953125 0.53125 0.957031 0.527344 0.957031 0.523438 0.960938 0.523438 0.96875 0.527344 0.972656 0.527344 0.976562 0.535156 0.984375 0.554688 0.984375 0.558594 0.980469 0.5625 0.980469 0.570312 0.972656 0.574219 0.972656 0.574219 0.964844 0.566406 0.957031 0.558594 0.957031 0.554688 0.953125
0 0.390625 0.4375 0.386719 0.441406 0.386719 0.445312 0.394531 0.445312 0.402344 0.453125 0.410156 0.453125 0.410156 0.441406 0.402344 0.441406 0.398438 0.4375
0 0.269531 0 0.265625 0.00390625 0.261719 0.00390625 0.261719 0.0117188 0.265625 0.015625 0.273438 0.015625 0.277344 0.0117188 0.28125 0.0117188 0.285156 0.0078125 0.296875 0.0078125 0.296875 0.00390625 0.300781 0
0 0.847656 0.320312 0.84375 0.324219 0.839844 0.324219 0.835938 0.328125 0.835938 0.332031 0.832031 0.335938 0.832031 0.347656 0.835938 0.351562 0.835938 0.359375 0.839844 0.355469 0.84375 0.355469 0.859375 0.371094 0.867188 0.371094 0.867188 0.359375 0.871094 0.355469 0.875 0.355469 0.875 0.34375 0.871094 0.339844 0.871094 0.335938 0.867188 0.332031 0.867188 0.328125 0.863281 0.324219 0.855469 0.324219 0.851562 0.320312
0 0.617188 0.875 0.617188 0.878906 0.613281 0.882812 0.609375 0.882812 0.601562 0.890625 0.601562 0.894531 0.597656 0.898438 0.59375 0.898438 0.59375 0.910156 0.597656 0.914062 0.597656 0.917969 0.601562 0.921875 0.628906 0.921875 0.632812 0.917969 0.636719 0.917969 0.648438 0.90625 0.648438 0.882812 0.640625 0.875
0 0.316406 0.0859375 0.304688 0.0976562 0.304688 0.117188 0.308594 0.121094 0.308594 0.128906 0.3125 0.132812 0.320312 0.125 0.328125 0.125 0.332031 0.128906 0.332031 0.132812 0.332031 0.121094 0.328125 0.117188 0.328125 0.113281 0.332031 0.109375 0.332031 0.101562 0.328125 0.0976562 0.328125 0.09375 0.324219 0.0898438 0.324219 0.0859375
0 0.644531 0.722656 0.640625 0.726562 0.632812 0.726562 0.628906 0.730469 0.628906 0.777344 0.632812 0.78125 0.632812 0.785156 0.640625 0.785156 0.644531 0.789062 0.660156 0.789062 0.660156 0.785156 0.671875 0.773438 0.671875 0.742188 0.660156 0.730469 0.65625 0.730469 0.652344 0.726562 0.648438 0.726562
0 0.417969 0.515625 0.414062 0.519531 0.414062 0.53125 0.417969 0.53125 0.417969 0.527344 0.421875 0.523438 0.433594 0.523438 0.4375 0.519531 0.433594 0.519531 0.429688 0.515625
0 0.6875 0.679688 0.683594 0.683594 0.679688 0.683594 0.671875 0.691406 0.671875 0.707031 0.675781 0.707031 0.683594 0.714844 0.699219 0.714844 0.703125 0.710938 0.703125 0.707031 0.710938 0.699219 0.710938 0.691406 0.707031 0.6875 0.703125 0.6875 0.695312 0.679688
0 0.257812 0.417969 0.253906 0.421875 0.242188 0.421875 0.238281 0.425781 0.238281 0.457031 0.257812 0.476562 0.285156 0.476562 0.289062 0.472656 0.296875 0.472656 0.316406 0.453125 0.316406 0.449219 0.320312 0.445312 0.320312 0.425781 0.316406 0.421875 0.265625 0.421875 0.261719 0.417969
0 0.261719 0.0664062 0.261719 0.0742188 0.257812 0.078125 0.257812 0.0820312 0.242188 0.0976562 0.242188 0.101562 0.238281 0.105469 0.242188 0.109375 0.25 0.109375 0.257812 0.101562 0.257812 0.0976562 0.261719 0.09375 0.261719 0.0898438 0.265625 0.0859375 0.265625 0.0820312 0.261719 0.078125
0 0.984375 0.566406 0.984375 0.570312 0.980469 0.574219 0.980469 0.578125 0.988281 0.585938 0.996094 0.585938 0.996094 0.566406
0 0.75 0.941406 0.746094 0.945312 0.746094 0.949219 0.742188 0.953125 0.742188 0.972656 0.753906 0.984375 0.769531 0.984375 0.773438 0.980469 0.777344 0.980469 0.777344 0.972656 0.78125 0.96875 0.78125 0.953125 0.777344 0.953125 0.769531 0.945312 0.761719 0.945312 0.757812 0.941406
0 0.285156 0.355469 0.265625 0.375 0.265625 0.402344 0.269531 0.402344 0.277344 0.410156 0.289062 0.410156 0.292969 0.40625 0.296875 0.40625 0.300781 0.402344 0.316406 0.402344 0.316406 0.398438 0.320312 0.394531 0.320312 0.367188 0.316406 0.363281 0.3125 0.363281 0.308594 0.359375 0.308594 0.355469
0 0.0625 0.0117188 0.0585938 0.015625 0.0507812 0.015625 0.0390625 0.0273438 0.0390625 0.03125 0.0351562 0.0351562 0.0351562 0.046875 0.0429688 0.0546875 0.0507812 0.0546875 0.0546875 0.0585938 0.0742188 0.0585938 0.0820312 0.0507812 0.0820312 0.046875 0.0859375 0.0429688 0.0859375 0.0234375 0.078125 0.015625 0.0742188 0.015625 0.0703125 0.0117188
0 0.0546875 0.316406 0.0546875 0.320312 0.0507812 0.324219 0.0429688 0.324219 0.0390625 0.328125 0.0390625 0.339844 0.0429688 0.34375 0.0429688 0.347656 0.0507812 0.355469 0.0546875 0.355469 0.0585938 0.359375 0.0625 0.359375 0.0664062 0.363281 0.0820312 0.363281 0.0859375 0.359375 0.0859375 0.351562 0.0898438 0.347656 0.0898438 0.332031 0.0742188 0.316406
0 0.886719 0.667969 0.882812 0.671875 0.878906 0.671875 0.878906 0.675781 0.875 0.679688 0.875 0.691406 0.878906 0.695312 0.878906 0.703125 0.894531 0.71875 0.902344 0.71875 0.90625 0.714844 0.90625 0.683594 0.902344 0.679688 0.902344 0.675781 0.898438 0.671875 0.890625 0.671875
0 0.703125 0.410156 0.703125 0.414062 0.699219 0.417969 0.691406 0.417969 0.6875 0.421875 0.6875 0.429688 0.699219 0.429688 0.707031 0.421875 0.707031 0.410156
0 0.542969 0.242188 0.539062 0.246094 0.53125 0.246094 0.523438 0.253906 0.519531 0.253906 0.519531 0.257812 0.507812 0.269531 0.507812 0.277344 0.503906 0.28125 0.507812 0.285156 0.507812 0.300781 0.515625 0.308594 0.515625 0.3125 0.519531 0.316406 0.546875 0.316406 0.550781 0.3125 0.554688 0.3125 0.558594 0.308594 0.5625 0.308594 0.574219 0.296875 0.578125 0.296875 0.582031 0.292969 0.582031 0.265625 0.578125 0.261719 0.578125 0.257812 0.574219 0.257812 0.570312 0.253906 0.570312 0.25 0.5625 0.242188
0 0.699219 0.953125 0.695312 0.957031 0.695312 0.960938 0.691406 0.964844 0.691406 0.984375 0.695312 0.988281 0.714844 0.988281 0.71875 0.984375 0.722656 0.984375 0.722656 0.96875 0.71875 0.964844 0.71875 0.960938 0.710938 0.953125
