0 0.632812 0.921875 0.628906 0.925781 0.628906 0.9375 0.632812 0.941406 0.632812 0.945312 0.636719 0.949219 0.640625 0.949219 0.652344 0.960938 0.660156 0.960938 0.664062 0.964844 0.695312 0.964844 0.699219 0.960938 0.699219 0.953125 0.695312 0.949219 0.691406 0.949219 0.6875 0.945312 0.675781 0.945312 0.671875 0.941406 0.667969 0.941406 0.664062 0.9375 0.660156 0.9375 0.648438 0.925781 0.644531 0.925781 0.640625 0.921875
0 0.00390625 0.480469 0 0.484375 0 0.496094 0.0078125 0.503906 0.015625 0.503906 0.0195312 0.5 0.0195312 0.488281 0.0117188 0.480469
0 0.847656 0.792969 0.84375 0.796875 0.839844 0.796875 0.835938 0.800781 0.832031 0.800781 0.824219 0.808594 0.820312 0.808594 0.820312 0.816406 0.824219 0.820312 0.824219 0.832031 0.828125 0.835938 0.828125 0.839844 0.851562 0.839844 0.855469 0.835938 0.859375 0.835938 0.867188 0.828125 0.867188 0.808594 0.863281 0.804688 0.863281 0.796875 0.859375 0.796875 0.855469 0.792969
0 0 0.628906 0 0.644531 0.0117188 0.65625 0.0234375 0.65625 0.0273438 0.652344 0.0273438 0.644531 0.0117188 0.628906
0 0.0390625 0.476562 0.0351562 0.480469 0.03125 0.480469 0.0234375 0.488281 0.0234375 0.5 0.015625 0.507812 0.0117188 0.507812 0.0117188 0.527344 0.0195312 0.535156 0.0234375 0.535156 0.0390625 0.550781 0.0390625 0.554688 0.0429688 0.558594 0.0546875 0.558594 0.0625 0.550781 0.0664062 0.550781 0.0742188 0.542969 0.0742188 0.535156 0.078125 0.53125 0.078125 0.507812 0.0742188 0.503906 0.0742188 0.492188 0.0585938 0.476562
0 0 0.816406 0 0.859375 0.00390625 0.859375 0.0078125 0.855469 0.0078125 0.851562 0.0117188 0.847656 0.0117188 0.824219 0.00390625 0.816406
0 0.03125 0.628906 0.0273438 0.632812 0.0273438 0.640625 0.03125 0.644531 0.0390625 0.644531 0.0429688 0.640625 0.0429688 0.632812 0.0390625 0.628906
0 0.847656 0.613281 0.84375 0.617188 0.84375 0.648438 0.855469 0.660156 0.859375 0.660156 0.859375 0.648438 0.867188 0.640625 0.867188 0.636719 0.863281 0.632812 0.863281 0.617188 0.855469 0.617188 0.851562 0.613281
0 0.527344 0.984375 0.515625 0.996094 0.554688 0.996094 0.550781 0.992188 0.550781 0.988281 0.546875 0.984375
0 0.101562 0.855469 0.09375 0.863281 0.09375 0.867188 0.0898438 0.871094 0.0898438 0.878906 0.09375 0.882812 0.09375 0.886719 0.101562 0.894531 0.117188 0.894531 0.128906 0.882812 0.128906 0.863281 0.121094 0.855469
0 0.960938 0.878906 0.941406 0.898438 0.941406 0.90625 0.945312 0.910156 0.945312 0.925781 0.941406 0.929688 0.941406 0.9375 0.945312 0.941406 0.960938 0.941406 0.964844 0.9375 0.96875 0.9375 0.976562 0.929688 0.980469 0.929688 0.980469 0.925781 0.984375 0.921875 0.984375 0.917969 0.988281 0.914062 0.988281 0.894531 0.980469 0.894531 0.976562 0.890625 0.972656 0.890625
0 0.71875 0.84375 0.703125 0.859375 0.703125 0.875 0.726562 0.898438 0.753906 0.898438 0.765625 0.886719 0.765625 0.851562 0.761719 0.847656 0.757812 0.847656 0.753906 0.84375
0 0.816406 0.652344 0.804688 0.664062 0.804688 0.6875 0.808594 0.691406 0.808594 0.695312 0.8125 0.699219 0.816406 0.699219 0.820312 0.703125 0.824219 0.703125 0.832031 0.710938 0.855469 0.710938 0.863281 0.703125 0.863281 0.699219 0.867188 0.695312 0.867188 0.671875 0.859375 0.664062 0.855469 0.664062 0.847656 0.65625 0.832031 0.65625 0.828125 0.652344
0 0 0.53125 0 0.566406 0.0117188 0.566406 0.015625 0.5625 0.0234375 0.5625 0.0273438 0.558594 0.0273438 0.542969 0.0234375 0.539062 0.0195312 0.539062 0.0117188 0.53125
0 0.621094 0.957031 0.617188 0.960938 0.613281 0.960938 0.609375 0.964844 0.609375 0.96875 0.605469 0.972656 0.605469 0.992188 0.609375 0.996094 0.648438 0.996094 0.648438 0.992188 0.652344 0.988281 0.652344 0.980469 0.648438 0.976562 0.648438 0.972656 0.644531 0.96875 0.644531 0.964844 0.636719 0.957031
