0 0.543945 0.0380859 0.542969 0.0390625 0.540039 0.0390625 0.538086 0.0410156 0.538086 0.0419922 0.537109 0.0429688 0.537109 0.0439453 0.538086 0.0449219 0.538086 0.0458984 0.540039 0.0478516 0.541016 0.0478516 0.541992 0.0488281 0.542969 0.0488281 0.543945 0.0498047 0.544922 0.0498047 0.545898 0.0507812 0.551758 0.0507812 0.553711 0.0488281 0.553711 0.0458984 0.552734 0.0449219 0.552734 0.0429688 0.551758 0.0419922 0.550781 0.0419922 0.549805 0.0410156 0.548828 0.0410156 0.547852 0.0400391 0.546875 0.0400391 0.544922 0.0380859
0 0.522461 0.766602 0.520508 0.768555 0.518555 0.768555 0.518555 0.769531 0.517578 0.770508 0.516602 0.770508 0.516602 0.771484 0.517578 0.772461 0.517578 0.773438 0.518555 0.774414 0.523438 0.774414 0.525391 0.772461 0.525391 0.771484 0.526367 0.770508 0.526367 0.768555 0.525391 0.767578 0.525391 0.766602
0 0.264648 0.0556641 0.263672 0.0566406 0.262695 0.0566406 0.262695 0.0576172 0.261719 0.0585938 0.261719 0.0595703 0.259766 0.0615234 0.259766 0.0693359 0.260742 0.0703125 0.260742 0.0712891 0.261719 0.0722656 0.261719 0.0732422 0.263672 0.0751953 0.264648 0.0751953 0.266602 0.0771484 0.267578 0.0771484 0.268555 0.0761719 0.270508 0.0761719 0.271484 0.0751953 0.271484 0.0742188 0.272461 0.0732422 0.272461 0.0722656 0.273438 0.0712891 0.273438 0.0634766 0.272461 0.0625 0.272461 0.0615234 0.271484 0.0605469 0.271484 0.0585938 0.268555 0.0556641
0 0.612305 0.636719 0.612305 0.638672 0.611328 0.639648 0.611328 0.643555 0.615234 0.643555 0.615234 0.642578 0.616211 0.641602 0.616211 0.636719
0 0.272461 0.392578 0.271484 0.393555 0.270508 0.393555 0.269531 0.394531 0.268555 0.394531 0.265625 0.397461 0.264648 0.397461 0.263672 0.398438 0.263672 0.399414 0.262695 0.400391 0.261719 0.400391 0.260742 0.401367 0.260742 0.402344 0.258789 0.404297 0.258789 0.405273 0.257812 0.40625 0.257812 0.407227 0.256836 0.408203 0.256836 0.412109 0.257812 0.413086 0.257812 0.414062 0.258789 0.415039 0.259766 0.415039 0.260742 0.416016 0.265625 0.416016 0.266602 0.415039 0.268555 0.415039 0.269531 0.414062 0.271484 0.414062 0.272461 0.413086 0.273438 0.413086 0.27832 0.408203 0.27832 0.40625 0.279297 0.405273 0.279297 0.402344 0.280273 0.401367 0.280273 0.398438 0.279297 0.397461 0.27832 0.397461 0.275391 0.394531 0.275391 0.393555 0.273438 0.393555
0 0.720703 0.686523 0.719727 0.6875 0.71875 0.6875 0.717773 0.688477 0.717773 0.691406 0.71875 0.692383 0.72168 0.692383 0.723633 0.69043 0.724609 0.69043 0.725586 0.689453 0.726562 0.689453 0.726562 0.6875 0.725586 0.686523
0 0.942383 0.655273 0.942383 0.658203 0.943359 0.65918 0.943359 0.660156 0.946289 0.660156 0.946289 0.65625 0.945312 0.655273
0 0.525391 0.775391 0.525391 0.783203 0.527344 0.785156 0.53125 0.785156 0.533203 0.783203 0.532227 0.782227 0.532227 0.780273 0.53125 0.779297 0.53125 0.776367 0.530273 0.776367 0.529297 0.775391
0 0.905273 0.611328 0.905273 0.614258 0.90625 0.615234 0.914062 0.615234 0.914062 0.613281 0.912109 0.611328
0 0.646484 0.0986328 0.645508 0.0996094 0.640625 0.0996094 0.639648 0.100586 0.638672 0.100586 0.637695 0.101562 0.636719 0.101562 0.634766 0.103516 0.634766 0.104492 0.633789 0.105469 0.633789 0.106445 0.632812 0.107422 0.632812 0.112305 0.633789 0.113281 0.633789 0.114258 0.636719 0.117188 0.636719 0.118164 0.646484 0.118164 0.647461 0.117188 0.649414 0.117188 0.651367 0.115234 0.652344 0.115234 0.654297 0.113281 0.654297 0.112305 0.65625 0.110352 0.65625 0.103516 0.655273 0.102539 0.655273 0.101562 0.65332 0.0996094 0.652344 0.0996094 0.651367 0.0986328
0 0.716797 0.756836 0.714844 0.758789 0.712891 0.758789 0.710938 0.760742 0.710938 0.761719 0.708984 0.763672 0.708984 0.765625 0.708008 0.766602 0.708008 0.772461 0.708984 0.773438 0.708984 0.775391 0.712891 0.779297 0.713867 0.779297 0.714844 0.780273 0.722656 0.780273 0.722656 0.779297 0.723633 0.77832 0.723633 0.774414 0.724609 0.773438 0.724609 0.758789 0.722656 0.756836
0 0.291016 0.480469 0.291016 0.481445 0.289062 0.483398 0.287109 0.483398 0.287109 0.484375 0.286133 0.485352 0.286133 0.486328 0.285156 0.487305 0.285156 0.488281 0.28418 0.489258 0.28418 0.496094 0.285156 0.49707 0.285156 0.498047 0.289062 0.501953 0.292969 0.501953 0.293945 0.50293 0.300781 0.50293 0.301758 0.501953 0.302734 0.501953 0.303711 0.500977 0.305664 0.500977 0.305664 0.5 0.306641 0.499023 0.306641 0.49707 0.307617 0.496094 0.307617 0.489258 0.306641 0.489258 0.305664 0.488281 0.304688 0.488281 0.303711 0.487305 0.301758 0.487305 0.299805 0.485352 0.298828 0.485352 0.293945 0.480469
0 0.0957031 0.40918 0.0947266 0.410156 0.0927734 0.410156 0.0917969 0.411133 0.0908203 0.411133 0.0898438 0.412109 0.0888672 0.412109 0.0878906 0.413086 0.0869141 0.413086 0.0849609 0.415039 0.0839844 0.415039 0.0830078 0.416016 0.0820312 0.416016 0.0810547 0.416992 0.0800781 0.416992 0.0800781 0.426758 0.0810547 0.427734 0.0810547 0.428711 0.0820312 0.429688 0.0830078 0.429688 0.0859375 0.432617 0.0878906 0.432617 0.0888672 0.433594 0.0947266 0.433594 0.0957031 0.432617 0.0966797 0.432617 0.0976562 0.431641 0.0986328 0.431641 0.105469 0.424805 0.105469 0.423828 0.106445 0.422852 0.106445 0.421875 0.107422 0.420898 0.106445 0.419922 0.106445 0.417969 0.105469 0.416992 0.105469 0.415039 0.104492 0.414062 0.103516 0.414062 0.100586 0.411133 0.0996094 0.411133 0.0986328 0.410156 0.0966797 0.410156
0 0.626953 0.678711 0.626953 0.679688 0.625977 0.680664 0.625977 0.681641 0.624023 0.683594 0.624023 0.68457 0.623047 0.685547 0.623047 0.688477 0.62207 0.689453 0.62207 0.699219 0.624023 0.701172 0.625 0.701172 0.625977 0.702148 0.634766 0.702148 0.636719 0.700195 0.637695 0.700195 0.640625 0.697266 0.640625 0.696289 0.641602 0.695312 0.641602 0.68457 0.638672 0.681641 0.637695 0.681641 0.636719 0.680664 0.634766 0.680664 0.633789 0.679688 0.632812 0.679688 0.631836 0.678711
0 0.626953 0.730469 0.624023 0.733398 0.624023 0.735352 0.625 0.735352 0.625977 0.736328 0.626953 0.736328 0.62793 0.737305 0.629883 0.737305 0.630859 0.736328 0.631836 0.736328 0.631836 0.734375 0.630859 0.733398 0.630859 0.730469
0 0.171875 0.785156 0.170898 0.786133 0.169922 0.786133 0.166016 0.790039 0.165039 0.790039 0.164062 0.791016 0.163086 0.791016 0.162109 0.791992 0.161133 0.791992 0.160156 0.792969 0.15918 0.792969 0.158203 0.793945 0.158203 0.800781 0.15918 0.801758 0.15918 0.802734 0.163086 0.806641 0.164062 0.806641 0.165039 0.807617 0.167969 0.807617 0.168945 0.808594 0.171875 0.808594 0.172852 0.807617 0.175781 0.807617 0.176758 0.806641 0.177734 0.806641 0.178711 0.805664 0.179688 0.805664 0.181641 0.803711 0.181641 0.802734 0.18457 0.799805 0.18457 0.798828 0.185547 0.797852 0.185547 0.790039 0.18457 0.789062 0.18457 0.788086 0.183594 0.788086 0.182617 0.787109 0.181641 0.787109 0.180664 0.786133 0.175781 0.786133 0.174805 0.785156
0 0.607422 0.664062 0.606445 0.665039 0.605469 0.665039 0.602539 0.667969 0.602539 0.668945 0.600586 0.670898 0.600586 0.678711 0.601562 0.679688 0.601562 0.680664 0.602539 0.681641 0.602539 0.683594 0.603516 0.68457 0.604492 0.68457 0.606445 0.686523 0.611328 0.686523 0.611328 0.685547 0.614258 0.682617 0.617188 0.682617 0.617188 0.675781 0.619141 0.673828 0.619141 0.669922 0.618164 0.668945 0.618164 0.667969 0.617188 0.666992 0.617188 0.666016 0.616211 0.665039 0.613281 0.665039 0.612305 0.664062
0 0.604492 0.633789 0.603516 0.634766 0.602539 0.634766 0.602539 0.637695 0.605469 0.637695 0.607422 0.639648 0.610352 0.639648 0.611328 0.638672 0.611328 0.634766 0.610352 0.634766 0.609375 0.633789
0 0.595703 0.566406 0.594727 0.567383 0.591797 0.567383 0.59082 0.568359 0.589844 0.568359 0.587891 0.570312 0.586914 0.570312 0.585938 0.571289 0.585938 0.573242 0.583984 0.575195 0.583984 0.580078 0.584961 0.581055 0.584961 0.583008 0.585938 0.583008 0.586914 0.583984 0.586914 0.584961 0.591797 0.584961 0.592773 0.583984 0.594727 0.583984 0.595703 0.583008 0.59668 0.583008 0.598633 0.581055 0.599609 0.581055 0.600586 0.580078 0.600586 0.579102 0.601562 0.578125 0.601562 0.568359 0.599609 0.566406
0 0.626953 0.449219 0.625977 0.450195 0.625 0.450195 0.624023 0.451172 0.624023 0.453125 0.623047 0.454102 0.62207 0.454102 0.62207 0.466797 0.623047 0.467773 0.623047 0.46875 0.624023 0.46875 0.62793 0.472656 0.637695 0.472656 0.641602 0.46875 0.642578 0.46875 0.642578 0.462891 0.641602 0.461914 0.641602 0.459961 0.640625 0.459961 0.639648 0.458984 0.638672 0.458984 0.637695 0.458008 0.636719 0.458008 0.633789 0.455078 0.633789 0.454102 0.632812 0.454102 0.630859 0.452148 0.630859 0.450195 0.629883 0.449219
0 0.638672 0.839844 0.636719 0.841797 0.635742 0.841797 0.631836 0.845703 0.631836 0.84668 0.629883 0.848633 0.628906 0.848633 0.62793 0.849609 0.62793 0.851562 0.626953 0.852539 0.626953 0.861328 0.62793 0.862305 0.62793 0.863281 0.628906 0.864258 0.628906 0.865234 0.629883 0.866211 0.629883 0.867188 0.630859 0.868164 0.638672 0.868164 0.639648 0.867188 0.640625 0.867188 0.643555 0.864258 0.643555 0.863281 0.645508 0.861328 0.645508 0.860352 0.646484 0.859375 0.646484 0.857422 0.647461 0.856445 0.647461 0.853516 0.648438 0.852539 0.648438 0.84668 0.647461 0.845703 0.647461 0.842773 0.646484 0.841797 0.645508 0.841797 0.643555 0.839844
0 0.552734 0.0546875 0.551758 0.0556641 0.550781 0.0556641 0.550781 0.0615234 0.554688 0.0615234 0.554688 0.0546875
0 0.974609 0.638672 0.973633 0.639648 0.972656 0.639648 0.970703 0.641602 0.969727 0.641602 0.969727 0.642578 0.96875 0.643555 0.96875 0.645508 0.967773 0.646484 0.967773 0.647461 0.964844 0.650391 0.961914 0.650391 0.961914 0.654297 0.962891 0.655273 0.962891 0.65625 0.964844 0.658203 0.967773 0.658203 0.967773 0.657227 0.96875 0.65625 0.969727 0.65625 0.97168 0.654297 0.972656 0.654297 0.973633 0.65332 0.974609 0.65332 0.978516 0.649414 0.979492 0.649414 0.980469 0.648438 0.981445 0.648438 0.982422 0.647461 0.982422 0.645508 0.981445 0.644531 0.981445 0.641602 0.980469 0.640625 0.979492 0.640625 0.978516 0.639648 0.977539 0.639648 0.976562 0.638672
0 0.803711 0 0.803711 0.00195312 0.804688 0.00195312 0.806641 0.00390625 0.807617 0.00390625 0.808594 0.00292969 0.811523 0.00292969 0.8125 0.00195312 0.813477 0.00195312 0.81543 0
0 0.735352 0.662109 0.734375 0.663086 0.734375 0.664062 0.731445 0.666992 0.730469 0.666992 0.729492 0.667969 0.729492 0.671875 0.727539 0.673828 0.727539 0.675781 0.732422 0.680664 0.737305 0.680664 0.738281 0.681641 0.741211 0.681641 0.742188 0.680664 0.746094 0.680664 0.748047 0.678711 0.748047 0.676758 0.749023 0.675781 0.749023 0.668945 0.74707 0.666992 0.746094 0.666992 0.745117 0.666016 0.744141 0.666016 0.743164 0.665039 0.742188 0.665039 0.741211 0.664062 0.740234 0.664062 0.738281 0.662109
0 0.557617 0.0527344 0.555664 0.0546875 0.555664 0.0585938 0.560547 0.0585938 0.561523 0.0576172 0.561523 0.0527344
0 0.619141 0.736328 0.618164 0.737305 0.618164 0.740234 0.619141 0.741211 0.619141 0.742188 0.624023 0.742188 0.624023 0.738281 0.62207 0.736328
0 0.916016 0.616211 0.915039 0.617188 0.914062 0.617188 0.914062 0.620117 0.915039 0.621094 0.919922 0.621094 0.921875 0.619141 0.921875 0.617188 0.920898 0.616211
0 0.898438 0.735352 0.895508 0.738281 0.894531 0.738281 0.894531 0.739258 0.893555 0.740234 0.892578 0.740234 0.891602 0.741211 0.891602 0.743164 0.888672 0.746094 0.888672 0.751953 0.889648 0.75293 0.889648 0.753906 0.891602 0.755859 0.892578 0.755859 0.893555 0.756836 0.901367 0.756836 0.902344 0.755859 0.90332 0.755859 0.904297 0.754883 0.905273 0.754883 0.905273 0.753906 0.90625 0.75293 0.90625 0.750977 0.908203 0.749023 0.908203 0.74707 0.90918 0.746094 0.90918 0.738281 0.907227 0.736328 0.90625 0.736328 0.905273 0.735352
0 0.0771484 0.450195 0.0761719 0.451172 0.0751953 0.451172 0.0742188 0.452148 0.0732422 0.452148 0.0683594 0.457031 0.0683594 0.458984 0.0673828 0.459961 0.0673828 0.466797 0.0742188 0.473633 0.0751953 0.473633 0.0761719 0.474609 0.0820312 0.474609 0.0830078 0.473633 0.0849609 0.473633 0.0849609 0.472656 0.0859375 0.47168 0.0859375 0.470703 0.0869141 0.469727 0.0869141 0.46875 0.0878906 0.467773 0.0878906 0.464844 0.0888672 0.463867 0.0888672 0.461914 0.0878906 0.460938 0.0878906 0.458984 0.0869141 0.458008 0.0869141 0.455078 0.0859375 0.454102 0.0849609 0.454102 0.0839844 0.453125 0.0839844 0.452148 0.0830078 0.451172 0.0791016 0.451172 0.078125 0.450195
0 0.509766 0.345703 0.508789 0.34668 0.507812 0.34668 0.506836 0.347656 0.503906 0.347656 0.500977 0.350586 0.501953 0.351562 0.498047 0.355469 0.498047 0.365234 0.499023 0.366211 0.499023 0.367188 0.5 0.368164 0.500977 0.368164 0.501953 0.369141 0.509766 0.369141 0.510742 0.368164 0.511719 0.368164 0.512695 0.367188 0.514648 0.367188 0.514648 0.366211 0.515625 0.365234 0.516602 0.365234 0.516602 0.364258 0.517578 0.363281 0.517578 0.360352 0.519531 0.358398 0.519531 0.357422 0.518555 0.356445 0.519531 0.355469 0.518555 0.354492 0.518555 0.353516 0.515625 0.350586 0.515625 0.348633 0.513672 0.34668 0.512695 0.34668 0.511719 0.345703
0 0.618164 0.647461 0.617188 0.648438 0.617188 0.65332 0.618164 0.654297 0.624023 0.654297 0.625 0.65332 0.625 0.651367 0.62207 0.648438 0.620117 0.648438 0.619141 0.647461
0 0.714844 0.375 0.713867 0.375977 0.711914 0.375977 0.708008 0.379883 0.708008 0.380859 0.707031 0.381836 0.707031 0.384766 0.708008 0.385742 0.708008 0.389648 0.709961 0.391602 0.712891 0.391602 0.713867 0.392578 0.72168 0.392578 0.726562 0.387695 0.726562 0.385742 0.724609 0.383789 0.724609 0.382812 0.723633 0.381836 0.723633 0.380859 0.722656 0.379883 0.722656 0.378906 0.72168 0.37793 0.72168 0.376953 0.719727 0.375
0 0.624023 0.635742 0.623047 0.636719 0.623047 0.638672 0.624023 0.639648 0.624023 0.640625 0.625 0.641602 0.628906 0.641602 0.628906 0.638672 0.625977 0.635742
0 0.598633 0.683594 0.598633 0.68457 0.597656 0.685547 0.597656 0.686523 0.59668 0.6875 0.59668 0.692383 0.597656 0.693359 0.597656 0.694336 0.598633 0.695312 0.602539 0.695312 0.603516 0.694336 0.603516 0.686523 0.602539 0.685547 0.602539 0.68457 0.601562 0.683594
0 0.710938 0.5625 0.708984 0.564453 0.708984 0.56543 0.708008 0.566406 0.708008 0.568359 0.706055 0.570312 0.706055 0.576172 0.707031 0.577148 0.708984 0.577148 0.711914 0.580078 0.71582 0.580078 0.716797 0.581055 0.717773 0.580078 0.720703 0.580078 0.720703 0.579102 0.72168 0.578125 0.723633 0.578125 0.723633 0.575195 0.724609 0.574219 0.724609 0.573242 0.725586 0.572266 0.725586 0.567383 0.723633 0.56543 0.723633 0.563477 0.72168 0.563477 0.720703 0.5625
0 0.895508 0.610352 0.894531 0.611328 0.894531 0.615234 0.895508 0.616211 0.895508 0.617188 0.899414 0.617188 0.899414 0.616211 0.900391 0.615234 0.901367 0.615234 0.902344 0.614258 0.902344 0.613281 0.90332 0.612305 0.90332 0.610352
0 0.788086 0.646484 0.787109 0.647461 0.787109 0.652344 0.785156 0.654297 0.785156 0.65625 0.790039 0.65625 0.790039 0.655273 0.791992 0.65332 0.791992 0.649414 0.791016 0.648438 0.791016 0.647461 0.790039 0.646484
0 0.643555 0.774414 0.643555 0.775391 0.642578 0.776367 0.642578 0.77832 0.641602 0.779297 0.641602 0.783203 0.643555 0.785156 0.650391 0.785156 0.651367 0.78418 0.651367 0.780273 0.648438 0.780273 0.646484 0.77832 0.646484 0.776367 0.644531 0.774414
0 0.742188 0.599609 0.741211 0.600586 0.736328 0.600586 0.735352 0.601562 0.735352 0.602539 0.733398 0.604492 0.733398 0.605469 0.730469 0.608398 0.730469 0.613281 0.732422 0.615234 0.732422 0.616211 0.735352 0.619141 0.738281 0.619141 0.739258 0.620117 0.740234 0.619141 0.745117 0.619141 0.746094 0.618164 0.74707 0.618164 0.748047 0.617188 0.749023 0.617188 0.75 0.616211 0.75 0.615234 0.749023 0.615234 0.748047 0.614258 0.748047 0.612305 0.75 0.610352 0.75 0.606445 0.749023 0.605469 0.749023 0.604492 0.748047 0.603516 0.749023 0.602539 0.748047 0.601562 0.74707 0.601562 0.746094 0.600586 0.745117 0.600586 0.744141 0.599609
0 0.675781 0.666016 0.674805 0.666992 0.673828 0.666992 0.671875 0.668945 0.671875 0.669922 0.670898 0.670898 0.670898 0.675781 0.673828 0.678711 0.673828 0.679688 0.674805 0.680664 0.674805 0.682617 0.677734 0.685547 0.680664 0.685547 0.681641 0.686523 0.68457 0.686523 0.685547 0.685547 0.685547 0.68457 0.688477 0.681641 0.688477 0.675781 0.68457 0.671875 0.683594 0.671875 0.680664 0.668945 0.680664 0.667969 0.678711 0.666016
0 0.222656 0.617188 0.219727 0.620117 0.219727 0.621094 0.21875 0.62207 0.217773 0.62207 0.217773 0.623047 0.216797 0.624023 0.216797 0.625 0.21582 0.625977 0.21582 0.629883 0.214844 0.630859 0.214844 0.631836 0.21582 0.632812 0.21582 0.633789 0.216797 0.634766 0.224609 0.634766 0.225586 0.633789 0.226562 0.633789 0.228516 0.631836 0.229492 0.631836 0.230469 0.630859 0.230469 0.628906 0.232422 0.626953 0.232422 0.625977 0.233398 0.625 0.233398 0.62207 0.232422 0.621094 0.232422 0.619141 0.230469 0.617188
0 0.8125 0.782227 0.811523 0.783203 0.811523 0.78418 0.810547 0.785156 0.810547 0.787109 0.811523 0.788086 0.811523 0.789062 0.813477 0.789062 0.814453 0.790039 0.81543 0.790039 0.816406 0.791016 0.819336 0.791016 0.819336 0.787109 0.817383 0.785156 0.817383 0.78418 0.816406 0.783203 0.81543 0.783203 0.814453 0.782227
0 0.606445 0.643555 0.604492 0.645508 0.604492 0.650391 0.603516 0.651367 0.603516 0.652344 0.601562 0.654297 0.601562 0.655273 0.599609 0.657227 0.599609 0.660156 0.600586 0.661133 0.604492 0.661133 0.605469 0.660156 0.610352 0.660156 0.611328 0.65918 0.611328 0.657227 0.615234 0.65332 0.615234 0.647461 0.612305 0.644531 0.611328 0.644531 0.610352 0.643555
0 0.789062 0.771484 0.786133 0.774414 0.786133 0.775391 0.783203 0.77832 0.783203 0.779297 0.782227 0.780273 0.782227 0.782227 0.78125 0.783203 0.78125 0.786133 0.780273 0.787109 0.780273 0.789062 0.78125 0.790039 0.78125 0.791992 0.782227 0.792969 0.785156 0.792969 0.786133 0.791992 0.787109 0.791992 0.788086 0.791016 0.789062 0.791016 0.790039 0.790039 0.791016 0.790039 0.791016 0.789062 0.794922 0.785156 0.794922 0.775391 0.793945 0.774414 0.793945 0.773438 0.791992 0.771484 0.791016 0.772461 0.790039 0.771484
0 0.301758 0.0517578 0.301758 0.0527344 0.299805 0.0546875 0.297852 0.0546875 0.295898 0.0566406 0.295898 0.0576172 0.294922 0.0585938 0.293945 0.0585938 0.293945 0.0625 0.295898 0.0644531 0.295898 0.0654297 0.296875 0.0654297 0.299805 0.0683594 0.299805 0.0703125 0.300781 0.0703125 0.301758 0.0712891 0.303711 0.0712891 0.304688 0.0722656 0.310547 0.0722656 0.311523 0.0732422 0.3125 0.0722656 0.314453 0.0722656 0.314453 0.0693359 0.317383 0.0664062 0.318359 0.0664062 0.318359 0.0625 0.320312 0.0605469 0.318359 0.0585938 0.317383 0.0585938 0.313477 0.0546875 0.311523 0.0546875 0.310547 0.0537109 0.306641 0.0537109 0.305664 0.0527344 0.303711 0.0527344 0.302734 0.0517578
0 0.874023 0.00683594 0.874023 0.0078125 0.87207 0.00976562 0.87207 0.0126953 0.876953 0.0126953 0.87793 0.0117188 0.878906 0.0117188 0.878906 0.00878906 0.876953 0.00683594
0 0.65625 0.317383 0.655273 0.318359 0.654297 0.318359 0.654297 0.319336 0.65332 0.320312 0.65332 0.321289 0.651367 0.323242 0.651367 0.324219 0.649414 0.326172 0.649414 0.327148 0.648438 0.328125 0.648438 0.333008 0.649414 0.333984 0.654297 0.333984 0.65625 0.332031 0.657227 0.332031 0.657227 0.331055 0.662109 0.326172 0.662109 0.324219 0.663086 0.323242 0.663086 0.322266 0.662109 0.321289 0.662109 0.320312 0.65918 0.317383
0 0.996094 0.731445 0.993164 0.734375 0.993164 0.738281 0.992188 0.739258 0.992188 0.743164 0.993164 0.744141 0.993164 0.745117 0.994141 0.746094 0.994141 0.748047 0.998047 0.751953 0.998047 0.737305 0.999023 0.736328 0.999023 0.731445
0 0.624023 0.644531 0.624023 0.646484 0.623047 0.647461 0.623047 0.648438 0.625 0.650391 0.626953 0.650391 0.62793 0.649414 0.630859 0.649414 0.631836 0.648438 0.632812 0.648438 0.632812 0.645508 0.631836 0.644531
0 0.913086 0.605469 0.912109 0.606445 0.912109 0.610352 0.913086 0.611328 0.914062 0.611328 0.915039 0.612305 0.920898 0.612305 0.922852 0.614258 0.922852 0.615234 0.924805 0.615234 0.924805 0.610352 0.919922 0.605469
0 0.532227 0.775391 0.532227 0.779297 0.533203 0.780273 0.533203 0.782227 0.537109 0.782227 0.538086 0.78125 0.538086 0.77832 0.536133 0.776367 0.535156 0.776367 0.53418 0.775391
0 0.294922 0.452148 0.293945 0.453125 0.291992 0.453125 0.288086 0.457031 0.287109 0.457031 0.287109 0.464844 0.288086 0.46582 0.288086 0.467773 0.291016 0.470703 0.291992 0.470703 0.293945 0.472656 0.297852 0.472656 0.299805 0.470703 0.300781 0.470703 0.302734 0.46875 0.303711 0.46875 0.304688 0.467773 0.304688 0.46582 0.306641 0.463867 0.306641 0.460938 0.304688 0.458984 0.304688 0.458008 0.303711 0.457031 0.303711 0.455078 0.302734 0.454102 0.301758 0.454102 0.300781 0.453125 0.299805 0.453125 0.298828 0.452148
0 0.59375 0.641602 0.592773 0.642578 0.591797 0.642578 0.59082 0.643555 0.589844 0.643555 0.588867 0.644531 0.588867 0.645508 0.587891 0.646484 0.587891 0.657227 0.588867 0.658203 0.588867 0.65918 0.59082 0.661133 0.591797 0.661133 0.592773 0.662109 0.594727 0.662109 0.595703 0.663086 0.598633 0.663086 0.598633 0.657227 0.600586 0.655273 0.600586 0.654297 0.602539 0.652344 0.602539 0.647461 0.601562 0.646484 0.599609 0.646484 0.597656 0.644531 0.597656 0.641602
0 0.626953 0.722656 0.625977 0.723633 0.625 0.723633 0.625 0.725586 0.625977 0.726562 0.625977 0.727539 0.626953 0.727539 0.62793 0.728516 0.629883 0.728516 0.630859 0.727539 0.630859 0.724609 0.629883 0.723633 0.629883 0.722656
0 0.472656 0.995117 0.47168 0.996094 0.47168 0.999023 0.479492 0.999023 0.479492 0.998047 0.478516 0.99707 0.478516 0.996094 0.477539 0.995117
0 0.933594 0.508789 0.931641 0.510742 0.927734 0.510742 0.925781 0.512695 0.924805 0.512695 0.923828 0.513672 0.924805 0.513672 0.929688 0.518555 0.929688 0.519531 0.930664 0.520508 0.930664 0.521484 0.931641 0.522461 0.931641 0.52832 0.9375 0.52832 0.938477 0.527344 0.943359 0.527344 0.944336 0.526367 0.945312 0.526367 0.946289 0.525391 0.947266 0.525391 0.948242 0.524414 0.949219 0.524414 0.950195 0.523438 0.949219 0.522461 0.948242 0.522461 0.947266 0.521484 0.946289 0.521484 0.941406 0.516602 0.94043 0.516602 0.939453 0.515625 0.939453 0.514648 0.938477 0.513672 0.938477 0.512695 0.93457 0.508789
0 0.655273 0.577148 0.654297 0.578125 0.651367 0.578125 0.649414 0.580078 0.648438 0.580078 0.647461 0.581055 0.647461 0.583008 0.646484 0.583984 0.646484 0.587891 0.645508 0.588867 0.645508 0.589844 0.646484 0.59082 0.646484 0.592773 0.647461 0.59375 0.647461 0.595703 0.648438 0.595703 0.652344 0.599609 0.65332 0.599609 0.654297 0.600586 0.655273 0.600586 0.65625 0.601562 0.65918 0.601562 0.660156 0.600586 0.661133 0.600586 0.662109 0.599609 0.662109 0.597656 0.663086 0.59668 0.663086 0.594727 0.664062 0.59375 0.664062 0.587891 0.663086 0.586914 0.663086 0.584961 0.662109 0.583984 0.662109 0.583008 0.661133 0.582031 0.661133 0.581055 0.660156 0.580078 0.660156 0.579102 0.65918 0.578125 0.658203 0.578125 0.657227 0.577148
0 0.330078 0.402344 0.329102 0.40332 0.328125 0.40332 0.325195 0.40625 0.325195 0.407227 0.324219 0.408203 0.324219 0.411133 0.325195 0.412109 0.326172 0.412109 0.328125 0.414062 0.331055 0.414062 0.332031 0.415039 0.335938 0.415039 0.336914 0.414062 0.337891 0.414062 0.337891 0.413086 0.338867 0.412109 0.338867 0.407227 0.337891 0.40625 0.337891 0.40332 0.336914 0.402344
0 0.000976562 0.719727 0 0.720703 0 0.725586 0.00488281 0.725586 0.00585938 0.724609 0.00683594 0.724609 0.00683594 0.720703 0.00585938 0.720703 0.00488281 0.719727
0 0.226562 0.121094 0.226562 0.12207 0.225586 0.123047 0.224609 0.123047 0.223633 0.12207 0.220703 0.12207 0.219727 0.123047 0.217773 0.123047 0.216797 0.12207 0.21582 0.123047 0.213867 0.123047 0.212891 0.12207 0.211914 0.123047 0.208008 0.123047 0.208008 0.124023 0.208984 0.125 0.208008 0.125977 0.208008 0.12793 0.207031 0.128906 0.208008 0.129883 0.208984 0.129883 0.210938 0.131836 0.210938 0.132812 0.212891 0.134766 0.212891 0.135742 0.213867 0.135742 0.214844 0.136719 0.21875 0.136719 0.219727 0.137695 0.220703 0.137695 0.22168 0.136719 0.226562 0.136719 0.230469 0.132812 0.230469 0.130859 0.231445 0.129883 0.231445 0.12793 0.230469 0.126953 0.230469 0.125977 0.229492 0.125 0.229492 0.123047 0.227539 0.121094
0 0.923828 0 0.923828 0.00195312 0.922852 0.00292969 0.922852 0.00390625 0.923828 0.00488281 0.923828 0.00683594 0.924805 0.0078125 0.924805 0.00878906 0.926758 0.0107422 0.927734 0.0107422 0.928711 0.0117188 0.928711 0.0126953 0.930664 0.0126953 0.931641 0.0136719 0.935547 0.0136719 0.9375 0.0117188 0.938477 0.0117188 0.941406 0.00878906 0.942383 0.00878906 0.942383 0.00488281 0.943359 0.00390625 0.943359 0.00195312 0.944336 0.000976562 0.944336 0
0 0.958984 0.688477 0.958008 0.689453 0.957031 0.689453 0.954102 0.692383 0.954102 0.693359 0.953125 0.694336 0.953125 0.699219 0.952148 0.700195 0.952148 0.703125 0.953125 0.703125 0.955078 0.705078 0.956055 0.705078 0.958008 0.707031 0.958984 0.707031 0.960938 0.708984 0.962891 0.708984 0.967773 0.704102 0.96875 0.704102 0.969727 0.703125 0.969727 0.69043 0.96875 0.689453 0.96582 0.689453 0.964844 0.688477
0 0.544922 0.737305 0.542969 0.739258 0.541992 0.739258 0.541992 0.741211 0.541016 0.742188 0.541016 0.744141 0.540039 0.745117 0.540039 0.750977 0.539062 0.751953 0.539062 0.75293 0.540039 0.753906 0.540039 0.754883 0.542969 0.757812 0.542969 0.758789 0.543945 0.759766 0.543945 0.760742 0.546875 0.763672 0.548828 0.763672 0.549805 0.764648 0.554688 0.764648 0.555664 0.763672 0.556641 0.763672 0.55957 0.760742 0.55957 0.759766 0.560547 0.758789 0.561523 0.758789 0.561523 0.75 0.560547 0.749023 0.560547 0.748047 0.55957 0.74707 0.55957 0.745117 0.558594 0.744141 0.558594 0.742188 0.556641 0.740234 0.555664 0.740234 0.554688 0.739258 0.553711 0.739258 0.551758 0.737305
0 0.544922 0.0537109 0.543945 0.0546875 0.542969 0.0546875 0.541992 0.0556641 0.541992 0.0595703 0.543945 0.0615234 0.544922 0.0615234 0.545898 0.0605469 0.546875 0.0605469 0.547852 0.0615234 0.548828 0.0605469 0.549805 0.0605469 0.549805 0.0566406 0.548828 0.0556641 0.547852 0.0556641 0.545898 0.0537109
0 0.974609 0.686523 0.973633 0.6875 0.972656 0.6875 0.97168 0.688477 0.970703 0.688477 0.970703 0.700195 0.97168 0.701172 0.97168 0.702148 0.972656 0.702148 0.975586 0.705078 0.978516 0.705078 0.979492 0.706055 0.984375 0.706055 0.985352 0.705078 0.986328 0.705078 0.987305 0.704102 0.988281 0.704102 0.988281 0.697266 0.987305 0.696289 0.987305 0.694336 0.985352 0.692383 0.985352 0.691406 0.982422 0.688477 0.981445 0.688477 0.979492 0.686523
0 0.774414 0.745117 0.773438 0.746094 0.768555 0.746094 0.767578 0.74707 0.766602 0.74707 0.766602 0.748047 0.765625 0.749023 0.765625 0.750977 0.763672 0.75293 0.763672 0.758789 0.764648 0.759766 0.764648 0.761719 0.765625 0.762695 0.765625 0.763672 0.766602 0.763672 0.769531 0.766602 0.774414 0.766602 0.776367 0.764648 0.776367 0.763672 0.77832 0.761719 0.77832 0.758789 0.777344 0.757812 0.77832 0.756836 0.77832 0.755859 0.777344 0.754883 0.77832 0.753906 0.777344 0.75293 0.777344 0.748047
0 0.283203 0.522461 0.280273 0.525391 0.280273 0.530273 0.279297 0.53125 0.279297 0.532227 0.280273 0.533203 0.280273 0.535156 0.28125 0.536133 0.28125 0.538086 0.286133 0.542969 0.287109 0.542969 0.288086 0.543945 0.288086 0.544922 0.289062 0.544922 0.290039 0.545898 0.294922 0.545898 0.300781 0.540039 0.299805 0.539062 0.299805 0.537109 0.297852 0.535156 0.297852 0.53418 0.296875 0.533203 0.296875 0.532227 0.294922 0.530273 0.294922 0.529297 0.293945 0.52832 0.292969 0.52832 0.291016 0.526367 0.290039 0.526367 0.287109 0.523438 0.285156 0.523438 0.28418 0.522461
0 0.493164 0.268555 0.492188 0.269531 0.491211 0.269531 0.490234 0.270508 0.490234 0.271484 0.488281 0.273438 0.488281 0.275391 0.486328 0.277344 0.485352 0.277344 0.485352 0.291016 0.486328 0.291992 0.486328 0.293945 0.487305 0.293945 0.492188 0.298828 0.495117 0.298828 0.496094 0.299805 0.49707 0.298828 0.499023 0.298828 0.5 0.297852 0.500977 0.297852 0.50293 0.295898 0.50293 0.291992 0.503906 0.291016 0.503906 0.28125 0.50293 0.280273 0.50293 0.276367 0.501953 0.275391 0.501953 0.273438 0.498047 0.269531 0.49707 0.269531 0.496094 0.268555
0 0.749023 0.636719 0.748047 0.637695 0.74707 0.637695 0.746094 0.638672 0.745117 0.638672 0.744141 0.639648 0.743164 0.639648 0.742188 0.640625 0.741211 0.640625 0.741211 0.641602 0.740234 0.642578 0.740234 0.644531 0.741211 0.645508 0.741211 0.646484 0.743164 0.648438 0.743164 0.649414 0.744141 0.649414 0.745117 0.650391 0.748047 0.650391 0.748047 0.648438 0.75 0.646484 0.75 0.645508 0.753906 0.641602 0.754883 0.641602 0.754883 0.637695 0.753906 0.637695 0.75293 0.636719
0 0.618164 0.633789 0.618164 0.635742 0.617188 0.636719 0.617188 0.638672 0.62207 0.638672 0.62207 0.636719 0.623047 0.635742 0.623047 0.633789
0 0.935547 0.655273 0.935547 0.660156 0.94043 0.660156 0.94043 0.65625 0.939453 0.655273
0 0.800781 0.628906 0.799805 0.629883 0.798828 0.629883 0.797852 0.630859 0.796875 0.630859 0.794922 0.632812 0.793945 0.632812 0.791992 0.634766 0.791992 0.636719 0.792969 0.636719 0.794922 0.638672 0.797852 0.638672 0.798828 0.639648 0.800781 0.639648 0.801758 0.640625 0.805664 0.640625 0.806641 0.641602 0.80957 0.641602 0.810547 0.640625 0.811523 0.640625 0.8125 0.639648 0.8125 0.633789 0.810547 0.631836 0.80957 0.631836 0.807617 0.629883 0.805664 0.629883 0.804688 0.628906
0 0.500977 0.987305 0.5 0.988281 0.499023 0.988281 0.49707 0.990234 0.49707 0.99707 0.498047 0.99707 0.499023 0.998047 0.499023 0.999023 0.506836 0.999023 0.506836 0.998047 0.505859 0.99707 0.505859 0.994141 0.504883 0.993164 0.504883 0.992188 0.503906 0.991211 0.503906 0.990234 0.50293 0.989258 0.50293 0.988281 0.501953 0.987305
0 0.120117 0.862305 0.119141 0.863281 0.118164 0.863281 0.117188 0.864258 0.116211 0.864258 0.111328 0.869141 0.111328 0.876953 0.112305 0.87793 0.112305 0.878906 0.113281 0.879883 0.113281 0.880859 0.114258 0.881836 0.114258 0.882812 0.116211 0.884766 0.116211 0.885742 0.119141 0.888672 0.124023 0.888672 0.125 0.887695 0.125977 0.887695 0.12793 0.885742 0.128906 0.885742 0.130859 0.883789 0.130859 0.882812 0.132812 0.880859 0.132812 0.878906 0.133789 0.87793 0.133789 0.873047 0.132812 0.87207 0.132812 0.869141 0.131836 0.868164 0.131836 0.867188 0.130859 0.866211 0.130859 0.865234 0.128906 0.863281 0.126953 0.863281 0.125977 0.862305
0 0.893555 0.62207 0.892578 0.623047 0.891602 0.623047 0.890625 0.624023 0.889648 0.624023 0.889648 0.625977 0.888672 0.626953 0.888672 0.632812 0.891602 0.635742 0.891602 0.638672 0.892578 0.639648 0.892578 0.641602 0.893555 0.642578 0.901367 0.642578 0.902344 0.641602 0.90332 0.641602 0.905273 0.639648 0.905273 0.638672 0.90625 0.637695 0.90625 0.630859 0.905273 0.629883 0.905273 0.628906 0.904297 0.62793 0.904297 0.626953 0.899414 0.62207
0 0.617188 0.639648 0.617188 0.642578 0.618164 0.643555 0.618164 0.645508 0.620117 0.647461 0.62207 0.647461 0.623047 0.646484 0.623047 0.639648
0 0.248047 0.719727 0.24707 0.720703 0.242188 0.720703 0.241211 0.72168 0.238281 0.72168 0.236328 0.723633 0.236328 0.724609 0.234375 0.726562 0.234375 0.728516 0.233398 0.729492 0.233398 0.730469 0.234375 0.731445 0.234375 0.737305 0.233398 0.738281 0.233398 0.739258 0.238281 0.744141 0.238281 0.745117 0.24707 0.745117 0.248047 0.744141 0.249023 0.744141 0.25 0.743164 0.250977 0.743164 0.253906 0.740234 0.253906 0.739258 0.254883 0.738281 0.254883 0.737305 0.255859 0.736328 0.255859 0.734375 0.256836 0.733398 0.256836 0.730469 0.255859 0.729492 0.255859 0.725586 0.251953 0.72168 0.250977 0.72168 0.25 0.720703 0.249023 0.720703
0 0.588867 0.677734 0.587891 0.678711 0.584961 0.678711 0.583008 0.680664 0.583008 0.681641 0.582031 0.682617 0.581055 0.682617 0.580078 0.683594 0.580078 0.68457 0.579102 0.685547 0.579102 0.6875 0.578125 0.688477 0.578125 0.689453 0.577148 0.69043 0.577148 0.694336 0.576172 0.695312 0.576172 0.697266 0.577148 0.698242 0.577148 0.699219 0.579102 0.701172 0.579102 0.702148 0.580078 0.702148 0.582031 0.704102 0.588867 0.704102 0.589844 0.703125 0.592773 0.703125 0.59375 0.702148 0.594727 0.702148 0.597656 0.699219 0.597656 0.698242 0.599609 0.696289 0.598633 0.696289 0.59668 0.694336 0.59668 0.693359 0.595703 0.692383 0.595703 0.6875 0.59668 0.686523 0.59668 0.685547 0.597656 0.68457 0.597656 0.683594 0.598633 0.682617 0.598633 0.680664 0.597656 0.679688 0.595703 0.679688 0.594727 0.678711 0.591797 0.678711 0.59082 0.677734
0 0.347656 0.162109 0.34668 0.163086 0.344727 0.163086 0.34375 0.164062 0.342773 0.164062 0.341797 0.165039 0.34082 0.165039 0.338867 0.166992 0.338867 0.167969 0.337891 0.168945 0.337891 0.169922 0.336914 0.170898 0.336914 0.172852 0.335938 0.173828 0.335938 0.175781 0.336914 0.176758 0.336914 0.177734 0.338867 0.179688 0.339844 0.179688 0.34082 0.180664 0.342773 0.180664 0.34375 0.181641 0.345703 0.181641 0.34668 0.180664 0.351562 0.180664 0.352539 0.179688 0.355469 0.179688 0.360352 0.174805 0.360352 0.173828 0.361328 0.172852 0.361328 0.170898 0.362305 0.169922 0.362305 0.168945 0.361328 0.167969 0.361328 0.166016 0.359375 0.164062 0.358398 0.164062 0.356445 0.162109
0 0.478516 0.972656 0.478516 0.975586 0.480469 0.977539 0.481445 0.977539 0.482422 0.978516 0.485352 0.978516 0.485352 0.973633 0.484375 0.972656
0 0.601562 0.638672 0.600586 0.639648 0.599609 0.639648 0.599609 0.640625 0.598633 0.641602 0.598633 0.644531 0.599609 0.645508 0.603516 0.645508 0.604492 0.644531 0.604492 0.643555 0.606445 0.641602 0.606445 0.639648 0.605469 0.638672
0 0.90918 0.636719 0.908203 0.637695 0.907227 0.637695 0.90625 0.638672 0.90625 0.639648 0.90332 0.642578 0.902344 0.642578 0.902344 0.645508 0.901367 0.646484 0.901367 0.647461 0.902344 0.648438 0.902344 0.650391 0.904297 0.652344 0.907227 0.652344 0.908203 0.65332 0.915039 0.65332 0.916016 0.652344 0.916992 0.652344 0.917969 0.651367 0.920898 0.651367 0.921875 0.650391 0.921875 0.649414 0.922852 0.648438 0.922852 0.647461 0.923828 0.646484 0.923828 0.645508 0.924805 0.644531 0.924805 0.639648 0.922852 0.637695 0.921875 0.637695 0.920898 0.636719
0 0.658203 0.775391 0.657227 0.776367 0.65625 0.776367 0.65625 0.78125 0.657227 0.782227 0.65918 0.782227 0.660156 0.78125 0.660156 0.780273 0.661133 0.779297 0.661133 0.775391
0 0.847656 0.71582 0.84668 0.716797 0.845703 0.716797 0.844727 0.717773 0.84375 0.717773 0.841797 0.719727 0.841797 0.725586 0.842773 0.726562 0.842773 0.727539 0.84668 0.731445 0.847656 0.731445 0.848633 0.732422 0.849609 0.732422 0.850586 0.733398 0.851562 0.733398 0.852539 0.734375 0.855469 0.734375 0.856445 0.735352 0.857422 0.734375 0.858398 0.734375 0.860352 0.732422 0.860352 0.729492 0.859375 0.728516 0.859375 0.724609 0.858398 0.723633 0.858398 0.722656 0.856445 0.720703 0.856445 0.719727 0.854492 0.717773 0.852539 0.717773 0.851562 0.716797 0.848633 0.716797
0 0.621094 0.673828 0.620117 0.674805 0.619141 0.674805 0.618164 0.675781 0.618164 0.681641 0.619141 0.682617 0.62207 0.682617 0.625 0.679688 0.625 0.675781 0.624023 0.674805 0.624023 0.673828
0 0.935547 0.666992 0.933594 0.668945 0.933594 0.670898 0.93457 0.671875 0.93457 0.674805 0.9375 0.674805 0.9375 0.673828 0.939453 0.671875 0.939453 0.668945 0.938477 0.667969 0.938477 0.666992
0 0.5 0.94043 0.498047 0.942383 0.498047 0.951172 0.499023 0.952148 0.499023 0.953125 0.5 0.954102 0.5 0.956055 0.500977 0.957031 0.500977 0.958008 0.503906 0.960938 0.504883 0.960938 0.506836 0.962891 0.507812 0.962891 0.508789 0.963867 0.512695 0.963867 0.513672 0.964844 0.514648 0.963867 0.516602 0.963867 0.518555 0.961914 0.518555 0.958984 0.519531 0.958008 0.519531 0.952148 0.517578 0.950195 0.516602 0.950195 0.515625 0.949219 0.515625 0.948242 0.513672 0.946289 0.512695 0.946289 0.509766 0.943359 0.508789 0.943359 0.507812 0.942383 0.506836 0.942383 0.505859 0.941406 0.504883 0.941406 0.503906 0.94043
0 0.920898 0.242188 0.918945 0.244141 0.918945 0.245117 0.917969 0.246094 0.917969 0.250977 0.918945 0.251953 0.918945 0.253906 0.919922 0.254883 0.919922 0.255859 0.922852 0.258789 0.922852 0.259766 0.923828 0.259766 0.925781 0.261719 0.927734 0.261719 0.928711 0.260742 0.931641 0.260742 0.932617 0.259766 0.933594 0.259766 0.935547 0.257812 0.935547 0.254883 0.93457 0.253906 0.93457 0.25293 0.933594 0.251953 0.933594 0.250977 0.932617 0.25 0.932617 0.249023 0.926758 0.243164 0.924805 0.243164 0.923828 0.242188
0 0.942383 0.736328 0.939453 0.739258 0.939453 0.742188 0.941406 0.744141 0.942383 0.744141 0.943359 0.745117 0.944336 0.745117 0.945312 0.746094 0.948242 0.746094 0.948242 0.745117 0.949219 0.744141 0.949219 0.743164 0.950195 0.742188 0.950195 0.741211 0.949219 0.740234 0.949219 0.739258 0.947266 0.739258 0.945312 0.737305 0.943359 0.737305
0 0.987305 0.941406 0.986328 0.942383 0.986328 0.948242 0.987305 0.949219 0.989258 0.949219 0.989258 0.948242 0.991211 0.946289 0.992188 0.947266 0.992188 0.948242 0.993164 0.949219 0.996094 0.949219 0.99707 0.948242 0.998047 0.948242 0.999023 0.947266 0.999023 0.945312 0.996094 0.945312 0.995117 0.946289 0.992188 0.943359 0.992188 0.942383 0.991211 0.942383 0.990234 0.941406
0 0.0507812 0.397461 0.0498047 0.398438 0.0488281 0.398438 0.0458984 0.401367 0.0458984 0.402344 0.0439453 0.404297 0.0439453 0.405273 0.0429688 0.40625 0.0429688 0.40918 0.0419922 0.410156 0.0419922 0.414062 0.0429688 0.415039 0.0429688 0.416016 0.0449219 0.417969 0.0449219 0.418945 0.046875 0.420898 0.0478516 0.420898 0.0498047 0.422852 0.0556641 0.422852 0.0566406 0.421875 0.0585938 0.421875 0.0595703 0.420898 0.0595703 0.419922 0.0605469 0.418945 0.0605469 0.417969 0.0625 0.416016 0.0625 0.407227 0.0615234 0.40625 0.0615234 0.404297 0.0605469 0.40332 0.0605469 0.402344 0.0576172 0.399414 0.0566406 0.399414 0.0556641 0.398438 0.0537109 0.398438 0.0527344 0.397461
0 0.694336 0.570312 0.693359 0.571289 0.692383 0.571289 0.688477 0.575195 0.6875 0.575195 0.685547 0.577148 0.685547 0.578125 0.68457 0.579102 0.68457 0.582031 0.683594 0.583008 0.683594 0.585938 0.68457 0.586914 0.68457 0.587891 0.685547 0.588867 0.686523 0.588867 0.6875 0.589844 0.6875 0.59082 0.695312 0.59082 0.697266 0.588867 0.698242 0.588867 0.702148 0.584961 0.702148 0.583984 0.703125 0.583008 0.703125 0.579102 0.701172 0.577148 0.701172 0.576172 0.698242 0.573242 0.698242 0.572266 0.697266 0.572266 0.696289 0.571289 0.695312 0.571289
0 0.924805 0.602539 0.924805 0.606445 0.925781 0.607422 0.925781 0.608398 0.927734 0.610352 0.929688 0.610352 0.930664 0.609375 0.930664 0.608398 0.931641 0.607422 0.931641 0.604492 0.930664 0.603516 0.929688 0.603516 0.928711 0.602539
0 0.480469 0.991211 0.478516 0.993164 0.478516 0.995117 0.479492 0.996094 0.479492 0.99707 0.480469 0.998047 0.480469 0.999023 0.488281 0.999023 0.487305 0.998047 0.487305 0.996094 0.486328 0.995117 0.486328 0.994141 0.484375 0.992188 0.483398 0.992188 0.482422 0.991211
0 0.69043 0.630859 0.688477 0.632812 0.6875 0.632812 0.686523 0.633789 0.686523 0.634766 0.685547 0.635742 0.685547 0.637695 0.68457 0.638672 0.685547 0.639648 0.685547 0.640625 0.686523 0.640625 0.689453 0.643555 0.696289 0.643555 0.697266 0.644531 0.702148 0.644531 0.703125 0.643555 0.705078 0.643555 0.707031 0.641602 0.708008 0.641602 0.709961 0.639648 0.709961 0.636719 0.708984 0.636719 0.708008 0.635742 0.708008 0.634766 0.707031 0.634766 0.706055 0.633789 0.706055 0.632812 0.705078 0.631836 0.703125 0.631836 0.702148 0.630859
0 0.299805 0.529297 0.298828 0.530273 0.298828 0.532227 0.299805 0.533203 0.299805 0.53418 0.303711 0.53418 0.303711 0.530273 0.302734 0.529297
0 0.601562 0.722656 0.597656 0.726562 0.597656 0.727539 0.59668 0.728516 0.59668 0.739258 0.597656 0.740234 0.597656 0.742188 0.598633 0.743164 0.598633 0.744141 0.601562 0.74707 0.601562 0.748047 0.603516 0.75 0.605469 0.75 0.606445 0.750977 0.612305 0.750977 0.613281 0.75 0.614258 0.75 0.614258 0.748047 0.615234 0.74707 0.615234 0.738281 0.614258 0.737305 0.614258 0.734375 0.613281 0.733398 0.613281 0.732422 0.612305 0.731445 0.612305 0.730469 0.611328 0.729492 0.611328 0.728516 0.607422 0.724609 0.606445 0.724609 0.604492 0.722656
0 0.375977 0.335938 0.375 0.336914 0.374023 0.336914 0.373047 0.337891 0.371094 0.337891 0.370117 0.338867 0.369141 0.338867 0.366211 0.341797 0.366211 0.342773 0.365234 0.34375 0.365234 0.345703 0.366211 0.34668 0.366211 0.347656 0.368164 0.349609 0.371094 0.349609 0.37207 0.348633 0.373047 0.348633 0.374023 0.347656 0.375977 0.347656 0.37793 0.345703 0.379883 0.345703 0.380859 0.344727 0.381836 0.344727 0.384766 0.341797 0.384766 0.337891 0.383789 0.336914 0.382812 0.336914 0.381836 0.335938
0 0.665039 0.605469 0.665039 0.609375 0.664062 0.610352 0.664062 0.612305 0.665039 0.613281 0.666992 0.613281 0.667969 0.612305 0.668945 0.612305 0.669922 0.611328 0.669922 0.610352 0.670898 0.609375 0.670898 0.606445 0.668945 0.606445 0.667969 0.605469
0 0.614258 0.683594 0.612305 0.685547 0.612305 0.691406 0.613281 0.692383 0.615234 0.692383 0.616211 0.691406 0.617188 0.691406 0.617188 0.69043 0.618164 0.689453 0.618164 0.68457 0.617188 0.683594
0 0.37207 0.195312 0.371094 0.196289 0.370117 0.196289 0.369141 0.197266 0.368164 0.197266 0.367188 0.198242 0.366211 0.198242 0.361328 0.203125 0.361328 0.204102 0.360352 0.205078 0.360352 0.206055 0.359375 0.207031 0.359375 0.208984 0.358398 0.209961 0.358398 0.21582 0.362305 0.219727 0.365234 0.219727 0.366211 0.220703 0.371094 0.220703 0.37207 0.219727 0.373047 0.219727 0.374023 0.21875 0.375 0.21875 0.376953 0.216797 0.37793 0.216797 0.37793 0.21582 0.381836 0.211914 0.381836 0.208984 0.382812 0.208008 0.382812 0.202148 0.381836 0.201172 0.381836 0.200195 0.379883 0.198242 0.379883 0.197266 0.37793 0.195312
0 0.25293 0.0927734 0.251953 0.09375 0.250977 0.09375 0.25 0.0947266 0.25 0.0966797 0.249023 0.0976562 0.249023 0.100586 0.25293 0.104492 0.260742 0.104492 0.262695 0.102539 0.263672 0.102539 0.263672 0.0966797 0.260742 0.09375 0.258789 0.09375 0.257812 0.0927734
0 0.300781 0.427734 0.299805 0.428711 0.297852 0.428711 0.294922 0.431641 0.294922 0.435547 0.293945 0.436523 0.293945 0.441406 0.294922 0.442383 0.294922 0.445312 0.295898 0.446289 0.295898 0.447266 0.298828 0.450195 0.303711 0.450195 0.304688 0.449219 0.305664 0.449219 0.310547 0.444336 0.310547 0.443359 0.311523 0.442383 0.311523 0.44043 0.3125 0.439453 0.3125 0.433594 0.311523 0.432617 0.311523 0.431641 0.310547 0.430664 0.30957 0.430664 0.308594 0.429688 0.307617 0.429688 0.306641 0.428711 0.304688 0.428711 0.303711 0.427734
0 0.862305 0.666992 0.856445 0.672852 0.856445 0.674805 0.855469 0.675781 0.855469 0.677734 0.854492 0.678711 0.854492 0.681641 0.855469 0.682617 0.855469 0.683594 0.856445 0.68457 0.856445 0.685547 0.858398 0.6875 0.858398 0.688477 0.861328 0.691406 0.869141 0.691406 0.870117 0.69043 0.87207 0.69043 0.875977 0.686523 0.875977 0.676758 0.875 0.675781 0.875 0.673828 0.873047 0.671875 0.87207 0.672852 0.871094 0.672852 0.870117 0.671875 0.871094 0.670898 0.871094 0.668945 0.869141 0.666992
0 0.513672 0.763672 0.512695 0.764648 0.512695 0.768555 0.513672 0.769531 0.517578 0.769531 0.517578 0.765625 0.515625 0.763672
0 0.729492 0.384766 0.728516 0.385742 0.728516 0.386719 0.730469 0.388672 0.733398 0.388672 0.734375 0.387695 0.734375 0.386719 0.733398 0.385742 0.733398 0.384766
0 0.907227 0.667969 0.90625 0.668945 0.90625 0.672852 0.905273 0.673828 0.905273 0.678711 0.90625 0.679688 0.90625 0.680664 0.913086 0.680664 0.914062 0.679688 0.915039 0.679688 0.915039 0.678711 0.916016 0.677734 0.916016 0.673828 0.915039 0.672852 0.915039 0.671875 0.912109 0.668945 0.911133 0.668945 0.910156 0.667969
0 0.530273 0.69043 0.529297 0.691406 0.527344 0.691406 0.525391 0.693359 0.524414 0.693359 0.523438 0.694336 0.523438 0.695312 0.522461 0.696289 0.522461 0.697266 0.520508 0.699219 0.520508 0.701172 0.519531 0.702148 0.519531 0.705078 0.521484 0.707031 0.521484 0.708008 0.522461 0.708984 0.522461 0.710938 0.525391 0.713867 0.526367 0.713867 0.527344 0.714844 0.529297 0.714844 0.530273 0.71582 0.532227 0.71582 0.53418 0.713867 0.536133 0.713867 0.540039 0.709961 0.540039 0.708984 0.541016 0.708008 0.541016 0.699219 0.540039 0.698242 0.540039 0.696289 0.539062 0.695312 0.539062 0.694336 0.536133 0.691406 0.535156 0.691406 0.53418 0.69043
0 0.992188 0.706055 0.992188 0.707031 0.991211 0.708008 0.991211 0.712891 0.993164 0.712891 0.994141 0.711914 0.995117 0.711914 0.99707 0.709961 0.99707 0.707031 0.996094 0.706055
0 0.897461 0.605469 0.896484 0.606445 0.896484 0.608398 0.897461 0.609375 0.901367 0.609375 0.902344 0.608398 0.902344 0.606445 0.901367 0.605469
0 0.712891 0.697266 0.711914 0.698242 0.708984 0.698242 0.708008 0.699219 0.707031 0.699219 0.706055 0.700195 0.705078 0.700195 0.704102 0.701172 0.703125 0.701172 0.701172 0.703125 0.701172 0.704102 0.700195 0.705078 0.700195 0.713867 0.701172 0.714844 0.701172 0.71582 0.702148 0.716797 0.702148 0.717773 0.703125 0.71875 0.703125 0.719727 0.704102 0.720703 0.709961 0.720703 0.710938 0.719727 0.711914 0.719727 0.717773 0.713867 0.717773 0.711914 0.71875 0.710938 0.71875 0.709961 0.719727 0.708984 0.719727 0.708008 0.720703 0.707031 0.720703 0.700195 0.719727 0.699219 0.719727 0.698242 0.71875 0.698242 0.717773 0.697266
0 0.654297 0.52832 0.65332 0.529297 0.652344 0.529297 0.652344 0.530273 0.650391 0.532227 0.650391 0.533203 0.649414 0.53418 0.649414 0.538086 0.650391 0.539062 0.650391 0.541016 0.651367 0.541992 0.651367 0.544922 0.652344 0.545898 0.652344 0.546875 0.65332 0.546875 0.655273 0.548828 0.65918 0.548828 0.661133 0.550781 0.663086 0.550781 0.665039 0.548828 0.666016 0.548828 0.666992 0.547852 0.668945 0.547852 0.670898 0.545898 0.670898 0.544922 0.671875 0.543945 0.671875 0.540039 0.670898 0.539062 0.670898 0.537109 0.669922 0.536133 0.669922 0.535156 0.667969 0.535156 0.666992 0.53418 0.666016 0.53418 0.665039 0.533203 0.664062 0.533203 0.662109 0.53125 0.661133 0.53125 0.660156 0.530273 0.65918 0.530273 0.657227 0.52832
0 0.333984 0.65332 0.333008 0.654297 0.331055 0.654297 0.330078 0.655273 0.329102 0.655273 0.327148 0.657227 0.326172 0.657227 0.326172 0.65918 0.324219 0.661133 0.324219 0.662109 0.323242 0.663086 0.323242 0.670898 0.324219 0.671875 0.324219 0.672852 0.326172 0.674805 0.327148 0.674805 0.328125 0.675781 0.332031 0.675781 0.333008 0.676758 0.337891 0.676758 0.338867 0.675781 0.339844 0.675781 0.34082 0.674805 0.342773 0.674805 0.344727 0.672852 0.344727 0.671875 0.347656 0.668945 0.347656 0.666992 0.348633 0.666016 0.348633 0.662109 0.347656 0.661133 0.347656 0.658203 0.34375 0.654297 0.341797 0.654297 0.34082 0.65332
