0 0.304688 0.421875 0.300781 0.425781 0.296875 0.425781 0.292969 0.429688 0.289062 0.429688 0.273438 0.445312 0.273438 0.46875 0.285156 0.480469 0.300781 0.480469 0.304688 0.476562 0.324219 0.476562 0.328125 0.472656 0.335938 0.472656 0.351562 0.457031 0.351562 0.453125 0.347656 0.449219 0.347656 0.425781 0.34375 0.421875
0 0.828125 0.625 0.824219 0.628906 0.820312 0.628906 0.816406 0.632812 0.8125 0.632812 0.808594 0.636719 0.804688 0.636719 0.800781 0.640625 0.800781 0.644531 0.796875 0.648438 0.796875 0.695312 0.8125 0.710938 0.816406 0.710938 0.820312 0.714844 0.828125 0.714844 0.832031 0.71875 0.851562 0.71875 0.855469 0.714844 0.859375 0.714844 0.863281 0.710938 0.867188 0.710938 0.875 0.703125 0.875 0.699219 0.878906 0.695312 0.878906 0.660156 0.875 0.65625 0.875 0.648438 0.867188 0.640625 0.867188 0.636719 0.863281 0.632812 0.859375 0.632812 0.851562 0.625
0 0.726562 0.3125 0.714844 0.324219 0.710938 0.324219 0.707031 0.328125 0.703125 0.328125 0.691406 0.339844 0.691406 0.355469 0.707031 0.371094 0.710938 0.371094 0.714844 0.367188 0.71875 0.367188 0.726562 0.359375 0.726562 0.351562 0.730469 0.347656 0.730469 0.335938 0.734375 0.332031 0.734375 0.324219 0.738281 0.320312 0.738281 0.316406 0.734375 0.3125
0 0.636719 0.398438 0.632812 0.402344 0.617188 0.402344 0.613281 0.40625 0.609375 0.40625 0.59375 0.421875 0.59375 0.429688 0.589844 0.433594 0.589844 0.441406 0.613281 0.464844 0.613281 0.472656 0.617188 0.476562 0.617188 0.484375 0.621094 0.488281 0.625 0.488281 0.628906 0.492188 0.648438 0.492188 0.652344 0.496094 0.664062 0.496094 0.667969 0.5 0.679688 0.5 0.699219 0.480469 0.699219 0.476562 0.703125 0.472656 0.703125 0.460938 0.699219 0.457031 0.699219 0.453125 0.695312 0.449219 0.695312 0.441406 0.691406 0.4375 0.691406 0.414062 0.6875 0.410156 0.683594 0.410156 0.679688 0.40625 0.671875 0.40625 0.667969 0.402344 0.660156 0.402344 0.65625 0.398438
0 0.714844 0 0.714844 0.0117188 0.726562 0.0234375 0.730469 0.0234375 0.734375 0.0273438 0.757812 0.0273438 0.765625 0.0195312 0.769531 0.0195312 0.773438 0.015625 0.773438 0.0117188 0.78125 0.00390625 0.78125 0
0 0.589844 0.15625 0.585938 0.160156 0.578125 0.160156 0.574219 0.164062 0.570312 0.164062 0.554688 0.179688 0.550781 0.179688 0.539062 0.191406 0.539062 0.207031 0.542969 0.210938 0.542969 0.214844 0.546875 0.21875 0.546875 0.222656 0.554688 0.230469 0.558594 0.230469 0.5625 0.234375 0.566406 0.234375 0.570312 0.238281 0.601562 0.238281 0.605469 0.234375 0.609375 0.234375 0.621094 0.222656 0.621094 0.21875 0.625 0.214844 0.625 0.183594 0.613281 0.171875 0.613281 0.167969 0.601562 0.15625
0 0.863281 0.96875 0.859375 0.972656 0.855469 0.972656 0.839844 0.988281 0.839844 0.992188 0.835938 0.996094 0.902344 0.996094 0.902344 0.988281 0.886719 0.972656 0.882812 0.972656 0.878906 0.96875
0 0.0234375 0.375 0.0195312 0.378906 0.015625 0.378906 0 0.394531 0 0.4375 0.0078125 0.445312 0.0078125 0.449219 0.015625 0.457031 0.015625 0.460938 0.0195312 0.464844 0.0234375 0.464844 0.0273438 0.46875 0.0585938 0.46875 0.0625 0.464844 0.0664062 0.464844 0.0703125 0.460938 0.0742188 0.460938 0.078125 0.457031 0.078125 0.453125 0.0859375 0.445312 0.0859375 0.441406 0.0898438 0.4375 0.0898438 0.40625 0.0859375 0.402344 0.0859375 0.398438 0.0703125 0.382812 0.0664062 0.382812 0.0625 0.378906 0.0585938 0.378906 0.0546875 0.375
0 0 0.921875 0 0.964844 0.0078125 0.957031 0.0078125 0.945312 0.0117188 0.941406 0.0117188 0.9375 0.00390625 0.929688 0.00390625 0.925781
0 0.960938 0.488281 0.957031 0.492188 0.953125 0.492188 0.945312 0.5 0.945312 0.503906 0.941406 0.507812 0.941406 0.535156 0.945312 0.539062 0.945312 0.542969 0.957031 0.554688 0.988281 0.554688 0.992188 0.550781 0.996094 0.550781 0.996094 0.488281
0 0.65625 0.0273438 0.652344 0.03125 0.644531 0.03125 0.628906 0.046875 0.628906 0.0546875 0.625 0.0585938 0.625 0.0625 0.628906 0.0664062 0.628906 0.0742188 0.640625 0.0859375 0.644531 0.0859375 0.648438 0.0898438 0.675781 0.0898438 0.679688 0.0859375 0.683594 0.0859375 0.691406 0.078125 0.691406 0.0742188 0.695312 0.0703125 0.695312 0.0546875 0.691406 0.0507812 0.691406 0.046875 0.675781 0.03125 0.667969 0.03125 0.664062 0.0273438
0 0.992188 0.304688 0.988281 0.308594 0.976562 0.308594 0.972656 0.3125 0.96875 0.3125 0.957031 0.324219 0.957031 0.328125 0.953125 0.332031 0.953125 0.335938 0.949219 0.339844 0.949219 0.363281 0.953125 0.367188 0.953125 0.375 0.957031 0.378906 0.957031 0.382812 0.972656 0.398438 0.980469 0.398438 0.984375 0.402344 0.996094 0.402344 0.996094 0.304688
0 0 0.835938 0 0.894531 0.00390625 0.890625 0.00390625 0.886719 0.0078125 0.882812 0.0078125 0.84375
0 0.652344 0.566406 0.640625 0.578125 0.640625 0.597656 0.636719 0.601562 0.636719 0.628906 0.644531 0.636719 0.648438 0.636719 0.652344 0.640625 0.671875 0.640625 0.6875 0.625 0.691406 0.625 0.695312 0.621094 0.695312 0.617188 0.703125 0.609375 0.703125 0.582031 0.699219 0.578125 0.699219 0.574219 0.695312 0.570312 0.679688 0.570312 0.675781 0.566406
0 0.851562 0.542969 0.847656 0.546875 0.84375 0.546875 0.832031 0.558594 0.832031 0.589844 0.835938 0.59375 0.835938 0.597656 0.84375 0.605469 0.855469 0.605469 0.859375 0.609375 0.875 0.609375 0.878906 0.613281 0.886719 0.613281 0.90625 0.59375 0.90625 0.566406 0.902344 0.5625 0.902344 0.558594 0.890625 0.546875 0.886719 0.546875 0.882812 0.542969
0 0.886719 0.738281 0.882812 0.742188 0.878906 0.742188 0.859375 0.761719 0.859375 0.769531 0.855469 0.773438 0.855469 0.804688 0.859375 0.808594 0.859375 0.8125 0.871094 0.824219 0.875 0.824219 0.878906 0.828125 0.882812 0.828125 0.886719 0.832031 0.90625 0.832031 0.910156 0.828125 0.914062 0.828125 0.925781 0.816406 0.929688 0.816406 0.933594 0.8125 0.933594 0.808594 0.9375 0.804688 0.9375 0.792969 0.941406 0.789062 0.941406 0.777344 0.9375 0.773438 0.9375 0.761719 0.929688 0.753906 0.929688 0.75 0.925781 0.746094 0.921875 0.746094 0.917969 0.742188 0.914062 0.742188 0.910156 0.738281
0 0.144531 0.132812 0.140625 0.136719 0.132812 0.136719 0.128906 0.140625 0.125 0.140625 0.117188 0.148438 0.117188 0.152344 0.109375 0.160156 0.109375 0.164062 0.105469 0.167969 0.105469 0.179688 0.109375 0.183594 0.109375 0.1875 0.113281 0.191406 0.113281 0.195312 0.117188 0.199219 0.140625 0.199219 0.144531 0.195312 0.15625 0.195312 0.160156 0.191406 0.175781 0.191406 0.179688 0.1875 0.191406 0.1875 0.195312 0.183594 0.195312 0.160156 0.1875 0.152344 0.1875 0.148438 0.183594 0.144531 0.179688 0.144531 0.171875 0.136719 0.164062 0.136719 0.160156 0.132812
0 0.0742188 0.554688 0.0703125 0.558594 0.0664062 0.558594 0.0585938 0.566406 0.0546875 0.566406 0.046875 0.574219 0.046875 0.578125 0.0390625 0.585938 0.0390625 0.617188 0.0429688 0.621094 0.0429688 0.625 0.046875 0.628906 0.046875 0.632812 0.0585938 0.644531 0.09375 0.644531 0.09375 0.632812 0.101562 0.625 0.105469 0.625 0.125 0.605469 0.144531 0.605469 0.144531 0.585938 0.140625 0.582031 0.140625 0.578125 0.136719 0.574219 0.136719 0.570312 0.132812 0.566406 0.128906 0.566406 0.121094 0.558594 0.113281 0.558594 0.109375 0.554688
0 0.734375 0.625 0.730469 0.628906 0.726562 0.628906 0.714844 0.640625 0.714844 0.671875 0.730469 0.6875 0.734375 0.6875 0.738281 0.691406 0.757812 0.691406 0.773438 0.675781 0.773438 0.640625 0.761719 0.628906 0.757812 0.628906 0.753906 0.625
0 0.457031 0.917969 0.4375 0.9375 0.4375 0.941406 0.433594 0.945312 0.433594 0.949219 0.429688 0.953125 0.429688 0.964844 0.433594 0.96875 0.433594 0.996094 0.535156 0.996094 0.535156 0.988281 0.53125 0.984375 0.53125 0.980469 0.527344 0.976562 0.527344 0.972656 0.523438 0.96875 0.523438 0.964844 0.519531 0.960938 0.519531 0.957031 0.515625 0.953125 0.515625 0.945312 0.507812 0.9375 0.503906 0.9375 0.5 0.933594 0.492188 0.933594 0.488281 0.929688 0.484375 0.929688 0.480469 0.925781 0.472656 0.925781 0.46875 0.921875 0.464844 0.921875 0.460938 0.917969
0 0.105469 0.820312 0.101562 0.824219 0.09375 0.824219 0.0898438 0.828125 0.0859375 0.828125 0.078125 0.835938 0.0742188 0.835938 0.0664062 0.84375 0.0664062 0.863281 0.0742188 0.871094 0.0742188 0.875 0.0859375 0.886719 0.109375 0.886719 0.113281 0.882812 0.117188 0.882812 0.125 0.875 0.125 0.863281 0.132812 0.855469 0.132812 0.828125 0.128906 0.824219 0.117188 0.824219 0.113281 0.820312
0 0.664062 0.242188 0.65625 0.25 0.652344 0.25 0.648438 0.253906 0.648438 0.257812 0.652344 0.261719 0.652344 0.277344 0.65625 0.28125 0.65625 0.289062 0.675781 0.308594 0.675781 0.3125 0.6875 0.324219 0.6875 0.332031 0.691406 0.335938 0.703125 0.324219 0.707031 0.324219 0.710938 0.320312 0.714844 0.320312 0.726562 0.308594 0.734375 0.308594 0.734375 0.296875 0.730469 0.292969 0.730469 0.285156 0.726562 0.28125 0.726562 0.273438 0.714844 0.261719 0.710938 0.261719 0.707031 0.257812 0.703125 0.257812 0.695312 0.25 0.691406 0.25 0.683594 0.242188
0 0.195312 0.96875 0.191406 0.972656 0.175781 0.972656 0.171875 0.976562 0.164062 0.976562 0.160156 0.980469 0.160156 0.984375 0.152344 0.992188 0.152344 0.996094 0.257812 0.996094 0.238281 0.976562 0.234375 0.976562 0.230469 0.972656 0.226562 0.972656 0.222656 0.96875
0 0.0078125 0.742188 0 0.75 0 0.824219 0.00390625 0.828125 0.0273438 0.828125 0.03125 0.824219 0.046875 0.824219 0.0585938 0.8125 0.0664062 0.8125 0.0820312 0.796875 0.0898438 0.796875 0.09375 0.792969 0.09375 0.785156 0.0859375 0.777344 0.078125 0.777344 0.0742188 0.773438 0.0703125 0.773438 0.0625 0.765625 0.0585938 0.765625 0.0546875 0.761719 0.0390625 0.761719 0.03125 0.753906 0.0273438 0.753906 0.015625 0.742188
0 0.785156 0.484375 0.78125 0.488281 0.75 0.488281 0.738281 0.5 0.738281 0.503906 0.734375 0.507812 0.734375 0.511719 0.730469 0.515625 0.730469 0.539062 0.734375 0.542969 0.734375 0.550781 0.753906 0.570312 0.785156 0.570312 0.789062 0.566406 0.792969 0.566406 0.796875 0.5625 0.804688 0.5625 0.808594 0.558594 0.8125 0.558594 0.824219 0.546875 0.824219 0.523438 0.820312 0.519531 0.820312 0.511719 0.8125 0.503906 0.8125 0.5 0.796875 0.484375
0 0.59375 0.898438 0.589844 0.902344 0.585938 0.902344 0.5625 0.925781 0.5625 0.9375 0.570312 0.945312 0.574219 0.945312 0.578125 0.949219 0.585938 0.949219 0.589844 0.953125 0.605469 0.953125 0.609375 0.949219 0.613281 0.949219 0.625 0.9375 0.625 0.914062 0.609375 0.898438
0 0.953125 0.84375 0.949219 0.847656 0.941406 0.847656 0.933594 0.855469 0.929688 0.855469 0.917969 0.867188 0.917969 0.890625 0.925781 0.898438 0.929688 0.898438 0.933594 0.902344 0.9375 0.902344 0.941406 0.90625 0.96875 0.90625 0.992188 0.882812 0.996094 0.882812 0.996094 0.863281 0.976562 0.84375
0 0.199219 0.898438 0.191406 0.90625 0.1875 0.90625 0.179688 0.914062 0.179688 0.917969 0.175781 0.921875 0.175781 0.9375 0.191406 0.953125 0.222656 0.953125 0.226562 0.957031 0.242188 0.957031 0.246094 0.960938 0.253906 0.960938 0.257812 0.957031 0.257812 0.941406 0.253906 0.9375 0.253906 0.929688 0.25 0.925781 0.25 0.921875 0.226562 0.898438
0 0.261719 0.492188 0.257812 0.496094 0.25 0.496094 0.246094 0.5 0.238281 0.5 0.230469 0.507812 0.226562 0.507812 0.222656 0.511719 0.222656 0.515625 0.21875 0.519531 0.21875 0.523438 0.214844 0.527344 0.214844 0.558594 0.21875 0.5625 0.21875 0.566406 0.234375 0.582031 0.242188 0.582031 0.246094 0.585938 0.269531 0.585938 0.273438 0.582031 0.28125 0.582031 0.289062 0.574219 0.292969 0.574219 0.308594 0.558594 0.308594 0.546875 0.304688 0.542969 0.304688 0.53125 0.289062 0.515625 0.289062 0.511719 0.269531 0.492188
0 0.53125 0.292969 0.527344 0.296875 0.519531 0.296875 0.507812 0.308594 0.507812 0.3125 0.503906 0.316406 0.503906 0.320312 0.5 0.324219 0.5 0.328125 0.496094 0.332031 0.496094 0.335938 0.5 0.339844 0.5 0.347656 0.503906 0.351562 0.503906 0.355469 0.515625 0.367188 0.519531 0.367188 0.523438 0.371094 0.542969 0.371094 0.546875 0.367188 0.554688 0.367188 0.574219 0.347656 0.574219 0.339844 0.578125 0.335938 0.578125 0.324219 0.574219 0.320312 0.574219 0.3125 0.558594 0.296875 0.550781 0.296875 0.546875 0.292969
0 0.757812 0.367188 0.753906 0.371094 0.75 0.371094 0.738281 0.382812 0.734375 0.382812 0.726562 0.390625 0.722656 0.390625 0.71875 0.394531 0.71875 0.410156 0.714844 0.414062 0.714844 0.429688 0.71875 0.433594 0.71875 0.441406 0.726562 0.449219 0.730469 0.449219 0.746094 0.464844 0.773438 0.464844 0.777344 0.460938 0.789062 0.460938 0.796875 0.453125 0.796875 0.449219 0.800781 0.445312 0.800781 0.441406 0.804688 0.4375 0.804688 0.402344 0.800781 0.398438 0.800781 0.394531 0.785156 0.378906 0.78125 0.378906 0.777344 0.375 0.773438 0.375 0.769531 0.371094 0.765625 0.371094 0.761719 0.367188
0 0.742188 0.0742188 0.738281 0.078125 0.730469 0.078125 0.71875 0.0898438 0.71875 0.09375 0.714844 0.0976562 0.714844 0.121094 0.71875 0.125 0.71875 0.128906 0.726562 0.136719 0.730469 0.136719 0.734375 0.140625 0.738281 0.140625 0.742188 0.144531 0.757812 0.144531 0.761719 0.140625 0.765625 0.140625 0.78125 0.125 0.78125 0.0976562 0.777344 0.09375 0.777344 0.0898438 0.769531 0.0820312 0.765625 0.0820312 0.761719 0.078125 0.757812 0.078125 0.753906 0.0742188
0 0.0273438 0.078125 0.0234375 0.0820312 0.0195312 0.0820312 0.015625 0.0859375 0.0117188 0.0859375 0.00390625 0.09375 0.00390625 0.0976562 0 0.101562 0 0.152344 0.00390625 0.15625 0.00390625 0.160156 0.0117188 0.167969 0.015625 0.167969 0.0234375 0.175781 0.03125 0.175781 0.0351562 0.179688 0.046875 0.179688 0.0507812 0.175781 0.0625 0.175781 0.0664062 0.171875 0.0742188 0.171875 0.0820312 0.164062 0.0820312 0.160156 0.0859375 0.15625 0.0859375 0.148438 0.09375 0.140625 0.09375 0.117188 0.0898438 0.113281 0.0898438 0.105469 0.0859375 0.101562 0.0859375 0.0976562 0.0742188 0.0859375 0.0703125 0.0859375 0.0664062 0.0820312 0.0585938 0.0820312 0.0546875 0.078125
0 0.21875 0.714844 0.214844 0.71875 0.210938 0.71875 0.207031 0.722656 0.203125 0.722656 0.203125 0.730469 0.199219 0.734375 0.199219 0.738281 0.195312 0.742188 0.195312 0.769531 0.199219 0.773438 0.199219 0.777344 0.203125 0.78125 0.203125 0.785156 0.207031 0.789062 0.210938 0.789062 0.21875 0.796875 0.222656 0.796875 0.226562 0.800781 0.277344 0.800781 0.285156 0.792969 0.285156 0.785156 0.289062 0.78125 0.289062 0.773438 0.292969 0.769531 0.292969 0.75 0.285156 0.742188 0.28125 0.742188 0.269531 0.730469 0.269531 0.726562 0.261719 0.71875 0.257812 0.71875 0.253906 0.714844 0.242188 0.714844 0.238281 0.71875 0.226562 0.71875 0.222656 0.714844
0 0.472656 0.558594 0.46875 0.5625 0.464844 0.5625 0.449219 0.578125 0.449219 0.585938 0.445312 0.589844 0.445312 0.605469 0.449219 0.609375 0.464844 0.609375 0.472656 0.617188 0.480469 0.617188 0.488281 0.625 0.492188 0.625 0.496094 0.628906 0.507812 0.628906 0.519531 0.617188 0.519531 0.585938 0.515625 0.582031 0.515625 0.578125 0.5 0.5625 0.496094 0.5625 0.492188 0.558594
0 0.1875 0.648438 0.183594 0.652344 0.179688 0.652344 0.175781 0.65625 0.171875 0.65625 0.160156 0.667969 0.160156 0.671875 0.152344 0.679688 0.152344 0.710938 0.160156 0.71875 0.195312 0.71875 0.199219 0.722656 0.203125 0.71875 0.207031 0.71875 0.210938 0.714844 0.214844 0.714844 0.226562 0.703125 0.226562 0.699219 0.230469 0.695312 0.230469 0.660156 0.226562 0.65625 0.226562 0.652344 0.222656 0.648438
0 0.953125 0 0.953125 0.00390625 0.957031 0.0078125 0.957031 0.0117188 0.960938 0.015625 0.964844 0.015625 0.96875 0.0195312 0.972656 0.0195312 0.976562 0.0234375 0.996094 0.0234375 0.996094 0
0 0.539062 0.449219 0.53125 0.457031 0.53125 0.464844 0.519531 0.476562 0.519531 0.484375 0.515625 0.488281 0.515625 0.507812 0.519531 0.511719 0.519531 0.515625 0.527344 0.523438 0.527344 0.527344 0.53125 0.53125 0.539062 0.53125 0.542969 0.535156 0.550781 0.535156 0.554688 0.539062 0.570312 0.539062 0.574219 0.535156 0.574219 0.53125 0.578125 0.527344 0.578125 0.523438 0.582031 0.519531 0.582031 0.515625 0.589844 0.507812 0.589844 0.5 0.59375 0.496094 0.59375 0.488281 0.589844 0.484375 0.589844 0.476562 0.5625 0.449219
0 0.0742188 0.921875 0.0625 0.933594 0.0585938 0.933594 0.0585938 0.9375 0.0546875 0.941406 0.0546875 0.945312 0.0507812 0.949219 0.0507812 0.972656 0.0585938 0.980469 0.0625 0.980469 0.0664062 0.984375 0.0742188 0.984375 0.078125 0.988281 0.109375 0.988281 0.128906 0.96875 0.128906 0.945312 0.125 0.941406 0.125 0.933594 0.117188 0.925781 0.113281 0.925781 0.109375 0.921875
0 0.460938 0.414062 0.445312 0.429688 0.441406 0.429688 0.433594 0.4375 0.433594 0.503906 0.441406 0.511719 0.445312 0.511719 0.449219 0.515625 0.457031 0.515625 0.460938 0.519531 0.476562 0.519531 0.480469 0.515625 0.488281 0.515625 0.492188 0.511719 0.492188 0.507812 0.496094 0.503906 0.496094 0.496094 0.5 0.492188 0.5 0.484375 0.503906 0.480469 0.503906 0.476562 0.507812 0.472656 0.507812 0.453125 0.511719 0.449219 0.511719 0.4375 0.496094 0.421875 0.492188 0.421875 0.488281 0.417969 0.484375 0.417969 0.480469 0.414062
0 0 0.199219 0 0.292969 0.0078125 0.292969 0.0117188 0.289062 0.015625 0.289062 0.0390625 0.265625 0.0390625 0.257812 0.0429688 0.253906 0.0429688 0.238281 0.0390625 0.234375 0.0390625 0.226562 0.03125 0.21875 0.03125 0.214844 0.0273438 0.210938 0.0234375 0.210938 0.015625 0.203125 0.0117188 0.203125 0.0078125 0.199219
0 0.292969 0.171875 0.289062 0.175781 0.285156 0.175781 0.273438 0.1875 0.273438 0.191406 0.269531 0.195312 0.269531 0.210938 0.273438 0.214844 0.273438 0.222656 0.292969 0.242188 0.304688 0.242188 0.308594 0.246094 0.3125 0.246094 0.316406 0.242188 0.328125 0.242188 0.335938 0.234375 0.335938 0.230469 0.34375 0.222656 0.335938 0.214844 0.335938 0.175781 0.3125 0.175781 0.308594 0.171875
0 0.328125 0.683594 0.324219 0.6875 0.324219 0.691406 0.3125 0.703125 0.3125 0.71875 0.316406 0.722656 0.316406 0.726562 0.3125 0.730469 0.3125 0.75 0.316406 0.753906 0.324219 0.753906 0.328125 0.757812 0.363281 0.757812 0.382812 0.738281 0.382812 0.722656 0.367188 0.707031 0.367188 0.703125 0.347656 0.683594
0 0.425781 0.230469 0.421875 0.234375 0.417969 0.234375 0.414062 0.238281 0.410156 0.238281 0.390625 0.257812 0.390625 0.261719 0.386719 0.265625 0.386719 0.269531 0.382812 0.273438 0.382812 0.28125 0.378906 0.285156 0.378906 0.296875 0.410156 0.328125 0.414062 0.328125 0.417969 0.332031 0.433594 0.332031 0.4375 0.335938 0.441406 0.335938 0.445312 0.339844 0.460938 0.339844 0.464844 0.335938 0.46875 0.335938 0.472656 0.332031 0.472656 0.324219 0.476562 0.320312 0.476562 0.3125 0.484375 0.304688 0.484375 0.300781 0.492188 0.292969 0.492188 0.289062 0.496094 0.285156 0.496094 0.273438 0.492188 0.269531 0.492188 0.261719 0.488281 0.257812 0.488281 0.253906 0.476562 0.242188 0.472656 0.242188 0.46875 0.238281 0.464844 0.238281 0.460938 0.234375 0.453125 0.234375 0.449219 0.230469
0 0.152344 0.839844 0.128906 0.863281 0.128906 0.882812 0.132812 0.886719 0.171875 0.886719 0.183594 0.875 0.183594 0.871094 0.1875 0.867188 0.1875 0.851562 0.183594 0.847656 0.179688 0.847656 0.175781 0.84375 0.171875 0.84375 0.167969 0.839844
0 0.757812 0.785156 0.746094 0.796875 0.742188 0.796875 0.726562 0.8125 0.726562 0.835938 0.738281 0.847656 0.738281 0.851562 0.777344 0.851562 0.789062 0.863281 0.792969 0.863281 0.796875 0.867188 0.808594 0.867188 0.8125 0.863281 0.8125 0.851562 0.816406 0.847656 0.816406 0.832031 0.8125 0.828125 0.8125 0.8125 0.808594 0.808594 0.808594 0.804688 0.789062 0.785156
0 0.207031 0.351562 0.203125 0.355469 0.195312 0.355469 0.191406 0.359375 0.1875 0.359375 0.175781 0.371094 0.175781 0.375 0.171875 0.378906 0.171875 0.382812 0.167969 0.386719 0.167969 0.40625 0.171875 0.410156 0.171875 0.414062 0.175781 0.417969 0.175781 0.421875 0.1875 0.433594 0.191406 0.433594 0.195312 0.4375 0.207031 0.4375 0.210938 0.441406 0.21875 0.441406 0.222656 0.4375 0.230469 0.4375 0.234375 0.433594 0.238281 0.433594 0.246094 0.425781 0.246094 0.421875 0.25 0.417969 0.25 0.414062 0.253906 0.410156 0.253906 0.390625 0.25 0.386719 0.25 0.378906 0.226562 0.355469 0.21875 0.355469 0.214844 0.351562
0 0.742188 0.953125 0.734375 0.960938 0.734375 0.96875 0.726562 0.976562 0.726562 0.996094 0.804688 0.996094 0.804688 0.992188 0.800781 0.988281 0.800781 0.976562 0.796875 0.972656 0.796875 0.96875 0.792969 0.964844 0.789062 0.964844 0.785156 0.960938 0.78125 0.960938 0.777344 0.957031 0.773438 0.957031 0.769531 0.953125
0 0.464844 0.78125 0.460938 0.785156 0.453125 0.785156 0.4375 0.800781 0.4375 0.859375 0.449219 0.871094 0.449219 0.875 0.460938 0.886719 0.476562 0.886719 0.488281 0.875 0.488281 0.863281 0.492188 0.859375 0.492188 0.847656 0.496094 0.84375 0.496094 0.839844 0.503906 0.832031 0.519531 0.832031 0.523438 0.828125 0.523438 0.816406 0.519531 0.8125 0.519531 0.808594 0.515625 0.804688 0.515625 0.800781 0.496094 0.78125
0 0.507812 0.0703125 0.503906 0.0742188 0.492188 0.0742188 0.472656 0.09375 0.472656 0.0976562 0.46875 0.101562 0.46875 0.109375 0.464844 0.113281 0.464844 0.140625 0.46875 0.144531 0.46875 0.152344 0.484375 0.167969 0.492188 0.167969 0.496094 0.171875 0.523438 0.171875 0.535156 0.160156 0.539062 0.160156 0.554688 0.144531 0.554688 0.128906 0.558594 0.125 0.558594 0.121094 0.5625 0.117188 0.5625 0.105469 0.558594 0.101562 0.558594 0.0976562 0.542969 0.0820312 0.539062 0.0820312 0.53125 0.0742188 0.519531 0.0742188 0.515625 0.0703125
0 0.453125 0.636719 0.449219 0.640625 0.4375 0.640625 0.433594 0.644531 0.429688 0.644531 0.425781 0.648438 0.425781 0.65625 0.421875 0.660156 0.421875 0.671875 0.417969 0.675781 0.417969 0.707031 0.433594 0.722656 0.464844 0.722656 0.472656 0.714844 0.472656 0.707031 0.476562 0.703125 0.476562 0.699219 0.488281 0.6875 0.488281 0.675781 0.484375 0.671875 0.484375 0.664062 0.476562 0.65625 0.476562 0.652344 0.472656 0.648438 0.472656 0.644531 0.46875 0.640625 0.464844 0.640625 0.460938 0.636719
0 0.519531 0.699219 0.515625 0.703125 0.507812 0.703125 0.5 0.710938 0.5 0.714844 0.496094 0.71875 0.496094 0.726562 0.492188 0.730469 0.492188 0.753906 0.496094 0.757812 0.496094 0.761719 0.507812 0.773438 0.511719 0.773438 0.515625 0.777344 0.53125 0.777344 0.535156 0.773438 0.542969 0.773438 0.546875 0.769531 0.550781 0.769531 0.5625 0.757812 0.5625 0.753906 0.566406 0.75 0.566406 0.726562 0.5625 0.722656 0.5625 0.71875 0.558594 0.714844 0.558594 0.710938 0.554688 0.707031 0.550781 0.707031 0.546875 0.703125 0.542969 0.703125 0.539062 0.699219
0 0.0664062 0.675781 0.0546875 0.6875 0.0546875 0.691406 0.0507812 0.695312 0.0507812 0.734375 0.0546875 0.738281 0.0703125 0.738281 0.078125 0.746094 0.078125 0.753906 0.0820312 0.757812 0.0976562 0.757812 0.101562 0.753906 0.105469 0.753906 0.109375 0.75 0.113281 0.75 0.117188 0.746094 0.121094 0.746094 0.125 0.742188 0.128906 0.742188 0.132812 0.738281 0.132812 0.734375 0.136719 0.730469 0.136719 0.714844 0.132812 0.710938 0.132812 0.707031 0.128906 0.703125 0.121094 0.703125 0.113281 0.695312 0.113281 0.691406 0.105469 0.683594 0.0976562 0.683594 0.09375 0.679688 0.0898438 0.679688 0.0859375 0.675781
0 0.378906 0.445312 0.375 0.449219 0.371094 0.449219 0.363281 0.457031 0.355469 0.457031 0.339844 0.472656 0.355469 0.472656 0.363281 0.480469 0.367188 0.480469 0.375 0.488281 0.378906 0.488281 0.386719 0.496094 0.390625 0.496094 0.394531 0.492188 0.402344 0.492188 0.40625 0.488281 0.40625 0.480469 0.410156 0.476562 0.410156 0.464844 0.40625 0.460938 0.40625 0.453125 0.398438 0.445312
0 0.960938 0.625 0.957031 0.628906 0.953125 0.628906 0.949219 0.632812 0.945312 0.632812 0.9375 0.640625 0.9375 0.644531 0.933594 0.648438 0.933594 0.652344 0.929688 0.65625 0.929688 0.664062 0.933594 0.667969 0.933594 0.675781 0.9375 0.679688 0.9375 0.683594 0.941406 0.6875 0.941406 0.691406 0.953125 0.703125 0.957031 0.703125 0.960938 0.707031 0.964844 0.707031 0.96875 0.710938 0.972656 0.710938 0.976562 0.714844 0.996094 0.714844 0.996094 0.625
0 0.378906 0.328125 0.375 0.332031 0.371094 0.332031 0.367188 0.335938 0.359375 0.335938 0.355469 0.339844 0.351562 0.339844 0.339844 0.351562 0.339844 0.355469 0.335938 0.359375 0.335938 0.386719 0.34375 0.394531 0.347656 0.394531 0.363281 0.410156 0.367188 0.410156 0.371094 0.414062 0.40625 0.414062 0.410156 0.410156 0.421875 0.410156 0.429688 0.402344 0.429688 0.398438 0.433594 0.394531 0.433594 0.367188 0.417969 0.351562 0.414062 0.351562 0.394531 0.332031 0.390625 0.332031 0.386719 0.328125
0 0.628906 0.511719 0.625 0.515625 0.613281 0.515625 0.605469 0.523438 0.605469 0.53125 0.601562 0.535156 0.601562 0.539062 0.597656 0.542969 0.597656 0.554688 0.601562 0.558594 0.601562 0.570312 0.609375 0.578125 0.613281 0.578125 0.617188 0.582031 0.625 0.582031 0.652344 0.554688 0.65625 0.554688 0.660156 0.550781 0.667969 0.550781 0.675781 0.542969 0.675781 0.527344 0.660156 0.511719
0 0.261719 0.265625 0.257812 0.269531 0.253906 0.269531 0.242188 0.28125 0.242188 0.289062 0.238281 0.292969 0.238281 0.308594 0.242188 0.3125 0.242188 0.316406 0.246094 0.320312 0.246094 0.324219 0.253906 0.332031 0.257812 0.332031 0.261719 0.335938 0.265625 0.335938 0.269531 0.339844 0.304688 0.339844 0.308594 0.335938 0.3125 0.335938 0.324219 0.324219 0.324219 0.320312 0.328125 0.316406 0.328125 0.300781 0.324219 0.296875 0.324219 0.292969 0.308594 0.277344 0.304688 0.277344 0.300781 0.273438 0.296875 0.273438 0.292969 0.269531 0.289062 0.269531 0.285156 0.265625
0 0.347656 0.605469 0.34375 0.609375 0.335938 0.609375 0.3125 0.632812 0.3125 0.636719 0.308594 0.640625 0.308594 0.648438 0.304688 0.652344 0.304688 0.671875 0.308594 0.675781 0.324219 0.675781 0.328125 0.679688 0.347656 0.679688 0.351562 0.683594 0.378906 0.683594 0.382812 0.6875 0.390625 0.6875 0.394531 0.683594 0.394531 0.667969 0.398438 0.664062 0.398438 0.648438 0.402344 0.644531 0.402344 0.632812 0.382812 0.613281 0.378906 0.613281 0.375 0.609375 0.367188 0.609375 0.363281 0.605469
0 0.238281 0.828125 0.234375 0.832031 0.234375 0.835938 0.226562 0.84375 0.226562 0.851562 0.222656 0.855469 0.222656 0.859375 0.238281 0.875 0.242188 0.875 0.246094 0.878906 0.25 0.878906 0.257812 0.886719 0.261719 0.886719 0.273438 0.898438 0.285156 0.898438 0.289062 0.894531 0.292969 0.894531 0.296875 0.890625 0.296875 0.886719 0.300781 0.882812 0.300781 0.867188 0.296875 0.863281 0.296875 0.859375 0.292969 0.855469 0.292969 0.851562 0.269531 0.828125
0 0.152344 0.210938 0.144531 0.21875 0.140625 0.21875 0.132812 0.226562 0.132812 0.25 0.144531 0.261719 0.144531 0.265625 0.152344 0.273438 0.15625 0.273438 0.160156 0.277344 0.195312 0.277344 0.199219 0.273438 0.203125 0.273438 0.214844 0.261719 0.214844 0.226562 0.210938 0.222656 0.210938 0.21875 0.207031 0.214844 0.203125 0.214844 0.199219 0.210938
0 0.558594 0.601562 0.554688 0.605469 0.550781 0.605469 0.542969 0.613281 0.542969 0.617188 0.539062 0.621094 0.539062 0.625 0.535156 0.628906 0.535156 0.644531 0.539062 0.648438 0.539062 0.65625 0.554688 0.671875 0.558594 0.671875 0.5625 0.675781 0.585938 0.675781 0.589844 0.671875 0.59375 0.671875 0.609375 0.65625 0.609375 0.648438 0.605469 0.644531 0.605469 0.632812 0.574219 0.601562
0 0.402344 0.78125 0.398438 0.785156 0.382812 0.785156 0.378906 0.789062 0.371094 0.789062 0.355469 0.804688 0.355469 0.808594 0.351562 0.8125 0.351562 0.855469 0.355469 0.859375 0.355469 0.863281 0.363281 0.871094 0.378906 0.871094 0.386719 0.878906 0.402344 0.878906 0.40625 0.875 0.40625 0.871094 0.414062 0.863281 0.421875 0.863281 0.425781 0.859375 0.425781 0.855469 0.433594 0.847656 0.433594 0.808594 0.425781 0.800781 0.425781 0.796875 0.414062 0.785156 0.410156 0.785156 0.40625 0.78125
0 0.347656 0.898438 0.34375 0.902344 0.335938 0.902344 0.332031 0.90625 0.328125 0.90625 0.324219 0.910156 0.320312 0.910156 0.3125 0.917969 0.3125 0.921875 0.304688 0.929688 0.304688 0.960938 0.308594 0.964844 0.308594 0.972656 0.316406 0.980469 0.316406 0.984375 0.324219 0.992188 0.328125 0.992188 0.332031 0.996094 0.367188 0.996094 0.371094 0.992188 0.378906 0.992188 0.382812 0.988281 0.386719 0.988281 0.417969 0.957031 0.417969 0.9375 0.414062 0.933594 0.414062 0.929688 0.40625 0.921875 0.40625 0.917969 0.394531 0.90625 0.390625 0.90625 0.386719 0.902344 0.378906 0.902344 0.375 0.898438
0 0.890625 0.882812 0.875 0.898438 0.875 0.902344 0.871094 0.90625 0.871094 0.933594 0.882812 0.945312 0.890625 0.945312 0.898438 0.953125 0.902344 0.953125 0.90625 0.957031 0.914062 0.957031 0.917969 0.960938 0.921875 0.960938 0.933594 0.949219 0.933594 0.945312 0.9375 0.941406 0.9375 0.9375 0.933594 0.933594 0.933594 0.921875 0.929688 0.917969 0.929688 0.914062 0.921875 0.90625 0.921875 0.898438 0.914062 0.890625 0.914062 0.882812 0.910156 0.882812 0.90625 0.886719 0.898438 0.886719 0.894531 0.882812
0 0.882812 0 0.882812 0.00390625 0.886719 0.0078125 0.90625 0.0078125 0.910156 0.00390625 0.910156 0
0 0.554688 0 0.554688 0.00390625 0.566406 0.015625 0.570312 0.015625 0.574219 0.0195312 0.589844 0.0195312 0.597656 0.0117188 0.597656 0
0 0.351562 0.164062 0.339844 0.175781 0.339844 0.214844 0.351562 0.226562 0.390625 0.226562 0.402344 0.214844 0.402344 0.179688 0.394531 0.171875 0.390625 0.171875 0.382812 0.164062
0 0.679688 0.945312 0.675781 0.949219 0.671875 0.949219 0.664062 0.957031 0.664062 0.960938 0.660156 0.964844 0.660156 0.984375 0.664062 0.988281 0.664062 0.992188 0.667969 0.996094 0.707031 0.996094 0.707031 0.992188 0.710938 0.988281 0.710938 0.960938 0.707031 0.957031 0.707031 0.949219 0.703125 0.945312
0 0.503906 0.835938 0.5 0.839844 0.5 0.84375 0.496094 0.847656 0.496094 0.859375 0.492188 0.863281 0.492188 0.890625 0.496094 0.894531 0.496094 0.898438 0.5 0.902344 0.535156 0.902344 0.539062 0.898438 0.542969 0.898438 0.546875 0.894531 0.550781 0.894531 0.558594 0.886719 0.558594 0.871094 0.550781 0.863281 0.550781 0.851562 0.546875 0.847656 0.546875 0.84375 0.539062 0.835938
0 0.738281 0.855469 0.734375 0.859375 0.726562 0.859375 0.722656 0.863281 0.71875 0.863281 0.710938 0.871094 0.710938 0.894531 0.714844 0.898438 0.714844 0.902344 0.730469 0.917969 0.734375 0.917969 0.742188 0.925781 0.804688 0.925781 0.808594 0.921875 0.8125 0.921875 0.816406 0.917969 0.816406 0.882812 0.8125 0.878906 0.8125 0.875 0.808594 0.871094 0.796875 0.871094 0.792969 0.867188 0.789062 0.867188 0.777344 0.855469
0 0.125 0.609375 0.105469 0.628906 0.101562 0.628906 0.0976562 0.632812 0.0976562 0.660156 0.105469 0.667969 0.105469 0.671875 0.109375 0.675781 0.117188 0.675781 0.121094 0.679688 0.136719 0.679688 0.15625 0.660156 0.160156 0.660156 0.167969 0.652344 0.167969 0.648438 0.175781 0.640625 0.175781 0.621094 0.171875 0.617188 0.171875 0.613281 0.167969 0.609375
0 0.722656 0.171875 0.71875 0.175781 0.714844 0.175781 0.710938 0.179688 0.707031 0.179688 0.691406 0.195312 0.691406 0.21875 0.695312 0.222656 0.695312 0.234375 0.703125 0.242188 0.710938 0.242188 0.71875 0.25 0.726562 0.25 0.730469 0.253906 0.742188 0.253906 0.746094 0.257812 0.75 0.257812 0.753906 0.253906 0.761719 0.253906 0.777344 0.238281 0.777344 0.234375 0.785156 0.226562 0.785156 0.203125 0.769531 0.1875 0.769531 0.183594 0.761719 0.175781 0.753906 0.175781 0.75 0.171875
0 0.617188 0.746094 0.613281 0.75 0.609375 0.75 0.605469 0.753906 0.597656 0.753906 0.59375 0.757812 0.589844 0.757812 0.582031 0.765625 0.582031 0.769531 0.578125 0.773438 0.578125 0.785156 0.582031 0.789062 0.582031 0.796875 0.585938 0.800781 0.585938 0.804688 0.597656 0.816406 0.601562 0.816406 0.605469 0.820312 0.617188 0.820312 0.621094 0.816406 0.628906 0.816406 0.652344 0.792969 0.652344 0.785156 0.65625 0.78125 0.65625 0.761719 0.652344 0.757812 0.652344 0.753906 0.648438 0.75 0.644531 0.75 0.640625 0.746094
0 0.03125 0.851562 0.0273438 0.855469 0.0234375 0.855469 0.0195312 0.859375 0.0195312 0.875 0.015625 0.878906 0.015625 0.886719 0.0117188 0.890625 0.0117188 0.898438 0.0195312 0.90625 0.0195312 0.914062 0.0234375 0.917969 0.0234375 0.921875 0.03125 0.929688 0.0625 0.929688 0.0898438 0.902344 0.0898438 0.898438 0.0859375 0.894531 0.0859375 0.890625 0.0703125 0.875 0.0703125 0.871094 0.0625 0.863281 0.0585938 0.863281 0.0546875 0.859375 0.046875 0.859375 0.0390625 0.851562
0 0.328125 0.476562 0.324219 0.480469 0.320312 0.480469 0.320312 0.492188 0.316406 0.496094 0.316406 0.519531 0.320312 0.523438 0.324219 0.523438 0.328125 0.527344 0.371094 0.527344 0.382812 0.515625 0.382812 0.496094 0.378906 0.492188 0.375 0.492188 0.367188 0.484375 0.363281 0.484375 0.355469 0.476562
