0 0.734375 0.753906 0.734375 0.757812 0.730469 0.761719 0.730469 0.765625 0.726562 0.769531 0.726562 0.8125 0.734375 0.820312 0.75 0.820312 0.761719 0.808594 0.761719 0.804688 0.765625 0.800781 0.765625 0.792969 0.769531 0.789062 0.769531 0.761719 0.765625 0.757812 0.765625 0.753906
0 0.382812 0.269531 0.378906 0.273438 0.375 0.273438 0.363281 0.285156 0.363281 0.304688 0.367188 0.304688 0.371094 0.308594 0.390625 0.308594 0.394531 0.304688 0.398438 0.304688 0.410156 0.292969 0.410156 0.269531
0 0.519531 0.628906 0.511719 0.636719 0.511719 0.640625 0.507812 0.644531 0.507812 0.679688 0.511719 0.683594 0.511719 0.691406 0.523438 0.703125 0.546875 0.703125 0.550781 0.699219 0.554688 0.699219 0.554688 0.695312 0.558594 0.691406 0.558594 0.660156 0.554688 0.65625 0.554688 0.640625 0.542969 0.628906
0 0.136719 0.101562 0.136719 0.113281 0.128906 0.121094 0.121094 0.121094 0.121094 0.136719 0.125 0.140625 0.128906 0.140625 0.132812 0.144531 0.15625 0.144531 0.160156 0.140625 0.164062 0.140625 0.164062 0.132812 0.167969 0.128906 0.167969 0.113281 0.160156 0.105469 0.15625 0.105469 0.152344 0.101562
0 0.785156 0.160156 0.785156 0.164062 0.78125 0.167969 0.78125 0.191406 0.785156 0.195312 0.785156 0.199219 0.804688 0.21875 0.808594 0.21875 0.8125 0.222656 0.820312 0.222656 0.824219 0.226562 0.828125 0.222656 0.832031 0.226562 0.835938 0.222656 0.839844 0.222656 0.84375 0.21875 0.847656 0.21875 0.847656 0.214844 0.851562 0.210938 0.851562 0.195312 0.847656 0.191406 0.847656 0.1875 0.828125 0.167969 0.824219 0.167969 0.820312 0.164062 0.8125 0.164062 0.808594 0.160156
0 0.253906 0.53125 0.25 0.535156 0.246094 0.535156 0.246094 0.539062 0.242188 0.542969 0.242188 0.570312 0.257812 0.585938 0.261719 0.585938 0.265625 0.589844 0.265625 0.59375 0.289062 0.59375 0.292969 0.589844 0.292969 0.546875 0.277344 0.53125
0 0.171875 0.152344 0.167969 0.15625 0.167969 0.164062 0.171875 0.167969 0.171875 0.179688 0.167969 0.183594 0.167969 0.203125 0.175781 0.210938 0.175781 0.214844 0.191406 0.214844 0.203125 0.203125 0.207031 0.203125 0.214844 0.195312 0.214844 0.175781 0.207031 0.167969 0.203125 0.167969 0.199219 0.164062 0.195312 0.164062 0.1875 0.15625 0.1875 0.152344
0 0.183594 0.105469 0.179688 0.109375 0.179688 0.113281 0.175781 0.117188 0.175781 0.136719 0.179688 0.140625 0.203125 0.140625 0.207031 0.136719 0.210938 0.136719 0.210938 0.132812 0.214844 0.128906 0.214844 0.121094 0.203125 0.109375 0.199219 0.109375 0.195312 0.105469
0 0.773438 0 0.773438 0.0273438 0.78125 0.0351562 0.816406 0.0351562 0.824219 0.0273438 0.824219 0.0117188 0.8125 0
0 0.785156 0.503906 0.785156 0.507812 0.78125 0.511719 0.78125 0.558594 0.792969 0.570312 0.820312 0.570312 0.820312 0.566406 0.832031 0.554688 0.832031 0.546875 0.835938 0.542969 0.835938 0.535156 0.832031 0.53125 0.832031 0.523438 0.820312 0.511719 0.816406 0.511719 0.8125 0.507812 0.808594 0.507812 0.804688 0.503906
0 0.582031 0.515625 0.582031 0.519531 0.578125 0.523438 0.578125 0.546875 0.582031 0.546875 0.589844 0.554688 0.613281 0.554688 0.617188 0.558594 0.628906 0.558594 0.636719 0.550781 0.636719 0.53125 0.632812 0.53125 0.621094 0.519531 0.617188 0.519531 0.613281 0.515625
