0 0.164062 0.601562 0.164062 0.605469 0.160156 0.609375 0.164062 0.613281 0.164062 0.621094 0.160156 0.625 0.160156 0.632812 0.164062 0.636719 0.175781 0.636719 0.179688 0.632812 0.179688 0.628906 0.1875 0.621094 0.1875 0.609375 0.179688 0.601562
0 0.4375 0.207031 0.441406 0.210938 0.441406 0.214844 0.449219 0.222656 0.449219 0.226562 0.464844 0.226562 0.464844 0.214844 0.457031 0.207031
0 0.703125 0.359375 0.699219 0.363281 0.695312 0.363281 0.691406 0.367188 0.691406 0.382812 0.695312 0.382812 0.699219 0.386719 0.707031 0.386719 0.710938 0.382812 0.714844 0.382812 0.71875 0.378906 0.71875 0.367188 0.710938 0.359375
0 0.222656 0.695312 0.214844 0.703125 0.214844 0.726562 0.21875 0.730469 0.21875 0.734375 0.222656 0.730469 0.226562 0.734375 0.242188 0.734375 0.246094 0.730469 0.253906 0.730469 0.253906 0.707031 0.242188 0.695312
0 0.410156 0.402344 0.402344 0.410156 0.402344 0.421875 0.40625 0.425781 0.421875 0.425781 0.425781 0.421875 0.425781 0.414062 0.421875 0.410156 0.421875 0.40625 0.417969 0.402344
0 0.378906 0.425781 0.375 0.429688 0.375 0.4375 0.378906 0.441406 0.378906 0.445312 0.382812 0.449219 0.390625 0.449219 0.394531 0.445312 0.394531 0.433594 0.386719 0.425781
0 0.769531 0.140625 0.765625 0.144531 0.761719 0.144531 0.757812 0.148438 0.757812 0.167969 0.761719 0.171875 0.765625 0.171875 0.769531 0.175781 0.777344 0.175781 0.78125 0.171875 0.78125 0.167969 0.785156 0.164062 0.785156 0.15625 0.78125 0.152344 0.78125 0.148438 0.773438 0.140625
0 0.175781 0.390625 0.171875 0.394531 0.171875 0.421875 0.179688 0.429688 0.1875 0.429688 0.191406 0.425781 0.191406 0.414062 0.1875 0.410156 0.1875 0.40625 0.191406 0.402344 0.191406 0.394531 0.1875 0.390625
0 0.429688 0.222656 0.425781 0.226562 0.421875 0.226562 0.421875 0.25 0.425781 0.25 0.429688 0.246094 0.441406 0.246094 0.441406 0.242188 0.445312 0.238281 0.4375 0.230469 0.4375 0.226562 0.433594 0.222656
0 0.425781 0.425781 0.421875 0.429688 0.402344 0.429688 0.398438 0.433594 0.398438 0.445312 0.394531 0.449219 0.394531 0.453125 0.398438 0.457031 0.421875 0.457031 0.425781 0.453125 0.425781 0.441406 0.429688 0.4375 0.429688 0.429688
0 0.554688 0.972656 0.546875 0.980469 0.546875 0.996094 0.582031 0.996094 0.582031 0.980469 0.574219 0.972656
0 0.304688 0.558594 0.304688 0.5625 0.308594 0.566406 0.308594 0.589844 0.332031 0.589844 0.335938 0.585938 0.335938 0.566406 0.328125 0.558594
0 0.726562 0.117188 0.722656 0.121094 0.722656 0.128906 0.726562 0.132812 0.726562 0.144531 0.742188 0.144531 0.742188 0.125 0.734375 0.117188
0 0.636719 0.316406 0.632812 0.320312 0.632812 0.339844 0.628906 0.34375 0.628906 0.351562 0.636719 0.359375 0.65625 0.359375 0.660156 0.355469 0.660156 0.324219 0.652344 0.316406
0 0.203125 0.410156 0.199219 0.414062 0.199219 0.433594 0.207031 0.441406 0.214844 0.441406 0.21875 0.4375 0.21875 0.414062 0.214844 0.410156
0 0.378906 0.398438 0.375 0.402344 0.375 0.421875 0.386719 0.421875 0.390625 0.425781 0.394531 0.425781 0.398438 0.421875 0.398438 0.410156 0.402344 0.40625 0.402344 0.402344 0.398438 0.398438
0 0.628906 0.875 0.625 0.878906 0.625 0.898438 0.632812 0.90625 0.652344 0.90625 0.65625 0.902344 0.65625 0.894531 0.648438 0.886719 0.648438 0.878906 0.644531 0.875
0 0.625 0.398438 0.617188 0.40625 0.617188 0.417969 0.625 0.425781 0.625 0.433594 0.636719 0.445312 0.65625 0.445312 0.660156 0.441406 0.660156 0.410156 0.652344 0.402344 0.648438 0.402344 0.644531 0.398438
0 0.691406 0.835938 0.6875 0.839844 0.6875 0.847656 0.683594 0.851562 0.683594 0.859375 0.691406 0.867188 0.691406 0.871094 0.703125 0.882812 0.722656 0.882812 0.730469 0.875 0.730469 0.855469 0.726562 0.851562 0.722656 0.851562 0.707031 0.835938
0 0.289062 0.5625 0.285156 0.566406 0.285156 0.574219 0.289062 0.578125 0.289062 0.585938 0.292969 0.589844 0.300781 0.589844 0.304688 0.585938 0.304688 0.566406 0.300781 0.5625
0 0.675781 0.882812 0.671875 0.886719 0.671875 0.894531 0.675781 0.898438 0.683594 0.898438 0.6875 0.902344 0.675781 0.914062 0.667969 0.914062 0.664062 0.917969 0.664062 0.925781 0.667969 0.929688 0.691406 0.929688 0.695312 0.925781 0.695312 0.921875 0.703125 0.914062 0.703125 0.890625 0.695312 0.882812
0 0.316406 0.707031 0.3125 0.710938 0.308594 0.710938 0.308594 0.722656 0.304688 0.726562 0.304688 0.746094 0.308594 0.746094 0.3125 0.75 0.332031 0.75 0.335938 0.746094 0.335938 0.738281 0.339844 0.734375 0.339844 0.71875 0.335938 0.714844 0.335938 0.710938 0.324219 0.710938 0.320312 0.707031
0 0.527344 0.300781 0.519531 0.308594 0.515625 0.308594 0.511719 0.3125 0.511719 0.320312 0.519531 0.328125 0.539062 0.328125 0.542969 0.324219 0.546875 0.324219 0.550781 0.320312 0.550781 0.304688 0.546875 0.300781
0 0.148438 0.589844 0.140625 0.597656 0.140625 0.601562 0.136719 0.605469 0.136719 0.621094 0.140625 0.625 0.15625 0.625 0.160156 0.621094 0.160156 0.613281 0.15625 0.609375 0.160156 0.605469 0.160156 0.59375 0.15625 0.589844
0 0.386719 0.667969 0.378906 0.675781 0.378906 0.679688 0.375 0.683594 0.375 0.691406 0.371094 0.695312 0.371094 0.71875 0.375 0.722656 0.378906 0.722656 0.382812 0.726562 0.390625 0.726562 0.394531 0.722656 0.398438 0.722656 0.410156 0.710938 0.410156 0.679688 0.40625 0.675781 0.40625 0.671875 0.402344 0.671875 0.398438 0.667969
0 0.519531 0.28125 0.511719 0.289062 0.507812 0.289062 0.503906 0.292969 0.503906 0.300781 0.507812 0.304688 0.519531 0.304688 0.53125 0.292969 0.53125 0.285156 0.527344 0.28125
0 0.660156 0.605469 0.652344 0.613281 0.652344 0.621094 0.65625 0.625 0.65625 0.632812 0.667969 0.644531 0.683594 0.644531 0.6875 0.640625 0.691406 0.640625 0.691406 0.625 0.671875 0.605469
0 0.414062 0.570312 0.410156 0.574219 0.410156 0.585938 0.414062 0.589844 0.429688 0.589844 0.433594 0.585938 0.4375 0.585938 0.441406 0.582031 0.441406 0.574219 0.4375 0.570312
0 0.535156 0.433594 0.53125 0.4375 0.53125 0.449219 0.539062 0.457031 0.542969 0.457031 0.546875 0.460938 0.554688 0.460938 0.558594 0.457031 0.558594 0.453125 0.554688 0.449219 0.554688 0.445312 0.542969 0.433594
0 0.433594 0.589844 0.429688 0.59375 0.410156 0.59375 0.40625 0.597656 0.40625 0.605469 0.410156 0.609375 0.433594 0.609375 0.441406 0.601562 0.441406 0.59375 0.4375 0.589844
0 0.558594 0.421875 0.554688 0.425781 0.554688 0.433594 0.558594 0.4375 0.558594 0.449219 0.5625 0.453125 0.574219 0.453125 0.578125 0.449219 0.578125 0.441406 0.574219 0.4375 0.574219 0.425781 0.570312 0.421875
0 0.699219 0.199219 0.695312 0.203125 0.691406 0.203125 0.683594 0.210938 0.679688 0.210938 0.679688 0.222656 0.683594 0.226562 0.683594 0.234375 0.691406 0.242188 0.691406 0.246094 0.707031 0.246094 0.707031 0.242188 0.710938 0.238281 0.710938 0.234375 0.71875 0.226562 0.71875 0.210938 0.714844 0.207031 0.710938 0.207031 0.707031 0.203125 0.703125 0.203125
