0 0.441406 0.519531 0.4375 0.523438 0.433594 0.523438 0.429688 0.527344 0.429688 0.542969 0.433594 0.546875 0.449219 0.546875 0.460938 0.535156 0.460938 0.527344 0.453125 0.519531
0 0.0898438 0.953125 0.0859375 0.957031 0.0859375 0.96875 0.0976562 0.980469 0.113281 0.980469 0.121094 0.972656 0.121094 0.964844 0.113281 0.957031 0.109375 0.957031 0.105469 0.953125
0 0 0.730469 0 0.796875 0.00390625 0.796875 0.0234375 0.777344 0.0234375 0.765625 0.0273438 0.761719 0.0273438 0.742188 0.0234375 0.738281 0.0234375 0.734375 0.0195312 0.730469
0 0.359375 0.09375 0.355469 0.0976562 0.355469 0.101562 0.351562 0.105469 0.351562 0.113281 0.355469 0.117188 0.355469 0.121094 0.363281 0.121094 0.367188 0.125 0.382812 0.125 0.386719 0.121094 0.386719 0.117188 0.390625 0.113281 0.390625 0.105469 0.386719 0.101562 0.386719 0.0976562 0.378906 0.0976562 0.375 0.09375
0 0.425781 0.0585938 0.414062 0.0703125 0.414062 0.0742188 0.410156 0.078125 0.410156 0.101562 0.414062 0.105469 0.421875 0.105469 0.425781 0.101562 0.429688 0.101562 0.441406 0.0898438 0.441406 0.0703125 0.4375 0.0664062 0.4375 0.0625 0.433594 0.0585938
0 0.558594 0 0.558594 0.0078125 0.566406 0.015625 0.582031 0.015625 0.585938 0.0117188 0.585938 0.0078125 0.589844 0.00390625 0.589844 0
0 0.394531 0.160156 0.390625 0.164062 0.386719 0.164062 0.371094 0.179688 0.371094 0.1875 0.375 0.191406 0.386719 0.191406 0.390625 0.1875 0.398438 0.1875 0.414062 0.171875 0.414062 0.164062 0.410156 0.160156
0 0.742188 0.898438 0.734375 0.90625 0.734375 0.910156 0.730469 0.914062 0.730469 0.917969 0.734375 0.921875 0.734375 0.925781 0.742188 0.933594 0.746094 0.933594 0.761719 0.917969 0.761719 0.902344 0.757812 0.898438
0 0.585938 0.296875 0.574219 0.308594 0.574219 0.3125 0.570312 0.316406 0.570312 0.320312 0.578125 0.328125 0.578125 0.332031 0.585938 0.339844 0.589844 0.339844 0.59375 0.335938 0.601562 0.335938 0.609375 0.328125 0.609375 0.3125 0.605469 0.308594 0.605469 0.304688 0.597656 0.296875
0 0.320312 0.125 0.3125 0.132812 0.3125 0.148438 0.324219 0.160156 0.339844 0.160156 0.34375 0.15625 0.347656 0.15625 0.355469 0.148438 0.355469 0.132812 0.351562 0.128906 0.339844 0.128906 0.335938 0.125
0 0.453125 0.480469 0.441406 0.492188 0.4375 0.492188 0.429688 0.5 0.429688 0.511719 0.433594 0.515625 0.453125 0.515625 0.46875 0.5 0.46875 0.484375 0.464844 0.480469
0 0.335938 0.214844 0.324219 0.226562 0.324219 0.230469 0.320312 0.234375 0.320312 0.238281 0.324219 0.242188 0.324219 0.246094 0.332031 0.253906 0.335938 0.253906 0.339844 0.257812 0.34375 0.257812 0.351562 0.25 0.351562 0.246094 0.355469 0.242188 0.355469 0.222656 0.351562 0.21875 0.347656 0.21875 0.34375 0.214844
0 0.09375 0.628906 0.0898438 0.632812 0.0898438 0.636719 0.0859375 0.640625 0.0859375 0.652344 0.09375 0.660156 0.101562 0.660156 0.109375 0.652344 0.109375 0.632812 0.105469 0.628906
0 0.292969 0.5625 0.28125 0.574219 0.28125 0.605469 0.292969 0.617188 0.300781 0.617188 0.308594 0.609375 0.308594 0.582031 0.304688 0.578125 0.304688 0.570312 0.296875 0.5625
0 0.125 0.351562 0.121094 0.355469 0.117188 0.355469 0.113281 0.359375 0.113281 0.371094 0.121094 0.378906 0.140625 0.378906 0.144531 0.375 0.148438 0.375 0.152344 0.371094 0.152344 0.367188 0.15625 0.363281 0.15625 0.359375 0.148438 0.351562
0 0.632812 0.679688 0.625 0.6875 0.601562 0.6875 0.597656 0.691406 0.597656 0.699219 0.609375 0.710938 0.628906 0.710938 0.648438 0.691406 0.648438 0.683594 0.644531 0.679688
0 0.269531 0.722656 0.261719 0.730469 0.261719 0.742188 0.273438 0.753906 0.277344 0.753906 0.285156 0.746094 0.289062 0.746094 0.292969 0.742188 0.292969 0.734375 0.28125 0.722656
0 0.902344 0.527344 0.898438 0.53125 0.898438 0.550781 0.902344 0.554688 0.902344 0.558594 0.910156 0.566406 0.917969 0.566406 0.921875 0.5625 0.921875 0.539062 0.910156 0.527344
0 0.34375 0.480469 0.339844 0.484375 0.335938 0.484375 0.328125 0.492188 0.328125 0.5 0.335938 0.507812 0.359375 0.507812 0.363281 0.503906 0.367188 0.503906 0.371094 0.5 0.371094 0.484375 0.367188 0.480469
0 0.5 0.03125 0.496094 0.0351562 0.492188 0.0351562 0.488281 0.0390625 0.488281 0.046875 0.484375 0.0507812 0.484375 0.0546875 0.488281 0.0585938 0.488281 0.0664062 0.492188 0.0703125 0.503906 0.0703125 0.515625 0.0585938 0.515625 0.0429688 0.503906 0.03125
0 0.511719 0.804688 0.507812 0.808594 0.503906 0.808594 0.5 0.8125 0.5 0.820312 0.507812 0.828125 0.53125 0.828125 0.535156 0.824219 0.539062 0.824219 0.542969 0.820312 0.542969 0.808594 0.539062 0.804688
0 0.0625 0.734375 0.0585938 0.738281 0.0546875 0.738281 0.0507812 0.742188 0.0507812 0.746094 0.046875 0.75 0.046875 0.753906 0.0429688 0.757812 0.0429688 0.765625 0.0507812 0.773438 0.0625 0.773438 0.0742188 0.761719 0.0742188 0.753906 0.078125 0.75 0.078125 0.746094 0.0742188 0.742188 0.0742188 0.738281 0.0703125 0.734375
0 0.617188 0.644531 0.617188 0.648438 0.613281 0.652344 0.609375 0.652344 0.605469 0.65625 0.605469 0.660156 0.601562 0.664062 0.601562 0.667969 0.605469 0.671875 0.605469 0.675781 0.628906 0.675781 0.628906 0.660156 0.632812 0.65625 0.632812 0.652344 0.628906 0.652344 0.621094 0.644531
0 0.261719 0.855469 0.257812 0.859375 0.253906 0.859375 0.25 0.863281 0.25 0.871094 0.246094 0.875 0.246094 0.890625 0.25 0.894531 0.253906 0.894531 0.261719 0.902344 0.277344 0.902344 0.28125 0.898438 0.28125 0.871094 0.277344 0.867188 0.277344 0.863281 0.269531 0.855469
0 0.683594 0.824219 0.675781 0.832031 0.675781 0.835938 0.671875 0.839844 0.671875 0.84375 0.679688 0.851562 0.699219 0.851562 0.707031 0.84375 0.707031 0.832031 0.703125 0.828125 0.699219 0.828125 0.695312 0.824219
0 0.1875 0.121094 0.179688 0.128906 0.179688 0.132812 0.175781 0.136719 0.175781 0.152344 0.179688 0.15625 0.191406 0.15625 0.199219 0.148438 0.199219 0.140625 0.195312 0.136719 0.195312 0.125 0.191406 0.121094
0 0.777344 0.800781 0.773438 0.804688 0.761719 0.804688 0.753906 0.8125 0.753906 0.84375 0.765625 0.855469 0.769531 0.855469 0.773438 0.859375 0.785156 0.859375 0.792969 0.851562 0.792969 0.847656 0.796875 0.84375 0.796875 0.835938 0.800781 0.832031 0.800781 0.824219 0.792969 0.816406 0.792969 0.8125 0.789062 0.808594 0.789062 0.804688 0.785156 0.800781
0 0.992188 0.105469 0.984375 0.113281 0.984375 0.121094 0.992188 0.128906 0.996094 0.128906 0.996094 0.105469
0 0.800781 0.738281 0.792969 0.746094 0.792969 0.769531 0.796875 0.773438 0.800781 0.773438 0.804688 0.777344 0.8125 0.777344 0.820312 0.769531 0.820312 0.746094 0.816406 0.742188 0.8125 0.742188 0.808594 0.738281
0 0.378906 0 0.378906 0.00390625 0.382812 0.0078125 0.386719 0.0078125 0.390625 0.0117188 0.40625 0.0117188 0.417969 0
0 0.527344 0.167969 0.523438 0.171875 0.519531 0.171875 0.507812 0.183594 0.507812 0.1875 0.503906 0.191406 0.503906 0.203125 0.507812 0.207031 0.515625 0.207031 0.519531 0.203125 0.527344 0.203125 0.542969 0.1875 0.542969 0.175781 0.535156 0.167969
0 0.707031 0.613281 0.703125 0.617188 0.699219 0.617188 0.6875 0.628906 0.6875 0.640625 0.691406 0.644531 0.710938 0.644531 0.714844 0.640625 0.71875 0.640625 0.726562 0.632812 0.726562 0.621094 0.71875 0.613281
0 0.261719 0.40625 0.253906 0.414062 0.253906 0.421875 0.246094 0.429688 0.226562 0.429688 0.222656 0.433594 0.222656 0.464844 0.230469 0.472656 0.246094 0.472656 0.253906 0.464844 0.253906 0.453125 0.261719 0.445312 0.28125 0.445312 0.285156 0.441406 0.285156 0.421875 0.28125 0.417969 0.28125 0.414062 0.277344 0.410156 0.273438 0.410156 0.269531 0.40625
0 0.644531 0.613281 0.625 0.632812 0.625 0.644531 0.628906 0.648438 0.636719 0.648438 0.644531 0.640625 0.648438 0.640625 0.652344 0.636719 0.652344 0.632812 0.65625 0.628906 0.65625 0.617188 0.652344 0.613281
0 0.210938 0.925781 0.207031 0.929688 0.207031 0.941406 0.210938 0.945312 0.214844 0.945312 0.21875 0.949219 0.222656 0.949219 0.226562 0.953125 0.234375 0.953125 0.238281 0.957031 0.261719 0.957031 0.265625 0.953125 0.265625 0.945312 0.261719 0.941406 0.261719 0.9375 0.257812 0.933594 0.253906 0.933594 0.25 0.929688 0.246094 0.929688 0.242188 0.925781
0 0.382812 0.304688 0.378906 0.308594 0.375 0.308594 0.367188 0.316406 0.367188 0.335938 0.378906 0.347656 0.390625 0.347656 0.402344 0.335938 0.402344 0.332031 0.40625 0.328125 0.40625 0.3125 0.402344 0.308594 0.398438 0.308594 0.394531 0.304688
0 0.0859375 0.46875 0.0820312 0.472656 0.0820312 0.476562 0.078125 0.480469 0.078125 0.5 0.0820312 0.503906 0.101562 0.503906 0.109375 0.496094 0.109375 0.476562 0.101562 0.46875
0 0.0742188 0.84375 0.0742188 0.847656 0.0664062 0.855469 0.0664062 0.871094 0.0742188 0.878906 0.0742188 0.882812 0.0820312 0.882812 0.0820312 0.878906 0.09375 0.867188 0.09375 0.851562 0.0898438 0.847656 0.0898438 0.84375
